203 0.988052
203 1.00642
200 2.73062
204 1.00217
150 -0.582657
203 1.00636
257 -7.9194
207 0.986359
200 2.72969
251 28.9015
166 1.04301
243 18.3677
188 1.33359
175 0.802017
215 9.49471
175 0.8022
167 0.964371
183 1.04774
175 0.891724
284 15.028
263 34.5939
175 0.706482
193 1.46349
209 2.67371
193 1.42448
209 2.64421
188 2.82281
205 2.40459
255 -2.28676
155 1.03754
248 6.52115
200 2.73967
169 0.996902
175 0.707092
205 2.39915
175 0.891251
188 2.82253
189 1.2435
247 12.3703
209 2.65994
183 0.976456
183 0.976944
174 0.736526
150 -0.601059
207 3.27655
246 26.4053
207 3.27658
148 -0.688583
246 26.3991
149 -0.671249
327 22.2009
209 2.68903
215 9.56255
176 0.558716
150 -0.58403
175 0.705673
187 1.32211
143 0.832001
166 1.04094
127 -1.05422
114 0.708733
209 2.64743
171 0.998413
143 -0.544647
174 0.736542
173 0.825562
183 0.976837
147 1.13655
183 0.976547
174 0.736984
141 -0.611786
155 0.91951
167 0.965271
166 1.01001
133 0.83226
175 0.891571
183 0.976959
143 0.83139
82 -2.6391
175 0.891418
189 1.24969
198 0.980988
195 1.45045
124 -1.08644
205 2.40416
183 0.977097
265 25.6068
173 0.824631
142 -0.646347
175 0.705551
172 0.902191
180 1.01381
75 -2.22652
175 0.801971
181 0.801926
182 1.40691
130 0.6931
127 -1.05458
175 0.705566
147 1.13652
98 -0.537682
101 -1.92424
127 -1.06817
52 -3.63982
269 10.8437
173 0.824005
127 -1.05418
150 -0.584076
200 8.72711
172 0.908432
200 2.72401
75 -2.25982
204 71.2169
46 -3.61737
143 0.842834
247 12.38
114 0.709267
92 -1.14659
168 1.04048
149 -0.671005
157 0.905594
157 1.5899
183 0.976944
130 0.660446
170 0.965424
168 0.75322
127 -1.06831
263 34.593
127 -1.07714
174 0.912079
175 0.834412
114 0.709236
103 -1.99658
98 -0.539162
234 23.119
209 2.68614
143 0.83403
175 0.89064
327 22.1975
114 0.712425
68 -3.01562
83 -2.55842
124 -1.08465
161 0.826477
82 -2.63182
83 -2.55833
101 -1.92714
176 0.558716
75 -2.2262
189 1.08992
173 0.82431
189 1.45343
173 0.82428
143 0.831268
201 1.70889
133 0.834579
150 -0.582565
190 1.30644
160 0.664993
167 0.962723
143 0.831299
75 -1.24741
158 0.929245
165 0.987045
102 -1.92384
214 2.86812
114 0.710365
71 -2.84604
264 13.3926
148 -0.699112
143 0.832504
187 1.27921
170 0.966324
121 0.583954
38 -4.21446
86 -2.47379
174 0.736481
163 1.35451
155 0.980911
83 -2.55837
188 1.48926
204 71.2174
122 0.616211
168 0.754318
71 -2.97183
190 1.65753
200 41.4391
187 1.27914
167 0.968704
161 1.00273
176 0.558609
128 0.693466
196 1.43404
87 -1.53996
173 0.826233
75 -2.29865
146 1.01028
176 0.558594
129 0.676132
166 1.04124
168 0.783737
124 -1.08642
182 0.827637
183 0.976898
159 0.853333
112 -1.64548
98 -0.539474
246 26.4053
174 0.809784
61 -1.1602
170 0.966431
180 0.902679
200 2.76431
219 4.54758
355 21.5664
181 0.794113
98 -0.547897
158 -0.279831
264 13.3909
292 13.3937
187 1.27917
295 15.5267
98 -0.538887
86 -2.97167
76 0.157822
355 21.5602
114 0.712608
174 0.644958
207 3.27599
160 0.666565
187 1.27902
308 17.3691
147 1.13647
164 0.789337
175 0.645523
199 1.54092
180 1.43947
152 -0.0780334
167 0.964355
147 1.13838
151 0.953552
38 -5.593
197 0.98967
79 -2.72338
93 -2.26825
114 0.713799
153 -0.0936279
174 0.765091
160 0.665421
183 0.976944
63 -3.27082
98 -0.547844
206 4.84221
107 -1.86191
143 0.835159
214 5.98726
197 1.59564
359 20.1258
137 0.828857
119 0.482864
77 -1.12314
359 20.1817
83 -0.656769
155 -0.0613403
114 -1.51715
221 3.10547
188 2.82304
143 0.842957
83 -2.55837
200 8.22935
114 0.676224
175 0.640747
92 -1.14664
158 0.694275
265 25.6053
172 -1.9458
72 -2.70513
75 -2.68536
59 -3.39547
156 0.980057
96 -2.38623
169 0.427658
199 2.97673
328 23.5312
65 -0.100815
101 -1.9242
175 0.645279
247 12.3792
189 1.24348
174 0.80896
204 4.5184
148 -0.330399
206 4.84233
114 -1.4511
126 0.609444
173 0.833771
133 0.835251
190 1.50717
284 15.83
202 1.60225
75 -1.24767
83 -2.5584
157 1.59134
83 -2.55835
156 0.935303
187 2.95694
127 -1.05466
75 -2.72128
73 0.10067
150 0.952026
79 -2.66563
367 39.9046
75 -2.2259
256 32.1035
90 -0.509293
305 15.4015
168 2.11618
182 0.821625
167 0.965393
30 -4.55092
183 0.976669
204 0.988663
83 -2.55836
183 0.976135
175 0.639374
39 -5.52522
348 22.0805
147 1.13681
152 -0.380508
110 -1.72494
10 -5.23024
230 4.44315
168 0.753983
102 -1.92337
163 1.35481
204 4.52113
127 -1.06874
156 0.865906
170 0.966446
92 0.303871
148 1.17767
328 23.5303
209 2.6396
119 0.482864
234 7.48334
75 -2.22585
169 1.31516
180 0.709671
177 1.37503
88 -1.3054
75 -2.22902
184 3.35764
161 0.122253
251 28.9009
175 0.829758
193 1.52014
104 -1.78506
138 -0.753998
113 0.18029
175 0.801559
44 -4.07161
367 39.9043
76 0.159454
174 0.168533
32 -5.41359
148 -0.327454
170 1.09158
208 3.33258
260 9.78516
161 0.927002
110 -0.241493
151 0.972473
103 -1.99606
22 -4.40813
71 -2.97177
336 9.40228
128 0.693542
29 -4.5281
188 1.18855
29 -4.52821
75 -2.26523
83 -2.55843
52 -3.64326
351 21.204
63 -1.04124
173 0.826721
264 13.3928
158 0.972076
75 -2.22601
163 0.944824
113 0.514763
160 0.666565
230 4.44615
150 0.951935
182 1.1409
160 0.666718
212 5.46756
168 0.945816
127 -1.06782
168 0.753464
143 -0.465363
206 0.996002
218 1.08897
185 3.76825
187 2.95708
176 0.558594
164 0.801331
83 -2.55835
68 -3.0238
68 -3.87687
172 -1.95145
43 -3.20506
124 -1.08447
40 -3.50067
102 -1.92361
74 -1.83288
113 0.522614
336 9.41934
168 0.945862
86 -2.97028
129 0.673233
32 -5.41369
200 2.72623
295 15.5255
151 0.953537
246 26.4056
64 -2.48389
143 0.831146
59 -3.39588
179 1.01274
91 -0.370995
128 0.598022
127 0.613319
119 0.48288
75 -2.22977
168 2.11621
143 0.843002
63 -2.37123
59 -3.39586
143 0.831619
80 -1.68063
129 0.673157
369 17.6134
98 -0.547691
183 0.976166
305 17.7737
11 -5.2231
74 -1.83256
167 0.964615
177 8.53966
305 0.782654
82 0.19001
43 -3.19102
180 0.728073
141 0.825165
81 -2.6916
189 1.24367
168 0.783752
260 9.02155
59 -3.39559
118 0.511551
68 -3.02573
38 -5.592
167 0.934067
157 1.59169
167 0.177124
71 -1.3502
117 0.709641
365 56.0656
247 12.3782
165 0.780624
89 -2.33597
152 -0.180008
247 9.66545
38 -5.59269
94 -1.10356
67 -1.88291
121 0.564354
90 -1.36392
214 5.93112
16 -4.97054
65 -0.0993118
195 2.01323
168 0.945892
68 -1.67493
172 0.903824
247 12.3802
168 0.290009
183 0.977036
174 0.736542
200 2.76277
32 -4.15347
167 0.934219
32 -4.1535
64 -0.820374
13 -3.82388
227 7.6454
75 -2.22535
183 0.976852
22 -4.40718
262 2.83618
14 -5.08252
204 4.51628
188 2.82262
76 -5.44118
126 0.612999
150 0.952667
161 0.121597
214 2.8902
143 0.843384
159 0.826675
359 20.1224
220 1.05757
200 2.73073
92 0.43116
183 0.976837
324 21.0252
167 0.96521
124 0.256607
76 0.157997
175 0.64064
184 1.02214
126 0.612389
126 0.60965
306 2.69702
116 0.256584
163 0.914505
87 -1.37959
204 1.28285
38 -4.21494
247 12.3808
107 -1.8621
177 1.37344
167 -0.102264
129 0.6875
79 -0.708694
241 5.83597
98 -0.547592
167 0.934662
333 34.3644
267 10.1464
174 0.91214
75 -2.23553
84 -0.645737
247 9.66574
187 1.28102
163 1.35426
215 5.76875
148 -0.326736
98 -0.537933
92 -1.14686
166 0.814102
47 -3.65133
364 18.7898
100 -1.99715
90 -1.24716
75 -2.72288
118 0.641693
210 12.3754
63 -1.06417
50 -4.34678
30 -4.55163
359 20.1235
76 0.158211
50 -3.66586
117 0.708672
32 -4.15359
218 9.8511
84 -0.646164
147 1.14073
86 -1.92651
102 -1.96441
168 1.04042
113 0.515472
63 -0.037899
92 -1.32581
71 -1.40892
262 11.6654
369 17.6036
143 0.831238
13 -3.82392
118 0.510239
72 -2.63475
40 -3.50023
77 -2.68974
119 0.482834
76 0.159348
74 -1.8301
74 0.0998688
163 1.33353
292 10.0499
96 -1.38457
183 0.976929
225 7.23227
186 1.41257
324 21.0243
158 -0.279922
66 0.0438614
56 -0.0921555
96 -1.3701
67 -4.95586
147 1.13684
42 -4.23186
128 0.693542
118 0.511444
168 0.531204
149 -0.671173
206 4.84225
168 0.945877
38 -4.21507
123 -1.19112
168 1.04054
159 0.565826
217 6.64822
49 -3.08936
71 -2.97153
305 17.7684
58 -2.19624
8 -5.28676
324 21.0248
117 0.711426
68 -3.02512
116 0.25666
38 -5.59242
98 -0.54734
75 -2.23978
173 0.195175
75 -2.22607
207 1.42065
157 1.58975
295 15.5272
175 0.801926
116 0.478218
118 0.511879
148 -0.330551
174 0.809769
175 0.802078
147 1.13759
359 20.1223
225 7.23401
74 -1.38733
86 -1.91092
211 1.2373
40 -3.50058
161 0.826904
262 2.82858
75 -2.24529
114 -1.49228
113 0.514587
77 -1.12402
59 -2.18245
118 0.511627
88 -0.771362
127 0.568253
38 -4.21487
13 -6.4282
211 1.14746
13 -3.82393
52 -3.64094
167 0.934586
214 2.86945
160 0.66655
116 0.47171
119 0.482933
75 -2.2252
92 -1.22264
178 0.903717
61 -2.11591
86 -2.97157
183 0.976685
155 1.03764
113 0.523071
121 -1.10464
168 2.11238
40 -3.50036
76 -5.43263
74 0.120369
32 -5.41266
32 -4.15347
69 0.0852356
212 5.79837
156 0.981277
68 -3.87666
50 -4.33898
118 -1.20763
160 0.665283
263 34.5932
150 -0.180618
264 30.5246
150 0.953415
200 2.73067
76 0.157616
113 0.514107
102 -1.9239
182 0.797546
168 1.04056
265 25.6055
305 17.5765
141 0.533157
173 0.832123
355 18.2042
65 -1.40947
231 4.49174
190 1.66121
164 1.87038
345 16.7723
109 -0.319588
93 -0.371826
247 9.65465
143 0.843185
288 13.7753
215 5.62326
158 0.195206
168 0.945892
13 -3.82383
126 0.614998
150 0.947113
246 26.4044
128 0.693848
148 -0.696152
215 9.56219
204 1.45975
113 0.51535
200 2.73042
143 0.843582
292 13.3949
274 10.2075
161 -0.330093
114 0.711952
278 42.818
92 -1.14642
113 0.514145
127 0.579926
18 -4.86852
86 -1.36442
71 -2.97155
184 0.731064
155 0.973755
126 0.644753
193 1.52151
174 -3.81155
194 7.72932
183 0.929077
137 -0.629242
172 -1.95255
16 -3.70687
75 -2.22579
234 7.48224
14 -6.44898
49 -3.08582
68 -1.46591
65 -0.101318
113 -0.0393448
167 -0.0390015
124 0.257805
75 -2.22703
246 26.3991
32 -5.41261
22 -4.40864
88 0.290947
211 5.55185
13 -6.42861
102 -1.9234
217 6.69724
68 -3.01996
192 1.80232
90 -2.30002
126 0.612061
177 1.37303
46 -3.88045
59 -3.39576
118 0.510582
14 -6.44848
225 7.23503
174 0.809982
174 0.809753
102 -1.92377
69 -1.48494
164 0.829971
29 -4.52829
29 -4.52805
184 3.39639
164 0.865341
2 -3.912
227 7.64778
184 0.679794
124 -1.08412
188 1.34366
246 26.4053
29 -4.5282
92 0.304474
214 2.86899
78 -2.86044
63 -2.47536
217 6.26782
256 32.1515
170 0.965607
234 7.48433
13 -3.82395
355 18.2104
76 -1.15601
118 0.510231
114 -1.49246
172 -1.95143
174 0.809677
75 -2.22619
157 0.990997
179 1.06848
164 0.785522
189 1.24359
43 -3.20513
200 8.72864
244 26.1357
247 9.65373
20 -4.17052
157 0.834305
96 -1.38177
92 0.430962
150 -0.719498
62 -2.23322
49 -3.08609
119 0.611214
22 -4.46822
228 7.48105
118 0.642197
70 -2.85368
3 -5.57323
116 0.499146
175 0.80188
168 0.946167
315 13.5333
113 0.514793
237 8.53842
246 26.2981
52 -3.64337
155 1.03752
61 -2.08604
206 1.36641
57 -2.54173
128 0.693008
61 -2.09689
109 -1.78831
145 -0.185379
161 0.121857
102 -1.9236
75 -2.22567
267 10.1644
166 1.04187
125 0.499863
188 2.81218
146 1.01021
49 -3.08594
205 1.61409
146 1.01028
274 10.2071
11 4.52496
118 0.643845
70 0.171082
41 -4.25628
76 0.158234
266 9.34488
146 -0.189392
200 2.76559
171 9.03911
274 10.2077
102 -1.92358
181 1.3605
104 -1.83944
160 0.665421
118 0.643448
148 -0.327484
118 0.51149
189 2.17665
159 0.120529
75 -2.23062
175 0.801987
121 -1.1744
78 -2.86877
371 53.2488
55 -2.29177
140 0.843781
251 12.1515
20 -4.16551
179 0.949875
125 -1.15416
157 -1.46786
213 -2.79507
295 -51.435
215 9.5005
168 2.11639
212 5.56877
148 -0.326996
224 3.44099
189 2.17332
113 0.523155
75 -2.22616
126 0.61187
161 -0.346329
128 0.693588
190 1.23529
333 34.3793
191 1.72301
70 0.0538025
307 18.0359
161 -0.184509
76 0.159492
116 0.256378
137 0.770554
228 7.48116
50 -4.34625
207 3.27647
261 8.92249
295 15.5268
175 1.05945
160 0.666824
32 -4.15354
69 -1.39135
234 7.48506
167 0.96463
264 13.3907
149 -0.156311
85 -2.60642
167 0.933746
97 0.028244
143 0.632187
60 -0.0706711
266 8.97858
77 -1.1232
71 -2.9716
50 -5.15714
225 7.23444
244 10.0634
118 0.643631
172 0.974686
39 -5.52505
167 0.933746
211 3.26889
264 13.3908
253 8.02145
306 2.69504
175 0.890564
146 1.01024
188 2.81223
98 -0.539795
102 -1.92338
79 -2.77105
290 18.5149
224 3.44092
264 -34.1832
92 0.431168
159 1.06259
133 0.835083
243 18.3678
98 -1.22616
85 -2.60674
69 -1.62021
148 1.0554
2 -5.59774
186 1.04518
51 -3.70147
270 12.462
92 -1.1465
231 6.82056
362 34.0536
126 0.608818
270 12.4611
32 -4.15334
306 0.674011
74 -1.83306
167 0.935257
113 0.523361
266 11.7575
155 0.814896
148 -0.269165
172 0.799973
96 -2.14801
10 -6.55436
263 34.5932
61 -2.10112
206 4.84302
189 1.24345
90 -2.33764
129 0.673477
73 0.132706
175 0.646317
98 -1.19694
74 0.141357
147 1.13687
206 4.84306
118 -1.14957
174 1.07239
256 31.8699
178 1.28125
75 -1.2476
138 0.771713
116 0.359253
180 0.675598
14 -6.44846
98 -0.547508
75 -1.24741
224 3.44122
153 1.10612
157 1.5914
200 2.73068
174 0.736557
253 8.0228
73 -1.43759
151 0.953552
102 0.390099
141 1.93201
204 4.51611
20 -4.16657
262 8.74042
116 0.188492
32 -5.41364
302 3.26343
169 0.896179
178 1.59801
137 -0.610138
49 -2.64686
172 0.837616
257 7.15744
124 0.25795
253 8.02304
136 -1.1465
157 1.59058
123 -2.59089
358 20.2104
75 -1.35476
268 4.86191
247 9.66737
1 -23.2991
132 0.80687
126 0.612518
96 -1.38607
130 0.670715
207 3.27638
74 -1.41665
210 3.23796
29 -4.52819
227 7.64806
96 -2.38654
126 0.609367
214 5.87799
274 20.4523
141 0.683792
239 5.83607
174 0.809967
292 3.22986
113 0.107185
32 -4.15346
13 -3.82414
3 -15.9736
227 7.64638
249 6.48233
290 18.5228
139 -1.68405
67 -1.84698
205 1.51817
32 -4.1534
20 -4.16967
92 -1.14674
189 2.17458
174 2.2917
126 0.608864
284 15.0254
85 -2.60489
306 0.0936279
129 0.675385
30 -4.55085
155 1.00507
171 0.55072
52 -3.6424
92 0.430809
355 6.97696
205 1.61414
186 0.820755
124 -2.58315
318 2.86737
114 -1.49236
168 0.36554
247 9.65567
166 0.994843
160 0.666473
175 0.801727
27 -4.46676
187 1.28751
247 9.6631
188 3.39101
116 0.25708
168 1.04057
182 1.364
256 31.9266
163 0.916183
83 -2.55827
147 1.6317
292 9.99249
171 0.890427
118 0.657127
129 0.68985
338 14.6352
203 56.4338
359 20.1233
118 0.642204
100 -0.760033
92 -1.14689
13 -6.42821
147 1.13837
247 12.3803
185 0.792145
92 0.431046
157 1.58963
15 -5.01433
126 0.609245
257 7.83453
147 -0.0782166
116 0.80172
137 -0.625854
143 0.632126
241 25.4775
239 9.62451
47 -2.77203
33 -6.05008
163 1.35428
36 -4.74919
160 0.665558
50 -3.66582
177 1.70927
68 -3.01871
185 1.54659
96 -2.3862
181 0.888977
225 7.2321
158 0.999039
49 -2.92505
355 18.2023
126 0.609184
174 0.169449
302 3.24594
174 0.809525
76 -5.43355
22 -4.40751
186 3.2047
128 0.651794
186 2.43776
99 -1.9457
227 7.64432
198 11.5841
268 10.1552
167 0.934067
146 1.01027
125 0.645897
287 43.2863
229 20.4757
150 0.847305
172 -1.95128
272 9.54675
128 0.504868
175 0.802444
30 -3.6926
147 1.14127
210 12.3775
168 0.984222
263 34.5936
187 1.27921
175 0.832932
200 2.73042
183 1.56339
151 0.971344
192 2.57974
175 1.03946
3 -3.96043
101 -1.93978
188 3.52464
192 1.80028
118 0.642265
163 0.989685
57 -0.0796661
107 -1.86207
30 -4.55032
292 13.3923
125 0.635986
249 7.84819
200 8.72836
86 -2.97168
113 0.522682
156 -0.682281
240 -18.1149
210 12.375
126 0.609398
49 -2.92326
178 0.942169
339 -3.70032
30 -4.55186
154 -0.0940857
118 0.642273
30 -5.79117
47 -3.00563
78 -2.86901
83 -2.55834
163 1.35399
147 1.14661
73 -2.68941
133 0.835403
242 5.79333
73 -2.52709
125 0.65316
227 7.64537
182 0.966461
224 3.4415
32 -4.1534
167 0.933884
22 -4.40769
155 1.51225
128 0.692703
51 -2.56715
332 31.0002
74 0.0775986
126 0.600677
234 7.48445
204 8.24402
157 -0.177811
227 7.64612
96 -2.38619
108 0.379311
274 10.2068
68 -3.87622
156 0.98996
133 0.835159
29 -4.52811
60 -0.0286522
109 -1.02894
247 9.66515
76 -5.44058
332 28.0981
64 -2.47451
143 0.631989
92 0.30378
355 37.9553
126 0.60923
194 3.19551
302 17.326
269 10.8438
87 0.280411
150 0.847275
267 3.55295
124 -2.58292
107 -1.86219
218 6.74339
224 3.44136
32 -5.79568
175 0.646622
118 0.641785
165 0.845734
155 1.03693
51 -3.69931
126 0.609467
355 18.2113
75 -2.22591
131 0.630173
14 -5.07993
330 68.1877
146 1.01027
126 0.612694
182 0.882004
143 0.843292
113 0.523232
128 0.693298
175 0.80246
106 0.330376
191 1.25877
228 7.48125
232 13.9951
20 -4.16548
201 4.90176
240 9.72906
247 12.38
144 0.603775
130 -2.82368
189 15.4498
38 -5.59256
182 0.940918
171 0.766617
302 17.4518
116 0.252541
365 7.96161
243 18.3679
198 8.85696
150 0.0110779
205 1.6138
118 0.547867
180 0.928543
302 3.27448
336 9.39999
133 0.386292
59 -3.39596
247 6.36774
247 9.66577
256 32.119
244 6.03679
174 0.809769
92 0.430939
72 -2.81243
65 -2.63358
25 -3.40873
148 -0.118469
210 12.3757
78 -2.22089
161 0.122284
103 -1.9967
262 2.81293
133 0.837158
88 -7.70781
49 -3.08914
74 -1.8326
30 -5.54557
247 9.66019
49 -2.66422
204 8.24446
206 4.84007
26 -3.82135
163 0.81543
317 0.325897
26 -4.52087
267 3.55307
59 -3.39565
183 0.976974
186 1.30112
116 0.407211
321 19.9362
264 13.3907
300 17.3466
267 10.1536
215 9.4989
87 -1.44785
124 0.257271
29 -4.52805
306 3.98306
182 0.927979
109 -1.02942
204 8.23656
168 2.11302
123 0.621948
95 -1.25807
189 1.24352
200 2.7308
164 0.879059
167 0.933807
311 1.97296
77 -2.88113
148 -0.326904
182 1.24406
201 4.50612
185 0.89653
126 0.612366
75 -1.24731
128 0.693207
333 34.3769
190 1.3056
75 -1.2486
155 0.983398
157 0.930573
67 -2.80879
306 2.69388
256 32.1236
13 -5.11072
155 0.986694
234 7.47823
160 1.03545
242 6.34966
85 -2.60521
146 1.01012
189 1.23944
39 -4.66902
171 1.07452
124 0.39595
170 0.967392
180 4.18019
159 0.822281
278 42.7961
214 -10.0066
264 11.3137
205 1.61401
209 8.3116
247 9.65762
130 -0.956665
180 0.870758
189 1.39355
105 0.329575
128 0.580719
180 1.01808
171 0.816269
202 4.36838
191 1.18062
95 -0.659363
220 10.6515
157 1.57236
291 7.61337
345 29.6376
157 1.01231
124 -1.08466
75 -2.22565
13 -3.82405
173 0.19516
132 0.651398
318 -2.34897
183 0.706467
170 0.89859
175 0.802078
221 3.18141
168 1.04066
75 -2.22589
355 6.96814
266 12.0298
194 3.25618
224 3.44125
139 1.25543
336 9.42349
226 12.3027
26 -3.83748
83 -2.5584
161 1.10477
166 0.973465
74 0.164024
92 -0.738068
267 3.55261
201 -4.80716
186 1.05322
121 0.656799
334 33.9686
365 4.72446
182 0.858963
247 40.0423
222 6.87389
215 9.49448
86 -2.97075
295 3.86929
205 1.61392
6 -5.35809
266 8.67169
10 -6.56794
166 0.737747
113 0.518753
205 3.95331
247 9.65399
367 34.2921
57 -2.15936
126 0.609283
74 -1.81371
68 -3.87634
198 2.53073
278 42.815
94 -3.30549
163 0.95787
200 2.72687
239 5.86407
27 -4.47254
186 2.448
182 2.23697
344 22.175
126 0.629761
365 -0.370026
109 -0.393639
39 -5.52509
72 -3.36397
190 4.668
328 23.529
180 1.05966
172 0.8461
184 0.725128
75 -2.22623
41 -4.68661
200 2.76468
115 -0.660797
194 3.24992
249 7.82106
32 -5.85832
150 0.949799
225 7.23196
30 -4.55059
168 0.783707
369 17.5968
147 -0.118607
72 -3.36098
231 4.42804
68 -3.01437
262 30.4864
69 -1.17984
217 -11.2974
168 1.04063
217 6.64749
246 9.69865
255 27.6695
225 12.0949
365 7.95715
305 0.789642
32 -5.41273
189 2.08725
166 0.81424
365 7.96402
147 1.13655
188 2.08386
142 0.547348
267 -11.328
169 1.11987
200 1.58005
187 1.27917
113 0.522598
143 0.83139
323 30.2366
365 7.96805
242 -7.20351
169 1.01617
182 0.797638
128 0.69281
198 3.52797
207 1.61191
185 1.25571
163 1.35399
127 -0.629913
165 0.789032
239 5.84793
171 0.892609
190 1.18956
123 -4.70892
268 12.1599
224 3.44119
125 -2.59966
92 0.304924
129 0.668137
271 6.15933
204 4.52121
92 0.30423
146 1.01028
184 1.4166
187 1.2524
3 -15.9566
187 10.9384
115 -1.37233
267 10.1516
186 1.29817
234 7.47856
330 0.625824
256 31.9412
183 2.22968
75 -2.72128
182 0.688492
63 0.0257874
126 0.612198
42 -11.8027
3 -5.4668
264 -34.1823
172 0.512421
133 0.386902
190 0.869751
72 -3.36121
199 2.22636
49 -3.08588
127 0.399826
126 0.60968
161 0.122299
263 24.9369
59 -2.21184
205 1.61385
75 -2.22543
111 0.375305
194 1.465
263 12.3444
200 13.3577
52 -3.64359
197 1.10361
103 -1.99654
174 0.18251
351 21.1586
270 10.4055
86 -2.97053
174 0.809784
224 3.44138
296 45.7379
141 0.895569
92 -1.14664
162 0.828644
221 1.01108
231 4.42813
99 -1.98007
237 5.73639
85 -2.60452
139 0.634567
315 6.83105
184 1.27844
168 1.0406
242 5.23373
253 8.02306
186 5.53403
36 -13.0655
176 0.360428
365 4.70255
221 3.20079
29 -4.52808
161 0.810165
49 -2.92319
155 1.03749
365 -0.759827
271 4.74365
199 3.87469
309 10.3221
129 0.602661
195 0.863068
165 0.740036
158 1.06509
268 9.7923
337 16.399
196 1.09006
248 6.35188
355 14.8958
188 0.794724
249 7.82558
139 -1.68475
227 7.80872
143 0.831009
253 8.02306
68 -3.8763
128 0.693451
158 1.16129
118 -3.11092
270 3.40033
260 9.02377
174 0.183472
183 0.976685
200 2.73041
175 0.640396
188 1.46735
198 11.5833
234 7.48412
267 3.55194
133 0.386581
333 34.3706
316 -2.21616
336 9.39767
184 2.21376
355 18.1964
122 -1.29021
20 -4.16631
319 1.46878
194 1.4903
55 -5.1231
189 1.38412
149 -0.00708008
189 1.24371
203 1.43816
189 1.67818
74 -1.4676
146 -0.0950317
291 7.58972
294 5.53647
20 -4.16536
174 0.16861
204 -2.65074
355 18.2063
10 -6.55472
318 15.6461
306 3.98328
204 8.16757
160 0.84285
134 0.594421
85 -2.60416
292 13.0923
168 1.0406
165 0.830002
174 1.39284
34 -5.79796
247 3.4729
183 0.799408
186 4.61482
207 2.05003
72 -3.36381
164 0.868103
277 2.51889
157 0.996704
76 -5.43305
10 -6.56646
192 0.894684
143 0.632141
281 41.0498
330 67.9048
116 0.251984
290 18.2378
239 5.83585
206 4.8394
277 2.51892
119 -0.990501
220 6.6553
361 35.2617
186 2.43883
156 1.12543
168 1.04051
301 15.989
315 13.5372
253 8.02315
85 -2.07469
253 8.18036
291 12.9876
205 1.61411
180 1.27533
153 0.847153
64 -10.4588
122 -4.66544
183 0.977264
150 1.03734
84 -4.57395
149 0.759369
149 0.723877
148 -0.329834
192 1.24202
179 0.85788
130 0.674469
238 6.11885
190 1.40352
209 1.15767
68 -1.44441
303 16.0079
355 16.3476
148 -0.330307
92 0.303596
217 6.71811
169 0.778305
239 31.0112
116 0.25238
257 7.15591
183 0.767914
223 10.853
203 1.37241
97 -2.12049
126 0.61219
308 9.26794
202 1.06709
369 34.082
247 3.47435
215 9.49513
263 34.5934
225 3.70921
64 -2.45147
243 18.3678
94 -3.31197
176 0.558853
15 -3.64174
208 2.10707
116 0.252701
284 9.54544
155 1.03749
200 1.47722
342 23.5745
274 10.2083
38 -4.21502
88 -1.4867
241 25.6566
197 1.19141
271 4.02203
44 -4.51363
205 1.61409
163 0.807877
270 3.40247
292 13.0746
340 23.3012
361 6.04324
265 25.6045
184 0.974823
284 43.3564
246 7.27925
359 20.16
153 0.814758
302 4.15292
172 11.87
222 6.8605
141 0.533279
306 2.69345
334 -1.23129
155 0.890503
277 2.51987
278 10.6795
273 3.51697
179 1.16493
283 5.1937
287 11.6839
22 -4.40558
365 7.95529
94 -0.707436
186 0.851044
321 0.326965
175 0.891602
113 0.403572
247 9.66592
284 15.8298
36 -13.0645
195 1.29279
179 0.753067
151 0.969254
174 0.809784
130 -0.956696
113 -3.18349
362 7.71667
335 22.8423
215 9.49762
148 0.796646
219 -8.87651
154 0.738739
284 15.031
366 57.1664
292 13.4071
185 4.49426
338 0.51413
244 6.20499
253 8.02263
147 1.13681
309 10.3312
365 7.95642
128 0.693268
117 0.709213
128 0.693588
263 33.787
36 -5.51044
189 2.17296
327 22.7592
243 18.3704
161 0.122086
166 0.783279
3 -15.9707
254 10.8324
223 3.58662
270 3.401
269 10.8432
139 -0.256287
252 7.37126
204 1.92802
191 1.2915
190 1.15178
179 1.22318
138 0.680984
225 7.23262
43 -11.7574
137 0.592987
92 0.303711
183 3.16972
335 22.7392
364 18.7571
327 19.2561
114 -5.8111
183 0.976929
20 -4.16696
332 30.8969
124 -1.39912
231 4.44852
306 0.0913086
113 0.522934
137 0.592896
305 15.3945
365 4.70129
226 3.90442
49 -3.08901
247 9.65405
88 -0.785072
324 -0.405823
325 25.0831
118 0.643494
124 -2.58294
304 11.6116
335 22.8263
227 7.41682
204 71.2177
92 -1.31545
292 13.4039
181 0.991745
207 1.61232
230 3.85199
331 28.0127
188 3.24434
211 0.941498
132 0.683777
342 23.6805
3 -15.9683
59 -2.20994
247 9.65395
187 2.95711
233 4.28275
201 1.42812
166 0.814362
360 5.94214
315 13.6132
364 7.94543
42 -5.67431
187 2.95683
246 6.11572
18 -3.66366
124 0.23941
282 7.13538
331 0.496429
167 1.00423
108 0.351753
155 1.03728
231 4.42822
239 5.84671
116 0.24588
354 5.5629
332 31.1647
275 6.4136
295 13.5577
207 5.3492
50 -3.9782
247 6.66188
222 5.84915
107 -2.09148
270 3.40076
29 -3.72223
216 6.72319
147 0.460571
212 2.54462
187 2.95692
149 0.723907
190 0.877808
134 0.784668
121 0.658379
175 0.70546
270 3.40082
168 1.42963
210 -3.22397
189 1.2439
149 0.723907
208 5.59319
289 2.85794
76 -5.43367
174 0.736588
187 1.87244
124 -2.58289
321 24.2442
247 6.6609
76 0.159645
92 0.304832
113 -1.6256
174 0.168228
206 71.9381
260 9.62595
327 25.2952
126 0.573753
266 9.89941
342 23.6805
96 -1.38758
10 -6.56741
82 -3.39301
189 1.24353
371 20.3086
302 17.3013
262 2.811
317 17.6793
63 -3.82729
192 0.844879
350 15.5285
305 59.8101
303 14.9123
40 -3.50023
164 1.15804
3 -15.9358
152 0.365921
347 15.6877
307 -1.50403
118 0.627869
137 0.573914
172 1.19983
263 9.84372
278 6.31
362 34.051
198 4.95013
113 -3.18402
272 29.4146
268 25.9709
231 4.42622
325 1.49588
252 7.61688
115 -1.56504
192 1.46724
128 0.69339
222 9.23047
305 17.774
8 -2.0645
139 -0.442612
120 -1.20587
277 -4.72888
30 -5.85008
68 -3.8768
229 3.8969
118 0.627693
85 -2.60496
183 3.25476
175 0.640717
87 -4.30518
289 2.81552
325 17.5114
52 -2.49086
355 6.07028
22 -4.40365
301 20.8428
122 -0.256622
29 -4.48692
202 4.43042
193 1.32281
251 28.9013
234 7.47333
294 4.86151
243 18.3703
288 13.8067
227 7.72905
53 -2.58933
292 13.3862
262 2.83054
71 -2.97189
329 21.0321
183 1.12642
267 6.90646
204 71.2196
264 -34.1907
274 10.2075
301 20.8378
331 0.500244
365 0.0699158
151 0.969772
142 0.416962
98 -0.704453
59 -4.3633
326 18.7069
342 23.6775
265 -23.3602
273 3.55499
125 0.0957565
291 7.60223
203 1.68573
283 -35.4958
173 1.0341
262 2.80743
329 28.4314
99 -1.25117
252 25.0142
238 5.88013
309 10.3356
184 21.1274
363 15.9521
249 7.84842
58 -0.0491829
135 0.405334
75 -2.70173
122 -4.66463
227 7.64935
123 -4.70806
79 -1.42436
42 -5.6459
200 2.76593
315 13.9456
201 1.42838
168 1.07008
239 5.83232
241 6.19914
138 0.497253
150 0.72728
295 -57.9589
189 1.24353
269 13.9025
94 -0.176628
150 0.847534
340 28.4342
151 0.969101
206 4.84241
196 3.5257
10 -6.57238
73 -2.99869
203 -13.0307
305 17.5752
68 -3.87479
291 16.7032
102 -1.92367
210 17.5976
298 8.92657
49 -2.92332
201 1.42841
223 6.66512
166 0.814102
131 0.534912
323 30.1012
115 -2.87429
189 13.1942
365 -0.760468
223 3.57137
160 1.14639
95 0.369934
170 1.00731
332 30.8778
104 -1.71513
124 0.256439
54 -6.08037
306 3.98306
76 -5.43961
335 22.6639
302 7.97357
168 0.783859
173 0.317795
112 -0.337585
161 1.10652
99 -1.24292
282 7.13931
189 1.24342
200 2.76537
152 1.33194
309 10.3271
177 1.05779
32 -5.7103
189 1.23933
150 1.02066
223 3.57135
364 18.7621
231 4.44781
257 5.89032
362 34.0545
9 -3.94463
155 1.03752
177 1.79652
17 -3.64775
122 -4.66387
72 -3.36117
176 0.794739
212 0.966919
355 16.7825
76 0.116653
205 2.40337
275 4.46359
49 -3.08897
257 7.87021
345 16.403
131 0.419891
186 2.43794
342 7.10217
269 10.8432
185 1.08604
146 1.01028
359 59.4961
363 6.07672
232 5.07388
201 1.43886
174 0.736588
154 19.849
264 -34.183
249 7.82359
173 -0.374268
90 -0.582886
121 0.494339
143 0.632233
246 6.67067
302 3.24899
257 8.34348
343 6.36429
178 1.82996
324 1.97031
186 0.873688
345 1.89279
213 2.24202
135 0.575348
223 11.9234
200 1.47713
347 15.6976
137 0.573883
132 0.445465
117 -0.940414
365 4.70239
188 1.33351
341 32.5446
309 5.82166
61 -2.67809
158 -0.27977
292 5.27576
168 1.04057
191 0.898926
172 6.57828
263 34.5932
207 1.69724
355 16.7373
274 10.2074
233 9.54442
331 -29.2651
175 1.38745
14 -6.53421
208 10.6485
122 0.272545
153 0.845657
28 -12.8332
238 5.87939
150 1.51254
284 15.0296
64 -10.4564
136 0.547791
214 2.37355
247 6.66096
201 2.3056
270 9.7558
143 0.632294
244 6.28839
106 -5.81117
175 0.598404
346 2.39612
315 13.5362
171 0.960632
284 15.0283
202 1.72029
29 -15.6028
186 2.43915
149 0.723663
96 -2.38644
298 5.21387
25 -12.4842
326 -4.27805
278 4.50476
219 3.24173
92 -0.766716
335 22.8079
43 -11.7585
146 -2.65138
72 -0.239738
129 -0.900848
235 4.59355
262 2.84003
174 11.1323
170 0.9664
365 -0.751831
309 10.2841
248 19.3465
206 4.83902
78 -2.86758
27 -3.80736
275 3.29071
286 11.53
165 1.02136
83 -3.32602
49 -2.9233
173 0.195511
164 0.804977
146 0.564774
138 -0.354736
209 0.969345
278 6.75754
116 0.252655
177 1.79639
168 6.22697
265 8.97879
335 22.7817
274 10.2082
232 20.2206
325 28.6231
287 5.14786
308 15.6358
190 0.72699
172 -1.95239
181 0.764389
315 13.9405
14 -6.53415
92 0.304169
364 13.3625
345 17.3961
174 0.17955
115 -2.88084
206 77.2775
354 -0.62262
331 20.0807
129 0.454498
253 8.14279
294 4.86179
365 56.0586
373 7.69339
170 0.859009
149 0.713501
95 -0.51741
189 1.24339
335 22.766
254 6.83624
271 8.5134
157 1.24242
165 0.98056
123 -4.70899
309 -1.06735
32 -5.41371
201 1.81453
160 1.1989
92 0.304199
166 1.19576
169 0.775284
20 -10.0149
124 -0.48439
365 4.70197
137 0.592651
72 -3.3612
340 16.3276
308 9.25546
291 16.7028
133 0.83696
124 -2.58351
186 5.1324
198 11.6102
99 -1.28549
218 3.22874
161 1.10408
227 1.31984
205 1.61394
307 18.6493
126 0.609009
147 0.67131
365 4.72308
157 1.58051
43 -11.7584
203 10.1652
71 -2.97193
137 0.593002
263 17.9814
253 7.49591
182 1.0033
32 -5.41273
250 7.88297
92 -1.14664
156 0.851669
75 0.114197
307 5.8584
355 6.99432
3 -15.9028
289 -3.13251
292 13.4058
225 7.3176
80 -3.72013
102 -0.410286
161 1.10294
263 34.5936
359 20.134
97 0.329514
119 0.572205
251 23.7235
102 -1.11095
161 1.10489
300 17.368
82 -3.46577
266 5.18701
174 1.6539
333 34.3629
315 13.5331
73 -3.36844
189 1.84839
335 22.8052
345 1.89362
292 7.20288
355 18.3207
293 13.7776
195 1.49182
196 2.48871
227 7.80469
361 35.374
331 0.500916
105 -0.232697
262 2.83813
218 2.84221
102 -0.396568
75 -2.72291
357 -4.11392
77 -0.789459
349 -0.0767822
357 38.1365
334 23.2446
128 0.122849
320 14.8845
168 0.960632
331 -4.96863
128 1.35342
309 10.3197
352 14.8457
346 32.9802
188 2.81177
85 -2.59544
121 0.338593
370 20.2407
264 -34.1405
148 0.796112
121 0.341125
183 0.553925
116 0.252243
333 -0.91095
24 -4.70831
314 29.2736
335 22.6104
325 25.0725
137 0.592728
367 4.04077
92 0.304565
155 0.960922
80 -3.66928
14 -6.44881
330 15.3069
20 -14.729
303 17.0244
268 -18.5284
182 1.88226
347 3.10397
207 6.43768
364 18.7719
239 30.9938
322 30.2611
124 0.256538
3 -15.9726
143 0.831665
170 1.07495
239 30.9924
252 6.7735
133 0.418152
139 -1.68469
209 1.54568
294 3.77039
288 3.57126
330 0.623169
276 3.24796
333 34.5031
358 7.25864
6 -5.31174
356 -0.862488
285 6.21564
352 12.0335
335 22.8067
172 1.1208
185 0.821472
201 2.13562
174 1.26241
309 -19.389
189 2.17418
188 1.30844
253 8.11823
91 0.29789
281 2.93845
264 -34.1432
3 -15.9725
146 1.01027
206 4.83908
100 0.031723
203 1.36931
149 0.723602
184 3.18471
253 7.60217
346 33.0052
161 1.12798
189 1.32083
92 0.303864
148 0.671021
106 -0.950531
146 1.01021
317 15.173
147 0.661224
21 -9.97956
116 -1.93079
107 -0.852089
72 -3.3637
188 0.870621
86 -2.9712
150 0.935577
32 -5.4136
309 9.30182
369 8.28445
303 17.6619
359 20.1239
189 1.24377
207 3.07433
247 6.43422
365 -2.62372
122 -4.66474
130 -0.956772
49 -2.92328
308 9.24985
141 -0.352219
351 21.1343
273 5.91913
315 1.64233
158 0.928543
323 22.2497
102 -0.953445
126 0.261169
313 -2.76843
150 0.729706
302 0.787476
198 11.5847
264 -34.1447
305 17.577
87 -0.615158
288 13.8148
216 6.58176
359 9.75638
170 -0.159698
271 11.8334
170 56.7486
267 10.1469
200 1.4698
136 0.520218
166 0.991592
43 -11.7584
176 1.14343
339 28.4708
309 10.3225
267 10.1433
202 1.6438
289 17.7805
148 -0.717026
327 19.2605
260 9.02176
29 -4.52818
106 -2.31816
175 0.891617
241 6.38731
359 17.0398
130 -0.956619
183 0.83548
125 0.0382385
250 7.69363
269 9.67905
125 0.0941544
124 0.731567
281 10.4525
315 13.57
205 75.8649
366 0.00442505
338 19.315
102 -1.77169
115 -0.660728
354 23.6921
43 -11.7584
355 22.5375
300 20.2001
336 9.39679
239 5.52661
137 0.146942
80 -3.56341
83 -3.42651
355 -0.0364685
151 0.556915
149 -0.670761
338 6.47961
176 0.787125
267 3.54721
157 0.919937
100 0.0300751
242 -7.94655
205 3.23726
287 13.7603
197 2.55933
166 0.814011
339 28.9476
71 -2.97188
257 5.89737
336 9.42325
146 1.01021
371 9.95047
20 -10.0146
163 0.97168
339 23.7527
252 -31.4859
122 -4.66467
342 23.5663
213 0.939316
33 -5.83108
146 1.69275
164 0.793671
362 34.0589
237 5.00876
333 -0.876007
182 0.83551
116 0.802704
344 0.732819
335 23.6
276 3.38437
147 0.462006
247 6.43565
362 -0.77417
140 -0.668259
101 -1.14103
91 -1.55365
134 0.587952
365 4.70221
367 5.62766
204 10.4996
348 15.9345
113 0.514992
346 32.9522
165 0.619644
54 -6.07951
170 0.966461
150 0.990768
273 6.00537
292 13.4026
137 0.592636
333 29.8564
238 5.72401
288 13.781
182 0.707672
279 14.0014
241 6.27924
293 18.4023
204 4.5162
278 9.14349
200 1.52917
255 3.42429
54 -11.4402
323 30.1008
272 10.7525
346 33.0052
366 -0.619659
306 2.69507
186 2.45837
306 3.99973
160 0.665497
358 25.384
314 29.2671
113 -3.10906
179 1.15323
242 6.19041
160 1.13727
346 0.372833
269 10.8436
173 1.15034
198 2.5314
337 14.9319
137 0.593002
274 10.686
99 0.319267
287 3.17822
42 -5.85555
346 32.915
365 30.7249
330 0.621552
182 1.09834
203 1.37277
153 0.846176
266 18.0876
113 0.522598
86 -2.97061
324 21.0179
125 0.0957108
257 7.72101
104 -6.10621
322 -4.63776
331 0.497314
278 8.79077
200 8.72125
362 34.0529
35 -12.8951
145 1.02611
97 -1.02944
276 0.932251
333 34.362
76 -5.43437
364 40.927
60 -2.7118
172 1.63713
291 8.11526
186 0.843262
176 1.48943
156 0.981232
323 2.05103
295 15.5262
98 -0.53891
268 29.5458
148 0.796539
365 7.9584
96 -1.38536
367 -3.33038
172 1.63724
13 -4.0737
282 7.14233
342 23.5669
257 7.17789
164 1.02777
198 2.63887
153 0.788147
295 15.5266
8 -33.0784
351 12.2774
364 18.7879
166 1.02147
104 -5.95488
123 0.563843
201 1.59303
170 0.876266
262 2.82742
330 0.617645
241 18.9604
122 0.0732422
329 -0.0113525
91 -0.876793
110 -0.0626907
215 2.68752
15 -4.28255
186 2.43919
136 0.577301
365 1.58112
288 13.8069
250 7.18329
168 1.08116
180 0.737762
372 3.28107
306 0.655182
334 9.08322
127 -0.623909
110 -0.0971069
367 5.6712
123 0.0461349
332 30.9018
333 -6.3739
153 2.02666
130 0.409927
354 37.6923
203 1.87646
362 34.054
360 2.02835
319 2.44589
201 1.58958
322 21.3996
219 3.25713
172 1.63776
236 5.76163
118 0.509979
347 3.1041
269 3.47232
83 -3.45592
122 0.0414276
330 31.3736
62 -10.2255
355 5.88794
277 11.0802
321 5.05209
216 -10.1576
148 0.791565
137 0.592499
322 22.9017
332 31.1665
137 0.478485
190 2.16577
103 -0.315399
133 0.460876
341 0.41333
308 18.7998
122 -4.66409
247 14.0141
146 1.01027
249 6.52338
195 1.13135
152 -0.0724945
201 10.9946
328 -5.9696
336 9.40497
137 0.592606
212 5.82123
121 -0.882378
151 0.969299
178 1.0433
177 1.80002
76 -1.14242
341 -0.340149
366 13.8327
185 4.28137
256 29.2562
198 11.6081
222 15.5225
200 2.76535
150 1.12587
291 7.59402
183 1.62292
155 1.00273
190 1.23538
129 0.673676
144 -1.68694
355 6.99609
247 6.44226
274 6.34665
201 3.52481
334 64.3165
308 21.6472
309 4.91147
281 11.4089
136 0.563019
176 1.48929
307 4.7963
70 -2.42897
213 2.43944
217 5.46671
146 1.01021
252 7.37871
195 0.794678
318 -0.0812378
363 -0.949615
321 4.17386
276 11.4297
197 1.21999
323 2.02109
366 -0.374695
309 10.3354
153 0.814865
204 71.2159
160 0.956818
124 0.466263
187 1.27925
125 0.0946121
306 0.097168
180 5.68892
269 28.7962
210 12.3758
327 12.4921
214 1.23329
366 -89.4488
165 12.2495
343 20.835
170 0.921082
82 -0.389557
203 1.3708
242 5.56886
311 22.526
36 -5.51049
200 1.57166
354 -0.816956
155 0.99028
292 13.3932
102 -1.98154
124 0.0592728
243 5.28825
329 14.144
364 40.9245
237 5.00845
185 1.96927
188 1.28668
171 50.36
352 12.187
342 0.447174
318 -0.353455
85 -3.56024
215 5.95215
225 7.2326
334 2.10092
137 0.583344
191 3.08023
150 0.787781
220 3.04129
208 0.331512
270 25.0459
330 0.623169
96 -0.954224
274 10.2065
333 34.3703
150 1.10878
276 0.937286
364 4.63647
312 4.59277
292 13.4021
182 2.99347
119 0.482933
249 7.82434
10 -6.55257
355 -38.033
207 2.08578
50 -4.34714
311 3.9523
254 7.05576
361 9.17249
302 3.26233
318 16.6682
55 -10.1034
217 6.60455
277 -4.72824
124 -2.58352
146 0.853271
211 2.49553
127 -0.623947
189 0.715454
191 0.869125
99 -0.669846
288 13.8143
198 2.52924
171 1.1015
278 -2.75024
226 3.834
342 30.5359
143 0.63237
309 16.0414
290 18.5298
310 1.11252
185 1.42903
198 11.5839
191 0.867264
257 5.86765
269 10.8435
278 36.1984
32 -5.56556
325 25.1136
282 7.13739
122 -4.66389
329 24.841
344 -1.02921
21 -4.80563
10 -6.56801
365 4.70175
367 29.1929
269 10.8436
309 10.2797
231 7.05385
252 7.37927
10 -6.55244
38 -4.21437
202 1.84334
280 6.56509
281 14.2627
231 4.3651
8 -33.0583
72 -3.36305
330 20.3375
223 3.57179
195 0.86615
366 19.5266
295 15.5292
161 0.904327
160 1.15741
371 0.105133
281 15.4404
332 15.3412
266 -38.3724
74 -1.83017
161 1.09755
365 56.0277
308 18.8002
337 25.5465
282 -2.77127
332 -0.567963
159 85.5991
284 -37.2368
129 -0.0570679
330 0.625854
365 -2.69196
327 12.484
332 31.1679
256 29.1239
284 12.7682
140 0.774155
292 18.3766
351 12.2791
265 -22.5981
121 -1.3958
147 0.799805
220 3.48384
351 21.1746
200 2.54814
347 3.10385
121 0.434723
161 1.1046
365 18.0218
167 1.19392
254 10.8313
343 10.6362
172 1.63727
267 9.37149
209 2.644
355 37.4463
171 6.61044
363 8.06287
22 -4.4072
323 30.2366
267 3.54654
168 2.11803
367 -3.28812
150 -0.58403
203 1.56357
185 1.19206
148 0.793686
310 11.1788
123 -4.70891
364 18.7849
197 1.28751
336 9.40005
210 2.03612
371 25.3582
227 7.80801
333 8.20999
367 -0.772095
147 0.460236
213 0.953766
345 21.4456
183 55.4781
162 1.44086
234 23.1175
325 25.0887
246 5.54042
155 0.917084
170 1.04527
184 0.811066
138 0.438782
325 25.0388
364 18.7482
155 1.00858
332 31.1296
291 7.61206
239 30.9668
153 0.83493
291 7.60132
315 16.652
157 0.829559
135 0.472443
339 15.4417
124 0.253975
69 -3.40605
259 9.97366
125 0.0375824
351 12.5446
350 5.93811
162 1.01604
360 25.7686
277 7.12521
50 -4.3397
316 -22.0666
276 10.9761
148 0.794479
191 1.07124
267 10.1554
199 19.872
351 12.5338
272 4.20334
210 2.05827
277 -4.73431
253 6.88922
76 -2.91011
341 24.0375
310 22.5777
198 2.53145
295 15.5263
320 18.4471
101 -0.534592
348 13.268
206 1.90205
351 21.2229
228 7.48204
172 1.63704
259 3.18158
32 -5.41285
271 8.50885
256 3.39786
159 0.939941
342 23.6689
341 0.408264
271 10.6069
350 12.3472
292 13.396
335 22.798
29 -4.52807
355 16.3697
249 7.82491
306 0.827118
370 -0.907043
5 -11.7881
160 1.13017
242 5.56975
178 -31.3941
122 0.351959
61 -2.69101
153 0.814651
158 0.925171
188 1.39696
212 5.88454
323 -4.64905
313 2.83426
234 4.40985
331 0.906006
134 0.728516
351 21.6537
176 1.4438
307 2.63855
299 15.571
189 0.92305
324 30.5935
277 11.9327
327 -2.22595
178 1.45583
131 0.488861
346 29.0629
188 2.175
125 0.0938492
339 22.5458
332 30.6937
139 -1.68425
350 23.7937
228 5.12939
260 9.02066
366 -0.513824
307 4.79657
145 1.08446
283 14.8454
214 6.14934
223 3.57178
301 45.8462
224 3.44106
252 7.38132
365 -0.165955
92 -0.907158
198 11.6097
161 0.89093
335 22.8268
206 1.40233
170 1.27625
342 12.4971
355 -38.1034
338 23.5287
319 -4.85477
98 -1.40724
348 19.9768
184 1.24791
252 7.38356
334 2.0994
351 21.1938
189 1.24353
300 -12.892
174 0.683258
367 5.65665
216 2.82204
355 25.3605
344 19.921
282 16.1907
230 3.77959
305 17.3827
363 -0.970245
336 22.8924
242 5.35396
198 2.63887
156 0.800888
245 5.22736
332 30.9164
277 -4.73294
170 -0.159515
252 7.89427
205 1.61389
96 -0.961411
313 3.17264
114 0.209702
305 4.35861
88 -1.767
176 0.558334
139 -1.68404
288 13.7742
309 10.2914
154 0.769104
285 4.99713
116 -0.133736
87 -1.79319
231 4.33298
170 1.08553
102 -0.0227585
294 -51.428
363 11.2708
267 -38.7266
161 1.10735
22 -4.40764
346 33.0039
246 6.38858
373 0.0186768
241 15.7483
163 0.877716
115 0.0326004
125 0.558983
327 19.2473
364 18.7509
277 -4.72986
351 -0.143829
215 9.56602
292 13.393
155 0.855591
32 -5.41266
103 -0.423309
137 0.140869
170 1.0932
295 -75.5465
153 1.84222
174 1.65764
160 0.903107
165 0.740173
137 0.305328
335 -1.68384
213 2.51437
91 -2.69756
367 1.90701
300 17.7254
323 30.2303
87 -3.2394
275 7.68591
336 2.45844
225 3.57698
171 1.46384
105 0.0669937
175 0.645523
113 -0.177689
209 1.53484
201 1.5699
249 6.27614
191 0.983459
325 25.4409
277 -4.73102
295 -51.4429
198 1.25691
174 1.13559
142 0.428177
236 5.69566
261 29.2921
32 -5.41261
201 1.80876
258 10.0262
274 10.7931
199 8.11397
276 0.906128
170 -0.15918
163 1.33438
302 3.26093
209 2.651
160 1.14856
200 7.10159
60 -2.72136
207 1.61787
252 6.93628
368 6.68207
201 9.92953
194 1.67767
365 -0.00698853
237 5.00899
187 1.78949
344 30.4621
28 -14.2358
328 23.9131
278 13.9981
118 -0.190384
161 1.10526
282 8.05743
206 2.60928
335 22.8212
334 2.09244
129 0.170319
316 22.5036
365 -2.647
129 0.258362
316 2.28174
197 2.55858
195 1.39114
364 11.0608
213 7.24026
160 1.15526
281 9.68933
306 3.9877
187 1.64244
283 5.28314
306 2.69724
287 -25.2266
305 15.3929
107 -0.00025177
88 -0.542625
151 0.785645
372 23.0104
224 10.4924
178 0.690277
205 -1.41301
295 18.6946
277 36.3464
93 -1.67012
250 5.183
373 25.6165
257 7.15781
102 -1.11989
363 13.9276
215 9.43294
69 -3.46036
23 -5.61864
166 0.989151
10 -6.92411
338 21.7598
287 15.6762
130 0.583435
271 6.0304
205 2.67871
346 32.8988
292 13.4022
115 -0.0948639
322 21.4037
278 11.8321
104 -1.10531
342 14.5616
239 4.39706
305 17.5787
188 1.33444
358 61.3647
205 2.28046
180 0.923615
283 17.3389
159 0.891403
285 12.8004
303 0.0247192
271 8.50806
324 21.0194
364 20.5156
211 2.36929
203 1.36632
71 -2.97205
144 0.461044
351 12.5276
267 3.5593
330 67.9044
187 1.19849
233 9.52504
373 0.0189819
116 0.105003
256 8.86102
300 17.3547
60 -10.0486
277 -4.72986
154 0.905472
362 6.83795
367 32.7525
176 1.48709
264 13.3925
19 -4.80708
289 3.38528
152 0.96344
330 67.8165
237 5.40257
327 18.04
252 7.57594
195 1.39058
306 -12.5662
322 28.4439
342 0.477844
103 -6.12734
333 34.4921
148 0.797287
341 40.4403
332 30.8949
277 8.62137
237 5.40636
179 1.94344
280 14.6681
173 1.16661
91 -1.75761
189 1.23982
176 0.558578
340 21.5297
206 1.68611
307 8.98041
99 -1.34658
181 0.79007
350 5.56461
340 2.7153
340 23.3391
156 0.970932
332 0.823517
246 5.07259
332 31.1284
157 0.848343
315 15.3603
197 2.55917
363 11.2382
360 56.9683
330 27.277
241 5.37175
200 -1.24588
107 -1.86214
336 9.42792
226 3.66318
133 0.563843
353 37.9687
306 0.089325
151 0.707901
237 5.40237
342 24.3327
336 9.38525
200 8.24654
247 6.44153
260 9.02188
50 -4.33947
148 2.29431
326 18.7066
288 13.3156
302 36.1816
345 17.2494
207 4.52228
202 1.55841
190 1.18944
163 0.503769
355 6.97839
102 -0.0846405
311 14.5475
146 0.56102
324 21.0264
291 8.116
19 -5.73888
170 0.900909
363 7.49313
150 0.846878
277 -4.73114
95 -0.513336
358 -2.7124
309 17.2798
109 5.64845
6 -5.27678
279 6.91382
251 7.1922
355 22.7687
323 25.0151
151 0.71843
21 -4.61213
126 0.296143
223 3.57161
249 6.16234
308 18.7974
359 20.1541
327 19.2476
96 -0.949577
155 1.00168
183 1.82797
36 -17.1672
308 18.7902
175 1.14696
308 18.7928
346 29.1264
355 37.5286
355 14.7333
194 1.79472
168 0.783844
369 32.7452
157 0.925415
190 -18.3011
302 3.17892
341 22.9753
249 7.83391
342 23.6757
241 9.31023
250 6.7713
164 11.1764
151 0.969681
311 18.3952
265 8.9765
364 27.7796
370 20.2363
355 19.6112
159 1.04649
351 21.1803
232 4.68924
247 6.42409
176 0.711731
336 27.881
284 -36.1428
153 0.821533
191 1.26654
308 9.2504
237 5.02223
373 -28.8184
218 1.19841
176 1.48917
170 1.1087
315 17.2278
195 0.934723
138 0.620224
367 5.66479
359 37.2353
311 14.547
367 6.57214
264 3.60767
139 -8.15894
207 1.61235
345 24.1818
338 1.11743
340 0.437225
59 -2.21186
300 17.7212
265 8.98804
250 -33.0631
185 0.822998
64 -3.02666
272 11.6328
193 1.01637
113 -0.144684
305 17.7657
269 10.8435
139 0.594635
340 21.8176
344 30.4671
188 1.33441
288 13.7741
177 1.79625
364 18.765
361 0.239563
174 1.89853
372 -4.77878
260 9.02106
290 3.51062
311 22.6178
124 0.258606
290 8.20374
250 6.60202
214 2.60185
237 5.29515
345 23.6013
208 -0.862183
311 22.6287
336 23.7755
322 26.4531
196 1.43065
83 0.349358
87 -2.40794
75 -1.24733
192 0.761276
333 34.2405
116 -0.624596
330 0.624695
276 0.936249
302 3.23779
289 5.54523
34 -5.85422
200 2.72905
360 27.6446
364 0.624939
183 55.2361
341 82.0211
327 28.2596
121 0.336929
308 18.7946
311 22.6254
360 37.9243
114 0.310898
371 5.28253
238 5.5658
347 71.0459
156 0.747238
123 -0.44828
86 -3.07945
170 0.964996
294 5.2178
351 36.4698
209 1.40112
354 16.8221
305 0.131958
280 15.2853
188 4.39256
250 6.50641
274 6.5853
277 2.51956
320 27.4591
354 -0.260345
356 7.70987
101 -0.571823
309 17.1103
42 -11.8014
364 18.7504
185 1.24928
359 37.1491
328 19.3438
143 0.361481
28 -12.8333
225 7.23228
231 4.36478
260 9.78525
327 12.1917
272 7.14713
175 0.607941
148 0.793732
275 10.8999
339 1.99982
329 14.9147
170 0.965485
351 21.2255
342 23.9018
303 49.7195
287 4.3725
364 18.7626
187 0.684555
365 56.028
6 -4.2978
301 17.7373
351 12.2694
156 1.05173
125 0.094017
131 0.834106
125 -0.442772
160 0.942123
201 1.81287
225 3.57634
179 1.1156
311 6.86035
346 21.4685
321 25.439
166 1.09619
331 1.48975
77 0.0897522
287 81.2661
337 -0.106873
332 23.4793
295 -79.6339
27 -5.5635
40 -5.62231
97 -0.302048
310 -41.8169
131 0.237289
306 2.69519
343 23.5484
170 0.96637
185 0.228516
304 17.7735
286 3.28485
344 -1.01331
366 -0.404022
367 5.43494
347 32.0681
230 4.82159
306 3.98947
172 16.8486
332 16.037
319 5.69391
221 10.7584
355 34.8515
18 -5.01198
309 10.3312
239 9.02914
166 0.814194
198 11.6089
236 4.20227
223 3.57152
351 21.1779
274 10.2066
259 10.0261
106 -0.510979
241 5.52066
323 -1.48001
251 5.17603
341 23.398
49 -3.57038
275 6.11746
192 1.41658
353 -13.4478
108 -0.377701
285 2.43961
355 5.90759
336 80.4967
171 1.29422
137 1.07802
333 34.3651
136 0.334076
179 1.22095
368 -105.839
83 -3.38564
257 7.94653
159 1.20831
325 -5.04926
314 -22.8662
161 1.10623
220 3.48288
336 9.4068
315 -35.5622
153 0.814835
143 0.221848
167 1.27516
274 6.65845
209 1.40103
154 0.913391
143 0.794479
362 34.0541
320 15.5505
139 -8.11134
233 8.93362
300 17.3725
320 14.3644
336 9.88239
68 -3.87511
125 0.0357208
302 3.26096
338 15.6102
336 9.40884
114 0.318481
367 26.0432
239 5.86227
343 22.0689
276 0.94696
225 7.26572
224 3.28835
198 1.16267
139 -1.68391
351 11.1166
287 -25.275
159 58.0137
316 17.4846
293 -13.8541
281 11.3841
292 14.1646
209 1.92729
332 -0.83075
175 0.414154
271 10.6078
125 0.0949173
210 12.3731
242 6.33241
340 24.0546
253 7.60242
195 1.13019
344 0.287262
346 32.9542
192 1.24504
285 2.35983
213 9.0899
20 -10.0149
166 1.17456
335 18.9625
343 20.5928
274 11.4628
318 -0.498932
255 3.29749
368 6.07019
72 -3.36418
261 9.03082
359 12.2153
254 7.00652
202 2.15146
323 30.2367
124 0.253914
361 3.60373
338 11.1203
348 1.79395
135 0.332672
267 10.1542
275 11.9226
150 0.729523
364 40.9261
209 1.39435
339 3.68311
364 31.4857
321 15.2242
366 -0.410645
184 23.9625
280 6.46887
178 0.949844
144 0.667145
215 4.04105
324 21.1597
176 0.804199
133 0.210632
217 2.87767
137 0.762024
325 25.0836
365 -0.729095
153 0.813736
311 22.3836
149 0.720184
167 0.933762
202 2.16469
17 -4.88409
264 -34.1394
330 2.3461
315 15.6322
249 6.71751
97 -0.633377
172 13.7895
351 27.7446
195 1.18568
188 0.794495
109 -1.43515
254 8.27525
280 6.72165
324 21.0263
156 0.800522
176 2.42056
191 0.889542
332 30.9995
259 29.2319
164 0.992264
362 34.0576
350 23.7186
189 0.882065
352 14.3545
351 21.1436
223 12.0524
250 58.7352
72 -3.36121
353 6.40909
346 20.9759
71 -2.97194
363 38.7716
151 0.700455
324 -1.54413
178 0.768951
135 0.574783
100 -1.15276
212 5.82867
327 12.4812
147 1.67715
58 -8.1791
9 -9.29878
335 22.8058
72 -3.36118
35 -12.8947
199 1.67018
101 -0.528572
333 29.6128
201 1.58311
162 0.970367
264 9.11694
291 7.60443
265 8.97723
165 1.84729
366 -0.335693
98 -0.547531
175 0.645309
325 25.0802
300 17.3454
238 5.70816
346 33.0417
137 0.607208
43 -11.757
36 -13.0671
116 0.252487
190 1.23566
347 0.270782
338 23.9986
266 9.5723
308 9.25195
255 8.31407
163 10.5122
189 0.921478
124 0.257324
277 -4.72943
130 -0.852798
16 -5.05044
200 1.55913
122 0.0103378
269 10.1224
192 24.4689
201 11.2244
96 -1.38202
307 -18.7721
362 22.8883
360 25.4237
232 4.29237
276 9.80862
188 1.33446
341 32.5815
125 1.15826
265 8.9762
313 2.88925
300 17.7228
352 13.4785
275 13.014
154 0.760406
319 17.9074
171 1.14185
300 17.368
342 23.5669
343 0.898773
170 1.13008
364 31.3861
72 -3.36391
82 -3.53689
321 17.7839
168 1.17702
271 8.51248
203 4.48314
167 1.11575
220 0.967255
332 16.2933
183 55.3429
194 1.91469
25 -12.4886
264 6.04431
228 2.50377
342 83.8044
372 8.43549
249 7.84842
249 6.481
140 -1.448
188 0.795181
161 1.10886
365 7.95743
335 23.5933
96 -1.06108
330 31.1936
367 13.1248
295 15.5266
174 1.6633
161 0.92601
358 0.375183
344 0.114258
151 0.823898
150 0.521225
230 4.44781
182 0.702347
355 22.7604
152 0.605179
204 71.2208
121 -0.440948
344 30.536
264 -34.1399
308 9.25732
296 17.4036
35 -4.73243
291 -53.5904
278 9.24139
249 6.48145
65 -0.0989151
291 15.5354
3 -15.9777
98 -0.544098
181 0.787506
254 7.2621
344 3.70468
210 2.09843
291 8.11871
364 18.779
245 19.4937
232 4.29343
332 31.1682
103 -2.32117
295 15.5318
291 7.59583
267 35.3631
336 2.8204
248 7.41597
226 12.5401
229 6.80888
277 6.34467
144 1.11201
171 0.815781
67 -2.51904
227 3.57259
252 7.88885
344 3.7616
284 15.83
311 14.5393
287 43.286
357 0.641083
288 4.87125
141 0.533035
345 3.09811
309 10.3293
28 -12.8332
314 3.72998
100 -0.46196
205 2.147
315 -35.6391
351 21.1493
297 45.8481
261 26.4862
346 32.9131
26 -5.58129
61 -2.69706
339 -3.70801
57 -2.54006
74 -0.15741
169 1.08188
323 27.7173
54 -6.08016
230 4.44305
306 3.98822
324 -0.451111
124 0.0591965
278 5.48206
367 1.90329
337 22.423
55 -2.54244
301 45.8335
198 2.63882
365 4.70181
367 -0.850433
208 -1.13564
234 4.07256
346 29.131
62 -2.66493
117 0.161263
344 18.516
142 0.418716
170 0.96637
296 4.4209
210 2.58963
289 2.81735
301 10.5652
228 4.02542
130 -3.17417
197 3.09599
367 55.5971
62 -3.35723
277 -4.73062
307 4.63153
177 1.2422
42 -5.85481
252 7.37918
345 0.2435
141 0.532974
187 0.686676
88 -7.70813
364 9.65253
353 24.7552
237 5.48795
283 8.88135
140 0.399124
329 2.55533
348 29.4274
173 1.17404
172 16.6018
262 4.70938
275 13.0315
344 30.5483
336 9.39816
326 18.7078
161 0.877777
137 0.583084
364 40.9291
295 15.5281
216 0.449799
195 1.0034
346 48.9389
339 8.24048
339 2.26382
222 11.5546
239 31.0102
284 12.772
222 15.9681
218 1.08885
355 6.76987
180 1.83231
282 7.1395
367 5.617
364 10.5704
204 1.78084
211 2.89636
292 13.391
360 13.112
328 30.7437
285 15.0795
205 1.61391
159 0.99295
76 -0.09375
347 31.2466
204 1.73993
172 16.2681
155 0.355118
307 3.60394
188 0.666351
301 17.7281
8 -33.0906
287 6.26514
85 -2.60539
239 6.31786
339 7.85553
201 2.60634
321 3.44589
312 3.67572
365 1.58224
340 3.55035
240 6.33076
286 6.75937
347 51.7255
204 8.24423
317 17.4541
153 0.814163
372 -1.74402
316 22.8773
32 -9.12143
210 2.49982
292 13.3887
324 27.1362
147 1.1364
331 -43.9959
125 0.0957336
72 -3.74246
301 17.7376
280 13.3099
270 3.05957
159 1.17632
160 0.220886
220 3.4837
331 0.501556
277 2.51831
126 0.6092
364 31.5268
72 -3.36121
180 0.886765
174 0.789017
122 -0.437111
83 -3.4705
172 1.63763
346 19.5885
332 1.10098
359 37.7521
341 25.8015
363 24.1159
269 10.8435
220 3.07489
273 12.9338
264 9.5769
2 -6.10462
242 5.36931
296 8.46973
305 17.7666
39 -4.80828
344 30.4631
213 2.36125
304 21.5388
358 -1.34576
327 12.5269
342 23.6589
345 16.4059
230 -1.71722
233 4.79225
367 5.49225
362 -0.399628
283 14.9959
317 -19.7337
85 -15.0808
351 12.5455
52 -3.96045
243 -13.8706
121 0.191017
207 1.61211
358 10.295
274 12.7067
203 1.33662
256 31.8685
80 -3.46447
332 30.8988
355 -0.117828
198 -13.0768
359 20.1191
63 -3.41639
348 23.359
247 6.63132
19 -5.16293
207 1.68791
346 11.0987
306 21.5504
83 -0.118805
328 25.4043
115 -2.34579
369 24.7986
328 19.1089
310 -42.2805
176 1.48926
368 -2.96759
360 25.4857
366 -0.154724
365 56.0532
131 0.178741
116 -0.624565
116 -0.624161
207 3.27638
322 19.8672
170 0.966339
243 5.36958
68 -3.42154
302 3.26276
37 -5.79295
240 5.67943
302 9.98352
256 31.863
318 25.9976
36 -5.51073
137 0.585831
329 26.4958
335 22.8212
181 0.814575
257 7.15796
172 1.13405
271 9.38129
319 16.1239
14 -6.53428
184 1.23944
253 7.00983
324 22.386
291 4.29956
355 -38.0167
277 -4.73349
89 -0.769997
295 -7.69257
209 1.9906
87 -1.78585
327 12.5302
4 -26.3057
163 0.987839
338 1.97943
356 16.0446
159 0.920074
344 0.254608
57 -2.54149
294 12.0836
172 0.90834
179 1.27313
365 -0.758423
154 0.795197
141 0.533142
302 2.59207
139 0.368118
369 3.48407
324 21.8382
168 47.2219
131 0.578613
276 8.21494
112 0.33905
357 26.1994
317 4.74805
177 0.668854
109 -1.08141
283 15.251
249 6.48215
253 -19.0631
351 12.9806
233 7.51476
293 15.839
204 8.24858
193 40.0348
122 -2.05898
116 -0.290131
289 17.5479
302 3.24411
176 1.20091
339 23.777
292 9.99023
75 -2.72306
162 1.32997
150 0.557083
274 6.12659
139 0.152252
285 15.7824
287 14.8096
192 1.36107
349 -0.12265
277 3.01297
328 9.28381
105 -0.245453
314 -40.9654
305 -13.5729
317 15.8279
78 -3.03874
119 -0.292397
368 13.6682
358 13.0127
273 10.8692
247 6.44176
157 0.903824
167 1.18854
124 0.253998
371 26.0998
207 2.41196
195 0.829926
138 -0.481018
253 7.60229
231 4.52681
127 -2.91414
113 -1.53674
249 7.82402
211 2.16508
148 0.805313
94 -1.19593
172 1.02411
8 -33.0819
68 -3.34952
76 -3.36951
191 7.50734
311 18.4367
290 13.7766
236 8.5714
209 1.39699
332 31.0428
100 -0.588615
116 0.306511
72 -3.36115
103 -0.323669
114 -1.49233
336 82.7085
71 -2.97142
283 -35.3394
203 4.47479
351 21.1458
172 1.40399
59 -3.39566
219 3.83131
231 4.36833
265 8.9762
365 55.3073
247 3.47484
288 10.0207
309 3.05533
196 1.27654
176 1.49397
150 0.729568
291 7.59262
203 1.10321
85 -2.88218
294 -51.427
369 27.39
125 0.0354462
358 16.7789
344 19.1023
207 8.71466
307 3.84824
361 4.72113
226 12.688
326 18.707
72 -3.36423
258 27.8836
347 -0.460846
218 -7.90958
318 16.8163
186 2.13168
350 12.8474
301 17.7383
312 13.9456
308 -24.6437
371 2.05426
215 2.49966
197 3.36212
357 1.26599
161 1.42764
311 3.85779
271 24.2801
113 0.189095
258 10.2805
163 1.52975
74 0.0966797
248 3.65581
195 0.985275
364 27.1051
301 20.8353
190 0.863861
263 4.04089
292 13.3978
112 -1.66843
350 2.98257
235 5.668
351 7.8024
332 29.4621
326 27.8731
5 -11.7831
346 18.7272
365 1.59058
277 6.84091
285 3.35236
203 1.31651
189 1.23953
343 2.63452
307 4.10239
272 10.8342
137 1.04439
351 21.1377
281 17.9823
350 13.4798
97 -0.600594
72 0.389961
92 -1.69706
160 1.17795
273 12.5826
124 -0.107849
365 1.56259
274 12.7065
172 14.9568
146 1.01016
276 6.15366
17 -5.33199
367 33.4607
310 21.9014
268 6.40256
249 7.82448
209 1.53926
370 -0.544586
260 9.02103
314 17.6176
332 15.9041
296 17.3844
330 31.183
191 7.1364
71 -2.97185
324 22.2502
248 6.49271
233 4.61827
141 0.365128
330 0.624878
306 18.4538
71 -2.97195
238 5.2052
254 6.90982
300 17.4856
124 0.261612
213 3.30167
335 22.8065
161 1.10498
355 22.7537
87 -4.30495
359 20.1223
153 0.818878
317 16.9307
367 3.54504
156 0.93222
132 1.24503
213 2.42998
365 -0.761505
269 10.8437
314 16.5328
310 -46.1673
230 4.11568
310 10.9681
125 0.0953979
137 0.581085
356 27.5752
280 9.30151
283 -35.3003
256 10.784
77 0.150558
274 10.2075
340 38.2731
299 19.2466
296 17.4069
260 9.01965
207 3.27576
285 -6.61786
139 0.793472
326 5.23962
358 20.4561
201 1.58934
42 -11.8058
330 31.1758
318 21.406
252 6.48889
116 -2.26283
262 9.00528
271 10.6117
293 7.84058
40 -4.32557
346 32.9636
335 3.33124
200 2.17107
259 10.2401
256 32.0705
272 9.73788
215 3.49426
335 22.7326
225 6.69774
230 3.15956
153 -2.96028
368 10.3921
309 17.2939
366 20.2702
88 -1.74741
171 23.0686
150 0.702118
291 18.1399
174 1.66003
129 -1.15141
325 25.0634
239 5.56061
286 4.13235
81 0.35891
142 0.428467
92 -0.695015
369 52.2935
57 -2.54109
266 8.11841
176 1.4875
364 18.7622
355 14.1715
264 9.5928
367 1.92081
178 1.26881
140 1.41693
145 0.511246
336 9.42142
329 14.7548
336 9.42245
368 4.25986
83 -1.46915
316 17.6349
207 1.45036
211 2.39658
326 4.293
149 0.72084
306 16.2877
152 0.261627
177 1.49893
342 19.6454
171 1.80391
271 8.51596
235 8.50912
323 18.0697
284 10.9951
327 12.4822
153 0.942764
190 0.904953
292 7.11435
260 3.48349
336 9.39172
237 5.40291
42 -11.8143
176 0.558807
269 37.3537
113 -5.40079
310 -44.7659
357 0.132629
364 8.27808
372 13.2076
112 0.19928
341 -1.32877
355 22.4422
364 40.9282
337 34.4499
223 3.5713
308 18.8011
220 10.3388
231 4.37038
273 10.0869
333 2.00046
328 2.67471
346 21.608
276 9.79828
151 0.761536
368 33.8394
365 7.97147
364 -0.877594
371 53.2563
254 7.06039
130 -0.95665
344 0.382111
200 1.47714
235 5.48927
257 5.98715
165 0.964874
247 5.46243
338 25.6956
256 31.8925
231 4.3644
347 19.3441
250 6.2912
220 3.45595
372 24.3905
283 -35.1864
28 -12.8332
18 -3.55249
355 6.05408
341 23.209
327 19.2489
172 1.36826
223 3.57181
154 1.28377
246 6.66975
338 83.7763
357 0.795166
138 -0.327621
314 16.0158
284 15.1449
124 -3.03999
3 -15.9555
150 0.687927
280 13.7217
207 1.56662
331 1.72211
281 5.53363
343 21.6263
346 32.2503
241 6.0218
285 4.9212
325 25.1051
211 2.16544
237 5.4025
116 -0.121078
323 30.2358
172 1.63698
277 -4.73007
242 5.47322
364 27.7515
354 40.9711
267 9.86511
137 0.608994
140 0.480255
322 2.70627
237 5.04195
365 7.7276
236 4.70221
209 3.06268
315 2.68726
354 23.0272
173 3.5175
172 1.41386
122 -4.66397
280 6.52863
310 21.9034
150 0.75293
331 43.8789
298 17.3405
219 3.13332
181 0.738525
276 8.08344
160 1.12434
143 0.625076
262 9.61215
285 17.4927
182 -21.0484
6 -26.8092
311 6.92139
160 1.43752
370 45.7188
367 5.67206
307 48.2578
324 21.0163
188 12.0384
200 8.73631
225 5.44148
222 3.21355
310 21.901
207 1.45041
364 -0.530945
177 12.6499
345 14.9511
75 0.116669
201 1.80452
147 1.53188
124 0.25856
67 -3.45443
267 10.1595
251 6.73816
249 -34.2385
346 33.9155
151 0.972275
204 2.34026
249 7.82523
296 18.8842
61 -3.84232
336 9.42557
249 6.4798
319 3.60205
215 2.63762
116 -0.641922
89 -1.73413
125 0.0350647
282 10.3127
362 22.6278
303 4.07281
247 6.67493
203 1.3638
338 0.742188
202 9.00041
288 4.74954
276 7.32394
359 20.186
200 41.4312
288 4.57492
88 -1.74474
346 2.97598
312 7.10028
221 4.03928
161 1.10497
149 0.721451
301 4.55951
125 0.573051
328 29.676
165 1.08261
202 2.07561
315 13.8808
38 -4.21434
332 30.999
116 -0.623749
322 2.58203
109 -1.02916
143 0.694046
307 4.79205
201 2.22084
