41 -4.29398
46 -5.30442
82 -2.32484
56 -3.05551
83 -2.34973
46 -5.3046
69 -2.83418
112 -1.52802
91 -2.14106
59 -4.26785
58 -3.5574
105 -1.84512
46 -5.3045
52 -3.30881
103 -1.97749
56 -3.52308
69 -2.96929
75 -4.18606
85 -2.19041
30 -5.52357
116 -1.66908
27 -5.1043
57 -3.66834
27 -5.07716
91 -2.14664
51 -3.62867
100 -1.91688
98 -1.9743
62 -2.51479
14 -5.54503
107 -1.56739
97 -1.76255
46 -4.10092
75 -2.42751
18 -4.45598
26 -4.18425
10 -7.29229
27 -5.06145
46 -3.38593
105 -1.70245
273 15.8306
65 -2.95092
56 -3.07552
276 16.7186
18 -4.57302
97 -1.7634
81 -2.42983
63 -2.649
8 -6.69347
89 -2.08491
41 -3.63717
51 -3.46484
81 -2.17753
85 -2.15112
100 -1.77875
52 -3.48853
81 -2.16587
95 -1.79549
119 -1.40347
166 -0.0216522
133 0.15097
159 -0.698669
64 -3.22113
101 -1.71643
40 -4.07499
87 -2.17757
14 -5.54497
23 -4.53775
66 -3.0075
52 -3.48953
22 -4.47438
37 -3.98772
107 -1.58295
70 -2.77438
124 -1.32537
15 -5.50137
27 -4.9011
118 -1.37215
18 -4.75419
40 -3.92088
74 -2.62497
139 -1.04131
91 -2.13449
49 -3.45565
61 -4.50338
45 -3.8369
101 -1.71651
31 -3.4971
103 -1.78947
19 -4.71825
27 -5.06306
158 -0.339142
70 -2.98203
98 -2.02134
43 -3.81552
56 -3.07585
101 -1.94514
62 -2.51571
70 -2.77467
75 -2.42734
100 -1.77232
51 -3.62901
75 -2.75845
82 -2.32507
122 -1.60793
174 -0.000991821
76 -2.21742
14 -5.54505
84 -2.12624
104 -1.92228
93 -1.93552
53 -3.31102
17 -4.73644
43 -3.25484
32 -3.31029
93 -2.17858
174 -0.000762939
55 -3.26139
36 -3.24538
75 -2.63308
64 -2.94286
95 -1.79205
20 -4.63489
52 -3.56145
93 -2.76288
139 -1.04111
75 -2.75812
105 -1.70177
109 -1.71286
98 -2.00691
163 0.0239868
19 -4.71305
99 -1.985
44 -3.75909
69 -2.81686
70 -2.93524
41 -5.10319
94 -1.89919
27 -4.20873
50 -3.42868
122 -1.55148
59 -3.09173
27 -5.1044
33 -9.04007
54 -3.1204
101 -1.72681
18 -4.75401
108 -1.72065
53 -4.27974
19 -5.84968
165 -0.317627
27 -5.06326
174 -0.000671387
114 -1.44787
140 -1.1111
31 -3.49469
69 -2.81787
103 -2.32178
62 -2.51607
46 -4.10077
119 -1.48029
69 -2.96191
5 -8.52609
105 -1.69928
56 -3.1942
15 -9.67781
53 -4.27924
80 -2.26752
46 -4.10224
117 -2.63705
188 -0.522079
107 -1.58309
116 -1.45618
103 -1.79279
28 -5.05594
63 -3.25115
188 -0.521301
75 -2.75831
57 -3.04718
27 -4.93653
75 -2.51471
40 -3.98991
85 -2.18958
36 -4.05416
36 -4.56205
50 -3.5331
37 -4.00952
89 -2.01128
69 -2.81783
23 -5.00128
12 -12.7465
55 -3.19005
188 -0.85582
101 -2.16424
95 -1.79501
107 -1.58272
10 -7.67977
85 -2.1889
189 -0.477783
139 -1.04187
55 -3.44615
12 -6.41637
105 -1.69109
174 -0.000930786
66 -3.10622
46 -4.10229
27 -4.18889
4 -5.04222
70 -2.98376
178 -0.726364
132 -1.15555
84 -2.18025
81 -3.5494
88 -2.20174
76 -2.65331
105 -1.74577
116 -2.00797
150 -0.663986
66 -2.97205
105 -1.71848
31 -3.49817
52 -3.48859
14 -5.54482
136 0.574936
86 -2.78835
82 -2.16738
139 -1.04108
82 -2.32484
99 -1.97498
102 -1.88239
175 0.294937
104 -1.73063
86 -2.78787
27 -4.22375
168 0.81076
64 -2.94322
85 -2.19038
37 -4.00846
79 -2.46915
236 4.02859
146 -0.886505
46 -4.10215
105 -1.72009
17 -4.70524
42 -5.15477
70 -2.98411
26 -4.51328
10 -7.29004
64 -3.35954
8 -4.98307
105 -1.71938
41 -3.63713
83 -2.34734
92 -2.10722
87 -2.18666
105 -1.73238
101 -1.93302
91 -1.86498
62 -2.51469
12 -5.39168
103 0.454964
6 -12.3205
121 -1.22027
53 -4.28006
53 -3.02157
27 -4.96859
107 -1.71815
40 -3.92347
12 -6.41613
116 -1.45703
123 -1.34912
69 -2.81741
158 0.0498199
55 -3.19435
103 -1.87695
103 0.457184
64 -2.94144
57 -3.07893
62 -2.5149
57 -3.04574
128 -1.11631
197 3.2374
55 -3.03671
84 -2.17887
108 -1.77312
19 -5.84807
30 -5.47687
159 -0.696945
52 -3.48841
19 -4.71921
25 -4.33015
41 -5.10493
70 -2.77425
70 -2.93521
27 -5.12969
116 -1.45453
107 -1.58244
178 -1.01776
126 -1.32796
101 -1.7538
176 0.271851
107 -1.58449
55 -3.19291
109 -1.75758
53 -3.34383
138 0.11055
258 13.3121
102 -1.63186
75 -2.75836
70 -2.9822
55 -3.17069
45 -3.5945
101 -1.7123
91 -1.96065
70 -2.77434
80 -2.51148
139 -1.10487
180 -1.49773
18 -4.57333
103 0.109177
75 -2.42756
33 -4.36413
19 -5.84903
179 0.352234
92 -2.07597
39 -3.85907
38 -3.74703
75 -2.42788
122 -1.39144
19 -4.71894
32 -4.31622
101 -1.70815
89 -1.87946
4 -5.04829
76 -2.5103
12 -6.41607
176 0.271286
108 -1.77994
108 -1.75191
139 -1.04108
91 -2.13166
168 0.895676
258 13.3117
69 -5.98477
155 0.611099
82 -2.68135
55 -3.17129
105 -1.70084
184 0.0701294
79 -2.26486
100 -1.7795
132 -1.42886
75 -2.75788
58 -3.10715
64 -3.22638
93 -2.19057
33 -9.02733
6 -5.87056
100 -1.77747
105 -1.68444
101 -2.13928
75 -2.42745
266 3.45316
77 -2.6534
9 -6.02192
62 -2.5155
76 -2.2177
65 -2.22762
136 0.568283
9 -4.88757
52 -6.00473
247 11.7873
23 -5.00288
30 -4.04386
178 0.50795
70 -2.98447
162 -0.137482
163 0.0188904
27 -4.91287
65 -3.09927
18 -4.75396
27 -4.20868
41 -5.09971
81 -2.3959
31 -3.98258
29 -4.58472
3 -8.24138
76 -2.64484
177 -0.59227
103 -1.98745
36 -4.11721
179 0.485474
91 -2.1408
108 -1.74012
20 -4.45188
98 -1.97694
209 7.13278
190 -0.419174
68 -2.74039
19 -5.84811
176 -0.772598
210 4.91618
51 -3.62907
37 -4.34454
188 -0.522217
173 0.678497
168 0.895691
97 0.0788422
51 -3.36922
76 -2.21782
220 7.94618
18 -4.75386
46 -3.41846
144 -1.07036
21 -4.25643
1 -4.77857
10 -7.29024
101 -1.93634
18 -4.75215
69 -5.98507
83 -2.34837
66 -2.915
75 -2.7585
32 -5.29253
46 -4.10227
159 -0.697037
18 -4.75413
12 -6.4161
133 -1.07866
175 0.836441
103 0.14505
273 15.8307
75 -2.72301
62 -2.51578
108 -1.77184
75 -2.75756
33 -9.02438
40 -4.62393
87 -2.09745
8 -5.91334
120 -1.62921
26 -4.2306
55 -3.18996
92 -2.17077
52 -3.48806
75 -2.758
18 -4.75391
33 -9.03156
116 -1.53711
202 0.896683
51 -3.6295
52 -3.4885
169 -0.526505
95 -1.79495
18 -4.75408
33 -9.02393
54 -3.30489
129 -1.44824
43 -3.25496
25 -4.39919
189 -0.484863
75 -2.50296
24 -5.6518
52 -3.48818
92 -2.14288
178 0.529953
52 -3.48924
19 -4.71823
146 -0.886658
107 -1.60688
136 0.572647
39 -3.73896
77 -2.65318
71 -2.67093
159 -0.691406
86 -2.17198
64 -2.94304
174 -0.171829
68 -3.02171
123 -1.53695
25 -4.53762
170 -0.0319061
43 -3.73482
54 -3.43301
115 -1.32884
81 -3.55238
109 -1.79471
37 -4.0088
49 -4.3144
69 -2.75546
91 -2.1409
91 -2.13496
95 -1.79193
176 0.272079
101 -1.71498
40 -4.62364
202 0.617859
71 -2.76142
136 0.24295
5 -5.09669
201 0.640869
36 -3.24533
45 -5.24569
57 -3.05752
114 -1.73788
95 -1.79666
57 -3.07379
88 -2.06914
36 -4.11712
200 0.321976
109 -1.72691
41 -5.07339
76 -2.2168
53 -4.27979
147 -1.03816
48 -3.37174
23 -5.17581
69 -5.98626
159 -0.697235
91 -1.86436
27 -5.10416
40 -4.62127
52 -6.00694
184 -0.635284
83 -2.34254
12 -6.41601
161 0.302979
20 -4.45124
75 -2.7585
147 -1.03448
213 5.02007
117 0.796898
15 -5.50643
5 -5.02429
89 -2.03141
199 0.101562
31 -3.49331
69 -2.72392
109 0.444313
62 -2.51623
223 6.07741
168 0.81076
95 -1.79543
69 -2.81788
132 -1.10138
175 0.29541
120 -1.46194
37 -4.0021
37 -4.00825
139 0.545456
81 -3.55293
53 -4.27976
35 -13.2805
197 3.23384
91 -2.14115
27 -4.20004
29 -4.35224
116 0.30265
87 -2.18733
100 -1.77237
26 -4.21808
74 -2.6245
179 0.482803
159 -0.839264
46 -4.10226
192 3.38979
139 -1.04164
81 -3.20836
138 -1.12411
178 -0.727936
165 0.301834
263 14.735
52 -3.48846
24 -4.93678
85 -2.19048
19 -4.71249
12 -6.41635
139 -1.04114
81 -3.55314
179 0.803528
163 0.0237732
27 -5.06295
154 -0.188202
173 0.681015
95 -1.79201
75 -2.42793
157 0.366348
116 -1.26464
105 -1.7
62 -0.118713
94 -2.14861
74 -2.62492
52 -3.4895
27 -4.93077
115 -1.41903
70 -2.77441
108 -1.74937
87 -2.18711
109 0.255875
101 -1.82654
109 -1.51495
156 -0.865234
107 -1.59228
49 -3.75968
69 -2.96365
146 -0.950882
27 -5.06126
49 -4.31377
106 -1.73076
276 16.717
12 -5.39625
61 2.31678
105 -1.7011
181 0.81192
29 -4.64522
121 0.308121
62 -2.51477
146 -0.908005
168 -1.34909
178 -0.729034
223 2.86389
91 -2.20445
205 4.37184
69 -2.81745
51 -3.62873
85 -2.18825
158 0.594757
23 -5.26355
151 -1.06171
26 -4.19363
2 -10.8686
124 -1.29862
164 -0.114822
17 -8.34563
15 -5.50667
164 -0.125031
160 0.526718
18 -4.75412
64 -2.75167
253 12.9719
76 -2.21757
173 0.124344
147 -1.04254
53 -3.47078
125 -1.26775
21 -4.0996
56 -3.3689
70 -2.9831
175 0.137863
43 -1.22409
85 -2.18875
139 -1.04117
151 -0.207596
94 -2.45236
30 -3.49485
75 -4.18777
78 -3.71426
135 0.637405
36 -5.57227
173 0.678375
40 -4.62407
74 -2.62453
152 0.723114
187 -0.807877
122 -1.35957
139 -0.735428
75 -2.42728
165 -0.319672
103 -2.89559
10 -6.42199
151 -0.84845
10 -7.67963
14 -3.46737
26 -4.1885
18 -4.75394
14 -5.54492
50 -3.42939
10 -7.67942
43 -3.2459
190 -0.419357
81 -2.45325
159 -0.696655
77 -2.65347
33 -14.8123
202 0.896561
145 -1.11617
33 -9.027
263 3.56906
6 -5.88148
95 0.247765
14 -10.4183
86 -2.78868
79 -2.57505
139 -1.10603
120 -1.45185
175 0.138077
123 -1.3168
135 -1.27486
128 -1.51584
177 -0.57312
26 -4.48685
184 -0.643738
161 -0.833221
163 0.019455
81 -3.54828
20 -4.45211
66 -3.48382
18 -4.7572
46 -4.10055
8 -5.03172
119 -1.44215
113 -1.47168
271 3.22818
33 -5.09631
138 -1.12471
114 0.284279
75 -2.7588
169 -0.271896
43 -3.24948
14 -5.54516
144 -0.0313873
85 -2.17497
64 -3.22546
40 -4.62197
33 -4.7622
136 0.242889
33 -9.02385
178 -0.728836
108 -2.38428
127 -1.36996
137 0.097168
180 -1.49849
37 -3.98882
123 -1.33382
45 -5.24609
139 -1.10565
82 -2.32462
146 -0.888779
75 -2.75855
30 -14.8708
147 -1.04149
36 -4.95745
64 -2.94292
37 -4.00206
195 0.920914
61 2.34158
4 -7.42562
78 -2.6124
43 -5.10455
120 -1.51457
110 -1.92204
209 7.13321
156 0.356979
18 -4.75411
209 0.398834
27 -4.23804
168 0.382126
157 -0.251648
78 -2.30167
22 -4.47316
35 -4.57047
77 -2.65265
87 -2.18652
108 -1.75637
159 -0.901367
223 2.86305
192 3.38942
162 0.562546
195 1.20605
258 13.3121
75 -2.62874
178 -0.728699
163 -0.093338
37 -4.00439
69 -2.96931
198 1.11383
153 -0.31871
102 -1.7476
37 -3.98836
159 0.677353
81 -3.55299
43 -3.25485
168 -1.0358
235 4.03107
91 -0.238327
135 -1.27098
62 -2.51471
209 7.13426
99 0.396126
148 -0.66362
108 -1.75028
27 -5.09782
14 -3.3654
165 0.326691
11 -16.3492
127 -1.20123
179 0.351822
53 -4.28003
85 -2.275
156 0.3629
87 -2.1841
137 0.0968475
50 -3.42687
69 -2.96412
35 -4.12625
53 -4.27976
101 -1.73993
10 -8.3062
98 -1.44329
93 -1.84391
53 5.1706
159 -0.69696
77 -2.98302
51 -3.62859
50 -3.51453
100 -1.77826
71 -3.16302
69 -2.96436
224 2.65001
26 -4.20984
43 -3.24786
27 -5.13151
172 0.711136
115 0.299797
83 -2.19647
197 3.23701
51 -3.62924
27 -4.20905
176 0.138733
85 -2.18897
12 -6.41607
70 -2.93533
156 0.3573
31 -3.33988
227 6.89499
169 -0.0662994
101 -1.73246
184 -0.644638
101 -2.43645
130 -0.204071
158 0.876495
74 -2.59077
175 0.976532
282 5.16855
56 -3.07557
41 -3.63651
153 -0.400238
10 -5.00067
19 -4.71801
223 2.86365
41 -5.09967
158 0.309265
147 -1.01791
156 0.359726
9 -4.88648
173 0.678482
36 -15.1545
153 -0.0129547
45 -5.24576
163 0.0189972
139 -0.00167847
224 2.64856
178 -0.726807
39 -3.88367
167 -0.442749
117 -2.637
30 -14.5536
112 -1.49632
101 -1.74712
103 -1.47662
50 -3.34544
213 4.84972
19 -5.84847
11 -4.91155
52 -3.48848
153 -0.395111
175 -0.639236
150 -0.668381
122 -1.34396
115 0.263481
20 -12.5711
75 -2.7239
84 -2.0627
86 -2.78762
175 0.296432
95 -1.79494
120 -1.77585
31 -3.49405
64 -3.16139
70 -2.86031
37 -4.00807
136 0.241928
59 -3.08852
166 -0.0500946
145 0.49437
187 -0.507904
21 -7.87851
34 -4.32735
19 -5.84845
74 -2.49394
168 0.896011
169 0.636261
109 -1.76324
116 0.404442
178 0.529922
96 -1.79478
132 -1.10155
19 -4.71786
74 -2.62479
170 -0.0981903
178 0.529968
37 -4.00576
26 -4.50307
159 -0.69696
105 -1.38225
78 -2.60983
110 -1.77998
175 0.139069
195 1.19104
75 -2.72535
213 0.52356
10 -7.67904
102 -1.8817
57 -0.24609
46 -2.83559
28 -5.1658
62 -0.281357
226 8.07585
64 -2.94312
37 -4.00859
153 -0.343842
118 -1.52364
101 -1.91445
166 -0.0638275
130 -1.14661
71 -3.17313
163 0.0194244
91 -1.86545
99 -1.48553
188 -0.521286
256 2.94473
174 -0.578995
51 5.5183
236 4.02892
197 3.23291
108 -2.3843
223 2.86394
148 -0.891373
37 -4.01147
64 -0.265224
82 -2.32604
27 -4.17155
133 0.0727997
27 -5.06403
2 -6.03995
167 -0.365433
163 0.0189514
101 -1.92757
125 -1.28292
34 -5.21223
262 3.61246
163 0.0187531
181 -0.518082
72 -2.51529
68 -2.8392
184 -0.645325
152 0.531845
111 -1.88077
69 -2.9639
135 0.638718
134 -1.45187
64 -3.43136
146 -0.935135
126 0.391197
75 -2.43022
95 -1.79292
174 -0.591049
105 -1.71824
36 -3.24565
171 0.0864563
187 -0.602051
157 0.366409
168 -0.0464172
49 -3.59405
27 -5.13066
135 -1.2701
131 -0.347687
95 -1.79198
163 0.023941
117 0.514694
65 -3.30334
172 -0.691208
163 0.023819
117 0.797119
109 -1.89185
168 0.896133
98 -2.03869
157 -0.382797
38 -3.80379
69 -5.98491
156 0.359833
18 -13.7023
178 -1.0177
61 -4.66916
37 -4.00202
103 0.135063
69 -2.79656
174 -0.591095
240 3.03262
11 -8.95863
114 -1.29631
109 -1.84396
151 -0.999069
22 -4.47369
174 0.0391541
199 0.101379
95 -1.79199
178 -0.597794
76 -0.240898
145 0.214462
257 4.7652
122 -1.18661
75 -2.75822
174 -0.000823975
51 -3.62879
158 0.048172
133 -1.14923
170 0.339828
139 -0.00178528
130 0.461212
108 -1.80119
137 -1.15192
178 0.352905
195 0.0568695
88 0.0700684
64 -2.94273
136 0.567459
183 -0.565811
19 -4.50553
222 5.77716
135 -1.25861
198 1.11392
56 -3.37021
56 -3.07591
176 0.832733
34 -14.5768
150 0.750458
107 -1.79549
158 0.56871
84 -0.0837936
46 -4.10097
147 -1.00008
80 -3.42091
192 3.38942
91 -1.86443
203 0.408066
131 -0.15036
170 -0.102066
219 1.03473
14 -5.54489
132 -1.11394
156 0.358246
159 -0.697678
228 3.55734
151 -0.745743
146 -0.714813
202 0.715714
42 -5.15703
61 2.32028
107 -1.55291
109 0.255905
16 -4.78649
126 -1.32011
162 0.715897
158 0.55278
103 0.132675
56 -3.07554
224 2.63206
18 -4.57794
53 -4.37667
36 -15.2159
46 -4.56795
145 -0.895355
141 0.490219
16 -8.85901
10 -7.67944
25 -4.34068
37 -4.00864
161 -0.54097
201 0.63472
88 0.00595856
6 -4.96934
271 3.22052
32 -5.98491
117 -2.63823
121 -1.57424
82 0.0690765
226 3.52527
99 -1.74292
87 -2.18729
153 -0.529343
41 -3.69177
175 1.14629
146 -0.890228
44 -3.6867
69 -2.76012
123 -1.36098
116 -1.51584
12 -6.82296
102 -1.63058
179 -0.924576
87 -2.58842
19 -4.71703
145 0.727707
151 0.0849152
85 -2.75043
135 -1.27635
89 -2.14703
25 -4.2984
150 -0.662491
151 -1.02998
74 0.638474
197 3.8063
165 -0.0725098
165 -0.319168
175 1.1469
122 -1.39321
151 -0.996246
38 -4.16667
138 -1.11411
158 0.594406
37 -3.98885
136 0.574478
158 0.877853
106 0.431152
224 2.64807
279 4.79404
29 -5.72187
224 2.64938
136 0.574356
139 0.52124
154 -0.189407
117 -1.25771
163 0.0188446
27 -5.06177
51 -3.62882
62 -0.119972
109 -1.71505
92 0.300568
161 -0.822144
179 0.352005
162 0.85878
103 0.456406
161 -0.54097
31 -3.33484
147 0.322296
3 -5.40934
200 0.32196
140 -0.199127
132 -1.01019
82 -0.127357
168 0.896225
97 -1.74284
135 -1.27211
156 0.759842
165 -0.317703
159 -0.696671
165 -0.317703
133 0.145264
75 -2.42799
139 -1.04178
139 -0.00198364
163 0.0190887
95 -1.45718
31 -3.4956
108 1.44643
162 0.58461
130 -1.20126
133 0.396393
194 1.40178
23 -5.23778
69 -2.7543
64 -0.205757
168 0.308441
153 -0.319778
68 -0.0430069
103 0.44342
44 -3.63039
121 -1.1741
62 -2.51485
71 -3.18046
157 1.00237
112 -1.84748
30 -4.06117
163 0.0238953
89 -2.08965
108 -2.38486
195 0.0569611
98 0.0649109
240 3.73494
111 -1.40813
163 0.0188599
162 -0.600281
101 0.0394211
97 0.063118
202 1.22762
134 0.0739136
64 -2.94167
12 -6.41631
66 -0.384293
13 -4.80821
167 0.304092
207 1.47849
134 -1.1396
163 0.219589
123 -1.35783
153 -0.319183
169 0.264664
203 0.895157
207 0.463165
173 1.21849
159 -0.702911
99 -1.7707
51 -3.62871
20 -9.44506
25 -4.27954
69 -2.81754
131 0.599716
258 13.3122
135 0.639145
10 -7.67954
108 0.0140686
144 0.740051
67 -8.58482
148 0.812363
37 -3.98767
105 -1.67347
40 -4.62211
122 -1.39315
155 -0.234833
87 -0.0767899
147 -0.00364685
6 -5.87105
97 0.079361
39 -6.65321
55 -3.39351
148 -0.892288
12 -6.4162
153 -0.321655
52 -3.49252
70 -2.98242
69 -2.81847
61 2.3361
26 -4.2379
27 -4.22402
104 0.353806
98 0.0741043
26 -17.4657
173 -0.603607
70 -2.98386
156 0.357529
159 -0.691925
75 -2.75848
162 0.254257
45 -3.73519
112 -1.9093
69 -5.9845
116 0.299889
92 -2.11362
132 0.0980682
175 0.327301
223 2.86302
32 -15.1412
97 0.0600891
33 -9.02175
110 -2.28031
15 -4.76885
210 1.50916
84 0.010231
111 -2.06243
52 -3.48863
85 0.696144
29 -0.626434
40 -4.62377
175 1.14104
86 -0.087059
57 -3.03996
25 -4.30177
92 0.298622
133 0.843781
131 0.199249
74 0.638184
41 -12.5404
71 -3.17437
178 0.530472
193 2.74252
52 -3.31585
139 0.512634
136 0.242859
166 -0.109421
166 -0.327972
129 -1.43386
161 0.356705
122 -1.39201
43 -4.32763
136 0.567596
58 -0.329269
92 0.307159
61 2.3398
96 -2.40722
85 -2.73727
147 -1.0377
161 -0.995346
141 -1.1346
165 0.094574
107 -1.89478
163 0.0191345
130 -1.1956
206 0.872208
31 -14.5671
139 0.662537
43 -5.1016
56 -3.07546
136 -0.0343475
136 0.611084
147 -1.03944
122 -1.16076
169 -0.63649
10 -7.29066
68 -0.0450287
139 0.510101
57 -0.245518
144 0.0953979
109 -1.80215
136 0.239258
64 -3.36071
56 -3.36525
104 -1.67147
143 -1.00496
122 -1.15687
66 -8.24297
14 -5.27152
174 -0.000808716
112 -1.30067
253 12.9722
101 -1.45567
169 -0.858414
12 -6.41622
105 -1.74639
139 -1.14023
212 0.582703
153 -0.321671
271 3.22678
166 -0.694183
43 -5.10472
48 -4.597
124 -1.05192
96 -2.40232
127 -0.267059
98 -1.97568
166 0.314819
133 0.141525
86 -0.0900421
107 -2.36679
83 -0.0193863
255 3.09972
104 -1.68192
60 -0.181602
85 -0.101707
75 -2.42789
37 -4.00706
139 0.512482
230 7.48201
131 -1.30446
36 -4.11731
241 9.00879
247 11.7971
12 -4.94041
30 -3.80113
151 -1.02988
149 0.441025
171 -0.315857
87 -1.31988
153 -0.0670929
147 -0.999649
223 2.86298
149 -0.885452
103 -1.47302
153 -0.42128
50 -2.97731
281 5.08105
105 -0.00171661
164 -0.455154
158 0.04953
165 -0.342178
132 0.419327
140 -0.880325
52 -3.48898
98 -1.31137
143 -1.05881
247 11.7971
135 -1.19095
40 -13.016
224 2.64769
171 0.086319
108 0.0140991
144 -0.0305939
98 -1.33976
164 -0.479309
26 -5.04476
206 5.51883
3 -9.44277
163 -0.0753937
27 -5.06316
36 -14.8562
122 -1.15303
18 -4.64001
134 0.124405
24 -5.67062
139 -1.14046
162 0.722626
102 -1.87987
224 2.64828
31 -3.34899
253 12.9723
180 -1.49768
171 -0.686142
94 -1.48515
29 -14.8903
231 2.4005
140 -1.01477
98 0.203217
52 -3.48787
72 -9.19644
64 -5.30655
181 -0.518173
26 -5.58688
163 0.0190277
121 -0.0288239
224 2.63278
9 -4.94681
180 -0.719681
168 0.605759
127 0.239906
69 -5.98623
131 0.205429
137 0.0976105
164 0.336502
121 -1.74107
31 -0.722151
144 -1.06332
139 0.66362
131 0.233109
71 -3.1944
81 -2.47119
91 -0.239212
178 0.530045
159 -0.341843
153 -0.322464
10 -7.67914
137 0.0969849
84 -1.60567
46 -8.78569
158 0.406128
63 -3.37094
175 1.14818
85 0.695198
68 -0.0230713
102 0.4291
42 -12.0072
223 6.07692
156 0.35701
69 -5.98584
135 -0.949493
168 0.810791
156 0.357483
59 -0.181122
132 0.235443
154 -0.887543
101 -1.70876
52 -6.00687
99 -1.37726
166 -0.381424
25 -0.686884
92 0.225159
33 -9.02686
131 -1.19992
58 -3.42688
165 -0.342834
127 -1.22514
134 0.0740051
103 -2.44173
12 -6.41622
126 -1.46666
174 -0.572113
145 0.683334
136 -1.12024
18 -4.75406
31 -3.49342
133 -1.15401
147 -0.471481
124 -1.28161
160 0.330978
165 -0.342667
98 0.0747223
42 -5.15665
135 0.229004
156 0.792816
110 0.213791
98 0.0451736
173 0.200195
176 -0.578461
136 0.104721
167 -0.0438385
97 0.367409
153 0.438187
127 -1.19411
10 -7.29436
36 -4.11713
174 0.166122
69 -2.66939
122 -1.17197
164 -0.350952
158 -0.914673
145 -0.0691376
169 2.83864
113 -1.37528
212 2.30305
103 -2.891
75 -2.55393
150 -0.765778
121 0.152824
27 -5.15934
158 0.593613
157 -0.0368652
138 0.309433
127 -1.29257
162 0.722595
134 -1.10698
147 -1.04524
134 0.0772858
138 -1.1259
31 -3.49606
163 -0.259262
165 0.829376
97 -1.43478
114 0.285728
234 4.23859
97 -1.7565
84 -0.0853271
30 -3.60084
206 0.872223
153 0.529724
11 -0.855293
16 -9.60257
166 -0.326508
157 -0.972717
306 9.18503
175 -0.625549
130 0.211075
131 0.59964
61 2.22536
208 4.3952
91 -0.238274
151 -0.996597
165 0.902008
151 -0.485184
161 0.568268
74 -2.45535
12 -15.0357
123 -1.2635
124 -1.29549
158 0.592331
88 0.00606537
258 13.3121
139 0.521027
175 0.139099
3 -5.60964
48 -4.34638
144 -0.0310516
156 0.360825
173 1.21394
166 0.767807
135 -0.748367
95 -1.22941
200 0.320816
168 0.616043
265 3.81754
6 -5.87972
126 0.246437
162 -0.136383
136 0.242889
26 -4.28129
139 0.512619
139 0.0787506
30 -5.02833
124 -1.43955
36 -4.11708
212 2.30266
97 -1.43185
223 2.86299
50 -0.338806
97 -1.43034
168 -0.328415
158 0.594833
132 0.0506439
161 1.06914
60 -0.201168
25 -4.27655
114 -1.2875
108 -1.43664
116 0.301987
159 0.309509
146 -1.09918
163 0.0188141
139 0.521225
167 0.390701
191 0.5979
153 -0.320084
22 -4.47911
154 -0.214874
108 0.0132828
59 -2.93446
62 -0.119038
92 0.220413
143 -0.967239
163 0.0190125
129 -1.11135
57 -3.04687
162 0.319855
61 2.35466
191 -0.488083
91 -1.49701
70 -2.77383
107 -1.50421
105 -1.55164
166 0.292267
158 0.0481567
118 0.744484
2 -5.31038
105 -1.74138
50 -9.33421
134 0.247101
166 -0.716812
175 0.138901
161 -0.0548401
130 -1.21002
130 -1.51044
114 -1.28741
108 -2.38479
68 -3.0632
163 0.0188751
46 -4.10096
69 -8.09434
174 2.49805
157 -0.984131
136 0.633621
119 0.409538
147 -0.0369873
89 0.168121
95 -3.02637
108 -2.38511
152 0.293686
145 -1.00969
135 0.271652
156 0.534363
132 -1.11563
224 3.28716
267 5.12369
116 -1.23567
97 -1.43168
10 -10.8803
60 -4.84018
115 0.432053
114 -1.29288
91 0.321793
42 -3.74611
5 -4.76723
96 -1.46735
156 0.546921
62 -0.118732
151 -1.0321
262 5.44299
165 -0.342163
88 0.00587463
174 -0.000930786
263 14.7387
215 1.03273
191 1.22804
86 -2.78841
40 -4.62367
131 0.592346
176 1.19304
158 0.929672
37 -4.0022
175 0.139099
133 0.0726471
141 0.431885
154 0.446411
113 -1.31889
224 2.63188
164 -0.794418
139 -0.00202942
68 0.413246
177 0.247116
120 -0.0764389
131 -1.20747
95 -1.43541
166 0.324051
174 2.49919
161 1.08659
152 0.00358582
175 0.295212
97 -1.42999
148 -0.896515
90 -1.49702
129 -1.42825
104 0.102135
66 -0.38163
206 0.872314
184 1.58078
173 0.679962
62 -0.354435
172 -0.763214
158 0.594147
27 -5.06341
206 0.871948
28 -4.22903
149 0.269592
130 0.206116
144 0.293259
38 -0.420044
43 -5.10268
59 -2.95114
112 0.145355
122 -1.1959
165 -0.317368
147 -1.03894
189 1.01508
31 -5.74797
92 0.30381
68 0.442505
38 -0.416203
157 -0.595276
236 3.42755
162 0.858521
114 -1.31662
178 -1.01767
114 -1.29588
109 0.631721
33 -9.02254
179 0.351883
133 -1.16669
14 -4.39079
26 -4.48451
131 -1.83072
151 -0.207611
187 -0.630539
112 -1.62927
109 0.546768
91 -0.229301
37 -4.00697
21 -9.08807
121 -1.18496
132 -1.67755
64 -2.94228
25 -4.62377
107 -1.90997
122 0.120422
103 -2.20577
154 -0.201645
17 -4.5668
165 -0.317337
22 -4.48079
148 -0.890381
105 -2.1437
57 -0.245331
206 1.38222
135 0.275238
69 -5.98414
81 -3.54951
158 -0.709839
108 -2.38445
27 -5.0615
165 -0.317398
126 -1.28986
200 0.320297
86 -2.25497
109 0.256248
122 -1.64828
163 0.0237732
108 1.44525
215 5.3494
158 0.351349
213 0.496521
209 0.399033
71 -3.16936
139 0.510178
69 -0.316727
13 -4.78742
209 1.42143
178 0.530014
153 -0.319656
43 -3.25455
234 2.93744
171 0.0867004
158 0.594727
151 -0.741531
109 -1.51198
177 0.321472
269 5.42203
158 0.0496368
150 -0.940201
213 0.489517
103 -2.89657
33 -9.02372
45 -0.474728
132 -1.10184
126 0.154999
76 -2.6489
59 -0.18103
124 0.512314
207 2.45332
94 -1.53971
44 -0.496815
171 -0.81604
162 -0.118088
92 0.30146
185 3.38716
95 -1.22163
70 -8.51674
173 0.969559
28 -4.20433
34 -4.484
108 -1.78361
163 0.0239258
116 0.29953
156 0.472412
265 7.83563
27 -5.06308
153 -0.400192
155 -0.0709991
60 -3.26296
35 -14.866
124 0.461319
12 -6.4161
85 0.695839
122 -0.0412903
139 -1.04176
313 10.4208
68 -0.0450211
132 0.70636
57 -3.27436
150 0.989365
52 -3.48694
219 1.03317
6 -13.3241
46 -3.64653
35 -14.9027
28 -4.24172
235 4.03127
156 -0.0505676
15 -4.75964
166 1.12099
57 -0.412949
136 0.23317
138 -1.11414
92 0.302834
181 1.12236
162 -0.136688
166 -0.0501862
84 -0.0855026
195 0.91777
57 -0.414406
103 -3.0807
152 -1.02525
141 -1.73253
159 -0.901321
166 -0.471313
111 -1.82442
103 0.449051
85 0.695114
156 0.360367
175 0.139587
121 -1.34216
156 0.359818
57 -0.245197
76 -2.64737
121 -1.19324
139 0.512527
112 -1.27158
195 0.917862
139 0.52153
71 -3.16685
139 0.509933
261 9.2529
181 -0.498138
42 -0.338242
159 -0.692886
224 2.65117
184 1.43106
28 -4.2026
10 -8.02156
148 -1.03633
157 -0.249954
135 0.296951
80 0.000335693
214 1.67256
128 -1.00887
163 -0.914688
223 3.24725
10 -4.98537
91 -0.166138
184 -0.643845
37 -3.99482
86 0.192551
173 0.680725
109 -1.42648
92 0.310013
125 0.266762
139 0.521332
226 3.46013
149 0.0815582
159 -0.252975
140 0.367508
19 -4.76554
38 -0.41497
78 -0.387482
11 -0.85536
148 -0.972687
41 -15.5395
158 0.0494232
95 -0.0115356
162 0.716843
144 -0.0538483
11 -14.6181
234 4.12419
143 0.45665
171 0.0869293
75 -0.235176
92 0.294998
108 0.0140228
145 0.215332
28 -4.21437
30 -5.08641
171 0.0864716
46 -4.10232
262 8.85501
52 -6.01136
121 0.115738
138 -1.12993
170 -0.101364
21 -0.61022
130 -1.41434
19 -13.4735
269 5.2558
162 -0.966614
107 -1.55348
157 0.307236
108 0.398308
107 0.597298
95 -1.22691
157 -0.0657806
145 -1.14755
14 -3.36629
175 0.296066
85 -2.75072
149 -1.00655
86 -2.77483
97 0.0620422
147 -1.03909
224 2.63239
221 2.31615
139 0.663651
110 0.293304
144 -1.06583
88 0.00605011
150 0.712021
28 -4.23019
189 -0.479919
159 -0.691177
38 -0.414646
163 0.148331
111 -1.33395
161 -0.368851
109 -1.50976
182 1.6953
132 0.432037
167 0.6064
36 -0.55994
81 -0.161827
109 0.541229
114 0.145493
115 -2.0041
175 0.294952
139 0.618759
169 -0.523376
161 -0.82634
98 -2.13457
28 -5.35747
132 -1.14125
185 -0.658737
139 0.521149
161 0.626404
12 -5.57839
147 -1.04245
57 -0.246014
28 -5.53175
166 -0.0533752
37 -4.00765
176 0.336853
173 0.680695
3 -9.44175
109 -1.55788
169 0.292145
65 -2.22603
158 -0.863174
231 2.87189
158 0.407211
151 0.909653
198 1.11389
108 0.0140991
38 -0.419727
226 2.18513
134 0.0748444
65 -0.343712
162 -0.18544
46 -9.42638
44 -0.421444
164 -0.806259
57 -0.413464
58 -0.332127
182 1.6619
169 -0.136871
151 -0.327881
134 0.145538
132 -1.08881
103 0.483452
200 0.645874
213 5.15572
145 -1.14207
70 -3.65025
95 0.362671
158 0.542175
103 0.132919
198 1.11385
303 9.13712
57 -0.246048
22 -9.6776
168 -0.214111
53 -4.27983
223 5.98563
145 -0.775497
111 0.130676
158 0.593811
158 0.593033
6 -5.27687
99 -1.58115
81 -2.65391
169 2.83748
133 0.096283
194 1.93436
2 -5.32153
22 -4.47519
63 -4.25094
134 -0.934784
145 -0.635956
168 0.521622
104 -1.4846
62 -3.10213
230 7.4821
33 -4.23651
281 5.08109
133 0.0721283
137 -1.25464
143 0.873093
163 0.0368347
101 0.0486984
156 6.74248
219 1.03221
144 -0.0601959
171 0.0865173
121 0.151024
157 0.366531
180 -0.427795
101 -1.70987
138 0.0153198
108 0.0297546
163 0.0236053
168 -0.808517
68 -0.290916
268 4.70087
110 0.214081
158 -0.952316
52 -3.48877
111 -1.82716
132 -1.19308
2 -5.44213
87 -1.58913
165 -0.342239
172 0.288376
37 -4.01042
212 2.30168
5 -5.07693
143 0.0420685
225 3.1792
72 -8.96753
6 -6.71064
174 2.49881
22 -4.47353
161 -0.747421
174 2.498
197 3.23669
135 0.217789
176 0.822845
158 0.593597
154 -0.18837
137 0.09758
159 -0.691086
69 -2.85951
127 -0.112617
131 0.234512
164 -0.11673
166 0.943344
101 0.0483322
158 0.406204
10 -7.67892
110 0.53405
63 -2.6137
165 -0.342056
76 -2.98164
213 2.40514
147 0.75679
170 1.27545
26 -4.50288
83 -2.64531
19 -4.77566
95 -1.44173
136 0.24321
121 0.153145
132 -1.10144
108 -1.43501
82 0.182907
103 0.13343
164 0.0887299
130 -1.284
230 7.4818
108 0.529892
132 -1.10162
70 -3.00021
129 0.549561
95 -2.37608
175 1.14667
123 -1.32778
144 0.0330353
130 0.205933
162 0.117249
150 -0.0465088
66 -0.376434
233 8.89854
153 -0.321793
139 0.51265
117 0.0338898
46 -0.356083
85 -0.101799
154 -0.202789
163 0.302505
57 -3.04659
40 -7.06828
105 -2.62117
149 0.77652
2 -6.0816
122 -1.3931
49 -3.12829
165 -0.634583
223 7.7787
38 -0.45462
135 0.280487
207 1.43179
212 2.28464
121 0.118286
62 -0.119736
165 0.262833
136 -1.16199
38 -0.571899
59 -0.181141
136 0.191879
221 2.31618
182 1.14748
40 -4.62399
271 3.22031
30 -1.59081
166 -0.0500946
31 -0.654087
147 0.766525
43 -3.2569
165 -0.342911
166 -0.0501862
148 -0.95929
50 0.10099
136 -0.0344391
250 3.56187
88 0.00602722
75 -0.232178
85 -2.75063
139 0.51265
164 -0.8629
189 -0.479889
153 -1.01012
168 0.598129
139 -0.00190735
243 1.97266
107 -2.3574
95 -1.29289
82 -0.153275
139 0.657272
156 0.391678
135 0.645981
121 -0.0376663
215 5.76384
220 1.83339
134 0.146255
174 -0.584167
152 0.638474
148 -0.892639
43 -3.24628
140 -0.801727
165 1.13383
215 0.985748
121 0.115662
81 0.0912399
134 -1.15715
177 -0.30722
98 -1.70689
165 -0.317444
150 -0.663025
136 0.574371
49 -3.55786
223 2.86293
166 0.299072
163 0.0240479
147 0.185944
178 -0.668671
137 0.298859
132 -1.10571
223 7.77925
131 -1.02412
175 0.139023
56 -4.52283
71 -3.21163
197 3.23637
35 -14.8162
136 -0.0362549
170 -0.636902
136 0.574661
23 -0.636013
41 -15.0551
177 -0.307892
152 -0.383606
62 -0.352875
156 -0.100769
41 -3.90249
145 0.2155
102 -1.60933
81 -3.54952
138 -0.737076
223 8.38322
207 1.47578
224 2.65041
173 0.680862
235 4.03114
177 -0.644363
56 -3.727
126 0.390717
68 -0.0138626
162 -0.21405
147 -0.970123
142 0.144547
133 0.0726471
58 -0.250023
137 0.097641
170 -0.120056
197 3.80832
55 -29.0405
51 -0.342468
152 -0.466629
169 -0.261765
131 0.590454
120 0.144783
103 -1.72829
137 -1.133
120 0.336243
151 0.892578
107 0.600632
165 -0.317596
40 -3.91038
101 0.0495071
153 -0.913208
145 -1.04671
89 0.272438
148 -0.970108
108 0.0137558
152 0.2939
128 -1.41846
69 -2.79625
105 -2.62156
64 -3.22083
223 6.07701
125 0.377792
140 0.374695
8 -5.17605
108 0.100441
162 -0.13739
121 -1.16211
102 0.459457
168 0.811646
59 -0.181114
109 0.394241
64 -2.94357
115 0.290047
192 0.609329
124 0.538078
4 -6.33186
133 0.0728149
114 -1.2959
87 -0.0796356
160 0.358139
53 -4.28094
14 -3.36744
119 0.355965
69 -2.96349
144 0.478775
107 0.597595
130 0.206039
166 0.350128
27 -5.64559
156 -1.01665
57 -0.413906
136 0.574539
172 -0.66832
7 -11.6891
258 13.3122
263 14.7356
223 7.77911
95 -0.147667
154 -0.190048
112 0.284325
143 -0.642792
5 -16.3671
164 0.227219
90 -3.05014
170 1.44202
211 1.50513
110 0.293396
58 -0.328804
138 -1.06746
17 -5.23944
116 -1.28065
115 0.290001
127 -1.46263
104 0.456444
117 0.797028
145 0.803375
273 5.72491
160 0.545563
162 -0.467804
226 3.47858
160 0.110916
132 -1.11926
133 -1.16048
139 0.522034
190 -0.419388
112 0.289421
167 -0.380081
110 -1.56551
179 0.351974
234 4.43532
187 1.64528
68 -0.0448227
121 -0.0369263
123 0.405899
114 0.0208893
158 0.594223
104 0.0544586
87 -1.29264
104 0.46933
161 0.803467
239 10.457
116 0.0940704
51 -0.336796
185 3.22534
9 -5.86367
178 1.84798
109 0.543304
110 0.213226
132 0.820389
150 0.738434
100 -1.39568
52 -2.94788
177 0.344467
103 0.124741
206 0.138672
271 3.22885
43 -0.538757
138 0.0169678
163 -1.11176
180 -1.49879
136 0.243134
121 -1.18701
167 -0.361618
84 0.059166
10 -7.29279
144 -0.0310364
175 1.14578
68 0.413162
136 0.634567
107 -2.3687
235 4.69098
162 -0.136841
178 1.84309
165 -0.317703
26 -4.17431
141 -0.800171
275 6.04382
246 3.25604
181 2.9325
141 -1.07906
164 -0.271622
140 0.375519
138 0.0164642
195 1.2074
158 0.594482
135 0.645126
197 2.70526
9 -5.06285
136 0.175446
201 0.641998
158 0.59523
157 -0.25032
202 1.43172
108 1.44479
154 0.552582
5 -11.8454
82 -3.69147
170 -0.676361
230 7.48174
142 0.40448
88 0.00593567
116 0.301941
12 -5.39553
164 -0.0996552
224 2.63211
135 -1.25655
10 -7.67906
119 -2.09711
165 -0.342438
149 -0.871002
114 0.0210724
153 -0.396271
136 0.57518
108 0.465927
116 -0.0147247
35 -4.1911
50 -8.68468
85 -2.75035
247 11.7866
220 2.4536
120 -1.23488
58 -0.32888
169 1.32707
33 -9.0225
50 0.100941
86 -0.222679
75 -0.0428314
123 0.0522003
226 2.18552
27 -0.706354
166 -0.263077
271 3.22794
22 -4.47856
97 0.587753
153 0.412109
173 -0.676849
105 -2.6214
89 0.0101852
34 -0.596836
204 2.51128
165 0.130157
152 -0.077652
122 0.119804
139 0.66394
126 0.166237
135 0.637665
110 0.293709
134 0.21109
102 0.466766
68 0.441872
114 -0.0113068
218 1.71974
213 0.535568
163 0.0237274
247 11.7867
129 -1.38326
149 0.299774
136 0.233139
145 0.215485
164 -0.255692
139 0.636368
152 0.314484
160 -0.793655
143 0.31543
53 -4.37701
137 -0.00314331
52 -6.00224
138 -1.11424
145 0.21553
139 0.727554
116 0.144203
85 -2.75071
119 0.124062
125 0.514359
164 -0.741959
120 0.26825
140 0.00105286
12 -6.41601
98 -1.40506
147 -1.03871
133 0.843033
121 -0.034935
85 -2.75034
162 0.858582
121 0.166595
96 -1.48509
172 0.313446
206 2.67558
103 0.527069
3 -4.46033
139 0.512558
62 -0.118511
165 0.114563
64 -0.255646
134 0.159195
63 -4.34106
247 11.7864
223 2.86298
76 -6.88794
123 -1.31494
144 0.291672
136 0.39679
146 0.298599
243 1.97231
139 0.657684
100 -1.52322
138 0.62355
172 -0.866776
171 -0.844772
86 0.210083
65 -0.351944
175 1.14642
136 0.572266
226 3.52028
139 -0.00180054
170 -0.0982666
171 0.30603
138 0.0157928
40 -4.62398
95 -1.25512
59 -0.181038
84 -1.59789
139 0.114365
136 0.24321
166 -0.796829
98 -0.137222
11 -0.859978
120 -1.19257
76 -0.242172
74 0.645172
68 0.413025
140 -0.0668182
88 0.00592804
139 0.657196
116 -1.23563
136 0.243805
120 0.0627518
122 0.294052
149 0.764709
10 -7.67988
113 0.293922
60 -0.348293
171 -0.950272
2 -6.59953
127 -0.0807037
101 0.0510178
237 4.07895
58 -3.55763
105 -1.46084
138 0.0159607
69 -5.98141
113 0.148117
281 5.08105
88 0.00588989
108 1.4465
10 -0.694199
8 -7.03813
172 1.4691
136 0.803223
158 0.800674
175 0.13913
108 0.0140076
157 0.366333
21 -11.7295
181 -0.518219
221 2.31589
178 1.84438
107 0.362984
160 -0.0391693
56 -3.20491
157 0.565338
133 0.820358
175 -0.688843
153 -0.320023
71 -3.1911
282 5.15887
116 0.150299
132 0.775116
101 0.0488663
168 2.58191
95 -1.22324
113 0.0276108
11 -4.94675
129 0.405655
139 0.65947
82 -0.109039
75 -0.240417
20 -4.55198
21 -26.6416
149 0.960922
139 0.512558
182 1.70107
197 3.80804
139 0.390182
120 -1.22897
134 0.0743561
165 1.1338
162 -0.13649
116 0.303108
57 -0.245594
185 3.55496
152 0.307358
99 -1.47408
97 0.201851
121 0.117531
182 3.11768
266 4.57443
79 0.433777
50 0.101376
121 0.119858
85 -2.75068
57 -3.04757
121 0.142548
182 1.69478
271 3.22177
135 0.638397
105 -1.43398
66 -0.146759
140 -0.198364
218 0.916855
169 -0.128403
226 2.1852
144 0.197311
69 -2.81749
121 0.111504
35 -5.25468
118 -0.0310287
158 0.0493622
141 0.102478
59 -0.181034
122 -1.17699
49 -0.385258
154 -0.190704
71 -3.16763
94 -1.53342
163 0.0186768
100 -1.46468
107 -0.0164795
161 -0.541229
110 0.28894
5 -11.8488
46 -4.10095
157 0.231049
179 0.351822
157 0.556992
144 -1.15228
122 -1.88685
51 -3.18438
121 0.167038
26 -12.4532
115 0.505867
29 -0.643637
133 0.822021
156 0.35762
55 -3.64332
166 1.00302
138 0.0159607
142 0.696472
230 7.48196
34 -0.516602
96 -2.35406
122 -1.3931
270 5.47626
71 -3.17355
185 3.54991
107 -2.36357
123 -1.36211
145 -1.0468
121 -1.22336
175 0.333969
89 0.202011
177 -0.308228
138 0.789566
99 -0.0577545
106 0.157669
100 -1.35594
110 0.214043
26 -4.50326
169 -0.718246
137 0.256775
19 -4.78297
173 0.678314
157 0.587662
139 0.52124
158 0.40657
151 -0.725784
128 0.241974
126 -1.32048
174 -0.58876
114 0.140221
306 9.18503
46 -4.10113
95 -1.17102
75 -2.19601
121 0.137413
19 -13.0178
161 1.07556
56 -3.35793
103 -2.15027
98 -1.99026
101 0.0487823
218 2.95348
276 6.16434
85 -3.31513
159 -0.691528
139 0.659225
110 0.292999
85 -1.53599
118 0.733109
159 -0.818741
159 -0.601044
159 -0.226395
137 1.00418
168 0.787659
189 0.864532
170 -0.201645
145 -1.11908
124 0.526077
134 0.0747528
9 -4.99759
40 -4.62377
38 -0.42638
260 4.39111
38 -0.414101
120 -0.028244
172 1.48239
223 7.77783
17 -10.2168
154 0.655945
124 0.52771
25 -4.3308
78 -3.50496
132 0.0974426
84 -0.0857315
133 0.822174
66 -0.384804
140 0.381241
281 5.08105
75 -0.232208
117 0.419693
142 0.451736
182 1.70103
170 -0.0982056
171 1.44875
32 -0.840731
105 -0.00169373
153 0.51062
153 -0.320694
103 0.422432
45 -4.98794
54 -4.69376
117 0.796692
2 -6.58677
110 0.289207
151 0.903091
85 -0.101723
242 3.74731
114 0.0209961
163 0.0238953
223 6.07675
137 0.44809
81 -0.139915
113 0.0275803
132 0.820511
190 -0.600174
164 1.41678
98 0.399742
118 0.671028
158 0.405899
96 -1.51568
159 -0.219315
159 0.836807
230 7.48201
254 4.52325
108 0.100319
1 -12.0126
95 -1.52621
91 -0.238182
58 -0.347363
86 -2.27738
168 -0.208679
95 0.306465
78 -2.39355
87 0.0612335
28 -0.600538
133 0.84285
123 0.340904
219 0.926544
14 -3.36684
269 4.27539
178 -0.728882
145 -0.0045166
75 -0.239952
131 0.234451
86 -0.0162964
90 -3.04955
172 0.319244
100 -1.73798
113 0.0789337
218 2.38577
178 -0.677307
49 -0.668324
62 -0.11927
109 0.201073
118 -1.23985
94 -1.50936
86 0.232185
30 -0.695723
207 0.47226
135 0.271423
81 -0.16172
182 1.70093
103 0.421982
188 3.1683
145 -1.17468
80 -2.4688
115 -2.0055
50 0.101227
97 -0.00299072
153 -0.321915
139 0.522018
30 -4.95694
178 -0.726791
58 -2.97124
154 -0.214127
161 -0.50676
38 -0.417812
133 -1.04364
234 3.151
146 0.438889
108 0.0313797
71 -0.0406494
129 -1.44841
93 0.392036
133 0.0895081
165 1.13373
156 0.305588
53 -0.288265
164 1.24406
121 -1.16883
141 -0.147095
152 0.973999
23 -3.38423
99 -1.56762
163 -0.417953
94 0.307114
132 0.0606537
142 0.855911
98 -1.53767
98 -0.0886536
105 -2.62176
178 0.631409
117 -0.0352707
68 -0.285675
267 3.92633
177 -0.307663
117 0.0984573
43 -3.2541
181 1.49341
174 2.49736
260 5.36914
84 -0.0853577
173 -0.272995
144 -0.0458221
26 -4.23851
141 -0.343796
131 0.234482
174 -0.589417
188 -0.462265
144 0.0447083
120 0.131241
141 -1.0918
132 -1.00378
98 -0.0880508
124 0.491249
158 0.407242
185 0.120377
175 1.15111
107 -2.37269
35 -4.22319
182 1.70105
179 1.25296
165 -0.317673
134 0.159943
149 -0.0264893
94 0.260696
122 -1.1604
89 0.146103
162 -0.88588
164 0.777557
106 0.0318222
151 -1.00316
181 1.49631
212 2.29814
58 -0.339523
114 -1.29662
99 -1.49567
83 -2.84924
123 0.373367
219 1.03511
138 0.957092
132 0.236145
74 0.638512
71 -3.7682
130 0.220978
100 -0.0580673
118 0.696823
166 0.315994
182 1.59483
206 0.560226
121 -1.31647
85 0.610115
151 -0.589005
170 0.306061
142 -0.0346069
173 0.680878
159 -0.437332
49 -0.344002
119 0.14006
158 0.876694
144 -0.57605
15 -5.50754
105 -2.62206
126 0.48259
226 2.1855
103 0.132835
112 0.336769
75 -0.0800629
133 0.0727539
51 0.381809
84 -0.0852661
84 0.234291
143 -1.06412
178 1.84416
33 -5.20799
114 0.0209656
80 -0.116898
75 -0.232224
82 0.0692368
74 -3.10942
104 0.455765
99 0.488548
99 -1.33961
50 0.101025
124 0.526802
152 0.292862
154 -0.391373
182 1.70107
117 0.214737
230 7.48238
138 0.693619
132 -1.03181
139 0.63179
166 -0.228775
66 -2.23542
119 -1.34716
191 0.810135
64 -2.94292
161 1.0885
85 -0.101608
249 3.78345
263 0.396912
29 -5.46048
5 -5.33699
117 -0.0285263
261 9.29565
41 -6.44095
37 -0.403465
281 5.08109
101 0.489014
30 -5.38187
156 -0.482147
148 0.795303
173 1.2133
114 0.0209656
106 0.605835
34 -0.583508
116 -1.24704
154 -0.201691
105 -2.62206
156 0.35672
225 3.27364
93 -2.41463
106 -1.44119
164 0.350159
146 0.419174
72 -0.415268
103 -2.89841
250 3.56232
221 2.31618
113 0.103134
168 -0.183273
91 -0.236504
99 -1.50492
148 -0.880051
163 0.574844
236 3.52538
82 0.00827789
132 0.0972595
6 -12.3141
168 2.58429
162 0.858902
162 1.40686
121 0.116814
161 0.132812
44 -3.51333
42 -0.487892
202 0.896637
161 -0.541031
174 -0.000930786
85 -0.101669
135 -0.793884
34 -0.600674
138 0.0159149
220 2.91061
195 1.20407
153 -0.400177
155 0.48642
180 -1.49739
262 4.62827
145 -1.06511
25 -4.62634
133 0.0693665
171 -0.167252
242 4.02454
108 -2.38452
100 -1.51379
68 -0.0439148
38 -5.11429
140 -0.199005
154 -0.488007
195 2.19409
306 9.185
168 0.895599
134 0.283081
142 -0.0423431
5 -6.36044
122 -1.3916
177 -0.307922
242 10.8629
168 -0.306488
71 -3.16275
13 -4.87991
236 3.42804
131 0.593491
139 0.522079
168 2.57712
2 -4.96541
132 0.097641
68 -0.297318
31 -0.654854
65 -4.44875
35 -14.8193
178 0.96611
124 0.536827
132 0.0507202
10 -9.689
115 0.289001
191 -0.59288
111 0.46431
155 1.05667
148 -0.705017
71 -3.18714
149 0.406097
109 -1.39923
166 -0.38147
162 -0.444
164 -0.39238
245 3.1815
65 -2.22571
25 -5.01116
137 -0.878418
91 -0.221291
267 4.86841
57 -0.413284
168 2.58203
11 -0.860042
134 -0.0861511
264 4.50662
131 0.234375
164 0.59314
267 4.02292
67 -2.65814
68 0.413185
54 4.14707
271 5.54175
168 -0.199402
158 0.40625
164 0.845856
26 -4.23758
136 0.242126
58 -0.328892
136 -0.0358887
83 -1.92268
147 1.10106
166 -0.194931
163 2.27544
230 2.84247
134 -1.1093
146 -1.05438
129 0.432846
182 1.56836
225 3.26845
146 -0.934952
164 0.353577
141 0.699249
108 0.0330734
139 0.522018
118 0.258057
271 5.38153
151 -0.966553
170 0.14653
257 4.78299
89 -2.19098
15 -13.5914
43 -3.24923
81 -0.171417
84 0.259956
78 -0.0251236
239 10.4611
14 -3.3678
122 -1.15344
35 -14.7652
26 -0.59462
105 -2.62161
95 -1.52291
64 -4.78092
112 0.424522
94 -0.146385
171 -0.191055
19 -11.5545
143 0.483658
218 2.96811
267 5.20825
11 -0.855379
7 -6.86073
226 2.18536
101 -1.51151
69 -5.98457
117 -0.0148239
175 1.1301
95 0.386444
114 0.283974
115 0.272148
139 0.828674
97 0.428101
182 1.69402
135 0.474731
46 -4.92179
182 1.69409
117 -2.65232
24 -0.628035
173 1.21747
156 0.358719
79 -3.15745
84 -0.0852737
97 0.0480576
195 0.917557
126 0.0181427
153 -0.0997162
62 -3.87529
152 -0.0817261
84 -0.241844
198 1.11374
124 0.53566
97 -2.15224
111 0.436623
112 0.1092
195 0.918167
129 0.182419
76 -0.241684
132 -0.880249
28 -5.0551
166 0.133743
121 -1.20182
22 -5.53128
35 -3.24684
30 -0.724695
131 0.234283
94 -1.53751
226 3.48061
146 -0.886475
175 1.14653
51 -3.62901
168 -0.706757
10 -5.1164
101 0.0488052
166 -0.381119
30 -0.466667
212 2.29967
121 0.153412
126 0.219154
71 -3.17447
170 -0.101105
158 0.397415
103 0.451286
18 -4.56507
84 -0.0855255
182 1.70102
81 -0.161629
202 0.61908
118 0.626251
65 -2.54959
168 1.19473
152 -0.867828
94 -0.10994
112 0.0960693
118 -1.58455
121 -1.16464
132 0.0506134
121 0.116875
57 -0.414078
169 -0.313904
150 -0.0176086
157 -0.263245
107 -1.58295
281 5.08105
62 -0.118881
71 -3.13845
161 0.572296
40 -4.04117
157 0.820694
143 0.392914
165 0.385803
61 2.34926
138 0.0157928
127 0.434143
114 0.185661
209 1.44487
117 -1.54666
78 -0.0904236
87 0.651703
168 2.58195
247 3.3808
136 -0.142105
180 -0.428009
182 1.70108
57 -3.00131
197 3.23347
57 -0.413914
136 -1.20892
58 -0.329205
170 0.321838
57 -0.413563
139 0.467529
115 0.506439
158 0.595245
121 -1.77238
159 -0.917282
151 0.867233
162 -0.13681
110 0.293404
168 2.58191
14 -3.36728
122 0.161133
108 0.07827
85 -2.75071
43 -0.342205
234 8.90042
80 -0.112206
147 0.375046
140 0.380386
158 0.594543
133 0.81488
119 -1.3365
145 0.215179
111 0.450363
120 -1.54251
119 0.664841
95 0.358665
236 4.42513
178 1.84456
95 -0.011734
136 0.224045
103 0.212662
45 -0.307873
125 -0.000999451
147 -0.0106659
159 0.196762
145 -1.07205
148 -0.892029
175 0.494995
164 1.24049
152 0.710495
129 0.0646057
86 -0.132378
29 -0.678087
155 -0.253342
104 0.460693
129 -1.45003
162 -0.793106
168 0.154617
114 0.110809
161 -0.261215
164 0.883331
174 1.68364
143 -3.11707
181 1.2663
68 -0.0417175
157 0.518982
151 -0.89238
107 -1.89125
147 0.808868
68 -4.57774
68 0.4133
57 -0.413204
140 -0.134003
174 -0.288742
103 -0.0219955
200 3.03282
135 0.268753
129 -0.770264
20 -6.17006
173 0.0384216
66 -2.96456
111 0.669373
146 0.244537
87 -0.0671463
136 0.10405
34 -0.564201
62 -0.118587
32 -0.840719
13 -4.90355
30 -0.722343
191 0.798309
89 -1.43909
110 0.21299
206 2.67384
162 -0.46225
158 0.593643
81 -0.161682
165 1.13383
156 0.834381
128 0.507309
216 1.13121
68 0.413254
137 0.180161
105 -2.62188
157 0.366516
7 -6.46639
177 0.342575
135 0.271774
150 0.229324
106 0.0309448
92 0.298241
151 -1.04836
138 0.621674
108 0.0400162
202 0.89679
103 0.144836
175 1.14659
133 0.0891724
151 0.843658
214 2.9295
124 0.483459
229 8.38747
265 5.62979
124 0.536812
96 0.301682
126 0.240524
158 1.10332
172 0.331757
38 -0.418018
164 0.812439
157 -0.18779
225 3.26686
60 -10.9082
134 -1.14508
97 -0.147362
110 0.289322
219 1.03685
89 -0.0703659
145 0.215439
134 0.0744019
103 0.306854
86 -0.117355
100 -1.36996
75 -0.232338
283 4.92004
181 1.49495
76 0.674393
57 -0.413956
134 0.0249329
255 4.02042
85 -2.31128
136 0.733826
85 0.699852
216 2.88898
202 0.89653
170 0.662842
258 13.3118
137 0.0996704
233 4.74168
103 -2.62345
154 0.386536
133 0.820206
60 -3.76124
19 -5.13546
136 0.568192
153 0.0826263
146 0.314957
38 -0.421013
175 1.13638
197 3.23297
57 -0.252071
85 -2.75067
85 -0.101677
149 -0.517715
106 0.0311356
129 -1.27295
168 -0.457138
147 0.683197
172 1.47276
102 -1.15257
97 0.0765305
41 -15.534
139 0.665863
97 0.0611038
49 -0.383343
226 2.18547
178 0.804855
121 -0.0318527
135 0.174118
129 0.132141
136 0.242065
162 0.858932
178 1.84422
85 -0.101662
96 -1.41924
146 -0.861771
113 -0.0513
152 -0.256302
167 0.840912
51 -3.62931
168 0.811096
158 0.92215
230 7.4819
124 0.524529
38 -3.52354
267 5.12347
133 -1.10516
262 4.62833
79 0.0167618
150 0.866516
135 0.063324
160 0.848373
57 -0.413353
161 1.08485
104 0.231888
68 -0.0258484
144 0.610336
116 0.165329
89 -3.26441
135 0.268417
103 0.0123901
116 -0.0902557
85 -0.101578
290 6.57544
135 -0.911285
83 0.0400543
214 3.00972
61 2.36668
195 1.19063
57 -0.245659
271 3.22638
174 -0.591003
38 -0.43335
144 1.11658
54 -4.58803
53 -4.37784
102 -1.63094
155 1.01651
104 0.454201
163 0.0187988
263 14.7389
137 0.0975647
104 -0.150772
79 -3.12177
205 1.32494
153 0.534668
213 0.52858
140 0.697601
136 -0.0361328
156 0.436768
136 0.574142
221 2.31654
108 -2.35847
124 0.526886
182 1.70096
162 1.09137
95 -0.012207
175 0.13887
150 0.274155
149 -0.0339203
178 1.84836
101 0.03862
79 -2.29831
139 -0.00161743
151 0.363922
37 -3.98885
141 -0.0806274
208 2.90855
135 0.641037
149 -1.06812
225 3.26698
173 0.678589
313 10.8541
108 0.0140915
23 -4.48836
229 8.38846
265 5.46469
116 -1.55874
124 0.536034
141 -1.0638
306 9.18497
196 1.91902
162 0.806183
109 0.123154
133 0.820969
149 0.116562
262 4.6283
248 3.38852
166 -0.137192
235 4.03152
173 1.30072
258 -4.03954
282 5.15967
62 -0.116039
62 -0.356586
155 -0.106918
182 1.70128
21 -7.43644
260 4.39185
139 0.606644
152 1.18671
141 0.530594
263 14.7355
120 -0.0584946
7 -12.8767
99 0.00191498
103 0.421867
279 2.63623
144 0.136276
27 -5.15798
107 -1.58173
84 -0.142059
65 -0.354836
139 0.631729
169 1.07384
129 -1.85086
185 0.749741
105 0.031311
158 0.40715
258 13.3119
202 0.61853
136 -1.47096
200 0.321335
125 0.407516
170 -0.10083
219 1.03279
175 1.14616
274 4.65759
58 -0.356873
85 0.608772
62 -0.119495
172 -0.442993
153 0.845642
71 -0.326889
64 -0.269176
313 10.8544
124 0.0288467
105 0.189911
85 0.611969
82 -1.5671
135 0.645416
171 0.0864105
49 -0.338898
153 0.348694
190 -0.614136
167 -0.143829
113 0.138039
68 0.413177
122 0.467331
174 0.15123
126 -1.97281
182 1.58932
134 0.271393
153 -0.3228
133 0.373138
213 2.86745
65 -3.58633
281 5.08105
271 3.22693
7 -5.03624
129 -1.78344
52 -6.01072
106 0.149734
80 -0.108963
164 0.135849
140 0.375305
151 0.261642
182 1.6946
140 0.398315
132 0.820557
150 -0.694565
313 10.8541
132 0.235809
124 0.192978
135 -1.18842
74 0.645187
181 -0.518494
272 4.41446
133 0.0632019
114 0.289703
158 0.570694
147 0.658844
117 0.120987
15 -5.50658
51 -3.58437
181 -0.518463
217 1.06985
175 1.55569
126 0.472862
66 -0.149223
75 -0.285759
124 0.505363
221 2.42329
150 -0.0182495
139 -0.869888
163 0.02388
174 1.62152
41 -0.626984
216 5.47679
132 0.0976562
87 0.158257
210 2.39398
158 0.929138
156 0.36261
94 0.0360641
174 0.325104
81 -0.162361
81 -0.16227
71 -3.17823
161 0.991592
134 0.219193
122 0.118546
217 1.73152
95 0.385132
151 -0.228653
122 0.120247
132 0.278107
122 0.120956
84 -2.81592
115 0.506126
84 -2.17184
246 2.24818
170 -0.100647
137 0.0401306
145 0.214813
130 0.463562
138 0.015686
58 -3.57345
74 -3.70097
139 0.617279
167 1.14694
131 0.590622
132 0.820816
122 0.450066
108 0.0141907
29 -0.721798
37 -0.580521
77 -0.122101
62 -0.119473
149 0.638168
126 -1.17417
103 0.475716
200 0.579834
154 0.52565
169 0.928238
157 0.154388
270 4.72171
75 -2.42424
23 -11.7519
142 0.45401
226 2.18556
103 0.124527
132 0.0744324
139 0.522293
107 0.53875
207 2.4585
66 -0.37674
147 0.987717
121 -0.0363617
145 -1.16011
126 0.00753021
140 -0.377182
99 -1.35944
198 0.122009
133 0.0886078
186 -0.605179
203 2.47862
48 -0.352085
149 -1.01854
159 0.0971832
62 -0.118553
245 2.92456
135 0.266373
29 -0.643345
86 -0.0642548
135 -1.12842
150 0.0933533
152 0.108017
177 1.64662
158 0.0484161
107 0.597488
172 1.53676
277 16.9143
85 -2.75021
158 0.0496826
58 -0.33926
84 -0.157562
103 0.123886
101 0.0488739
169 0.360992
74 -2.62447
151 0.988449
133 0.0862274
61 -0.359959
190 -0.419342
130 0.217743
151 1.00986
115 0.240685
49 -4.31406
136 0.567795
162 1.07695
134 0.0759277
134 0.0719147
111 -2.4883
109 0.0456543
68 -0.296448
75 -4.18752
129 -1.41853
132 0.0504913
155 0.0901642
154 0.267792
210 0.482803
144 -0.0370941
109 0.176407
197 3.80687
3 -9.44274
230 7.48186
112 0.565323
97 -0.146378
158 0.59346
73 -0.273186
139 0.664825
239 3.84798
130 -1.55005
57 -0.412861
110 0.212669
159 -0.531647
121 -1.15701
249 2.39653
95 -0.0589371
55 -9.62173
101 0.0492783
103 -0.143456
31 -0.653542
160 -0.458099
131 0.593918
267 5.12387
160 -0.461578
12 -7.8802
151 0.37883
210 3.07387
85 0.620155
95 -0.0115967
59 -0.187977
95 -0.0491714
108 0.282135
145 0.215195
185 3.55579
91 -0.215851
221 2.3161
199 0.101425
106 0.576828
11 -0.859694
62 -0.354572
251 4.49942
116 0.166756
111 0.319489
133 0.0940552
74 0.638092
197 3.2365
103 0.133926
145 0.92392
235 8.69177
221 2.3158
111 0.0737762
161 -0.523682
240 3.03256
57 -0.246017
106 0.210365
145 0.667511
41 -3.63754
135 1.01355
144 -0.0312195
164 0.313934
147 -0.0341797
136 0.753113
118 0.198845
254 -1.23093
99 -1.35586
174 -0.590851
151 0.425735
182 1.69408
149 0.950104
99 -1.36647
85 0.695786
147 0.829025
88 0.00585175
75 -0.232338
108 0.0145187
202 0.618118
122 0.118446
76 -3.90359
43 -3.24934
65 -3.8792
160 0.0984802
148 0.143936
178 1.84821
12 -4.74849
115 0.265228
31 -0.620001
121 0.503036
33 -4.81062
166 1.38608
116 0.286652
178 -0.727325
139 0.521439
66 -0.289322
92 0.303596
59 -0.181099
139 0.521652
108 -0.0334396
111 0.540123
185 3.55441
168 0.283264
43 -0.418892
236 4.02908
166 -0.381516
115 0.155312
171 0.562546
144 1.11707
128 -2.11437
151 0.516083
104 0.271149
59 -0.181568
275 6.04498
11 -0.859779
161 1.08536
145 0.215286
226 2.71147
19 -4.74767
262 4.62823
85 0.562599
125 0.232788
21 -5.56633
159 -0.383484
25 -4.30335
182 1.69408
270 5.39902
165 1.13362
59 -0.189659
132 0.0509796
107 0.599426
132 0.706314
110 0.0908432
12 -6.416
97 -0.147758
74 -3.515
67 0.00791168
53 -4.37867
53 -3.40876
137 0.579773
240 3.93925
161 1.08664
109 0.547768
242 10.9674
62 -0.11911
123 0.443184
78 -3.54567
103 -2.89131
6 -6.19628
85 0.612358
11 -5.02684
206 2.46246
85 -0.101608
219 0.923019
88 0.00593567
308 10.3649
68 0.442451
150 -0.662552
115 0.29908
104 0.504059
53 -0.550552
136 -0.0730591
77 -0.263992
236 3.42314
74 0.638443
260 4.39203
78 -2.22834
91 -0.235931
252 4.40848
305 8.8703
245 3.18576
146 0.438049
36 -3.87413
147 0.372177
139 -1.10767
258 3.05328
178 -0.727066
104 0.430656
131 0.0670776
136 3.12509
149 -0.0238037
126 -0.085289
144 -1.00685
159 -0.570038
182 1.70107
135 -0.141266
262 4.62827
152 0.29335
151 0.307724
47 -0.302612
136 -1.15164
181 1.78868
182 1.69405
57 -0.414341
178 1.54224
150 0.0641632
239 3.29448
139 0.521469
76 -0.241104
30 -4.68631
149 -0.0161133
82 0.22393
142 0.0783997
158 0.594406
143 0.0389709
126 0.0338974
124 0.537033
235 4.59464
33 -0.608173
165 -0.371933
165 -0.432861
64 -2.75801
115 0.203972
203 2.89024
134 -0.0205841
110 0.293335
109 0.256157
124 -1.33162
178 1.84447
84 -0.0853577
23 -5.04902
151 -0.998489
165 0.621643
313 10.8593
65 -0.341614
200 2.43192
158 0.594238
126 -1.27231
138 0.83139
108 0.436523
133 0.0876465
132 0.0976257
271 16.0648
126 0.490051
150 0.058136
145 0.870621
30 -0.569168
108 0.0373688
138 -1.19843
29 -0.684814
92 0.268646
131 -1.07817
165 0.961227
173 1.21301
92 -1.77086
135 -1.26077
105 -2.62144
50 -10.708
197 2.05028
94 0.236389
136 0.340576
37 -5.21364
170 -0.448944
164 0.288651
259 3.03372
108 1.44756
143 0.373169
149 0.900543
38 -0.415779
130 0.231018
117 0.163994
263 14.7388
111 0.507027
287 18.1154
120 -1.62787
118 0.749146
134 0.0746613
101 0.52301
170 0.202759
161 1.06187
257 3.21368
158 0.406189
71 -4.56508
62 -0.356632
30 -0.449516
185 0.804794
212 2.30127
57 -3.05556
261 9.31021
68 -0.272614
109 0.260559
127 0.110786
169 1.48003
178 1.84436
14 -0.766542
57 -0.412777
200 0.320251
149 0.598709
131 -1.10129
262 4.62827
96 0.592384
132 0.820618
144 1.11444
37 -4.02196
115 0.814682
129 0.699493
224 2.63263
181 1.18124
121 0.128769
95 0.360054
129 -1.4189
148 0.567535
182 1.76328
102 0.0744553
121 -2.13261
68 -0.0142593
202 3.16019
187 0.737427
348 13.052
182 1.70108
156 -0.0333862
143 0.0421295
223 2.86308
133 0.0705872
190 2.00542
28 -5.53765
88 -1.94589
76 -3.75345
132 -1.03555
110 0.293182
108 -2.38418
104 0.125145
162 0.783798
143 0.0091095
164 0.0830231
132 0.820587
103 -2.16585
195 2.30847
121 0.154907
126 -1.76239
258 4.49158
238 3.81335
265 4.76965
99 -1.36556
170 -0.101578
161 1.08833
152 -0.566055
53 -4.37718
112 0.0679092
196 1.09068
105 0.0329666
68 -0.0401382
178 -0.703201
151 -1.06189
100 0.186958
122 -1.15038
128 0.258942
197 3.8084
156 0.110474
139 0.664474
144 1.11681
116 0.0932159
76 -2.55379
91 0.2593
144 1.11609
93 -0.160606
83 -0.108452
138 1.88199
182 1.54494
34 -0.486332
85 0.610352
209 2.75032
30 -4.26187
145 0.826309
80 -1.86018
256 4.02264
43 -0.578014
173 0.678864
162 0.716095
95 0.355026
123 0.196999
132 0.70639
142 0.86377
164 1.28572
109 0.465332
220 0.990906
211 0.93576
72 -0.0220566
26 -0.677195
115 0.505058
370 14.7695
226 2.18518
236 3.42796
70 -9.97658
109 0.0899506
60 -0.238499
57 -4.42356
72 -0.0144348
73 -0.328064
226 3.52521
5 -5.93136
5 -27.5439
82 -1.72207
35 -0.609703
33 -4.46742
206 2.66873
151 0.256592
127 0.23262
139 0.623657
213 1.74196
209 2.84407
155 0.541
197 2.30206
35 -4.19612
231 2.40012
134 0.0748901
225 3.26665
29 -0.713526
179 0.352036
238 3.71237
108 0.0136032
124 0.213074
101 -1.71603
154 -0.576782
235 2.90326
70 -2.98103
223 3.17104
98 -0.088028
313 10.8539
167 0.150162
149 -1.06787
71 -3.17472
31 -0.732313
56 -3.07616
264 4.50671
127 0.238892
85 -0.101768
46 -0.645626
119 0.117226
72 -0.254898
44 -0.385441
155 0.0987854
195 0.917587
103 -2.89891
139 0.522385
166 4.64998
86 -2.27984
162 0.853409
131 0.715393
236 3.42784
147 0.27388
130 0.669357
103 -0.145409
157 0.366409
156 0.601105
186 1.6136
53 -4.03944
57 -0.414127
167 1.40981
158 0.404495
139 0.0581818
136 0.631561
156 -0.584061
81 0.0662537
62 -0.352028
266 4.91638
205 2.16959
215 1.08289
28 -4.07335
252 4.29953
126 0.613091
119 0.651993
95 0.203995
163 1.76637
100 0.117531
159 0.33287
103 0.172455
136 0.584763
111 0.061554
176 0.235748
14 -10.2472
106 -0.0956345
24 -5.939
131 -1.304
134 -0.917618
85 0.69706
109 0.0892792
179 0.484283
106 0.0312805
139 -0.00205994
149 0.92807
142 0.707916
178 1.84436
135 0.272705
205 0.842163
226 3.52571
224 3.00316
71 -3.17779
124 0.538734
14 -5.54492
75 -0.219597
159 1.10042
27 -0.624784
245 3.18135
255 4.02039
224 2.64726
138 0.981232
93 -0.0339508
79 0.104874
156 0.111313
154 -0.215103
151 -0.843704
64 -0.212227
95 -1.22733
74 0.645172
57 -0.245258
106 0.395576
174 0.816666
87 0.151215
51 -3.62941
180 -1.49774
158 1.34192
28 -0.66033
238 3.27217
161 0.990906
130 -1.44373
170 -0.101227
185 3.55992
85 -0.101738
46 -5.30548
139 0.599564
177 1.48547
131 0.569763
111 -1.7752
62 -0.352257
139 -0.00213623
245 2.92453
245 2.92456
165 1.13385
162 0.715851
134 0.984833
318 11.1535
88 -2.38304
197 1.07227
169 0.347549
178 1.84377
93 0.412079
311 10.4728
141 0.719391
195 2.24368
244 4.43698
235 8.58141
191 -0.55777
109 0.393959
107 0.599342
40 -4.22187
221 2.41156
172 -0.86525
86 -2.65781
117 0.796165
129 -1.43122
112 0.652199
136 0.837097
139 0.649414
178 -0.726425
219 0.710129
152 -0.0807648
213 2.47572
38 -11.3056
223 2.93996
247 3.72873
132 0.236694
201 4.8714
85 -0.101692
365 15.7041
5 -8.52092
233 1.75414
49 -4.31358
134 1.09955
8 -4.95058
221 3.20563
113 0.4991
33 -5.74917
110 0.0449677
70 -0.245056
28 -6.93804
136 0.634003
81 -0.158096
223 7.77919
145 -1.04778
185 3.55875
226 3.45987
16 -13.1139
67 -0.222572
98 -0.0877075
80 5.87075
28 -5.37325
66 -2.71704
199 2.59892
91 -1.04259
38 -0.416401
180 1.67874
203 2.40887
160 -0.518845
128 0.1492
160 0.834976
138 0.0158539
151 -0.90683
168 -0.470657
113 0.0656815
57 -0.414101
88 -0.255432
162 0.785873
154 0.256989
103 -2.89872
124 0.536232
166 4.65041
32 -0.622543
189 0.117188
85 -0.101715
162 -0.335663
28 -0.490868
64 -0.204262
82 0.0696106
218 2.95291
95 0.432724
183 1.16887
109 0.708931
95 -0.0117798
120 0.452576
5 -27.5915
64 -0.213997
220 0.99028
235 2.93037
113 0.202057
218 2.95215
112 0.0773087
145 0.93515
185 3.55724
264 4.50388
131 0.232315
235 2.71681
77 -3.76981
91 -0.181076
89 0.0812759
51 -3.62929
84 0.19294
167 1.41113
144 -1.07306
272 16.2294
95 0.30127
144 0.0988464
366 16.4232
194 1.72826
181 -0.497467
158 0.271988
58 -0.3433
99 0.054985
256 4.11438
133 0.304352
184 1.5271
142 0.146866
243 11.601
153 0.799637
267 5.12387
106 -2.64085
156 0.357315
58 -0.200932
31 -0.652521
234 8.44563
226 3.52663
130 0.205383
185 2.38467
155 0.603088
108 0.141075
86 -2.80347
161 1.22621
81 -4.99746
241 3.42607
108 0.0138779
196 2.20923
178 1.84424
184 0.752289
84 -4.22767
71 -0.186607
146 0.281433
161 1.08817
174 1.56522
206 2.675
164 0.907257
262 4.62848
250 3.56203
244 3.52644
212 0.958466
177 -0.310715
158 0.437317
73 -0.288582
241 3.39043
185 0.915222
131 0.602875
70 -2.9353
175 0.644226
45 -0.602055
133 0.708801
145 0.890274
226 2.18513
175 0.627045
207 2.45815
262 4.62827
162 1.30103
173 1.21758
150 0.594131
231 2.89708
128 0.498352
264 4.50482
136 0.104691
122 0.117958
244 10.8009
126 -1.32126
177 0.484894
150 0.796036
182 1.69478
200 0.320374
31 -0.721443
57 -0.246025
55 -0.303528
201 2.45813
264 4.50629
94 -0.0412827
271 3.22629
95 0.108025
154 0.591629
24 -4.27092
71 -3.05317
66 -0.384567
133 0.0723419
152 0.994171
131 0.253418
43 -5.10271
143 0.0423431
54 -4.69355
185 3.55046
38 -4.82622
42 -0.612675
38 -0.413658
124 -1.43015
156 6.74222
146 -0.925827
131 0.231873
265 4.74072
141 -0.108505
248 4.22548
80 -6.76921
68 -0.296417
162 0.768677
37 -0.547821
133 0.831879
91 -0.0814514
88 0.00601196
175 1.1429
76 -0.242096
85 0.695251
121 -0.0419006
159 -0.680252
99 -1.5004
30 -0.694674
162 0.858505
139 0.664215
161 1.08598
145 0.21373
99 -1.32202
182 -1.52151
95 -0.0122223
234 3.39403
238 9.26216
233 1.75414
94 0.223701
264 4.50632
221 2.31581
80 -0.020752
121 0.131927
57 -0.245865
84 -0.0854263
313 10.86
124 -0.141975
173 0.678955
174 0.647446
207 2.45833
144 0.811142
11 -0.863596
136 0.574371
64 -0.217964
167 1.01447
141 0.418213
163 -0.478912
348 13.0567
146 0.599472
132 0.0972443
216 3.0195
137 0.432495
184 1.81207
207 2.45819
98 0.31691
284 4.90143
77 0.0749207
264 4.50476
139 0.664047
39 -0.380432
248 3.14407
197 3.80798
178 0.805847
159 -0.927536
199 2.24677
110 0.387108
40 -0.387775
202 2.54947
178 1.84799
161 1.06859
60 -0.198826
38 -0.416172
34 -0.546783
114 0.437683
102 -2.33338
136 0.36264
85 0.612305
239 3.35535
103 0.422661
69 -0.218994
160 1.2009
82 -0.292007
126 0.213608
162 0.830444
152 1.0509
49 -0.670437
155 -0.44696
114 0.0210571
109 0.541389
156 6.73743
213 1.64005
86 -0.085556
98 -0.194611
233 1.75424
79 0.129669
211 2.82806
262 4.62817
137 0.0976257
30 -0.69142
116 0.300613
265 4.70816
200 2.29068
48 -4.35991
185 3.55144
189 1.70056
250 3.56219
26 -0.66423
66 -0.329903
40 -0.501358
88 0.0739136
181 0.360031
144 0.29451
151 0.755096
85 -0.101654
335 11.4688
211 2.82774
271 5.47165
214 1.6432
107 -2.05341
225 3.26692
212 2.29797
264 4.5047
339 12.8696
145 0.837006
26 -5.65035
222 1.89212
270 5.42493
124 0.438843
30 -4.48161
158 -0.581894
195 0.917297
198 2.20587
218 1.07529
93 0.0341797
175 1.14528
133 -1.11661
116 0.0904999
140 0.375443
164 -0.409348
263 14.7386
196 2.12204
100 0.139328
80 -0.0494537
274 15.8749
44 -0.366821
315 11.2495
124 0.431587
245 4.25375
113 0.622093
267 3.90927
132 0.0824127
85 -2.75072
226 0.49794
52 -6.00942
271 3.22833
114 0.284248
137 0.298538
170 -0.447098
348 13.0568
31 -0.721651
158 0.597794
156 0.962753
66 -0.382309
105 0.246857
215 0.352325
16 -5.17993
68 -0.0448303
71 -0.275787
28 -4.1659
31 -4.09426
124 0.429688
202 0.618027
198 1.11395
172 1.46455
205 2.62885
96 0.0279694
76 -2.98558
234 8.82379
81 -0.162201
97 -0.000656128
127 0.0987091
80 -0.30188
117 -1.58525
63 -3.89217
92 0.0824356
184 -0.611694
206 2.67548
134 0.211914
179 -0.924377
99 -0.0575027
121 0.0727386
116 -0.0828323
187 -0.807175
348 13.0568
144 1.09724
236 2.817
224 2.64778
214 1.73061
36 -0.488014
189 1.76137
178 -0.603302
159 1.38274
263 14.7345
174 0.650345
154 0.0649567
271 3.22256
177 -0.308609
112 -0.0438995
146 -0.102585
243 12.2742
221 1.74019
171 2.76508
312 10.4286
91 0.028595
270 16.1596
212 2.3019
50 0.101162
8 -9.49215
161 0.334671
153 -0.321838
36 -0.557556
132 -0.161636
130 0.205597
162 0.811523
97 -0.0789871
141 -1.29384
85 -0.272346
64 -0.228004
186 1.63539
38 -0.409279
195 0.91806
240 3.76749
247 4.50116
269 4.74301
121 0.465317
156 -0.134598
89 0.0886078
84 -0.137978
58 -0.334553
182 1.90048
263 4.64307
131 0.234406
50 0.10117
260 4.39111
110 -0.132393
18 -4.57024
132 0.235474
263 14.7382
140 -0.198471
165 1.13374
228 3.54938
162 0.279037
177 0.169159
68 -0.371506
124 0.52858
92 0.399361
109 0.66716
182 1.70116
193 1.82478
188 3.20992
195 1.20723
175 0.793518
14 -10.2473
86 -0.220451
223 2.86319
123 0.358543
10 -0.695203
338 11.931
236 3.42807
175 1.14748
133 0.0870667
31 -4.06369
236 4.02853
245 3.1859
99 -1.36494
244 3.53294
203 2.48334
146 -1.90237
232 8.99359
124 -0.167175
4 -11.7794
97 -0.0383835
95 -1.79561
145 0.21582
135 0.195709
103 0.422272
68 0.413193
185 3.52635
203 0.894684
185 3.54524
174 -0.62175
182 1.63527
216 8.14809
224 3.22598
160 1.27338
133 0.820557
233 1.47801
48 -0.348801
152 0.248993
162 -0.243988
221 2.89967
103 0.133575
31 -4.49994
131 0.198853
152 0.123917
156 6.74237
245 3.18138
136 0.283005
52 -6.01159
136 0.104004
82 -0.156212
37 -0.624409
38 -0.41671
87 -0.0879669
26 -6.14115
44 -5.44649
200 2.33441
153 0.971024
254 4.20734
144 -0.030838
178 -0.729095
65 -0.354744
195 0.917877
168 1.24426
242 3.28256
146 -1.05244
188 1.66386
29 -0.66724
144 -1.82658
41 -0.535835
143 0.739304
235 3.07114
145 0.215256
317 10.5757
131 0.593781
142 0.630798
288 18.0166
176 1.15401
111 0.439423
264 4.50381
134 0.243622
197 3.8082
14 -2.44479
139 0.521378
6 -5.88174
275 6.039
77 0.145988
161 -0.101624
134 -1.37585
182 1.70107
197 3.8076
76 0.097496
167 -0.242371
181 0.316116
101 0.0488815
36 -15.121
104 0.0172806
159 -0.917847
133 0.0927734
156 0.987015
179 0.352356
15 -0.717844
81 -0.161758
50 0.101151
175 1.14627
185 3.55031
109 0.0895233
113 0.612366
75 -4.18739
178 -0.107986
108 1.45029
202 2.12744
185 3.55333
250 3.56242
40 -0.5084
41 -0.378136
22 -6.26381
39 -0.583416
320 11.3308
1 -7.35532
6 -5.87106
70 -0.172981
207 4.39238
104 0.010704
238 10.1207
200 0.321014
35 -14.8163
256 2.77655
154 0.994965
27 -10.3119
195 1.93892
218 7.49548
29 -0.683075
233 8.93219
77 -2.26611
144 0.0467224
49 -0.331783
177 -0.30809
90 -2.31212
139 0.521378
113 -2.20687
220 0.990356
152 -0.136185
94 -0.0360565
171 1.38713
165 1.00948
145 0.847855
202 0.355713
161 1.08669
207 0.136322
167 0.0215454
69 -5.98413
158 0.598495
65 -0.349892
116 -0.0500946
225 3.26628
74 0.645233
193 0.983398
277 5.97141
120 -1.34515
96 0.600136
62 -0.354618
144 1.117
157 0.852676
305 8.87018
320 10.4177
168 0.18721
145 0.21434
181 -0.753281
218 2.9673
335 11.4681
84 0.134857
208 0.110397
64 -0.247475
108 0.0137329
157 -0.246948
74 0.638329
57 -0.412727
167 0.336227
132 0.0504913
103 0.531677
28 -0.652994
271 3.22897
154 0.113327
177 -0.308899
122 0.118034
132 0.820633
224 2.55766
187 0.987518
175 0.521591
136 0.293823
129 -0.937439
40 -0.481667
162 1.06149
276 5.16037
115 0.0572281
56 -4.76847
272 16.074
192 -0.491028
178 1.84831
153 -0.322174
38 -11.3055
159 -0.2258
118 0.134521
264 4.50439
32 -3.92855
175 0.605713
267 3.90933
15 -0.616468
178 0.507263
199 0.101486
125 0.300011
178 -0.729111
124 0.539101
173 0.82428
313 10.8602
173 -0.775284
195 0.0569458
138 -1.11418
182 1.70097
181 2.3284
159 0.50293
158 -0.664825
160 0.296432
131 0.599579
245 3.86177
90 0.332764
234 7.4016
89 -0.190369
42 -0.593315
255 4.02048
27 -4.90378
10 -4.84505
139 0.801788
132 0.193817
166 4.6499
245 3.22426
131 0.599686
119 -0.160149
95 -0.0514755
168 -0.183212
168 1.31056
73 -0.187981
139 0.690338
348 13.052
348 13.0519
162 0.795364
124 0.535576
152 -0.08078
224 2.63283
131 0.599655
108 0.100555
169 -0.00161743
161 1.26025
117 0.795883
197 3.80675
251 4.24945
105 -0.005867
266 0.986298
43 -0.397118
179 0.351944
118 -0.194267
99 0.602119
103 -2.3475
324 5.61194
241 4.31293
226 3.52505
147 0.733566
124 0.524437
2 -5.88102
185 0.150833
182 1.50778
131 -0.774506
201 0.645828
5 -8.53314
81 -0.0105743
140 0.640488
137 -0.293884
107 0.0383759
271 5.54294
237 2.98547
115 0.504234
167 1.02254
43 -0.669987
187 2.93132
70 -2.57161
182 1.701
153 1.14247
57 -0.308186
279 5.8721
218 3.02986
56 -3.36028
60 8.04014
102 0.451515
128 -0.900398
314 10.3506
185 3.55476
185 3.38455
126 -1.43167
290 6.57611
250 3.56201
152 -0.0896606
173 2.60205
231 2.40041
202 0.61763
182 1.69466
268 5.88181
198 0.109238
162 1.52477
99 0.00223541
248 4.80023
178 -0.106842
167 1.29462
183 0.736481
139 0.51265
130 0.826691
236 3.42734
146 7.0869
210 2.45529
147 0.48851
22 -0.655228
254 4.47827
110 0.132355
86 0.11837
271 15.2854
318 10.0469
159 1.0659
162 0.810669
58 -0.339127
124 0.512009
197 2.18466
193 0.155319
181 1.49655
224 2.63441
147 0.739182
154 0.0921783
199 0.101151
186 0.745773
226 3.47089
85 0.609901
217 2.33292
220 1.06229
30 -5.08651
51 -3.6294
266 4.91327
26 -11.5514
115 0.512253
44 -0.365089
16 -6.39205
153 -0.225861
259 4.62378
65 0.620178
126 -1.35457
161 1.06523
65 -0.179375
250 3.5621
201 0.640747
109 0.0790329
126 -0.0974731
111 0.579987
107 -0.0521011
81 -0.162025
111 -0.142708
57 -0.413422
62 -0.11974
249 4.46317
159 1.45154
203 2.25064
28 -2.25977
182 1.69458
190 0.884399
202 0.619095
184 7.99263
139 0.660843
271 16.0316
62 -0.118313
41 -3.83199
132 0.0511475
77 0.117256
169 2.57677
156 6.74248
109 -1.78044
228 3.28836
215 0.728622
164 1.28787
138 -1.35004
209 2.50259
315 10.529
181 1.56683
246 10.2427
109 0.181969
127 0.412445
132 0.706573
135 -0.905777
29 -0.494198
168 0.89621
126 -0.0358124
142 0.897659
103 0.425171
184 1.87779
131 0.879562
144 0.8806
135 0.639114
242 2.07372
170 -0.240936
159 0.976868
108 1.44501
242 2.07359
275 6.03955
50 -0.338715
65 -0.271393
247 3.2683
84 -3.62862
199 2.39696
67 -0.314865
202 2.37387
165 1.1338
141 0.684967
14 -5.54476
248 5.03911
103 -0.125298
107 0.460243
152 0.252136
99 -0.0340042
94 -1.64066
105 0.0804062
117 -0.103943
4 16.0894
260 3.07819
23 -0.75914
113 0.0274658
294 6.65619
190 1.73506
315 9.20035
203 0.842987
158 1.02603
232 2.8204
89 0.211617
66 -2.6793
15 -0.68521
294 6.66479
290 6.57581
226 3.4612
176 0.241379
89 -0.230003
195 1.20604
274 16.7423
165 1.13379
148 -0.865723
283 20.0989
181 -0.487839
219 1.03838
31 -0.653532
202 0.355606
86 -0.0460052
80 -2.49047
67 -0.288368
68 0.413391
15 -0.70637
306 9.18506
231 2.71788
93 0.27317
32 -0.43762
121 0.372673
82 -0.282631
197 3.80823
268 5.89609
201 0.11821
192 0.834656
267 5.12369
258 3.32993
282 17.9013
217 1.0022
218 2.95398
155 -0.238174
50 0.100864
104 0.264435
261 9.30304
248 5.45554
142 -0.1194
153 -1.05124
206 0.131119
121 -0.113167
173 -0.187622
236 3.42857
115 0.50621
152 -0.446091
200 0.260925
173 2.51646
219 0.709686
119 0.151878
161 -0.534286
113 0.0274811
165 -0.343048
187 1.07263
198 1.09332
250 3.56198
238 1.80025
117 -0.213684
264 4.50623
147 0.475601
134 0.557846
165 1.13364
100 -0.0175934
12 -13.082
273 16.0067
181 1.496
57 -0.413506
127 -1.36612
155 -0.458633
337 11.9068
210 0.344421
181 -0.518341
59 -0.181038
47 -3.84631
12 -5.66597
179 1.07089
212 0.985916
156 6.74222
241 3.40344
263 3.55426
95 -0.0275803
146 0.895081
161 -0.541031
147 -1.01486
122 -1.1528
107 0.59758
50 -0.356213
326 5.1777
314 10.5998
15 -5.37178
51 -3.62937
258 3.05334
172 3.03825
81 -0.20723
207 2.4584
124 0.334511
234 3.00136
106 0.57692
173 -0.819061
90 -3.04946
107 0.597549
90 -3.04978
224 2.63208
156 0.0958405
218 1.72813
215 8.23657
115 -0.112785
286 5.67209
158 0.598358
233 1.75558
288 6.63174
250 7.26257
162 0.810532
199 0.101151
223 2.86296
158 0.227524
198 0.51741
8 -0.87994
272 16.5587
144 0.0745544
316 11.414
175 1.14665
198 1.09325
313 10.8537
22 -4.48115
3 0.54633
171 -1.40633
109 0.541733
272 4.41461
31 -0.732538
198 1.11382
171 2.1722
144 0.777252
204 0.170288
181 5.11684
10 -0.695442
34 -5.34031
157 -0.681885
128 -1.43161
240 3.03242
248 4.44623
262 4.6283
151 0.114685
103 0.424942
32 -0.572226
55 -0.321583
110 0.214188
132 0.706375
34 -0.513123
263 5.34073
186 0.762558
162 0.715576
192 -0.562225
182 1.64041
82 -0.228584
31 -0.515781
224 3.28226
134 0.148819
36 -0.41938
185 2.50345
85 -2.75081
262 4.69543
141 -1.73273
203 2.33412
245 3.64192
103 0.426506
29 -4.45456
70 -3.68866
256 4.20117
70 -2.93525
212 2.31201
79 -0.0717773
244 4.43533
85 -0.108467
27 -6.54449
99 -0.0855103
327 0.191071
192 1.70517
263 14.736
257 4.05426
220 2.99443
221 2.31737
178 1.84843
90 -3.04956
187 0.781601
225 2.49011
180 1.44815
135 0.851929
141 -1.73259
214 2.33667
193 1.84964
144 -0.0330658
226 3.46332
97 0.0467758
75 0.640244
161 1.20845
233 9.27959
101 -1.70856
148 0.104523
108 0.0138168
202 0.618713
213 2.82962
241 9.89328
195 0.917648
110 0.142227
246 2.24799
67 -2.61112
197 0.534531
173 -0.894592
144 1.11662
185 5.6993
167 1.16148
115 0.506981
264 4.50403
107 0.59819
244 3.53246
65 -4.50075
191 1.32851
175 1.14563
262 4.6282
66 -0.330597
278 5.22617
264 3.55716
53 -0.401825
108 0.100449
177 -0.310471
258 3.05338
269 4.81644
134 -0.262634
95 -0.0775146
236 4.02856
8 -16.6597
230 2.83842
206 2.66847
206 -0.216461
306 9.185
150 0.0976257
249 4.42331
182 1.70117
10 -5.65136
49 -4.3139
78 -0.271248
58 -0.385464
98 -0.0495453
115 0.409439
277 16.7884
81 0.164383
199 -0.154938
317 10.5066
36 -4.5642
242 3.3206
61 -0.260921
81 -0.207191
339 12.8694
104 -2.15318
136 0.6026
195 2.20869
314 10.392
123 0.0654297
156 1.23045
8 -5.0917
133 -0.258575
21 -0.712067
57 -0.413548
53 -0.437115
197 1.47566
156 -0.781631
258 4.03714
282 17.9013
317 12.9106
335 11.467
268 5.88193
34 -3.26506
115 0.506042
258 3.05688
152 1.0995
281 4.97717
128 -1.15459
282 17.9014
133 1.02104
85 -0.101662
181 -0.518341
224 2.63399
223 0.973495
183 0.722183
86 -0.233696
11 -5.16024
350 13.9469
313 8.75739
234 4.20988
14 -3.46702
61 2.31197
185 1.25349
139 0.661377
229 8.38866
267 15.5152
143 0.243576
260 3.22357
240 3.99031
50 0.101154
131 -1.21107
155 -0.411652
139 0.650208
132 0.910492
264 4.5061
179 1.64497
80 -2.30471
276 16.3051
122 0.634758
32 -4.16564
14 -10.2471
160 1.18199
144 1.11679
135 0.852234
211 2.41077
49 -0.381161
240 1.75302
68 -0.00626373
132 -0.0646515
166 -0.750153
163 -0.433456
144 -0.0309296
234 4.12192
97 0.668045
180 -0.429749
209 0.398849
133 0.766022
54 4.8461
92 -2.9464
215 0.35144
212 2.30266
233 1.75554
57 -0.245686
206 2.67552
85 -2.75083
76 -8.56006
150 0.801331
260 4.09155
38 -0.44252
313 10.8541
105 -0.0441208
202 0.0277557
305 8.8699
222 5.77951
121 -0.0772858
249 2.3974
162 0.839371
219 3.06345
264 4.50613
158 0.087265
186 0.941162
154 0.528091
134 0.787964
57 -0.245983
131 0.887634
257 4.33783
171 0.413391
201 0.641052
132 0.706253
173 -0.869049
62 -0.352982
144 1.11757
141 -1.73259
116 0.300415
81 -0.207962
185 1.01321
132 0.7061
255 4.02046
50 0.100971
232 1.73428
263 0.398376
151 -2.03699
182 1.70105
20 -5.96825
260 4.27991
125 -1.05042
50 -0.35165
131 0.530716
275 6.04495
207 2.45815
262 4.62833
138 0.339584
216 1.10796
164 0.296082
112 0.0120163
226 2.1855
288 6.61453
153 0.125336
245 2.92468
124 0.539169
186 1.60329
211 0.482452
43 -3.97511
185 3.54933
182 1.70116
232 1.57359
87 -0.151993
212 2.65485
85 0.608818
154 0.307922
58 -3.40058
188 -0.521484
315 9.19858
162 0.841232
85 0.612671
139 0.512436
58 -0.329033
33 -0.389961
198 0.134155
249 3.5061
286 6.66553
267 4.75989
127 0.204475
126 -0.085144
186 1.69797
288 6.61533
236 3.42331
236 3.42348
132 0.0979004
147 1.05786
257 -2.07631
78 0.05336
152 0.786377
180 -0.373428
15 -5.50676
70 -3.31288
316 5.90906
233 1.60109
136 0.606537
81 -0.284203
18 -4.60697
256 4.69391
267 5.12369
161 -0.0211639
153 -0.322311
330 12.3706
161 0.805771
175 1.14624
14 -10.2475
162 0.837219
185 1.68654
174 1.089
38 -0.446358
226 0.542114
182 1.69402
158 1.43608
244 2.02129
185 1.66139
197 3.23387
253 4.3941
139 -1.13968
209 0.396484
153 -0.090271
251 3.37619
52 -10.8107
133 0.533752
199 0.208511
154 0.35231
58 -0.306637
236 3.42809
177 1.16328
242 2.0739
48 -0.328289
231 9.07744
47 -15.6374
117 0.121811
185 1.69012
195 1.20631
221 2.31638
147 0.737747
256 2.94482
14 -3.46698
166 4.65051
55 -0.406666
145 0.206131
215 0.353653
207 2.48825
162 1.4957
2 -10.9978
3 -5.59768
101 0.0481949
290 6.57581
169 0.350128
165 0.258286
14 -10.2468
247 3.50687
95 -3.02599
141 -0.216934
315 9.20151
264 4.5043
132 0.70636
258 3.05356
294 6.63892
231 8.72809
207 2.45706
175 0.827972
305 8.86993
182 -1.52303
116 0.716827
56 -4.41713
165 0.326462
313 10.8546
211 6.74449
193 1.83784
223 1.76024
243 3.63055
188 3.36697
256 4.24533
275 5.12122
175 1.14633
221 2.31577
47 -0.381378
103 0.421211
61 -0.233288
132 0.562622
197 2.00078
198 1.11374
193 1.95505
40 -0.434853
219 1.032
123 0.196327
115 0.509384
56 -4.94791
158 0.594894
202 2.45102
263 0.389313
245 2.92453
102 0.369492
132 0.0974121
232 9.15567
49 -0.391945
28 -0.68948
14 -2.444
167 0.284256
188 -0.522095
271 5.54318
47 -0.545677
101 0.00656128
193 1.76871
141 -1.73259
171 1.44441
216 7.58658
102 -2.24017
74 0.0443192
181 -0.410217
243 3.58875
206 0.138779
156 0.357788
342 11.7936
275 6.03925
254 2.64206
111 -0.0315247
5 -5.39193
132 0.0504303
305 8.87
313 10.86
176 0.271484
132 0.706253
176 0.271622
314 -2.20581
226 2.18565
41 -4.41875
211 2.81659
26 -11.5515
78 0.12394
82 -3.69205
207 2.68056
258 13.3116
348 13.0567
242 2.07388
83 -0.14534
338 11.3186
131 0.914963
182 1.70105
221 2.31567
35 -5.0969
169 1.3019
137 0.0976868
201 0.127701
65 -2.21741
8 -4.99673
100 0.0186615
178 1.85056
264 3.55688
51 -0.490734
207 2.65721
20 -0.691006
316 10.46
164 0.256607
49 -4.31399
163 0.221756
109 0.541428
85 0.609879
339 12.8695
175 0.294922
197 3.80835
207 2.45816
262 4.69666
211 2.42281
132 0.138947
262 4.69696
133 0.141922
14 -3.36713
270 3.89371
120 0.273895
195 1.80331
314 10.4975
240 3.28267
121 0.44799
191 1.69753
120 0.59491
242 2.07343
198 1.43275
76 0.0476379
190 1.66286
141 -1.23184
264 4.50458
144 -0.0308228
188 -0.522079
277 16.561
323 12.2285
317 11.3475
196 3.00699
275 6.03873
214 2.33995
165 1.13353
250 3.36452
62 -0.352863
257 3.13223
250 3.56186
240 4.15251
19 -0.755062
80 -0.294708
146 0.811554
313 10.8562
106 0.385971
200 0.139511
150 0.62059
187 2.82126
263 14.7378
337 10.961
209 2.54236
60 -0.186893
82 -2.14072
68 0.444893
179 1.53552
181 1.49583
61 -0.167946
271 5.54376
166 1.37607
66 -0.388786
197 3.80695
144 1.10663
15 -5.50559
309 8.25256
245 3.18584
98 0.0152969
197 3.80838
24 -0.712242
263 0.398071
266 4.91269
161 0.802261
144 1.11931
124 0.454605
117 0.153542
162 0.71608
236 3.4279
328 12.7297
139 0.512604
150 0.0788574
258 13.3122
24 -0.64187
225 3.3806
263 4.61664
201 2.27995
132 0.706299
93 -2.9846
38 -0.414513
50 -0.369286
277 4.86523
260 4.19366
247 11.6852
103 0.349243
218 2.96695
339 12.409
182 1.69379
239 10.457
98 -0.098587
124 0.536827
315 9.24277
224 3.41602
315 9.24286
193 3.08328
164 0.901199
165 0.326767
185 -0.907623
294 6.66357
187 1.26663
84 -3.655
315 11.2486
199 -0.41301
134 0.0455017
171 -0.739899
9 -2.60301
173 1.40219
136 0.627029
47 -0.573578
339 12.8692
273 15.8307
163 0.847885
85 0.61042
264 4.38959
283 6.17163
118 -1.77698
175 0.295609
160 0.953323
108 0.0669098
311 10.4443
188 -0.637466
150 0.089447
283 5.56161
153 -0.319946
256 4.02277
155 -0.598953
113 -2.58368
277 16.5119
165 0.345444
181 1.50038
245 2.92406
25 -5.72717
333 10.7977
173 0.474594
267 3.67288
132 0.706299
68 0.445045
162 0.849884
156 1.19444
100 -0.22509
117 -0.0550995
212 2.30383
165 1.13391
249 2.39655
80 -4.01842
168 1.37308
245 3.18257
246 2.40849
223 2.8633
121 0.916389
57 -0.320423
350 13.9679
15 -10.2467
180 -0.229614
221 2.31697
313 10.8583
245 2.92468
50 -3.17034
102 -0.164337
254 4.41565
218 2.79146
353 15.8854
232 1.57294
287 8.46936
93 0.634933
293 7.23398
313 10.8542
322 12.0969
237 2.91599
305 8.86902
269 4.93869
199 0.21843
188 -0.522339
108 0.0314178
312 9.05096
103 0.444138
274 4.61478
315 9.24301
210 0.38324
243 2.72849
89 -2.90955
144 1.12027
115 -0.358498
239 3.06114
131 -0.153229
275 5.0932
143 0.907455
30 -4.7237
278 16.7928
330 10.741
253 13.923
127 0.587563
165 1.13358
250 4.12721
162 0.81842
206 2.21437
322 11.9934
263 0.391479
159 -0.763092
86 -3.11868
213 2.9323
60 0.587357
138 0.891434
185 -1.47423
233 1.75414
124 0.536102
246 2.24825
158 0.318146
69 -5.98516
101 -0.0442505
241 3.47409
216 0.352081
133 0.84079
63 1.95267
339 12.4091
123 -0.142044
195 1.19356
267 3.91037
128 -1.15691
271 15.4678
74 -0.188019
233 1.75418
281 5.08105
262 3.39078
162 0.858505
194 -0.332214
14 -10.2476
209 0.266937
211 2.82671
150 0.649612
247 4.27699
259 5.36609
49 -0.669155
128 0.368561
96 0.0108719
74 -2.51101
319 9.51712
118 0.103943
185 -0.634399
141 -1.73274
46 -5.06304
234 1.571
239 10.4568
182 1.65735
75 -3.89108
191 0.87326
242 11.1111
165 -0.0975189
250 3.56233
214 1.83084
135 0.15831
127 0.319725
133 0.822021
335 5.33826
61 0.668232
168 0.449677
316 11.0703
282 17.9013
259 3.0336
118 -0.0299149
121 0.722466
192 -0.673813
275 4.67383
337 11.9078
184 1.73653
64 -0.262409
116 -0.00166321
226 0.494171
216 0.342102
91 -2.40514
147 0.749817
260 3.08142
329 10.579
144 -0.0402374
73 -0.276009
79 -2.65753
114 0.53714
144 1.1169
150 -1.1651
199 -2.18971
124 0.493698
14 -10.2474
284 4.90192
215 0.310791
276 4.82642
255 4.02039
130 0.350342
189 -0.479416
215 1.86723
9 -2.50183
272 4.35281
102 0.120697
150 1.08235
219 2.97548
41 -5.06414
237 12.2199
245 4.18806
224 2.63338
164 0.294281
166 -1.45801
76 -2.44718
270 3.89243
161 1.51396
124 0.139908
263 4.66373
110 0.0130234
108 0.0142441
124 0.501099
244 4.08653
264 5.3959
237 2.96864
169 0.154861
96 -0.14212
276 16.0652
56 -3.2439
107 0.598717
199 0.208405
245 3.93947
294 6.63895
305 8.86957
167 1.36723
267 5.12363
57 -0.310143
218 2.96695
132 0.706375
274 4.61487
288 6.61523
147 0.0843048
182 -1.52379
102 0.130829
243 3.64755
48 -0.564281
353 15.8806
113 0.304131
282 5.159
182 -1.52397
79 -0.236237
87 0.647018
184 1.75583
267 3.92096
209 14.9578
200 2.27708
245 2.14519
66 -0.310059
245 2.23138
27 -0.672892
277 4.03891
85 0.614143
25 -0.506603
125 -0.686066
174 -0.290268
288 6.63254
257 3.37732
123 0.367905
30 -0.631201
14 -10.2467
336 11.3228
3 -25.668
162 0.858658
141 -1.29271
90 -3.05031
87 -2.59241
132 0.706345
192 1.80363
320 11.7938
182 1.69441
342 11.7815
77 0.613686
313 10.86
238 11.2181
50 0.100887
165 -0.846512
99 -0.0703125
30 -4.70239
198 1.2973
54 -1.98998
141 0.905411
27 -0.590971
354 14.304
114 0.0211639
57 -0.347553
220 0.992676
53 -4.38936
158 1.51698
13 -5.81114
207 2.68143
339 12.8696
212 5.60698
334 5.01837
235 3.1922
294 6.66333
215 2.89626
210 0.393341
321 8.76428
30 -4.68428
206 2.59164
56 -0.287392
328 10.4574
202 -0.502899
144 1.27931
221 2.31575
335 4.39905
72 -0.27269
140 -0.224838
101 0.0508957
252 2.53569
294 6.7247
77 0.0175858
206 0.138718
87 0.644707
137 -0.103745
126 0.592384
79 0.097908
229 8.39008
270 3.89243
197 0.548126
145 -0.108154
166 -0.325806
172 0.457916
199 2.2587
88 0.0185318
198 1.34383
197 3.80821
68 -4.21641
56 -0.425423
201 2.33983
301 9.36963
337 11.9078
168 0.842697
137 0.0953674
196 1.91838
335 11.4678
32 -3.78893
214 5.06425
90 -3.04946
185 -0.634521
235 4.02623
229 8.39034
339 12.8696
269 4.99753
142 0.254105
321 8.76395
271 4.83261
199 0.208527
124 0.534142
111 0.156952
352 13.8751
270 3.89255
287 17.3408
192 3.38846
188 -0.855621
108 -0.0063324
256 4.02264
213 2.6067
102 0.381226
354 14.3027
174 1.14981
212 0.4841
329 12.7676
258 3.05325
140 -0.195526
264 3.55704
317 10.4815
262 4.62833
107 0.00119019
270 3.70789
215 1.09532
97 -0.0365448
350 13.443
132 1.03592
263 4.58951
262 4.6283
23 -5.89269
144 -0.0913544
283 20.0986
170 0.363586
70 -3.61699
264 3.55701
276 16.7177
108 0.0197296
264 3.55722
242 4.46208
193 2.70659
100 0.0804138
270 4.41129
100 -0.113586
229 8.36635
284 4.90063
53 -4.27918
97 0.000556946
290 6.57565
288 6.61356
237 1.63974
270 3.55844
236 3.43535
278 8.06354
288 6.6134
71 -0.212097
209 0.399124
309 9.18909
265 -1.13519
14 -10.2476
101 -0.00853729
124 0.668831
14 -13.3594
271 16.0332
268 3.55066
216 0.479324
122 0.397621
339 12.744
139 -0.368515
335 11.4665
263 4.61935
15 -6.26664
116 0.145088
252 2.66205
76 -2.9726
256 2.36523
243 5.24132
136 0.621155
258 3.07367
271 5.54279
277 16.6787
165 0.326706
273 4.56311
232 1.69176
109 0.00899506
147 4.0338
131 0.852127
122 0.634689
277 4.02798
326 -0.204315
329 6.6181
74 0.407959
189 -0.480133
305 8.8692
36 -3.24554
168 -0.745667
212 2.30064
119 0.146652
309 10.371
253 4.29068
143 1.17664
124 0.454857
82 -0.229515
121 -0.0288849
245 2.13889
114 0.306213
117 -2.63824
265 4.74966
239 9.94008
84 -0.118202
314 10.3506
233 9.38426
267 3.91162
62 -0.352757
200 0.232742
25 -14.3219
315 9.19543
240 9.41069
353 15.8822
32 -0.840996
278 4.80893
186 -1.24112
245 2.92467
100 -2.61926
332 11.3806
139 0.512619
199 0.209061
42 -0.430344
276 16.7188
348 13.052
204 3.64645
111 -1.82343
101 0.123756
162 0.858841
209 4.15019
299 8.49161
207 0.47049
165 1.38106
223 0.974411
78 -2.78499
256 4.02267
124 -1.32551
313 10.8596
133 0.822037
238 5.06735
86 -0.173965
65 -4.82658
126 0.77607
340 13.3819
256 2.77649
85 0.607697
197 1.95607
62 0.550716
273 15.8307
144 0.863632
42 -0.617737
75 -2.75854
111 0.0273361
58 0.580872
194 -0.36557
115 -0.354485
40 -0.446541
235 2.7166
105 -0.044693
276 6.164
275 6.04492
317 11.011
87 -0.136497
76 -0.240746
124 0.487389
74 0.645195
339 12.8694
141 -1.73253
233 1.75432
294 7.50046
15 -5.50683
371 -0.281647
319 -0.845093
153 1.04094
64 -2.6461
296 8.63361
30 -4.68191
121 0.149551
105 -2.53115
163 -1.36325
117 0.796715
113 0.139542
335 12.179
199 0.224457
365 19.5703
226 0.561218
322 3.9469
30 -4.6882
287 7.85251
246 3.35742
9 -2.48526
66 -0.146683
231 1.7402
98 -0.08815
137 0.3965
133 -0.608505
281 4.9137
195 0.0569611
177 -0.834473
334 5.02484
39 0.336617
154 0.876511
9 -6.02163
17 -12.4804
321 12.0632
269 4.05362
185 -0.71196
85 -2.75083
357 -0.329498
87 -0.101822
239 10.4598
188 1.09973
340 13.3821
4 -5.39803
223 0.975082
19 -12.6409
130 0.717224
267 5.1236
107 -2.36385
153 -0.321594
98 -2.56076
280 5.57611
65 -3.63725
208 2.32301
178 5.44917
195 1.19312
65 -0.50312
231 1.3549
206 0.130829
143 0.670212
315 9.19672
295 6.87857
221 2.31573
335 11.4654
50 0.101051
85 0.600159
275 6.03848
185 -0.634369
221 2.31572
250 13.4815
123 0.614487
218 2.7989
52 -6.01167
336 11.0507
153 -0.321976
217 2.92995
31 -5.59445
242 2.07382
110 -2.86803
166 4.65494
9 -2.61556
314 10.9192
78 -0.341011
262 4.62817
35 -0.486137
247 1.53409
268 2.966
305 9.177
259 5.32446
218 2.45459
267 5.12366
239 3.64241
110 0.00882721
242 1.76404
329 -0.141968
15 -5.50363
247 4.03818
221 2.82578
342 11.8069
145 -1.43111
214 0.444336
334 5.01221
341 12.9449
162 0.85878
216 0.437073
104 0.381149
6 -17.376
84 -4.22785
185 -0.634415
254 2.66296
76 -0.241226
232 1.57054
85 -4.67252
255 13.4616
264 3.55695
327 12.2947
1 -6.62325
229 8.76361
217 5.1017
224 8.52797
16 -0.748262
66 -0.384262
185 -0.634445
270 4.51114
263 10.9886
88 -3.4384
183 0.855515
185 3.54645
328 8.16931
210 0.361679
124 0.78923
165 1.13361
180 1.80112
269 2.97998
189 -0.480118
216 0.486176
263 14.7365
32 -0.501869
14 -10.247
302 8.83667
210 0.366058
215 0.468094
276 6.16403
199 8.81773
95 -2.26575
262 4.6283
111 -0.160675
318 8.50049
292 7.58276
5 -27.5464
192 1.81248
229 8.12979
264 3.20023
254 4.60751
273 4.56311
313 10.8597
229 1.38902
133 0.433975
271 5.54269
79 -2.61606
180 -0.685471
100 -0.128525
34 -0.446053
294 7.70123
289 6.2005
215 0.353287
298 8.3692
146 -1.61685
205 0.502945
32 -0.521894
219 0.709717
185 -0.63446
251 3.67168
291 7.53217
349 14.3314
44 -0.424526
197 3.80667
139 0.512497
19 -12.6328
251 3.72868
235 4.02652
110 -2.86855
255 13.5204
202 6.15872
289 7.66382
357 -0.323486
146 0.984863
19 -5.22497
161 1.01433
357 -0.328491
141 -1.293
123 0.00356293
175 1.11586
80 -0.312866
192 3.3895
108 0.0297623
250 2.54805
180 -0.582779
116 -0.179718
259 4.79089
295 7.07654
158 1.25259
273 5.03772
138 0.394653
14 -2.44483
250 5.39748
245 2.92471
114 0.112953
210 0.346039
136 -0.830688
271 5.5416
218 0.963425
107 0.598366
216 0.252045
134 -0.995148
24 -4.55184
195 1.27959
208 0.110245
7 -5.28789
313 10.8561
194 0.749496
132 0.820541
33 -0.567741
120 0.141792
49 -0.384716
207 2.46141
230 7.48207
60 -0.267365
27 -10.4871
258 4.58118
221 2.31572
85 -3.54021
111 -1.8261
147 -1.54105
361 15.442
114 -0.182907
144 0.451736
26 -11.5514
97 -3.36457
121 -1.87481
75 -0.232231
295 6.87875
134 0.16452
281 5.35608
5 -4.86411
264 4.50604
122 -0.039032
270 3.41904
204 2.43187
160 1.19365
206 0.131958
53 -0.384575
236 1.70544
267 3.82278
284 5.73477
168 0.409317
262 3.27673
343 14.6101
62 -0.445061
235 4.03128
218 2.96825
197 3.23306
47 -15.0417
304 9.3364
223 2.86378
214 0.99437
108 1.42043
16 -0.668911
261 9.31052
47 -14.8598
208 13.1718
302 7.48166
289 7.14062
232 1.46844
243 4.26527
84 -1.88023
93 0.742821
313 10.8539
100 0.103188
214 0.824585
264 3.55679
177 -0.551102
256 4.02267
269 4.17233
243 1.97229
241 3.87465
262 3.38919
126 0.770134
270 3.89243
117 -2.63696
265 2.9212
283 20.1084
234 2.88112
22 -5.89172
95 0.0208511
48 -0.363876
296 18.4118
16 -4.55674
283 5.38458
188 -0.522095
47 -0.358688
283 5.18484
12 -5.39254
74 -2.52379
118 -2.45685
270 3.89215
203 0.407822
24 -0.716713
322 3.94885
108 -2.45499
230 8.8779
249 4.27991
223 2.86374
245 3.1855
151 -0.207214
363 16.2875
167 0.822678
136 -0.0340729
248 2.53328
267 3.91052
207 2.45824
100 -2.66493
318 14.0887
334 5.01715
263 14.7361
66 -4.23671
5 -27.535
355 15.7296
33 -0.453377
124 0.45652
50 -17.1631
315 9.20392
4 -5.69482
326 7.48062
233 4.06677
337 10.9084
268 3.77911
202 3.66702
20 -0.655455
231 1.68159
133 0.843521
52 -4.91199
321 8.76346
128 -1.06013
200 0.887268
252 4.24615
24 -0.653732
203 0.407791
315 9.20657
357 15.0695
68 0.413254
272 4.94226
213 0.53569
284 4.90201
140 -0.193924
313 10.8596
315 9.19348
85 -0.109123
143 -1.84807
208 0.11026
14 -2.447
215 0.223083
115 -8.09496
109 0.541344
239 8.78545
282 17.9012
245 2.92468
315 9.2092
175 4.08179
60 -2.43563
162 0.858688
267 4.44916
278 4.22723
254 2.67303
10 -6.31136
272 4.35361
44 -0.439911
107 -8.51958
27 -34.2852
347 14.3312
74 -3.76022
183 0.869141
248 4.26117
203 0.891006
148 1.12305
242 2.07362
335 11.3824
126 -1.0225
208 0.517883
239 10.4621
122 -21.3256
203 10.9921
312 10.2509
226 8.61163
342 11.7916
282 5.45105
6 -11.3516
314 9.2063
342 11.7814
320 8.82626
354 14.3273
207 0.136444
91 -2.32461
242 2.0737
250 3.56241
39 0.219299
2 -13.0287
210 0.365952
14 -5.54513
14 -10.2478
143 0.280472
338 12.219
97 -2.3047
132 -1.65233
313 10.8544
208 0.110321
335 11.3868
264 3.5571
15 -10.9373
233 3.48904
302 8.83698
113 -2.16129
63 -0.26519
262 3.28918
232 9.03134
149 1.31541
24 -4.67486
165 -1.32361
334 12.2415
339 12.7866
249 0.58461
230 3.40317
206 0.165009
350 13.7021
192 3.76068
207 0.179138
189 0.445236
157 1.04944
103 -0.0608139
356 22.0722
276 16.7184
265 1.35565
96 0.412506
202 -1.01926
202 0.619019
205 0.662262
272 15.7827
284 4.90179
177 -0.312546
117 -2.63815
52 -6.0096
224 0.90657
215 1.06787
230 7.48221
145 1.1586
263 0.39389
117 -2.63717
44 -0.430714
65 -3.88004
6 -42.0486
365 19.3173
207 0.126282
203 0.407394
184 -0.66246
115 0.745018
223 0.973404
234 1.6001
348 13.058
9 -31.5355
32 -0.495359
233 1.44553
350 2.35999
119 0.450745
124 0.512154
241 9.48405
284 4.90201
326 12.5287
96 -2.84013
90 -1.83262
203 0.591049
270 5.62662
311 10.492
311 8.7449
352 13.7678
245 3.18124
251 2.67711
160 1.26222
158 0.0497284
185 -0.634521
206 0.180649
273 15.8306
73 -0.0845566
263 0.395752
254 4.00357
197 1.87006
262 -1.28748
249 3.17409
298 8.6232
270 4.29071
2 -9.19767
109 -0.131241
335 4.04529
63 0.527584
29 -5.39953
215 0.190582
244 3.20485
141 -1.73254
290 7.69333
257 2.97888
352 16.7047
171 -0.397141
5 -27.5496
122 0.0557022
124 -0.93544
165 -1.32372
295 7.07642
117 -2.52139
229 1.38205
343 19.5281
173 2.49509
260 3.48956
332 11.3805
249 3.20815
256 3.84113
286 5.01883
25 -4.05832
345 14.7914
216 0.616211
306 9.18491
262 3.28784
201 -1.28922
12 -5.56164
19 -10.3677
124 0.029068
63 -3.89218
354 14.4374
114 0.537468
339 12.7444
225 1.17635
357 15.0684
264 3.41199
258 13.3117
272 4.41449
297 8.17944
181 -0.616287
273 4.90591
41 -4.19639
145 0.619461
111 -1.82645
68 -0.293007
284 5.58688
19 -4.73409
258 2.87
228 3.18747
263 10.9875
315 9.2117
254 2.71043
325 -1.32434
199 0.13855
258 2.56982
90 -0.188728
243 9.20674
332 11.379
360 14.7097
342 11.7813
4 -10.7162
307 22.2334
301 8.3042
262 2.89743
144 -1.48431
281 4.88998
81 -0.16066
162 -1.3259
96 0.332054
183 -0.648453
140 0.668259
134 -1.03363
196 1.21359
180 -0.697708
145 1.06104
200 1.53391
133 -2.0087
173 -0.518539
132 0.706238
199 0.101196
16 -7.01805
199 0.18248
162 -0.139618
54 -10.5014
243 1.97208
352 14.2795
164 -0.688339
184 -0.675903
262 3.3884
301 19.9455
348 13.058
57 -3.04758
281 0.377533
220 0.990814
204 0.506943
4 -41.6062
148 0.0400848
299 8.48743
112 0.564461
195 1.19191
74 0.645149
262 3.38815
342 11.7935
214 0.157028
299 8.4873
256 4.75226
359 13.0906
293 7.68433
189 -0.368393
141 -1.73299
115 0.263527
254 2.71318
354 14.7792
215 7.34875
67 -4.2143
247 11.7869
85 0.609276
174 -0.744125
267 5.12372
98 -0.088356
364 15.3282
130 -0.0529327
275 4.56653
306 9.185
267 3.91046
251 13.5021
318 9.31589
120 0.351433
173 1.61145
121 -1.17694
177 -0.311554
263 10.9878
276 2.00772
153 0.426849
158 0.228745
129 -0.136246
309 9.14203
256 2.77423
280 5.34058
210 0.311646
291 7.69067
151 -1.06178
107 -2.62293
290 6.57523
315 9.20438
128 -1.87973
74 0.645081
284 5.56277
366 16.4296
20 -0.653206
275 3.87524
339 12.1195
372 16.9624
242 2.07379
236 4.02838
358 14.9636
186 1.761
44 -0.535305
241 4.93217
309 7.61356
322 3.94989
333 10.9748
348 13.0518
109 -1.03047
285 16.0517
85 -2.71696
290 6.95242
252 2.67207
111 -0.179626
7 -10.7862
103 -2.21752
357 -0.314667
271 3.22324
140 -0.194702
352 14.2623
264 3.1951
284 4.90182
57 -4.79013
182 1.73381
242 2.07362
220 0.990372
31 -3.60373
271 5.54193
132 0.706406
36 -3.24543
235 4.02678
84 -1.60025
352 14.2392
189 -0.477875
337 12.4605
99 -0.171204
230 1.48767
194 -0.471848
305 8.86966
225 4.98456
179 -0.531967
48 -0.409321
95 -3.02602
345 13.1911
198 -0.190018
314 9.32977
299 8.44891
125 0.18795
24 -46.2526
316 9.21182
350 13.2875
14 -5.52246
280 5.23203
124 0.177826
133 0.822891
251 3.93259
287 6.25323
107 -0.103142
220 2.48241
314 10.3496
127 0.689751
216 1.98477
141 -1.29579
93 -0.0448685
180 1.73631
158 0.599197
348 13.0581
311 8.91031
256 2.77652
180 -1.49731
38 0.508202
206 0.505905
38 -7.6622
81 -3.03323
105 0.0323944
123 0.435806
82 -3.38004
210 0.302536
262 3.28946
52 -11.8186
177 -0.312119
98 -2.54034
173 0.685333
76 -2.98555
32 -0.840309
76 -0.192894
357 15.0095
42 -0.62735
57 -5.05243
213 4.54944
139 0.560608
357 15.0345
24 -5.06675
353 14.3006
266 1.29355
308 10.2983
43 -9.32816
104 -2.75694
229 8.39223
68 -0.366585
217 4.51743
324 10.7197
243 1.97258
360 14.64
116 0.30304
90 -3.04959
50 -13.1845
113 -0.15374
263 3.03705
313 10.8537
262 3.38834
45 -3.79699
27 -15.5248
199 0.127457
207 0.136368
155 -0.439438
325 11.8459
284 4.90179
117 -2.63699
342 11.7812
68 -0.296715
344 13.4796
290 7.74945
151 -0.207428
158 0.233322
267 15.2004
95 -3.02605
190 -0.419235
214 0.157013
251 2.31938
174 -0.176254
245 2.92442
19 -5.84873
236 3.42345
63 -3.89214
147 1.00296
275 4.58084
17 -0.73764
275 16.7186
199 0.132782
353 15.4776
141 -1.29224
127 -1.12484
268 2.87012
25 -5.79437
272 4.34924
223 1.02946
187 -0.921661
117 -2.63807
193 3.17319
32 -0.84074
284 6.24966
239 5.1891
367 14.7997
283 20.0983
351 14.0784
259 3.09961
245 3.18127
167 1.03441
275 4.50064
284 5.58936
52 -11.6451
58 -0.339188
284 4.90195
131 -0.750793
274 5.35947
9 -2.50141
277 5.97137
150 -1.15839
284 5.54077
370 16.7211
317 10.5247
188 1.17125
321 8.76178
97 0.171234
189 5.78651
123 -0.00582886
275 4.66891
18 -7.15322
165 -0.318146
149 1.81676
327 12.3988
182 1.69826
286 7.40167
223 5.59013
315 9.20917
245 3.92673
291 7.63428
120 0.127113
57 -0.318905
6 -8.7571
276 5.11105
166 -0.661316
42 -3.68864
122 0.507324
145 -0.59433
11 -0.857861
256 4.15161
150 -1.16508
287 4.6138
186 -1.07072
56 -3.69535
179 -0.962769
273 5.02158
253 13.2682
206 0.138641
142 0.917648
256 4.48804
262 3.23938
207 0.470535
213 0.581375
141 -1.29231
366 18.7254
351 14.1219
280 5.5751
276 4.76776
99 0.222069
17 -4.68696
26 -5.0102
269 4.17224
352 14.2542
182 1.56093
184 1.74208
352 14.2755
239 10.4614
190 -0.418716
342 13.1357
242 11.6683
244 2.91827
6 -17.3847
104 -2.68047
284 4.90106
296 7.87454
286 6.46823
360 3.79291
190 -0.418747
102 -0.0969925
352 14.2541
259 2.80811
264 3.20016
207 0.470367
179 -0.532089
260 2.802
141 -1.29675
103 -2.66901
215 0.352859
162 0.858719
43 -4.18539
301 8.3045
110 -5.81345
276 6.16409
343 13.0226
303 7.07849
335 11.9449
165 0.345261
28 -5.19322
208 5.52696
294 6.66541
11 -0.857457
105 -0.00215912
259 3.0975
363 15.6112
171 -1.22202
262 3.28854
