136 0.913239
180 1.02325
121 0.619453
183 1.00841
336 -1.25662
113 0.528801
121 0.622215
173 0.926788
130 0.768387
140 0.733566
173 0.92688
94 -0.37767
180 1.2598
187 1.94133
188 0.984497
173 0.926895
109 0.00679779
58 -2.79956
133 -0.331238
36 -4.1916
114 0.510803
72 -0.932793
116 0.495064
217 12.8947
59 -2.80928
82 -0.629471
179 1.22379
193 2.13095
187 1.94086
153 1.14781
78 -0.786087
187 1.94392
91 -0.490768
45 -4.34786
181 1.11394
58 -2.79964
153 1.14523
39 -3.90623
196 1.73599
123 0.553764
138 0.64447
173 0.926636
174 1.54225
174 1.08766
119 0.203293
136 0.913361
58 -2.79972
84 -0.628922
154 1.14636
157 1.04199
196 1.73622
139 0.676697
73 -0.895767
53 -2.00713
59 -1.36957
129 0.615326
353 -105.401
136 0.707123
58 -2.79956
181 1.95799
183 1.00854
141 0.8797
116 0.496529
82 -0.629501
121 0.622391
150 0.946243
204 8.44191
203 7.36975
127 0.590996
173 1.0874
141 0.697357
50 -3.59267
158 0.775497
312 -21.11
169 0.983795
196 1.73619
113 0.227585
130 0.76828
169 0.983917
103 -0.183105
105 -0.0207748
42 -4.09708
81 -0.602509
187 1.94031
59 -1.37068
105 -0.0926819
130 0.764084
143 0.980392
153 1.14789
121 0.195831
53 -2.12444
130 0.768417
167 0.804672
114 0.507774
285 14.3052
153 0.505219
196 1.73744
174 1.54256
134 0.785828
50 -3.59313
153 1.14848
154 1.09079
143 0.980469
110 0.261246
173 0.926804
196 1.73776
121 0.193756
130 0.768417
173 0.926666
94 -0.326317
173 0.926575
110 0.067482
132 0.608353
39 -5.10954
173 0.926392
77 -0.80407
94 -0.151154
150 0.946182
94 -0.150978
187 1.43921
110 0.264603
202 4.70348
40 -5.11549
39 -3.90591
39 -3.90602
110 0.0735855
153 1.14786
128 0.592438
81 -0.565628
52 -1.9756
185 1.34508
130 0.768402
94 -0.310425
180 0.995438
182 1.97461
59 -1.37078
109 0.26696
123 0.554077
233 15.5219
80 -0.663795
132 0.680847
153 1.14507
173 0.945419
173 0.926117
137 0.859894
182 2.01596
154 1.14761
36 -4.04485
142 1.20026
135 0.620544
137 0.859497
137 0.871536
173 0.926788
94 -0.227699
152 1.26587
42 -4.0882
136 0.381775
121 0.196327
185 1.37434
134 0.617981
134 0.760834
154 1.14594
127 0.56778
58 -2.79966
154 1.14665
175 1.07896
123 0.449654
73 -0.895874
124 0.492661
58 -2.79953
129 0.649826
124 0.59343
79 -0.601181
130 0.768173
121 0.6194
177 1.1743
80 -0.686859
36 -4.19104
176 1.14601
80 -0.689903
169 0.983978
78 -0.785912
36 -4.19087
138 0.644089
154 2.62018
299 4.48792
59 -1.37093
136 0.913315
45 -4.34509
118 0.665924
121 0.195656
121 0.195808
136 0.694031
204 8.60539
168 0.797699
187 1.94379
175 0.994385
94 -0.453239
127 0.567642
39 -2.59558
236 14.2905
47 -3.35064
130 0.768326
176 0.944107
78 -0.786819
154 1.06836
81 -0.603928
94 -0.377792
42 -4.09752
129 0.640991
125 0.652824
134 0.78656
83 -0.597282
69 -0.945541
109 0.266922
134 0.61879
90 -0.381157
138 0.674271
94 -0.228241
83 -0.597427
311 4.31445
151 0.800995
83 -0.597305
81 -0.604156
129 0.170731
233 15.458
325 5.26797
105 -0.0202179
115 0.514481
140 0.673019
93 -0.448997
126 0.526039
83 -0.597321
101 0.0160599
98 -0.166451
134 0.680466
129 0.170654
249 24.3544
325 5.26749
94 -0.151047
103 0.0504532
169 0.983932
53 -1.30491
80 -0.690018
129 0.649902
72 -0.845177
73 -0.896217
136 0.707214
93 -0.446991
79 -0.601128
134 0.787155
81 -0.602409
121 0.196442
169 0.815842
154 1.18948
81 -0.612648
182 2.00635
39 -3.90631
81 -0.691032
313 -25.1763
198 6.08701
81 -0.612144
59 -1.36841
97 -0.155853
132 0.63092
59 -1.36978
72 -0.844856
134 0.749512
81 -0.673302
158 0.775864
124 0.528984
150 0.946091
103 -0.18351
39 -2.59557
94 -0.342773
73 -0.894325
147 1.62903
42 -4.10016
132 0.582489
80 -0.686813
174 1.54248
132 0.692444
96 -0.186905
69 -0.945892
36 -4.19105
105 -0.0208282
36 -4.19119
79 -0.59507
40 -3.98656
138 0.643997
103 -0.182816
150 0.823944
179 1.40382
105 0.0313187
39 -3.90608
325 5.26767
90 -0.381264
136 0.913376
130 0.768356
83 -0.597389
73 -0.894806
130 0.768326
73 -0.897476
97 -0.330238
313 4.79568
59 -2.80925
153 0.505508
129 0.17041
129 0.170776
130 0.768219
137 0.859467
36 -4.68926
118 0.37558
127 0.570122
78 -0.786552
121 0.622543
103 -0.266174
39 -3.9059
196 1.73764
43 -4.02772
180 1.02321
45 -3.85606
41 -8.44666
83 -0.597282
136 0.913589
94 -0.151268
73 -0.895111
74 -0.738899
140 0.948013
323 27.9173
158 0.776001
123 0.51442
144 0.878647
90 -0.567566
151 0.800659
72 -0.93792
136 0.618454
185 4.04549
127 0.568054
81 -0.604065
156 1.34595
92 -0.517311
169 0.984055
114 0.505112
171 1.05228
125 0.584671
169 0.983963
144 0.569901
196 1.73837
133 0.779984
63 -1.18678
111 0.0507507
121 0.195694
80 -0.687485
174 1.03293
153 1.14639
83 -0.720314
153 0.505463
59 -1.37088
40 -4.09443
74 -0.815765
103 -0.182693
110 0.175964
151 0.800903
41 -8.4464
121 0.194405
127 0.570007
94 -0.227745
81 -0.56324
112 0.249428
157 1.3282
150 0.946426
145 0.790436
153 1.14833
119 0.618774
116 0.52021
108 0.0434799
108 0.066124
58 -2.79967
184 1.2146
127 0.491943
251 1.20207
36 -4.19167
59 -1.37099
83 -0.59742
146 1.83383
36 -4.19096
36 -4.69279
81 -4.08463
165 0.965149
325 5.26645
348 4.17108
50 -3.60068
168 0.854858
105 0.0311356
36 -4.19171
78 -0.78698
153 0.505508
69 -0.945351
122 0.543655
58 -2.79953
177 1.43983
182 1.18504
185 4.04526
130 0.768845
134 0.817581
154 1.12167
121 0.193527
73 -0.74781
153 1.14513
98 -0.155746
115 0.156471
42 -2.46592
176 1.19737
152 1.26782
158 0.778259
79 -0.599289
180 1.0015
203 7.36757
95 -0.381866
136 0.623337
127 0.568222
136 0.913223
137 1.04799
39 -3.90619
53 -3.58913
154 1.18962
79 -0.713303
276 13.2178
116 0.193398
110 0.264496
94 -0.152679
81 -0.602768
133 -0.331726
298 48.2228
82 -0.570831
59 -1.36829
59 -1.3684
193 2.14339
69 -0.945457
103 -0.183243
51 -3.47276
181 1.95792
129 0.995926
348 4.16174
69 -0.945808
100 -0.129318
136 0.707092
152 1.26746
184 1.19655
133 -0.331879
323 27.9068
127 0.715675
41 -8.44647
348 4.17206
122 0.516975
127 0.48082
70 -0.87146
6 -57.2758
187 1.94092
93 -0.476418
36 -4.19121
80 -0.690453
93 -0.445549
47 -3.516
151 0.801178
84 -0.643883
121 0.619301
301 5.42844
93 -0.402
136 0.913574
155 2.15279
236 14.2904
158 0.77803
134 0.618896
131 0.600098
58 -2.79956
134 0.813309
59 -1.36887
132 0.209717
50 -3.59505
45 -4.34775
137 0.859558
6 -57.2892
79 -0.598961
136 0.913101
245 25.6696
39 -2.59735
156 1.35291
156 1.37639
39 -3.90605
136 0.623856
43 -3.5219
81 -4.09031
133 0.686218
110 0.0797653
132 0.6698
111 0.11087
39 -4.09315
140 0.948181
36 -4.19115
168 0.84726
110 0.264671
181 1.95816
325 5.26874
146 1.8345
244 1.50734
187 1.94116
228 15.7903
143 2.39905
36 -4.19153
174 1.54245
80 -0.690132
105 -0.0206528
91 -0.556725
140 0.822464
79 -0.692963
78 -0.785759
62 -1.29101
146 1.83498
78 -0.786179
126 0.52951
145 0.790436
109 0.268288
140 0.948166
182 2.01578
59 -1.36979
39 -3.90591
129 0.640778
81 -0.603989
50 -3.59447
255 1.20015
79 -0.594704
108 2.3789
298 47.6089
78 -0.785744
150 0.946289
154 1.14481
132 0.608185
193 2.17488
134 0.619659
181 1.95856
184 3.24193
158 0.777802
99 -0.384911
170 0.695663
127 0.567932
82 -0.641205
103 -0.183411
82 -0.6297
134 0.61879
132 0.607941
94 -0.15271
329 -93.2802
78 -0.785767
39 -2.59723
156 1.31381
81 -0.702324
42 -2.46582
339 19.4671
137 0.847839
175 0.979416
121 0.193489
42 -2.47846
58 -2.79921
59 -1.37067
105 -0.0208664
173 0.942062
153 0.505768
103 -0.182907
128 0.629105
173 1.01859
147 1.87785
127 0.689987
45 -3.83791
150 0.823685
94 -0.228661
134 0.596832
169 0.974197
168 0.796387
42 -4.09608
82 -0.629219
69 -0.945801
80 -0.690231
175 0.984131
176 1.37981
111 0.230873
326 -33.8923
249 24.3529
169 0.98378
78 -0.785789
313 39.9699
121 0.193237
135 0.844727
95 -0.499428
187 1.94147
110 0.264854
109 0.175888
253 1.14015
108 2.38186
153 0.505508
127 0.582222
73 -0.707436
41 -2.61443
192 6.14632
81 -0.563225
151 0.800797
153 0.882645
121 0.621872
137 0.859695
42 -3.91063
121 0.461945
83 -0.57547
252 24.741
45 -4.34531
72 -0.846054
44 -3.78126
349 4.26645
138 0.466812
50 -3.59497
55 -3.63157
127 0.669945
252 1.35283
50 -1.95249
133 0.780716
39 -2.59712
58 -2.79944
74 -0.815552
187 3.99931
39 -3.90623
168 0.831039
123 0.553146
42 -4.09891
42 -4.09851
42 -3.91285
328 -98.5782
276 13.2655
94 -0.22747
210 3.17766
103 -0.183258
204 8.60463
130 0.768372
81 -0.602455
254 1.22592
217 4.0023
146 0.636536
97 -0.189995
124 0.567932
95 -0.428535
203 7.37047
204 8.60472
241 1.31207
185 1.59967
129 0.640793
136 0.611328
127 0.687172
187 1.31061
134 0.786102
123 0.553375
71 -0.752716
144 1.08376
69 -0.945457
153 0.339203
204 8.60545
169 0.983978
127 0.714211
48 -3.7643
80 -0.689827
81 -0.56353
49 -2.76984
50 -3.59436
127 0.687119
176 1.36795
269 17.3287
83 -0.597466
187 1.1624
348 4.17197
169 0.98349
78 -0.786194
121 0.622467
38 -4.11979
81 -0.604187
93 -0.572754
70 -0.75502
126 0.6716
122 0.427773
39 -2.59722
130 0.768372
108 2.37871
129 0.995544
41 -8.44604
6 -57.2733
152 1.26797
266 1.33362
133 0.76976
82 -0.629768
81 -0.602341
200 2.07759
90 -0.381287
152 0.87468
197 1.91698
243 1.15973
269 1.05145
212 3.5564
105 -0.0208054
121 0.619232
39 -2.59539
121 0.619232
89 -0.485893
190 1.92036
179 1.12607
145 0.790482
42 -4.09865
74 -0.742371
152 1.26741
152 1.00566
121 0.194412
154 1.99005
69 -0.945435
93 -0.493156
134 0.617706
183 1.00827
203 7.33736
168 0.803711
92 -0.51252
138 0.651108
157 0.861588
153 1.9189
97 -0.394981
59 -1.36821
73 -0.895287
304 3.94031
201 2.11734
184 3.24236
41 -8.44625
333 38.4496
94 -0.213051
181 1.95793
245 1.3656
40 -5.11277
82 -0.629639
142 0.882248
59 -1.36974
143 2.39967
204 9.78162
39 -2.5956
96 -0.377571
129 0.649765
42 -2.66193
133 0.713989
349 4.33255
89 -0.487602
173 0.92659
169 0.983948
124 0.593323
41 -3.82288
121 0.194481
313 -16.7602
129 0.649887
267 1.18619
270 7.29529
185 1.584
152 0.960419
96 -0.26432
125 0.616203
133 -0.331284
117 0.348221
79 -0.601067
152 0.790344
182 2.00534
127 0.569916
216 9.81731
196 1.73767
36 -4.68922
70 -0.792786
205 2.70526
203 7.33659
174 1.15343
50 -3.5947
58 -2.79978
191 1.67166
154 1.209
74 -0.815643
217 12.8946
196 1.86253
245 1.1674
224 3.81429
269 17.3352
175 0.934738
143 0.973358
182 1.96611
129 0.649597
144 0.943665
125 0.689713
144 0.840714
203 7.33591
72 -0.793076
127 0.687294
36 -4.19169
105 -0.0207367
36 -4.68921
114 0.39695
82 -0.629623
154 1.14668
114 0.429649
82 -0.620911
79 -0.594788
140 0.948074
79 -0.607292
133 0.685165
118 0.447845
144 1.98859
189 1.91602
94 -0.228523
82 -0.404205
175 1.20007
6 -57.293
204 8.6067
225 12.3022
203 7.36992
85 -0.37825
325 5.26962
124 0.529541
203 2.51767
140 0.703125
155 1.26431
72 -0.846527
127 -0.182678
270 7.29401
154 0.907166
298 48.2035
321 -1.75873
133 0.180115
279 2.14066
39 -2.59542
157 0.86174
94 -0.328865
132 0.608841
348 4.1687
80 -0.642876
134 0.782532
313 -16.7774
129 0.998901
158 0.775772
153 0.505478
145 0.790527
175 0.935196
58 -2.79944
105 -0.0206985
110 0.0736465
333 38.4783
158 0.776047
318 -57.028
138 0.644272
121 0.194672
153 1.14514
173 1.21521
129 0.999008
323 5.00552
168 0.797226
41 -8.44614
127 0.570183
48 -3.95898
46 -3.71651
105 0.0695343
127 0.715767
325 3.21179
151 0.801086
83 -0.597542
154 5.37141
142 1.08813
121 0.562904
224 3.81458
318 40.3893
105 -0.0350952
108 2.38068
41 -8.44614
130 0.768402
187 1.9415
280 2.76349
184 1.18456
119 0.535347
82 -0.629707
117 0.37796
329 -93.2384
48 -3.41722
73 -0.707443
121 0.191208
323 27.8962
228 1.95799
41 -4.19029
181 1.95801
136 0.707092
72 -0.889648
324 1.49686
127 0.56974
272 2.20883
129 0.65007
140 0.723389
129 0.995392
42 -2.66108
154 0.863129
332 2.65155
169 0.971054
143 2.39941
199 6.09
168 0.854645
271 7.23273
372 -3.04373
156 0.828796
158 1.57281
41 -4.26617
158 0.775909
186 1.52611
79 -0.598984
287 22.5019
55 -3.79782
279 2.12863
322 11.4459
70 -3.6683
276 13.2654
181 1.10446
221 4.53798
206 2.88145
51 -2.22246
298 1.33569
127 0.687576
331 4.1868
44 -3.32512
143 0.980957
188 1.4176
110 0.199646
121 0.540497
45 -4.34515
230 13.7947
143 0.981064
158 0.778763
227 13.8812
231 6.70929
153 1.14526
342 0.7323
70 -3.67203
225 1.92751
159 0.990616
115 0.316612
154 0.768188
187 1.86707
81 -0.563965
127 0.567978
145 0.790405
124 0.59417
336 -1.08728
138 0.643997
357 -157.246
82 -0.540199
373 42.4897
306 4.41776
327 4.66058
160 0.838684
141 0.978027
323 5.13943
245 9.43959
194 1.50876
127 0.687233
105 0.0312271
179 1.12625
328 -98.7636
73 -3.76112
133 -0.331253
187 1.94441
127 0.567505
145 1.07216
196 1.76317
53 -2.26778
50 -2.12663
97 -0.417221
217 12.9196
110 0.0739059
176 1.43721
96 -0.178642
137 0.814819
133 0.780411
185 1.56418
127 0.687363
69 -0.945526
364 0.0320435
196 1.73839
94 -0.43647
129 0.568665
168 1.0589
134 0.618042
133 -0.331238
143 2.39941
354 3.7475
196 1.73769
113 0.303711
181 1.03185
339 5.28128
349 6.58762
357 1.98721
187 1.39647
319 -48.5886
152 0.879257
196 1.51436
173 1.11043
313 -25.2289
130 0.768448
136 0.913254
180 1.00284
302 4.05569
334 1.88055
249 2.45052
145 0.790604
126 0.466553
158 0.775894
154 0.677979
73 -3.76076
145 1.71048
175 1.09259
132 0.608337
350 11.2472
145 0.79068
172 1.88765
139 0.675278
59 -2.80924
365 -1.95416
338 1.16592
137 0.797363
156 0.899948
367 -0.875061
324 5.43097
187 0.937088
199 6.07986
150 0.823746
298 1.35278
262 14.8183
216 12.173
348 4.17307
200 1.64522
38 -3.84522
102 -0.072258
150 0.823624
99 -0.202217
53 -3.8823
302 14.0844
219 4.18492
127 0.271851
102 -0.326958
140 1.16672
83 -0.597389
190 1.21184
226 2.17502
291 6.7121
159 0.857574
283 -22.3871
333 -54.8051
201 9.47186
229 16.3513
168 0.831833
144 1.12811
364 -2.42474
184 3.02776
69 -0.945526
105 -0.0460281
359 -1.76389
241 3.67793
142 0.810852
259 11.6179
145 0.733322
211 3.09953
114 0.446022
138 1.10556
69 -0.945908
129 0.650284
144 0.478119
336 -1.03717
60 -3.96003
366 0.0663757
89 -0.479012
190 1.26878
142 1.14354
184 3.24315
328 -98.9
141 0.788818
315 -63.4921
336 -2.63486
105 0.0313339
367 1.52905
42 -2.66208
215 9.50986
366 0.992615
226 1.98943
371 25.7264
154 0.907791
270 7.29459
172 1.13791
177 1.4088
190 5.1835
216 3.85756
168 0.831131
114 0.140289
310 -27.4124
79 -0.600616
348 4.17325
90 -0.381142
341 8.92169
96 -0.389526
60 -3.71899
127 -2.20949
123 0.473152
134 0.614853
324 1.3006
143 0.999557
326 2.59448
245 9.65465
150 0.823654
285 1.73804
253 1.21564
148 1.77214
185 4.04605
318 0.519958
364 -1.93533
346 49.1648
146 1.83476
73 -0.707314
105 0.03125
299 -14.3528
285 4.68887
191 1.67166
343 2.10883
198 1.78436
302 -16.3828
194 1.65315
341 2.96017
271 7.2326
298 -30.2014
353 -105.433
187 1.86717
146 1.95274
252 24.741
164 0.793533
310 -29.3128
271 7.23318
271 7.24988
353 -105.433
262 -2.5069
77 -0.71463
51 -1.99031
313 -25.2346
213 2.07841
328 -98.569
196 1.66292
6 -57.2891
196 1.44611
236 1.47821
141 1.10547
200 2.43195
189 1.82832
287 1.40701
43 -3.5219
348 4.16965
249 24.3482
153 1.14861
77 -1.3107
130 0.768372
187 1.94145
365 -1.90671
347 12.5255
341 7.87973
58 -3.68636
324 1.34741
96 -0.182007
162 0.818542
69 -0.859512
260 -2.12085
51 -4.01164
139 1.33511
169 0.983963
70 -0.937363
358 4.7226
146 1.57861
78 -0.786903
181 1.29716
342 0.15387
72 -0.91774
350 6.51959
286 33.7757
139 0.802979
150 0.823624
332 18.3141
204 8.60628
304 -17.2743
200 1.64536
365 -1.93216
244 9.43942
136 0.620819
114 0.45652
233 11.872
68 -0.874344
319 24.6654
144 1.82393
332 38.4681
344 38.688
237 1.62216
115 0.322472
245 9.49251
78 -0.786514
318 -44.4841
327 1.61292
341 2.95349
206 2.35031
372 -3.1915
262 14.07
275 6.64426
196 1.73779
147 -0.715836
57 -3.7558
180 1.38412
221 4.25002
239 3.23547
78 -0.786209
301 2.67877
162 0.861603
151 0.879303
363 -0.162628
105 0.0310745
361 21.7779
326 3.7894
295 5.29572
189 2.24612
311 -29.9318
286 3.0849
148 -0.864929
279 2.1402
332 38.4256
158 0.775299
67 -3.24964
220 9.94208
331 7.49402
218 9.13673
347 47.0638
205 12.0688
128 0.549835
86 -0.742905
322 -61.6162
129 0.702423
332 38.4161
333 3.14264
72 -1.29453
204 2.57127
373 15.3516
197 1.69905
365 34.4877
296 4.49167
335 0.869232
89 -0.614075
200 1.64536
187 1.86696
184 3.24315
338 -0.59317
154 0.908188
324 1.29025
271 7.23206
300 4.56647
201 2.30351
134 0.618622
340 -2.50031
137 0.652039
154 1.11493
127 0.699165
318 3.31747
147 0.968872
353 72.7221
187 0.937027
360 1.36887
138 1.12376
258 12.3132
146 1.39299
245 9.65474
311 4.26263
237 2.05177
289 21.3264
350 11.2777
300 4.96667
265 2.32452
324 2.42682
245 22.9326
372 -3.04367
368 12.2548
317 23.5625
302 3.52298
365 -1.95712
368 12.2482
156 1.18016
351 2.17429
196 1.73764
94 -0.152679
313 -25.2355
347 12.5095
324 1.3042
111 0.187424
349 4.26364
324 4.22888
303 -16.587
200 1.64526
127 0.715714
318 0.521545
39 -3.90591
87 -0.558205
328 2.27606
220 12.3932
169 1.08099
332 21.6157
203 7.36812
191 1.67159
195 2.41313
346 49.1353
157 0.861984
190 4.9619
127 0.48085
293 -9.38879
78 -0.427917
197 2.14848
287 22.8613
358 5.01108
245 9.29045
115 0.477417
372 -3.04437
369 47.554
171 -4.90308
252 0.862717
70 -3.54659
146 1.35542
233 9.44336
127 0.715775
317 -40.5576
177 0.972534
168 1.44939
325 5.26697
90 -0.381264
243 23.0989
205 6.16272
133 -0.331131
185 4.04591
160 0.571518
116 0.223892
219 3.17677
340 7.19061
127 0.715752
339 5.14621
184 1.11691
320 -1.38803
365 -1.95609
46 -3.85493
165 1.30237
127 0.715752
357 17.4952
334 0.780029
75 -1.28542
325 2.15591
313 1.45901
311 10.1696
298 -21.0855
335 -39.342
152 1.26672
121 0.196091
129 0.170395
172 1.40775
177 1.51668
201 2.31458
184 3.24332
211 3.56706
71 -0.887924
128 -2.19225
198 1.79295
309 -16.4617
327 -12.9624
324 5.16272
146 1.83391
309 -16.029
361 -0.692291
121 0.481964
253 3.18942
205 2.3829
324 1.89597
141 0.0458374
358 62.1495
164 1.45943
345 3.17371
58 -3.69337
133 -0.331711
63 -3.99221
332 38.4397
364 0.027832
340 9.85718
115 0.433952
361 4.86084
254 1.14894
185 4.04576
351 -0.692413
154 0.90715
109 -3.13879
201 2.30257
74 -0.815475
145 1.55435
320 -2.02161
335 0.629974
78 -4.79951
320 31.7986
304 -16.5854
318 38.7401
296 4.49408
87 -4.34973
200 1.9288
236 14.2904
126 0.60955
352 5.7287
162 0.917572
241 0.914612
116 0.16188
298 5.62326
120 -1.08736
359 -2.90091
119 -2.5536
196 1.51448
157 0.474274
191 1.56651
200 2.35332
324 1.97223
217 12.3778
119 -2.5117
67 -2.29775
288 8.9198
298 1.65741
275 18.3255
119 -2.50799
294 1.69638
200 2.43185
149 2.30499
347 1.29736
210 2.80203
347 12.5086
309 -16.0229
156 0.799515
343 0.907776
154 1.18959
129 0.640961
287 0.567474
199 5.92015
344 6.36392
138 0.56041
298 -21.176
130 1.62952
364 -1.13742
326 -46.4132
313 22.4048
358 62.8149
333 1.27914
301 8.9809
278 0.794281
185 1.93123
327 1.88977
266 6.70114
227 3.60916
244 25.3692
329 2.33939
309 -16.0596
177 1.7021
277 18.3118
206 2.53395
330 2.98465
81 -0.602036
364 4.5607
276 13.2616
119 -2.50856
141 0.731674
129 0.649841
90 -0.381195
303 14.0114
342 -3.25195
228 2.00175
129 0.9991
140 0.652634
317 23.5629
201 2.31587
268 5.2803
362 0.674591
133 -0.331772
158 0.778397
246 1.27818
341 8.98462
134 0.403259
315 2.53027
233 1.68321
367 -1.68481
177 1.51801
119 -2.55519
349 4.26767
318 3.40634
110 0.263741
347 4.7471
185 2.24207
227 5.42958
313 -25.2311
156 1.34612
311 3.62253
324 2.80511
144 0.854904
189 1.92039
353 51.1919
117 0.366562
368 11.2118
170 1.46172
226 1.55171
154 0.907639
301 -18.9717
159 0.818939
294 -0.908752
310 -34.3327
63 -2.35438
153 0.844406
141 0.0454102
365 34.512
348 4.17111
311 0.0775146
158 0.850998
373 42.4923
138 -1.42708
332 17.748
276 13.2339
279 6.58838
289 8.39893
364 0.0185852
132 -0.517838
186 1.52124
200 2.43237
367 -1.68991
185 4.04515
309 -27.6615
370 -2.16028
128 -1.78326
365 34.4846
295 3.84091
110 0.298973
287 0.569183
119 0.497856
348 4.17133
238 -0.482559
360 38.2985
365 -1.96143
365 -1.95673
323 13.9975
332 2.76657
161 0.999054
165 1.00163
348 3.86905
348 -3.96783
347 47.0522
50 -3.59277
316 6.99921
110 -3.02283
336 25.3501
298 48.2229
141 0.704086
120 0.349792
171 -5.12967
147 1.8067
291 3.96103
314 -46.5365
248 3.40228
318 0.583038
124 0.526367
213 3.71484
89 -4.20361
210 2.80275
181 1.29736
310 -9.70081
288 0.362793
73 -0.921692
167 1.38969
186 1.79745
198 1.89253
213 1.58867
300 -18.9731
324 1.25415
298 5.20377
293 3.94348
203 7.37007
299 -14.3916
335 2.20255
364 4.55042
302 0.660645
154 0.907104
123 0.505898
215 9.40041
326 2.56995
225 12.8757
217 12.894
300 8.19119
308 -15.4623
190 4.83058
308 8.7753
365 34.4763
359 1.74475
298 48.221
323 14.6961
211 3.04012
110 0.107353
201 2.30327
306 23.5341
339 2.36676
328 -40.4999
364 -1.22342
264 -6.25677
334 3.0368
365 -1.95892
130 -1.94392
315 32.9062
286 1.55811
339 2.36743
171 -5.11272
199 2.24515
189 1.82837
227 5.4296
217 9.78831
85 -2.46905
189 1.19531
325 3.75333
140 1.20035
298 3.7124
154 0.907104
165 -2.22157
308 5.55075
364 -1.75345
272 -0.528534
316 5.21548
328 -98.9
299 20.5918
87 -4.42281
365 34.5207
313 -10.9786
365 34.4939
313 -48.1487
353 1.96487
339 -22.2157
201 2.30334
309 5.65063
172 1.08376
277 18.3904
272 7.45309
317 3.20596
245 9.49318
149 -0.944275
352 51.4606
187 1.94145
228 2.00056
93 -0.446861
245 9.65591
74 -0.815529
323 5.17566
245 9.6546
211 3.76112
294 18.9768
344 11.1487
305 2.06894
286 1.85767
139 1.02031
150 0.823639
301 9.78152
152 0.274323
300 -18.9305
275 18.2845
298 3.46051
196 1.44292
134 0.75061
342 28.3923
227 5.43382
363 0.642059
331 3.4263
354 -1.28503
354 -10.2463
241 3.67825
50 -3.59309
195 2.32944
331 4.27139
70 -0.0462341
353 0.606781
315 2.55692
295 24.9678
216 12.2621
281 4.08936
366 0.990906
360 20.0869
297 1.36237
218 12.2764
87 -4.35028
357 -10.1076
162 0.828781
365 0.063324
210 2.77521
222 10.6535
200 1.64519
313 -2.03406
331 -18.1614
324 1.32114
276 -0.591583
332 18.3261
282 4.06369
136 1.33801
145 1.7106
358 21.3411
192 3.54382
307 5.01532
324 1.43658
341 -4.37839
135 0.625931
317 19.3194
212 1.47974
202 1.77318
337 -25.006
132 2.00806
227 5.43301
148 -1.64386
203 2.42436
337 1.11865
364 1.17175
199 2.24516
338 -6.00809
292 4.03955
257 10.5218
157 0.747086
302 14.0833
325 -13.5351
372 -3.04474
189 2.21582
145 1.71031
230 18.0275
39 -2.59726
209 2.75467
39 -3.66101
230 6.664
326 -0.769531
311 -29.5072
326 2.58585
364 18.3734
62 -3.85069
321 20.7637
101 -0.142921
361 20.1223
126 0.432739
318 40.3879
134 0.679474
314 -51.3303
212 2.76295
202 2.57388
174 1.54234
185 2.15323
159 0.928955
127 0.715706
74 -0.815514
282 -22.4257
102 -3.68503
353 0.881927
306 8.81479
359 -12.8701
358 60.6347
277 7.94275
306 -5.5817
163 0.86412
344 5.64981
165 1.06242
279 3.79501
326 2.53241
304 -5.42126
141 0.046814
326 2.56345
160 0.0231171
219 9.56067
313 -48.6627
329 1.6778
364 0.0226135
357 0.566315
258 13.3756
206 3.07227
259 12.1479
151 -0.673996
364 -1.17792
330 2.96286
107 0.0836487
228 2.00159
190 1.53964
366 18.951
334 1.84131
334 2.7847
323 1.82507
123 -2.54166
297 5.53369
329 2.59204
311 0.0879211
126 -1.94612
298 1.33731
349 4.27032
245 9.65588
283 1.9393
329 2.88098
215 3.00876
232 7.15826
333 -1.68915
313 -65.2757
349 4.26608
358 5.01242
161 1.11049
333 2.86398
165 1.24815
305 2.06439
349 17.2253
359 37.5272
284 36.9398
323 -45.8631
177 1.5135
348 1.67548
123 0.454292
230 10.0898
266 7.54987
282 8.96292
300 8.57089
128 -2.19172
224 3.81569
200 2.35284
158 0.930374
354 4.02606
61 -3.20039
171 1.17534
159 0.859741
304 -16.5002
347 7.14032
347 12.5275
308 -15.9801
200 2.43201
184 2.19342
186 2.14294
329 0.0511169
365 34.4973
127 0.71566
298 -9.84424
191 1.39362
136 0.973236
92 -0.504692
354 65.2833
242 -1.18442
330 3.26392
371 -2.80209
298 -21.6198
109 -3.09654
225 10.7889
366 -0.775726
326 2.53232
362 -3.61346
364 0.031311
350 0.899475
99 -3.73813
364 -1.24188
349 -2.25159
298 1.33731
365 34.4868
326 2.56354
283 -22.3647
348 4.17291
300 -18.9984
87 -4.35358
251 11.9257
195 1.42828
354 0.950806
322 2.43674
159 0.929596
175 1.6492
282 1.65903
349 4.2644
148 -0.954544
308 4.46429
360 61.7151
368 12.3467
158 0.941864
227 4.07172
176 3.46527
200 2.43199
317 -47.3958
196 1.44598
235 10.3545
331 3.4021
89 -4.14389
145 1.71042
160 0.131317
239 5.47902
309 -37.9864
180 1.31863
371 -88.6121
297 24.8981
297 2.75464
300 5.36572
318 40.3889
171 -5.11116
173 0.659988
205 6.07776
189 2.15302
324 21.1037
82 -0.629562
316 1.76382
182 1.28743
330 3.43689
137 -1.84921
320 18.799
187 0.938354
138 -1.42615
152 0.270447
232 10.8607
138 -1.40614
208 3.18152
323 14.7789
288 5.95856
114 0.313705
106 -2.22929
289 6.45236
308 -15.5237
280 3.56802
282 -1.8183
147 -0.885254
315 4.565
283 -22.0596
372 0.268158
138 0.69928
94 -0.227623
365 1.17731
205 2.37102
325 8.4541
150 0.823746
245 9.42838
185 4.04568
366 0.988068
323 27.9022
271 7.23273
348 4.17368
180 1.46324
165 1.07878
353 1.73166
129 2.09299
351 -0.104492
305 23.9513
246 9.12689
228 1.99904
311 -53.2647
181 1.45164
360 -2.02814
135 0.626419
328 -1.74371
297 1.7793
333 2.17435
101 -0.209015
326 2.5621
365 -1.91965
312 3.14157
280 18.0067
137 0.32869
365 -1.95847
236 1.55696
188 8.55608
357 -10.0854
151 0.87941
117 0.389084
259 13.2086
339 4.63004
245 9.4286
315 -57.555
343 -2.55371
300 -18.9488
360 0.768921
338 1.96417
358 4.99686
358 5.00375
292 0.270386
90 -0.381248
36 -4.32636
282 3.46609
336 33.9618
335 1.67166
349 4.26572
353 53.1371
363 5.87473
301 21.1422
280 19.2164
364 56.0863
357 -28.2807
211 12.2693
364 0.0376587
365 -1.91928
363 -2.3718
260 2.56079
201 1.74672
353 3.44492
359 0.12442
313 -5.66061
84 -3.31154
190 2.26709
160 0.857498
313 4.56772
180 1.46333
345 0.503754
282 1.51245
127 0.543541
298 5.62372
234 9.4899
216 11.8061
292 -17.0951
366 0.972382
369 -95.394
365 -1.91699
138 -1.42596
365 34.5135
274 17.5719
258 13.7459
325 1.98865
301 4.01968
324 1.32855
151 0.895035
228 2.00253
332 0.607666
311 -34.8638
186 1.45763
309 8.60242
244 -1.46057
297 24.8942
302 -19.864
94 -0.227768
311 36.978
360 -1.23282
181 1.50102
353 19.137
307 -5.65082
304 13.2536
317 23.5658
205 1.36748
366 17.0677
158 1.57278
283 -16.0535
324 1.28448
245 3.33514
228 2.00157
138 -1.40598
110 0.0807953
340 0.262726
351 0.80011
336 39.5518
281 7.09634
349 14.7957
175 1.66827
328 6.46951
294 -4.38528
73 -0.710579
364 2.8541
221 10.2513
282 -22.4458
100 -0.361107
313 -55.802
312 8.25058
347 12.5219
243 3.32907
165 1.53386
291 -1.13855
323 13.9428
307 -5.64932
364 1.12097
339 27.9113
312 24.0689
250 4.7081
364 4.49121
358 20.4951
210 12.2051
329 56.1328
364 -1.07471
332 2.78836
98 -0.3536
333 2.70984
324 3.7868
308 -15.3775
198 1.89233
365 -2.06711
94 -0.167633
276 -5.93668
141 0.0436554
325 -47.9453
210 2.80278
87 -4.3641
210 2.80122
363 0.505859
316 6.40335
280 5.39163
311 9.83823
339 2.36758
300 8.20065
338 39.12
314 38.3842
244 3.56932
216 12.2652
367 -1.68869
287 12.4657
281 -11.5592
310 4.24326
308 -21.4995
338 38.8454
347 4.82571
332 18.3061
150 0.82373
284 2.05191
300 8.46768
364 -1.08618
141 0.045929
352 -5.04279
364 -5.01688
320 -1.41476
272 2.74518
349 1.04318
364 -0.527924
362 3.21185
323 13.7857
342 1.33658
328 -2.47678
320 5.19687
167 1.51079
323 7.23395
318 0.518463
186 9.03622
159 0.930161
245 9.49919
192 1.6106
351 -3.91492
180 -76.213
347 12.5117
360 -0.685913
156 0.860046
365 52.9653
352 2.81979
198 1.89252
349 4.26651
261 -11.9042
298 -17.1799
300 8.33331
70 -0.0460663
309 6.50156
150 0.946091
370 1.56311
227 4.49408
281 1.47955
102 -3.68213
141 0.0435333
241 3.67488
306 -5.90759
296 4.49326
349 14.8744
167 1.02982
300 1.43555
321 -1.76886
346 1.70996
337 38.3037
298 48.2427
337 -0.334106
174 1.54245
360 0.778595
222 4.23082
348 1.51056
348 4.17285
186 2.13994
331 -1.72992
196 5.81976
312 8.254
352 53.038
367 1.01712
344 6.2702
329 40.0239
355 -17.8572
349 14.7963
355 2.28177
154 1.18961
313 23.1424
322 11.1009
191 1.5188
227 5.43352
163 0.782791
319 3.24811
335 -3.10492
304 13.8023
355 -10.4526
311 0.127167
201 2.30273
325 1.99323
280 2.02576
294 -5.56613
329 -1.93472
287 1.07928
287 11.3204
247 10.7323
296 4.77603
349 0.379272
283 23.7752
364 4.4942
248 3.40215
324 4.21161
185 1.02153
158 0.941055
358 5.19632
347 5.1489
358 62.9605
241 3.67609
364 0.0205078
358 5.00558
347 -2.24341
308 -15.4267
308 1.71811
363 0.605042
286 11.0803
53 -2.00959
310 6.16232
357 1.77966
357 0.256073
365 34.4816
67 -2.2989
307 -5.64368
187 0.896378
170 -5.9592
253 1.58629
369 18.1263
137 -1.85002
283 23.733
345 13.6568
246 9.13977
367 9.54736
331 3.37268
350 -2.42047
202 2.57285
334 2.78339
358 63.3678
202 2.54286
366 0.995758
179 1.1075
207 2.59946
287 11.3493
343 4.2843
300 8.1857
358 63.4018
190 1.29283
331 21.8528
334 2.78177
332 21.5423
218 12.2021
344 1.83527
305 2.0549
315 7.66373
182 2.2937
346 4.92395
323 5.19733
159 0.929993
198 1.89209
325 41.6577
254 7.99078
365 0.414795
372 -2.65186
309 5.43848
313 -5.66254
291 -1.79794
355 -0.352112
178 1.6945
160 0.0147552
293 4.03604
286 1.55862
285 -15.0451
307 8.57413
363 -2.12048
285 10.9395
334 2.78912
298 -13.6807
289 3.36322
348 3.03036
68 -3.56654
187 1.94159
366 7.8674
306 1.83752
207 11.059
335 2.79358
62 -2.48863
328 6.46939
268 3.81064
191 1.47603
347 4.27356
139 -1.464
202 2.57274
282 -22.4088
354 2.4025
333 15.0461
123 -2.51163
168 1.14238
97 -0.371193
346 1.77362
369 -3.77411
284 1.84174
283 5.02994
341 8.98233
373 42.492
134 0.572235
236 14.2904
353 3.30765
284 19.2482
337 1.29092
150 1.88898
333 1.66333
329 -1.93497
332 21.545
270 7.11206
174 1.22421
109 0.0736923
189 1.19513
140 0.948044
367 54.9334
332 2.91687
339 11.9369
288 12.699
241 3.62737
349 14.6967
71 -2.99195
352 53.0549
295 5.51767
341 8.98242
228 2.00201
163 0.751373
316 4.24527
371 19.3641
325 5.26666
358 62.0637
355 16.4199
372 14.5037
298 -17.0036
228 1.99905
335 27.5625
66 -2.06759
165 0.738007
152 0.88266
323 5.16504
291 -22.5333
141 0.625916
304 -16.4961
177 1.61159
128 0.578018
200 2.43208
330 3.2645
95 -4.1571
236 7.09204
70 -0.0464935
277 5.31482
129 0.996841
228 2.00085
324 35.7197
360 -0.640442
302 5.22556
323 5.18076
83 -2.56448
354 1.6301
218 1.3969
350 -2.48376
287 12.462
312 8.2507
339 19.4783
285 1.16455
191 2.96854
334 -23.5707
354 1.62491
178 1.50426
330 2.27655
365 4.95615
323 13.9595
39 -3.90592
187 1.94153
359 0.674438
134 1.82088
372 50.4903
351 -2.38919
228 2.00217
238 18.5082
254 1.11816
307 2.02744
287 22.8125
317 5.41269
108 0.209518
105 -1.73418
159 0.929855
70 -0.0556946
332 18.2462
167 1.06566
151 2.17894
95 -0.407295
347 1.29202
326 2.88678
90 -3.80439
364 4.49463
312 -21.1193
339 7.42715
362 -1.26147
229 4.51418
72 -0.844643
151 0.87944
204 9.25243
346 39.2345
154 0.937286
338 1.29428
348 -34.5415
333 2.62811
225 13.3722
353 51.1897
362 -3.69629
369 34.4707
225 5.17831
208 2.65546
202 14.5465
267 3.62756
242 3.1302
364 4.59241
296 4.50195
294 -0.905396
168 1.01804
308 1.73572
357 -0.980988
353 72.4902
371 25.362
328 23.4059
226 5.25641
324 1.34442
317 23.5646
201 2.30261
303 23.5323
79 -3.11011
290 13.4745
314 -13.5856
359 -0.922455
309 -15.7389
123 -2.42686
345 1.38885
49 -3.99659
308 3.95044
127 0.714851
336 1.85571
360 -2.28857
182 1.96024
294 1.69202
313 4.45963
318 0.979523
330 -2.38892
65 -3.18551
326 5.67819
349 0.615173
114 0.376724
322 5.10654
331 2.14615
321 6.68695
324 28.2382
66 -2.06753
336 40.9464
321 -1.77084
351 0.809479
247 10.1567
364 4.5206
353 72.4754
152 0.824997
337 10.7047
201 2.30313
295 1.18521
333 2.04379
174 1.54257
225 5.48996
350 1.15796
334 30.122
347 5.16599
364 -0.367126
313 -5.66693
203 7.36797
193 1.86092
160 0.855301
326 2.88937
300 -11.8192
210 2.80289
318 0.518768
355 -2.77451
329 2.88797
325 25.4137
269 0.966858
365 -1.91055
89 -4.13556
263 -27.7556
339 19.4711
364 0.0177002
351 18.7203
352 11.6859
186 2.2467
318 3.40234
368 12.2555
100 -0.104126
342 -8.1366
320 22.2901
267 -1.81708
314 5.39441
317 23.564
368 50.8622
245 9.65477
303 -29.8856
338 1.70471
244 -0.521469
268 16.8444
141 0.0435638
330 -0.869843
344 6.29633
340 5.50052
285 2.07263
326 6.43994
357 53.8457
80 -0.42234
342 9.42191
369 16.8784
372 -3.63287
361 35.8122
70 -0.0419617
349 2.03525
314 -46.2302
343 6.14542
360 0.768829
230 1.50272
315 2.09329
263 14.0881
192 1.52901
163 0.911407
341 8.91754
150 0.823685
367 -1.69107
365 -1.95575
235 4.96359
62 -3.30241
328 2.32065
216 12.2614
348 3.06451
78 -0.785599
165 1.53229
291 24.9969
308 5.41595
54 -2.70922
274 -0.991089
174 1.54227
160 0.0208588
353 51.1929
256 10.6644
142 0.824036
313 24.0585
335 -27.064
364 4.48907
346 -7.84467
343 6.09924
328 -98.7307
276 -0.591309
132 -0.907364
320 7.89304
308 -21.6531
292 -7.59793
324 4.15045
226 11.2484
364 5.23355
338 -3.2236
370 -133.189
276 -0.593323
330 3.42706
268 16.9663
137 -1.85965
329 -24.5208
371 -11.6477
299 12.8434
292 12.6771
363 -2.17416
363 34.3411
329 -93.152
313 0.73233
224 3.81476
266 1.66968
355 20.8511
195 1.79726
141 0.0425262
123 -2.41146
345 1.487
183 1.3502
251 1.33408
197 2.32687
206 2.53401
340 5.45782
69 -3.85275
369 6.23459
278 5.79257
174 1.5425
274 3.07779
287 22.5024
259 13.2084
333 -29.3866
298 1.33691
226 1.215
289 1.65134
245 4.77458
191 2.28923
317 23.5634
274 12.764
344 6.17871
273 0.670044
161 0.868576
349 1.86432
306 1.5304
190 2.1434
291 0.668457
298 -21.2572
332 18.3256
180 1.4624
370 -80.9859
252 9.03503
287 -10.9596
200 1.64529
326 3.72549
160 0.03125
247 9.22754
288 12.7608
334 2.78317
241 2.69876
227 1.16251
187 1.08998
129 0.994553
272 21.759
86 -3.88908
353 1.49609
52 -3.58973
114 -0.176697
357 -49.9988
110 -3.1653
232 2.03403
342 -3.25003
370 0.239532
371 3.63556
159 1.03412
334 4.98917
358 21.3401
354 2.64133
364 4.50113
279 6.59726
356 1.58856
352 1.23621
165 1.40251
73 -0.70739
201 2.31471
312 12.3296
279 6.63663
185 1.50163
140 -0.631592
43 -3.52187
211 1.98576
285 9.1557
40 -4.28054
325 -0.175262
114 0.479965
159 0.929916
368 12.247
311 0.0915833
326 0.73819
309 -55.8494
358 14.8064
355 13.8214
324 4.22101
280 2.81992
353 72.4372
128 -2.18502
264 3.93668
339 12.6373
243 9.14462
345 38.4433
364 4.57089
284 24.5557
318 5.48254
333 26.3464
358 58.3701
373 -0.0649719
177 1.47954
195 1.96138
152 0.328979
344 5.85068
319 -58.0326
247 9.78165
291 24.9932
267 15.752
266 8.50964
154 0.239609
244 9.43916
197 1.65103
97 -0.184021
225 4.3698
212 9.39412
351 18.7985
330 -0.46051
172 0.440674
367 -169.186
149 0.853516
187 3.99937
311 2.10062
315 2.52673
336 10.722
270 7.29495
120 0.56971
325 5.26697
356 -4.36261
337 10.6405
311 0.129547
318 4.80655
344 -3.58887
339 33.1873
340 0.754333
253 -0.104675
350 11.169
177 1.51697
291 5.2919
149 2.24559
372 0.267609
366 0.0545654
326 6.38858
347 1.59909
259 13.2093
198 1.8924
159 -13.3115
89 -4.66205
214 3.40912
124 0.434174
191 2.32735
344 -0.395599
310 6.76456
329 2.33649
201 2.31442
301 33.915
310 -47.89
331 4.22705
346 49.14
335 2.26785
158 1.57285
88 -4.23708
267 8.99197
312 -43.3024
289 3.13266
215 2.93011
328 54.5787
276 -0.591431
290 3.31189
315 -68.604
300 4.2218
294 0.88446
284 2.91553
369 -3.61224
268 1.11584
320 9.09412
361 6.07559
123 -1.30079
362 -6.78104
346 -0.111053
87 -4.35406
126 0.607605
341 8.91895
310 6.41083
90 -0.769989
350 11.2469
204 2.75476
290 4.76187
307 2.93338
282 3.06537
357 0.117462
153 0.965393
159 0.811096
287 22.6647
331 18.6213
191 1.34399
114 0.14489
336 1.80435
343 8.39517
217 4.36507
257 -0.568115
152 0.20723
305 2.05737
287 0.160004
340 33.985
303 2.95764
159 0.769058
157 0.457336
321 -1.77029
302 -15.9764
72 -1.46647
311 0.0834961
335 13.3639
318 0.526886
348 5.90366
362 -10.4127
296 2.48441
96 -1.91262
331 2.96628
248 3.40207
291 2.14789
159 0.930023
210 2.7339
157 0.183441
248 4.92259
364 0.0295715
283 -11.6912
312 -16.9888
126 0.660843
138 -1.40602
160 0.0370636
350 20.5684
305 2.05386
359 1.0849
350 21.2725
196 1.51396
368 54.5887
323 1.828
266 12.9043
247 10.8564
368 12.2708
241 3.67744
356 4.56744
149 0.980911
229 13.4846
298 4.53665
372 0.239166
41 -8.44601
364 7.45459
334 1.80862
251 0.321304
287 11.3594
286 1.56119
327 2.98593
287 2.11398
318 5.2507
312 5.93469
168 -11.1687
192 2.31232
338 31.8595
259 -1.50836
196 1.44273
173 0.720459
194 2.31862
357 1.19675
181 1.56061
258 10.5141
261 11.5602
325 5.26877
276 13.2359
105 -3.37753
266 14.5469
353 7.94647
354 3.2486
283 23.7344
301 -13.388
241 3.6783
373 43.3938
317 4.0708
347 12.5271
323 -1.87164
368 12.3133
165 -10.1545
166 1.00504
119 -1.99722
292 -6.21231
312 8.24176
68 -3.56642
307 20.4545
214 2.89827
120 -2.66061
74 -0.815536
313 -1.97162
347 47.1374
311 4.11749
200 1.64534
201 2.30318
340 11.2911
159 0.87149
364 7.7092
106 -0.260025
325 3.86807
302 -0.0804138
308 -19.1955
350 11.2744
325 -14.9378
286 9.66711
303 14.0113
350 0.0641785
279 -7.02802
329 3.43732
331 -2.20163
298 1.49854
335 -2.68304
97 -0.307526
242 14.6904
355 -0.789398
329 -93.216
241 3.67775
282 1.30591
352 37.6808
299 0.116241
373 11.6898
341 8.91299
324 7.2753
309 -10.3889
366 0.362579
366 0.997833
313 1.742
175 1.62552
368 12.2138
325 1.90976
103 -0.408508
326 2.10855
307 -45.3252
134 0.619034
176 1.52737
280 6.53976
193 2.28497
199 2.24506
103 -3.78432
207 2.39612
266 1.88876
102 -3.76926
323 27.9103
332 21.6452
163 1.03874
365 34.4934
344 6.06451
309 -10.3408
269 -0.354309
346 1.67398
332 21.5912
210 2.8037
339 -0.350983
323 14.4317
344 5.54172
368 5.97787
143 2.39909
132 -0.906662
340 40.1719
353 1.40341
313 -5.66586
127 0.315254
79 -2.41486
160 0.131897
289 5.96268
220 1.88284
94 -0.15136
161 0.617996
371 15.3261
367 -2.43817
300 4.27267
319 1.15213
265 9.09473
197 7.67683
144 1.51326
303 8.95343
342 -3.25186
365 34.4674
318 0.536499
209 2.8625
347 4.74475
364 4.50427
365 -1.95563
249 0.974579
329 3.59277
287 11.4482
222 1.71257
367 -2.96292
177 1.59164
300 8.17761
299 24.0471
90 -2.87028
183 1.40526
370 -50.8225
358 60.8963
294 1.6893
347 12.5236
300 8.15213
365 34.5002
365 34.493
217 12.3777
363 0.286224
318 0.531799
245 2.00999
335 2.45667
364 4.5195
143 2.39929
241 3.67841
354 -0.998322
332 1.16354
224 4.23259
332 18.2626
312 1.99179
366 9.19418
312 -21.227
177 3.76924
319 2.99179
363 0.6203
210 2.88322
286 2.25922
203 4.77394
334 18.7862
346 49.1534
342 0.616699
190 2.12215
179 2.05435
300 12.2823
371 13.2997
258 0.659332
290 4.58664
332 21.5259
354 1.64368
246 9.12697
225 2.008
259 13.2089
346 -1.34299
200 2.26381
186 1.4592
303 14.0014
368 -1.17505
302 1.35855
372 -6.95044
349 1.16614
310 1.75821
373 23.6611
308 5.52905
250 10.225
359 0.632843
273 14.2212
284 2.18527
93 -3.89914
348 6.95093
304 2.13351
372 1.41196
361 -3.34747
223 12.3627
103 -0.349846
256 2.22
303 14.0136
199 2.24524
366 9.21893
212 2.60168
373 -2.85703
283 -22.0458
108 -2.14642
341 5.78482
50 -4.009
285 14.6931
331 4.27307
193 2.18327
306 -5.58081
350 11.2451
355 -0.21405
345 -0.763275
285 -17.883
276 14.025
189 1.40897
102 -3.68575
356 3.96594
134 0.620209
165 4.57516
336 50.5208
283 -4.55823
365 6.53934
141 0.0457001
360 -5.33786
305 1.97958
257 -9.66985
321 3.74063
140 0.948105
329 -0.126587
326 2.11002
306 3.17651
263 1.6391
325 9.50714
309 6.66315
273 17.1949
320 1.20889
347 12.5271
123 -2.42677
154 0.0949097
353 -0.107635
365 34.4881
188 1.49924
281 2.27524
194 2.21111
306 9.07666
228 5.04599
356 40.3362
358 63.4558
274 14.2653
328 2.31613
350 3.67163
156 0.498871
193 2.42545
187 1.86711
318 0.576385
174 1.16263
224 4.5005
319 24.6632
335 1.79095
138 -0.225311
280 1.48209
320 1.42261
289 1.53302
368 -1.2439
180 1.70192
364 -1.1207
95 -1.9385
248 3.34332
362 9.1348
309 -10.3405
346 1.98398
157 0.900085
328 -1.61981
318 40.3888
365 0.0658875
207 2.59441
318 40.3895
174 1.54243
116 0.199448
123 -2.50053
256 4.88647
185 4.04518
355 -0.497406
331 2.99176
357 -49.8423
177 1.59077
256 -121.189
190 2.28418
368 12.2533
340 2.44769
296 4.49802
269 8.03918
278 14.3625
309 -16.0126
368 12.2663
210 2.77713
217 1.6382
254 16.8843
243 6.5862
159 0.929459
87 -4.35397
291 28.635
358 -0.128143
68 -4.18055
319 24.6632
300 8.84863
303 -30.6135
351 -2.82193
72 -3.68396
86 -4.65505
263 11.5375
102 -3.68501
314 6.91235
128 -2.18388
142 0.707169
159 0.500305
333 39.0946
315 2.54459
82 -4.15109
193 1.86089
174 1.54236
367 -1.68942
148 -1.65623
269 1.98743
197 1.52837
241 3.54063
204 9.33403
355 -0.51886
357 17.4732
363 0.283356
337 -28.3089
367 -1.69223
289 21.3259
312 8.26294
271 -47.0259
186 2.13187
234 1.32637
309 -10.3387
41 -2.61231
367 -0.863617
316 2.89661
352 2.81778
362 0.138336
260 -10.7336
282 3.06387
354 1.65973
279 2.12814
298 1.33569
69 -3.0422
372 41.1219
353 -105.45
309 3.0242
311 -29.0764
365 34.9547
282 1.69711
129 0.641022
198 9.17693
161 1.11073
307 2.8158
353 51.1926
298 -0.478851
369 16.3019
208 2.41397
318 0.535858
351 -4.24707
199 2.26302
354 66.5911
139 -1.45691
351 1.2095
373 -2.85815
372 -3.04565
186 2.12492
313 -16.7918
354 2.51328
319 24.6615
196 1.51398
301 1.31168
342 -3.27808
329 2.3063
294 24.9648
353 51.1916
283 0.107239
366 9.19199
368 12.7808
292 0.940094
318 0.0123901
137 0.637192
135 0.65831
262 -0.629272
323 16.7666
192 2.272
154 0.475937
153 5.37044
241 3.67618
201 1.35895
328 2.27344
194 2.29932
275 3.23932
175 0.715378
259 1.45093
211 -54.9156
364 7.70886
372 -3.04584
282 1.01282
359 4.93414
283 23.7335
185 1.36493
321 -1.76636
315 1.59338
350 11.3209
322 4.09869
367 -1.68423
353 72.7104
367 9.24878
284 2.0867
312 8.246
39 -3.90598
209 2.78612
350 11.263
195 1.47447
194 3.59669
138 -1.4267
104 -0.0557327
118 0.18734
349 1.97766
287 12.4855
303 24.3474
162 3.53302
244 1.61539
279 2.12802
132 -0.906754
246 9.13985
311 0.0952148
288 1.77158
300 8.1803
342 5.08817
316 7.3064
262 23.3135
346 2.00476
139 -1.42755
150 0.944717
301 -27.4887
296 4.49133
257 10.6129
343 10.1902
241 3.67645
321 -1.77261
354 4.42838
345 2.45438
360 -0.263794
316 11.752
262 3.88928
318 40.3889
345 -1.78098
365 56.7591
309 -16.2456
216 1.83498
167 1.2146
142 0.694427
203 4.76642
325 24.8296
338 39.0566
145 -0.509369
117 -2.72263
204 8.44185
149 23.4314
159 0.928741
331 54.955
187 0.939499
349 5.63885
322 5.14288
318 3.33047
285 0.395233
150 0.80513
193 2.29446
310 24.1227
371 5.02432
277 -5.99503
280 -3.1369
333 1.70932
248 3.4024
329 -1.9386
273 20.7907
295 0.916168
305 2.81287
367 9.22473
368 12.3396
228 2.00201
123 -1.3653
197 2.14882
343 25.8699
301 -22.2048
353 -0.239502
285 -0.0809326
365 34.4797
219 1.53554
277 7.94153
96 -1.94876
56 -4.1308
329 10.5853
365 5.87503
344 6.4519
358 63.1219
253 3.15707
143 -0.000442505
266 0.441925
368 -113.536
68 -3.56651
335 21.6225
261 1.16293
366 0.998138
300 -20.0157
236 -0.128067
158 0.942062
339 -2.09418
358 -2.26062
339 2.33994
359 -0.748596
168 0.770416
290 16.3776
340 0.69696
169 1.15027
323 5.17545
231 1.99277
302 14.0829
336 -0.195831
279 5.3772
367 0.235077
332 18.1301
319 1.75705
288 4.1618
313 -5.66022
284 24.5522
106 -0.341759
267 1.57773
86 -4.4379
354 5.01526
332 -0.630951
150 0.945526
225 4.21053
318 0.516785
245 1.30104
334 -11.2462
102 -0.184029
51 -3.95135
330 -0.258881
200 2.10571
206 2.53377
329 5.88574
317 23.5645
177 1.59135
328 3.51535
141 0.0455933
341 2.83459
302 10.9969
348 39.7543
357 -49.9864
323 14.2902
335 2.70096
97 -0.195206
341 2.95151
150 0.944611
186 2.14977
323 6.12195
353 1.78702
282 1.03268
357 -0.484772
201 2.30588
336 -1.18661
294 4.00403
276 -0.591827
96 -1.93076
166 1.2213
341 -1.81403
359 4.93121
176 1.00638
299 12.4023
308 24.3335
150 0.944916
311 0.079834
276 13.2397
369 -2.90875
103 -3.78053
357 2.84515
279 6.60272
325 5.26816
299 -13.5296
293 -26.5929
194 5.28203
335 13.3621
320 2.32785
185 1.05055
348 13.5795
116 -0.433678
164 -3.53528
364 7.71585
371 46.7964
341 5.52225
277 6.74146
364 52.024
365 34.4799
253 8.18738
187 8.78902
333 51.3678
177 1.59119
343 0.392578
355 -11.9731
297 12.2576
368 12.2557
162 1.11732
341 8.9191
69 -5.74221
362 0.708435
234 1.3958
253 2.51433
310 1.80569
243 1.7005
285 2.06314
160 0.0192719
349 14.5576
150 0.892365
289 1.7933
281 1.93195
81 -2.57876
284 2.09949
366 0.415833
355 0.178925
97 -1.87051
334 18.5445
58 -3.3154
69 -0.945175
205 1.83647
188 1.66141
200 1.64532
365 34.4697
53 -4.09243
104 -2.4231
282 1.52878
372 0.142365
244 0.862808
268 -45.9749
154 0.244339
309 -10.406
117 -0.835815
287 12.5448
335 0.847687
286 8.75772
359 -0.301361
210 2.77458
133 -1.77948
303 7.63202
209 2.48676
286 11.3261
355 7.22614
330 -1.29749
191 1.5029
263 1.41064
233 1.15051
364 -1.95682
288 21.6118
159 0.928726
329 5.17276
348 1.56354
321 -1.76486
319 4.98822
286 8.36288
301 2.6575
266 6.96768
150 0.385147
157 -23.6267
184 1.79179
123 -2.51472
143 23.2416
352 13.4036
201 1.38835
366 0.988373
45 -4.34805
199 2.13129
138 -0.687408
305 2.04938
229 3.67734
301 1.30759
282 1.49509
228 2.00087
367 0.343872
282 7.77618
313 -2.03275
146 1.83392
364 4.51794
336 31.157
218 12.3279
99 -0.359566
368 5.97394
315 21.9353
234 6.31001
336 51.319
283 23.7333
321 21.8113
326 1.82202
353 0.22641
264 25.5613
357 0.572815
186 1.7989
106 -2.22859
305 12.4432
132 -0.907089
276 4.16019
334 3.34039
233 16.4737
160 2.16876
269 3.74496
135 -0.338928
217 3.94452
175 1.62347
276 13.2305
364 0.0203247
265 32.8388
350 11.2774
318 40.3889
298 -9.85727
124 -1.24359
371 11.3414
305 2.04938
364 0.012085
291 24.9947
78 -1.99547
372 -3.05661
285 6.18784
169 1.13771
334 2.77527
180 2.08231
261 -18.3047
347 5.62872
335 9.73209
286 12.8855
287 -3.71414
233 23.6376
256 1.15869
347 6.75153
330 -2.10986
108 -0.327065
360 0.763336
235 17.4172
300 4.56152
248 3.40225
360 -137.676
279 2.12933
338 38.8896
96 -1.91401
299 -14.7797
248 3.40292
263 5.27222
313 -16.8273
137 -1.8598
263 6.74921
368 12.248
357 1.10153
181 1.50098
282 -7.19211
356 -5.44278
366 9.21548
357 3.42297
292 11.0683
328 45.7116
320 8.64404
264 1.04285
346 2.52179
171 1.1927
360 -8.07529
148 23.7585
372 0.266663
345 -1.54294
357 2.85016
279 2.14383
343 -0.524902
305 4.47989
332 18.3254
366 0.0664673
208 2.00662
296 4.4931
356 17.6432
307 6.58344
373 42.4909
368 18.0923
319 24.6617
285 9.13803
339 2.45932
261 2.52795
325 0.52356
279 17.5595
339 5.10995
275 14.1778
277 4.21002
306 2.97314
367 -1.68378
230 1.24568
341 -0.831299
356 -5.08728
170 1.19305
149 0.816208
157 0.523102
200 2.43201
351 1.13614
102 -3.6853
110 -3.04002
123 0.491264
59 -2.80965
220 1.82628
88 -4.20055
327 2.99768
178 1.70993
320 1.28497
281 1.48032
353 6.4946
350 11.2822
269 0.977203
298 2.49005
285 5.61069
339 34.4422
253 5.17554
330 4.48438
329 -0.847412
177 1.63116
346 5.32596
353 -105.434
368 12.3112
318 23.7241
238 3.92935
359 4.11078
156 16.6377
287 1.20273
290 1.40509
356 20.6739
366 9.20337
229 1.901
271 4.74881
311 0.134338
191 1.6716
137 -1.86006
284 2.87161
329 -1.93283
372 0.502533
325 7.95569
331 2.99191
284 13.7375
212 2.67076
301 20.8482
320 3.2623
151 0.879807
370 -176.762
313 -10.9813
330 17.9219
169 1.07588
68 0.652702
307 4.37888
300 4.56769
194 2.31834
287 22.5028
106 0.0696182
262 22.8965
147 0.678467
347 23.2549
353 72.4799
318 0.537781
316 7.8233
148 23.7214
363 0.60321
297 0.250031
354 -4.97775
252 0.0794525
290 1.10065
282 -1.44479
196 1.446
279 2.14035
322 36.2474
248 10.7436
372 0.267822
318 23.8279
338 -7.12793
367 -1.6839
332 17.7939
350 -1.50037
259 11.4894
117 -0.8339
313 -2.0405
253 3.18355
70 -1.64278
288 1.60873
299 24.9045
313 4.26892
308 3.22763
360 0.769073
177 1.51794
77 -2.94265
280 18.8109
304 1.25784
228 4.66779
350 2.11459
205 2.8923
285 1.90775
75 -5.49284
358 3.52728
224 1.84337
244 9.43768
367 57.1178
243 1.71275
304 3.47449
365 2.71762
372 -2.2074
220 2.87605
348 8.14673
307 4.05731
287 2.2933
223 4.29724
277 3.49854
264 15.601
262 14.8604
329 2.29977
314 1.85516
336 8.47659
117 -0.837067
278 4.02322
300 0.879089
264 1.76181
291 24.9943
364 0.0307007
350 69.83
280 3.45291
317 3.2836
313 4.57663
87 -4.3538
358 -3.38657
234 1.61224
357 -1.14563
193 1.18575
141 0.045639
57 -3.22855
365 4.22751
325 24.9445
289 1.79337
151 -0.666626
332 31.1848
303 14.0175
366 -7.84042
244 4.35266
335 13.3608
277 7.94727
358 23.7251
313 3.96173
120 -1.80274
346 49.1451
230 3.41338
324 3.53247
366 0.995422
304 2.93826
353 -0.24826
228 2.00101
364 56.159
308 6.32401
127 0.687492
148 23.629
359 1.62189
145 1.71051
326 2.00146
347 12.512
217 12.3776
367 -1.68445
303 -17.6841
107 -0.285843
341 -2.04733
236 14.2904
306 -34.2681
338 15.0092
254 14.5254
104 -3.4093
95 -2.0111
293 24.8993
301 1.36765
359 37.4097
353 -8.5213
205 6.02867
329 2.50748
318 0.570679
367 -1.69247
127 0.49157
281 1.4809
276 -0.592285
285 2.86957
348 5.18158
94 -0.397209
231 38.1965
189 1.47487
177 1.58311
331 4.26364
221 3.50124
307 4.01089
204 8.60712
174 1.54251
260 1.84579
346 -1.46732
367 0.382812
164 -3.2225
257 14.4716
259 4.84833
334 18.8312
151 -0.954117
206 2.53389
194 1.78635
353 -3.14688
245 -31.8368
113 -1.44045
177 1.59261
316 21.1043
339 35.4594
180 1.46289
275 -16.0835
102 -3.6855
325 1.90186
356 2.49863
159 -13.309
197 2.14868
314 -1.4007
285 9.1221
167 -0.789032
318 40.3889
330 4.55643
326 22.4074
318 40.3897
329 2.04123
310 -9.12573
359 -0.301819
342 -0.353973
224 4.02666
341 8.987
286 12.813
180 1.4633
227 4.33223
270 12.1539
222 1.37619
322 1.51404
68 -3.08591
324 3.43076
266 1.46219
366 7.65057
187 1.86728
177 1.58414
363 -6.47348
279 2.12903
161 0.762222
308 3.03891
330 -2.01633
368 4.0874
149 2.18184
265 -4.01837
337 11.1461
306 1.39917
308 -40.3666
327 2.97739
228 2.00082
167 3.49384
350 11.2755
175 1.16994
251 4.77956
352 2.90317
368 -3.276
256 5.55496
251 7.32147
141 0.0414276
296 4.49448
289 5.82941
313 4.19739
257 4.64154
262 3.888
89 -0.590286
193 1.49077
154 5.37286
217 1.02214
329 -93.1684
186 1.45923
313 -2.03342
313 -5.66547
279 2.12958
53 -3.87398
367 0.234283
259 -32.2954
334 3.60706
366 0.984161
355 6.29694
252 24.7391
305 1.97601
353 51.2
228 2.00056
314 -13.5461
296 4.49423
347 2.47528
269 1.29715
141 -1.34224
230 1.56654
372 0.267944
168 1.52971
268 11.0992
175 1.64854
287 22.6749
319 2.52969
289 1.79376
40 -5.11264
337 -1.19888
347 3.70505
313 -5.65063
313 -1.96982
54 -6.28378
367 9.21613
368 -5.25552
308 -19.1917
88 -0.94046
338 49.4947
311 -16.6437
254 11.3277
288 -3.2489
329 2.26651
300 1.4556
204 1.67987
368 5.98135
298 -0.816833
307 -5.64993
89 -4.22501
336 3.38324
312 -21.1078
329 -3.34454
296 1.67493
354 -10.0697
216 3.81149
284 5.92392
237 1.60661
302 -15.9013
342 -0.820374
281 1.04004
273 17.0614
77 -2.99575
334 1.76166
325 5.36172
367 9.22415
266 -2.57886
314 4.73495
253 -0.449356
197 9.38211
180 1.46323
306 1.6424
255 7.5101
354 2.7084
259 -11.3229
287 12.6169
102 -3.68604
326 41.7333
305 5.43951
278 2.80142
102 -3.76926
203 3.0159
234 1.52173
347 2.59406
278 13.1881
154 0.907166
344 2.01923
68 -3.56747
184 2.15889
264 -5.16113
358 5.01172
320 9.32672
257 15.9343
347 12.5326
354 -10.2105
271 18.4597
241 3.67838
117 -0.833267
319 -2.54123
312 8.25967
139 -0.0756073
310 1.47253
199 1.39468
138 -1.42615
253 0.34462
292 2.40036
294 -0.906219
214 1.55632
270 7.29446
366 0.985626
167 1.45079
285 10.9341
350 11.277
300 8.19119
164 0.994858
184 0.882751
258 6.34024
364 -1.90149
330 2.51532
372 49.5463
175 3.08925
331 2.8187
332 4.28006
347 12.512
116 0.343231
363 0.648346
230 1.55545
305 2.11755
318 2.88452
287 12.5522
303 1.57031
258 6.32364
219 9.27803
344 7.94968
332 2.92075
244 9.43869
347 12.4406
369 -0.19278
287 9.80099
354 -3.94125
282 2.27875
359 -1.71701
328 3.85651
293 1.6167
76 -1.29662
332 15.5604
96 -3.83161
262 14.8174
328 2.32327
363 6.23996
88 -4.22973
283 2.89642
272 20.3233
293 3.73511
216 3.8107
333 3.80991
138 -1.42581
205 1.20947
334 3.33475
368 5.95172
361 -0.836365
61 -3.60786
70 -3.67267
365 -8.20483
300 4.56055
354 1.63605
220 2.78522
103 -3.95641
367 6.31448
289 21.0276
159 0.929001
256 1.06732
308 16.9128
193 2.42537
361 -3.27066
257 3.7334
149 23.4715
322 7.43491
328 4.371
278 23.5713
370 -0.162506
292 1.16998
334 16.971
343 8.31714
184 3.24239
371 54.0048
274 0.882996
331 22.8257
320 4.31448
261 0.01297
87 -4.35023
249 24.3532
288 1.72519
78 -4.79344
240 1.54333
184 1.95848
362 14.5469
285 10.9396
312 1.73346
341 1.8768
328 23.313
365 0.065155
103 -3.78139
333 1.38303
327 -1.24603
279 6.47253
351 1.25186
317 6.02042
254 -8.19267
137 -1.41521
333 22.1472
253 3.18457
293 -122.151
227 5.43333
259 -11.5553
351 6.0278
300 4.56842
337 -18.2171
242 -29.804
324 4.66531
259 13.9304
307 -1.92462
321 6.16235
309 -15.7842
271 18.496
318 0.561707
103 -0.396759
190 2.09929
108 -2.14587
280 0.385498
339 -1.87888
313 23.5779
154 1.14494
311 23.0636
332 18.0278
371 46.1202
318 0.577637
266 6.96988
329 2.58774
342 -3.25079
153 0.250305
317 5.59131
264 2.0256
114 -2.85761
359 1.60202
268 11.1126
191 1.67148
139 -0.0764771
359 0.639954
97 -1.91377
268 1.24103
293 6.11313
331 3.31238
350 2.93115
346 49.1617
257 2.10947
310 1.34564
255 8.38522
363 -2.6814
355 -1.89392
99 -3.84296
275 1.53226
287 22.5036
325 1.93527
160 0.0394287
288 12.7528
95 -0.922363
357 5.93759
286 1.55936
283 -22.1254
280 1.66751
341 8.91946
151 -0.665817
315 -0.907166
282 1.0408
301 0.297852
191 1.42239
331 -0.074646
195 10.5174
358 5.00848
372 1.69806
110 -0.296608
216 3.81924
269 2.7449
346 3.63153
193 2.336
296 -15.4675
296 4.495
335 2.49362
78 -4.79329
172 0.823227
329 42.044
279 2.13831
225 5.17296
298 2.45575
277 7.94064
239 7.83408
331 26.6734
127 0.480988
332 22.4694
282 3.07141
244 7.9523
300 4.56876
332 3.11063
236 14.2909
372 -3.18607
276 -0.590973
334 2.78979
105 -2.60342
59 -2.80872
262 24.3518
341 1.07468
293 24.9086
357 -1.4151
270 15.9288
166 1.2393
197 1.73982
297 -23.4058
367 -10.9567
127 1.64685
190 1.68687
269 8.52536
244 9.43729
309 -10.3407
286 1.54449
135 -0.859436
342 -3.25247
124 -2.41633
283 23.735
366 9.215
271 0.933746
131 -2.0929
156 0.928574
318 3.33371
367 53.5883
357 2.84772
139 -0.659912
356 9.40826
220 1.87964
130 0.572968
285 2.87564
278 17.3199
312 8.24237
341 8.9837
326 1.40472
319 24.6579
361 -1.37766
129 -0.299011
212 2.68553
188 2.19849
372 -3.42422
336 7.48218
199 1.9814
297 24.3699
296 13.2498
318 0.574493
147 0.741089
279 9.21759
257 13.4341
269 -1.15186
272 20.0486
329 1.74393
271 0.93576
293 12.8039
316 11.75
344 3.61493
326 3.79099
287 6.79691
318 10.4572
306 2.12
271 1.09418
363 -0.0364075
365 0.244476
117 0.495918
58 -2.7997
364 -1.79486
337 13.3061
269 1.39081
290 11.6911
279 2.12869
311 0.124603
364 50.7915
69 -3.09805
352 12.2436
311 0.12854
261 2.20532
237 12.1452
298 1.10791
289 1.79312
148 1.01447
339 -3.38898
160 0.141113
223 1.4046
334 2.47437
367 -0.875305
321 23.6609
308 -19.1982
167 -0.0402527
202 14.5706
104 -3.95665
224 3.81476
233 8.58211
235 1.44055
304 36.2242
290 2.38715
167 -5.86188
336 -10.1369
316 8.92532
233 4.69041
340 -6.14062
227 5.43033
162 0.666733
325 5.26428
320 -12.2161
68 -3.5662
263 3.94345
63 -1.16311
338 -22.2989
365 -1.95438
300 4.56818
339 5.03165
350 -1.16644
328 6.48218
197 1.49707
189 1.68509
347 39.1729
293 5.1398
106 -0.321739
299 4.13528
220 1.90462
358 60.9069
219 2.94585
252 24.7367
298 1.3512
340 -1.02182
149 24.0839
202 14.5487
52 -3.94224
282 1.0394
208 2.0822
298 1.33749
147 0.867874
195 1.96184
270 5.43347
245 9.49324
307 -37.3252
346 0.193604
320 2.30911
310 2.0889
358 62.8369
235 7.58134
165 -5.9198
255 1.20169
352 3.64706
211 -54.9156
333 7.95087
253 0.374451
307 4.17911
316 11.7522
346 3.62939
318 40.3898
326 3.10553
363 -2.59503
149 1.13364
90 -0.381287
322 3.85678
317 1.39279
288 11.4265
328 2.32089
153 0.877472
346 -0.43457
99 -3.82162
97 -1.91889
320 10.9875
347 47.0715
262 3.86597
284 12.6229
88 -4.18527
361 4.88
298 -10.0739
321 11.853
354 3.25165
284 24.5585
258 7.50046
224 -35.9736
228 2.00099
258 6.33847
346 -1.0372
351 1.4682
321 3.11682
182 2.16364
303 -24.5224
274 13.8473
209 2.8002
339 2.36743
332 18.3648
339 -2.94629
169 1.1501
179 -76.5119
209 2.79405
300 4.5668
195 1.80789
333 3.32477
323 13.8053
318 0.520996
289 1.79346
364 0.0407104
299 1.33148
358 5.19058
209 2.36749
331 7.11896
148 -1.66052
282 12.7808
354 3.27847
336 -1.10382
368 5.9826
199 2.24535
306 3.95956
214 2.24153
349 38.1361
283 0.918091
349 14.8153
312 8.24603
302 -16.0332
360 0.768738
55 -3.75768
174 1.38205
226 11.2947
159 1.03488
339 2.36731
264 25.9634
339 10.5281
312 6.13748
243 7.6232
290 -6.98776
350 14.8956
168 1.0554
278 5.30237
141 -0.641022
330 52.5147
361 55.1022
315 5.09961
358 60.9807
103 0.0651703
202 1.77582
312 8.24503
313 0.735046
304 3.29419
322 1.76309
321 4.25079
78 -4.79945
145 0.960373
268 11.4565
236 14.2905
368 12.2942
183 2.02769
369 -0.195404
187 2.05881
345 -1.79071
267 2.88251
143 -0.00761414
315 3.88617
367 -1.69223
350 11.2435
246 2.89613
293 1.6167
340 -34.8116
71 -0.868866
225 3.70758
365 -41.8789
336 4.3837
373 -2.89099
198 1.89191
305 0.254913
171 -5.12059
240 2.79091
291 0.110046
139 -0.0643311
145 0.0736542
315 43.7491
346 1.58719
177 1.58379
359 50.9137
311 0.0949402
133 0.654373
338 -3.13129
303 13.9984
319 24.6663
138 -1.42609
96 -1.94543
357 2.85568
290 12.8097
351 1.84366
334 3.75525
209 2.52791
96 -3.08771
333 10.7389
189 2.12416
338 0.839386
324 4.72375
270 14.495
68 -1.31972
243 1.66698
284 2.24567
199 2.24553
70 -2.91888
177 1.77658
259 -11.5564
91 -4.42853
300 4.56711
224 3.8143
328 4.40137
335 10.5391
120 -2.75137
132 -0.906815
367 -1.68826
351 -1.90833
299 2.57031
52 -1.9762
358 13.2435
162 0.376572
370 -3.21451
271 10.6942
88 -4.2157
301 -0.339996
287 -18.9587
279 2.14066
72 -2.96165
243 1.70784
244 11.8606
340 -6.90363
305 1.97549
253 10.1569
348 1.51389
253 -11.0614
369 1.30487
258 4.26001
267 -33.0117
243 1.6675
163 -28.9983
346 0.846497
152 1.04869
368 0.952942
300 8.31015
110 -0.303665
318 40.3883
350 11.2492
278 17.047
364 -8.42801
236 1.64961
307 1.71442
319 -25.1066
255 10.5851
360 -8.7225
352 7.62024
198 1.8927
291 24.9955
339 33.3722
95 -1.96038
324 5.10385
347 47.1389
350 70.3331
188 2.21811
50 -3.59338
66 -3.77628
153 -0.980164
96 -0.713615
121 -0.279106
259 -11.5625
370 0.314545
316 -0.652832
287 22.5045
324 3.53519
119 -2.55257
187 0.939117
187 1.867
350 11.2452
242 1.8391
338 -3.16559
270 1.91382
355 12.108
319 4.14056
357 -1.79459
283 -22.1601
369 -173.277
284 0.117157
372 0.267883
298 1.35474
249 9.97238
333 39.2825
347 -1.63739
351 18.7255
236 14.2906
140 0.948212
96 -1.9129
278 -46.5265
301 12.2841
367 50.7492
259 47.4231
112 0.367905
166 3.70543
342 -0.33371
343 11.4234
281 2.30789
339 2.36734
358 60.7418
227 5.43062
217 12.3775
259 13.2083
330 3.27454
110 -0.955826
304 1.25922
372 -2.71368
364 11.1007
127 0.585182
128 -2.18245
262 3.87784
271 -13.7565
119 -2.88645
342 -0.421417
164 -3.644
283 23.7328
281 5.03696
235 48.7227
239 1.73218
262 14.8174
318 3.33563
263 -0.428223
335 13.3628
92 -0.402855
180 2.17133
180 1.35498
350 11.2734
181 1.50107
127 -0.204887
164 0.266022
274 7.21674
309 1.68951
301 -11.588
368 -11.3334
273 24.5269
231 1.70992
317 -60.5205
333 2.71832
372 0.18988
133 0.780487
299 -18.3117
360 3.14655
285 9.16385
310 -9.09702
230 4.79797
141 0.0454102
358 0.692963
353 72.397
302 3.03217
366 -3.61673
259 3.71973
166 0.439316
277 7.94232
298 4.25836
314 3.74915
302 14.0842
328 12.6045
287 12.6462
340 0.247009
177 1.59125
300 4.56735
206 2.53395
69 -3.85103
195 1.89145
327 2.50186
251 0.518692
234 6.50488
124 -1.31827
325 2.14969
313 4.00049
301 -26.4216
227 5.43318
321 3.11368
264 24.4736
299 6.09567
159 0.929825
218 3.78687
281 19.0509
290 1.53247
344 5.65186
283 5.98483
372 13.584
363 -0.156525
316 5.00705
245 6.17647
339 37.7743
360 0.776245
315 5.03891
339 4.98212
283 11.7597
269 1.37241
204 2.29996
266 0.969116
332 2.92816
333 18.5567
328 2.00754
304 3.09702
293 24.8475
228 2.11276
351 -5.00989
259 47.0331
366 9.1936
209 11.9194
333 2.87088
335 13.3933
227 5.42963
202 2.09178
286 1.27814
282 1.03543
296 1.66376
187 4.21829
313 23.529
270 2.85672
53 -6.86679
294 -0.913788
303 1.39365
195 1.44179
306 36.8501
303 30.1993
349 -0.863739
234 1.10382
152 1.01761
365 0.0919189
129 0.675552
339 4.59055
298 1.33749
228 2.00064
307 -15.6241
180 1.35468
321 1.86176
313 -1.96875
329 3.16275
339 1.61032
167 1.54805
292 1.21121
266 1.08765
277 -13.9114
228 5.40884
235 48.7197
307 1.76807
123 0.458984
289 11.6966
171 -5.11826
50 -3.91049
168 1.02383
242 -37.0084
212 1.21065
251 11.8454
259 13.2141
276 9.55795
276 13.2627
303 14.002
293 17.1992
325 0.462189
175 1.65648
353 -105.424
289 21.0283
103 -3.78188
266 6.95251
324 4.58972
330 12.8568
353 2.32544
311 0.135132
133 0.315765
296 0.340637
355 3.60443
314 4.02209
230 4.70349
364 7.46472
372 0.844482
258 5.08813
263 14.0921
214 2.60706
172 0.959671
97 -1.86958
200 2.05577
310 -86.803
151 -0.665314
352 0.734863
271 10.4759
236 5.28174
319 -1.84988
347 6.54141
158 0.557083
326 2.88956
334 0.249146
313 -1.9599
330 4.11133
367 -102.346
275 -8.17917
313 -28.7551
319 -0.530884
359 -1.76596
185 1.74103
264 -13.17
329 -2.14703
333 2.42868
239 4.84732
283 19.1856
331 5.01706
199 2.38879
280 6.09708
91 -4.17065
255 -0.0391846
335 3.99747
232 1.75113
260 23.0564
278 11.1699
174 1.45261
351 2.93274
229 14.3752
348 -8.97006
356 1.27029
261 1.52213
238 6.98302
68 -3.56686
126 -0.172768
303 9.60571
309 5.35794
296 4.49133
254 2.85638
291 4.30161
102 -3.68712
217 7.38713
292 12.4314
184 2.21425
328 1.85382
331 3.39996
279 6.67792
257 11.9926
285 -120.652
324 0.978638
279 2.22101
251 0.220963
66 -3.6116
320 -1.46463
181 1.21036
303 14.0098
353 3.16492
94 -0.15271
232 3.93996
251 -17.3974
359 -0.537201
286 1.54224
134 2.29268
325 15.5307
266 23.4217
316 2.89926
289 1.7561
268 11.8976
294 2.06866
288 -3.45721
329 4.91617
314 22.6436
347 1.85925
326 0.81369
359 0.675232
80 -0.774933
292 0.233276
148 1.09482
68 -2.4062
346 1.77319
363 0.521851
336 38.8625
349 2.18713
175 1.41895
363 -4.58203
367 -1.56375
277 14.3403
97 -1.86943
356 1.72321
335 2.79388
155 0.904541
180 1.46274
202 14.5747
91 -0.37114
42 -2.66204
212 3.11583
284 24.5467
148 0.330719
249 50.798
332 18.2768
278 34.8037
285 12.3528
244 9.4389
319 -15.7373
310 1.73053
309 12.3428
191 1.62196
241 4.64153
155 0.44133
284 -13.7135
302 14.0841
318 2.46838
367 0.239563
316 21.9373
295 4.26566
187 1.86696
256 12.5112
294 -0.906403
254 4.6149
366 -0.432312
132 -1.76285
295 2.43051
352 64.1874
278 1.01358
340 8.08435
372 0.268127
239 1.69058
151 0.581146
347 3.47046
286 1.55862
312 1.49078
325 4.22058
344 -1.75958
268 10.0651
136 -1.24382
139 -0.076355
154 5.37202
170 0.992493
102 -3.77032
296 4.5058
96 -2.99423
286 1.55911
177 0.836823
343 3.98474
262 4.49146
242 2.25618
230 1.97504
78 -4.79919
123 -2.4054
322 -2.05798
203 1.80336
350 0.784882
265 13.7625
287 18.8264
261 1.51172
289 2.70642
196 1.80704
325 24.9371
361 18.7122
142 0.841125
303 23.7077
347 10.4128
305 8.58621
151 -0.666412
344 41.2788
328 3.15778
169 1.14996
59 -2.80913
106 -2.22926
291 24.9962
281 3.56201
145 0.797516
324 39.5447
371 47.0706
343 -8.13364
196 1.4637
203 1.7778
273 8.17023
254 1.10175
249 11.7255
259 5.02344
369 14.3897
361 -10.089
310 6.77368
238 8.25749
352 1.01337
323 -1.75604
141 0.0454712
278 9.66522
139 -0.0757751
298 24.8828
233 23.6371
227 1.72292
169 0.983871
316 32.4081
266 17.3116
348 -13.4505
344 -4.2832
285 -1.92303
296 4.49066
293 2.09149
371 3.46671
319 6.71832
41 -8.44647
169 0.983734
311 3.83627
270 1.82187
189 4.18585
249 8.95178
87 -4.35123
336 3.18097
337 0.0402832
336 5.01834
272 14.5373
326 2.9061
372 0.267944
148 23.8335
295 2.46368
323 27.9008
298 1.33817
294 2.4411
191 1.67162
232 6.99518
256 7.45651
326 9.21179
274 -13.3478
341 0.179565
353 12.7869
110 -0.212631
372 6.5444
186 2.1776
270 8.78857
318 3.31967
259 10.4826
112 -1.54824
243 1.67839
284 2.18512
313 -10.9777
316 11.7532
357 2.85403
137 0.814987
166 1.23969
181 1.94707
159 0.887207
362 34.3116
337 1.17184
271 0.594879
359 36.6448
275 -1.87042
262 14.8151
340 9.94247
80 -0.915421
272 7.37137
270 6.74112
330 2.62332
254 1.61656
238 3.61673
262 11.6671
275 6.09833
244 9.43927
336 17.0866
