142 -1.15692
180 -0.631302
278 -5.72955
203 -0.616364
76 -7.9108
154 -0.977646
142 -1.1601
113 -4.71435
153 -0.851105
138 -2.57379
203 -0.617767
158 -1.93761
136 16.2974
121 -13.5636
290 -6.67844
149 -2.10533
203 -0.617569
90 -5.54247
92 -3.43716
70 -9.63086
212 -1.6601
90 -5.53448
138 -0.718292
205 -0.66954
69 -6.77538
139 -2.43295
69 -9.58232
161 -1.9938
20 -14.4339
108 -5.27087
153 -2.00069
205 -0.484512
153 -2.05678
183 -0.657944
142 -1.50284
62 -7.35556
60 -9.17255
51 -13.0509
78 -6.14869
152 -4.03442
130 -1.94972
63 -7.17413
149 -2.10562
161 -1.99428
60 -9.16875
180 -0.631165
142 -2.73851
217 -1.88922
113 -2.85037
93 -5.46062
212 -1.66022
92 -3.44067
85 -8.08427
156 -0.407028
48 -10.5193
111 -4.73983
130 -2.61308
246 -3.93294
184 -0.602859
167 -0.542725
92 -5.32952
130 -2.61108
153 -1.9203
60 -6.99014
205 -0.671768
14 -10.3132
52 -7.87727
15 -10.3283
160 -1.0986
186 -0.351944
161 -1.99435
76 -6.8293
165 -0.480728
61 -9.05201
80 -6.24879
48 -10.5192
172 -0.742004
95 -3.67319
95 -3.6711
156 -0.442108
63 -7.29499
364 31.2607
132 -1.85315
157 -2.8997
116 -2.8709
155 -3.43196
161 -1.99408
101 -4.72702
168 -0.328384
117 -2.90155
209 -1.29411
152 -3.97375
61 -7.27904
184 -0.594955
101 -4.76328
118 -4.46564
92 -3.42079
61 -7.26857
105 -5.14197
87 -5.67455
183 -0.661621
118 -2.83327
130 -2.61157
11 -10.306
31 -6.01833
78 -6.07211
161 -1.99403
80 -6.24877
108 -5.27224
14 -10.3875
101 -4.7679
76 -6.76967
109 -3.21656
205 -0.484497
185 -0.536179
364 31.282
161 -1.99432
180 -0.631012
86 -5.99724
119 -2.99081
154 -0.977295
6 -13.4782
63 -7.29441
152 -3.50623
76 -6.86024
27 -24.8985
105 -5.14195
81 -6.32372
109 -3.46424
82 -7.94627
63 -7.15266
142 -1.50099
61 -9.2564
34 -10.5635
86 -7.42126
93 -5.57685
167 -0.895538
153 -0.851166
154 -0.977081
136 -3.36334
77 -6.50568
63 -11.8322
76 -6.72817
80 -6.50325
138 -3.28726
189 -0.909973
143 -2.90773
188 -0.758896
81 -6.23389
152 -3.50616
163 -0.416718
63 -7.14011
116 -3.84095
123 -4.06537
137 -3.27609
112 -3.13694
81 -8.49131
131 -3.54956
203 -0.616318
31 -10.8187
202 -0.612793
66 -6.87487
51 -7.28304
123 -2.5474
167 -0.328094
205 -0.56778
163 -0.177032
140 -3.17908
81 -6.23466
58 -7.50117
80 -6.68285
30 -17.7058
93 -6.65205
95 -3.67447
183 -0.661758
60 -9.70987
212 -1.66023
111 -2.81135
107 -3.14979
131 -1.86595
83 -6.14966
80 -6.68166
164 -1.78447
133 -3.74634
161 -1.23759
240 -4.33545
48 -10.5195
130 -1.94792
76 -8.21646
123 -4.08594
180 -0.542068
54 -7.84315
116 -3.84065
30 -17.7077
104 -3.35619
48 -10.5199
130 -2.61035
108 -5.27117
106 -3.14299
79 -6.43552
152 -3.97586
161 -1.99429
76 -7.91098
116 -3.84069
84 -6.02386
269 -4.69147
184 -0.599121
11 -10.3071
161 -1.99432
125 -4.17381
29 -11.3874
139 -3.28995
54 -8.1207
158 -0.260574
189 -0.912384
159 -3.33272
101 -4.72694
114 -2.67551
6 -13.4989
78 -5.98875
288 -6.49826
80 -6.39912
99 -3.41836
94 -6.57295
161 -0.253662
137 -3.50189
117 -3.95283
83 -8.22021
76 -7.90823
101 -4.72874
47 -8.57816
123 -4.07294
111 -2.81135
94 -5.30206
101 -4.72691
3 -10.0862
133 -3.47559
116 -2.87605
229 -3.58165
86 -7.41911
105 -5.14027
105 -2.79424
106 -2.80663
192 -0.498917
116 -3.84122
128 -3.66322
116 -2.87025
71 -7.04128
188 -0.972015
155 -0.6017
167 -0.454727
52 -19.0236
145 -3.49989
8 -27.2498
167 -0.643448
74 -7.04601
61 -9.05186
76 -7.91075
148 -1.98122
152 -3.97578
184 -0.596542
153 -0.850632
104 -5.09293
130 -1.94951
101 -4.72646
80 -6.36382
104 -5.13503
168 -0.921555
202 0.47525
111 -2.81122
81 -6.51481
106 -2.80255
76 -6.41231
92 -3.41808
135 -1.56015
128 -4.37063
186 -0.350693
183 -0.657837
48 -8.47834
35 -11.2137
148 -2.74614
116 -2.87668
184 -0.611618
130 -1.94846
278 -5.72955
130 -1.94981
90 -5.54324
93 -5.57654
95 -3.67366
346 21.4972
151 -2.94417
119 -4.19011
152 -3.20689
95 -3.67126
75 -6.31822
93 -6.65428
70 -9.63097
211 1.00452
205 -0.555511
104 -5.14825
130 -2.61183
113 -4.31194
101 -4.76823
109 -3.21354
79 -6.58063
27 -11.2381
103 -4.84433
92 -3.36042
49 -7.02026
111 -2.81127
184 -0.610077
111 -4.39941
184 -0.603622
81 -8.4874
101 -4.76717
123 -4.06531
229 -3.5826
167 -0.850174
74 -8.47468
142 -3.29414
139 -2.43282
185 -0.81134
167 -0.885239
11 -55.8452
185 -0.988052
153 -0.851105
61 -9.248
148 -3.23314
60 -10.6287
157 -1.54898
270 -4.75897
110 -4.37142
123 -4.11201
148 -2.74585
130 -1.94821
86 -7.42089
109 -3.46516
104 -4.26463
108 -5.27236
168 -0.328384
130 -1.94977
131 -1.13075
90 -7.94896
184 -0.60994
76 -7.9107
37 -8.61785
183 -0.659378
153 -0.851089
121 -3.23548
130 -3.48958
112 -4.32695
60 -6.9944
153 -3.54823
368 5.67322
109 -3.46401
76 -6.82891
137 -3.50093
76 -7.91193
161 -1.23988
109 -3.20715
163 -1.2939
11 -10.3068
94 -5.31509
163 -0.176926
32 -9.26789
246 -3.93282
90 -5.51431
69 -9.17067
278 -5.72958
156 -0.616592
123 -4.06541
22 -13.32
47 -8.96913
193 -0.204514
185 -0.534592
95 -3.67168
167 -0.453598
125 -4.17319
60 -9.17242
123 -4.0651
86 -7.41618
136 16.2831
63 -7.12719
15 -10.3841
83 -6.16551
49 -8.52554
131 -3.54832
187 -0.387741
109 -3.46512
87 -5.77036
76 -6.8303
158 -0.35025
78 -6.55567
114 -4.24784
104 -5.14851
116 -3.97305
47 -11.4224
84 -5.72817
52 -21.5107
130 -1.2464
156 -0.407089
78 -8.1963
101 -4.74531
160 -1.09735
123 -4.06518
28 -14.5658
48 -10.5197
46 -9.06486
118 -2.73611
148 -2.74649
93 -5.44535
81 -8.21982
70 -7.8596
89 -5.7969
148 -2.6954
151 -3.74966
184 -0.61174
99 -4.13675
101 -4.8843
111 -2.81133
150 -1.97479
183 -0.658173
80 -6.18399
117 -4.07451
101 -4.75385
110 -3.21382
101 -4.75887
152 -3.50618
105 -5.14117
90 -5.4772
125 -2.80527
156 -0.407013
163 -0.997559
125 -4.17325
82 -17.1672
52 -7.88305
157 -2.75505
161 -1.99702
184 -0.612915
61 -7.12844
187 -0.377335
111 -2.81127
76 -6.82844
110 -4.65829
62 -7.38403
98 -6.11373
56 -7.62146
116 -3.17204
131 -3.54996
37 -8.61799
11 -10.3072
123 -4.06525
167 -0.84285
116 -2.87334
48 -11.3992
184 -0.610031
63 -7.20469
125 -2.32192
46 -8.50439
157 -1.54881
5 -10.114
131 -3.3223
163 -0.244644
101 -4.76331
80 -6.22621
137 -3.50186
56 -7.6636
28 -14.6778
109 -4.89841
73 -7.73608
74 -6.87774
103 -4.84362
141 -3.49193
39 -10.3685
62 -7.33557
141 -3.13663
183 -0.662827
37 -8.61303
95 -3.53833
32 -14.0789
141 -3.5186
86 -5.74905
185 -0.534592
130 -2.61073
156 -3.2627
148 -1.98108
188 -0.757324
80 -6.68178
185 -0.534607
86 -7.42243
156 -0.407211
101 -3.32591
11 -10.3075
102 -5.1473
116 -2.87601
86 -5.70209
144 -1.4222
161 -0.88591
78 -8.00212
211 0.954178
140 -2.52916
131 -3.54845
122 -4.29765
108 -3.73582
48 -10.5196
171 -0.69722
121 -2.87151
102 -4.56438
11 -10.3069
24 -13.2063
111 -4.7395
108 -5.27109
121 -5.03545
167 -0.842728
131 -3.49829
202 -0.61528
172 -0.741806
101 -4.72682
156 -0.406982
164 -1.78461
102 -4.66709
167 -0.643417
17 -13.8256
117 -4.18462
113 -2.25569
186 -0.348892
128 -3.53962
141 -3.46204
136 16.1267
63 -11.8314
65 -7.56289
86 -7.42259
116 -3.84113
14 -10.408
65 -9.12127
152 -3.97543
131 -3.68789
153 -1.92064
124 -3.83956
95 -3.67096
107 -3.19505
116 -4.42931
201 -0.904312
131 -3.54867
183 -0.658005
123 -4.06545
34 -10.5634
16 -17.5063
164 -0.997955
75 -7.78158
69 -8.30273
132 -3.49001
111 -4.65295
34 -7.42867
37 -8.64038
6 -13.4429
16 -15.984
81 -8.4908
131 -3.54957
148 -2.75131
56 -13.3511
6 -13.4869
109 -3.23574
131 -3.54934
62 -7.2695
148 -2.75186
101 -4.72658
185 -0.988205
90 -5.54243
167 -0.850006
115 -3.36385
103 -4.84266
152 -3.50639
65 -14.5582
20 -14.4221
133 -3.53001
13 -15.1223
130 -2.61201
131 -1.91084
109 -3.46455
58 -9.53048
108 18.4692
137 -3.50186
95 -5.45117
86 -7.42082
183 -0.645309
76 -7.91045
108 18.2237
59 -18.1039
72 -6.84277
10 -27.0976
183 -0.661438
84 -21.5534
131 -3.55
183 -0.551849
181 -0.572632
88 -5.58388
14 -9.95092
21 -11.0581
112 -3.54637
81 -7.89931
156 -3.49844
163 -1.03035
183 -0.660858
111 -4.71283
114 -2.84494
121 -2.95759
14 -10.4305
14 -10.3801
153 -0.850937
104 -4.89366
156 -0.406769
112 -4.7763
168 -0.922943
187 -0.846466
78 -6.61662
139 -3.32239
93 -3.50224
164 -0.507492
114 -4.62959
34 -10.5633
101 -4.76833
92 -3.41597
16 -55.859
3 -25.6966
114 -4.60468
36 -8.68832
71 -9.22118
123 -4.06589
86 -7.99036
47 -11.4566
28 -9.46473
86 -7.4221
132 -1.22287
114 -3.24213
71 -7.04121
28 -9.44731
93 -5.5769
70 -6.75432
108 -4.31081
105 -5.14143
92 -3.43655
184 -0.593094
117 -4.11055
65 -8.99345
42 -11.9326
113 -4.56142
117 -4.10946
80 -14.5255
129 -3.83588
148 -2.74722
95 -3.67089
69 -6.80451
25 -9.57281
48 -10.5189
16 -16.1173
185 -0.53508
103 -5.66946
167 -0.643326
34 -15.3458
142 -2.38055
48 -11.3997
150 -2.12589
114 -4.55489
364 31.2232
18 -11.2732
93 -6.65999
15 -10.3151
167 -0.454437
157 -2.58176
123 -4.1231
80 -6.24934
62 -9.28414
123 -4.06513
185 -0.53479
153 -1.92047
15 -60.9599
109 -3.21214
75 -6.9213
68 -6.60481
145 -2.15318
164 -0.960144
93 -5.57588
184 -0.60611
12 -23.0728
142 -2.93161
95 -3.54183
111 -3.91615
92 -3.43694
82 -5.76086
136 16.2989
326 5.13885
180 -0.631287
70 -20.9229
131 -3.69729
14 -22.9007
142 -2.40561
152 -3.5063
61 -9.25617
86 -5.67014
117 -4.10907
82 -8.79698
116 -4.28958
15 -15.94
167 -0.64357
67 -6.49529
153 -0.851151
7 -9.95818
153 -1.92056
110 -4.66003
95 -3.20045
123 -2.69041
9 -10.193
46 -9.0653
99 -3.38123
60 -9.73752
180 -0.631119
103 -4.37394
33 -10.6005
117 -4.10937
95 -3.67126
177 -0.629211
13 -15.118
86 -7.77302
66 -6.69575
83 -5.93701
17 -13.8251
167 -0.884659
106 -2.80775
95 -3.54239
95 -5.44775
76 -8.45668
117 -2.9015
106 -2.80679
131 -3.54848
186 -0.351334
132 -3.4173
70 -7.03579
60 -7.11297
138 -3.3804
215 -1.96242
61 -9.24789
163 -0.173172
61 -9.2552
164 -1.00073
80 -6.25021
364 31.2488
10 -10.2708
90 -7.81243
143 -2.74332
103 -4.84404
114 -3.24216
163 -1.14891
62 -10.8699
129 -3.91711
17 -15.7589
92 -5.32249
45 -12.1856
95 -5.90273
94 -5.5521
95 -3.53878
186 -0.348267
47 -11.4354
155 -0.62973
87 -9.1563
49 -11.8323
127 -2.86531
111 -4.61208
128 -3.86706
130 -2.61157
184 -0.607452
87 -6.04287
155 -3.43878
62 -7.35507
229 -1.26172
157 -1.54903
116 -3.84068
30 -17.7074
138 -2.57349
80 -9.33062
105 -5.14075
84 -5.72849
127 -3.93868
28 -9.30667
45 -12.1731
127 -3.88512
54 -7.6716
139 -2.18945
270 -5.37878
106 -3.29765
8 12.1289
173 -0.735764
186 -0.351837
187 -0.7229
69 -9.58202
28 -14.5817
71 -7.04174
82 -6.2506
6 -13.4208
198 1.12035
70 -6.48835
87 -14.5415
123 -4.06564
79 -6.58569
109 -2.97007
130 -2.61534
18 -14.9308
17 -10.1449
93 -6.59497
117 -15.326
16 -55.8532
84 -3.88069
68 -8.43748
48 -10.5187
152 -3.50616
14 -23.1044
63 -11.8308
86 -19.7055
153 -3.54839
6 -13.4324
62 -7.29406
193 -0.259323
14 -23.1507
135 -3.5817
217 -1.88634
95 -5.44823
81 -8.12499
39 -8.77227
116 -4.31327
90 -5.54094
153 -1.92059
23 -9.76701
45 -8.65643
186 -0.347549
77 -16.8006
22 -13.6849
91 -5.58668
110 -3.9791
190 -0.566055
166 -0.470764
185 -0.535263
120 -3.2149
51 -8.27687
86 -7.42102
186 -0.350433
97 -3.35281
34 -11.4743
87 -22.2505
95 -5.45104
167 -0.642166
152 -3.50633
6 -13.4484
16 -55.9646
83 -16.8419
143 -2.73999
217 -1.88716
14 -15.4887
28 -9.32395
20 -14.4222
180 -0.631393
95 -5.44859
9 -22.6638
128 -3.86957
153 -1.91911
187 -1.00714
212 -1.66043
25 -9.42145
47 -11.4547
95 -3.67094
28 -14.6765
36 -16.7114
162 -1.08383
32 -9.35772
205 -0.48436
111 -3.01212
83 -11.9197
125 -4.00123
117 -4.10951
109 -4.54835
93 -5.57637
159 -0.953659
80 -6.25014
148 -2.56575
27 -9.76792
157 -2.97792
14 -23.123
22 -13.0049
183 -0.674881
131 -3.54852
153 -0.255463
120 -4.35172
51 -14.803
148 -2.74641
104 -4.89714
139 -3.3105
10 -10.3044
76 -6.78662
139 -3.30304
131 -1.07159
142 -1.50113
95 -3.67185
157 -1.54861
86 -5.74829
95 -3.67127
113 -4.7024
260 -5.05289
290 -6.67935
51 -7.83198
30 -17.7067
160 -1.09717
13 -15.4949
45 -12.1789
145 -2.55829
195 0.744446
59 -18.105
312 14.1207
4 -10.6509
37 -8.61302
163 -0.416626
14 -10.4972
16 -55.9146
208 1.29007
90 -5.543
16 -16.0704
95 -4.99221
108 -5.27086
153 -2.52596
205 -0.669144
153 -0.251953
46 -9.06473
95 -5.45109
126 -2.95542
16 -16.0674
108 -4.67918
28 -14.5672
16 -16.2203
28 -14.5678
167 -0.884842
92 -5.15171
108 17.4557
90 -5.5433
101 -4.72686
368 5.67163
161 -1.23944
186 -0.353348
128 -3.84704
101 -4.79826
47 -11.434
85 -16.9999
22 -9.87726
85 -16.7943
131 -3.54857
139 -2.18452
25 -9.52023
132 -3.7504
212 -1.66037
157 -1.54883
95 -3.5388
103 -4.47267
16 -55.888
131 -3.54848
25 -9.59701
167 -0.328262
124 -2.32365
104 -4.85801
103 -5.99499
152 -3.50618
165 -0.780365
163 -1.21756
159 -1.00766
170 -0.718231
142 -2.92873
364 31.2477
50 -8.28688
117 -3.96096
79 -7.88365
79 -6.58221
184 -0.61261
161 -1.09895
61 -9.05174
183 -0.658875
164 -1.78397
117 -4.10517
37 -8.61917
157 -1.54868
95 -3.54153
131 -3.5486
31 -7.69151
30 -9.30043
81 -8.48688
88 -6.66705
121 -3.23714
108 -5.27203
52 -9.89821
90 -5.40752
95 -3.5388
48 -10.5189
59 -7.48241
93 -5.57646
62 -10.4104
60 -7.28689
205 -0.556442
69 -8.54455
93 -15.3672
24 -9.51281
110 10.973
45 -12.1869
162 -1.2896
181 -0.434448
95 -5.45123
125 -2.87493
106 -2.80119
89 -14.5893
152 -3.50635
84 -5.72793
14 -10.4926
185 -0.987976
11 -10.3063
99 -2.72857
134 -3.41342
86 -8.09488
110 -4.48218
180 -0.631363
162 -1.52901
16 -16.2066
135 -3.41742
47 -11.4337
16 -13.936
76 -7.91097
95 -5.44834
45 -12.1658
31 -9.33582
109 -3.4654
76 -6.46186
104 -4.86008
35 -9.69659
50 -8.4212
10 -27.1045
34 -10.5632
193 -0.177002
95 -3.53827
13 -15.0918
87 -8.2341
82 -6.72315
6 -13.435
109 -4.46561
64 -7.05097
84 -5.7281
171 -0.619644
88 -5.83875
92 -3.41526
161 -1.99367
112 -4.29641
229 -3.58199
187 -0.344467
68 -8.96914
95 -3.54066
130 -2.61108
138 -2.57344
123 -4.06472
57 -9.00705
13 -15.1062
106 -2.80902
187 -0.754745
101 -6.41798
8 -28.4099
229 -3.58348
143 -3.07553
29 -10.1013
82 -14.3122
86 -7.40791
68 -6.44603
185 -0.988068
119 -4.82008
137 -3.44296
148 -2.74583
86 -5.67935
192 -0.55191
144 -2.32492
44 -10.2737
70 -9.63131
113 -4.54198
73 -6.5003
75 -7.91266
6 -13.4382
72 -12.7212
70 -7.02845
42 -8.96659
83 -5.82768
80 -6.68388
77 -6.59641
21 -9.56121
60 -9.61837
33 -10.5995
142 -1.16063
108 -4.04865
133 -2.08279
183 -0.661102
95 -5.4511
80 -6.68154
103 -4.84346
128 -3.66816
9 -10.1937
114 11.2948
20 -25.7286
119 -2.22061
70 -7.04008
74 -8.46271
184 -0.595169
101 -5.13265
74 -7.04665
15 -15.2799
190 -0.375076
364 31.2272
229 -3.58401
13 -15.0568
136 -3.50392
111 -2.81136
80 -6.68768
185 -0.534546
161 -1.99443
137 -3.50188
125 -4.09129
19 -25.0011
120 -4.01836
172 -0.667358
86 -5.66984
106 -2.80319
37 -10.3131
13 -15.0762
69 -6.85279
137 -2.61472
111 -2.81102
9 -22.6636
86 -5.89101
91 -5.44278
27 -24.8983
309 19.2532
106 -2.80314
16 -15.9615
139 -3.27875
47 -8.04212
187 -0.614517
148 -2.7552
11 -10.3064
46 -7.769
121 -4.3021
114 -3.24063
93 -6.65271
58 -7.1471
9 -10.1934
109 -4.46442
203 -0.617584
76 -7.91064
16 -17.5099
59 -18.1465
185 -0.534805
191 -0.19162
81 -5.9055
68 -8.50142
97 -6.46776
111 -5.52022
185 -0.534576
131 -2.66023
134 -3.36191
368 5.67206
93 -6.66376
114 -3.24126
14 -10.3339
111 -2.81102
84 -5.72835
167 -0.843246
126 -4.10603
181 -0.679382
98 -6.71935
152 -2.84367
139 -3.46384
183 -0.236893
83 -12.4082
20 -9.68289
163 -0.996475
69 -6.4435
37 -8.67604
16 -55.9152
167 -0.543182
108 -5.27103
217 -1.88806
92 -5.57391
109 -5.19298
126 -3.92409
145 -0.935776
188 -0.549789
51 -10.0467
68 -6.75031
35 -11.2143
79 -6.57965
16 -55.9941
97 7.43402
57 -9.5497
48 -10.5186
187 -1.00797
22 -13.5428
24 -9.6272
193 -0.176987
205 -0.669083
62 -7.2783
106 -4.74795
95 -5.44853
99 -7.36011
15 -10.3718
81 -8.32497
23 -9.76553
8 12.1276
183 -0.660461
153 -0.851105
121 -4.03281
217 -1.87172
108 -5.27197
161 -0.253647
70 -18.2673
220 -1.97701
81 -8.49045
83 -5.79532
98 -6.41702
64 -7.10944
71 -8.94454
29 -8.92108
4 -25.9642
147 -1.22906
48 -11.4328
185 -0.535156
130 -2.61392
16 -16.0282
133 -3.36688
46 -9.06478
117 -13.8469
46 -9.06461
109 -4.47402
77 -12.2221
10 -21.2051
81 -8.48712
36 -8.68557
11 -44.5279
209 -1.29198
187 -0.780899
370 15.116
116 -2.87613
47 -8.43748
22 -13.6842
9 -10.5942
76 -17.0321
28 -14.5661
89 -6.65237
123 -4.06612
94 -17.7626
128 -3.69971
167 -0.842743
152 -2.51378
112 -4.32098
29 -11.3533
213 -1.61261
185 -0.810989
372 -0.61319
105 -7.22162
86 -7.41965
131 -3.54846
10 -27.1093
9 -10.2075
102 -3.27354
280 6.41885
62 -7.28781
9 -10.208
131 -3.54858
45 -12.1934
114 -2.56274
53 -11.0136
134 -3.64717
124 -3.73437
86 -17.4107
156 -0.407135
162 0.0243988
151 -3.40179
111 -2.62337
3 -25.1815
151 -3.70174
115 -4.64612
111 -3.87196
25 -12.5344
103 -4.86028
101 -4.72698
27 -9.40561
189 -0.912552
61 -9.25659
113 -3.51749
190 -0.311813
109 -3.21274
148 -2.0032
86 -5.72277
122 -2.73549
103 -4.84229
109 -3.21346
70 -6.25503
188 -0.209366
139 -2.18306
6 -13.4914
20 -14.4198
131 -3.54855
103 -4.84536
46 -9.06146
127 -2.43583
189 -0.821442
112 -4.21072
79 -18.4838
119 -2.97187
52 -9.62521
9 -10.1937
63 -8.833
20 -14.436
229 -3.58452
117 -4.14347
27 -24.8985
20 -14.4362
17 -15.9145
142 -2.95311
108 18.4925
116 -3.11128
120 -4.34123
95 -5.69956
64 -9.68692
28 -9.82819
143 -2.42104
79 -6.57953
187 -0.925598
148 -2.75124
49 -7.4649
193 -0.256531
125 -4.13882
92 -3.43963
79 -16.5804
68 -9.90129
203 -0.616455
51 -9.49221
24 -13.2224
193 -0.551758
131 -3.54848
62 -10.5494
205 -0.556183
133 -3.56067
68 -8.80116
93 -5.57659
133 -3.44846
95 -3.53946
153 -3.44131
134 -3.36719
60 -10.2969
229 -3.58231
73 -12.2162
117 -4.1096
187 -0.542068
110 -4.61109
116 -2.87312
167 -0.453735
91 -5.46895
71 -8.78669
308 -7.05313
46 -9.06891
72 -8.26188
30 -17.7083
91 -5.05312
164 -0.960663
37 -8.61206
79 -6.57937
62 -7.31528
10 -27.1031
34 -10.6884
120 -2.60638
142 -2.95401
20 -18.7326
126 -23.3149
24 -9.53564
78 -18.4739
62 -7.26951
59 -8.93398
164 0.283417
328 5.06775
116 -3.84126
340 27.8844
97 -5.33482
147 -2.87126
89 -7.14597
113 -3.80251
27 -9.61735
153 -3.54839
109 -2.84285
205 -0.556046
120 -5.33022
137 -3.50188
108 -4.85957
138 -3.37015
23 -19.7582
2 -4.69197
135 -3.36945
223 -0.922501
153 -0.850494
320 11.6732
187 -0.932251
131 -3.54842
117 -3.96075
194 -2.49103
103 -7.16547
82 -16.6494
163 -0.996292
163 -0.177048
106 -2.80119
20 -14.4358
110 -4.40192
64 -10.1243
186 -0.703842
9 -10.2068
148 -2.75125
111 -4.58718
185 -0.534485
132 -3.68295
285 -0.365112
49 -9.26645
14 -23.1444
93 -5.32499
103 -4.84525
106 -2.80704
63 -11.8318
77 -10.7579
15 -12.217
131 -3.54839
109 -3.21156
86 -5.68488
80 -15.4929
111 -4.0714
133 -3.47241
125 -4.24625
9 -22.6741
151 -2.94487
86 -7.42336
161 -1.04974
3 -9.83325
121 -2.85753
5 -10.5898
186 -0.725143
51 -8.34394
6 -13.4823
75 -15.3871
108 -4.40852
110 -3.5858
164 -1.50705
117 -13.8444
185 -0.810532
35 -11.214
137 -3.2894
26 -11.0753
71 -6.73807
130 -2.91545
59 -18.1399
106 12.6805
109 -5.21159
70 -15.5487
84 -16.0906
77 -7.0418
68 -6.76107
145 -2.81647
116 -3.74629
156 -0.407089
70 -9.63071
93 -5.1402
327 0.308319
92 -3.43668
131 -3.54834
48 -11.7926
350 13.9838
69 -8.78912
98 -4.52161
109 -3.2113
113 -4.53737
86 -5.65475
20 -14.4238
88 -24.2911
163 -0.181564
108 -5.2711
110 -3.59496
296 5.63492
65 -9.87613
93 -5.41614
81 -6.18636
41 -11.2607
217 -2.48077
29 -14.5114
161 -1.2377
43 -9.11719
101 -4.72678
291 -0.957977
108 -3.93233
190 -0.85553
91 -18.7739
150 -2.39249
53 -15.1391
46 -9.06471
53 -9.96043
150 -0.872879
14 -10.3741
48 -8.1153
14 -19.2376
68 -6.67854
164 -1.24712
92 -3.42286
116 -2.87772
346 21.4732
161 -0.253677
71 -6.46935
160 -0.380585
131 -3.54837
93 -7.76633
145 -2.23622
25 -11.3703
217 -1.88774
70 -9.40148
20 -14.4339
1 -24.8179
45 -12.1714
232 -4.30226
221 -2.32692
65 -6.97766
92 -3.41661
27 -24.899
27 -19.4124
164 -1.78392
66 -13.5979
108 18.3266
76 -7.91082
211 -2.86774
103 -4.844
62 -7.26927
297 3.78204
131 -3.54844
84 -16.4072
185 -0.53624
225 2.627
163 -0.997345
364 31.2319
152 -3.96809
136 16.1248
241 5.1783
226 -2.57243
152 -3.50636
186 -0.353378
27 -24.8985
366 15.6446
368 5.67056
133 -1.79477
30 -17.7068
167 -0.84996
188 -0.217209
142 -2.18965
112 -5.36678
51 -8.23498
258 -4.66879
83 -16.1139
11 -9.84482
15 -10.3059
260 -5.05165
9 -10.1971
254 -4.43994
63 -11.8315
120 -2.86408
46 -9.06431
168 -0.441559
255 -4.60141
160 0.254578
119 -4.0484
143 -1.64857
46 -9.06471
149 -1.16248
105 -5.14926
112 -4.29591
60 -9.16853
3 -22.6815
320 11.7223
92 -16.7726
214 -2.97633
61 -9.18799
320 11.719
48 -8.37423
260 -5.05148
82 -5.80059
28 -14.5684
22 -9.75913
123 -4.20466
124 -21.9594
133 -4.59209
163 -0.808243
66 -8.32156
185 -0.810623
135 -3.37158
146 -2.17703
189 -0.71611
9 -10.193
30 -17.7039
138 -3.23512
84 -7.23959
137 -3.4951
138 -2.57434
318 -8.04214
8 -9.88657
12 -10.2669
122 -2.55415
27 -11.1734
92 -3.43646
163 0.262146
109 -3.2123
148 -2.75189
38 -15.055
94 -6.57106
87 -18.3979
140 -3.30463
95 -3.67133
95 -3.54205
14 -22.8566
108 -4.6441
95 -3.53844
62 -7.3415
93 -3.33597
95 -3.53864
190 -0.782715
326 5.1358
109 -3.21328
93 -3.29843
164 -1.784
76 -7.9109
314 -7.7291
170 -0.71582
118 -8.15384
62 -9.27156
221 -2.32521
101 -4.72678
143 -1.71408
186 -0.486771
165 -0.845306
73 -6.58736
80 -6.68243
248 -3.5871
111 -4.71069
23 -11.6576
304 -1.7637
240 -4.25784
29 -9.39069
340 27.8951
108 18.5118
106 -5.03494
2 -13.3174
150 -2.12566
74 -7.90776
48 -9.4586
48 -11.3957
40 -11.6559
128 -3.5363
340 5.1561
318 -8.04993
83 -18.7588
15 -10.3125
81 -8.4876
30 -17.7119
10 -27.1032
28 -14.6596
44 -7.76406
152 -3.97159
198 1.12001
156 0.0037384
66 -16.8353
136 -2.10126
163 -0.416626
205 -0.669556
38 1.50484
109 -3.21181
364 2.97638
115 -4.28626
161 -1.99434
48 -10.52
125 -4.10279
124 -3.198
223 2.1824
43 -8.60265
59 -8.90285
17 -20.6656
221 -2.11832
258 -4.6687
145 -2.98546
172 -0.74173
368 5.67191
223 -0.919327
143 -2.24837
126 -9.11774
113 -2.4249
70 -6.32916
280 6.41855
86 -15.3908
96 -4.58366
47 -11.4559
141 -3.00882
127 -11.5038
103 -14.4669
314 18.1323
59 -18.1245
124 -33.193
193 -0.176804
11 -26.4413
189 -0.794067
193 -0.176819
106 -2.8012
111 -2.8113
59 -18.1405
188 -0.702896
328 5.1947
151 -1.90758
101 -5.57134
188 -0.20343
65 -14.2855
24 -11.5077
185 -0.81073
110 -4.4147
313 9.91306
251 3.23695
10 -10.2862
160 -1.06802
223 -2.69162
28 -14.5677
292 -1.41217
188 -0.757919
86 -5.69618
30 -17.7083
150 -3.02255
143 -2.24434
168 -0.519958
241 5.17548
157 -1.54776
137 -2.83148
160 -0.294556
16 -20.9677
51 -9.4903
11 -10.307
128 -2.90205
225 -2.45599
78 -12.0547
352 -1.49841
97 -6.07198
11 -10.3064
107 -4.31446
63 -11.8336
61 -9.25573
74 -20.3799
9 -10.1948
78 -17.9529
328 12.1556
95 -3.54185
305 -1.82153
152 -0.908463
195 0.736313
64 -15.6876
48 -11.3586
136 -0.883438
89 -19.1211
143 -3.0451
184 -0.595993
166 -0.369064
161 -0.885757
166 -0.570801
18 -15.436
84 -17.1942
189 -0.912613
149 -3.38147
66 -9.90895
98 -5.45945
150 -2.323
6 -50.8324
350 13.9802
167 -0.6418
151 -1.95769
92 -3.41541
50 -9.17095
314 -23.3195
18 -10.3404
327 0.306335
241 5.17587
165 -0.776077
197 -0.516708
329 11.7717
60 -9.61377
90 -5.77508
73 -8.62904
129 -3.47415
139 -2.18518
109 -5.21207
20 -13.6258
143 -3.25502
340 5.04672
111 -4.7142
156 0.256897
280 6.89035
45 -7.76588
9 -10.2069
188 -0.717651
114 -3.93712
358 29.6624
35 -9.70057
153 -0.850708
161 -0.885727
222 -2.34898
280 6.89417
312 18.2937
246 -3.93282
106 -2.80218
187 -0.837204
109 -3.46426
47 -11.4334
194 -2.52382
14 -23.1174
91 -15.1342
52 -20.176
188 -0.888931
349 14.0467
53 -20.6243
35 -8.88202
254 -4.43997
251 3.1859
109 -3.21233
169 0.245316
175 -0.767822
113 -2.99722
249 5.63957
172 -0.741882
37 -8.61045
248 -7.61205
123 -2.7445
239 -4.82056
167 -0.446564
372 14.6766
81 -8.48891
64 -7.1454
52 -7.60675
330 -8.00922
256 -5.03038
15 -15.9458
45 -12.1726
89 -5.59721
116 21.4219
50 -10.3841
84 -7.35438
235 -2.26093
110 6.20795
202 -0.614944
193 -0.572769
250 -4.7789
19 -10.8881
345 4.3866
161 -1.23759
93 -6.65588
98 -4.45375
167 -0.850235
183 0.525986
259 -5.13187
37 -9.95935
117 -4.15305
167 -0.454803
111 -4.81542
21 -13.7113
163 -1.41393
72 -7.97055
280 6.89697
141 -3.12589
92 -3.44005
9 -10.206
27 -24.8989
147 -0.0459747
45 -12.1737
51 -10.8858
333 3.28769
223 -2.47057
165 -0.454575
113 -3.5413
209 -1.29022
16 -13.5987
114 -3.27638
70 -9.43084
61 -9.25666
346 0.312775
282 -0.304779
2 -24.506
221 1.80743
185 -0.534927
192 0.662552
166 -0.369202
345 0.598145
32 -16.9885
367 -4.08386
93 -6.65549
31 -12.1578
362 18.9246
296 5.51492
169 0.257111
321 12.7428
364 31.2492
69 -6.6595
69 -9.43836
117 -2.93529
11 -24.5888
226 -2.57207
90 -6.92045
185 -0.810699
63 -11.8321
319 -9.32413
14 -10.7884
24 -19.6397
337 33.9202
308 -7.05316
121 -4.16369
56 -10.438
92 -3.41745
122 -4.30328
177 -0.680496
14 -23.1127
277 -0.796478
226 -2.57283
160 -0.296066
60 -17.9817
170 -0.726349
170 0.254959
345 4.3978
185 -0.988083
22 -13.6963
175 -0.794968
202 -0.612778
13 -15.11
146 -2.84644
182 -0.489563
234 4.97632
354 4.84122
202 -0.614731
185 1.45193
70 -9.63116
59 -18.1418
352 10.9905
190 -0.785553
163 -0.416397
121 -4.26408
318 -8.07031
147 1.0325
339 3.06305
172 -0.440033
27 -24.8983
189 -0.615311
25 -11.0283
337 24.1631
372 -0.611298
152 -3.50629
321 12.7417
364 -0.611755
111 -4.71107
241 5.17657
4 -21.5351
109 -3.46427
60 -9.16756
295 5.69208
328 5.07297
256 7.08798
92 -3.44157
202 -0.614899
124 -2.69269
16 -16.0851
167 -0.542526
206 20.1716
130 -3.42111
66 -7.06587
195 0.741913
90 -6.99652
193 -0.176956
314 18.1278
181 -0.273697
189 -0.268341
346 4.31772
163 -0.177307
79 -6.13383
77 -15.4403
93 -5.04742
30 -17.709
307 12.3476
40 -12.7308
100 -6.87099
321 12.7494
255 -4.60136
31 -13.564
285 -0.102417
46 -9.15103
189 -0.771667
203 -0.61615
164 -1.7841
90 -5.37748
7 -21.6094
321 12.7426
80 -15.7107
295 5.6911
339 26.343
203 2.16438
59 -18.1572
185 0.0998535
327 0.309296
292 -1.50012
145 -1.38094
307 12.2872
137 -2.80835
337 25.6828
254 -4.43146
172 -0.741684
23 -11.0205
225 2.62846
110 -4.6706
78 -6.58589
41 -8.66801
47 -11.4552
12 -23.4854
77 -6.58968
330 -8.00928
28 -14.5669
150 -0.867981
117 -6.34707
96 -6.57766
63 -11.833
170 -0.236633
364 31.2473
28 -14.5668
35 -9.69698
182 -0.48912
21 -16.6535
162 -1.34836
365 1.07181
125 -2.71203
114 -3.24187
148 -1.98112
145 -0.90535
334 18.2992
114 -2.86636
255 -4.60147
40 -17.7145
55 -9.23333
314 10.5229
109 -3.46404
78 -6.55289
322 -8.68863
91 -5.7482
92 -3.42104
185 -0.810883
51 -7.10949
106 -2.50684
8 -28.3542
84 -5.89098
97 -5.03629
177 -0.687363
217 -1.88739
351 4.29776
60 -9.81456
29 -17.7078
187 -0.854263
185 -0.988052
26 -12.7412
367 28.4727
109 -4.6615
5 -3.23962
241 5.17633
63 -11.8287
265 8.40817
92 -5.32565
14 -10.7529
308 -7.0535
84 -5.99288
133 -2.38466
184 -0.607117
192 0.662262
363 19.2148
359 6.19205
8 12.1599
246 -4.06708
76 -7.9088
68 -10.0896
94 -6.74098
96 -17.1896
325 -0.746155
167 -0.842972
109 -3.2154
106 -4.62943
27 -24.8972
168 -0.328445
60 -7.69289
368 5.67148
196 1.71156
145 -0.942642
354 18.6112
63 -11.8331
51 -7.70462
243 -3.91731
205 2.52098
251 -4.85313
56 -7.79837
208 1.2896
283 -0.185333
226 -2.35373
166 -0.369278
9 -26.0696
340 5.16129
176 0.182281
91 -3.16221
347 3.98685
364 31.2404
16 -55.9136
133 -11.3178
95 -3.67103
119 -0.368988
98 -6.70522
168 -0.919037
187 -1.0078
348 -1.60907
118 -2.39114
324 -1.77512
136 -2.1011
254 -4.44005
117 -8.83812
349 14.1322
126 -3.08826
137 -1.659
255 -4.60229
193 -0.543427
292 -1.42612
47 -9.6661
88 -16.1161
140 -4.11916
60 -19.3731
302 12.4016
10 -27.149
106 -4.32616
27 -9.42505
234 3.83684
109 -4.44543
143 -1.71593
153 -0.851273
161 -1.99396
48 -10.5197
93 -6.65505
235 -4.00897
331 12.1263
139 -1.84177
4 -19.3831
136 16.1264
368 5.67035
26 -10.6727
178 -0.407516
15 -11.2688
14 -23.1268
295 -0.590179
69 -9.57968
97 -14.5621
94 -4.88892
320 11.7198
185 -0.535049
348 13.1635
225 -2.843
100 -14.7775
8 -28.359
255 -4.60158
192 0.662888
124 -2.56504
9 10.5718
115 -3.68925
236 3.61093
364 -1.41537
46 -9.06474
331 -1.17264
280 6.88849
121 -18.6114
96 -4.72916
236 3.6111
232 3.35031
125 -3.31767
364 -0.963318
255 -4.60141
92 -19.0798
113 -4.53692
191 -1.69072
364 8.67331
94 -5.49682
191 -0.495529
73 -6.12177
149 -3.13116
277 -0.779907
185 -0.811386
196 1.71066
152 -1.24525
105 -5.14206
348 13.171
287 15.3286
211 1.00771
327 0.31015
8 11.5203
89 -16.0093
115 -4.1018
291 -0.955566
307 12.3262
241 5.17589
277 -0.766235
192 0.663071
108 -5.27084
318 -0.674408
128 -3.01474
283 1.66272
142 -5.51727
164 -0.50737
21 -11.1698
124 -4.14532
73 -16.6952
191 -0.504211
240 -4.25598
35 -9.69996
15 -10.317
8 -28.341
367 -4.07578
368 20.3056
157 -2.9236
323 12.0575
280 6.89856
128 -2.663
13 -21.9477
294 4.14236
45 -12.1744
322 9.08652
187 -1.0079
262 4.16669
152 -3.96278
82 -6.82182
183 1.29497
161 -0.253647
35 -9.7002
90 -5.53973
48 -10.5198
212 -1.66002
364 2.86084
225 2.63396
254 -4.4402
153 -0.255524
372 -0.611206
314 -22.3674
259 -4.17662
21 -11.4702
102 -5.04592
59 -18.1265
138 -1.79001
279 -0.774811
275 -5.69217
355 4.56476
7 -1.87743
189 -0.576691
41 -10.4578
108 -5.2667
87 -6.02301
15 -15.8117
76 -7.9109
8 12.1637
314 -28.1326
91 -15.8007
340 32.0896
206 1.31323
259 8.29361
136 16.2994
187 -1.00735
354 4.86847
96 -20.4186
116 -2.42471
246 4.45015
150 -1.32385
349 14.1179
153 -0.851028
143 -2.24397
183 0.746048
167 -0.884872
152 -3.97057
232 -4.31613
71 -6.23977
346 0.383667
45 -18.0979
346 21.4671
178 0.529419
368 -13.2582
108 18.3432
76 -18.3522
314 -23.0495
114 14.058
280 6.89624
347 4.15945
146 1.28342
121 -13.518
192 0.662918
327 0.309113
215 1.28448
184 -0.613159
299 -2.23962
328 5.20459
321 12.7406
276 -0.372559
196 -0.838745
283 -0.316742
204 3.43214
119 -2.88576
280 6.89606
163 -0.416336
253 6.30865
127 -3.05624
69 -9.16986
330 19.1813
299 11.7202
364 -0.971161
345 4.37302
183 -0.662018
241 5.17737
201 -0.78772
133 -2.14078
329 12.0349
102 -5.96323
195 1.68715
283 1.63702
187 -0.623016
189 -0.909531
140 -1.77551
13 -20.5644
35 -11.2142
321 12.7447
283 2.98492
192 0.662476
143 -1.64781
72 -9.26386
167 -0.543106
257 6.64154
280 6.48621
117 -3.45279
21 -20.318
308 -7.05365
168 -0.778854
116 -2.87609
225 -2.84337
150 -1.63449
208 -0.688217
104 -5.13477
311 10.7199
225 2.62794
68 -6.45713
295 -0.580414
127 -3.94341
178 -0.286957
327 4.88455
96 -5.27006
182 1.22917
35 -9.69961
350 0.668243
186 1.14206
358 10.1138
62 -8.42639
15 -15.812
226 -2.57216
41 -11.0009
202 0.730042
288 0.160522
195 0.735245
161 -0.429764
348 13.1684
230 -1.14528
326 0.536224
185 0.121964
42 -10.7081
173 -0.753967
337 34.0582
258 -4.6687
337 33.9088
134 -2.11301
330 1.79446
190 -0.204239
337 3.94534
125 -2.02643
175 -0.714554
9 9.92764
185 -0.988083
308 -7.05322
176 -0.329758
80 -6.68333
132 -14.5158
105 -6.42849
334 3.7742
320 11.9843
345 0.391754
349 14.1247
357 26.4561
187 -1.00804
76 -6.83018
195 0.599548
183 -0.606766
241 5.17834
241 5.17812
367 -4.07736
357 18.4459
170 -0.249802
279 -0.772064
349 14.1193
168 -0.77742
313 -12.6558
73 -6.1066
91 -5.15939
153 -0.255264
306 -3.82693
221 -2.88107
364 -1.58054
148 -1.98094
153 -0.851166
256 -5.03098
326 0.374054
194 -2.47517
364 8.67932
142 -1.54271
266 10.0292
326 0.370697
191 0.623886
276 -0.794281
357 9.4646
189 -0.909866
57 -9.641
295 -0.594147
361 17.9889
327 -9.12036
225 2.62717
259 0.862701
39 -10.9035
187 -1.00797
105 -5.14213
295 -0.585632
364 19.03
217 -1.12833
2 -4.67313
334 18.0408
283 1.64365
184 0.469025
308 10.7437
231 3.20442
57 -9.71861
192 1.6371
167 -0.45314
32 -10.7285
147 -1.55547
357 18.6355
153 -0.255112
341 1.68945
187 -1.0072
34 -9.57653
153 -3.54842
371 -0.107178
259 0.796021
213 1.38637
174 -0.884109
188 -0.757385
295 -2.09454
248 -3.58809
241 5.17796
364 8.67035
357 9.67584
105 -4.8203
167 -0.542786
62 -11.1074
340 5.15521
161 -0.359222
185 1.45055
185 0.657425
225 2.63417
214 1.67584
113 -4.70337
93 -7.03343
193 -1.49803
45 -12.1698
136 16.1243
63 -11.8323
202 -0.612854
262 4.28992
168 -0.328369
327 0.310333
45 -12.1811
109 -3.17613
189 -0.912659
346 21.4766
7 -29.9148
306 -13.1216
184 -0.600845
187 -0.867355
208 -0.688278
327 0.309143
46 -13.0371
184 0.903076
180 -0.720169
350 8.99432
318 -7.58743
160 -5.54596
320 11.8299
133 -1.89059
145 -1.45802
92 -3.41724
121 -13.5058
283 1.63681
280 6.89499
354 4.83685
176 -0.643799
136 -2.10109
295 -0.582184
138 -1.84036
248 -3.58823
159 -2.37457
225 -10.2023
9 -10.1934
179 -0.938034
85 -6.25327
329 11.9482
234 3.83685
310 11.1332
189 -0.76535
299 9.1275
314 18.1395
357 5.51321
295 -0.593384
223 -0.920593
200 0.616516
49 -10.4618
170 0.255035
338 2.09604
101 -4.72895
30 -18.4167
326 0.370636
195 1.68791
365 19.4195
146 -2.25681
11 -11.2811
339 17.476
167 -0.64325
106 -2.28841
282 1.66437
123 -2.44831
150 -1.62004
283 1.65097
35 -9.69606
122 -2.74966
349 14.1373
209 0.867645
103 -4.1892
260 -5.05281
146 18.4599
99 -5.85888
339 0.75119
103 -3.58122
74 -6.49847
196 1.71082
182 1.21074
223 -0.920364
241 5.17603
280 6.89584
187 -0.465912
346 21.4702
280 6.89459
256 7.08786
344 1.87317
360 2.65369
248 -3.58786
332 2.20065
363 29.0623
264 4.08466
60 -9.72654
204 3.4304
314 -12.7188
63 -10.861
90 -5.5407
364 -1.39163
187 -0.38678
174 -0.69133
135 -2.00288
327 0.312958
168 -0.776276
307 12.3055
365 -1.29373
211 0.954971
47 -11.4547
170 -0.236832
9 -10.69
333 3.28613
153 -0.850708
241 -2.39029
234 -2.74301
128 -2.52023
151 -3.59387
368 14.953
167 -0.6436
164 -1.78404
18 -11.2145
211 0.993469
290 -0.0959167
179 -0.98114
263 4.01257
101 -4.40806
322 -0.23465
333 21.6807
276 -0.516052
349 4.83472
208 0.657318
312 9.04297
121 -13.517
114 -5.18819
211 0.566635
363 2.82596
333 3.285
360 5.61734
12 -14.8349
350 8.98593
372 -0.611938
146 -2.17061
364 -1.41467
30 -17.7076
325 -8.40231
9 -10.9497
319 -8.98291
345 4.37033
366 13.9833
347 11.87
320 11.7304
198 1.53867
326 0.88736
185 -0.534592
217 1.61278
194 0.66452
261 4.41995
263 0.242249
275 -0.162872
340 5.06873
48 -10.1554
121 -13.5209
172 -0.741745
199 0.298874
193 -0.176956
17 -13.8255
130 -2.38365
340 5.1601
283 1.65131
152 -1.02263
185 1.45139
314 -0.257507
203 1.2321
28 -14.0023
339 0.529297
74 -6.27602
281 -0.31955
105 -2.11288
240 -4.27112
108 17.897
350 8.98999
365 9.55392
276 -0.791748
223 2.18196
214 1.69359
295 5.76474
341 24.8536
170 0.255051
313 10.2806
8 12.1268
188 -0.757156
322 0.191101
371 13.936
11 -10.863
360 -0.153992
199 0.61261
232 3.47102
368 2.68875
344 -0.118164
248 5.95892
49 -18.1299
340 5.16162
315 -0.920197
161 -1.99309
167 -0.85025
143 -2.24831
182 0.414642
180 0.779541
76 -6.82976
364 2.85251
186 0.124802
185 -0.536041
248 5.07042
114 -4.58077
53 -7.72409
212 1.04625
218 1.84991
111 -3.25481
343 0.817139
174 -0.833405
350 8.98166
152 -1.20854
256 6.15674
349 14.0539
339 1.19855
204 0.249695
295 -0.577515
333 17.5883
340 5.15982
189 -0.821014
120 -3.35455
120 0.723335
15 -15.8131
169 0.246902
178 0.459274
117 -2.90197
168 -0.776154
160 -1.09729
161 -0.511322
170 -0.236374
52 -16.8489
34 -9.25415
361 16.7988
194 0.649734
6 -13.4191
136 16.1266
328 11.8187
327 4.87039
232 3.33749
268 6.46375
259 -4.11702
182 -0.369614
339 0.747833
371 2.03024
4 -26.4321
117 -3.95228
142 -1.53583
185 0.0998993
91 -17.8375
340 5.15866
340 5.16129
348 -1.61304
304 -10.9094
202 -0.614655
318 -8.20456
102 -9.67535
263 4.00809
182 -0.712692
182 -0.367996
365 -0.520172
192 0.662643
63 -14.336
139 -2.18314
201 -0.614792
317 10.6405
350 9.19922
258 -4.06425
81 -8.34732
351 34.849
338 0.028717
280 6.89944
15 -14.9258
266 3.36594
179 0.225525
288 -0.383789
63 -11.8319
319 -7.68631
354 13.6074
203 0.795059
121 -13.5245
198 1.12109
364 8.67334
6 -13.4313
280 6.89603
359 5.38223
320 1.58447
28 -10.5294
340 0.530609
182 -0.316345
6 -13.4867
297 1.74945
252 5.68771
334 2.79169
295 -0.59079
117 -3.70969
117 -2.9016
199 0.671463
360 5.68146
209 0.669373
37 -9.07961
118 0.872833
187 -1.0078
161 -1.9937
269 10.4581
286 -0.435181
4 -10.5628
345 0.682404
350 9.0209
327 20.2615
112 -4.67644
308 11.632
131 -2.40749
331 0.579712
355 9.47058
187 -0.885574
151 -1.16818
360 5.60901
137 -1.66919
173 -0.820984
9 -11.1157
326 5.13849
315 -31.293
167 -0.453552
152 -3.97374
211 1.00613
50 -16.6921
340 5.15979
117 -8.90675
313 -12.3758
360 5.61365
302 12.3377
55 -8.73524
248 5.73059
369 18.5315
295 5.55817
328 5.19879
39 -9.02408
153 -0.85112
131 -12.2032
264 0.23819
96 -15.2132
133 -2.29819
254 -4.43996
187 -1.00682
364 2.80145
345 4.39774
312 -1.86404
364 2.86362
327 4.99631
198 1.11986
234 3.83659
174 -0.673721
185 0.0999146
359 4.26428
254 -4.43971
364 -1.36685
321 12.7425
363 10.7621
315 9.78616
185 -0.81076
46 -9.63354
231 3.40863
305 10.3674
265 5.84332
347 4.95132
262 4.19363
173 -0.439804
209 1.23349
299 9.28903
110 -2.25655
348 5.7417
350 8.9935
133 -2.39792
361 -0.238739
115 -4.27068
30 -17.7053
334 2.80472
108 -5.27254
337 5.159
38 -10.4762
251 6.38527
21 -13.7138
328 16.6412
168 -0.775925
338 1.24686
355 8.98526
40 -11.9059
242 5.47676
210 1.06693
9 -11.5266
169 0.250305
240 -4.27126
8 -28.3506
95 -17.2469
327 4.89838
309 -8.00882
202 0.730438
367 -4.08463
359 5.3118
184 1.06581
350 9.35153
326 5.13586
334 30.5549
182 -0.772949
241 5.17828
166 -12.2903
251 6.32874
277 -0.777893
185 -0.810776
364 8.67545
45 -12.1815
60 -15.4762
80 -10.2437
112 -16.9629
190 -0.161865
35 -9.69797
361 -0.245087
277 -0.559052
359 5.38269
209 -2.98935
56 -8.77126
327 4.99335
279 12.334
249 5.13968
5 -11.7965
154 -0.97757
131 -13.1993
183 1.29619
310 -7.32129
186 -0.351746
46 -9.06349
295 -0.591339
169 0.258804
364 -1.44971
305 10.4722
362 27.3788
53 -7.08581
182 1.21761
187 -1.00652
205 -0.669479
113 -3.63899
283 1.65012
340 27.3646
110 -6.60368
33 -12.7099
126 -2.69658
94 -5.28995
106 -2.09183
257 8.30499
111 -3.18916
187 -0.879272
62 -7.32612
121 -13.5224
360 5.61487
315 9.64294
151 -1.95772
355 -0.926636
182 1.21422
327 0.365601
321 -1.97693
310 9.67578
111 -3.02744
175 -0.939331
338 2.06177
131 -1.82211
187 -1.008
137 -1.6595
62 -14.5786
357 5.5105
295 -0.578522
234 1.90385
181 -0.416946
135 -1.88519
60 -9.71609
246 -1.323
251 6.3999
277 -0.796722
30 -17.7078
146 -2.41817
327 4.89774
328 6.04898
81 -8.48644
133 -2.14305
314 18.2416
321 12.7414
194 0.660599
273 -0.507874
362 4.16251
203 0.956879
289 9.64511
48 -9.95511
283 1.65054
346 21.4687
48 -9.84624
253 5.96185
260 4.49765
348 13.3478
246 -4.35382
170 -0.250092
105 -4.38613
258 -4.03517
315 -2.13748
358 10.0331
209 1.46216
264 0.0651245
282 6.55533
343 19.5592
167 -0.54277
133 -2.08246
211 0.956604
270 5.02826
357 9.63901
320 11.6499
150 -1.36812
121 3.43733
200 0.616821
187 -0.845413
236 3.61052
260 4.70468
218 1.62901
168 -0.778046
172 -0.742111
325 12.2729
122 -6.04745
295 -0.584717
223 -4.64513
251 6.39955
280 6.89612
349 14.0879
185 -0.988068
223 -2.78571
87 -9.39428
253 4.09776
219 1.63611
295 -0.594238
280 6.41589
318 -8.13525
319 11.5305
250 5.73308
308 9.76526
87 -5.58348
90 -5.54242
116 0.752968
230 -2.44876
364 2.98114
48 -11.3968
74 -16.3838
114 -2.99899
202 0.730804
344 0.0150757
355 -3.8718
185 0.110397
116 -3.84114
326 1.38416
112 -4.27241
193 -0.0959625
169 0.271805
59 -18.1212
276 2.68823
102 -17.7658
318 -8.19189
127 -5.21689
357 9.43262
205 0.554459
151 -1.89905
42 -12.22
35 -11.6884
108 -2.29291
4 -26.0447
277 -0.791443
259 0.807587
261 -0.693359
168 -1.77289
66 -6.89053
60 -9.70484
320 0.557129
152 -3.20735
346 1.72333
231 -4.2077
115 -3.51799
293 -0.698059
346 7.86792
8 12.1284
340 27.8939
358 22.9936
164 -0.508087
46 -9.0647
106 -2.8021
16 -17.4245
190 1.22798
329 -0.524261
318 -8.13611
257 -4.79556
63 -8.81002
223 -3.80707
185 1.45102
280 6.89371
344 1.7941
81 -8.07541
361 -0.228882
211 0.956467
227 2.17526
288 -6.24527
243 -1.07474
295 -0.58493
169 0.273087
178 -0.843124
215 1.0307
134 -2.1282
224 2.41724
89 -5.43386
260 0.5784
69 -12.8806
280 6.89233
185 0.504349
77 -11.1399
332 8.75961
346 21.4696
47 -9.65477
212 -1.6602
364 -1.45615
171 -0.311478
367 -4.07751
356 7.7547
264 3.76105
211 0.536926
312 9.51416
360 5.61459
291 0.399017
364 -1.39554
327 4.90039
219 1.63989
366 1.78305
45 -12.1635
219 1.63655
130 -2.46626
141 -1.53116
351 -0.539001
198 -2.4592
219 2.15483
96 -6.53158
133 -2.13858
141 -1.71506
321 12.7415
351 9.54303
179 0.547287
264 3.94067
367 3.16031
259 7.75314
167 -0.84996
357 9.60681
4 -9.72443
223 -0.922546
170 -0.249817
98 -4.90775
337 34.0752
179 0.323624
37 -8.60541
361 -1.03558
191 -0.173416
170 -0.249817
111 -4.72083
283 1.65225
206 0.614929
337 33.92
300 11.3872
166 -0.484909
339 7.8808
306 7.9205
288 -6.24078
292 -1.42487
219 -1.18034
352 11.0037
124 -2.24767
338 11.1312
61 -9.18118
367 -0.858002
280 6.89987
276 -0.808136
259 6.5502
297 7.05923
194 1.64598
331 -0.460236
27 -24.899
271 -1.58398
241 5.17609
208 1.19832
234 3.48354
229 -3.58249
28 -14.5735
280 6.48721
256 -5.03032
236 4.21909
292 -1.3739
230 3.2981
357 9.47253
259 -4.7917
326 5.13794
204 0.249878
211 1.01756
359 5.41681
209 1.23195
311 -7.53778
72 -15.0578
312 -1.22244
136 -1.85696
332 2.23489
350 9.21622
287 15.316
170 -0.381531
336 1.5589
141 -1.52699
149 -2.11075
367 6.59772
159 -1.93834
348 13.1749
320 1.32898
274 1.21411
211 0.539536
171 -0.981461
321 12.7443
358 0.985352
330 3.03427
364 -1.42078
194 0.634506
362 -0.264862
202 -1.78476
290 -0.110535
197 -0.211182
272 0.667572
225 -2.88078
357 5.51276
333 3.28854
321 12.7454
295 0.087738
259 0.440155
279 12.3346
346 2.51062
134 -2.58722
344 0.763062
348 13.3454
162 -0.56044
350 12.4303
352 -1.57135
287 15.3173
167 -0.02948
328 0.0228577
348 0.785461
275 0.460754
150 -0.0270996
17 -6.48115
70 -9.63087
231 3.41539
145 -2.49364
321 0.136169
204 -0.544083
141 -1.61015
288 -6.23965
260 0.476105
357 2.69608
325 0.665466
352 -0.490845
204 -0.191895
357 6.69495
165 -7.47412
204 -0.219955
234 3.83826
39 -18.2795
228 4.49022
128 -2.85934
229 -3.58418
288 -6.9856
131 -7.44545
351 -0.538513
54 -7.14105
350 8.99387
96 -5.96668
206 0.614456
341 0.852875
83 -3.98483
62 -15.0388
147 -1.17847
292 -1.4136
225 -10.3037
304 -1.68259
352 10.9212
349 10.8689
357 3.44049
358 10.1673
371 10.3724
346 6.33282
299 10.2156
190 -0.15593
350 12.4412
189 0.97998
94 -15.6484
251 3.23799
194 0.643784
369 -2.37558
254 5.9671
234 2.54417
177 -0.93988
315 -29.9998
254 6.86591
254 6.2099
166 -0.44342
165 -0.454346
198 1.12074
301 6.74225
329 0.353271
312 -1.30658
343 4.6329
361 -0.124817
181 0.412369
8 -27.2634
289 -0.0783081
246 5.9366
230 3.30746
347 8.32816
365 -3.36792
208 1.29066
298 14.3999
273 0.789581
116 -3.84116
6 -13.1849
313 -1.86877
347 0.820282
28 -9.52707
234 3.83827
169 0.241669
352 11.6709
365 -0.519836
365 0.911224
155 -0.996445
178 0.55542
333 24.7171
187 -0.901978
320 0.0471802
349 13.9808
341 0.846802
279 12.3339
280 6.89758
333 3.28665
138 -1.4967
365 24.2686
350 8.98474
15 -11.5577
167 -0.542664
152 -0.852859
330 -0.490051
196 1.711
35 -10.0752
318 -8.13782
235 1.09598
339 26.3302
338 2.29309
68 -13.4299
364 3.03741
219 1.55125
293 -7.3768
321 12.7425
262 -1.04987
187 0.521286
277 -0.79837
18 -3.54576
310 11.1888
184 -1.38477
320 11.7244
132 -2.62648
111 -5.38224
206 0.614319
248 5.10376
185 1.43237
367 30.0728
336 33.8984
327 4.89969
251 3.23958
219 1.66663
188 0.922333
103 -1.80298
179 -0.320236
255 5.34277
296 6.89728
206 -0.0962372
225 -2.83932
148 -1.68559
372 15.0944
361 -0.649872
298 9.27542
182 1.21571
125 -3.13948
107 -4.29514
224 1.95735
353 1.79556
331 2.87656
256 6.23499
245 -4.64163
369 6.37085
364 31.2559
297 15.1573
364 8.6705
174 -0.705307
63 -7.15407
192 0.662399
259 0.795044
366 27.9041
60 -9.17273
328 0.605927
297 7.05478
357 -1.15176
211 0.571976
195 1.6868
329 9.84299
368 5.67288
134 -2.19211
212 1.64268
208 0.666992
251 6.3855
350 12.438
328 12.3439
319 11.339
260 -5.04224
188 -0.971848
238 2.72098
242 -4.00829
198 1.11975
241 5.17618
232 3.52338
359 4.31473
29 -10.9753
316 -2.13672
161 -0.660583
259 0.804535
8 12.1305
193 -0.20343
359 6.2225
204 0.249893
142 -1.543
363 0.312653
135 -1.89551
96 -6.60159
308 -7.05334
256 2.94
167 -0.891037
206 -0.0910797
46 -7.1377
320 0.738129
333 3.28653
28 -14.5703
162 -0.576797
268 0.235229
184 -0.599304
205 1.06325
215 1.28452
151 -3.05739
251 3.18726
312 9.04483
345 23.878
182 -0.415344
169 0.260849
234 3.83859
196 0.798569
331 7.23813
330 12.7297
352 7.54941
155 -0.863647
352 -0.441498
371 -12.4675
254 -4.44008
268 9.62851
57 -12.3679
186 -0.608124
209 1.23376
55 -11.4935
43 -11.4083
111 -4.71279
344 -0.153107
358 0.983612
278 0.0447388
165 -0.660645
365 14.969
151 -1.33421
171 -0.314087
317 -0.584473
370 19.9721
8 11.409
187 -0.314941
94 -3.41173
367 -4.08191
282 4.22562
125 -2.39394
260 0.476166
357 0.27713
135 -1.75928
133 -2.14291
119 -2.24068
218 1.96915
364 -0.968994
266 -0.300751
361 -0.171082
346 21.5105
215 1.28459
345 -0.138367
48 -7.02456
349 4.03387
291 -0.956329
351 9.51224
227 -0.550049
277 0.16626
360 3.91586
270 1.2612
337 33.9111
279 -0.55722
117 -2.90196
350 32.6318
234 3.83817
319 -7.33133
147 -2.39008
164 -0.508118
251 3.23792
195 0.0445557
369 14.4871
352 10.9318
333 17.1407
186 0.179016
335 -0.211334
154 -0.856644
130 -2.77483
67 -6.92041
359 9.39929
258 -4.66916
197 0.210251
362 10.2466
262 -5.22919
368 -13.2606
140 -1.73087
206 0.614944
132 -1.85103
174 -0.678055
137 -2.3327
368 1.11942
87 -5.7233
357 9.68784
368 0.387604
317 0.527649
113 -4.71395
189 -0.821625
360 1.22238
150 -1.35472
189 0.979767
246 6.04683
178 0.525513
257 8.22556
251 3.18732
273 5.75476
343 -0.158722
280 6.89447
293 -0.766907
178 0.587814
193 0.634644
248 5.53818
184 -1.56062
343 24.178
170 -0.255234
345 7.09772
293 -0.839142
350 8.9848
296 7.04562
265 -0.293976
366 1.62741
163 -1.14993
170 1.30301
252 5.71442
350 7.8923
134 -2.42012
143 -2.07886
242 5.42761
314 -21.349
99 0.72094
189 0.0605011
333 -0.388702
123 -2.63882
260 4.70233
45 -12.1818
280 6.41498
275 0.492981
215 1.28458
356 1.64456
235 3.61858
288 -1.0184
260 4.66464
63 -11.8322
317 0.528503
361 5.88995
361 5.84552
198 -0.183243
339 0.444031
171 -1.92699
348 1.77658
231 1.86984
181 -0.383057
358 20.3915
309 10.8251
331 7.15286
361 -0.47287
17 -13.8273
362 0.729431
55 -7.3087
46 -17.0826
142 -1.48999
367 28.8427
258 6.40897
211 0.569305
268 10.2341
35 -11.2113
256 -5.03036
172 -0.742325
133 -2.68298
337 4.86942
280 6.88657
339 0.602905
88 -6.42722
345 -0.156219
193 -4.18756
204 -2.26642
368 5.67123
106 -4.69012
140 -2.02843
166 -0.293182
337 1.48694
244 5.50952
69 -9.1707
228 -2.52177
360 2.64481
200 0.353012
364 -1.43607
133 -2.38589
337 34.0099
348 0.813599
365 -2.46411
317 0.526215
234 2.8176
298 -6.66144
366 1.62512
166 -0.746384
48 -10.5198
134 -3.32797
328 2.38245
115 -4.13245
146 -1.51537
246 -3.93285
364 4.23163
280 6.89313
50 -10.6467
184 0.736603
319 9.37805
172 -1.02147
139 -1.73956
283 1.65146
198 -2.57571
315 9.38593
260 -0.287903
197 0.998047
210 2.35037
242 5.21446
367 14.8
315 10.2741
328 1.15933
141 -2.66565
364 8.67914
281 13.4001
131 -1.95786
368 5.67252
280 12.7307
287 15.3283
298 15.7444
169 -0.372009
353 17.6243
370 14.7268
199 0.299484
58 -9.64705
322 3.05884
296 6.89664
359 9.82831
167 -0.543167
347 7.00305
372 3.16611
327 4.8924
300 10.3419
197 0.633423
136 -1.62863
372 12.6698
319 -1.01807
168 -0.379349
277 -0.79834
318 -8.6991
179 0.338394
92 -4.96581
168 -0.778976
240 5.29247
161 -0.253677
162 -0.664536
355 12.2162
372 5.34735
296 0.637665
217 -1.35547
320 11.673
34 -9.26268
335 -0.0600891
333 3.07935
95 -3.54143
263 -0.630432
320 11.7088
331 -1.31717
346 0.365265
318 9.54407
133 -2.38484
359 5.29648
31 -12.7682
142 -1.91579
185 0.121414
366 4.06738
195 -0.231674
371 7.25418
200 1.02335
358 0.983063
251 5.81055
102 -4.93509
163 -0.176773
361 -0.266876
291 -0.955719
161 -0.421967
30 -10.8009
299 10.193
365 19.3679
153 -0.850708
321 12.7403
327 0.308685
295 -1.25391
225 -2.84378
317 0.540985
111 -4.31705
334 3.75464
151 -1.95772
236 -2.33791
350 12.452
357 5.5116
218 -3.07152
246 4.70631
332 9.5542
322 3.05435
337 33.9105
190 -0.263336
182 0.658142
350 13.9811
229 3.22043
206 1.83034
60 -9.7281
326 5.13834
165 1.42421
229 3.26746
251 6.32874
364 31.1932
167 -0.505707
314 -30.9339
367 28.8508
333 3.28818
332 1.4108
333 -0.313354
180 1.22458
96 -6.55782
185 0.0997772
165 -0.369263
288 -0.818604
207 -2.02364
361 -0.226196
185 1.12785
363 10.7
345 0.679504
361 -1.61166
209 1.32616
363 1.33487
161 -0.253662
194 0.665863
366 2.84277
360 -0.734467
372 -1.07996
282 1.66998
364 8.66214
20 -14.4359
218 1.73511
345 3.47705
307 -8.09259
279 12.3337
62 -7.30413
166 -0.37883
365 -3.54248
326 4.65201
345 4.36612
305 -0.939117
8 12.1263
137 -1.71616
352 27.6631
293 -0.662689
317 0.526215
128 -2.60515
90 -17.0554
261 -0.678986
135 -1.83945
338 2.28928
211 -2.86751
114 -4.26468
280 12.9296
212 1.63943
168 -3.62173
279 12.3332
196 1.71083
201 0.658417
365 -2.47775
331 -1.32349
174 0.10495
353 1.47412
153 -0.851028
190 -0.263382
235 3.03596
179 0.0918579
350 9.23459
183 -0.663727
168 -0.3284
229 -3.58372
227 2.52208
326 4.65518
200 0.489227
371 4.47913
322 3.05725
314 10.4681
298 9.31717
357 5.38385
248 7.07915
170 -0.249924
117 -8.99051
283 1.63461
314 10.9218
5 -14.1308
172 0.57988
365 18.2863
357 6.65637
147 -0.0471954
338 2.30655
204 0.253555
160 -1.09845
352 10.9296
129 -2.34927
253 -0.901566
63 -7.52603
194 -2.33305
210 0.771164
338 6.63531
10 -54.9894
359 9.77563
234 3.4846
133 -2.36147
196 -1.33713
96 -5.04902
268 9.6286
347 0.683594
353 6.47238
325 -0.208862
164 -0.449127
343 1.19681
234 3.83769
320 -2.46878
321 12.7423
320 -18.1457
355 0.406128
346 11.4302
145 -1.6537
118 -2.24078
130 -2.09579
174 -1.78026
323 -8.05756
50 -11.1263
163 -0.416428
348 -0.0827026
335 6.84531
320 11.3557
117 -3.95252
300 10.2003
18 -8.61072
76 -6.87742
302 7.77921
165 -0.608673
363 10.5424
138 -1.88225
191 -0.207352
127 -2.32971
351 7.67249
237 3.54901
282 -3.66647
280 6.89255
373 -3.67252
167 -0.328003
155 -1.27168
339 7.2713
103 -4.69151
153 -3.33679
119 -4.26746
302 2.92548
185 -0.810989
142 -1.54457
219 1.65761
335 7.98672
339 0.745453
255 6.8537
231 2.71642
47 -11.4281
170 -0.249603
361 -0.23465
185 1.45293
136 -1.74551
170 -0.236938
189 -0.821655
359 9.84549
211 -2.86743
310 -2.55597
276 0.192596
192 -1.22139
359 9.84293
165 -0.0845795
271 -4.83582
338 -0.327332
211 0.936096
372 0.0324707
189 0.0606537
202 0.72934
206 0.52095
352 8.35208
256 -5.03033
365 -2.41727
259 0.805023
145 -1.384
372 5.86578
223 -0.923538
371 -0.358368
202 -0.333954
341 5.0712
342 0.768768
208 1.29034
368 5.67169
268 9.62659
346 1.30115
329 -0.522156
259 0.799164
282 1.66653
192 -1.01364
325 1.93613
346 21.4881
136 -2.10114
358 10.1227
178 0.0344543
343 -11.2806
182 1.22046
116 -3.84145
329 4.69101
141 -1.58452
239 4.099
142 -1.6274
348 -1.61139
321 0.114777
256 1.60376
206 0.614487
259 6.55042
178 0.459259
93 -6.2404
157 -0.0719299
182 0.420303
232 1.80136
174 0.0166931
183 0.150162
357 9.42993
367 28.3318
318 9.57263
302 12.3322
372 0.649139
358 0.710632
188 0.192719
253 -0.900787
204 0.249756
346 0.432404
362 11.3971
357 5.39331
346 7.86761
116 -3.33198
337 0.0174255
102 -5.18401
308 -7.05347
304 -1.54202
27 -24.8939
181 -0.272095
191 -0.136673
357 5.37692
161 -0.521072
270 -5.38129
258 -4.66913
360 2.6488
170 -0.23674
349 1.73267
341 -8.21487
340 -0.55658
354 4.83401
212 -1.65836
185 0.193741
216 1.47665
165 1.09259
280 6.41531
236 3.61133
119 -2.55828
155 -0.215591
361 -0.623779
229 -2.45642
329 0.934113
255 -4.60278
349 4.01242
221 1.95082
361 0.119873
360 5.61469
230 3.4247
331 -1.31317
256 8.77139
323 -0.524384
313 13.9313
234 1.71196
351 8.05862
189 0.0611725
338 2.11417
348 2.06555
299 9.9769
299 9.12091
237 2.06697
170 -0.236618
247 -4.65698
295 -2.8978
166 -0.454697
360 -0.0566711
350 13.9909
295 -0.58371
302 12.3888
314 18.1393
350 9.16388
361 -0.144897
344 4.33405
193 0.594421
155 -0.866211
136 -1.6124
133 -2.36589
181 -1.92337
215 1.32939
5 -11.1534
297 6.35269
33 -12.1078
8 12.1223
207 -0.696884
166 -0.735336
106 -14.197
116 -3.84108
234 3.3024
164 -0.999954
331 -1.3165
367 15.1767
49 -10.05
198 -2.35236
361 16.9097
369 -2.33994
344 1.54092
190 1.22879
150 -2.09486
338 2.2355
117 -3.9528
204 0.249969
270 7.05374
200 1.09923
346 -1.59109
7 -10.8415
249 4.32039
337 34.3668
288 -6.49817
297 -0.522675
321 10.9925
326 4.65439
287 15.2892
329 -0.0415344
246 6.09776
344 5.7702
323 -0.896545
342 1.84363
361 -0.806976
135 -1.9686
345 0.285461
226 2.35469
179 -0.880875
216 4.88676
183 -0.276611
207 1.30858
194 1.7533
311 10.8315
235 3.46141
351 1.52762
299 1.38889
146 -1.23338
204 0.250046
231 2.5127
339 0.745575
12 -11.3717
360 5.61514
168 0.176392
301 -1.5495
188 -0.579346
174 0.814194
331 -1.31296
362 10.2563
188 0.547211
95 -6.78534
359 1.52603
235 3.0361
240 4.30724
190 -0.136963
270 0.716705
120 -2.23084
340 5.15842
345 1.98169
350 8.92422
234 3.83655
184 -1.6118
331 -1.32736
270 1.38324
340 5.15918
358 0.699188
27 -24.8928
279 3.73511
5 -16.3036
291 -3.07153
360 -11.8656
331 7.37894
30 -17.7045
287 7.93155
106 -2.51241
167 -0.843216
204 0.249893
130 -3.38493
192 0.393417
359 9.84561
290 0.597321
236 3.84338
183 -0.391541
350 0.731018
238 4.35518
132 -1.8763
351 0.971619
283 1.63385
168 -0.776077
232 3.01689
350 9.14572
353 8.41879
180 -0.597092
290 -6.67932
256 8.66461
249 5.13499
218 1.90817
295 -0.0278625
194 1.65642
204 0.249496
361 -0.239502
334 18.1422
166 0.0123596
32 -10.7329
180 -0.45192
351 1.25528
366 3.80905
216 1.80209
150 -1.63536
219 1.66454
347 0.867065
76 -6.82976
161 -0.524994
219 1.73137
351 -0.539215
271 -2.01294
149 -1.40169
314 9.13373
193 -0.490555
330 3.04477
27 -24.8951
336 -0.490967
182 1.21463
34 -9.52051
302 12.3432
208 0.507477
259 -4.17613
331 -0.358215
183 1.0303
197 0.226822
210 2.28658
348 -0.267792
364 -3.93964
351 -0.531525
160 -1.09741
175 0.410355
366 0.797913
184 -0.305893
164 -0.615738
330 3.58752
344 12.7086
276 -0.820557
4 -23.9662
245 3.73123
255 6.85474
297 -0.793854
364 -1.37469
358 0.982422
365 1.37326
313 -1.21329
288 -6.98541
349 4.04138
134 -2.41911
369 18.6453
348 0.626556
283 1.6355
118 -3.98264
193 0.459442
188 -0.263397
333 3.28577
169 -0.541138
351 0.0341797
195 1.68733
226 2.40303
30 -17.7091
274 -5.04071
295 5.7634
10 -27.1013
347 1.08795
130 -2.61006
291 -3.41373
359 9.81522
38 -12.5634
354 4.86676
331 -0.183319
364 -1.89865
351 11.6452
198 2.41548
366 1.62622
350 8.99319
196 -0.842728
170 0.25473
371 0.365784
224 2.31801
48 -7.26854
153 -0.850372
290 0.593597
358 6.63
338 2.11716
37 -8.61538
167 -0.373352
218 1.81694
171 0.208481
364 2.85495
134 -1.59439
259 0.79422
367 8.29431
121 -13.5113
371 0.580536
343 6.78107
364 8.67307
345 4.37033
330 -8.00974
134 -3.38045
310 0.0279541
5 -14.3027
132 -2.38629
224 2.19502
324 -0.0598755
200 0.897705
267 9.49237
127 -3.42226
166 -0.55687
346 21.5002
336 6.64774
327 -0.928314
322 3.05576
222 1.87997
91 -16.39
364 -3.46835
32 -10.7295
265 4.48206
205 1.09395
368 14.9531
168 -0.776245
158 -0.482605
371 8.57852
31 -12.6271
325 -0.200562
169 -0.540298
163 -0.583069
322 -0.476776
364 -3.43765
358 0.97998
200 1.6588
361 -0.238708
158 0.454773
346 6.67728
363 0.654419
76 -7.91074
165 -0.454712
351 9.50702
292 7.33447
334 3.02444
213 1.17395
248 5.63152
331 17.5747
316 5.89511
300 6.11795
349 0.551086
361 0.507721
251 -4.94092
322 -0.226135
352 -0.161499
256 8.72464
143 -1.64711
312 -0.562927
315 -0.537689
171 0.427124
313 6.95941
296 7.0246
242 5.4283
309 19.2758
331 -1.31439
235 3.03606
336 6.32556
171 1.05865
110 -4.35593
335 -6.9584
357 5.45877
369 -2.35175
117 -2.90169
326 -0.785797
161 -0.446014
272 -2.0264
260 8.11902
193 -0.176834
174 -0.923752
341 7.94156
348 13.1666
134 -2.14368
174 -1.10199
248 -5.05382
367 -0.511566
201 0.0485687
263 2.76248
358 0.790131
299 9.98431
189 0.0610657
190 -0.210083
308 8.49713
225 2.52139
181 0.618576
298 -3.17743
347 -1.67813
276 3.59219
347 4.91885
364 -1.41382
120 -3.32731
350 9.18463
292 12.3568
168 -1.07654
360 -0.0235596
264 -0.220154
167 -0.328323
208 1.2928
256 7.08804
197 1.89532
236 2.2343
204 0.249985
204 -0.151398
251 3.23802
372 3.49597
132 -2.05945
331 -1.31497
190 1.23376
347 1.09106
167 0.666672
330 -8.00977
255 -4.60042
166 -5.95518
299 10.2011
226 -2.57187
136 -0.555481
248 5.10162
148 1.32697
203 2.16058
293 7.5434
317 0.525024
236 3.61078
153 -1.52704
182 -0.247711
366 0.816132
271 -1.5817
238 2.35744
319 -0.650146
105 -18.0115
301 -1.55194
323 1.52719
320 6.45435
7 -53.0237
318 9.54471
324 1.19214
211 1.18077
352 10.999
339 0.754608
326 1.08121
255 4.18542
317 -1.3707
255 6.85455
315 9.64011
369 27.5192
370 2.47357
199 1.77425
129 -3.17332
182 0.393646
175 -0.981873
329 0.479767
296 -7.71375
264 3.11859
348 13.1815
246 4.17511
349 14.1379
164 -0.377304
285 0.45282
30 -9.42217
364 31.2329
145 -1.38097
208 2.16959
105 -4.68687
217 1.44237
254 7.10156
258 -4.66924
173 -0.210098
355 1.69836
215 1.48158
235 1.82742
168 -0.776001
357 3.70264
215 1.44324
368 18.5624
117 -2.9018
178 0.531418
345 4.36688
351 9.52423
285 6.35181
325 -1.81232
204 0.249695
203 -1.02037
364 -3.71786
366 -4.55768
319 -0.790222
199 0.327286
371 9.42648
348 -1.60623
175 0.0629425
369 1.72543
235 -1.32283
329 -0.523468
297 7.15015
356 -1.80081
360 6.48511
251 6.32896
232 -4.23459
198 1.69119
293 -3.16367
222 2.11314
204 0.249664
280 6.89233
180 -0.236176
216 2.93976
20 -14.4366
297 -1.10217
368 5.66968
297 7.06372
141 -2.69319
342 -0.0368042
169 0.24675
346 1.15259
182 -0.189346
328 3.53711
217 1.68886
190 -0.161865
360 5.61523
281 13.3994
300 10.1832
365 8.18591
154 -0.990936
164 -0.960434
302 -7.26752
337 33.923
185 -0.0314636
71 -10.0937
178 -0.362915
153 -0.850708
367 1.54846
153 -0.851059
292 -6.78268
280 6.8996
289 9.61502
143 -1.56607
16 -13.9359
272 0.807983
328 10.343
292 16.0721
57 -8.30728
331 -1.31476
322 -1.70297
318 -8.18591
192 0.662537
347 1.23999
277 -5.72342
328 5.43704
176 -0.90831
131 -2.19714
225 2.43652
265 9.00739
326 5.13904
175 -0.259659
138 -2.19049
296 6.93988
286 -3.95801
238 2.38586
156 -1.30104
164 -0.427032
171 0.643677
169 -1.02272
277 3.19543
229 1.24567
146 -1.38037
164 -0.507751
283 -6.85687
306 10.6865
372 -1.04022
234 -3.94008
352 -0.393494
225 -2.83937
252 6.43677
161 -0.773346
368 1.85071
351 10.3756
329 -0.521057
354 27.3113
204 0.624557
166 -0.334
6 -11.1945
347 0.714783
296 1.0097
282 9.33334
204 0.249496
235 3.88399
268 9.53589
117 -2.90164
360 -0.0169373
204 0.870544
346 0.50769
295 -0.579163
174 0.0301666
359 6.1431
295 -0.584747
258 0.304749
240 3.99028
128 -2.0619
137 -55.3925
263 -0.45163
166 0.30217
372 13.2939
363 2.01962
236 -4.09984
215 1.28918
33 -9.0415
238 4.41998
204 0.249771
277 4.02197
234 3.8385
287 -5.0271
281 12.233
256 6.31836
367 28.8587
221 2.28793
192 -1.45471
312 18.2673
234 -0.933289
322 -0.22583
174 -1.23495
214 1.15897
334 -1.24011
309 19.281
318 -0.499756
291 -0.961792
351 4.08914
289 6.39606
241 4.24933
364 5.97562
317 0.156494
288 -0.819061
293 -7.26273
187 -0.861618
337 3.08151
302 12.3405
177 -0.000335693
309 -1.49176
133 -1.93095
33 -13.7816
119 -3.71169
205 0.0931702
353 5.7179
230 -6.23917
161 -1.23991
369 -0.449005
346 7.86838
255 7.13989
307 0.439453
223 -0.922897
171 -0.360214
370 -1.4744
264 -0.110352
205 0.171906
353 26.5909
291 -0.950928
287 15.3175
210 1.4082
197 -0.818024
140 -1.53561
134 -2.71939
115 -3.47805
133 -2.3737
367 -0.0926819
221 1.96019
328 1.14474
364 31.2504
318 9.54645
338 58.0039
351 10.376
272 -2.85965
171 -0.593735
302 12.3401
222 4.06642
196 1.94179
194 0.557632
330 0.953033
91 -16.1082
95 -3.54191
138 -1.59528
62 -11.0406
347 7.76364
164 -1.00087
150 -1.56017
354 -0.110504
288 -6.98544
150 -1.97319
166 -0.368942
305 -0.51886
289 -0.0780945
174 -3.99174
327 0.310272
339 0.741669
163 -0.266312
204 0.868286
131 -1.8327
176 -0.910553
320 -7.48053
364 8.6665
171 0.0282898
319 9.38171
117 -3.95262
275 3.24597
326 4.66006
343 -0.354523
298 19.8465
161 -0.253525
366 1.7847
348 0.806305
280 -0.145325
280 3.59256
360 1.25726
202 0.685959
185 1.45146
235 3.03609
331 -1.3157
322 3.05573
324 -0.0758972
303 4.06149
351 10.3755
290 -3.0098
164 -0.379532
330 -8.00928
358 6.33325
345 -0.264191
198 1.12016
323 -1.64508
135 -1.99704
192 -0.812988
279 12.3332
282 5.67599
352 -0.217468
248 0.327103
234 3.83749
327 0.310822
185 -1.02107
368 -13.3709
193 0.404556
212 1.16542
235 3.03596
351 -0.527893
167 -1.06383
321 -0.728882
3 -17.0928
330 -0.484161
321 12.741
366 1.62875
295 -3.94229
190 -0.161758
169 0.692596
163 -0.715118
353 -0.01828
358 2.58621
39 -12.5445
254 -4.43991
243 -5.61087
310 7.6629
185 -0.535416
293 8.72601
363 2.4744
178 -0.287064
339 0.741699
309 -1.49539
145 -1.38069
145 -1.38141
198 1.12
116 -3.74688
136 -1.62668
319 -0.0992432
288 -0.820831
235 3.61852
295 12.341
333 1.84396
185 -0.535843
319 9.38116
323 -0.447845
225 3.29195
331 -1.31555
207 -2.42923
286 9.56668
173 0.909164
213 1.24768
213 1.04845
299 9.97333
348 0.392517
337 34.0852
256 7.08902
238 4.16692
360 -0.0227966
137 -2.12563
196 -0.19838
224 4.39053
251 6.32874
371 1.1629
369 14.954
184 -1.38301
323 -8.02951
309 19.2665
351 10.376
367 28.8568
39 -9.1936
164 -0.427551
220 2.03865
337 34.3062
40 -8.10214
10 -27.1052
178 -0.287048
349 14.1812
354 -0.198425
212 0.961853
367 1.37894
372 2.74417
152 -1.13248
343 0.872131
333 3.28577
292 -1.42386
159 -0.756104
297 7.06638
189 0.0611115
208 1.29015
334 2.79465
319 7.88147
175 0.532043
322 3.05701
296 -0.170135
224 2.00954
193 -0.204422
169 -0.471176
172 0.374023
196 1.71165
292 9.79321
178 0.459259
17 -13.8258
352 7.89371
267 9.49088
366 1.90997
115 -5.20451
344 0.695007
35 -9.70043
249 -0.765274
178 0.202469
366 1.92291
297 -7.70834
24 -19.3867
272 -2.71368
155 -0.866425
180 1.22447
339 0.533813
238 5.36058
301 -1.61081
326 0.296875
356 1.28888
236 3.61038
250 -5.02452
338 -0.231537
227 2.64127
343 7.87619
331 28.6099
192 0.662491
240 3.62738
339 0.637939
365 -0.29425
242 3.96175
243 4.27477
279 -1.43997
253 5.70612
168 -0.750626
341 0.84967
315 9.01581
360 10.2156
4 -27.5944
303 -7.18796
337 35.0322
181 0.552231
178 -0.287064
316 -0.637421
302 -0.0310364
243 4.55841
170 0.254852
174 -0.674835
16 -13.9359
371 4.37482
44 -12.1133
366 1.78244
315 -1.3334
358 -0.931549
364 -4.87286
327 -0.133392
228 2.44789
346 0.50116
271 -1.59949
228 4.60434
366 -3.7009
255 7.96094
105 -7.15331
256 -5.03065
334 3.16016
305 -1.69736
254 7.16589
290 -0.751007
365 -0.0500488
139 -1.83954
366 1.77719
161 -1.05292
256 7.08792
340 6.32523
90 -5.3575
29 -10.816
362 0.541107
288 -0.880524
343 -0.576172
197 -0.00382996
350 13.9673
316 10.237
153 -3.23717
361 -0.713623
339 0.681152
317 14.3795
328 1.1636
186 1.51532
134 -2.4193
267 0.0289001
348 0.912598
313 -0.905243
350 8.9942
215 1.63519
170 -0.236313
202 -0.32933
216 1.37831
196 -1.42676
312 -1.73569
161 -1.23795
299 -7.58041
255 6.25122
268 1.37137
293 -1.18518
190 0.586273
140 -1.69226
20 -14.4253
367 2.0936
363 11.9602
267 4.03134
344 1.86148
257 8.63538
298 -1.0715
146 -1.26111
248 5.10294
325 -0.169861
171 -0.775528
203 -1.02029
352 5.80325
161 -1.2395
341 -0.531342
251 3.23856
358 -0.0350952
362 0.728394
339 0.533569
177 -0.822815
134 -2.84698
355 -0.663269
304 -0.705078
261 -0.654907
312 5.40851
189 0.0609283
16 -13.937
352 11.0003
336 6.55789
178 -0.905472
177 -0.0306396
358 0.983704
306 9.0354
341 0.75827
317 -0.70459
170 0.904572
36 -12.0976
366 2.8526
259 0.797272
195 0.0184021
178 0.540024
266 -0.272919
216 1.75957
373 23.2004
145 -1.64934
205 0.846695
116 -2.87441
339 0.736938
282 -0.0235901
297 1.74881
323 3.08969
183 -0.255569
198 -0.12883
338 5.6319
184 -0.00405884
171 -0.37056
221 2.92178
325 -0.20636
134 -2.42035
171 -0.235672
164 -1.75835
154 -12.4029
168 -0.778564
140 -14.8508
370 26.5079
76 -6.83627
363 -1.30438
113 -3.77042
171 -0.677628
344 -0.273712
265 7.07574
66 -6.4325
246 4.45018
189 0.0611572
151 -1.9577
135 -29.5296
247 5.62927
158 -0.499985
348 -0.239777
341 -7.6058
144 -1.94604
290 0.594727
235 3.0361
290 0.595947
215 1.2901
364 -1.41074
289 -3.06351
283 5.54233
35 -10.5298
158 -3.23274
146 -1.88393
348 -3.44431
39 -8.8597
358 0.98349
144 -0.599655
343 -0.353943
235 3.03593
206 0.368362
164 -0.378326
211 -2.86772
152 -1.19516
296 9.05045
159 -0.816345
295 5.65616
20 -14.4344
342 7.7338
196 -3.95441
184 -0.25412
209 0.712769
248 -7.62173
360 5.61569
348 13.4126
255 -4.60036
331 -1.31274
315 -0.9021
267 9.48068
329 9.41214
242 3.96185
340 1.31842
2 -11.3058
169 -0.675842
281 13.2729
362 8.07422
350 9.15427
83 -9.12099
287 9.85443
327 -3.10254
367 11.4524
295 -2.7742
194 1.65553
223 2.02875
338 1.50574
32 -13.7288
367 30.1162
331 -1.34024
189 0.0605164
313 -1.67377
261 -0.713928
352 11.6869
350 0.261688
165 -0.456116
256 1.60638
121 -13.5059
322 1.61282
133 -2.33344
245 4.91434
194 -0.750702
351 1.21991
166 -0.422409
361 -1.33344
61 -5.3756
304 -1.54022
199 0.887085
249 5.67056
135 -1.62329
318 -0.446899
290 6.46219
169 0.157272
314 9.98682
201 0.49379
323 11.02
367 -4.11722
328 1.14044
120 -2.39824
155 -0.862854
359 5.38245
248 5.33746
341 -7.70984
335 17.8163
126 -3.47074
259 0.859772
314 10.4549
170 -1.92682
360 1.33124
281 9.19391
339 0.536469
348 0.833466
361 -0.146484
9 -9.96669
143 -0.146301
248 5.11508
206 0.771423
235 3.03603
212 1.25508
200 0.899048
130 -3.47561
328 1.15344
315 -0.0316162
171 -0.278824
203 -1.02036
256 -0.320694
267 1.55447
192 0.66127
341 0.836639
330 -0.487885
248 5.10364
97 -5.10256
243 4.10338
319 -0.626648
361 0.0606079
308 -7.05341
290 0.597168
181 0.88562
291 8.73773
208 -0.688278
203 0.996704
195 0.606964
235 2.52583
279 12.4708
354 31.1336
197 -2.41684
177 0.472031
324 -0.274445
225 -2.83989
236 3.85608
252 -0.846222
290 0.596863
153 -0.850586
142 -1.53679
223 2.23042
231 2.58929
317 0.624146
242 3.96207
179 -0.115372
164 -0.507278
182 -0.236343
356 11.3397
321 0.422913
299 -2.09756
154 -1.10701
235 2.25345
343 -0.230438
132 -2.09961
266 3.32162
215 1.29039
310 11.9596
126 -2.21568
249 4.72806
202 0.714905
369 9.81616
341 7.51773
346 0.314148
153 -3.54837
187 0.166092
315 1.92358
368 -13.2603
358 0.981476
187 0.966888
185 -0.8116
245 -5.29172
236 3.903
167 -0.542664
167 -0.328217
317 -0.818695
363 12.7968
319 5.43661
203 0.0158081
1 -10.034
361 0.073761
238 4.03569
253 -0.94548
238 4.06877
92 -10.2557
321 5.05313
326 4.6622
200 0.0923309
355 0.765991
293 -0.512177
264 3.75443
301 -1.56256
251 6.3286
258 0.476562
340 27.8874
371 0.243103
309 19.2616
331 -1.31396
296 0.598969
248 7.0826
371 12.5955
358 -0.169861
328 1.16125
369 0.40097
180 1.22495
130 -2.51284
192 -0.914948
313 -0.963135
234 -1.82092
324 -0.360413
246 -3.93291
342 46.8592
225 2.27065
47 -10.4175
283 1.64536
273 0.381287
351 -0.543213
263 3.04865
257 6.80795
258 0.844299
367 19.9393
339 3.27301
263 3.56122
264 3.91476
241 5.17677
297 15.0432
321 12.7406
147 -0.0466003
204 3.43451
363 18.2091
240 2.63689
260 0.162415
309 -1.50107
163 -0.416534
230 3.41374
365 4.16415
339 -0.577972
327 0.311279
280 6.48032
168 -0.919296
241 5.17827
263 5.6553
236 -2.39142
348 -1.2962
251 3.23676
201 -0.142365
285 6.66666
248 5.10211
228 -2.21719
372 -1.14789
174 0.0527496
283 1.03946
329 5.89648
338 2.29486
204 0.532532
295 -0.583374
203 2.16066
356 15.313
318 -0.504822
176 -1.59685
357 3.38043
1 -23.0187
289 -1.84744
300 -0.236115
366 8.47702
345 0.70285
166 -0.369141
168 -0.422821
300 -1.66425
274 8.77975
280 6.89362
102 -15.1169
339 1.33472
352 11.6821
161 -0.492783
297 7.06979
221 2.92953
256 7.83453
369 -2.55045
306 0.155243
371 0.933044
223 2.03552
225 2.07765
338 1.37506
320 -0.463379
334 3.77509
280 6.48132
207 -0.642151
359 5.42209
249 4.07024
315 -0.649933
150 -1.20969
295 -6.73239
15 -14.117
94 -5.26716
255 0.0621643
165 0.594208
317 3.27563
144 -1.3284
351 -0.53476
257 6.59497
276 8.64166
317 0.526123
181 -0.0874634
1 -10.9414
339 0.53421
316 0.524597
342 5.79013
179 -0.822174
258 0.396881
327 9.31671
293 -4.19855
322 -0.720428
259 0.80661
285 1.73444
344 2.02527
312 -1.2525
361 23.1273
330 0.647064
146 -1.48257
362 0.135925
291 17.5494
369 0.631775
269 0.1633
339 0.539856
259 0.414062
177 0.378799
164 -0.384354
171 -0.377533
315 -0.59903
134 -2.42012
303 -2.15134
232 0.31514
364 2.84354
271 -2.00754
208 -0.688263
338 1.69815
194 -0.751389
319 9.38141
296 10.7517
368 -13.3673
203 -1.0204
260 -5.06543
321 -0.0170898
304 0.583405
271 -1.58496
94 -6.10725
194 -1.71568
173 -1.08382
131 -8.39674
4 -10.4311
272 -1.81354
366 1.88474
328 -7.80023
335 -0.22052
27 -24.3103
353 15.872
335 7.63889
16 -13.9358
167 -0.542648
316 -0.911407
154 -0.500168
163 -1.0258
371 -0.484711
235 3.03566
371 -5.89316
367 28.8332
336 -0.0274048
240 -1.79143
333 0.757172
363 0.176514
291 7.75897
364 -0.104706
358 -0.425842
362 2.59149
299 -2.11929
275 0.00628662
287 15.3295
261 -0.69696
156 -1.3103
280 6.418
328 11.0908
163 -0.35231
220 1.80333
302 12.3253
309 19.2649
358 0.984406
194 1.64633
197 -0.749435
310 -1.27975
302 12.3242
175 -0.372757
249 6.74606
202 0.71373
245 4.98
362 0.728729
195 0.0611267
305 5.25403
288 -0.818665
350 17.1406
261 -0.273621
203 0.207581
279 12.467
315 -1.36606
241 5.57085
121 -3.58937
181 -1.51898
211 0.962433
294 -1.48755
303 9.0387
246 4.44951
182 -0.320145
361 -0.243713
295 6.46521
303 10.1273
168 -0.48819
363 0.63324
174 -1.45596
179 -0.428635
225 -10.306
148 -1.9812
346 21.4666
161 -1.23987
306 13.9397
328 3.37479
39 -8.27267
360 12.8784
240 3.5596
296 -0.78833
163 -0.416702
150 -1.37468
168 -1.7618
189 0.0611572
122 -3.61333
307 -8.0932
246 4.4501
290 -2.93088
150 -2.17822
189 0.0604401
362 12.9986
339 0.756714
16 -13.9353
364 -8.23181
223 2.19301
129 -2.25099
150 -2.15253
309 9.18085
269 10.1747
208 1.2896
352 11.0009
189 -1.52443
153 -3.5482
316 -1.45779
326 4.63657
123 -4.85822
338 2.2262
326 0.372162
315 -0.921204
346 0.516357
240 -1.44734
320 -7.75085
182 -0.953033
253 7.22723
339 0.512482
202 0.267334
325 -0.505707
235 3.8839
262 -0.86969
147 -0.0473022
293 7.81262
317 0.632874
178 -0.371765
207 2.13354
302 12.6177
341 -0.243835
246 5.0235
185 0.121948
105 -6.71775
192 -0.081131
210 0.586395
145 -1.38049
331 -1.32547
81 -8.49053
239 1.78966
238 4.02345
176 -0.0784149
288 -6.98538
258 -4.66905
152 -1.17853
329 -0.523926
324 -2.29395
196 1.71098
308 -7.05344
199 -2.00906
328 -0.269684
134 -4.70297
325 -0.13681
158 -1.06906
330 -3.38376
283 1.64471
238 -4.61407
305 -1.69397
218 1.84206
351 1.51917
184 -1.3866
363 0.637451
204 0.655457
40 -17.9117
147 -1.70018
303 -1.98779
189 0.0604553
359 9.70438
346 -5.40454
343 7.63892
210 8.38225
216 1.37787
346 0.279602
302 -3.22241
368 0.168396
341 0.908417
209 1.24957
161 -0.253632
223 2.18147
241 4.23898
166 -0.330688
157 -0.818069
335 -6.98901
196 1.71098
189 0.0605164
192 1.3774
306 4.1626
351 -10.2308
299 6.08804
372 0.365997
163 -1.1505
339 0.740021
268 5.81201
204 0.249908
370 20.0666
350 12.3824
367 -4.07578
311 3.99057
196 1.71075
280 6.41922
203 2.16064
339 -7.78574
228 3.6185
329 -0.526031
269 15.5823
318 -7.58096
204 0.249863
252 6.8692
290 0.594513
239 -1.41049
132 -2.55272
178 -0.286758
355 12.8487
177 -0.593109
350 4.0491
350 1.49017
270 6.50266
371 22.8287
283 -6.90308
254 -4.44025
331 -1.32413
238 3.42245
338 0.83548
362 0.729004
317 -12.0237
348 -0.158417
318 -1.04922
245 7.22348
368 -4.19235
367 -4.07147
181 -1.06139
271 -1.5834
367 16.487
251 6.32875
369 0.302551
362 5.63416
358 0.983429
152 -1.18823
305 -2.13489
317 -0.867279
337 1.48312
319 9.38184
320 7.50797
355 1.1604
338 -0.0570679
358 0.985687
339 2.05505
196 1.71141
208 -2.18988
204 -0.540207
325 -0.207977
155 -1.2551
360 5.61392
195 0.761597
180 -0.431061
246 4.45052
154 -0.977936
150 -1.32866
134 -2.41994
283 -3.60291
296 5.51547
22 -0.154514
61 -2.21682
139 -1.75882
301 -0.971344
341 -2.17819
178 -0.945908
166 -0.559692
328 -9.57394
348 4.02161
349 8.97623
256 7.0878
172 -0.49794
301 6.11191
107 30.3235
362 0.727112
153 -0.851013
202 0.411499
207 -0.695648
368 2.62234
161 -0.521271
91 -2.32505
371 23.0167
335 1.86798
187 -0.226257
327 -0.108032
365 -1.88013
360 5.62375
223 2.01894
308 -7.05319
331 -1.30936
284 -5.15625
330 3.0777
339 9.27768
339 0.189514
295 5.5563
199 0.886322
187 0.113144
269 5.90305
170 -1.84813
234 3.56487
179 -0.128204
328 -0.302216
203 2.16475
257 7.92169
253 -0.671768
340 7.0256
172 -1.17088
284 0.180664
297 -7.70895
239 4.40529
281 12.2333
314 8.50156
273 0.778778
256 -5.05035
223 2.18202
300 6.15103
313 -0.119171
59 -10.1722
7 -16.393
328 1.13943
219 1.6246
196 1.71368
352 -0.381775
318 1.62167
251 -3.14511
351 -0.119781
309 -1.49231
301 -4.10516
308 -1.97992
348 0.884796
191 -0.760269
325 -0.933105
215 1.2847
269 6.2753
274 -1.34506
305 -7.43665
171 -1.4527
242 3.89635
320 7.01291
342 0.216949
142 -1.53622
237 -2.39027
326 10.3032
217 1.52525
155 -0.906296
301 -1.55048
228 2.95345
208 -2.19055
365 -3.53162
328 12.7285
173 -0.401443
153 -0.850952
204 0.784348
340 -7.63303
207 0.544861
354 -11.6985
236 3.61009
326 -0.567963
326 -0.16806
99 -15.1862
182 -0.173859
187 1.18793
322 3.06067
304 -1.54059
360 7.61853
258 -4.66866
352 10.9609
365 5.41904
312 0.905029
351 10.3757
180 1.22412
240 -4.11588
331 -1.32596
224 2.51303
44 -10.736
329 1.07196
339 0.62439
364 2.99057
130 -1.57545
203 0.961304
92 -3.43678
230 -1.90601
337 7.04602
174 -0.409271
301 11.7678
342 1.81097
182 -1.03105
147 -0.433609
256 -5.03076
172 -0.742111
147 -1.46762
317 -0.698578
325 -0.200897
322 1.36282
180 1.22487
153 -0.850739
235 3.03625
308 -7.05359
291 -4.79065
365 7.66049
130 -1.9502
287 15.3152
326 4.67752
315 -0.579559
315 -0.615875
320 0.595276
140 -1.7157
277 -2.53891
288 4.67133
360 -0.907166
334 0.149414
352 -0.486664
280 -0.132019
186 0.321136
214 1.09247
134 -9.17881
203 0.768066
20 -14.4243
258 4.13409
315 -8.05164
298 -3.1561
359 5.3822
107 -12.6816
211 0.993134
255 -5.05537
99 -4.06345
181 -1.06187
189 -0.90976
189 0.0605164
341 8.01529
203 1.79369
304 9.23886
235 3.03596
364 2.88303
105 -4.42267
167 -4.06683
302 12.3937
301 6.15097
318 -0.296265
335 -6.96405
205 1.48813
301 6.14566
302 2.97769
295 0.332794
172 0.0918579
134 -2.66492
348 -1.07458
364 2.88303
367 18.237
320 -0.754272
321 12.7412
221 -11.0389
212 3.0322
180 0.311737
204 1.88545
238 4.12462
251 0.661026
309 -1.65109
310 -1.07233
249 4.45807
199 -0.355789
256 6.06915
302 11.0933
229 -2.82895
241 5.17717
278 -0.372803
158 -0.428894
189 0.0604553
177 -0.245148
185 -1.09102
259 0.865082
370 28.1331
223 1.92912
289 10.033
203 2.16528
359 -0.672699
256 1.60455
342 0.675262
178 -0.729919
259 0.821625
351 10.3161
257 -4.67398
331 0.864868
298 -1.98367
290 0.622223
274 -1.33609
121 -13.5388
206 1.94528
196 1.68724
360 -11.9606
316 -0.836487
272 0.130829
169 -7.61282
165 -0.440598
310 8.35104
212 1.39594
283 1.64664
178 0.529236
264 9.12595
218 1.63712
198 -0.3405
344 -2.92401
51 -10.6746
368 5.67096
189 0.0613861
353 17.1605
290 0.591125
142 -1.57039
300 -0.286896
185 0.121948
343 0.424866
321 -0.204834
337 -0.401886
304 -1.55164
311 -1.8847
169 0.92514
165 -0.480148
234 3.50729
227 3.67438
180 -0.310455
114 -16.507
304 -2.61932
203 2.16031
299 10.1114
299 10.1133
325 9.47806
169 -0.332275
368 15.672
162 -3.77437
302 12.4107
371 12.5987
333 3.39163
285 0.738739
18 -14.4361
235 2.83246
261 8.50851
271 -1.5687
320 7.53174
352 7.38611
336 1.69815
349 0.162048
234 2.60995
143 -0.655518
347 0.607819
209 1.50687
291 -3.38712
121 -3.33153
44 -7.97579
309 -1.56128
167 -0.453842
302 12.4141
165 -0.458618
358 9.76755
359 9.72247
196 0.357803
208 0.83287
330 -8.00909
256 6.10852
293 -1.22079
296 -7.4422
305 9.14642
320 8.04691
203 0.717255
169 -2.1445
337 34.3085
134 -2.02725
253 -0.672791
74 -6.57259
369 27.0607
186 -0.290115
246 4.44926
306 -7.35117
337 34.3569
256 1.60315
169 -0.563599
253 7.96024
367 11.4561
369 2.0708
367 28.5156
246 4.44972
2 -14.0105
78 -5.6591
189 0.675476
370 17.8097
193 -0.176865
290 0.594543
358 0.978027
299 -1.69846
173 0.310486
328 -1.17877
258 -4.66922
278 -1.04443
224 1.65302
307 6.33026
320 -1.95248
225 -10.2326
149 -1.39079
344 1.94351
160 -0.394867
128 -4.39262
354 9.22659
358 9.96732
318 9.57462
309 19.2838
372 -0.891571
248 5.10464
338 0.846222
345 0.698669
338 1.24594
303 2.68021
308 11.5292
336 9.51837
133 -2.42618
350 1.53
29 -13.6212
348 1.15585
335 -6.95895
308 -2.89294
223 2.18153
358 11.4847
265 -0.604004
302 -1.19357
365 20.0982
366 1.63815
137 -1.68253
157 -1.5433
166 -0.330505
365 -1.94421
337 11.0838
332 8.72571
330 5.24081
338 -2.76288
308 -1.60132
196 -3.30528
178 -2.10783
167 -0.454849
193 -0.506104
161 -0.840454
261 -0.698761
290 0.594055
355 -3.87405
302 0.58606
329 -0.5224
325 -0.771149
360 15.6211
358 0.984497
333 0.710602
358 0.98172
367 -4.08444
288 -0.848938
254 6.92981
94 -5.8184
235 3.79144
370 0.363525
184 1.5118
180 0.523026
261 7.15271
300 10.1934
359 18.9404
16 -13.936
364 2.9747
241 4.61436
325 -0.411194
350 -11.7333
168 -0.778336
360 -1.08307
237 2.43277
178 -1.59505
288 -3.18967
256 5.95752
193 -0.176758
340 0.163055
184 -0.453033
252 -4.98814
171 -0.749832
350 4.4671
350 0.736267
254 -0.684418
272 1.30145
219 1.99199
224 0.652435
253 -0.671417
344 2.04828
349 14.1234
367 -0.83548
299 -1.82822
235 3.03595
290 3.4198
357 -0.376862
164 -4.01558
231 -3.1666
346 0.567474
60 -3.39053
303 9.57535
188 0.666794
327 20.2827
348 0.573151
165 -0.773499
329 3.11349
348 -0.334747
293 8.72314
163 -0.416351
260 -1.67856
242 3.89661
301 -2.93085
271 -1.59509
320 1.3302
37 -8.67805
273 0.416016
335 -6.97681
212 2.93707
369 3.51001
358 0.983429
196 -2.27888
327 -0.355499
184 -1.3849
231 -2.73862
81 -5.70333
308 8.68951
271 4.72986
173 -0.455643
339 0.630676
352 11.0002
184 -1.38361
185 0.120804
308 8.26315
324 -3.21466
200 0.256439
296 0.603485
262 -3.5683
287 9.07632
159 -1.74094
186 -0.241821
359 0.495117
357 5.36722
126 -4.51577
175 -1.67612
338 -2.31793
315 -0.637451
199 2.00461
331 -0.130585
309 -1.50256
256 -2.65118
242 5.20282
367 28.3156
337 8.49954
178 -0.434937
315 -8.05194
373 -0.489471
302 -11.8533
203 0.771378
372 0.924438
327 9.12521
174 0.81929
310 -0.269379
174 -1.16002
352 11.7294
206 1.83406
252 6.3862
329 2.91763
203 0.795334
261 -0.696075
133 -6.34713
199 -0.595688
273 -5.19717
351 -0.551208
139 -47.749
178 -0.362961
193 -0.176956
342 -0.000305176
302 12.3948
224 2.52477
370 6.19107
297 12.0731
255 -4.60153
344 -0.555359
307 8.48947
334 7.72449
332 -4.00919
331 2.65125
360 1.14661
367 0.652008
348 -1.0376
239 -5.62302
235 3.88376
309 -1.48813
116 -3.84086
369 1.48157
191 0.171967
229 -3.5842
264 -3.44263
368 7.95331
184 -0.249252
339 0.53302
326 10.174
350 1.81274
315 5.27344
256 1.61456
316 5.08286
171 -2.80432
271 -2.01331
315 -0.920593
359 9.72427
169 0.579208
234 3.83694
171 -2.22566
357 22.3062
304 4.04697
298 -1.84583
145 -0.788589
261 9.03381
369 2.54941
312 -2.07147
252 6.2778
243 3.55618
342 26.535
246 4.44981
240 0.0442963
271 -1.55115
343 -11.2753
353 0.846283
199 -0.188385
215 1.42891
197 -1.58598
264 3.91327
277 -2.94345
198 1.12042
349 -0.414337
367 -0.842102
187 0.58168
314 6.57407
365 -2.41229
171 -0.365829
300 -0.452209
200 -0.190201
253 -0.669464
363 14.433
194 0.0354614
318 1.3631
133 -2.08284
176 -0.107483
189 -0.193756
60 -10.4502
328 12.2296
238 4.03346
360 -0.0594788
194 0.644455
13 -11.541
172 -1.57195
338 0.633942
185 -0.0556793
212 2.4203
288 -0.820496
316 -0.344543
350 3.46603
252 6.52512
353 26.5999
160 -0.392197
185 0.099762
171 0.668289
321 -0.712646
105 -4.59814
368 -1.05331
178 -0.286835
355 -3.86649
284 -3.36667
322 -0.416077
246 4.44937
344 -0.119934
370 13.9432
373 0.970917
200 2.32469
330 -0.330933
275 0.000671387
366 1.79224
318 9.5712
355 0.789429
330 -8.00961
335 0.216675
339 0.761566
194 1.65918
280 6.48468
269 0.267273
309 19.26
223 2.18199
339 0.73996
318 14.377
357 1.4747
297 7.0701
325 3.13565
352 11.7102
112 -4.32025
16 -13.9356
326 1.00458
342 -3.84338
292 15.835
340 0.482239
350 41.6057
355 1.37079
346 21.4843
238 3.93829
223 2.18202
285 0.450806
312 -0.815094
260 -5.05313
208 1.28949
363 0.570923
181 0.277725
356 1.31351
217 1.85002
274 -1.50906
283 -1.92331
215 1.28444
142 -1.91583
256 6.07449
289 -1.02612
364 2.9816
265 8.67618
257 4.09897
345 0.567627
280 6.48428
200 -0.367447
240 -1.34361
247 3.70123
254 4.06992
365 0.915588
322 -0.618408
246 4.44885
234 -2.43321
359 0.544067
203 -1.02034
126 -0.88884
167 -0.542694
129 -2.1398
365 -0.519226
180 0.597015
226 -2.57204
305 -1.69968
339 2.06982
315 -0.918182
138 -3.01375
9 -0.202012
180 -0.237061
304 -2.31543
359 5.38187
326 5.13547
366 1.63016
155 -0.224991
182 0.164276
364 -3.51181
324 7.77304
295 0.898285
226 -2.57272
352 -0.167328
364 -4.86478
339 0.547821
315 5.50125
261 5.55914
290 -3.00757
254 5.82047
193 -0.0665436
169 -1.4895
171 -2.0526
318 9.54776
286 -4.77634
327 1.72028
326 13.8225
344 1.1011
311 0.924194
227 1.78568
208 -2.19008
195 0.103043
248 7.0818
350 12.6252
304 9.38977
215 -0.824142
248 6.13986
130 -2.78548
340 -2.79587
357 13.1209
314 9.98639
265 7.18552
336 6.87433
188 -0.195602
321 0.146118
339 0.638519
255 5.97595
198 -0.495865
219 2.01935
307 -8.09229
280 6.41895
331 -1.34451
182 -0.271042
185 0.544312
363 0.434448
211 -2.86766
359 9.76584
369 0.732086
244 -2.77985
221 1.95642
342 2.30463
335 -6.98508
216 -6.80011
301 -3.01996
110 -4.071
263 -1.74551
351 24.27
232 3.02863
165 -0.466354
199 0.0333099
255 8.24582
104 -15.0836
353 -2.84888
320 10.3253
288 -6.98553
256 1.61368
270 6.44067
259 0.859894
351 5.21631
331 -1.33203
318 -8.07224
132 -2.50992
280 6.42068
365 2.04825
343 1.76425
345 0.633972
360 -0.626404
209 0.755249
246 -1.9536
203 0.000488281
178 -0.362167
364 31.2737
221 2.08775
301 6.14676
95 -3.6747
365 0.380737
347 4.32379
364 31.1857
362 0.72934
326 0.368195
350 8.98169
303 15.2403
163 -0.179794
279 8.79956
128 -7.71941
321 -0.42981
163 -0.719894
302 12.3809
232 4.10756
339 0.734741
274 9.39691
288 1.68332
361 0.249542
208 2.19283
370 0.675812
307 -2.9234
209 -2.35292
301 6.15259
248 5.10313
344 2.26889
318 -0.680542
325 -0.13327
363 -0.91452
196 0.798874
170 -2.108
145 -1.38147
306 15.0069
357 0.590118
361 -0.726044
173 0.182877
16 -13.9361
305 -5.63965
161 -0.524933
39 -18.1822
333 -6.78989
284 -4.37186
181 -1.0616
193 -0.025589
142 -1.91487
227 2.26344
139 -1.42819
178 -0.286789
313 -2.84686
369 -0.47818
225 -10.2248
359 0.368744
326 4.63797
326 5.1355
352 4.06323
357 0.966797
196 0.28746
350 1.19073
281 -6.75281
295 13.8722
295 13.9698
338 -1.69547
270 5.80978
344 1.08508
342 9.04376
170 -7.19489
253 5.92081
274 8.77786
302 12.3272
359 5.58649
331 -1.3226
256 4.06915
309 -1.49307
219 1.58894
290 -2.39554
350 12.3677
193 -2.4769
353 7.43939
346 0.0245361
168 -0.44104
35 -12.0274
176 -0.271927
271 -1.59161
144 -6.68509
335 9.00656
317 7.86288
264 4.24661
327 0.308502
348 -1.60205
337 34.3055
280 -3.03625
333 3.28906
237 3.453
372 0.730438
337 3.39175
308 -7.05344
356 14.6629
163 -3.3479
326 4.67798
321 4.10309
264 3.7164
179 0.436295
315 -8.05194
253 4.90085
184 1.5127
175 -1.68636
191 0.628571
333 3.28964
162 -3.21231
355 3.07852
304 -1.29062
36 -12.3377
248 5.10162
189 0.0604095
312 -0.94574
312 7.27258
211 1.55875
331 -1.31241
262 -0.873962
223 2.18164
321 -0.903534
182 -0.249954
355 -0.927917
317 -7.69354
307 8.30222
308 -7.05341
173 0.319412
355 28.5338
301 9.44708
10 -10.929
345 0.579376
181 -0.062912
241 2.95975
290 0.595856
271 -1.59332
307 -7.14819
192 -0.801056
265 -4.48343
76 -6.83558
219 1.64162
213 1.22574
161 -1.75215
140 -28.3015
317 0.525085
258 6.08969
176 -1.88354
270 -2.4115
269 6.00565
125 -3.019
350 3.48669
274 8.78024
301 6.22589
169 -2.21254
260 -5.05304
276 0.050293
272 6.19757
270 5.86276
256 1.60532
310 -2.17929
232 2.64198
274 7.79413
235 5.04681
168 -3.09926
339 6.75146
253 -0.669952
235 3.11563
268 9.62799
223 2.18176
255 1.86203
271 0.503998
281 13.4009
180 -0.353226
151 -0.574554
350 30.2253
167 -0.478394
360 3.17737
198 -0.712143
212 3.31255
306 -2.41159
165 -0.471008
351 10.3777
173 -0.386551
161 -1.23758
211 2.21739
211 -2.86746
295 0.392487
226 -2.36415
167 -0.454651
41 -18.7985
208 0.582611
138 -2.18439
286 5.59802
162 0.620911
264 -0.598389
111 -4.73957
203 -1.02036
212 -1.65765
192 -0.860809
184 -0.250336
202 0.767746
308 -0.359589
357 -1.07584
360 0.310669
261 -0.68103
244 5.52914
312 -1.22122
370 12.8166
315 -1.15021
358 0.984741
58 -12.0393
277 4.8829
98 -4.56354
236 2.44392
189 -1.30144
149 -19.5541
206 0.68718
223 2.18202
277 10.6986
182 1.22356
333 -0.646301
184 1.28525
317 -0.455963
363 0.673218
352 10.9029
351 -0.549622
169 -1.63928
309 10.7498
176 -0.399597
141 -1.76215
359 1.37119
172 -1.71248
300 -1.31165
235 2.43919
93 -6.55729
361 -0.979462
224 4.74768
27 -24.9027
271 -2.00888
260 0.47757
315 1.96558
357 -0.903168
280 -3.13132
178 0.459167
367 28.8501
282 1.67325
351 -0.544403
320 25.5758
195 -1.90495
280 -2.08289
242 -10.3034
203 0.267899
290 0.596832
268 9.62918
288 -3.9122
369 14.3932
351 3.17273
216 1.73692
309 -1.49319
294 6.2951
329 3.14981
315 -0.921783
225 2.6339
246 4.44968
161 -0.524933
291 -5.44965
271 -1.69547
286 -1.09259
371 1.75446
296 10.9307
231 2.59117
163 -0.182785
303 -7.05331
362 -6.28027
281 4.37936
365 0.0671387
145 -1.48344
334 0.117889
339 0.531067
211 0.961121
367 6.88181
274 -1.50964
302 2.90573
302 0.408142
280 6.41821
323 10.3769
251 -5.29555
98 -18.3243
310 -1.55005
232 -4.43265
302 12.3827
160 -0.294159
189 0.0614624
175 -0.381027
313 6.61826
130 -19.9993
325 -4.0834
182 1.22198
343 10.5945
280 0.787354
314 18.122
373 1.04456
318 -0.99942
327 -8.17593
198 -2.39961
320 0.578979
150 -2.17773
364 31.3014
299 -1.68155
344 0.0462646
274 -1.74573
367 -0.423218
322 3.05569
364 -10.4654
181 -0.769241
293 -0.50882
309 -1.50671
236 -11.2491
276 9.54413
184 -0.509201
264 -0.597565
279 12.3304
271 -1.59296
299 -2.12686
363 0.641266
332 -7.60449
323 9.58469
279 -1.81558
295 13.8691
241 3.83739
134 -2.41986
312 -0.824097
345 4.37238
221 2.03534
253 7.1535
142 -1.53497
363 0.641113
192 -0.126495
261 -2.14645
200 -0.127411
338 -3.17282
358 6.24658
152 -1.22589
224 2.38481
261 -0.709442
317 -1.85291
174 -0.117218
343 -8.05075
297 1.7471
152 -1.17329
254 -2.2446
225 -2.83836
292 -3.14905
263 -0.619415
358 6.23343
315 9.64301
340 1.31686
227 2.37805
358 2.8374
274 -1.34262
295 -0.582886
361 3.73041
271 -1.58337
351 3.99783
362 -6.3952
371 12.6036
350 18.9424
213 1.2097
358 -0.781067
329 1.67245
292 0.245911
348 0.540985
161 -0.511139
299 -2.11584
208 0.738174
238 4.03397
294 4.21124
368 -13.2601
162 -3.71382
369 -2.88739
299 -0.70163
359 5.38852
227 -2.65837
107 -14.3572
300 -0.241638
245 -4.51466
352 -0.469391
360 4.08505
190 -0.161255
299 -0.861481
299 -2.09561
300 6.11514
271 -2.01285
221 1.94745
334 0.126099
209 0.588257
135 -2.36888
281 12.2346
174 -1.65309
324 -1.41574
116 -3.8414
168 -1.28293
323 -1.7226
271 7.50531
185 -0.98819
227 -2.13387
130 -3.27153
204 0.823456
359 5.48782
184 -9.87221
309 19.2567
325 1.38358
287 -2.40332
344 1.43704
150 -1.33066
317 -0.779938
192 -1.3871
3 -25.1331
130 -3.13293
359 5.38184
200 0.897369
157 0.139236
277 -0.777344
169 -0.107315
303 9.03833
202 -3.0293
260 -1.70795
319 -0.872772
304 15.902
325 -0.923828
274 -2.98587
368 2.14038
355 -3.87415
344 -0.129395
309 19.2638
339 0.535065
315 -0.919525
233 -2.3405
171 -7.36678
161 -0.618958
314 -0.0749817
282 11.2623
338 7.73431
363 0.143524
334 5.69565
299 12.4524
318 11.5046
292 -1.06866
323 5.6069
164 -1.942
327 -0.131531
295 -0.25531
178 -0.387466
239 0.468018
338 3.1738
190 -0.161392
196 -0.49704
295 -0.0915833
242 2.50133
353 -5.82602
252 -0.844833
339 0.743988
204 1.06442
217 1.30406
208 -2.26601
165 -0.455338
159 -1.28258
247 3.69749
139 -1.68253
153 -0.022934
207 -0.64122
151 -0.734314
200 0.327072
372 -1.65826
350 9.1976
326 4.64691
168 -0.420334
352 0.608368
301 -1.43951
154 -0.408203
337 1.52286
264 1.42819
257 4.09909
367 11.4532
362 1.33594
228 -3.8862
329 16.6974
180 -1.73636
251 6.32874
243 2.02382
299 -1.83551
298 -1.98352
264 -3.50165
192 0.231354
173 -1.27826
316 1.7804
176 -2.33099
264 6.30566
299 -2.22076
302 12.4518
368 -13.2602
358 -11.6911
346 4.51791
189 0.0616302
8 -28.4289
183 0.396912
190 1.22182
315 -0.919647
311 -1.87692
295 5.77197
369 -2.33984
275 -3.47412
308 5.96265
313 -0.975128
336 7.60992
335 -6.98541
205 0.634003
261 -0.652069
205 1.49077
278 -1.05838
266 1.80261
215 1.28873
164 -0.428879
266 -0.27298
308 10.7194
344 0.144684
362 -6.29025
334 9.20236
352 -0.49704
187 1.11725
354 -0.0245972
362 0.126068
372 -0.609467
171 -0.694519
157 -0.85968
269 3.59576
292 15.9488
194 0.398819
241 1.74524
214 -0.821243
173 -1.18958
269 0.236969
168 -0.738251
271 -2.01382
190 -0.161606
202 1.93776
323 -6.97903
253 4.09698
323 5.53741
309 -1.49448
271 -1.58459
254 -4.43993
223 2.13809
336 2.3891
309 -1.49448
278 5.21817
172 -0.186798
174 0.433792
225 -10.3052
286 3.48169
286 -0.476105
225 -10.2352
299 10.2182
228 3.23611
358 1.18854
290 0.597046
192 0.163193
262 -5.23053
323 -0.195801
149 -1.00555
370 -1.45633
280 6.41922
287 15.3282
343 -2.9903
288 -0.851166
319 9.48859
151 -0.0339661
219 1.82433
233 -4.89607
338 1.49042
169 -1.42343
298 -1.98334
363 -0.515594
226 -2.57155
333 -0.549988
152 -1.25739
216 -6.80948
346 -7.53622
366 1.62735
340 5.20975
210 2.18672
