133 -0.585052
137 -1.19701
141 -1.09497
197 0.350754
197 0.350555
133 -0.585037
159 -0.336136
135 -0.46875
195 0.340256
178 0.464188
137 -1.19649
112 -2.39532
178 0.464279
200 2.13136
168 0.278488
110 -2.4713
150 0.133026
135 -0.469864
180 0.225662
199 0.23204
197 0.351196
126 -2.30798
137 -1.19656
124 -1.93188
176 0.461746
110 -2.47168
203 2.46121
164 0.301086
96 -3.19091
185 1.33893
161 0.138443
200 2.13152
183 0.746674
112 -2.41975
146 -0.86145
185 0.604492
200 2.13129
157 -5.14432
162 0.553604
142 -1.11902
152 -0.701874
145 -0.874695
202 0.123184
157 0.13736
146 -0.86171
146 -0.773422
180 0.225433
159 0.225479
97 -6.9876
183 0.746643
102 -3.61589
107 -3.35232
161 0.280304
96 -3.19083
145 -1.01427
68 -10.0481
127 -1.53983
146 -0.861374
162 0.553635
149 -1.2653
194 0.436386
178 0.465256
341 0.704895
77 -7.83651
217 -1.48895
55 -164.072
150 0.132156
168 0.279999
112 -2.39564
137 -1.19684
146 -0.861389
162 0.0333099
126 -2.30795
161 0.0790405
146 -0.939728
160 0.247314
197 0.351044
183 0.752747
150 -0.724411
160 0.35202
207 0.784409
101 -2.97953
137 -1.19666
110 -2.45763
39 -138.76
161 0.299301
207 0.784348
218 -1.42825
157 -5.1515
194 0.414871
207 0.784607
161 0.29895
162 0.362991
46 -10.9482
178 0.465164
96 -3.19109
159 0.225769
52 -160.402
163 0.25708
96 -3.19067
163 -0.333298
112 -3.14111
194 0.409332
145 -1.01489
193 0.669693
162 0.363297
161 0.952957
157 0.251862
148 0.345093
121 -2.22435
94 -3.29037
121 -2.22433
192 -0.0357971
157 -5.09995
195 0.937637
145 -1.01459
193 0.619141
37 -12.6569
185 0.58136
341 0.706024
172 0.314789
237 -1.87779
163 0.257217
97 -3.70621
161 0.154922
130 -2.19289
162 0.277878
168 0.279251
201 -0.509445
96 -3.19035
75 -8.0162
28 -10.8387
54 -8.84432
126 -2.30762
180 0.225571
166 0.38356
161 0.276718
28 -12.8197
94 -3.46201
216 -1.42671
178 0.463959
162 0.403656
196 0.385391
46 -11.048
107 -3.38179
185 0.71225
54 -11.015
112 -2.39458
240 -1.68355
28 -10.8415
202 0.123245
162 0.032547
52 -160.398
185 0.530655
146 -0.939102
160 0.248077
158 -0.449387
130 -2.19295
157 -5.15149
180 0.225693
154 -0.700699
96 -4.02552
172 0.314774
161 0.954636
203 2.46129
134 -1.20569
53 -10.7815
150 -0.845779
114 -2.99813
7 -31.8613
195 0.772049
183 0.38237
150 0.134064
227 -1.54073
18 -14.4783
162 0.197296
195 1.95285
161 0.400085
97 -6.98955
173 0.25531
203 2.46121
53 -8.82682
226 -1.5713
162 0.401306
137 -1.44821
144 -0.855118
157 -5.14763
166 0.383667
206 0.644775
68 -10.0583
149 -1.26694
157 0.152603
157 0.135025
113 -3.10671
11 -34.6173
59 -11.1737
126 -2.30784
37 -11.7553
180 0.225571
54 -11.0148
135 -2.21957
181 0.556641
158 -0.446396
162 0.363068
28 -10.8364
196 0.372284
120 -2.17221
57 -8.72046
185 0.708801
159 -0.157639
160 0.345901
164 0.278687
319 -0.926147
185 1.33128
127 -1.77408
56 -8.77579
78 -3.83613
150 0.13179
26 -13.251
146 -0.861435
186 1.01643
161 0.299026
27 -12.9995
146 -0.773361
158 -0.449249
165 0.407211
69 -8.55245
162 0.553558
35 -80.7659
165 0.412735
100 -2.94701
199 0.231979
191 1.81323
144 -0.874283
151 0.452026
57 -8.71942
53 -8.82747
53 -46.7734
160 0.351959
164 0.447128
199 1.92393
78 -3.83595
188 0.558075
201 0.154022
195 1.7119
164 0.475998
193 1.2941
160 0.246597
178 0.463577
161 0.155869
42 -11.7111
28 -10.8367
162 0.334152
113 -3.14651
99 -3.39546
103 -3.51428
306 -4.75388
46 -90.6597
303 -5.03421
143 -1.4357
184 0.737686
240 -1.68353
184 0.738464
86 -7.59367
162 0.403549
87 -7.43951
78 -3.83598
172 0.315002
105 -3.61403
15 -15.2631
237 -2.19009
180 0.225494
54 -11.0147
34 -12.5387
126 -2.30737
178 0.465256
157 0.131744
157 0.137329
150 0.131714
85 -7.42433
137 -0.346863
150 0.131531
130 -2.19304
97 -5.6897
126 -2.30751
148 0.344437
40 -36.4196
77 -7.83835
116 -2.90976
50 -11.1108
159 -0.157471
149 -1.26765
148 -1.2565
161 0.33812
143 -1.43436
16 -14.6009
35 -81.0355
164 0.301117
148 0.329102
162 0.33316
179 1.01649
166 0.383636
146 -0.860504
192 -0.0359802
156 0.087265
137 -1.19695
180 0.413925
43 -11.088
137 -1.19695
54 -11.0152
179 0.50325
162 -1.33646
154 0.132233
68 -10.0669
159 0.223602
135 -0.496674
160 0.366699
35 -80.9756
42 -11.7112
96 -3.19041
126 -2.30782
165 0.423325
143 -1.43521
37 -10.2919
125 -3.89436
160 0.267227
61 -10.659
166 0.383606
362 -3.23117
105 -3.3417
121 -2.22429
163 0.169922
166 0.38356
196 1.07376
107 -3.25587
159 0.222519
157 0.15657
39 -138.736
37 -12.6572
180 0.22551
132 -1.60675
184 0.738297
154 0.124832
162 -0.586136
35 -10.9114
187 0.593506
206 0.645279
56 -8.7913
161 0.954407
200 2.13141
185 0.604965
163 0.169342
180 0.225479
130 -2.19312
247 7.65677
162 -1.02933
185 0.711029
316 -5.68652
53 -8.8341
200 2.13141
28 -12.8189
185 0.60498
54 -9.00709
159 0.224335
170 0.281433
130 -2.19301
156 0.087326
249 -2.5107
104 -3.27582
184 0.738007
99 -3.92267
20 -65.8689
68 -8.15498
42 -11.7114
112 -2.41822
157 -0.28833
34 -125.434
184 0.867538
188 0.585297
180 0.225601
58 -10.4677
184 0.738403
94 -4.18915
46 -10.8543
185 0.7117
28 -10.8418
152 -0.697571
160 0.352051
39 -138.851
86 -3.54076
84 -7.61542
97 -7.00201
161 0.38707
26 -127.847
57 -8.71939
41 -11.1222
12 -58.1288
192 -0.0357971
32 -13.0182
97 -6.9811
130 -2.1931
35 -81.0338
97 -6.99065
224 -1.45779
132 -2.34052
303 -5.03412
28 -10.8367
160 0.352066
126 -2.30753
135 -0.469742
206 0.644836
217 3.18694
157 0.133652
148 0.345383
43 -10.1559
39 -138.771
148 0.345032
157 -5.10443
78 -3.83562
12 -57.9946
159 0.222183
197 0.646362
160 -0.821381
146 -0.861542
42 -11.7113
55 -164.461
68 -10.0671
196 1.50822
162 0.452637
121 -2.22393
132 -2.24899
216 -1.03014
207 0.784332
194 1.7047
354 0.521057
21 -14.2593
124 -1.93171
118 -2.8713
236 -1.9516
149 -1.26691
190 1.66814
28 -10.8383
223 -1.68654
121 -2.22473
190 0.631088
57 -8.71967
40 -10.0488
196 1.0518
163 -1.38068
164 0.280396
319 -0.924591
149 -1.26239
116 -2.94757
185 0.604797
48 -9.7672
145 -1.0145
131 -2.18759
42 -40.2307
254 -2.18768
7 -31.9872
48 -9.30423
137 -1.11304
26 -13.8859
297 -5.56961
127 -1.7692
215 -0.790619
66 -8.31278
7 -31.3656
143 -1.43518
104 -4.22544
29 -13.1172
53 -8.81757
160 0.228943
96 -3.19108
147 0.259628
97 -6.9911
133 -0.584991
164 0.278748
126 -2.30786
172 0.314407
136 -1.08005
97 -5.68808
185 0.605072
195 0.772614
35 -80.9834
161 0.280396
127 -1.77061
143 -1.43617
148 -0.711243
40 -11.8377
179 0.794434
90 -3.5344
232 4.81306
54 -11.0149
170 0.281052
248 -1.43353
68 -40.8801
189 0.469757
18 -63.0794
149 -1.26765
162 0.0308228
42 -11.7121
194 0.0492096
23 -71.0352
145 -1.01437
23 -123.114
57 -8.71955
163 0.373627
45 -28.9445
42 -11.7113
94 -3.46208
159 0.225174
146 -0.861633
190 1.66817
96 -3.19056
145 -1.0145
35 -80.9805
18 -63.0905
189 0.609772
145 -0.73085
25 -13.6753
18 -63.0689
160 -0.337006
146 -0.860641
160 0.353226
35 -81.0205
159 0.224762
164 0.3013
100 -3.91072
55 -164.461
185 0.604904
222 -1.50526
161 0.955048
158 -0.449432
42 -40.227
30 -11.4008
203 -0.131393
35 -81.0409
42 -11.7113
127 -1.77168
161 0.952835
157 0.252106
103 -3.65003
161 0.336502
185 0.604294
216 -1.03049
230 -1.63058
52 -160.429
248 -1.42815
166 0.254761
216 -1.4313
363 3.95709
216 -1.42523
110 -3.06817
56 -8.73681
166 0.25499
341 0.705017
192 -0.0359192
217 -1.4752
162 0.403397
111 -3.26555
147 0.254578
56 -8.77848
220 -0.903122
39 -138.774
206 0.644775
87 -6.69055
54 -8.84312
43 -9.6342
46 -9.44276
341 0.704376
363 1.06778
77 -7.83848
178 0.463364
202 0.123962
164 0.243484
49 -11.1972
227 -1.54204
162 0.27803
180 0.225494
36 -12.7716
277 4.94064
201 0.153656
101 -3.8997
280 8.5546
114 -3.03717
78 -3.83607
18 -63.2198
165 0.423279
194 1.75732
225 -2.7966
68 -10.0666
161 0.955338
180 0.225571
28 -10.8373
187 0.59761
127 -1.77087
172 0.314682
157 -5.13892
157 0.252045
161 0.156403
79 -7.70169
146 -0.939407
144 -0.720093
359 0.275085
170 0.279526
101 -3.65559
326 2.19147
63 -10.8956
192 0.319717
195 0.772018
54 -8.84363
112 -2.42171
35 -80.9312
157 -5.10873
97 -6.95827
164 0.278824
143 -0.440536
158 -0.450516
130 -1.67079
177 0.384384
195 0.773407
24 -119.618
160 0.503754
121 -2.22427
192 -0.036026
146 -0.715851
39 -10.1327
194 1.81105
35 -81.1706
137 -1.19701
36 -10.4011
165 0.423248
36 -12.7724
179 0.492462
41 -9.66512
185 1.32993
102 -3.81557
150 0.131775
61 -9.51812
162 -0.295074
110 -5.5149
34 -125.397
165 0.423218
172 0.312592
151 -74.929
42 -11.7134
30 -12.8077
130 -2.19312
165 0.304443
157 -5.10939
149 -1.26195
304 -4.4595
134 -1.49963
283 17.2525
163 0.160812
90 -3.5362
46 -11.0298
117 -2.11413
166 0.383575
34 -125.399
166 0.383636
281 -3.69464
18 -63.0967
37 -10.6006
116 -2.97109
79 -7.72685
218 3.32538
57 -8.71856
26 -13.6757
206 0.644638
75 -8.12479
190 1.66814
184 0.575607
283 17.2591
28 -10.8417
35 -80.7563
77 -7.83621
185 1.33398
123 -3.46277
56 -10.561
39 -11.8202
110 -5.20728
129 -2.31284
96 -4.11226
160 0.456177
28 -12.8196
159 -0.218552
359 16.7811
341 0.704834
194 1.75836
54 -11.0151
341 0.705261
27 -11.6163
50 -10.2924
196 0.397507
68 -10.0723
135 -1.21425
199 0.231873
97 -5.68785
363 1.07089
42 -11.7115
53 -154.051
202 0.123886
97 -7.00198
77 -7.83543
147 -0.770035
103 -3.78065
43 -9.74364
141 0.263306
137 -1.01199
18 -63.0948
164 0.279358
25 -70.8304
97 -7.00198
107 -3.40299
309 -0.658478
187 0.601166
130 -2.19296
158 -0.4505
57 -10.878
35 -81.1258
281 -3.69482
121 -2.7357
156 0.0873413
218 3.18413
231 -1.66319
220 -1.48227
190 1.58774
33 -11.2572
88 0.540771
68 -10.0665
162 0.0334473
54 -8.84396
164 0.301315
94 -3.46217
341 0.706543
133 -0.584991
247 7.16019
283 17.2341
112 -3.21159
32 -13.07
84 -7.39226
125 -1.73588
97 -7.00212
116 -2.83166
347 0.255707
50 -10.3846
359 0.276001
151 0.454971
43 -10.4312
37 -11.0206
162 0.553543
40 -9.73923
309 -0.65567
42 -40.2331
127 -1.7718
151 -74.9293
280 8.55396
363 1.06943
164 0.280045
54 -8.8443
94 -3.46223
110 -2.46979
323 3.11407
189 0.573776
220 -0.903244
28 -11.8811
133 -0.499405
37 -12.6572
133 -0.585175
80 -186.686
60 -9.78792
161 0.141998
24 -13.9543
42 -11.7859
112 -2.42548
165 0.304642
100 -3.66512
180 0.711304
109 -3.18207
87 -6.69178
57 -8.71948
189 0.585922
36 -12.7717
235 -1.1153
334 1.83847
57 -10.2556
288 15.3969
161 0.711075
185 0.711777
161 0.141525
326 2.19272
69 -9.33763
185 1.33333
68 -9.6655
260 6.51355
26 -13.8974
53 -11.3276
18 -63.2175
160 0.352051
38 -11.7964
7 -31.5638
223 -1.52115
162 0.403687
218 3.18398
18 -63.1956
7 -30.0781
61 -10.1581
22 -4.47776
199 1.92542
158 -0.446884
20 -121.814
341 0.706116
159 0.223419
201 0.154129
344 3.3866
223 -1.68822
168 0.274857
144 -0.916733
222 -1.55199
15 -112.878
221 3.00188
151 -74.9293
282 -6.09326
141 -0.77887
234 5.13699
281 -3.69485
190 1.2565
32 -12.5677
192 0.848297
39 -138.807
44 -9.96091
160 0.351898
77 -7.83612
135 -2.11404
52 -160.422
39 -9.98532
127 -1.77753
344 3.3862
246 4.41882
163 0.164536
157 0.221252
28 -10.8384
46 -10.291
55 -8.88471
20 -12.8844
17 -14.595
18 -63.2229
104 -3.85549
36 -12.7728
224 -0.882706
35 -80.7627
277 7.60483
110 -2.47068
201 1.29124
84 -3.54517
337 2.43631
190 1.66818
256 9.28784
105 -5.34338
68 -166.682
135 -2.07919
18 -63.0752
195 1.75662
77 -7.8359
160 0.352875
42 -11.7132
16 -14.9796
159 -0.157593
162 0.553467
54 -9.35489
35 -80.8005
32 -138.223
65 -8.10863
12 -58.1458
218 3.18387
336 13.0599
97 -7.00201
192 -0.0359039
341 0.706207
77 -7.83822
332 1.01291
358 -2.49896
366 1.34476
108 -2.90472
297 -5.57135
190 0.617981
77 -7.8356
326 2.19345
27 -13.0092
185 1.33786
178 0.465118
17 -111.179
168 0.27739
338 0.820099
126 -2.30789
151 0.451752
201 0.153793
112 -2.3957
126 -2.30788
225 1.34987
94 -3.4622
181 0.929031
27 -13.0123
223 -1.53778
351 4.68463
7 -30.0746
197 -14.7473
40 -9.86975
27 -12.9986
256 9.2869
189 0.0832062
161 0.243637
30 -13.2519
79 -9.0387
96 -3.19106
272 -3.56863
276 7.46661
281 -3.69482
328 11.6978
164 0.278732
19 -122.837
359 0.283569
163 0.257324
139 -1.04144
149 -1.26518
178 0.464066
354 0.522614
73 -170.992
294 4.10159
84 -9.13009
194 1.56058
297 19.6977
232 -1.74454
141 -1.45508
164 0.278809
19 -26.1489
162 0.270615
162 0.267258
21 -14.1541
170 0.280655
21 -109.311
22 -4.8936
67 -8.1878
256 7.48035
45 -9.51838
31 -29.3567
156 0.0872803
21 -14.2546
68 -9.66542
344 3.38669
81 -8.52914
204 -0.315857
168 0.275986
97 -26.4553
324 3.11691
12 -58.1377
146 -0.773392
168 0.278091
23 -13.9248
162 0.401138
332 1.01883
359 0.277252
199 0.231888
162 0.270477
68 -40.8781
162 0.270401
236 -1.87885
73 -171.237
73 -8.17294
152 -0.789658
209 2.14787
42 -11.7137
365 -1.79459
341 0.707825
94 -3.46225
53 -11.3317
46 -11.0259
323 2.42014
164 0.278854
201 2.93791
326 1.09619
12 -58.0163
210 1.8436
304 0.085144
354 1.27948
31 -11.4475
65 -9.48162
34 -12.895
218 3.32918
67 -156.918
207 -0.205093
201 1.52283
368 2.96701
23 -14.0554
2 -48.1021
210 3.54626
25 -14.0741
92 -7.57128
194 -0.213913
199 1.92522
80 -11.5738
18 -63.0744
363 3.97665
162 0.441452
341 0.704865
363 1.11768
354 0.388824
189 0.754654
363 1.06747
130 -2.19304
94 -3.46201
29 -10.7562
34 -125.474
256 9.2879
41 -10.2219
299 3.91669
12 -58.1151
329 1.05243
230 -1.83604
97 -5.69395
36 -12.7714
184 0.902878
68 -10.0669
159 -0.157745
323 3.12766
28 -12.8196
192 1.36623
344 0.666138
24 -71.7285
206 2.30534
7 -30.0738
201 1.29103
42 -28.4334
112 -2.42238
33 -10.7975
199 1.92499
227 -1.54292
362 -1.95465
280 8.54572
170 0.466629
29 -76.6189
121 -1.67033
341 0.705505
42 -11.7134
90 -3.53707
256 9.28146
105 -5.38044
110 -2.47984
211 -0.161407
225 -1.53441
323 2.4213
214 2.36508
354 1.28079
123 -2.1168
306 -4.75287
12 -58.0097
168 0.275055
181 0.51796
241 -1.91728
12 -57.9876
247 4.58467
334 1.99112
56 -8.77372
27 -12.9969
195 0.771988
105 -3.47153
341 -0.210632
22 -4.89308
203 -0.127899
336 2.3067
153 -0.785645
42 -11.7129
341 0.704742
18 -116.344
66 -8.11818
140 0.250565
189 0.921982
141 -0.931595
161 -1.21176
297 -5.5715
200 2.29564
125 -2.53143
283 14.7367
150 0.238708
137 -1.19673
298 -16.7539
12 -58.1254
290 15.6052
223 -1.68755
65 -9.64346
323 1.45413
162 0.553482
56 -8.7752
153 -3.46912
185 0.605133
21 -117.461
272 13.4016
340 5.91907
130 -1.44661
162 0.0284424
27 -12.9984
27 -11.847
172 0.31575
164 0.38623
22 -4.47696
359 -2.8157
42 -11.7124
283 17.2489
66 -8.22222
160 0.330307
183 1.44884
187 1.29323
94 -3.46198
54 -8.84431
235 -1.11491
270 8.35956
18 -63.0687
359 -2.80981
86 -8.88443
190 0.602219
304 -0.034668
53 -8.80666
77 -7.83595
96 -3.19038
188 0.840469
167 0.331131
174 0.233368
196 -23.9935
118 -2.82776
185 1.33109
36 -12.7731
221 3.00241
216 -1.42412
159 -0.794266
332 1.03064
60 -9.74072
137 -0.825943
161 0.155945
346 -8.31613
52 -160.429
150 -0.983093
37 -11.8809
256 9.28595
194 1.75822
55 -164.041
359 -2.81125
252 9.01474
137 -0.82605
157 -0.177841
287 -4.8877
150 -0.759628
94 -3.46205
275 -3.43018
249 5.81444
265 -3.74921
186 0.481873
341 0.70578
324 1.3869
53 -11.3272
283 17.2793
137 -0.826385
161 0.338318
28 -10.8323
119 -1.65954
235 5.74338
54 -11.0152
187 1.24739
137 -0.826141
333 2.98395
180 0.517929
196 1.4998
26 -115.787
161 0.3367
189 0.579239
51 -10.3632
123 -2.60558
216 -1.03479
245 7.00056
167 0.274567
34 -125.448
127 -1.77225
164 0.278778
229 4.40898
52 -160.394
363 3.97061
286 14.763
256 9.29001
344 4.46338
303 14.9726
333 1.99408
358 -2.53458
308 3.95242
275 7.32645
188 0.453232
323 2.45114
325 1.35153
127 -1.77283
140 0.250687
306 -5.7034
341 0.7052
182 1.01953
7 -30.0789
194 1.75836
23 -11.9858
134 -1.49034
360 1.15366
185 0.605164
12 -58.016
185 0.60495
256 9.28619
240 5.93843
132 -1.56271
366 1.3476
260 6.51425
12 -57.9842
164 0.780945
160 0.503815
18 -14.4769
157 -5.13985
50 -158.133
195 0.772141
327 2.1174
337 2.44318
248 -1.42982
162 0.363388
277 4.94278
341 0.308655
32 -12.0457
161 0.317276
314 -5.78006
191 0.596252
334 1.85574
187 0.57399
125 -2.0799
32 -11.5454
212 3.16196
54 -8.80568
162 0.553528
357 1.14984
60 -11.1683
28 -12.8189
175 0.382431
94 -4.02039
280 8.54895
297 -5.56863
359 0.2789
143 -0.690079
303 14.9807
343 -3.90207
54 -99.1536
347 3.64108
323 2.46613
201 1.29082
367 -0.353394
188 0.587585
223 -1.68715
355 -0.899109
189 0.926132
146 -0.773468
330 17.449
229 3.82039
18 -14.479
323 2.47076
150 -1.6198
319 0.999695
303 -0.330841
72 -21.7165
312 3.25452
194 1.75888
52 -160.4
71 -28.736
37 -12.2703
165 0.407974
163 0.257202
162 0.554169
202 1.7381
318 0.48996
175 0.362061
12 -57.9747
73 -168.312
42 -11.7118
338 0.822174
259 7.46844
303 -0.309418
28 -12.8188
125 -3.86149
347 -3.84702
149 -1.26628
368 -2.32162
355 -2.93515
185 0.605148
42 -40.2746
17 -107.386
363 1.20438
202 3.04039
247 4.5851
299 -0.47699
256 9.28647
57 -10.8875
25 -127.056
363 3.96152
162 0.553482
151 -0.518372
293 4.54044
303 -0.329285
372 -1.99405
280 8.55179
67 -9.75539
332 3.24069
227 -1.61369
91 -8.56268
203 -0.230667
309 -0.923096
338 -3.75684
12 -58.0026
268 12.2294
165 0.407852
352 0.631409
108 -5.48936
148 0.344299
256 9.28671
125 -1.89254
267 -3.73456
185 1.1064
248 -1.42868
349 11.0264
209 2.14796
186 1.25183
138 -2.30695
233 5.11533
370 -2.50375
354 1.28116
39 -138.735
362 -3.14175
127 -4.61395
199 0.23204
12 -58.1089
198 1.30119
42 -11.7129
191 1.03073
157 0.139862
12 -57.9932
157 0.208405
235 -2.04247
25 -13.6106
213 2.43886
160 -0.135132
224 -2.16296
288 19.4871
359 0.281525
345 -3.11472
221 2.99191
167 0.290802
168 0.279449
36 -12.4154
298 2.77975
240 -2.0845
283 17.2577
371 -2.89319
223 2.79276
192 1.37651
361 -19.8909
163 0.257111
127 -1.77171
210 0.803833
329 5.11288
289 17.66
78 -3.83595
342 2.73981
222 2.63882
223 -1.6875
12 -58.0093
151 -74.9296
338 0.910675
366 1.34842
366 1.35077
206 2.30527
181 0.92569
161 0.952881
35 -142.078
324 1.44833
54 -11.2866
288 19.4085
134 -1.25645
352 1.51819
241 -1.90953
262 11.2972
162 0.363083
352 0.640106
79 -28.34
27 -12.9986
306 0.871948
316 -4.61923
160 0.229416
247 4.58531
211 2.49261
303 -0.286713
42 -11.7133
8 -58.0261
309 -0.811188
333 2.98447
127 -4.6139
288 -5.01086
201 0.154099
247 4.58517
363 1.11765
347 0.0513
274 11.468
18 -114.157
352 0.638916
13 -26.3983
303 -0.32193
268 12.2346
303 -0.30481
199 1.92499
161 -0.69606
251 6.21289
181 0.498123
126 -3.88095
37 -126.998
1 -52.8677
258 7.68152
300 -0.650055
163 0.353195
112 -3.08676
338 0.815857
146 -0.608536
27 -77.3535
218 3.28355
218 3.32484
39 -138.737
184 0.738678
55 -11.4044
161 0.33699
338 -3.75327
19 -107.092
162 0.363098
184 0.552841
163 0.256989
28 -128.945
38 -12.5987
214 2.36563
298 -16.7601
303 14.9777
209 2.14763
350 1.70898
359 -2.81006
27 -13.0037
313 0.536865
272 13.3089
12 -57.9944
110 -2.82431
210 3.54504
221 2.99174
338 0.816925
213 2.43871
206 2.30544
27 -13.0006
343 -0.608307
2 -55.0665
7 -32.0301
189 0.926102
199 1.29959
57 -11.5568
268 12.2315
354 -3.37985
120 -3.57825
338 -3.75607
346 2.91797
135 -3.18637
259 8.87445
199 0.231979
83 -9.07803
363 -2.4646
18 -11.0497
209 2.14825
27 -13
57 -8.71953
332 1.01959
178 0.486115
352 0.62384
348 0.64975
341 1.7243
354 1.27988
318 0.496613
316 -4.62146
247 7.15834
340 -3.38458
271 4.77316
283 17.3122
174 0.39711
341 0.704865
223 -1.53804
34 -11.0411
284 14.4511
45 -12.0261
28 -12.8229
336 13.1644
54 -99.2006
354 1.52176
35 -80.7672
209 1.98849
236 5.31181
298 -5.54874
280 8.54443
164 0.278625
218 3.32674
163 0.169357
290 4.42947
353 0.696777
334 -4.24921
206 -0.199677
8 -58.8894
227 -1.54074
338 0.817383
57 -10.5962
196 1.67188
268 12.2281
358 -2.49905
341 0.705292
268 12.2314
357 -0.868683
206 -0.187744
232 5.08417
309 -0.658936
204 -0.185455
351 0.273895
351 -0.0582886
183 1.13593
272 -3.56955
283 17.262
273 3.7066
67 -9.13116
326 1.90518
212 3.16187
352 0.644409
110 -2.46974
359 -2.81183
354 0.521606
354 1.2811
325 -7.8085
157 0.124786
296 16.869
209 2.14799
247 4.58459
34 -27.5516
12 -57.9966
363 -2.40659
338 0.816467
183 1.13536
28 -12.8189
260 6.51437
189 0.600754
52 -160.443
260 10.4177
110 -3.20604
330 18.3886
318 0.494446
6 -50.4535
40 -12.5141
372 -2.59207
189 0.920609
110 -2.47263
28 -10.8417
297 -5.56931
90 -9.03537
264 -3.69678
125 -3.8614
212 3.16035
189 0.923019
367 2.99353
338 6.14178
68 -10.0564
183 1.13472
34 -125.409
51 -11.0689
333 -3.89886
319 -0.92514
189 0.919678
290 15.7433
197 -0.200653
367 1.18808
307 6.36206
153 -1.06934
234 5.13693
359 -2.81018
179 0.556564
300 2.62375
147 0.254364
356 -1.18884
173 0.400467
198 1.30086
145 -2.11148
344 0.232483
203 2.91451
358 3.95764
147 0.254852
136 -1.01988
184 0.977646
37 -12.4787
354 0.521393
323 -3.62009
55 -11.037
27 -13.002
294 4.73041
361 1.06378
277 5.02417
241 6.08543
188 1.42789
28 -12.8196
209 1.99109
112 -2.41748
201 1.2912
372 4.39801
349 1.0181
180 0.825607
344 4.25134
302 15.2863
354 -3.71866
302 21.7722
229 4.55725
175 0.390259
183 1.13333
77 -7.83836
67 -9.73869
203 2.91457
20 -14.1838
166 -16.8313
252 3.53004
52 -160.414
161 -1.21506
96 -3.19074
326 1.81989
337 -3.87924
96 -3.19054
192 -0.0358734
301 18.552
56 -10.9424
284 14.5966
86 -7.77316
368 0.0285645
208 0.781326
300 -0.419037
160 0.476028
213 2.4389
244 -2.30769
337 -3.81369
147 -1.67409
346 2.91418
239 6.65366
209 2.14769
143 -1.43565
225 -2.78864
336 2.30112
90 -4.26472
324 -6.6741
356 0.305847
179 0.168976
143 -1.4339
31 -10.8083
236 5.9749
57 -8.71947
303 -5.03412
192 1.39009
215 2.39117
336 3.13635
256 9.28433
314 16.5067
366 1.34811
58 -10.9206
273 11.6588
133 -1.28128
24 -11.1232
167 -0.499344
282 5.8269
205 0.660919
303 -0.330566
322 1.96536
345 0.824005
192 -0.0356598
284 14.5831
333 1.91183
358 -2.49899
199 2.03406
284 14.402
108 -3.3383
231 3.99471
370 -0.219208
191 1.78542
356 7.81387
269 2.67282
322 -1.84183
341 -2.35059
185 0.60527
338 -3.76404
190 0.61261
308 3.94821
266 -3.7233
338 -3.76169
318 0.50296
54 -99.112
127 -1.77676
366 2.71021
215 3.72638
347 -3.23984
359 0.278687
283 17.3074
1 -46.9645
335 -4.052
170 0.281326
193 1.79759
36 -12.7731
371 -5.29575
146 -0.86058
62 -11.0912
87 -6.68534
260 6.50586
31 -13.1846
2 -54.3188
201 2.67393
59 -46.82
256 9.28625
247 4.58472
182 0.556412
366 1.24017
187 0.176407
13 -105.334
129 -1.63268
272 -3.56952
272 4.82053
175 0.324249
120 -3.61555
326 2.19424
189 0.922073
289 5.65652
283 17.2603
180 0.825348
196 1.06796
354 4.28818
42 -40.2647
52 -160.422
273 11.9015
298 -16.7582
303 -0.329193
303 -0.331696
230 -1.72888
36 -27.575
354 -3.7121
277 4.94031
318 -1.76138
343 -3.04556
325 -3.57309
341 6.26013
126 -2.30804
343 1.68503
297 -5.62469
318 0.504181
26 -125.06
334 2.00381
116 -2.5508
173 -1.40648
212 3.14867
71 -8.34478
299 -0.524536
57 -46.5424
358 -0.832825
318 0.483948
160 0.352203
73 -168.283
241 6.086
246 4.57283
193 0.625092
174 0.918167
75 -7.79019
194 1.7579
353 -3.19275
316 -4.6235
168 0.275482
72 -10.2094
283 4.52145
39 -138.711
205 2.38016
154 -1.34196
310 -3.12335
134 -2.17557
45 -31.4537
324 -5.19965
189 0.922073
372 -0.386322
283 17.2998
227 -1.54083
185 1.33835
143 -1.435
368 13.8917
294 15.1769
255 -13.2808
287 -4.89319
313 0.539581
201 2.93776
202 -1.19569
154 -1.34229
288 1.09055
209 1.98842
285 5.14554
304 4.48294
356 -1.01376
34 -126.097
233 5.2242
194 1.75089
29 -38.7547
161 -1.2128
365 -2.52701
311 -5.57285
133 -1.21649
190 0.170441
196 0.623825
160 0.475952
363 3.94141
106 -3.43063
342 -3.40424
162 0.333282
35 -81.0271
278 1.5
287 -4.88812
206 2.20244
183 1.13206
363 -1.91095
241 4.40486
316 -4.6203
213 2.43878
97 -26.07
329 -2.27197
208 2.26183
192 1.34509
141 -3.18176
247 7.15837
218 2.49486
256 9.2872
324 0.983917
52 -160.344
154 0.372406
330 -1.56317
344 3.91946
338 6.13721
200 2.13141
354 -3.72089
337 -4.3212
221 2.9964
201 -0.181442
362 -3.23764
165 0.423233
24 -5.02926
260 6.51419
344 0.913361
67 -8.1342
165 0.413223
349 0.866516
368 3.93854
252 9.01358
180 0.825546
355 -2.94241
199 1.91708
277 4.93692
210 2.18532
12 -57.9911
309 3.5654
256 9.27536
310 1.99194
120 -3.58284
352 0.625458
368 13.8854
336 2.30185
21 -14.1575
268 12.2447
151 -1.79384
193 1.1627
261 -3.44366
189 0.925995
256 9.28766
372 -2.95166
61 -10.0444
194 1.71507
87 -20.4837
224 -0.882858
309 -0.927307
371 -2.44998
288 -5.01672
368 13.8882
253 7.67276
192 1.2812
167 -0.091217
180 0.42363
241 6.08357
355 0.577545
316 -4.62213
366 1.34708
181 0.551315
257 7.44812
307 -2.65884
363 1.8223
65 -8.99392
195 0.349136
323 2.44962
208 0.838898
180 0.419952
336 -4.27621
19 -14.3459
371 -2.12558
84 -7.50694
213 2.43904
231 3.9151
210 2.84401
36 -12.7732
210 3.52695
174 1.14268
106 -2.92444
295 14.8775
52 -160.401
268 11.7399
361 -4.07635
165 0.423248
73 -168.168
101 -5.39433
352 -0.536682
241 5.3898
301 2.51053
160 0.478699
306 0.293427
209 2.14822
327 2.15076
338 6.13248
73 -171.675
97 -7.00085
56 -8.7765
221 2.99228
179 0.439377
278 8.72141
185 0.605164
271 13.5258
175 0.431351
163 0.289444
194 1.4855
81 -7.94592
192 1.21542
199 0.711243
29 -126.087
303 -5.03409
354 1.28152
264 10.9911
138 -0.942627
180 0.52832
143 -1.43504
90 -7.65774
98 -7.50006
155 -1.29274
348 -0.428436
362 -3.16833
230 4.52838
234 5.1331
332 5.35992
303 -0.333374
258 7.01288
202 0.123047
233 5.28705
116 -2.54749
338 -3.75491
223 -1.99507
271 13.5186
246 4.41963
80 -186.698
45 -28.9396
361 -4.07266
127 -1.77105
292 1.42255
354 0.523254
218 3.18359
68 -10.0673
338 -3.75714
336 -3.35233
131 -1.79988
26 -126.192
247 0.677795
277 4.9386
354 0.526093
143 -1.43576
60 -10.2804
349 -0.4216
78 -3.83578
356 -4.48267
188 0.453354
232 3.51033
260 6.51428
53 -11.8082
323 0.514221
356 -4.08542
261 5.68817
57 -8.71926
166 -0.533081
368 13.9023
191 0.54184
316 -4.5351
54 -11.0152
148 -2.37991
325 -0.649902
228 4.31523
52 -160.373
42 -11.4236
326 -2.18201
40 -134.68
234 5.13329
231 4.08907
354 1.88251
309 5.952
189 0.921936
127 -4.613
183 1.13446
18 -63.2167
362 -1.51004
193 2.21205
188 1.2934
80 -8.44234
160 -1.09448
252 9.01431
126 -2.30797
356 -2.90628
333 2.00024
333 1.909
363 -4.03333
257 8.35632
170 0.279633
272 13.3986
189 0.924591
137 -0.82663
259 8.87372
332 1.01962
209 1.70316
366 1.34653
234 5.13638
272 -3.56857
163 -0.573914
346 -0.0683289
332 1.01904
257 7.45685
52 -160.44
154 0.338165
324 -2.17087
221 2.99417
189 0.92395
326 2.19284
303 -0.289551
221 2.99133
185 1.33145
313 0.538849
358 -2.49823
303 -0.286499
316 -4.6203
120 -3.58232
195 0.92897
117 -2.37405
209 2.14813
10 -25.9855
336 2.30472
326 2.19415
185 0.712128
196 1.06975
183 1.13272
183 1.13594
328 0.996338
301 17.577
159 -0.856171
161 0.18222
193 2.28264
203 1.81886
354 0.523651
354 4.5661
173 0.319733
187 51.9909
18 -14.4849
359 -2.81213
363 1.28268
299 4.6059
359 -2.81299
298 4.71225
299 23.6716
199 1.92409
163 0.463745
338 0.717072
224 3.13744
252 9.03114
25 -115.625
365 1.10217
262 7.34723
157 -0.64801
353 -3.26086
365 -2.85635
113 -2.4478
55 -11.738
260 6.51044
224 3.03581
323 2.45728
303 -0.331451
282 1.90305
152 -0.66098
214 2.3573
12 -12.6963
323 2.4202
93 -7.53779
42 -40.2691
18 -11.1702
283 17.2502
366 1.35297
316 -4.82294
180 0.825394
324 -3.55612
178 0.412354
359 0.274628
234 5.27701
332 1.01959
323 3.12228
303 -0.407257
294 4.7251
121 -3.64793
165 0.393234
42 -40.2805
59 -10.4104
203 2.91296
149 -2.00272
190 0.61499
201 2.93878
212 3.16617
181 0.473495
161 -1.21526
31 -55.7885
208 2.0329
341 5.31979
209 1.70312
209 2.37213
371 -5.29669
317 3.62643
216 -1.03554
151 -74.929
116 -2.52073
213 2.08159
342 -1.07529
135 -1.67393
115 -2.19572
257 7.45682
289 3.28348
339 0.843719
148 -1.89952
296 16.8582
218 -0.897079
282 13.9235
332 1.01907
15 -15.2078
154 -0.272079
276 1.52725
188 0.588531
188 0.829498
166 -3.26338
206 2.1987
280 1.91702
183 1.13393
199 1.92516
278 15.3744
183 1.13547
155 -0.767883
192 1.40182
247 7.65674
204 2.8279
158 -0.169754
256 -3.05675
210 2.84142
210 -0.422379
231 5.44009
196 1.06847
334 4.4422
214 2.35866
318 1.28409
175 0.434906
192 -0.035675
330 4.4071
183 1.27933
76 -9.1945
233 -1.64801
172 0.446091
185 1.30415
180 0.825256
368 13.8674
192 1.30241
354 0.52298
247 7.65674
175 0.337433
70 -181.777
162 0.363113
359 0.274719
124 -1.93198
268 12.2473
152 -0.751144
264 10.4763
194 1.75096
210 2.84412
283 17.3102
343 -2.1655
162 -0.420044
333 2.00162
174 0.395233
218 -0.896927
154 -0.0839539
334 -3.76065
218 3.31882
227 -1.37729
199 1.92503
53 -11.4269
294 4.49417
291 4.6488
368 1.93265
366 1.23929
87 -6.6923
231 3.76736
247 0.671509
271 3.65128
189 0.920715
280 5.28928
325 -2.21298
362 -3.54242
286 14.7281
20 -14.0648
210 2.84445
344 -1.76157
233 5.28806
359 -2.81125
171 0.231201
342 8.17221
173 0.337097
192 -0.0356445
212 3.1602
330 -0.213898
170 0.612
354 1.28113
84 -7.58811
268 1.92584
256 8.4881
359 4.4194
205 2.48003
268 1.97784
312 -4.8569
362 -3.54028
37 -139.646
198 0.375244
196 1.53554
352 0.622253
276 6.20792
364 6.52652
162 0.553833
372 -1.45892
101 -5.37415
346 2.91458
46 -99.7046
275 12.1801
313 0.538666
332 1.02029
169 0.355515
243 6.62589
210 3.52493
185 0.665222
270 -3.66953
363 -3.20541
234 5.23473
214 2.39252
52 -100.062
65 -8.98298
364 3.77451
225 -2.79109
232 5.09088
167 0.331161
348 -0.973206
183 1.24008
206 1.75357
206 2.28751
302 16.8795
72 -9.81462
176 0.351044
185 0.449036
229 -1.68523
353 -3.28116
174 0.291733
198 1.10881
362 -3.53674
320 -3.89099
164 -0.754486
113 -4.52249
262 7.70581
354 18.6737
229 5.20132
267 6.4184
357 1.74527
372 -2.66156
370 -0.0846252
338 0.817871
209 2.14806
295 14.4626
324 -1.98895
361 0.72464
212 2.45865
111 -6.25882
368 -4.63885
164 0.278793
211 1.73651
192 -0.0356445
359 -4.17188
135 -3.18639
279 15.5764
148 -2.38225
313 -7.98398
113 -5.5689
179 0.84877
210 2.84447
231 4.86128
255 -13.2809
359 0.278137
224 3.03539
328 3.35419
81 -9.53619
243 -2.20796
232 3.2847
174 0.209579
316 -4.61996
352 0.639557
154 -1.34157
266 7.01859
316 -4.62204
368 -0.997955
196 1.54926
148 -2.38196
223 2.79234
241 6.08607
331 -3.71951
286 4.59116
318 -2.63403
260 6.51468
234 5.28432
303 -0.297211
298 -16.7599
294 4.49454
208 0.422592
326 -0.321594
161 0.435471
109 -5.45241
252 9.01547
361 -4.0715
344 -0.955322
347 5.569
290 5.03799
233 4.26405
344 -1.62222
271 8.9324
337 2.13632
364 6.35986
162 -0.3461
371 -4.05151
368 1.81119
341 -1.37961
143 -2.08144
282 6.56595
209 1.98383
161 0.156342
314 2.97961
335 -5.77615
246 4.41779
245 6.27866
365 -2.85306
193 0.55809
309 -0.927185
290 1.06229
175 0.304245
189 0.91925
186 1.15408
368 13.8478
232 5.09375
354 -0.851379
176 0.776855
371 -5.31125
218 -1.42828
183 1.13271
259 8.88272
338 -3.75568
329 -7.9613
235 -1.11522
307 2.93677
303 0.775696
296 3.31735
246 4.41916
110 -5.10958
356 10.8844
352 1.54401
361 -4.08185
244 6.28285
189 0.922134
368 -3.29156
335 0.522614
140 -0.319748
277 12.094
267 9.50235
125 -3.86179
367 -1.76953
191 1.38008
16 -14.8124
212 3.15927
161 0.280258
21 -122.485
157 0.138763
234 5.28638
271 11.2293
366 -3.03427
323 4.14719
120 -3.57784
223 4.1758
187 1.202
54 -11.0152
201 2.93846
207 2.38496
336 -5.15134
353 1.72818
333 -3.61768
310 -3.31262
109 -5.90229
209 1.99043
204 2.54688
349 -0.321045
185 1.37091
236 5.31273
341 5.31705
68 -10.0571
342 -1.3627
218 3.18393
332 -5.06952
359 0.282379
275 7.46228
187 0.429337
225 -2.78389
104 -3.37129
349 -0.17511
216 -1.0296
189 0.590073
209 2.14774
349 -2.1864
352 -2.91162
367 2.34106
197 -17.7783
364 5.6799
294 4.67899
185 0.604813
256 -3.05698
244 -1.62863
343 1.7847
229 3.71654
133 -3.33047
248 -1.43921
202 1.89273
323 11.6435
332 1.03549
285 4.92914
344 3.43839
339 0.589783
117 -2.21964
232 3.78358
65 -9.34863
277 4.94559
252 9.01555
312 2.9024
210 3.49112
316 -5.68658
366 -2.04904
323 2.64291
210 2.74489
190 16.4363
96 -3.19072
162 0.401611
256 9.28372
85 -9.12253
182 0.570251
297 19.5702
209 1.69315
197 -15.9843
141 -2.99864
127 -4.61292
157 0.251862
368 -0.258484
235 -1.12543
127 -4.51406
200 2.13144
214 2.36519
282 3.61475
189 0.921906
274 11.1868
288 -5.01587
145 -2.35207
352 0.634003
98 -5.6436
247 7.15907
370 -2.50092
164 -0.663971
148 -1.8983
312 6.23718
189 0.486115
357 0.602722
367 -2.43176
356 -0.965271
234 5.13571
345 -0.77417
353 -3.26099
147 -2.3084
368 13.8474
185 1.3369
245 6.15152
245 5.48511
213 2.43915
166 0.254929
187 3.48013
349 -0.280457
337 -3.02832
354 4.24426
334 1.88074
183 1.1339
27 -129.716
276 5.08551
267 1.96725
187 0.584702
347 -4.55728
234 4.15804
57 -11.1559
312 2.65427
224 -1.43893
358 4.28055
225 1.35445
157 -0.203201
354 4.29391
341 -0.061676
209 2.1488
344 3.59378
277 4.94089
142 0.367126
266 8.68427
346 8.65399
234 -1.29904
371 -0.949738
209 1.98956
12 -57.9939
327 10.4164
150 -1.58945
200 1.76701
340 -3.99628
256 9.28363
174 0.302292
108 -5.48975
160 0.253952
84 -7.80025
236 5.38684
367 2.50177
267 1.88348
364 -0.225769
17 -107.366
328 -2.19733
341 5.20572
42 -11.7852
93 -7.53204
262 11.2975
170 0.336288
354 1.27933
288 3.85138
108 -5.85253
187 0.428543
315 3.17706
255 -13.2869
360 1.15475
110 -2.67284
281 4.79761
180 0.825531
252 9.03157
367 -0.404602
179 0.945175
256 9.28674
201 2.93842
70 -13.8545
164 0.278732
350 48.8469
170 0.182343
230 4.52838
244 5.65804
243 6.1418
301 5.08789
355 17.751
192 1.61559
294 4.67807
189 0.921143
191 0.471115
261 -3.45117
185 1.03935
343 0.986389
277 -5.40536
252 9.01529
198 1.31213
154 0.36969
162 0.333099
338 0.815887
213 2.43887
153 -1.31549
87 -20.498
211 2.38855
130 -1.66492
328 -2.19302
193 1.20416
257 7.44727
233 4.26392
225 2.61351
213 2.45982
360 1.15424
220 3.3291
369 -2.55881
363 -2.45245
192 1.41505
148 -2.38062
163 -0.781296
340 0.104156
185 0.711594
91 -7.69389
293 4.37488
162 0.553726
203 1.83327
272 13.4341
233 5.20598
335 -4.04764
247 0.617081
328 -2.19009
363 1.45114
283 4.979
300 -5.50085
241 5.4473
184 1.71039
359 -1.91071
147 -2.07133
233 5.20131
184 0.801758
339 -4.03979
313 6.58862
372 -0.396057
94 -7.27789
234 3.36412
345 6.01971
171 -0.857819
298 -16.7557
148 -2.36986
362 -3.24963
162 0.553635
345 3.2446
233 5.20572
177 0.456497
78 -9.83318
313 3.92651
267 -0.806366
210 3.56644
336 -5.43265
346 1.82394
348 -2.18478
185 1.54195
79 -7.80227
303 1.20148
209 1.71941
199 1.92401
221 2.99295
161 0.154526
362 -3.2467
217 3.16257
356 -2.91794
260 6.67325
329 -4.39407
312 3.79602
350 1.92203
183 1.13458
189 0.64592
363 2.61404
137 -0.826813
283 17.2445
33 -121.868
195 0.771927
55 -164.349
257 7.44812
371 6.26605
295 12.8812
360 1.15735
275 7.23792
345 0.934937
361 -1.9155
93 -7.46525
60 -12.143
184 1.29262
318 0.51358
366 1.28122
188 0.453323
260 2.13034
337 5.0892
299 15.969
333 2.87631
332 1.01929
227 3.45807
180 0.825485
108 -5.48923
234 5.28432
188 0.587952
315 -4.54984
365 -2.85687
273 10.5454
360 1.15448
225 -2.62723
333 4.74594
76 -7.83472
357 -1.39825
73 -167.446
234 5.28816
46 -11.6335
190 1.66809
190 0.380844
333 1.88739
299 -0.531128
230 4.5239
204 3.23724
366 5.87164
167 -0.301453
200 0.762253
87 -8.86847
346 2.91147
229 4.01479
307 7.08243
137 -0.826447
162 0.028595
366 1.97668
277 4.93237
305 0.672974
269 11.1671
190 0.792969
281 4.83047
331 3.63034
216 2.28494
264 8.39996
194 1.75887
18 -63.0888
272 10.5594
346 -3.72748
209 2.14825
368 2.966
217 3.42938
232 4.85905
108 -5.49001
297 12.8535
262 7.71457
145 -1.01471
188 1.36713
342 1.07446
188 1.75142
345 0.289459
190 0.931381
266 8.74188
259 8.88284
213 2.08133
288 19.4075
187 0.429291
93 -7.42545
364 6.3761
62 -10.3422
367 -0.410431
363 -2.4841
280 13.482
125 -3.86103
256 9.27933
342 -2.16125
240 -1.58038
121 -3.63427
218 3.20241
162 0.553391
328 -2.1983
313 16.6798
162 0.403259
137 -0.826096
341 5.31683
196 0.781418
233 5.22063
50 -97.719
219 2.96596
209 2.14481
342 -10.2569
210 3.48239
312 2.65259
76 -9.83171
166 0.383652
231 3.98558
140 -0.31665
184 0.586212
244 -2.3054
209 -0.373245
368 2.96262
210 2.84444
354 1.28094
247 0.677841
277 4.94077
324 6.98029
332 13.3165
312 2.70602
194 0.640594
108 -5.49011
148 -2.38133
330 -3.13181
68 -9.80449
174 0.940628
258 8.60498
338 -3.8515
332 1.01682
336 0.94043
193 1.41095
368 13.8414
121 -2.22406
338 -4.03232
361 -2.15585
265 2.21811
319 9.7034
253 7.67157
180 0.82547
135 -1.47949
320 -2.17856
294 4.72684
330 -2.38535
211 1.75702
224 4.3524
372 -1.7702
232 3.50989
264 6.28815
183 1.14871
342 -6.42029
366 1.40567
187 0.531799
324 -2.00751
156 0.0872803
333 3.31946
218 2.49503
279 4.01181
99 -8.28806
354 0.361572
173 1.04593
312 2.65082
145 -0.678391
68 -9.66544
321 -2.60016
286 6.58453
328 1.20685
367 -2.46317
346 -0.716217
344 -2.49084
175 -0.464478
359 -2.81238
230 4.52348
212 1.80313
355 11.6318
148 -0.828369
325 -3.33286
356 1.32541
349 -3.43082
197 1.09256
333 1.99695
148 -2.38213
363 1.38321
135 -1.1283
223 2.72647
354 4.32407
245 6.05434
84 -9.0145
256 9.28421
355 -3.42496
360 3.57602
217 2.72749
346 2.91931
189 0.921417
209 2.14828
179 0.421387
141 -1.96899
192 0.431244
360 1.15875
246 4.41864
222 3.60168
171 0.0344543
161 0.953186
221 2.99208
309 -0.654205
334 -4.24869
209 2.14804
210 1.59239
191 0.490295
160 0.50386
121 -2.22425
76 -9.46524
256 7.50519
246 4.89128
344 0.888123
325 -1.83676
372 -2.97
184 0.358063
288 19.487
253 7.67171
344 3.3866
324 4.31076
286 3.37701
330 0.0202637
210 2.19698
360 0.821594
298 8.27286
160 0.229401
338 -2.86618
307 0.763428
368 2.96353
284 13.7592
362 -1.84372
358 0.105408
368 2.96533
338 0.757843
114 -5.4607
311 -1.63699
206 1.38963
68 -9.71955
210 2.82724
162 0.334
267 7.66016
271 13.5314
263 -3.67435
320 -2.39725
218 3.18335
240 5.39459
214 1.97743
326 2.19571
236 -1.46378
290 15.6011
217 -1.509
108 -5.48981
108 -2.7627
196 0.638733
359 17.5548
203 2.9131
203 1.8726
221 2.99425
171 0.25351
199 1.92494
357 -0.841461
199 0.231995
296 0.497955
177 0.360016
235 -1.11572
236 5.22021
190 1.66818
168 0.278992
307 -5.23853
361 -4.0751
314 3.24228
234 5.14212
247 -8.26132
354 4.22818
239 5.37677
213 2.43886
308 3.54807
189 0.628128
165 -0.514954
173 0.277664
369 12.9582
162 -0.0400238
253 -1.86455
346 2.67667
295 15.4251
354 4.27603
345 0.903503
366 1.34897
338 -8.1105
323 2.46976
186 1.26733
93 -7.05133
178 0.675827
229 4.56363
23 -12.9931
368 2.72546
138 -1.0748
183 1.13763
358 -2.32141
173 0.381882
332 -5.3457
188 1.42787
361 -2.01093
329 2.53989
8 -109.979
358 -2.2374
337 -0.397705
345 2.97244
367 2.98843
220 3.22008
146 0.447067
120 -3.57779
367 2.33359
200 0.747147
140 0.250565
201 1.29124
323 7.95972
312 2.65063
349 -0.165497
363 1.5062
210 3.5257
218 2.49498
356 -1.66547
178 0.410217
324 0.994263
345 2.91608
256 8.45715
148 -2.38257
165 -0.662781
298 -16.7481
366 8.5267
73 -168.177
109 -5.45157
330 -1.452
296 15.8213
326 1.92648
209 1.69328
299 -0.526428
364 6.06683
360 -2.94046
354 1.27948
213 2.43854
188 12.1956
256 8.47775
213 3.01666
86 -7.98341
188 0.453217
231 3.49236
325 15.2217
241 5.56441
160 0.228897
17 -106.997
356 -2.92783
234 4.63164
331 6.47009
254 -2.18636
329 1.1185
229 4.59378
236 5.98328
359 3.0271
194 1.75896
354 -3.72363
325 -0.628845
143 -2.83873
18 -14.4904
285 14.5862
309 -0.659058
356 -4.08777
338 3.18082
359 -1.45212
319 1.05118
73 -170.436
349 -0.172913
209 1.69331
360 0.238495
359 0.298309
361 -4.07425
333 2.79779
348 -1.61087
214 2.36517
288 -5.01715
339 -4.35394
159 0.225067
359 0.276001
368 13.8945
157 0.149078
181 0.479599
323 1.34015
213 2.09062
179 0.429916
290 -3.75998
165 0.240784
215 2.31058
208 1.67039
292 1.21155
261 6.08191
206 2.23145
87 -6.68519
232 5.09181
353 -3.27466
174 0.591263
171 0.191071
236 3.66023
177 0.163651
365 -1.0228
367 2.68182
330 0.118591
305 2.4729
200 0.823669
208 2.6852
319 1.41562
238 4.98351
210 3.52583
230 5.52437
329 -1.87216
259 7.65564
353 0.763092
86 -8.07294
89 -8.21479
367 -0.417267
248 -1.43951
265 7.25854
161 0.280304
359 -1.39969
331 3.595
189 1.50246
368 13.9061
175 0.577835
172 -0.375565
336 2.08527
362 3.54276
94 -7.61297
328 -2.20679
184 0.531311
193 1.08424
256 8.49988
343 13.0745
370 -4.04538
188 0.453262
302 1.43918
201 2.12343
366 1.34744
363 1.47757
297 13.3108
307 13.0591
313 -1.7009
349 -0.169189
209 1.99701
222 2.62167
247 4.58578
331 2.38617
201 1.29048
194 1.75806
135 -3.18633
231 3.9614
159 0.226044
210 3.52524
166 0.38356
132 -3.99226
293 -3.93204
105 -5.99752
315 4.80304
314 2.13474
364 6.05728
218 3.32207
315 8.93475
157 0.139771
356 4.47559
159 -0.994278
208 2.1488
87 -6.68253
66 -9.33056
213 2.09033
364 5.68689
322 -3.44989
166 0.21907
326 -0.387573
287 15.716
360 1.15793
185 1.38744
37 -35.4179
356 4.69797
44 -11.9727
324 -0.0229797
346 2.91693
256 9.29013
324 -4.09244
349 -0.230896
356 -3.10437
218 3.23981
368 13.8674
157 -1.18207
196 0.57399
274 5.58542
352 -3.37097
124 -4.61699
218 -0.896439
14 -13.773
216 -1.03479
218 3.32648
366 9.3685
157 0.139938
188 0.43692
330 -5.87756
297 18.4728
351 1.18024
359 3.01736
240 -1.68408
180 0.824051
356 -1.23969
365 3.82001
320 -5.12881
167 -0.0650482
325 -5.19342
363 -5.11252
363 1.41336
206 1.39281
363 -1.33054
187 0.427658
190 1.66811
126 -3.88151
351 -1.07184
326 4.12256
173 0.30127
87 -20.4904
271 8.72311
171 0.198395
159 0.21817
262 7.58542
318 -1.63782
40 -11.8061
337 2.33279
210 3.52806
368 13.8945
196 0.913712
189 0.921906
225 3.05635
256 8.50073
177 0.417831
330 -3.57971
363 3.95847
151 0.456131
216 1.16788
358 1.7934
345 2.92932
337 2.43866
309 -0.777893
294 15.1401
210 2.84265
360 1.2175
175 -0.956482
329 -7.5816
206 0.794281
183 1.13397
331 3.28397
172 0.689102
114 -5.77766
289 4.44562
360 -2.49847
362 5.7525
360 1.15359
359 4.11395
42 -40.2599
153 -1.33949
336 4.12616
365 -2.86475
210 2.84445
111 -6.08606
309 1.41953
42 -145.06
185 1.44983
161 -0.873505
155 0.366257
362 1.5752
365 0.92804
200 1.04837
233 4.01556
189 0.925461
209 2.33714
120 -3.57857
356 -4.09833
209 1.69382
330 8.36041
75 -10.1638
180 0.825623
187 0.556076
324 -2.16718
301 -5.50494
264 8.21756
346 -2.34125
372 -0.643555
13 -14.32
317 -3.20694
210 1.80785
327 1.10358
192 0.622498
123 -1.89525
342 3.5278
370 17.3986
274 8.75662
284 9.27005
168 0.423904
229 4.53842
298 -16.7589
183 1.13303
336 13.2491
233 4.26033
213 2.43913
147 0.00773621
257 7.44733
355 3.58347
166 0.25473
357 -1.62875
312 2.92526
246 6.03311
219 3.41061
135 -1.84534
201 -0.221237
223 3.53557
323 3.10626
233 5.17856
206 2.3053
269 7.44122
296 2.31842
322 4.20584
364 4.85416
210 3.48969
165 0.407684
209 1.3569
163 0.163574
225 1.35255
328 -2.19693
339 -13.0462
323 5.97437
173 0.318832
186 1.18307
293 16.4726
358 4.48505
188 0.587982
199 1.53882
87 -6.68447
218 -0.898148
92 -7.68747
216 2.24963
243 7.39299
346 2.63556
361 8.76611
200 2.13132
358 4.27536
252 8.11719
188 0.250732
284 14.3903
351 3.28879
138 -2.18056
230 4.52844
328 10.7355
353 -3.18451
210 3.52438
196 1.67065
323 2.43286
233 5.17839
224 4.60915
290 6.25418
356 -4.49161
76 -8.5965
184 1.28476
304 7.94162
343 -5.33206
370 -3.96146
335 4.21674
330 -2.32806
138 -2.34015
244 6.33694
137 -0.826324
186 0.525787
308 -5.33972
30 -127.316
323 -1.27771
331 3.24158
327 4.58334
350 0.380066
167 0.229843
180 0.481888
180 0.825516
309 10.083
117 -4.963
209 1.85428
171 -0.276276
359 -1.93802
200 1.39268
349 -0.16684
366 1.34598
310 3.83685
205 0.984802
120 -3.57874
211 2.90591
171 0.192444
350 1.28891
227 3.75641
303 14.5019
353 -3.23145
329 7.50861
342 1.29626
371 8.70657
364 6.59369
304 7.8844
291 4.39398
203 -0.0298767
91 -7.77815
359 16.7833
367 -0.321106
357 -1.96667
345 1.44327
181 0.411133
307 0.767944
212 1.94046
202 1.95018
334 2.00732
315 4.67203
160 0.232651
224 2.69293
268 12.2202
337 -0.388245
322 4.22229
210 2.8441
264 10.1877
342 4.27612
338 -3.79263
253 7.67212
338 2.40842
336 -5.56094
304 0.35144
185 0.350586
259 0.136108
323 3.11441
161 -1.21249
328 -2.19724
303 9.6387
336 3.18295
372 -10.2467
196 1.68579
347 8.25293
271 13.5296
370 1.84305
176 0.496857
324 -2.17529
202 0.928604
48 -11.0302
68 -10.0612
366 1.39664
366 1.23755
354 -3.72012
358 -2.46457
223 -1.68608
164 0.278854
357 -2.75305
289 -3.77216
211 1.84512
287 4.80206
353 -3.27191
209 2.14806
151 -1.76196
181 0.464783
365 -2.31073
302 -0.307312
161 -0.874054
300 3.64307
310 2.61002
359 8.1152
196 1.02075
343 -0.40155
95 -7.11025
277 4.9437
229 2.65709
226 5.41455
165 0.347229
335 -3.90683
366 1.34842
310 -2.95578
187 0.427734
219 3.31544
367 -0.404449
337 3.19171
326 -1.79428
153 -2.52098
229 4.59648
211 2.23337
353 -3.26395
341 -13.122
304 5.54648
209 1.73262
69 -171.656
334 10.4911
187 0.823029
223 3.3342
351 3.91757
349 -0.165131
349 -0.180573
278 8.72464
256 -3.05705
294 4.67859
358 -2.14597
318 4.76431
162 0.363144
316 8.92087
361 0.840576
307 -1.21707
108 -6.45544
363 3.91275
156 -1.40192
343 -1.49106
9 -108.594
257 7.44907
369 -3.46588
348 -1.32108
225 3.16075
4 -106.88
363 1.45718
315 -1.64114
311 -1.91351
363 1.06693
284 5.77289
368 13.901
180 0.22554
358 -2.49146
284 6.49292
309 -0.658417
291 5.99362
354 19.5107
341 -2.40509
340 -3.55255
189 0.923553
338 0.817535
207 2.14073
362 -5.04605
231 3.89308
366 1.35287
204 1.27037
185 1.32294
198 1.25299
256 8.47955
287 6.49619
334 2.97516
251 7.94824
194 0.546906
321 3.5173
154 -1.9012
272 1.69095
274 1.4231
353 -3.26846
188 0.453125
294 4.73206
74 -187.05
338 3.93756
97 -6.89823
218 3.18353
274 11.5125
334 3.24936
359 0.277954
211 1.80307
209 1.7032
184 0.676453
288 19.4087
349 -0.426453
88 -8.93293
340 -4.14456
224 4.58853
311 3.1329
346 2.91611
283 17.2543
360 16.8451
88 -7.97861
353 -3.26318
343 4.82642
221 2.99187
366 1.2395
284 4.61899
255 4.80072
357 -0.949646
173 0.284042
148 -2.07802
366 0.0950012
209 1.69308
293 15.5891
97 -25.9345
366 -2.0173
241 6.08376
184 0.500641
167 -0.451569
186 0.669342
172 0.830353
358 -1.80078
354 -3.71365
166 -0.339462
196 0.611465
328 -1.42026
372 2.50168
153 -1.3138
241 5.44751
185 0.7117
353 -3.27396
353 -3.26309
366 8.88263
191 1.52643
121 -2.22435
216 2.69957
201 1.55768
201 0.1539
218 -0.897949
161 0.181351
331 3.66028
104 -6.58665
298 16.2131
373 -2.38626
164 -0.467224
160 0.228821
59 -11.7257
360 -3.52072
338 -2.6926
236 5.31314
347 6.94312
319 -0.926758
290 6.30862
170 0.197296
105 -5.34226
68 -10.0517
255 7.17273
116 -2.51807
209 1.73282
196 1.28773
142 -2.1217
97 -25.9155
283 14.6302
368 2.7243
232 4.80176
209 1.70302
298 -16.7616
210 2.84012
313 0.536316
120 -2.8357
213 2.09062
244 -2.30943
325 -0.627716
368 8.54047
68 -9.66566
343 -4.00894
254 6.5172
298 3.36887
197 0.767319
97 -6.82996
210 2.84431
301 16.7658
363 0.326324
353 -3.27136
208 0.387863
210 2.84175
354 1.45718
274 1.3866
164 0.278625
323 2.41653
347 5.11966
313 15.4681
97 -6.99877
334 1.91028
277 15.443
349 -0.166748
281 4.68912
63 -10.3681
162 -0.0193787
294 4.72964
181 0.523132
196 1.06502
159 -0.968948
225 4.66118
182 1.27055
368 13.8062
81 -8.35495
209 1.70085
271 7.03409
341 -4.29993
176 0.0944366
115 -3.01064
342 -3.9101
307 0.730347
182 1.21185
367 2.34683
309 -0.658112
243 7.39952
363 1.55612
336 1.23239
246 5.83626
284 -1.63144
299 9.47519
175 0.459885
190 0.316116
289 15.3056
157 0.139969
213 2.08878
231 2.87177
372 -1.80081
324 0.221832
184 0.783783
368 5.29956
288 3.3959
164 -0.716522
360 1.15424
54 -10.982
338 -6.33826
296 3.50238
186 0.321381
283 17.2444
355 2.51581
264 4.36032
313 16.9602
366 1.40637
316 -2.26852
367 -0.305023
145 -2.39005
67 -9.75473
33 -36.3305
303 4.90677
179 0.39946
368 2.9642
221 3.48312
322 -3.31345
196 1.61139
180 0.459808
353 -3.27686
138 -2.15276
98 -7.52804
176 -0.221466
120 -3.57834
360 1.26031
315 -1.18753
368 17.0796
284 4.78104
142 -2.04166
213 2.08875
319 -0.923767
367 2.99054
253 7.34372
116 -2.57005
368 1.79007
344 3.38614
334 -3.78528
340 -1.87906
257 7.36127
307 1.04578
354 -0.55484
299 -0.524261
353 -3.26907
372 -0.70105
364 6.0517
252 9.03021
295 -4.86847
87 -8.10125
363 1.54764
360 -2.14096
196 1.15132
236 5.31316
199 1.88171
290 -3.76123
221 2.47279
68 -9.66584
319 -0.92041
309 -0.913147
252 -2.57324
263 7.03867
369 -1.55838
143 -2.15437
350 5.32822
364 5.89087
256 9.28748
210 1.81053
358 -0.8349
325 -2.2131
342 3.68945
363 1.49716
253 4.3399
185 1.58943
254 6.51514
337 2.33463
171 -0.291855
219 2.31819
161 0.276474
73 -168.378
355 1.48682
210 2.37306
337 -4.41641
281 -3.69479
160 0.247528
356 -3.07498
218 -1.42114
218 3.31783
331 3.28168
209 1.97639
355 11.7546
47 -10.7371
154 0.370514
306 -1.23221
240 5.79994
102 -6.99882
359 16.7814
236 5.3118
280 7.02667
336 -4.37057
353 -3.04886
140 -2.50568
330 11.4866
237 4.05045
342 -4.6322
327 0.66272
345 6.02136
198 1.68147
358 1.08316
218 -0.898087
209 1.6936
320 -0.324158
365 -2.85852
312 1.83249
137 -0.825775
354 1.41876
296 3.00488
327 -0.547333
199 1.32452
301 0.817444
52 -160.402
325 -0.640808
172 0.26416
368 1.80527
272 -3.56927
365 -2.84998
295 8.10199
170 0.329025
188 0.560867
225 1.35161
144 -2.21161
55 -164.337
187 0.428375
372 -0.392822
223 2.79259
306 0.539978
373 -16.5464
196 0.627106
199 1.92569
216 -1.03532
86 -8.81906
313 0.53833
367 2.35184
203 2.91267
142 -2.18541
161 0.955673
356 -4.48251
256 8.49854
45 -11.2601
225 4.65851
294 4.73123
294 3.38446
342 3.26678
310 -2.95639
345 2.95065
235 6.20938
298 3.20251
367 -1.11725
366 2.71176
307 0.839539
319 -1.68384
170 0.44252
251 -1.8421
320 0.600769
274 7.75473
244 -1.62843
349 -4.04034
210 -0.0871887
236 5.22037
316 -5.68658
299 0.402435
356 -4.09149
215 2.26646
297 -5.57019
334 -1.43588
79 -5.09264
266 8.55829
170 -0.222931
367 2.35486
323 0.742004
196 0.868851
200 2.05925
192 0.754913
185 0.879669
142 -2.65857
347 2.92957
341 -3.91953
372 -1.99591
256 9.28998
225 -2.76823
309 -0.862213
244 3.44965
199 1.06088
212 3.55594
203 2.46114
327 -0.546417
256 32.2651
353 -3.2251
368 13.8977
180 0.428818
365 1.60995
202 2.51402
316 6.61758
169 0.167389
322 4.15726
146 -1.77394
198 2.5255
269 -1.51996
362 3.54294
357 2.03995
167 0.246658
349 0.934692
236 5.2205
345 2.40018
200 1.6913
293 4.34958
218 -0.896088
326 10.8212
344 3.38669
290 6.25119
204 1.64818
285 3.71951
261 6.30411
232 3.28497
335 -5.39682
356 -3.0668
210 2.84195
181 1.11739
154 -1.34373
55 -164.388
220 2.77623
330 0.295532
289 12.5739
332 -1.71222
299 3.51892
283 17.2571
357 -2.9357
219 2.90729
247 7.61916
65 -9.87779
78 -7.9977
318 -3.34222
339 3.05322
288 -5.06195
363 3.96188
344 4.00754
189 0.343994
194 1.75851
268 5.68942
225 3.85217
73 -170.074
337 3.4133
167 0.163559
337 -0.388885
366 6.50089
207 3.46355
213 2.08905
240 2.35719
302 13.8076
181 0.40831
274 6.83789
323 2.4415
216 2.89209
349 -0.460052
178 0.886337
268 12.2432
307 0.975677
198 1.62134
175 0.766296
218 3.2952
207 0.784485
350 1.004
302 2.53906
360 1.15686
68 -10.2952
344 -2.63715
303 15.6117
254 6.51712
198 1.49716
202 0.929398
370 7.65228
348 6.05466
364 6.06458
366 -3.20328
247 -1.73061
203 2.91417
354 0.530151
332 3.19983
367 1.47833
303 3.32196
239 4.77051
52 -160.417
368 1.40836
188 0.569305
350 -7.39316
333 1.92068
205 0.150024
367 -0.344116
206 0.98291
148 -2.38258
329 -2.05371
364 6.48389
143 -2.54185
364 2.45026
187 0.822906
345 -0.660339
252 9.01468
289 4.51068
312 17.0141
271 -1.51694
212 3.16116
164 -0.627518
256 8.50302
356 -4.48004
188 0.589035
341 4.39835
199 1.92484
136 -2.94641
331 3.66345
265 8.67813
195 0.771973
232 3.2856
64 -9.89962
236 5.31174
325 0.412537
232 -1.42128
163 0.2267
319 -0.925812
367 -0.407593
323 2.42004
230 3.92477
213 2.14433
186 1.69005
368 2.96637
348 -3.69662
370 8.62579
188 0.453171
218 -0.896759
191 0.998352
337 0.912628
257 7.44742
190 0.923416
336 1.92633
368 -3.06201
357 -3.08051
185 0.605057
359 0.276001
313 7.37982
162 -59.4719
134 -3.28363
218 2.49493
190 1.66814
353 -3.26871
324 2.66782
346 2.92334
317 -1.14581
337 2.43597
150 -2.26147
232 4.81468
368 1.77191
200 0.769028
254 6.55786
328 9.17325
212 2.35394
316 -1.50735
337 3.48819
349 12.2878
186 0.441315
247 8.72861
337 3.60596
180 0.8255
185 1.51849
366 1.24402
328 -2.20587
175 0.523804
97 -7.36989
69 -9.27718
263 8.57263
171 0.0320435
346 2.6474
259 6.51947
225 3.64868
201 0.153961
326 5.11188
293 5.12714
214 2.29237
183 1.39011
326 2.28406
312 2.99554
126 -2.30797
354 1.77127
243 5.67125
277 4.94513
161 0.279709
310 -2.9841
171 0.192596
315 3.51749
183 0.502014
294 4.496
157 0.139893
112 -2.39513
239 -1.44144
308 1.729
337 -0.405487
276 14.6113
301 -0.126282
259 -0.119537
149 -2.52197
361 -0.47879
113 -5.91064
197 1.63303
334 9.84164
58 -32.0994
94 -7.75834
356 -4.0947
328 -0.433685
277 4.94025
288 15.0609
319 1.42627
305 3.77374
293 4.38791
197 1.3826
368 13.8993
366 1.24136
111 -21.654
359 16.7852
367 2.35712
206 1.83252
288 19.4098
364 5.68112
268 12.2136
58 -10.5935
301 -1.54953
276 7.6449
347 3.35135
209 2.14952
313 16.8213
126 -27.5811
152 -1.97508
356 -4.08395
195 1.28491
310 -3.298
207 1.57326
176 0.420395
356 -4.09525
306 0.618469
336 13.245
369 8.07648
360 -1.40964
203 -0.121872
353 -3.27271
184 1.08864
283 14.6962
256 8.50052
363 1.52814
367 -0.406464
350 -7.39264
296 16.1504
366 -8.13647
126 -3.3157
57 -11.2149
344 -5.4104
357 4.87085
351 -8.00012
264 10.3057
289 8.19678
218 -1.42851
265 6.97318
168 -0.19368
290 -2.3118
207 1.64128
310 -2.97794
297 -0.120789
265 8.70291
368 13.8415
219 -1.3306
246 4.42308
162 0.22554
363 5.76346
326 -1.28955
281 -10.9145
368 2.67584
244 -1.62816
274 12.2198
256 8.47922
352 20.2129
260 2.26559
157 -5.15147
192 1.28696
218 -1.42877
188 0.588257
177 0.373993
368 -4.56125
47 -27.5521
367 2.27103
230 4.52773
169 0.16568
268 8.34116
199 1.92403
190 0.532761
166 0.383636
307 -2.49176
278 -0.975983
331 8.75082
194 0.539108
258 6.11975
225 3.05594
194 1.35782
353 17.17
193 0.544754
328 -2.20065
209 1.76939
363 3.95538
231 3.77272
225 3.41229
209 1.70312
349 -0.5466
253 5.82593
126 -3.88394
231 3.94843
187 0.307068
209 1.73305
224 3.16405
137 -2.04797
351 3.91058
296 2.98544
223 2.79253
192 0.715195
256 9.28934
210 2.26254
241 2.45958
103 -6.45731
161 0.154648
173 0.386261
349 16.013
313 16.5394
300 -1.06906
329 8.20184
277 -1.43533
209 2.14949
222 4.004
327 -13.5844
140 -2.09143
183 1.35251
164 -0.6203
341 -0.122345
177 0.590591
183 0.418808
265 6.22641
164 0.301086
216 -0.572006
252 9.01524
184 0.960861
323 2.43591
363 1.4989
234 5.13397
311 -5.17599
354 -3.72198
288 19.4077
304 0.424225
300 18.7702
151 -74.9288
331 3.78372
348 -0.411804
363 3.93292
209 2.14952
351 -2.952
346 2.4039
275 14.0815
161 -0.842651
143 -2.54128
356 -2.86404
97 -6.99847
200 0.980606
312 2.65381
223 4.07431
280 8.53467
153 -1.32205
292 0.251282
353 -2.30292
340 3.40414
313 -4.77951
328 -1.36209
161 0.154404
71 -183.052
218 2.58939
280 6.86197
319 3.30719
180 0.480301
153 -1.33549
339 1.724
219 2.70428
273 2.28787
184 1.35255
316 8.91815
368 8.13879
299 -0.10437
339 3.03476
328 -0.407104
224 3.28682
347 5.68097
217 2.23894
299 20.1558
212 3.15973
235 5.85364
251 4.70628
255 5.27634
338 -7.6633
41 -12.1561
188 0.87648
187 0.500351
325 -0.901398
368 5.86703
318 8.24966
292 5.28128
297 0.65094
345 5.07178
336 -3.22031
184 1.35332
337 6.25632
88 -8.42418
356 0.785065
97 -7.00245
367 -0.475037
306 0.813019
281 -3.69479
187 0.549316
241 -1.90532
252 -2.57362
365 -0.376648
253 7.67215
276 5.59302
349 2.58203
194 1.47095
217 2.4673
229 -2.13092
338 5.64209
332 3.79327
42 -12.077
302 16.9939
352 -0.223419
363 2.24854
279 5.03033
319 -0.922791
205 2.13252
188 0.45314
120 -18.4972
170 -0.117035
298 -5.5372
368 2.96338
366 1.35132
239 4.35625
206 2.19824
361 -7.37332
171 0.19136
359 0.277649
283 8.47485
200 1.29541
275 6.67841
298 19.6239
209 3.56821
330 -2.65591
356 -4.07889
187 1.3766
173 -0.356689
68 -9.66555
199 1.11986
274 -1.44989
210 3.54462
352 -1.90674
169 0.385025
349 6.29633
163 -0.78006
311 -4.80026
172 0.270721
367 -2.00717
186 0.443756
264 10.4927
159 -0.968765
26 -10.9266
210 1.65442
163 0.531967
101 -6.20405
161 -0.87709
237 3.57024
358 -1.98834
356 -4.48309
158 -0.450623
287 -1.94666
186 0.442764
284 9.13449
160 -6.34846
187 0.814667
260 9.78162
164 -0.633621
367 -0.337463
188 0.453171
367 2.1929
361 -4.07126
101 -7.86317
280 13.9796
322 -3.20355
364 -3.16061
147 -2.2036
325 3.32132
90 -7.36298
236 12.0603
277 15.8269
218 2.4951
339 0.428589
337 -0.388245
317 -1.48761
307 0.771027
349 1.86261
186 1.36919
233 4.2654
61 -10.2922
184 0.943832
163 -0.55719
256 8.47778
264 10.2019
139 -1.57745
289 7.33966
234 4.04918
236 5.22826
196 0.969879
157 0.139954
310 -0.773315
319 -1.04477
321 -1.21463
330 0.362732
208 2.39313
305 -0.0453796
141 -2.11713
234 5.14366
297 3.29898
127 -4.6125
340 6.58969
288 5.83194
178 0.453476
173 0.295822
315 4.39362
324 0.995148
169 -0.344772
324 0.988678
190 0.445938
315 10.1859
174 0.374542
95 -6.88715
329 0.893402
302 2.1152
315 -1.11365
187 0.520813
187 0.522278
296 0.129181
166 0.254669
206 2.63852
307 -0.617218
254 6.51505
361 8.76395
365 2.70877
176 -1.14011
337 -5.14511
243 7.39261
245 4.70706
187 0.522461
197 1.55074
208 1.55197
80 -183.534
367 -1.55267
312 2.65048
331 10.1484
367 -1.07043
366 2.45328
187 0.531677
241 6.05945
364 5.6864
223 2.79266
60 -10.002
280 8.55319
309 -0.657684
76 -8.42839
247 5.36687
75 -8.34237
268 12.2445
224 3.16689
281 -3.69495
313 6.9505
309 -4.42874
349 1.97174
298 4.71619
159 0.222748
230 3.26831
264 8.39996
196 1.48537
87 -20.4868
294 -5.96179
236 5.97867
233 4.07939
316 -2.21802
94 -7.79888
96 -7.11887
219 2.60583
330 9.44223
75 -10.0787
342 -1.46597
262 11.2945
354 1.27994
185 1.58882
121 -2.22434
171 0.192749
352 -4.58203
243 5.56055
16 -14.2128
281 14.9982
48 -34.4237
300 3.58774
229 5.35335
294 4.4967
61 -9.80819
218 3.18352
362 3.98804
191 1.13869
168 -1.01088
209 2.00763
194 1.75851
289 3.95578
300 -1.96661
330 11.2828
284 7.15363
292 13.4614
337 2.43896
224 4.35135
305 0.845642
313 17.0706
256 32.2575
200 1.98637
92 -7.96147
176 -0.0689087
358 4.26263
171 0.0346832
367 17.5989
194 1.75034
370 -2.40097
349 1.61456
176 0.462982
303 2.6749
311 9.76251
161 0.841614
165 0.423233
164 0.30101
223 2.7561
371 -1.13647
221 3.00232
115 -4.36546
130 -2.43169
197 1.70137
210 1.78398
199 1.74068
92 -7.6736
304 -0.165588
276 10.9158
365 17.7242
356 -4.08823
178 0.454834
313 16.961
366 -3.211
175 0.25383
329 -3.5191
306 9.51151
251 6.64355
85 -183.453
270 2.25455
186 0.326523
258 5.00711
344 2.47952
290 6.84125
192 2.55261
139 -2.69449
342 -4.54913
297 19.5991
289 14.3712
303 -0.334198
213 2.44568
332 -1.55914
333 3.1239
314 4.07648
368 -1.89804
252 9.01392
362 3.67508
303 14.9929
98 -7.60202
243 3.44359
231 3.80009
199 1.19774
269 11.2539
322 -3.54419
125 -3.89442
92 -8.32568
361 8.76605
355 -3.03094
158 -0.58606
298 -16.7582
364 0.645966
312 -4.96002
320 35.677
335 2.80276
120 -3.60027
340 1.55157
203 1.9958
302 0.998138
365 19.2241
187 0.712692
259 5.84802
322 3.07825
209 1.60667
296 2.95901
165 0.407806
352 -3.16229
316 -2.37418
303 -0.150848
367 -0.337067
295 5.35086
163 -1.24768
183 1.34238
336 -0.852844
171 0.0157776
101 -13.3477
173 0.318634
276 -1.45184
92 -8.42836
322 -2.03979
266 5.40988
313 -2.42755
310 -2.98785
243 4.74414
277 4.79898
256 9.2793
163 -0.765289
323 5.89868
189 0.500641
297 -2.72018
336 1.47513
342 -6.42087
182 0.487457
325 -5.86575
233 3.15721
302 -0.152588
366 -2.09283
203 2.46089
354 -6.69116
291 4.48825
359 0.27533
243 4.60631
206 2.32121
300 18.2021
163 -0.573013
171 -0.599564
293 4.34018
368 13.8786
233 4.26382
316 9.94955
302 -1.10641
310 -2.98737
272 -1.60458
210 3.52473
304 2.50912
166 -1.0468
357 -2.99939
265 6.87506
158 0.179504
353 -2.91705
100 -6.54545
162 -0.896774
359 16.7783
185 0.605148
153 -1.31787
170 0.17598
107 -7.14722
366 -2.01428
323 1.92758
212 2.75133
202 2.04666
270 8.43277
167 0.312988
161 -0.874298
154 -1.34103
345 1.46906
166 0.763458
174 0.17308
307 9.02591
304 10.7679
305 -0.753906
284 4.43726
298 3.55978
256 7.21198
318 9.52621
286 6.79794
159 0.223373
217 2.46735
139 -1.66081
340 -7.56265
348 0.401306
300 0.0606384
121 -3.66245
319 -2.2305
264 8.39981
252 5.80872
355 -2.32556
353 -2.87094
184 0.347763
343 -3.87286
341 3.88037
366 1.24054
205 2.48933
280 8.55389
364 1.29288
121 -4.77066
183 1.24394
325 -2.20218
345 2.94669
6 -95.5324
278 14.2145
102 -6.52536
185 1.45984
87 -6.69198
359 3.21222
235 -1.11624
299 -0.529083
209 1.99182
221 2.48877
309 9.12793
273 6.80539
313 16.5853
319 -0.928986
362 -0.160858
344 0.672974
73 -168.356
223 2.79218
142 -1.55864
43 -12.1476
192 1.36427
293 6.02237
187 0.427856
213 2.0813
157 -5.14862
221 3.07851
304 -1.65347
364 -3.69751
368 -8.6651
345 -0.903778
165 0.358185
362 2.15833
350 -7.47321
342 -3.28427
318 8.75214
300 16.4151
297 2.70462
93 -7.96937
87 -20.4953
252 5.45874
357 -0.898346
188 0.45311
362 -3.28159
299 20.1517
268 12.2291
214 3.46951
164 -1.30457
218 3.16292
234 3.25502
322 4.24393
368 2.96075
249 4.46957
122 -2.34171
165 0.407959
258 5.19635
193 0.647064
178 1.32663
298 -0.103271
355 3.97461
366 1.23788
357 -2.75143
202 1.2032
331 -1.01791
324 4.27136
182 0.878433
161 0.15477
335 -3.34207
167 0.161148
318 2.28738
282 14.9114
331 3.60507
291 0.261292
207 1.69708
334 4.67755
291 -3.71753
340 3.4726
314 0.0523682
265 -0.648712
168 -0.372955
152 -2.06293
311 -4.08957
170 0.569977
164 0.276459
366 -8.2428
310 -2.98178
299 -0.551117
299 19.5312
265 -2.99042
158 -0.808487
208 1.62067
361 -1.77554
338 -8.10193
367 -8.42633
163 -0.570129
333 -6.70187
115 -4.3573
297 15.6481
181 0.946747
329 -4.66025
6 -102.084
157 -0.918259
341 -0.271576
344 -4.9639
157 0.139969
323 5.82214
368 2.9621
66 -13.0931
168 0.27533
42 -40.2774
240 5.39375
236 5.97467
162 0.0323334
193 1.15814
291 17.0442
309 -0.491913
134 -1.03555
322 6.54526
351 -2.78778
309 11.1065
303 -0.310516
226 2.73714
313 -0.599518
276 -0.688782
300 -0.246277
360 -3.02274
363 -2.37762
347 6.29977
197 1.16234
326 -5.50946
325 -0.63504
177 0.104111
366 -1.35803
372 9.72592
161 0.95285
270 -18.8669
199 1.92401
290 11.3718
366 1.41373
258 5.0108
180 0.8255
173 0.318817
180 0.8255
302 -0.449921
324 -0.204926
214 2.12125
358 -1.24057
12 -58.0139
342 -3.0947
329 1.42566
197 1.70776
105 -7.78241
184 1.26221
177 0.407242
173 0.273727
300 0.231506
313 0.539886
154 0.382614
143 -2.68591
164 0.135803
335 2.83182
316 -6.048
372 -2.00223
324 -5.53333
86 -7.59986
327 -5.6748
144 -2.78497
187 0.428589
343 -0.289825
290 -0.0786438
347 -1.08597
257 8.435
292 1.50742
366 1.41043
368 -0.651031
254 6.51498
310 -2.9559
185 2.23027
363 -2.47348
337 -5.20227
199 0.200897
180 0.46492
124 -4.61792
348 -0.309814
161 -0.932022
368 -2.70187
328 -4.56302
339 -5.06839
209 1.73293
97 -25.9225
73 -171.8
236 5.2464
363 1.06671
285 13.8012
339 -0.0507202
224 3.13557
196 1.06831
275 14.2584
241 2.15422
268 12.2291
171 0.158173
161 -1.01514
288 19.4881
313 0.538727
326 -1.48318
354 -1.28568
269 3.58572
180 0.481796
334 3.11169
171 0.0713196
169 0.241852
124 -3.89245
341 1.84396
312 4.09616
356 -2.96817
299 20.1555
270 9.56146
137 -3.22119
367 -0.267181
337 2.34259
287 5.48584
291 -3.76062
352 -1.05219
162 0.553406
242 5.60039
249 6.52185
370 3.76593
96 -3.19051
345 3.39777
329 3.04199
301 -0.366516
210 1.2607
339 0.426636
225 1.34651
304 16.0665
306 2.18304
336 1.40991
347 2.59058
280 4.98495
106 1.88429
264 8.39993
236 3.55318
363 1.13892
257 8.68408
308 0.567749
141 -1.96976
187 0.962784
180 0.776855
229 4.59393
286 2.49213
268 6.5423
224 3.09731
288 19.4091
92 -7.89052
309 -0.672089
349 -0.234222
323 -2.00919
338 1.04678
361 8.51215
217 2.56018
313 0.539093
281 -3.69482
201 2.93848
163 -0.782776
288 -3.70016
128 -2.36739
332 -4.63693
120 -18.5036
238 5.26987
186 0.581177
346 2.32367
162 0.0334167
199 1.0387
324 -4.96585
233 4.26393
99 -5.94802
362 3.63992
349 2.70581
327 -0.544617
358 4.25937
309 -0.65799
263 -2.62405
307 -6.82019
360 -0.372742
141 -1.73082
325 -5.86523
342 3.27417
348 1.00302
186 1.58669
328 -0.434906
210 2.84006
138 -0.304276
356 -4.47299
293 4.9259
99 -6.62279
349 16.606
248 4.44518
337 4.58701
300 9.10928
303 14.9814
178 0.447327
268 12.2276
175 0.626144
341 4.59113
185 0.471848
330 6.8949
283 10.4379
222 3.55475
317 -4.42691
281 4.82141
251 8.31396
290 5.56979
257 7.44727
189 0.984634
267 2.17746
298 0.737244
143 -2.78865
210 2.70354
326 2.19363
84 -8.25375
172 -0.140747
189 0.672409
162 0.0321503
181 0.538544
182 0.774841
102 -6.88763
162 -0.374924
358 -2.67502
359 16.782
298 8.54962
332 3.99463
81 -9.72812
320 7.41922
157 -1.06706
337 2.33218
368 -4.56015
187 1.26871
291 0.642029
265 8.67355
363 3.96136
302 1.42444
140 -2.0784
336 13.0861
343 -2.2659
358 4.25311
367 -0.417908
224 3.03569
210 2.84189
252 9.01378
234 5.76982
258 1.92383
353 -7.09143
178 0.444199
202 1.7233
337 -0.474091
284 6.97665
320 -3.45514
363 -7.64127
279 -1.16632
208 2.4001
95 -7.2489
223 2.90428
321 -5.68335
215 2.55276
300 2.69394
316 -4.61667
168 0.314178
175 0.396271
351 -2.78662
209 1.7327
301 -1.74973
259 8.87411
328 -2.20755
273 9.10657
353 3.60114
65 -29.7229
182 0.539307
257 7.40295
214 2.70161
326 2.28232
333 1.99387
337 3.78281
340 -0.263672
254 -2.1877
180 0.496811
315 2.33612
314 6.10187
178 0.801453
299 -0.524109
341 2.59482
211 2.04591
323 -2.65192
314 2.91458
267 10.2874
109 -29.8426
166 0.383636
196 1.45483
312 2.64374
204 2.22235
360 -7.72937
278 -4.11417
320 -4.03192
268 11.2727
229 3.77379
254 6.51498
254 6.366
235 2.93198
162 0.363342
185 0.731583
173 0.55867
32 -123.435
327 16.8377
210 3.52472
309 -2.9519
283 3.73114
271 13.5189
357 -4.31522
326 -4.60666
310 8.53049
227 3.69043
317 9.65228
263 10.0342
361 5.09052
315 -0.765533
222 3.22253
165 0.240952
344 3.38681
320 8.53601
338 1.83032
337 -1.97409
337 2.33224
366 -12.2071
312 2.64484
312 -4.21777
356 -3.05878
348 -1.56949
234 3.04857
312 -0.873596
172 0.24173
195 1.50485
213 2.08104
159 -0.968918
171 0.193695
352 4.12146
203 2.9129
327 -0.544434
165 0.186035
160 -1.33852
258 3.29077
324 -3.85229
216 2.32451
299 -0.483185
172 0.237595
328 -7.5965
237 3.40248
181 0.814056
338 -4.32083
85 -7.47482
236 -1.50842
210 3.51149
286 15.6361
343 -6.62723
54 -154.308
39 -130.698
303 -5.03409
323 3.11737
161 0.952927
307 4.31793
309 3.71982
365 -7.11798
231 3.95715
338 0.821472
338 5.53894
310 -2.97104
85 -9.69735
270 8.37012
291 -3.75909
292 -0.55545
371 -0.73877
174 0.574081
200 2.91057
203 -0.12793
200 1.8663
280 8.54102
317 1.47757
163 -0.572021
255 6.05278
162 -0.722565
252 9.01497
57 -157.686
174 1.03555
284 3.09769
320 6.8989
146 -2.27777
312 2.64771
358 -7.3013
193 1.47522
205 2.42546
179 0.403915
360 1.15793
352 3.41498
350 -7.24609
100 -7.17902
312 6.35492
109 -6.13099
269 8.8493
281 -3.69482
171 0.258484
203 -0.131302
209 1.73203
55 -164.081
323 5.97177
210 2.83157
150 -2.13831
188 0.453369
216 -1.42958
288 15.6962
233 4.26616
186 0.525162
250 6.31238
212 1.88503
265 2.20844
285 -0.891785
246 3.79683
327 -0.948914
320 5.29846
242 4.53087
248 6.4243
277 4.95267
121 -3.66277
323 6.05319
346 2.40109
294 -0.345184
154 -1.34241
215 -1.33058
180 0.698639
288 19.4878
352 -2.90549
213 2.57974
230 4.52856
180 1.30353
342 4.27185
354 -1.62479
176 0.388184
350 2.91843
229 4.67326
303 14.9817
89 -7.88672
87 -20.4849
309 12.8294
186 1.20261
314 8.83453
294 4.67905
247 -1.72879
241 5.44739
170 -0.0328064
248 5.01109
292 -0.962067
304 -0.586914
315 -4.98361
177 0.41481
366 6.59772
274 13.8923
153 -1.34326
80 -186.871
173 0.0466919
226 2.7856
218 2.49503
198 0.954254
342 -6.42032
287 3.04959
325 -5.86557
205 2.34378
372 2.50024
313 15.2771
363 1.32147
364 6.08725
318 1.95715
223 2.79271
347 2.81879
262 7.04987
219 2.76613
372 5.29379
57 -154.609
194 1.74991
117 -4.68439
334 -2.07773
331 4.17844
137 -3.2691
254 6.51695
299 -15.2968
293 1.20883
192 1.28323
263 2.35239
298 -16.7602
162 0.235825
274 9.20648
125 -2.61295
204 1.15431
150 0.133667
186 1.32114
185 1.16768
139 -3.35422
187 0.505264
226 4.32979
177 0.937607
216 2.3532
347 -4.16608
372 -1.43222
191 1.4153
192 0.59613
51 -10.5283
191 0.714142
171 0.629532
359 0.279327
204 2.70927
365 -3.04141
256 8.48651
186 0.443115
244 3.48019
209 1.99652
312 2.6557
74 -10.1743
359 -7.3616
264 8.39996
288 19.4081
355 3.97433
318 -4.77969
303 14.9633
344 -3.32281
287 15.5345
245 6.01379
349 -0.428925
342 -3.26672
261 -0.26825
138 -3.12173
304 -0.927429
185 0.604889
338 4.38196
198 0.657394
201 1.03416
240 -1.43362
269 -5.45471
348 3.32578
321 -2.77066
214 2.36644
218 -1.42169
211 3.55087
308 -1.71619
262 -9.05981
283 5.4985
221 2.42291
356 -2.94568
298 12.2501
170 0.744644
270 9.55167
80 -7.79968
302 6.37872
346 -2.13293
283 9.1879
258 5.19556
86 -8.30045
366 6.57834
291 3.99475
115 -5.74213
263 -0.107849
185 0.571625
212 2.17378
306 -2.72476
288 19.4078
345 -2.04471
296 -1.45578
355 9.19495
308 4.23492
314 2.77643
87 -8.49571
365 1.73151
147 0.254089
356 -2.98419
356 -2.93246
296 -0.335083
223 3.61505
337 -5.5733
220 4.43921
178 1.02745
214 3.33321
370 -2.33334
361 3.62601
233 4.26398
209 2.14812
295 16.4815
330 0.275299
204 1.5089
282 8.13922
346 0.391266
340 -3.74887
168 0.448578
92 -7.7837
273 6.71826
247 6.19533
272 -5.42996
213 2.80598
225 3.05608
336 -6.17404
271 13.5268
341 3.87668
289 3.64087
209 3.52277
296 3.3746
244 6.35785
347 -4.83893
126 -3.89047
358 -1.33276
296 2.77621
349 -0.429657
190 1.49078
316 13.7736
218 4.02209
339 -0.16333
195 1.37393
274 6.34933
322 1.06287
307 12.7037
352 2.522
233 4.26035
323 -6.72308
323 4.09036
333 3.50928
338 -8.1106
342 1.82721
213 2.15169
356 -4.97861
337 2.33362
224 3.03496
340 -4.22803
249 4.44255
302 0.0264282
316 -5.68658
288 19.407
100 -6.21546
188 1.11472
169 -0.190659
87 -6.69131
365 -2.55798
218 2.49503
200 1.33702
198 0.656342
268 2.17139
253 7.42892
207 0.784531
334 7.57489
334 5.30707
304 8.07626
267 3.82904
367 -0.336853
291 -3.75943
68 -9.66581
350 17.294
352 -2.92715
147 -2.5349
164 0.136108
368 2.96658
341 3.90714
216 2.72064
337 -4.67084
285 15.8513
372 -1.99396
278 11.3969
210 2.84145
246 5.11565
349 -0.231506
245 6.01263
87 -8.08533
179 0.563736
195 0.772049
299 18.8101
362 3.25485
147 -2.15282
291 4.17859
372 3.79239
365 1.67993
289 17.0577
334 -4.16177
293 15.9537
161 -0.553665
347 -3.78345
258 5.00775
355 -4.90506
213 2.09045
290 6.26236
313 -5.49823
184 0.989395
237 3.64659
253 7.6716
140 -2.16618
299 19.1048
285 13.7706
299 0.159729
241 6.08324
173 0.258606
174 1.05235
340 5.05518
55 -164.035
222 3.07895
172 0.203369
163 -0.570908
346 -0.601013
370 3.97318
336 -1.5932
355 3.9747
338 -2.98389
259 7.68887
324 -2.89493
258 5.00522
271 13.5286
358 4.21967
355 -5.06915
184 0.502457
172 0.329849
288 9.92834
327 -4.08182
346 3.73364
176 -0.896194
295 -2.01132
301 14.3323
161 0.154373
46 -11.3353
342 2.86157
373 -0.826324
180 0.834854
351 -3.29221
271 8.19461
356 3.74136
319 4.79724
337 2.33804
214 2.24876
221 3.04843
350 3.16516
354 7.4032
356 -2.92682
315 -5.97867
339 -8.89807
190 0.772415
191 0.661591
330 8.17706
164 -0.615967
324 -7.42538
210 3.52576
288 -3.69272
349 -0.173065
319 1.9808
180 0.573135
194 1.53664
218 -1.42224
227 4.06027
370 3.04276
316 -6.05164
297 4.38095
176 -1.58101
232 4.80077
323 2.41684
281 -3.69492
303 1.53766
340 -7.59857
303 4.84399
340 -7.00946
370 -2.36023
306 2.69949
355 -6.47693
239 4.35591
359 16.7791
332 2.20001
299 16.8844
177 0.374176
197 1.4191
335 -4.10071
312 2.65244
300 -1.79996
95 -7.45942
173 0.473373
345 2.45889
286 4.39487
154 -2.34334
303 -0.310852
353 -3.26514
176 0.382172
213 2.08095
314 16.2182
232 3.51056
140 -0.318466
315 4.57379
134 -2.65797
120 -3.59856
288 -3.36487
283 -4.44635
303 18.7655
293 6.22052
212 1.70073
360 18.8999
331 3.93082
181 0.398636
336 -3.10883
110 -6.81464
357 -4.38702
192 0.607849
291 15.2255
368 -2.64005
356 -2.40762
180 0.622986
153 -1.3141
241 6.08282
306 -0.65448
363 3.70535
344 3.38718
161 0.280792
307 0.788971
164 -0.65741
177 0.381042
278 8.7233
212 2.19791
191 1.73973
355 3.97464
314 16.3356
301 5.29684
317 -1.87155
290 5.57474
362 -2.96683
256 8.47861
316 -6.04807
361 8.77466
191 1.46252
110 -33.8143
298 -3.58792
359 -2.81741
205 2.24409
264 8.3996
297 16.6619
195 0.771896
263 7.22241
364 6.29083
256 5.30396
359 16.7813
312 2.65256
251 6.65643
296 -1.70511
303 2.78799
329 -7.89044
162 0.277939
278 8.72446
295 -0.141907
365 3.332
336 6.20999
174 -21.128
357 -2.01669
343 0.530396
322 4.24365
336 2.11734
365 15.5133
313 0.534882
80 -182.112
279 10.1191
339 -6.57529
212 3.1516
310 -2.98175
214 2.03392
222 3.88959
67 -11.3337
309 -0.663513
311 8.69855
203 2.46095
299 -1.83566
364 0.200104
153 -1.33104
363 1.84988
370 -0.911957
278 8.72208
204 1.14545
327 7.98471
144 -1.7253
325 -5.86545
303 1.23129
298 -16.7582
333 1.99454
211 1.76588
371 16.7668
349 -3.78616
292 -3.72842
349 -2.83917
148 0.264359
153 -1.38286
137 -3.22191
340 3.40967
286 4.33649
259 -0.122711
126 -27.5718
116 -34.027
100 -7.09377
224 -0.882767
292 -3.72699
184 0.629181
359 0.662292
359 0.277374
271 13.5313
164 -0.636566
273 3.28934
271 8.94992
105 -6.79706
171 0.52951
308 0.691315
287 3.6413
175 0.631104
188 -1.79124
181 0.40715
336 -5.1788
237 6.71309
372 -1.99545
195 0.957535
221 2.97929
236 -1.13298
288 19.4873
292 17.4035
289 3.08115
320 1.74649
138 -0.246918
341 -1.11774
367 1.39359
271 13.524
163 -0.646545
345 1.46393
272 1.7876
303 6.36618
352 -1.26108
366 1.24371
206 1.8324
307 19.348
121 -2.22395
289 5.32843
262 11.295
336 -4.37332
80 -181.849
301 6.97244
309 3.49588
353 4.97589
269 4.1535
69 -11.3383
351 -8.66837
194 2.31795
72 -8.83869
355 3.97418
364 6.12405
247 5.84
292 -3.24191
355 11.752
366 6.59937
272 13.6144
154 -1.34187
228 5.04736
310 -0.0580139
362 8.45413
326 -1.98138
363 1.14255
289 -3.76596
226 2.46382
189 0.460693
336 -4.31418
177 3.68463
363 -5.12973
348 3.26099
241 6.08295
247 0.616028
288 -1.90057
312 2.64505
333 1.99994
161 -0.932144
274 4.87033
303 16.905
212 2.04686
190 0.587219
367 0.840363
366 -3.03372
307 2.98758
254 6.51723
198 1.69803
304 1.9187
125 -3.89333
93 -182.028
218 2.90364
229 2.90033
309 6.33737
217 2.58072
173 0.318634
219 4.0157
323 -4.32175
221 2.98332
223 2.84773
288 19.4078
352 -1.38019
64 -30.4899
304 5.05023
273 4.54584
302 6.20438
179 1.27849
186 29.6113
345 -12.1312
335 9.92844
169 0.295975
368 -22.735
241 5.44699
372 -2.78183
362 -3.54544
356 -4.09064
343 -0.406189
223 2.79266
189 -0.987091
361 -7.62598
87 -6.68524
339 5.39639
194 2.31598
191 1.05193
212 3.15094
337 2.33755
357 -6.88342
252 6.44397
356 3.10638
222 2.99768
348 -1.98053
87 -36.4134
318 -2.19946
337 2.33353
345 2.57809
354 -0.973297
303 6.37289
159 0.22084
321 7.32574
176 0.41452
310 -2.98669
173 0.300034
136 -14.3566
305 4.84079
317 -0.637848
326 -1.79721
293 6.82715
189 0.464661
355 17.3074
323 0.750549
210 3.54492
352 -7.42017
240 1.95511
352 5.4581
367 -0.404724
349 -0.233704
175 0.460526
258 6.93817
330 6.76263
80 -182.552
153 -1.33536
346 3.8942
362 -4.90094
278 -4.14755
110 -32.6408
271 13.5289
108 -5.48977
210 3.52524
165 0.423294
300 4.28128
127 -3.83981
348 -6.97745
195 0.772018
362 8.46283
311 5.77063
356 -4.47855
208 1.71739
322 0.315094
276 -3.53802
354 -8.81906
290 5.5806
171 0.330017
292 0.810883
91 -7.38461
304 7.94495
262 11.2975
337 -5.57245
217 3.85677
299 -0.533142
371 1.67764
366 1.35236
289 -3.76764
327 9.92459
309 10.0287
262 11.295
311 -5.51151
372 -1.18884
260 3.75336
295 -2.61749
366 1.41522
314 16.3028
204 1.23265
42 -40.2405
352 2.05319
354 -3.71255
243 4.82828
299 -0.472015
210 2.54829
168 0.345245
347 -4.52353
80 -37.8204
232 3.51788
306 0.608612
287 -0.0969849
125 -3.86082
345 -2.37134
313 0.538116
187 0.521973
165 0.141739
93 -7.53009
324 -5.11542
367 -0.406616
83 -7.58791
266 4.40894
156 0.0872498
137 -3.22292
358 -16.0958
356 1.90482
213 2.08876
307 0.555298
272 8.49509
257 7.9263
347 1.85825
357 -4.29691
357 0.171112
199 1.08234
307 8.51089
156 0.377701
302 0.716217
247 0.675995
356 -3.78525
259 8.87442
342 2.30621
296 19.5779
352 -2.91959
137 -1.19702
170 -0.53479
341 3.8652
318 3.28351
277 3.65161
363 -1.33331
167 0.24025
291 17.17
359 -1.37906
363 1.46149
228 -1.47188
331 1.34671
364 -1.17307
208 2.21513
271 13.5287
340 5.10352
77 -191.207
321 3.71658
359 16.782
116 -21.6459
323 2.41342
337 2.34354
318 -2.63727
332 -0.417969
146 -0.773041
357 -0.788849
356 -4.48239
176 0.515518
356 -4.09039
309 -0.928131
217 3.16406
250 5.48061
289 6.6994
342 -3.28333
232 4.76299
360 -2.95062
307 18.4164
354 1.63565
321 -3.48605
178 0.427032
164 0.480408
372 -0.267334
349 1.45486
351 -0.399353
183 0.335175
215 2.45091
343 5.01746
217 2.3394
340 4.29605
331 11.4879
198 0.656616
332 3.12756
359 3.75906
329 4.36096
313 16.806
220 2.77615
288 19.4087
199 1.8573
361 8.29166
151 -0.0654755
196 0.556564
258 5.19785
109 -5.90229
350 2.41873
337 -0.390015
323 5.94147
318 2.86264
93 -7.51335
189 1.52229
112 -5.18495
93 -7.31564
230 2.90578
352 0.639343
73 -9.59114
66 -157.691
299 -1.12909
80 -7.64437
187 0.521942
204 1.29962
281 -3.69458
225 3.22514
365 1.14456
363 -7.64178
351 15.0396
310 -2.95618
144 -1.79106
74 -8.08188
180 0.522842
280 8.56509
352 3.40125
183 0.505478
304 0.0669861
218 4.37024
327 -0.953613
356 -3.03482
346 3.30249
223 3.52742
335 -0.0518799
326 -0.54071
367 -0.417206
283 10.5764
172 0.456528
325 -5.86545
312 4.95322
199 1.47354
233 5.13274
337 -4.21744
354 -2.65692
212 2.78163
293 4.39963
161 0.130356
176 0.659683
330 -4.42905
336 -5.47726
367 0.193573
245 4.22028
271 10.6897
304 7.42941
179 0.731689
108 -5.85264
124 -2.11227
303 4.08698
70 -10.895
323 -1.81934
279 -1.2309
283 -4.57581
352 -2.91525
275 -5.36414
284 8.61853
361 8.785
301 6.83691
181 -0.448074
247 8.72823
320 8.93683
351 2.89926
232 3.28593
288 -3.69345
210 1.75591
369 -5.67615
372 -0.393799
311 1.67444
341 -4.01807
364 2.7489
276 10.9158
337 2.34018
363 -5.13037
325 -5.86542
187 0.487762
354 2.83563
159 -0.157608
314 -4.34323
116 -5.31867
334 -0.858673
179 0.76918
188 0.45314
301 2.26123
282 1.33374
131 -3.85211
316 -6.04724
268 12.1755
327 -0.542267
100 -33.543
218 -0.897644
324 0.912048
312 2.65088
339 4.30954
304 5.87338
286 3.17157
298 -4.89462
356 -3.33127
183 0.529556
315 14.1655
330 -1.85135
246 4.41888
140 0.250595
310 -2.95544
341 3.86978
325 -5.86542
359 7.23953
312 2.64499
174 0.328888
225 2.43437
349 1.26782
146 -1.82129
321 -5.33759
228 5.27373
341 -6.20831
159 0.129257
227 3.97327
266 8.49493
319 1.46219
289 4.60977
199 1.28333
331 -5.81351
300 4.65161
314 2.24744
218 2.86708
177 0.449585
323 18.2023
260 9.02927
179 -1.61044
322 -3.12006
334 -4.43103
216 3.39543
183 0.43071
241 7.18289
344 3.38617
315 16.6276
321 -1.31284
367 -5.04065
61 -28.059
313 16.1108
322 8.84897
289 2.02368
343 2.81604
269 -14.8011
344 -4.26572
323 4.08389
312 16.8307
212 3.16173
213 2.43866
304 7.38382
290 5.58417
205 2.53314
184 0.342209
271 13.5255
313 5.60928
357 -2.6044
231 5.40189
315 -5.14185
341 5.20804
310 -2.95798
364 -7.61884
246 4.89122
281 -0.9375
334 1.62302
325 8.08304
61 -10.5334
280 7.21338
366 6.49701
356 -3.96411
266 8.65921
64 -172.888
272 -2.0932
244 1.51631
281 -1.38
361 8.77869
185 0.711685
204 1.23056
237 9.78563
80 -182.655
341 5.31671
196 1.51576
247 7.65675
280 12.7209
109 -29.8434
298 -16.752
94 -7.79882
366 -12.1204
276 7.94583
338 -2.95245
72 -8.97387
345 -8.8884
364 -5.07355
275 -5.40613
226 2.41205
307 2.98624
279 13.3026
183 1.19345
353 -3.21552
162 0.402985
264 8.39969
274 -2.31235
161 -0.872101
254 6.51707
362 -2.34674
240 4.21785
197 0.248108
185 0.712143
179 0.345428
66 -13.2987
211 2.86388
161 0.952682
167 0.246521
187 0.529984
110 -2.49034
283 13.4592
297 -2.37506
320 0.119843
313 2.24707
231 4.86122
320 -5.59125
288 19.4873
216 3.05
345 3.60516
329 3.10806
312 -0.330658
354 4.31531
282 1.55386
192 0.723419
156 -1.49367
343 5.03436
296 3.4848
291 0.00152588
370 -1.26361
262 11.295
215 2.77675
362 8.4552
215 3.093
319 -0.925903
371 -5.29681
203 2.46118
259 -0.123718
362 0.00622559
327 -0.952881
254 6.51672
367 2.35428
184 0.570526
164 0.278839
165 -0.596176
342 -4.13422
177 -0.264908
307 2.98636
232 3.51035
231 3.39806
172 0.250702
177 0.515579
322 -1.19537
267 -18.424
208 1.53831
354 -1.97784
198 1.30737
294 4.49597
173 0.271606
332 5.55927
182 0.312485
160 0.479233
311 4.27087
140 -2.49069
297 -3.91632
167 -0.0104675
246 1.57481
329 1.8877
188 0.58876
186 0.529785
367 -0.417389
330 11.5183
339 -4.95822
206 2.6245
313 16.8204
235 5.02066
287 3.53299
371 3.80826
142 -2.16359
341 3.8696
127 -4.6137
235 4.80702
137 -3.33638
87 -6.69181
346 10.0665
252 3.5321
286 7.14813
296 3.48352
323 -3.70929
337 -3.77588
350 -7.56479
372 -1.16464
236 3.62833
343 0.673706
371 17.4361
288 19.4873
301 16.1475
297 15.6725
352 -7.57413
341 3.86444
344 3.33139
187 0.434052
171 0.271317
233 4.13533
250 6.39594
330 -6.48932
193 0.167511
362 4.65219
260 9.79285
186 0.530624
352 3.56854
287 5.41138
366 -12.1955
353 -5.18274
204 1.26366
294 5.92584
295 7.22736
273 11.351
153 -1.33266
355 3.97427
180 0.399475
197 1.67923
345 4.76608
87 -6.69172
143 -3.11687
140 0.250793
346 4.9772
185 0.520737
336 13.1609
276 10.9166
182 0.866547
343 8.98148
95 -6.84147
180 0.825485
95 -183.7
259 10.6539
339 -1.74203
212 2.20039
236 5.97433
174 -21.1747
323 2.41483
165 0.40741
177 1.36023
186 0.442841
109 -7.83504
367 3.29947
136 -1.90211
107 -6.66254
108 -5.8526
340 -1.48428
349 3.19705
305 4.6684
337 2.33548
244 3.49222
275 5.53833
272 3.69199
352 -0.744659
349 3.73138
363 -5.1311
209 -0.399261
173 0.27739
230 3.79237
212 3.101
211 3.23132
330 6.64407
343 5.05869
247 6.07156
161 0.156586
320 -15.209
322 0.0402832
183 0.500641
220 2.45653
324 -2.53586
96 -5.54666
242 1.88913
326 -0.324463
275 9.06699
307 2.98288
311 3.78989
175 0.352386
163 0.14151
141 -3.16176
299 -0.482758
326 -1.58752
225 3.37343
312 2.64221
229 3.5323
364 -3.21024
318 5.63556
175 0.396103
368 -0.614258
175 0.401245
182 0.54921
173 0.375229
313 16.8068
263 9.21402
349 -0.825684
95 -7.06732
197 2.5551
258 1.92056
208 0.150681
313 16.5898
261 9.04828
361 8.81561
344 3.3891
86 -178.541
249 6.60715
173 0.707809
185 1.5771
266 7.09323
326 12.3158
303 17.0001
368 0.842072
253 8.63391
370 1.45801
163 0.257294
346 -2.12949
307 2.98569
165 0.423264
136 -3.31506
333 2.98401
371 -0.760498
281 -3.69485
289 2.39313
313 -1.19693
362 -7.75217
165 -0.683746
85 -10.4356
189 0.922089
328 -7.0722
212 2.79521
318 -0.615295
261 9.3175
362 18.6634
328 -1.84448
361 -7.65695
194 2.32809
286 -0.212952
170 0.248947
162 -1.14299
58 -161.267
262 11.2947
235 3.60637
223 -1.68779
245 6.01451
62 -32.8686
339 -1.0683
282 -1.09348
187 0.176193
206 2.34279
344 3.18979
288 19.4089
185 1.32048
89 -201.739
257 -3.73499
271 -0.536499
227 3.49718
322 4.24094
359 -2.02161
310 -2.95197
361 4.93695
187 0.835266
315 14.8628
229 3.86632
182 0.409241
351 -2.54181
93 -7.53414
273 -5.55414
223 4.07585
371 2.07736
302 0.638519
100 -6.6949
333 -3.97733
161 0.277115
183 0.532623
216 2.28194
225 2.0815
271 -1.54633
293 5.70572
208 3.04962
232 3.83138
302 1.53406
312 -0.519104
207 2.74759
368 -5.51581
324 8.93933
195 0.95047
213 2.08897
288 -2.90656
136 -3.22447
285 8.02957
331 2.83347
171 0.192169
165 -1.08345
351 2.66492
335 -5.23938
344 -2.66983
222 3.0788
215 3.63953
241 4.86699
173 0.0487061
352 3.17847
171 -0.586487
142 -1.87929
78 -8.40966
258 -2.70923
304 -0.0480652
167 0.182007
219 4.12421
229 3.55125
286 6.80853
221 3.42374
280 4.21881
164 -0.621017
284 8.91989
290 15.2157
294 -3.68753
276 0.574738
334 0.206757
126 -27.5779
372 -1.99432
296 3.50189
161 0.141754
143 -2.79709
355 11.6118
156 0.087326
109 -5.90039
241 4.53682
256 7.73883
361 8.77335
277 10.4576
236 5.97481
334 -6.67764
372 6.0329
270 1.88315
323 3.12012
171 0.0436707
311 0.675873
279 3.57083
209 2.01262
93 -7.25895
309 1.73547
209 2.01566
176 0.389725
223 -1.68634
333 -6.68527
209 1.7029
273 10.761
217 3.16077
170 0.278229
299 -0.741608
120 -18.5021
180 0.825668
309 -0.681183
310 -2.95798
281 9.85941
335 12.6965
310 13.5733
337 -4.3367
239 4.36052
294 -1.37491
225 3.47569
256 8.50134
92 -185.271
95 -7.50137
243 3.4458
244 -1.62794
299 0.209778
233 3.37465
166 0.186127
250 5.58925
271 8.0593
276 5.12717
163 -0.571915
294 4.67737
218 -0.964401
166 1.33815
301 0.0957031
205 2.50323
218 3.80042
373 1.47952
353 -8.87039
325 -2.21112
193 1.33632
294 -4.74734
299 -0.468201
168 -0.00221252
348 0.529633
239 4.36086
121 -2.13395
270 9.55124
344 2.96173
175 0.331436
242 5.68533
157 -1.00209
156 0.0873108
326 1.92773
193 2.07466
280 8.55936
332 2.88474
144 -2.29163
181 0.40419
351 -7.59021
176 0.410446
57 -33.8711
284 4.67505
368 -0.39624
345 3.39749
