191 1.06071
189 1.36984
195 3.48456
147 -2.91187
188 1.29568
145 -2.87888
156 1.36473
135 0.250351
192 1.3994
192 1.39961
156 1.34184
108 -8.6598
269 1.33862
208 4.07851
145 -2.87891
245 2.79362
145 -2.87878
234 1.78926
151 2.18895
208 1.03946
208 4.08055
188 1.30699
142 -3.10252
255 0.697937
177 1.90262
219 2.94122
169 1.76817
191 1.06042
192 0.968124
174 1.68793
217 2.4901
217 2.99434
230 0.600403
290 0.583282
184 1.67287
177 1.90282
158 0.412033
174 1.55298
230 0.600067
146 1.74455
184 1.67636
208 1.04144
217 2.4901
208 1.03952
150 0.653381
185 2.74911
115 -3.25679
140 -1.83636
219 3.0708
150 0.521179
192 0.96611
192 0.968399
154 1.55867
220 3.25256
217 2.489
208 1.04063
126 0.723961
146 1.74474
127 0.683495
141 1.21707
130 0.844284
149 1.99265
150 3.88152
188 1.57004
149 1.92389
208 1.03955
122 16.1729
255 0.698059
155 0.563675
141 1.24759
147 1.93361
208 1.04115
188 1.3067
150 0.652802
256 11.0895
141 1.20598
186 4.25388
221 0.822586
142 -3.10324
245 2.79356
169 1.56767
149 1.92387
149 1.92387
217 2.86891
185 3.20958
188 1.56386
207 4.84645
151 1.91766
230 0.600433
154 0.45488
164 0.276062
269 1.33862
127 0.683662
155 0.563721
149 0.355774
210 4.12955
127 0.683678
134 0.269211
151 2.19099
161 1.5444
188 1.56926
174 1.6869
146 1.75214
170 1.57739
186 2.62138
174 1.68793
150 0.520142
161 1.49222
255 0.697784
184 1.67278
169 1.76842
130 0.840195
231 1.62115
138 -0.0296631
207 4.84628
197 2.90204
134 0.27211
197 2.90144
140 -1.8334
296 3.36301
207 6.82338
215 4.09801
148 1.92935
149 -0.737091
217 2.966
161 1.46185
177 2.25117
196 2.10287
263 11.281
163 1.48145
208 1.04198
232 4.52083
145 -2.87906
195 3.48553
154 0.454895
169 1.77008
146 0.839523
215 3.03459
154 1.65915
369 15.7703
150 -0.614151
146 -1.67699
150 3.88091
231 1.62207
157 1.33658
191 1.06049
143 0.702881
140 -1.83598
140 1.28265
118 -3.0512
144 -7.15869
240 7.48935
142 4.31976
150 0.520126
208 4.07838
185 3.20155
207 4.84634
234 1.76102
186 2.7955
186 2.797
169 1.77109
112 0.30957
134 0.269821
197 2.90129
144 0.514954
175 1.6015
178 2.25648
150 0.521072
150 1.93108
161 1.54109
208 1.04173
127 0.683685
169 1.77013
191 3.31856
169 1.76874
222 0.820587
195 3.48615
192 0.966858
147 -0.525238
184 1.67647
150 1.93115
195 3.4856
178 2.25635
133 13.1699
133 13.1694
154 1.67056
133 13.1716
143 0.846817
174 1.68744
182 1.44934
197 2.90146
164 0.276123
155 1.68958
174 1.68744
133 13.1718
150 0.520111
346 -0.153931
200 4.35429
197 2.90199
169 1.77016
245 2.79385
196 1.29338
148 2.63083
149 1.92387
217 2.49011
127 3.17499
151 2.15637
243 0.0613861
184 2.5222
174 1.6879
151 2.15742
151 2.20866
207 4.84637
164 0.276123
141 0.155624
236 5.23074
245 2.79439
185 3.20163
133 13.1715
179 1.16217
161 1.54382
129 0.757782
134 0.272583
176 1.67601
186 2.79706
184 2.52151
137 -0.684128
283 0.670746
176 1.51552
174 1.68816
199 3.85228
143 0.703079
133 13.1741
222 1.0074
274 0.406891
145 1.00604
196 2.1028
229 0.686325
186 2.79747
179 1.22597
186 2.79544
150 0.520996
115 -3.25658
150 -0.640549
196 2.10315
196 2.10271
191 1.06053
156 1.34233
152 1.68671
169 1.77104
138 0.644547
150 -0.627121
108 -8.6594
206 3.11862
150 0.653015
142 -3.10309
217 2.4901
148 0.684036
149 -0.801849
157 1.17638
151 1.91568
173 1.49792
134 0.283493
208 1.0412
133 3.04871
161 1.54057
150 1.93108
207 4.84645
240 6.47206
231 1.62228
148 1.44359
188 3.50044
269 1.33878
156 1.3439
200 4.34477
137 -0.684448
177 1.90262
193 0.975479
231 1.62129
135 0.249313
208 4.08072
186 2.79567
185 2.8645
346 -0.00994873
158 0.412216
156 1.33875
135 -0.0590057
227 1.3829
140 -1.83649
186 2.79738
217 2.48875
196 2.10272
143 8.8604
200 4.35483
148 2.63083
255 0.695587
200 4.35706
186 4.25372
151 2.15652
174 1.68773
149 1.92369
150 0.520126
207 6.8231
214 5.39496
154 0.45488
267 10.8755
213 5.26004
177 2.25183
151 2.15678
161 1.54428
148 0.685974
147 1.93358
186 2.79745
222 3.40884
157 1.17635
156 1.33778
147 1.93369
184 1.67632
128 -1.04184
223 2.25317
135 0.250458
177 2.2518
231 1.62183
200 4.34702
149 -0.736404
188 3.50032
174 1.68727
181 1.42093
150 1.62019
197 2.90189
165 0.401855
168 1.52119
243 0.057663
140 -1.83327
214 4.53961
146 1.74458
156 1.34436
197 2.90207
146 1.74463
165 0.401398
150 3.8848
150 -0.245438
179 1.16197
210 3.86786
181 1.42125
154 1.97102
161 0.282028
174 1.68726
177 1.61424
365 -1.58545
151 2.15659
266 0.806519
298 24.5857
243 0.0609894
255 0.693756
197 2.90215
169 1.76921
208 1.03952
178 1.4982
143 0.703033
171 1.54466
174 2.16882
157 1.1763
200 4.97414
143 8.86436
128 -1.0354
228 2.48599
295 12.6837
245 2.79558
207 4.84641
161 1.54021
181 1.4209
243 0.0613403
161 1.54422
145 1.00761
186 3.55247
150 0.524918
156 1.34787
155 0.563705
135 -0.551529
151 2.15645
149 -0.736771
140 0.497467
156 1.20033
197 2.90219
157 1.3349
174 1.68803
151 1.91786
165 0.401398
194 1.30757
133 3.049
158 0.411972
186 4.25377
234 5.17036
186 2.46938
179 1.16264
151 0.0781403
150 1.93997
150 -0.627121
197 2.90105
188 1.74706
150 3.88188
175 1.4969
179 1.16258
149 1.99271
148 1.55185
231 1.6217
180 0.309631
346 -0.216339
154 1.61899
169 1.771
150 3.88515
313 -1.57178
365 -1.58255
150 -0.239365
146 0.8228
145 1.00781
146 1.74458
208 1.03941
157 1.17596
188 3.50148
188 3.55968
150 3.88216
149 0.355316
195 3.48596
148 1.44368
331 18.561
167 1.68018
150 1.93105
157 1.1759
148 1.44373
178 2.25635
184 1.67624
149 -0.666519
148 2.29755
186 3.70996
133 3.04968
142 5.32571
192 1.39935
145 -0.418839
125 -0.850151
200 4.9736
156 1.34006
134 0.476883
145 1.00534
145 1.00563
345 3.9852
221 6.25723
178 2.25633
133 1.36362
142 5.28128
186 3.20578
218 4.34785
174 1.68719
208 3.87291
147 1.93369
336 16.7791
188 1.29445
113 0.348778
346 -0.213196
129 0.757584
209 3.19922
144 -1.02242
188 1.56357
200 4.97404
147 1.93369
161 1.49951
146 1.74467
158 1.62088
370 14.4531
140 -1.8334
123 0.207428
157 1.17699
84 -10.7238
169 1.77008
188 3.60944
269 1.33871
211 3.72357
188 3.50156
151 1.91794
130 0.84079
226 2.83339
179 1.22597
135 2.65497
239 4.43839
215 4.01868
290 0.583069
144 1.57288
140 -1.8326
108 -8.65939
186 4.25389
333 6.7966
164 0.276199
177 2.25183
138 -0.57312
245 2.79391
156 1.35141
135 2.71689
188 3.50151
331 18.5674
150 1.93114
164 0.276169
207 4.84636
196 2.10271
122 0.271873
163 -0.635056
245 2.79604
177 2.25171
104 -8.26971
190 3.65044
132 -2.21111
162 1.51508
148 0.684235
188 3.5014
304 -5.01367
104 -8.27025
154 1.52715
154 0.454529
346 -0.0276489
145 1.00552
133 13.1706
200 4.97417
186 3.0583
130 0.843567
161 1.54437
188 1.56396
169 1.76773
165 0.401291
140 1.28343
200 4.97386
133 3.04967
371 34.5002
113 0.341827
147 1.93327
149 1.52977
210 3.27057
347 -1.76752
127 3.1733
235 1.00233
253 6.87073
256 0.236511
305 -6.75
227 5.10638
104 -8.26901
145 -2.87904
367 52.2463
133 13.1764
145 -9.51385
336 16.7802
104 -8.26965
164 0.201416
132 -1.02348
183 1.23186
185 2.48425
210 3.60822
130 0.84259
146 1.7446
222 0.820236
192 1.39929
188 3.50143
317 21.1118
180 0.360474
161 1.481
143 8.86314
208 1.04094
150 -0.240738
54 16.7769
369 50.0029
112 -6.62586
231 1.62244
221 0.821976
142 -3.10269
213 3.58324
157 0.872589
148 2.63083
168 1.16302
69 -13.2757
235 5.05049
79 -11.757
148 0.683929
149 -0.736435
369 -0.631927
139 1.90262
161 0.282166
140 -1.83658
150 0.652756
232 4.52083
323 1.04764
197 2.90221
129 -0.464294
302 25.9776
197 2.90213
182 1.49809
157 1.33426
47 42.3372
148 1.44359
145 0.253265
204 2.11925
371 5.52686
157 0.533539
305 -6.7457
345 3.98932
79 -11.9065
148 1.44365
254 11.1216
208 1.0412
148 0.0517883
307 10.5449
188 3.50043
200 4.97406
105 0.680725
321 9.95761
93 -9.38741
367 51.7114
145 -2.87904
152 1.60451
135 1.03174
155 0.56366
234 1.78787
193 0.913162
177 2.25188
213 3.36211
347 -1.77866
208 4.08087
193 0.917725
169 1.76872
150 1.81981
141 -0.13414
12 33.1146
221 6.25774
143 8.86055
370 14.454
142 5.28294
188 3.50002
370 14.453
32 40.9199
156 0.600159
185 3.20883
197 2.9021
149 1.99323
185 2.86461
152 2.70782
182 1.49265
173 1.6544
125 -5.40839
156 1.34807
142 1.76418
54 16.7773
147 0.301712
368 -0.635773
323 1.04779
111 -8.68273
140 -1.83618
140 -1.83685
287 14.8304
188 3.71306
163 -0.635742
134 -0.693054
150 -0.235794
137 -0.687271
157 1.17587
70 -12.8106
157 1.33583
233 5.09251
321 9.81671
157 0.60112
155 0.56369
151 1.91554
189 1.4671
346 -0.0133057
149 1.99258
180 0.309418
182 2.42172
113 -8.50877
237 7.52606
304 -4.48874
157 0.533356
369 15.7076
254 10.6805
150 0.520096
182 1.494
174 1.68796
197 2.90218
342 9.95621
268 10.9324
151 2.15732
309 20.3835
157 1.33531
200 4.97401
188 1.56386
160 1.43414
140 -1.83298
269 1.33884
203 2.70041
143 0.702988
151 1.91496
140 -1.83632
184 1.67651
321 9.81711
156 1.34003
185 3.60085
149 0.137054
302 25.993
188 3.50165
12 33.1159
196 3.14621
182 1.15691
125 -0.850266
153 0.392517
185 2.86453
313 -1.57095
179 1.16235
32 40.9189
285 20.7124
257 12.3902
147 -0.525681
202 2.58037
148 2.63084
156 1.62785
206 3.11507
152 1.60422
132 0.13208
226 3.07155
188 3.50143
197 2.90213
295 12.6871
162 -0.815964
133 13.1696
331 18.5703
123 0.206009
194 1.93971
219 3.62788
265 -0.118774
208 0.792419
188 3.50159
195 3.48584
155 0.563629
178 2.25639
193 2.82149
196 3.42928
114 -8.59311
140 -1.83626
354 7.32806
149 1.99266
151 1.71222
187 2.28105
270 -0.0170593
163 -0.63504
142 -1.67252
212 3.89336
179 1.22569
207 6.82301
122 16.1667
139 1.13068
208 4.07816
211 0.659302
12 33.1148
191 3.88475
145 -2.87897
211 2.98146
346 -0.0386047
242 8.59572
123 0.205009
202 3.23332
186 1.48274
154 1.66058
358 5.60092
164 -0.692947
199 3.11093
12 33.1142
138 0.686783
185 2.29851
127 3.17342
177 2.25121
153 0.550919
32 40.9183
164 0.276123
208 1.04131
54 16.7786
285 20.7479
369 50.1328
243 0.0609131
152 1.60402
203 3.57579
135 3.08327
188 3.50101
298 24.5664
176 1.112
227 4.44693
137 0.391571
203 2.20508
142 5.32629
150 -0.551163
200 4.97409
188 3.50154
145 -2.87886
155 0.563705
208 3.02034
152 1.72339
155 1.59563
323 7.40604
156 1.33884
211 0.659805
331 18.6125
157 0.53331
163 1.43167
156 1.36874
367 52.2619
331 18.6154
174 1.61143
216 2.44737
145 -9.7887
147 2.64215
182 2.33171
174 1.68715
154 1.55821
290 1.091
235 0.490112
333 10.0471
179 1.22557
139 -1.1293
113 0.340988
205 0.946304
173 1.33026
148 1.44376
184 2.52231
196 1.14154
143 8.86047
308 20.2815
306 1.36533
149 0.35614
133 13.1798
170 1.53429
206 3.97148
215 4.03447
221 0.822906
146 -1.67691
200 0.974182
139 1.12946
212 4.60442
369 50.0741
337 59.1476
108 -8.65954
216 3.17896
179 1.1626
183 1.23207
269 1.33878
177 2.25139
335 10.6902
269 1.3389
164 0.263153
282 0.570221
207 0.93956
287 19.234
322 0.569977
169 1.76942
199 2.20921
343 2.89316
144 0.297958
264 16.0738
313 -1.57101
360 25.8749
157 1.64124
146 1.74457
325 5.32373
135 2.7153
229 4.42612
216 2.44731
281 15.7736
305 -6.74176
334 16.5323
147 -0.525635
146 -1.67696
150 0.653534
153 0.0574951
140 0.337051
207 6.82285
171 1.63963
197 4.10434
182 1.49271
148 1.44353
254 11.1306
140 -1.83321
242 8.62039
131 0.882675
135 3.08279
140 -1.83368
349 13.6509
216 2.44759
347 -1.77283
130 0.841934
197 2.9012
158 0.0543365
164 0.263275
139 -0.611816
337 59.18
254 10.684
183 1.17407
255 0.694229
236 5.83658
140 -1.8335
179 1.22559
196 3.87508
337 59.3049
360 13.1735
193 0.918152
212 4.60828
290 13.6764
188 3.50134
331 18.64
167 1.3148
347 -1.78226
245 2.79407
295 12.6844
139 1.1181
224 6.71303
142 -3.10262
154 -0.37706
177 1.71585
356 7.90121
218 4.34795
166 0.997742
371 5.52731
192 1.34418
145 2.59531
178 2.25641
228 3.26941
273 10.3667
194 3.38356
346 -0.0396118
128 -1.42035
178 9.05975
169 2.4678
207 6.82312
179 1.22559
360 13.796
326 28.306
321 9.80655
222 3.91866
157 1.51517
196 2.10271
255 0.696625
164 1.76216
344 -0.721832
169 0.786865
188 1.5717
183 1.16164
212 4.60809
156 1.68925
188 1.29433
139 1.12968
157 1.17635
162 -0.808365
216 3.17876
207 6.8233
323 1.04852
184 2.51967
169 -0.256363
216 3.54759
197 2.47482
138 1.7928
183 3.65115
156 0.479919
305 -6.74545
259 11.2343
189 1.36989
149 1.92381
212 3.27328
140 -1.83635
166 0.389984
217 3.41469
163 1.4077
216 3.17888
368 20.0656
345 4.01602
174 0.427979
302 25.9788
325 9.1441
149 0.356522
228 4.32614
372 85.0579
181 2.27229
193 0.912384
340 56.6731
264 16.0739
167 3.75601
331 18.5147
372 85.0275
276 18.2279
333 -0.674835
221 6.25702
305 -6.67596
361 58.0991
200 3.0166
145 0.0107574
183 1.16174
163 1.62985
363 66.2553
180 1.68793
161 1.54411
263 -1.48895
218 4.34799
359 63.6559
135 3.14873
145 -2.87897
216 3.17894
115 -3.25667
235 1.04118
290 11.9293
196 2.10272
360 25.8696
194 2.58304
354 68.6823
152 1.73808
137 -0.684219
146 0.338562
246 -20.7483
212 3.37869
264 16.0729
221 6.25734
190 3.40587
320 0.322327
181 2.27235
170 0.846893
242 8.59648
245 9.68723
347 6.69315
208 3.07526
360 -29.677
189 1.36981
181 1.4057
193 0.939957
372 83.6849
205 2.91544
127 -1.3968
372 83.666
243 10.1046
258 3.73395
135 2.7153
257 12.39
342 1.71884
332 12.3198
344 53.9966
243 9.12268
205 4.57309
184 1.67293
346 52.3172
344 3.03339
261 15.5537
359 60.5208
128 0.522476
161 1.54039
257 12.3905
302 -11.0146
243 12.145
354 64.0923
161 1.54453
355 2.1188
194 4.10149
273 10.3629
174 1.68831
337 59.2339
337 82.942
329 4.73013
334 25.3081
243 9.13365
155 0.56366
152 1.97121
161 -0.826248
367 60.1127
142 5.32658
308 20.2925
138 -0.645279
195 3.48615
327 6.17889
126 6.12912
197 2.72208
350 15.4964
278 13.2957
205 0.734665
207 6.82312
343 2.89166
372 83.6876
150 1.93118
229 7.55679
327 6.17615
341 -1.08206
300 -0.0211487
313 -1.57077
157 1.49864
165 0.168762
194 3.38625
252 4.99356
181 1.42111
331 18.6072
184 0.5979
168 1.73927
161 1.48662
223 6.79182
188 1.86528
139 0.0950775
368 48.4675
272 -1.24673
243 1.4151
193 0.909515
184 1.67314
149 1.99252
187 0.874161
257 12.39
347 -1.38116
313 -1.5708
305 -6.74615
140 -1.62683
217 3.38872
170 1.13545
340 79.9829
204 1.45804
165 1.5027
368 21.1582
319 12.1922
337 59.197
157 0.750839
202 3.10254
191 1.1618
172 0.946426
180 2.21126
179 1.31088
267 16.2198
161 0.282135
263 11.1799
334 16.5222
135 -0.675323
275 7.59415
300 5.90228
161 0.281723
185 2.49496
288 12.4726
367 52.2422
266 10.6346
205 2.78207
309 -2.866
366 7.87106
257 12.3903
197 3.54768
292 26.3497
362 54.0266
151 1.61169
366 7.88043
221 6.25752
207 3.17433
146 0.822739
302 26.056
173 0.596481
200 2.13313
214 4.48184
347 3.11185
247 12.1996
156 1.58636
327 92.748
218 3.96855
199 0.905609
171 0.939026
113 0.351128
148 2.63078
346 -0.0336609
250 10.8177
280 0.464417
337 59.3065
300 -0.024231
264 16.0739
167 3.75589
213 3.58635
164 0.262848
243 9.12637
320 6.52249
323 11.7024
352 33.5126
143 8.86017
195 2.15173
371 5.52722
54 16.7785
202 3.09715
180 0.298538
366 7.87323
239 4.43842
245 1.7123
148 0.0568085
154 1.97197
351 34.745
228 3.26836
134 0.272217
209 3.49998
323 1.04892
208 1.03949
168 1.73822
208 4.08072
183 1.23196
261 14.0396
290 13.6764
368 52.9117
216 3.36203
154 1.97289
274 10.6913
242 8.59552
207 3.03511
251 4.19177
242 8.59515
363 65.5298
363 5.69684
365 13.1476
243 0.0614166
349 2.11972
205 2.93123
167 1.14531
184 2.52275
169 2.46793
179 1.3105
253 6.85126
136 2.89618
185 2.4846
133 -0.693085
347 2.1207
157 1.32335
191 1.03552
300 15.5591
347 -1.77609
199 3.94072
331 18.6133
276 18.2187
174 2.62282
331 18.6129
314 19.8963
349 2.27417
148 2.42145
242 10.1087
307 -11.6201
243 9.12392
154 -2.29294
342 1.72073
372 83.7285
225 6.86856
166 0.402206
265 16.3456
192 2.55939
281 0.161652
254 10.6824
183 1.23186
164 0.202148
362 54.7049
170 0.613251
345 10.8762
317 22.6107
191 2.438
360 57.4477
163 -0.635712
267 13.3076
210 3.84502
322 6.79581
170 0.366714
163 0.88562
313 22.6856
340 1.82538
170 2.56395
347 -1.78024
309 20.365
265 9.68735
207 6.82315
342 11.5684
205 2.88438
289 15.1861
253 5.23004
251 11.8088
164 0.202209
318 28.9491
167 1.49486
367 52.5587
179 1.22586
136 3.14485
186 2.79578
342 1.71753
127 0.683578
358 14.9989
368 48.4212
150 1.93112
155 0.56366
331 18.6151
368 48.3512
143 8.86302
335 3.21048
354 68.1347
369 49.9187
154 -0.383148
334 6.97821
345 71.9452
323 1.04907
243 9.12299
195 3.48584
155 0.564087
365 58.5755
330 5.19504
314 10.322
253 13.3382
368 48.4566
356 62.8367
313 22.6838
166 2.3398
283 -1.34818
178 2.46321
228 3.26917
346 2.03345
329 25.6531
302 6.78677
188 2.33669
307 -10.815
356 64.9427
196 2.20924
340 28.4996
237 7.51208
311 14.0301
194 2.03726
275 26.27
133 3.0498
302 15.095
291 13.4625
196 2.1028
334 16.5217
363 65.5756
180 1.28265
158 -1.91342
154 1.97147
369 50.0259
135 0.25174
351 66.8345
182 1.18398
169 1.77087
332 85.005
346 70.6283
182 0.833969
354 71.1692
348 68.1396
313 22.6859
130 0.840881
171 3.29471
174 2.66609
335 3.21869
348 46.2536
193 3.45041
285 -8.46558
183 1.16177
342 1.69461
184 1.22661
183 1.19051
352 65.0928
145 1.00536
341 4.13232
176 3.52148
169 3.0798
258 -13.0258
311 29.0354
368 51.7984
146 0.815308
186 4.25375
166 1.53178
334 7.65985
228 3.26904
201 4.19119
243 9.13104
363 65.5738
173 2.32881
347 50.6913
306 27.2006
351 68.6129
363 5.69049
349 68.6381
242 8.63446
307 -11.063
247 9.38739
254 11.1785
333 25.0569
151 -0.326767
235 5.74197
150 4.46596
161 0.28212
366 12.8997
331 18.6102
212 3.35229
221 4.35988
180 1.44537
283 13.0209
183 1.17738
300 20.3906
308 20.2871
355 63.6283
218 4.34808
163 -0.634659
302 14.9778
356 63.5431
134 -0.734344
264 16.0738
192 0.96785
261 14.0398
327 1.29471
364 56.7595
209 3.47003
276 5.46744
141 -0.435272
331 18.6265
163 1.69556
302 26.0423
245 2.79428
185 3.20929
367 52.2393
351 11.4999
250 11.3855
356 65.5573
183 1.47635
352 46.252
326 21.5996
254 10.6805
355 62.1841
346 63.9061
179 2.46051
187 2.48802
308 20.2783
182 1.49878
341 -1.08078
354 10.2748
147 -0.525192
356 64.4161
189 3.99626
369 50.3915
188 3.5004
332 85.6449
328 75.4732
331 18.6284
263 12.4586
133 13.1689
288 -0.502533
171 1.03534
207 6.82326
263 14.8981
273 -0.179108
182 1.49263
353 68.6329
333 21.916
300 0.277802
316 27.3465
200 4.35242
324 9.02966
200 3.94321
355 30.4396
332 0.0185852
309 1.9455
181 1.84209
242 8.63799
358 -4.02078
363 65.5683
191 1.46062
360 -1.67853
207 6.8233
358 63.5916
327 28.1132
216 0.672577
183 2.47528
209 3.39888
369 46.8166
372 85.2976
202 4.45662
193 3.61626
357 63.3834
189 2.64397
218 4.34811
244 9.92435
302 26.0307
293 11.6624
133 13.1691
327 27.9753
332 85.5363
218 0.469879
270 -8.73199
188 1.74725
371 54.9828
181 1.42101
342 1.71844
211 1.66809
347 3.98553
257 12.3906
297 0.52533
261 14.0356
172 2.58299
242 0.0489349
202 1.3389
160 -0.209
184 2.52295
155 -0.387787
220 4.90376
188 1.3018
226 4.48616
347 69.1176
368 51.861
242 8.59586
197 5.97083
174 2.08675
367 52.2393
166 0.714676
358 62.03
349 71.496
346 73.248
142 -1.09256
233 5.83783
369 46.7353
125 -0.85006
290 0.582947
160 1.49226
165 0.401337
242 8.59573
243 10.4972
331 18.6017
318 24.9281
346 74.0821
195 3.27295
196 2.10297
208 2.98729
334 84.5624
188 1.74686
188 1.74741
348 66.2139
237 7.47577
329 6.04971
204 2.95462
293 0.63382
282 -3.73206
196 5.78505
187 1.73158
188 1.74718
333 21.9189
188 1.74747
163 1.80261
260 1.1178
363 62.1949
274 10.6936
364 61.0958
222 0.819962
190 1.65207
332 23.8483
326 -8.97885
368 51.8662
370 5.66913
213 4.01469
31 -20.2159
153 0.121811
294 10.1081
332 85.6516
372 84.5641
325 18.771
172 2.04765
185 2.86452
185 1.6284
200 4.97385
310 11.5853
252 1.38614
352 13.6347
236 -0.249115
265 16.349
342 12.5285
164 0.263
265 16.3463
363 0.820374
345 72.442
334 16.501
152 1.60439
187 1.07622
161 1.64587
351 77.2707
267 2.08444
262 -2.29733
132 0.704498
356 63.6349
364 58.8929
173 1.37791
142 -3.10269
163 0.58432
150 -0.239456
165 1.59631
181 0.288971
306 27.2303
367 52.5186
336 80.9106
243 9.12646
370 55.5686
356 5.858
42 -21.0955
363 5.67224
200 3.96382
183 2.25481
179 2.47752
178 1.89275
166 2.40846
146 0.819046
219 4.0219
358 -18.0956
364 59.8343
318 -47.339
236 6.65192
368 51.8661
361 60.929
287 0.855957
275 10.7846
237 7.52652
318 28.114
349 70.3965
212 4.60806
302 -11.0671
232 4.52092
200 3.45657
366 7.80484
171 0.463745
360 1.79373
334 16.558
346 2.84357
332 85.5073
135 0.250519
354 13.1605
222 4.98225
210 2.92384
349 72.6329
334 16.6778
293 23.3423
329 87.7595
315 29.2142
276 18.2188
190 2.40105
181 1.32292
363 65.5336
276 18.2289
348 48.0582
303 8.76624
161 0.633926
364 7.76862
372 85.558
353 65.1461
146 -1.67694
261 12.1941
308 27.7665
262 8.36438
326 28.5215
173 2.53944
341 0.160614
366 7.86868
359 61.7497
174 2.09351
265 -5.18768
320 -8.4393
177 1.49321
366 7.86761
344 -0.648987
326 28.8516
201 0.772964
368 51.8664
166 1.51842
346 70.3376
363 65.385
256 11.1857
305 -6.73944
181 1.87474
140 -1.8363
363 5.69043
292 1.92984
291 13.0347
151 1.97179
225 4.09308
287 10.3593
308 20.2899
334 16.4349
232 6.04958
335 85.4802
207 3.05266
306 17.4759
141 -1.35509
157 1.61345
351 71.718
152 0.544464
239 12.5419
157 1.33595
307 28.9835
258 10.996
162 1.90469
182 1.47719
294 1.98322
65 -13.3986
144 3.09563
327 15.9893
290 13.6636
196 2.10303
346 62.2607
318 -7.80801
135 0.250824
181 1.76985
174 2.17195
181 1.32516
344 13.8014
306 -5.81573
354 64.3261
326 28.5243
246 10.3544
131 -0.747467
316 26.6347
185 2.86455
334 16.4262
366 7.58484
363 62.9657
342 1.74399
369 55.3877
295 25.3712
186 3.22696
165 0.620499
179 2.48093
174 1.68817
358 62.5874
298 0.389984
331 17.5786
366 7.86807
320 -31.7519
171 0.226578
147 0.913513
267 -0.768585
360 25.0089
353 63.1999
175 2.43205
190 1.35963
248 9.85236
13 -25.3565
261 14.0359
347 -1.57822
231 1.27397
253 13.3741
269 12.5724
326 28.5284
325 6.81442
143 0.563614
280 3.72256
209 3.06633
290 26.537
285 20.7073
169 2.07811
277 11.1712
317 -34.3086
166 2.18896
146 1.74455
174 2.12531
360 4.4122
167 -0.73233
353 63.2732
364 59.9983
351 10.5771
155 0.563583
199 2.41878
161 0.281769
326 29.1566
238 6.7691
347 -1.15799
319 24.7663
198 1.87186
149 -9.95473
176 1.47298
349 67.3442
373 -0.99411
347 -1.77853
328 27.2967
286 14.4265
135 0.250687
261 14.036
286 14.361
323 1.04913
181 2.20213
109 15.8639
371 14.8952
327 28.0295
163 1.78932
351 69.2303
180 1.62965
139 1.16476
200 4.35251
190 0.658676
338 80.0727
221 0.801865
349 46.9362
306 27.6691
372 83.6368
346 73.803
254 11.1296
352 11.4371
266 10.9693
317 25.7201
192 2.61412
366 -0.231201
242 8.59514
160 0.79187
366 7.52841
365 0.782501
188 1.56377
154 1.97263
361 62.3943
158 0.0543213
208 4.0808
372 -3.1774
245 9.95647
216 3.66965
31 -20.2167
352 1.93665
293 24.878
196 1.86963
337 26.6794
369 28.2075
182 0.745911
355 2.14575
293 11.4813
319 -43.5854
212 4.0049
261 14.0402
308 20.2882
369 54.706
353 65.0053
321 9.80252
243 0.0578461
328 57.4176
291 27.7121
134 0.271851
366 7.71594
372 83.6862
31 -20.2208
291 13.6977
294 0.397736
357 65.5473
334 16.5986
332 84.9522
150 -0.497269
327 11.9639
174 1.36636
140 1.28365
273 10.3631
200 2.2023
171 1.46051
278 12.0786
355 67.3413
352 70.837
329 -4.39038
363 5.69006
31 -20.2152
353 65.3581
279 11.1575
360 -29.7283
147 0.249329
254 10.7401
365 56.2671
217 5.76413
327 28.0757
334 16.5557
232 1.29135
360 25.9018
170 2.57487
180 0.33667
236 6.79977
267 -3.29813
164 0.263153
346 73.8785
333 6.47879
220 2.51555
343 2.89581
174 2.65878
251 4.19118
170 1.18723
346 71.7998
335 16.509
170 2.46043
222 0.820129
195 1.42357
134 0.269699
260 13.1061
157 1.33588
342 1.69485
146 -1.67688
179 1.16261
327 31.4677
182 1.49269
150 -0.216934
145 -2.87914
333 17.4227
245 9.68843
360 -29.9061
180 0.644104
345 72.8405
343 2.89062
313 23.2274
365 -1.58539
172 1.7534
369 46.6499
363 5.70392
201 0.712082
295 -1.71252
332 23.9424
371 6.48206
349 71.5301
158 0.411667
327 11.9665
210 1.86324
322 7.10352
347 27.0396
286 14.4291
125 -0.85006
150 1.93117
31 -20.2216
283 17.5166
368 51.865
300 -0.0224609
192 3.37872
363 56.4595
372 85.2205
367 51.609
213 2.01413
215 1.93336
334 16.5565
243 9.13158
242 8.59579
134 0.269821
365 52.6244
106 13.5073
331 86.9334
348 64.5586
329 17.0891
299 5.71918
372 83.6851
132 0.699722
336 16.7773
175 0.315369
224 5.84395
309 20.3722
326 -9.23163
362 23.268
362 55.1564
192 2.55135
313 28.824
207 6.82326
308 29.2273
313 22.6841
239 12.5439
326 29.5148
218 4.34784
348 2.25995
135 0.251465
204 2.4005
363 66.0844
85 -13.7623
336 25.3171
329 20.6632
313 -1.57227
191 4.07935
167 3.80336
371 5.52783
331 18.6128
335 3.15634
358 9.13568
334 25.1633
283 0.115875
234 5.02905
355 1.96619
351 68.5137
253 11.3176
256 10.8912
331 0.565735
368 51.8736
334 16.6798
179 0.320511
326 29.196
294 1.10742
163 1.75572
269 0.27356
165 2.20271
307 -10.354
342 1.71918
265 16.3458
192 0.967926
285 20.7073
362 62.6552
341 11.1856
158 3.49619
313 22.6844
356 62.0462
306 -28.8733
236 4.79498
330 87.3644
228 4.70468
284 16.0555
178 1.57703
316 2.24246
179 0.382065
347 -1.60001
220 2.51994
135 -0.550888
278 -2.55923
330 85.9223
329 20.9467
297 0.735962
294 2.10284
174 2.42273
199 3.92467
367 51.4886
292 20.611
354 13.1431
179 2.4725
368 51.8642
290 26.3767
327 6.17664
347 12.7556
212 2.85379
372 85.2621
246 9.74382
139 0.0562134
290 13.7657
166 0.569107
152 1.60458
327 11.9661
369 47.5939
170 2.60785
367 52.395
243 9.12341
300 -0.0246582
264 14.6227
333 24.2248
150 -0.327942
166 2.19043
339 79.4305
354 71.9418
207 3.15993
190 2.25435
365 7.21738
201 3.71532
354 67.2285
347 70.4065
309 30.8955
273 10.3632
199 6.02354
261 14.0403
264 16.332
339 78.9766
115 4.10161
151 0.436844
162 -5.1776
243 9.13243
319 -28.2765
275 26.5555
197 2.90211
196 1.8795
207 3.10002
161 0.115402
181 1.42096
255 12.4367
170 0.254166
309 20.3694
300 -0.0236816
190 2.39532
202 1.43503
108 -8.66005
307 -7.68085
366 8.53174
321 9.79865
332 85.1513
208 5.10443
359 60.6299
346 -0.0393066
161 4.73416
230 5.39624
342 1.7197
355 62.3977
174 3.86311
210 1.79356
315 10.6512
346 69.5585
159 1.79715
260 12.4798
154 1.97235
341 76.2269
369 28.2387
197 0.684387
334 16.6868
154 1.97232
349 71.8306
352 1.51852
273 10.3647
303 -9.67273
326 28.9629
237 4.55672
275 0.742157
332 6.77066
342 1.69177
330 19.2292
202 1.37321
345 4.00589
294 3.02145
254 13.2826
196 2.10291
228 3.26796
363 65.3566
331 23.3995
155 0.563629
276 18.2161
176 1.49365
318 32.4186
332 84.2335
150 0.52153
370 54.2643
135 2.68747
321 9.84036
359 60.8941
363 65.524
181 1.84186
343 73.4434
218 4.3481
367 51.4649
266 16.0596
193 3.35361
362 66.7812
332 85.5425
346 73.9825
251 10.4252
207 2.99129
218 4.34814
300 1.3613
142 -3.10263
334 16.5912
319 -6.55469
368 0.289093
254 10.6782
170 2.58499
245 11.6895
344 73.2822
342 1.69455
232 6.7636
202 4.59625
243 9.12563
221 4.25494
297 12.6503
349 14.5688
143 8.86275
325 83.3146
225 4.42851
358 -1.66824
273 -5.45474
245 11.0212
290 13.6691
271 12.7337
331 23.7788
190 1.70502
225 0.517883
305 -6.745
340 -9.58743
315 0.817993
222 0.819992
287 20.3189
331 85.5711
357 67.9655
331 17.0763
230 7.73894
189 1.79221
193 3.7332
296 20.8496
264 4.15384
330 8.14691
192 1.72791
352 11.5275
187 1.54343
364 60.0015
307 27.0908
237 7.52597
168 -3.11766
212 3.89369
324 24.8481
313 -1.57169
326 92.082
348 63.1666
348 46.689
186 3.11624
155 0.563736
309 30.89
303 1.54852
323 6.8154
313 22.685
269 13.6105
149 7.73241
237 7.52484
338 28.5675
321 5.01859
241 11.2764
335 3.23148
338 83.368
256 10.983
168 0.685699
269 14.471
143 0.702789
365 64.8546
309 28.3623
343 2.89279
186 2.79582
156 1.57784
179 1.34251
354 64.5901
350 68.6699
326 91.1254
343 10.8996
202 1.339
197 3.47539
366 -0.0660706
160 1.4227
345 78.3224
195 1.42424
162 1.39568
172 -0.620941
356 10.2791
263 15.5483
320 -25.7675
354 10.9203
326 28.9246
360 -30.0102
365 -1.58209
315 27.102
339 78.7536
238 4.68256
349 36.8163
148 2.48369
311 28.5491
237 8.85922
309 20.376
175 0.31485
175 1.17757
346 74.205
191 -0.120819
196 2.10295
243 9.13286
342 1.72238
327 4.60413
216 0.649399
318 -32.6432
259 -10.1662
366 12.3292
358 10.5837
168 1.24756
173 2.12296
157 1.33675
250 13.5328
164 1.82077
143 8.86397
347 69.1335
365 7.5275
202 1.33925
349 8.55365
261 11.2391
309 -14.1843
317 27.2858
251 2.42946
281 -0.933746
246 10.6228
184 1.51337
148 2.97539
352 22.5183
338 79.7438
349 46.5856
215 2.35078
295 28.2376
323 1.04861
346 73.8179
157 1.33589
326 89.3242
326 -4.81604
307 -9.89484
251 10.8462
357 42.8946
265 15.8685
247 12.4748
363 5.69043
330 67.4558
369 46.8253
271 4.09668
291 27.6707
160 1.67847
218 4.34808
369 28.4288
302 26.723
150 0.521301
325 6.81741
150 0.521576
293 -14.8036
196 1.35246
287 -9.17651
350 68.5984
326 28.3789
312 27.0123
169 3.08089
168 0.598129
298 10.9692
346 73.6487
334 16.5588
351 70.1105
323 -45.7375
352 11.5955
347 -1.78146
148 4.0251
245 9.74588
174 2.25423
269 18.7704
335 83.337
257 11.2169
173 2.55336
317 22.0207
242 8.64339
366 7.62723
351 2.09818
363 65.5781
136 3.1039
196 3.42238
348 18.0175
150 1.93108
181 1.77092
363 5.62369
349 8.57349
249 12.5145
302 15.0983
209 3.91045
261 14.8521
333 84.419
254 13.7504
302 15.0951
168 1.75917
292 26.5033
369 28.429
327 12.0548
178 9.05563
371 90.0387
256 11.0908
355 -1.24612
243 9.12312
356 11.7371
280 -12.311
307 19.3672
317 29.2652
355 12.7846
357 -23.1284
346 24.2698
338 1.5578
151 1.59839
335 82.226
326 28.846
316 -27.7739
273 12.6657
331 13.4625
342 29.5377
362 28.5564
300 1.23489
358 -18.1011
354 68.4932
313 -1.57159
219 4.05199
253 10.8459
142 -0.35437
347 -1.49088
346 13.8452
347 4.59039
293 -14.8039
357 60.6943
264 15.6813
309 29.1871
273 10.4102
297 27.593
208 5.0827
327 11.9182
337 9.23529
363 65.5555
358 -18.1297
267 11.0177
174 2.4828
337 10.2936
363 65.3535
285 20.7084
142 0.124313
302 15.1754
355 67.5303
218 4.34807
285 14.3877
319 3.61093
174 2.15111
158 -6.76364
300 -0.0192566
252 -1.76491
199 2.54071
269 13.7059
341 75.7745
330 4.90552
294 5.05145
321 9.80328
252 3.8502
290 13.6758
259 11.2618
226 3.9416
243 9.12283
185 2.37282
325 28.8495
339 74.8075
332 85.5382
371 -0.309479
257 12.3906
299 12.5539
210 2.04509
321 25.3224
327 11.976
243 11.6761
366 7.53143
289 17.0697
201 3.48312
306 -7.51035
349 1.13763
327 31.5649
308 20.2858
335 12.8239
204 3.51213
149 -9.77429
307 -10.7361
313 -31.1851
150 0.653381
283 11.8454
314 28.5366
165 0.61824
320 -32.7821
364 59.8867
370 0.982208
206 3.72803
367 54.5003
143 8.86406
288 26.7236
358 40.366
331 84.3815
149 -0.740692
232 6.76384
157 2.31976
203 3.39468
146 1.74448
360 25.8965
301 14.9098
291 11.2135
352 64.4954
344 0.608673
339 5.97839
184 1.65106
323 29.4405
352 25.273
261 14.0354
236 7.96205
233 4.851
365 12.5869
167 3.80373
350 70.8239
348 70.0942
173 2.53058
332 1.14771
352 -10.5536
358 38.3191
351 71.0752
238 6.55309
332 87.9037
343 73.1952
168 1.33708
176 1.48831
326 91.5077
285 14.4308
268 13.4346
289 1.35361
261 14.0359
320 -30.4851
365 -1.58609
257 7.03967
360 -29.9966
331 -0.268616
333 6.75668
329 4.84006
318 -26.6764
260 10.9953
235 7.71323
276 20.6498
318 3.65024
363 65.3845
242 8.64899
158 1.39316
217 5.84557
354 13.1635
179 1.16234
326 6.24878
363 5.58975
191 2.41806
183 1.16158
336 2.8627
239 12.5431
285 20.708
191 1.19276
321 28.8879
272 -1.20822
232 6.76381
245 2.79372
284 20.2227
350 78.4774
357 66.082
344 52.3651
244 12.5325
316 21.9225
206 3.81836
330 24.3273
326 -4.76276
163 2.17384
366 -0.283447
151 2.18022
359 67.8445
294 23.6156
165 0.400909
334 16.4873
162 0.927429
201 2.04333
323 -29.1744
334 16.4353
334 17.436
361 34.1824
299 -0.271881
178 1.59653
332 85.5188
371 2.55167
138 -1.08266
175 2.22449
354 5.44617
363 1.10162
343 67.5323
333 6.78433
221 6.25795
302 -11.636
208 3.14531
286 19.9281
360 25.8847
307 27.0027
329 22.1157
352 64.1716
259 11.7283
190 1.15555
363 5.6087
329 -4.38791
168 0.802155
322 25.1123
232 4.52089
324 28.9691
368 48.4381
172 1.20932
368 48.427
293 2.73129
276 18.2291
342 1.71747
367 52.246
326 28.2491
223 3.98335
359 58.2873
328 27.1173
319 10.2785
196 2.10297
221 6.25743
163 2.04854
341 -1.0824
367 12.6863
307 -9.7182
280 10.7731
340 77.4093
359 -29.3861
364 59.9957
337 26.7113
327 28.6656
169 1.31401
352 11.5948
242 8.59534
212 1.72899
345 76.6552
297 -0.488861
314 28.4548
157 1.33595
183 2.55444
228 4.57527
191 0.418732
332 84.2428
152 1.69362
333 21.9156
367 52.2521
305 1.12021
264 14.9539
329 88.9028
207 1.66832
354 1.10379
262 -4.50769
335 85.2706
269 1.61328
256 11.2224
165 0.401443
321 9.84906
327 6.17776
174 2.44403
288 -9.17896
348 46.4922
155 -0.387115
360 25.9027
368 48.4334
319 24.7758
307 27.0052
327 11.968
192 3.3819
174 0.428055
323 29.1016
154 1.97264
363 65.3658
273 1.84366
341 0.161041
142 -3.10298
161 0.67009
332 22.8101
206 3.75642
230 0.600098
305 1.16171
372 83.5862
163 -0.635178
255 4.76846
151 -0.650269
189 1.81097
196 2.31439
353 70.7575
298 12.7497
158 0.0543671
366 3.9231
337 58.9187
332 84.3622
327 89.3305
285 14.3374
348 69.0364
245 12.3749
321 9.94064
331 85.341
347 70.6135
366 7.52631
240 8.49927
353 73.1982
125 -0.850288
360 -1.90814
232 4.9574
340 70.3951
306 -28.9549
257 12.3903
336 83.231
355 7.42255
165 1.5327
331 -5.65881
268 -7.70831
340 76.252
354 65.6047
347 -1.77756
254 10.1255
298 5.48361
358 -18.1136
148 2.0085
223 3.63882
249 10.6248
316 -30.1299
363 65.3672
155 -0.387756
347 55.5027
314 0.381561
356 66.2454
336 3.43735
297 24.6054
348 70.4808
294 12.1869
368 51.8
191 1.21178
346 70.8763
163 1.45364
63 -0.194477
309 27.7825
361 0.441406
350 71.081
361 55.368
363 5.64578
325 28.5859
360 58.0383
203 3.48395
307 -9.59979
372 -3.17215
245 9.70113
184 1.6134
365 -1.58502
350 23.1989
188 1.05589
237 -1.56299
367 53.5624
280 -14.9788
291 27.6734
273 3.91846
293 26.6553
254 12.0406
185 2.49803
361 58.5005
342 29.5095
363 65.5505
326 28.5141
324 12.8184
357 11.6927
169 3.07884
337 59.1801
183 1.16182
294 26.4969
310 -18.6886
346 73.8943
182 0.746246
207 6.8232
307 28.7377
160 1.4364
258 7.44977
54 16.7783
326 13.4517
263 15.6361
302 15.0883
294 1.01208
237 7.5248
329 92.4485
238 7.48143
162 1.43465
248 6.02197
363 5.68179
372 -3.17996
292 19.6285
210 3.13106
342 74.9608
290 13.6701
266 3.79251
265 15.8172
356 63.8567
260 3.42023
223 4.06949
350 70.4377
366 -0.278168
346 3.77188
360 18.0116
368 48.4393
272 15.317
312 -40.7716
261 14.0402
200 3.20544
358 5.69955
306 0.962646
353 14.5708
307 14.2226
221 6.25702
343 10.9021
307 -10.1345
270 0.478729
167 0.570587
273 10.3645
323 -45.535
226 4.00424
372 -3.17236
329 5.32092
153 -2.67607
302 26.0859
158 0.0544128
357 65.5703
366 -0.282715
357 29.1493
163 -0.634735
197 0.741211
239 12.5429
355 65.3466
330 -5.94073
181 3.67473
295 10.9268
166 1.12282
358 8.87717
305 1.80371
346 74.1367
286 21.7239
329 22.5825
332 5.04855
318 32.187
305 -6.6741
327 6.18091
313 -1.57178
373 55.9945
369 28.4353
307 27.0137
228 5.43813
149 0.355484
232 5.47507
171 3.29553
150 3.49133
224 1.35202
260 12.1719
270 1.65698
293 27.1132
217 4.549
176 1.52103
228 4.53738
236 -0.24881
182 0.746292
191 -0.122711
207 3.18427
218 4.34804
157 1.33591
228 3.26773
157 -2.07724
159 1.71419
161 0.346512
182 1.55542
308 27.437
174 1.68817
359 1.88977
316 5.4028
332 84.8607
285 14.7817
313 23.1987
292 0.842468
328 30.5836
320 -2.82965
327 28.1135
231 5.87688
228 6.96521
343 2.90018
265 12.0043
362 27.6708
354 2.54193
332 87.4786
212 0.514542
308 28.7636
160 1.83223
192 1.74345
232 5.59445
200 4.97394
358 -1.94241
273 10.3629
350 71.152
332 7.2991
308 28.2211
208 1.04214
285 14.3956
292 12.7748
329 20.6474
182 1.49315
156 1.27965
343 10.8321
263 11.8359
343 3.63147
250 10.0349
305 -6.66995
366 7.5383
182 2.49078
289 23.4016
182 3.30757
333 13.1282
187 1.63214
237 7.52608
291 26.5356
184 2.62601
200 5.80293
204 0.735458
303 -9.56161
307 27.0144
190 1.65616
336 16.7725
306 6.18707
370 6.81705
237 7.53014
168 -2.25049
191 1.24367
75 -12.7633
158 1.6964
167 1.49258
187 3.48863
242 6.36049
322 -34.7084
294 2.85446
205 3.85362
202 1.33382
361 13.8744
346 3.17859
183 1.16194
146 -1.67705
323 28.7538
274 2.53445
358 -4.01416
181 1.42767
243 5.00928
250 6.48984
322 -34.8394
348 46.093
290 12.315
370 -0.889923
332 12.8652
247 11.92
242 7.02849
230 4.87981
345 71.2831
270 1.09085
330 18.9424
171 1.1731
312 -13.1615
340 77.343
284 1.55679
340 77.4013
338 80.5823
326 29.2113
369 55.1951
190 -1.51848
370 3.45651
313 22.6823
329 89.8759
217 5.08113
196 0.69632
369 50.3481
198 2.33698
151 -8.9194
350 24.3472
347 72.5477
368 51.7944
327 12.0699
294 -7.13235
326 28.4421
63 -0.830379
365 -1.58212
290 0.583069
196 2.24902
257 1.68359
290 13.6673
293 -14.804
300 -3.29199
361 9.46097
182 1.49266
306 27.0215
146 -1.6769
195 1.42383
249 -2.29759
346 74.128
368 48.4858
331 23.1186
333 12.2509
326 29.0415
213 4.07472
243 12.1628
174 3.22639
323 -29.1972
245 2.79437
187 2.49777
369 50.1816
253 10.9843
352 67.055
135 3.08336
351 -12.4455
247 4.76857
371 13.0612
239 11.5978
169 0.999557
188 1.64516
262 14.3203
258 7.20523
369 49.9695
366 7.86929
280 15.8591
267 18.3074
253 14.5324
155 -5.24422
279 -1.30084
371 -5.59644
359 4.22339
273 16.3889
281 -7.81995
276 -1.68243
258 12.0659
307 29.85
366 -0.284454
360 1.15146
234 6.40405
243 9.13351
327 27.1108
181 1.77351
302 15.6712
208 3.89989
294 26.3759
305 10.5388
322 -34.8377
337 24.118
353 63.6559
358 -18.095
279 8.9592
260 -4.62509
199 2.27193
219 5.04604
167 3.80307
295 7.30035
278 26.1615
352 -4.48346
310 19.8014
221 4.2868
289 26.0292
239 8.54762
258 -3.41049
196 2.103
309 28.3607
291 13.5948
368 49.1155
196 2.10277
212 4.0061
335 3.18289
341 79.4846
363 65.3637
353 64.0879
146 0.817261
342 6.35455
278 10.6141
289 26.4278
354 13.4483
243 9.12465
227 7.27458
300 1.57599
341 11.1437
276 -1.6384
343 77.2803
135 3.08333
372 -3.17856
190 2.55106
230 4.88902
161 1.84517
215 3.10378
239 12.5432
357 71.8174
291 13.6429
316 20.2556
359 70.9565
281 4.00195
342 11.1561
228 3.26903
369 4.04059
329 20.5547
354 13.4515
306 0.581116
316 28.0252
302 15.2311
189 1.36981
329 24.179
317 25.9132
326 8.66205
315 1.11005
278 3.99747
160 1.65372
359 9.51688
316 21.0067
275 5.07501
292 26.5034
316 0.44278
253 11.274
202 5.27774
360 2.26822
247 10.7254
323 28.8108
118 9.47438
294 12.3221
289 10.298
148 0.684143
167 14.9952
280 5.52856
217 2.44786
218 2.49368
269 -7.48499
357 68.4261
207 3.84117
327 27.202
165 1.80409
330 18.0457
348 69.7561
331 -7.26331
363 65.3991
311 17.924
335 81.9602
359 11.6775
369 50.6089
321 -1.56149
307 -10.742
199 4.8696
209 1.73978
267 15.8407
231 7.90292
303 -2.56339
242 8.59344
301 2.21442
273 1.84381
347 70.6457
364 55.5175
357 -1.27774
167 3.80347
293 -14.8052
351 71.3347
261 14.0396
178 9.05385
296 11.0546
305 2.28043
316 24.4998
328 26.7375
286 14.314
296 13.533
271 4.09439
309 20.5047
189 1.6696
313 -1.57178
238 7.84035
199 1.88091
169 2.30779
346 74.1742
319 11.3371
366 60.1215
167 1.44279
254 11.0879
243 9.1248
292 0.58316
341 -1.08145
309 20.3636
162 1.66783
203 1.44534
338 28.1559
262 12.604
340 10.9066
233 7.31552
324 5.7363
319 -28.2994
199 3.31256
319 -41.6706
169 2.30354
347 13.476
146 1.74455
270 2.30215
302 -11.4945
312 -17.6819
179 1.31042
351 71.5701
323 25.3387
369 50.3693
152 2.54613
319 24.3609
158 0.412384
285 20.7152
188 1.82632
169 1.50549
363 5.64835
372 3.30969
271 4.09647
315 28.9898
282 23.0849
317 9.7034
356 1.20474
349 7.85526
322 -34.8369
368 4.2236
326 28.1192
208 3.68239
360 25.9032
279 -0.591339
268 -2.24237
368 51.8637
326 29.3135
248 1.56569
248 10.9378
230 4.81465
334 25.4521
289 9.40015
187 1.69621
326 29.9752
295 10.4841
202 1.33923
307 8.00629
168 1.68333
201 4.8931
363 9.67075
219 4.50397
353 21.2076
161 0.460556
327 11.9664
245 2.79437
346 73.7993
333 6.9165
176 0.517838
321 17.0583
363 15.3026
363 65.3966
334 16.4904
307 -10.9354
261 4.63553
359 58.2501
291 27.6703
366 8.5488
195 0.827209
329 88.2306
336 14.5669
329 22.2284
196 3.17767
341 79
302 15.1866
253 12.575
356 29.1375
308 27.7643
154 1.972
264 14.6287
274 4.12332
259 -10.1745
179 1.31047
296 18.4344
294 1.9006
327 11.9536
220 2.51624
170 2.54552
292 26.4092
332 18.3833
362 37.7263
180 1.41176
160 1.57216
349 72.5105
290 13.7663
280 -2.03107
163 2.04832
302 26.0866
356 63.2818
302 -11.6397
180 2.92178
297 17.7981
183 1.41649
163 2.36766
154 -6.50536
358 66.5045
245 10.9119
317 29.4541
153 -7.02632
226 2.63573
310 11.5828
257 12.3904
231 0.897354
231 7.78885
366 -0.277893
197 2.90105
191 0.418671
321 9.80371
267 2.59912
326 26.2194
242 1.24644
366 -0.278564
270 0.452637
361 1.5715
366 8.08643
366 -2.21552
345 74.5719
299 13.1965
190 2.33777
355 67.4573
258 2.40833
135 3.08275
239 0.515701
320 -27.8994
251 10.101
197 3.40996
201 2.30072
289 27.4617
369 47.6024
160 1.67688
363 5.6857
342 1.72183
282 18.3558
348 46.1828
306 27.6812
276 15.0128
173 0.27951
206 3.0143
264 0.662079
358 66.2951
346 74.2927
313 28.5314
212 3.89337
348 5.37866
326 -4.92172
186 1.02429
265 11.7923
192 1.04372
341 11.1894
294 1.25735
371 -0.313354
293 15.9823
176 0.366608
239 0.466492
234 1.76576
241 0.966248
305 1.12427
232 6.76375
363 9.74713
372 85.5461
233 0.517212
205 5.37785
324 28.5836
280 4.06387
316 25.1405
336 9.35455
282 17.7231
307 -14.324
348 70.78
296 14.6655
167 0.616211
345 71.2238
237 2.90591
153 1.63362
228 3.26898
198 0.896744
338 28.2182
150 0.520035
239 9.12181
348 29.2497
300 1.36032
236 7.49432
330 86.6397
347 79.3968
135 2.66563
236 -0.249313
208 4.08087
202 2.63431
162 -0.809006
232 3.39044
278 25.8884
318 16.7903
279 11.308
326 93.1044
163 2.48166
373 14.5844
356 11.7319
346 3.0979
344 71.9763
346 74.0906
347 -1.77869
316 29.7874
246 9.8801
204 2.68312
366 15.1623
201 3.43451
294 20.0714
369 6.35184
316 29.4333
330 67.3118
283 -3.77988
367 52.669
330 4.9425
343 10.8428
179 1.31091
367 2.03848
358 -4.02072
308 -20.6839
204 1.49722
232 3.7809
310 27.0084
304 18.9412
306 1.56006
304 -4.4856
298 14.877
308 27.4345
236 -0.249146
318 27.4267
277 15.4583
297 27.5835
347 3.93881
217 1.82837
217 0.496765
346 70.3601
291 12.5127
244 9.30321
366 7.65735
279 0.629608
199 2.43381
332 84.8645
366 15.4547
155 0.499069
223 3.64546
368 51.8016
228 6.91948
339 14.8878
344 -0.733063
347 73.7453
164 2.08823
321 -12.86
308 27.4381
320 23.2692
167 0.603806
344 73.0602
288 0.604004
288 26.3214
267 3.79669
363 14.6674
364 -4.17465
270 15.1823
216 3.17902
291 27.6756
348 46.6295
166 0.179459
185 2.86452
272 13.8834
371 -0.311218
267 0.925934
201 4.84224
334 21.5124
344 73.2326
270 0.590912
366 7.86609
293 0.329956
312 -15.778
326 28.4987
366 7.77121
307 -11.0501
367 -0.608734
346 73.2454
278 22.4121
309 28.6401
275 12.1259
210 1.951
265 1.78159
354 11.3748
272 6.85248
345 72.4781
174 0.428116
209 4.22556
211 3.34488
347 71.9137
344 71.3436
349 1.13507
326 92.4699
214 3.09215
356 8.81464
323 -45.7875
313 22.685
55 -51.1625
270 1.65839
327 11.9494
365 -1.58365
316 28.6872
285 14.7024
295 -24.4631
328 23.8754
272 1.58704
332 84.079
280 17.8101
322 29.309
270 1.65561
334 16.5413
339 30.5717
209 3.92693
210 3.28723
308 28.7601
215 1.85063
333 6.04205
237 7.52666
157 1.33594
309 -19.2092
209 2.08028
178 1.59581
263 15.1518
334 -9.37088
354 -9.26212
250 6.26721
286 16.2742
202 1.33955
328 -9.44171
252 13.4912
261 14.0358
266 9.21805
273 -8.13803
290 0.273804
370 15.8409
207 6.82312
320 -45.7945
309 2.41245
311 10.7575
233 3.8342
157 1.17625
372 10.1363
262 14.3196
230 0.908676
164 0.201111
233 7.85666
322 28.856
149 1.92381
333 25.092
307 -42.9138
208 2.21765
370 -0.888428
116 10.1512
269 19.102
242 -0.199219
156 1.82837
174 0.428192
272 1.58829
311 13.6182
256 11.7432
336 80.3796
262 12.3106
200 4.34518
205 3.16896
306 -5.20795
368 51.7986
372 49.7177
238 0.970596
190 2.37254
288 27.0261
282 11.8827
354 6.63266
302 -7.11649
346 3.07941
146 0.815063
201 1.16528
356 2.17438
288 24.4215
332 84.0182
294 3.48376
195 1.84335
319 5.2012
315 -37.2687
271 4.15805
358 1.85199
370 -0.889282
321 -13.9155
372 27.035
321 29.5622
224 4.28198
293 13.2216
276 11.593
179 1.16222
158 2.63474
348 46.2262
294 -0.0230713
191 3.31839
366 18.113
363 66.5044
321 9.75412
273 1.84521
348 71.8364
232 3.38953
322 -34.8438
290 13.6663
366 -0.27597
305 -6.74548
317 21.2549
184 1.67633
307 28.4996
275 26.556
344 2.72864
319 28.6048
308 -13.739
275 26.5543
366 -0.284637
342 -10.2277
311 21.8608
309 28.8118
337 7.30374
244 11.8027
331 -5.61682
319 7.94156
276 1.14645
351 65.5268
367 51.5219
308 -18.0673
255 11.0154
212 4.07629
353 38.3303
332 25.7819
205 3.30968
301 20.6719
216 0.759476
169 2.48872
181 1.4213
318 -14.0103
323 24.4836
307 30.8435
307 -9.61432
337 26.6949
358 -29.5475
260 12.9468
341 12.81
182 1.49904
230 4.90984
321 9.94272
366 -8.44022
300 -0.0250244
242 10.8544
370 56.5757
360 17.8655
357 66.7516
368 48.4388
258 2.22675
344 63.6761
197 3.49527
259 15.3623
268 -2.24893
307 27.0988
329 89.071
190 0.418884
326 -5.8407
182 1.49298
274 16.1608
360 1.37274
343 10.9039
365 3.49313
294 3.86978
279 5.87979
170 0.60498
278 26.1602
352 66.1179
370 -0.886414
354 34.3199
312 -14.8085
183 2.49695
315 11.0956
245 6.5907
157 1.17589
318 28.8666
191 3.31859
276 18.2286
273 10.3641
307 26.942
157 1.33597
190 2.31662
366 -2.21521
239 7.60587
331 85.4823
334 25.1847
323 29.3628
243 9.12276
329 -7.20593
360 25.9045
331 18.4916
371 27.0244
363 65.354
218 4.34801
273 1.84293
300 -0.0477905
181 1.42113
352 9.73483
248 8.62921
292 11.4834
306 -8.25958
312 -8.9614
257 4.1727
239 8.03369
371 -0.519348
336 16.4013
321 9.80371
336 3.87311
292 -3.05392
243 9.02879
291 27.7108
333 6.96103
217 2.48897
309 -25.8187
352 3.02838
358 -4.06296
208 1.67615
260 15.3199
324 16.6794
157 1.17621
174 0.588501
188 1.05769
336 16.7721
363 65.3804
371 1.9415
147 1.93352
164 0.262848
187 2.58862
319 -28.2801
291 25.9171
254 10.8173
348 29.2447
268 4.01614
280 18.2592
313 -10.8932
329 20.727
342 77.7776
199 6.10597
197 3.24832
291 27.6467
333 6.84216
357 1.79636
324 29.6003
341 0.846069
293 17.5116
238 2.62485
285 14.9086
248 12.0671
348 29.2487
346 0.415253
343 10.8212
237 7.5274
173 2.22583
306 -27.8852
346 73.7747
237 7.5289
309 20.3693
346 73.8463
324 28.8834
359 0.517548
192 3.37918
263 16.6953
197 3.01857
251 5.65659
346 3.02777
369 61.0116
305 6.79636
181 1.85043
197 3.19069
191 3.31882
216 2.30434
146 0.818253
322 6.43866
264 2.26947
343 73.2711
220 1.07066
183 1.1618
329 12.8988
369 50.3489
305 1.33096
265 1.95999
338 14.7409
250 6.4951
148 2.63072
227 -0.436005
273 -12.822
162 1.39438
352 11.4399
286 20.6284
366 7.24469
324 29.2365
294 25.273
254 11.0035
332 85.8693
204 5.34488
365 -1.58521
307 -21.1818
367 55.7366
307 29.8552
261 15.1261
249 4.31009
212 3.96649
346 49.4806
353 63.8341
327 6.177
293 2.70535
288 -0.487
328 26.7631
341 76.119
260 11.7285
293 20.9962
181 1.4213
183 0.971634
54 16.7786
314 -12.4554
326 28.5215
163 -6.69186
371 -0.313354
213 2.26524
278 26.1623
314 -12.8277
324 29.0927
323 28.5838
340 9.23984
276 27.5262
277 23.2962
304 16.1389
350 71.1172
302 15.0902
218 4.34834
367 49.0656
333 6.79626
150 1.93117
361 5.36075
367 51.358
118 -3.05122
347 71.8552
278 21.5685
174 2.52432
180 2.4133
243 1.57843
220 4.04002
366 7.75058
325 5.37564
191 3.31841
273 1.83154
326 28.4871
150 1.93105
319 -28.297
366 7.86963
272 1.58704
270 1.66461
325 6.81561
283 11.3007
336 16.7711
285 -3.59436
315 21.3044
355 22.3864
274 7.70877
182 1.47694
158 1.50911
350 71.1977
362 8.75809
216 3.61554
347 70.6328
371 -16.5711
232 6.76282
351 68.4399
342 1.71817
358 -18.1303
288 10.9661
336 16.7689
167 3.25256
292 26.6745
349 66.1369
307 -10.9479
285 14.337
355 72.4789
273 9.49716
285 20.7458
258 15.0202
277 15.5782
346 73.5416
298 -2.62558
247 10.6588
295 6.52618
352 11.6977
290 17.2518
272 10.5607
294 -1.02533
185 1.59637
321 24.0708
324 6.82495
211 1.6093
237 2.90465
281 26.3811
161 1.67584
202 2.50787
347 3.98709
344 2.38635
365 7.51215
275 26.5556
153 1.54362
368 -0.65094
322 -49.8323
54 16.7781
363 5.19345
263 14.455
370 25.5946
331 89.7935
237 7.52533
269 1.33862
362 -4.54919
360 25.8948
329 24.9999
361 18.7648
165 2.45993
260 -0.0401001
162 -0.821152
230 8.24158
333 6.81177
170 1.74274
125 -0.850113
166 2.46318
290 19.5506
351 44.9639
371 3.25885
290 0.583069
366 7.81366
332 13.1967
218 1.87874
169 2.48801
307 27.0036
341 75.7768
321 -2.50943
280 22.0211
239 8.58871
318 24.8876
279 3.87143
353 68.4789
261 1.74719
198 1.17476
323 1.04794
313 21.6586
149 -0.737091
305 -6.67493
335 5.95944
163 -0.635635
346 6.1431
370 22.5601
227 4.89882
323 25.6512
234 6.0612
195 3.48419
337 26.6927
312 -8.96069
293 -14.8044
177 2.25116
14 -22.5091
273 10.3649
280 23.4247
169 3.24904
188 1.74785
237 2.90555
220 6.8018
361 63.3957
197 0.760788
248 12.0264
291 0.805359
340 28.7478
271 4.09491
316 -3.03671
265 15.3324
318 28.7463
248 10.7863
339 62.1755
371 20.383
247 8.8929
316 28.7138
167 0.63356
261 14.0398
315 21.2338
250 12.4477
314 1.22226
285 1.63605
293 -14.8043
326 -4.63461
307 -10.0915
290 26.383
346 5.07916
290 13.7414
274 10.53
352 11.4548
359 1.66226
206 3.68388
168 3.07147
208 1.67593
246 11.9774
362 0.945404
360 -0.637177
184 1.48346
216 0.755692
234 3.5394
258 3.7825
190 1.68387
368 -0.591248
325 -38.1807
367 51.5636
371 -0.311981
361 64.78
175 0.601135
262 12.7237
348 70.8662
172 1.10129
273 1.8071
344 74.3406
196 2.10274
320 -32.134
278 26.1601
333 6.91922
287 38.7846
306 -1.44672
263 -0.982422
214 3.06383
291 26.3425
302 15.1228
311 29.489
318 10.9068
318 -27.7634
157 1.77664
161 1.68008
366 -0.283203
243 9.1244
144 -0.545486
342 1.70541
284 0.375702
220 1.63846
308 27.437
363 5.59668
226 4.10333
305 0.969757
163 -2.1516
348 4.13904
348 29.247
354 11.7018
316 23.0733
195 1.42403
262 11.6929
149 -0.715851
357 69.2569
347 49.1152
197 3.1015
203 1.35147
335 7.4451
180 2.1275
290 0.950867
276 0.0710449
208 3.77707
253 13.3327
331 85.8745
360 25.8991
319 28.5589
318 -12.0409
171 3.29623
203 1.32849
352 43.0103
291 23.4619
305 2.06769
348 -23.0448
251 4.19304
314 17.9459
275 13.6315
229 5.30414
262 14.3195
244 12.222
281 26.2504
247 1.20961
240 11.0731
329 -4.85715
-3 -28.1003
372 13.6302
230 4.88362
336 16.7813
340 30.5254
160 1.85133
186 0.956512
252 10.7323
334 11.4114
199 3.70789
261 14.0398
353 70.0647
269 13.4645
276 13.1536
346 74.1598
369 28.3977
325 6.81354
366 57.516
336 14.811
311 13.708
269 12.7506
275 17.8207
342 31.8102
358 -4.01202
208 1.5674
282 21.6042
191 1.26956
372 1.82956
282 26.6
208 3.73593
195 3.48558
151 1.91722
178 9.0518
323 -1.73083
360 0.789551
349 67.1164
346 74.269
248 6.01706
244 13.054
236 6.63507
287 21.9574
281 8.12082
246 1.72757
271 4.15799
293 -14.8039
290 26.1357
261 9.00375
158 3.16931
351 68.2791
134 0.272339
328 24.1513
330 24.3777
347 70.3596
369 15.8937
274 19.9936
350 69.8329
289 20.7245
348 46.1091
357 66.5247
275 14.3501
372 44.0978
261 12.1719
366 -0.283081
326 28.4903
163 0.570679
286 27.4165
182 1.49765
209 3.56012
220 2.51958
230 7.58167
337 22.5364
366 7.54535
343 73.127
360 -29.9943
218 4.34813
247 4.49104
262 -19.1947
327 11.9755
329 93.345
318 -2.79428
339 2.24231
214 2.19168
335 0.236115
296 7.28384
295 1.58459
276 18.227
326 28.8123
196 2.10275
372 85.2331
168 -6.94418
372 -3.1785
313 12.9612
302 15.091
219 4.01524
283 5.77274
210 3.222
206 1.55336
305 1.06369
264 7.1684
319 -49.516
339 6.43863
326 29.0317
368 3.56442
157 -2.72
347 0.746948
208 3.80653
225 4.17407
304 12.1036
285 -1.95197
325 -7.28171
332 13.5408
341 10.3138
195 0.821274
285 20.7081
286 -2.83252
204 3.29152
242 1.24706
316 5.74036
342 1.69443
208 3.12225
203 6.48616
341 0.160461
366 8.55704
204 3.44609
359 69.8223
165 2.35701
232 3.3877
297 -3.41934
125 -0.850189
282 -1.10538
349 23.8567
292 11.6549
363 6.00885
287 19.4063
344 -0.598907
163 0.0567017
182 2.00079
293 27.1373
355 63.2721
354 12.266
180 2.94629
186 2.7953
294 7.27191
307 26.8997
293 -14.8042
168 3.07182
367 51.5186
169 2.4686
347 49.148
212 3.98575
277 18.1229
318 27.7422
346 9.15714
332 9.07751
358 -18.1559
178 2.46292
305 -6.74515
185 2.4949
358 1.76517
270 10.5512
146 -1.67696
252 9.86115
163 1.99146
182 1.49388
363 5.60251
270 2.63531
330 66.6047
212 3.89328
299 16.0172
263 13.5604
358 -18.1189
234 1.76393
316 30.0146
305 0.709076
324 7.08203
293 -14.8051
323 -1.79565
372 -3.17667
178 9.06494
318 20.3954
202 2.59015
242 8.62048
354 15.8782
314 18.0605
310 -27.0399
355 3.07782
284 8.1846
240 0.958435
186 1.4826
165 0.401779
209 4.1897
290 13.683
372 -3.17291
344 -0.59967
240 5.73106
161 2.22917
180 1.62199
369 -0.640533
251 14.3406
199 1.93352
284 -3.04111
161 0.281876
307 26.9554
332 87.0265
347 55.7085
320 8.57596
270 6.69257
150 0.497574
363 5.67017
360 1.34103
313 -22.6372
197 1.78889
240 12.3147
274 -0.209503
291 27.2538
247 12.4133
285 20.7072
307 11.3842
129 0.75766
343 0.707062
237 12.0184
161 -0.864944
347 63.454
367 1.01291
347 71.2566
360 8.72876
305 13.6296
200 3.2616
270 14.4245
191 1.85617
271 2.62296
289 -2.35855
184 1.67296
330 25.7453
236 11.401
298 10.5869
258 1.48865
222 5.25146
368 48.4546
319 2.38101
202 2.60089
368 29.6322
266 12.5225
160 1.40039
292 2.22604
237 5.07394
275 26.22
181 0.721451
297 7.3923
350 68.6628
331 20.3209
267 10.28
230 6.21512
273 -8.12848
359 58.8825
188 1.31184
373 26.4411
288 26.5094
333 85.2912
315 -41.0331
237 7.52487
307 29.8538
346 73.6214
333 21.9131
153 -6.17162
276 18.2282
317 1.68658
242 9.19223
341 12.2906
236 -0.249374
279 -4.12677
367 18.2557
317 10.9246
331 8.16226
334 16.901
297 21.2455
320 -0.611206
234 1.7859
195 1.77882
267 6.09332
291 13.7175
276 15.0974
366 8.5654
342 1.70084
316 -8.97931
178 9.05536
371 5.52911
156 1.34137
357 11.7338
282 19.9354
309 28.3614
327 6.17609
217 0.341278
343 10.9056
313 22.6854
251 11.0491
347 29.298
178 2.93143
218 2.41496
169 16.362
367 51.5781
242 8.59419
370 -0.885193
320 20.843
186 4.25388
282 26.9729
276 18.2286
317 25.5322
156 9.49083
326 29.254
250 11.7536
341 12.4664
183 1.65181
324 10.8662
283 20.567
368 48.4294
341 77.6133
322 29.6733
234 5.20142
270 16.4939
333 10.6982
339 17.0876
278 26.1596
280 26.419
309 18.87
273 3.37106
337 11.3517
265 0.647522
165 0.620651
293 17.9633
325 -24.8983
367 51.5164
353 1.00055
196 3.56892
338 62.5933
369 28.1285
275 16.8184
11 -22.7801
208 5.27744
300 -0.0953674
167 -1.96445
361 -21.4724
248 14.2458
251 4.19127
169 3.07697
326 28.0378
319 42.9426
292 1.13852
353 66.1245
158 -0.847214
369 16.6811
316 7.56796
293 20.5816
310 -43.424
205 3.71086
176 2.92163
266 11.7992
309 13.3957
343 0.296967
323 -28.3282
346 73.9782
180 0.309036
123 -0.935555
365 7.56622
224 4.24625
366 -1.22604
212 4.00743
208 3.20607
273 1.83929
278 10.4271
252 0.0971832
207 0.568771
332 0.380249
291 27.6704
348 49.0164
283 20.1378
307 -23.4833
331 21.1602
300 1.57938
362 10.0544
201 4.91432
265 7.06458
336 16.7758
336 16.7736
276 -0.373749
347 2.33124
287 27.8267
352 11.0948
337 86.0533
334 16.6166
354 -9.5491
149 1.92387
308 27.4355
329 -1.0932
185 0.982971
329 -4.38971
236 -0.249008
272 20.7977
354 17.3944
326 -1.71753
225 3.64326
291 27.3033
164 2.07959
369 -0.036499
192 2.28307
354 65.3965
208 3.75616
337 27.7036
291 26.4769
268 11.339
197 0.443405
275 23.9761
272 -11.8932
347 1.33554
188 3.50148
273 -8.13708
275 -0.623596
228 3.26764
343 10.9053
372 53.6936
323 -9.23575
222 2.18256
306 -28.9007
329 -7.16635
334 17.8395
214 2.06534
313 23.2141
275 27.0181
332 22.7521
306 28.6887
243 12.5084
247 4.39774
335 3.32281
153 -0.314972
284 7.43481
153 -0.723862
186 2.7955
326 3.33762
267 18.2879
358 14.8983
258 7.43115
353 63.8579
184 1.67273
270 -1.77768
250 9.89304
328 4.30386
371 2.92206
340 23.541
295 8.20319
360 25.9028
373 52.7717
316 26.881
291 27.2534
299 2.98663
270 1.65707
330 0.287933
371 56.7459
186 1.4826
281 22.8215
211 2.37846
157 1.17625
366 8.54324
349 8.13388
164 0.20224
275 26.5517
327 84.8135
320 -68.5372
268 -2.33817
348 46.0965
361 10.9539
326 -4.75946
344 1.83868
372 -0.0684509
273 1.84525
252 0.0937347
291 27.2571
223 4.66495
371 -0.309937
165 -1.32335
323 27.7774
344 72.5573
346 73.6933
252 0.114655
326 28.0508
283 11.1577
305 1.11447
147 -0.103119
156 -5.34871
198 4.2762
276 -3.09082
290 15.6423
202 2.59081
302 -11.6654
373 49.7973
312 -8.96115
332 7.15286
326 28.1987
182 1.49901
349 68.5766
291 27.6751
342 1.72067
291 27.2589
194 2.32248
363 65.3782
311 29.2263
149 1.92393
311 -5.03067
215 2.34328
305 1.10492
217 2.07162
333 6.23065
195 1.32228
365 -1.58218
271 4.09595
206 3.10983
148 0.66655
318 -2.7941
237 4.96098
250 6.49458
246 0.961823
331 24.5532
343 2.89563
299 11.0428
191 3.31837
193 0.766861
369 50.3489
344 -0.98465
331 -5.64938
191 3.31877
328 27.5195
233 7.99283
178 0.354004
325 29.0732
275 25.2272
335 21.2803
357 12.4738
322 29.2093
366 -0.283356
186 0.258423
322 -44.2092
228 3.26891
360 -1.28531
342 60.7186
232 6.76372
169 2.46683
367 51.4966
287 20.6964
290 0.58313
265 16.1399
348 9.09799
266 9.15778
280 17.4028
360 62.5341
320 -2.10208
206 1.55125
239 1.71342
259 8.78497
154 0.45491
256 10.8224
323 25.9155
312 -22.4165
290 27.2598
152 1.60439
342 30.2472
278 25.8969
347 49.4614
171 3.29668
232 3.37976
305 -6.12131
315 12.05
346 54.15
319 25.163
237 2.90404
191 1.23582
345 73.2652
221 1.1082
182 1.49971
317 -4.48782
255 -2.69246
264 0.915161
316 -5.56973
198 0.79277
354 29.7487
370 -0.880798
220 2.51897
339 0.623718
326 4.21713
359 1.62036
336 22.9053
358 64.5788
242 8.6441
340 25.9377
346 -1.09018
321 9.80362
324 27.1181
197 5.00478
360 10.809
135 3.15005
189 2.52124
216 2.30118
353 69.1041
279 13.5775
274 4.02057
320 44.4495
293 -14.8047
232 5.82896
154 1.97176
216 0.759293
154 3.16994
293 13.9239
355 65.4877
166 2.2606
329 -7.72668
359 62.0187
352 65.8628
326 -3.89685
236 8.88844
347 -1.77509
173 1.26039
169 0.60762
265 1.21802
155 -3.1985
210 1.62445
348 8.75519
307 -17.9938
327 92.9877
238 2.53052
326 27.7215
372 3.24515
336 4.32718
347 -1.77637
159 1.86143
307 20.0226
236 11.2466
309 -21.8879
288 26.4754
292 26.5028
317 0.641418
178 2.47627
346 3.21402
335 6.50073
188 1.64076
188 3.32892
231 1.62085
319 18.1759
278 8.21317
268 -0.165131
237 7.52779
372 5.36719
347 -1.77658
310 8.18234
271 4.16516
348 42.9892
305 1.12177
342 75.9349
190 -1.521
259 9.75229
305 1.94049
182 0.711212
270 -10.5285
371 -0.312866
346 27.2979
354 43.5573
363 5.70551
272 17.1433
274 14.5799
191 3.31827
363 5.04819
132 0.699356
279 12.034
231 4.10538
183 1.16191
286 16.4312
307 -12.1529
370 9.65042
218 4.34814
280 11.2989
303 8.61252
283 8.1662
228 3.26918
372 25.9658
185 2.89085
261 14.0356
188 1.74757
346 73.5844
245 8.65456
291 27.2599
330 -5.57138
245 12.8262
369 46.6542
190 3.71024
246 13.4432
171 1.02429
358 15.5176
309 30.8962
272 1.96594
302 -4.96991
366 -0.281036
247 9.30817
261 10.6664
355 6.38071
277 26.4522
236 6.28879
352 11.0047
291 26.7754
206 3.76204
279 -15.6766
331 87.2961
286 28.0558
176 2.90038
278 26.618
320 -45.421
271 4.15848
350 1.98007
266 11.2346
185 2.86452
322 6.71362
324 -23.7691
292 22.6453
333 6.76306
208 3.14687
276 7.10043
239 5.04266
250 10.9477
228 3.2682
287 3.56317
342 62.4693
366 7.9863
322 6.87857
341 11.1828
161 0.759552
180 2.31213
330 35.121
313 -1.57129
283 8.0575
259 12.7441
252 0.132843
232 3.37161
331 -7.37698
254 10.9258
289 26.8105
180 1.45576
358 -4.00861
177 0.591934
347 -1.77942
307 -11.0618
207 1.76591
326 -4.72205
294 -1.06024
195 2.92326
354 11.7482
362 15.2904
179 0.312759
174 2.33559
147 -0.525803
245 4.72433
322 -34.7214
245 9.70009
247 6.01135
228 4.93604
326 -4.87396
351 27.9987
135 2.65471
367 29.6175
245 2.7939
232 0.614685
246 11.812
264 2.69125
312 19.3759
146 -1.67696
268 -2.34048
340 59.3167
195 0.665985
358 -5.54419
348 29.2627
270 0.588257
369 46.799
328 25.6956
329 10.9086
307 29.8543
352 40.945
328 -9.92206
288 -0.487305
320 -14.0477
338 15.1911
150 -0.308487
347 69.8036
271 12.0376
294 2.30838
165 -0.269165
181 2.07239
352 2.3183
272 17.5279
322 25.4157
367 -0.28064
318 -2.79373
184 1.67561
250 6.4922
268 7.0946
310 11.5872
283 -1.8371
208 1.66484
202 2.57819
230 7.9294
326 28.1018
195 1.42406
349 65.2213
269 15.1129
350 9.76532
313 30.1806
272 1.97104
350 5.99948
372 14.9987
234 1.76241
232 7.561
291 21.8894
162 1.90002
283 9.70456
224 2.67842
190 2.0318
272 20.7765
306 -25.9851
195 1.42355
282 11.6205
149 1.99251
372 50.5062
222 5.04509
268 1.25833
246 12.4681
229 5.09149
372 -3.17233
356 40.7172
159 0.677979
286 14.4011
178 2.25642
222 4.04715
199 6.21387
339 28.2587
331 23.6913
343 2.89273
234 1.76263
364 8.60425
308 30.8953
169 1.07947
267 -0.614624
358 58.2199
370 5.3595
349 8.57083
323 -45.7338
153 -0.363312
191 0.418976
257 0.0957336
322 -29.0701
287 -2.12015
334 15.872
151 1.91765
257 14.3278
207 6.82283
247 4.3938
231 4.00002
157 2.23814
348 71.1997
352 -2.69928
368 48.4391
232 8.13141
259 10.8979
221 2.56599
309 28.3631
331 23.8707
232 6.76331
164 1.69621
360 56.4779
232 6.76393
190 -1.5186
178 2.92343
214 2.28253
262 2.65674
185 1.75742
188 1.7469
347 55.8767
221 3.45103
341 0.950409
331 12.4031
363 6.54642
300 -0.025238
295 -0.128174
259 11.7839
286 17.4905
258 8.98422
359 60.2805
273 1.83469
256 11.6033
162 0.142548
361 -87.7123
250 11.0146
359 9.97891
326 0.441315
308 20.2873
309 30.8454
232 3.3904
309 28.4089
351 74.9552
156 1.68825
293 27.9084
369 28.3924
156 1.52254
347 -39.0863
244 9.65498
147 1.93346
363 59.1095
341 15.5672
215 1.78828
318 27.2076
328 5.28442
333 6.90506
329 -4.37503
333 6.7691
304 -4.80014
320 7.92368
232 6.81847
291 13.7018
364 8.19662
191 3.31828
282 -2.39828
307 29.8525
308 21.2198
322 15.6107
308 13.3347
246 8.80513
371 -0.312195
238 11.5686
352 -0.666779
200 2.05319
338 -4.94714
238 6.92238
363 65.3686
339 28.5983
185 1.16855
356 18.8492
207 3.80699
180 0.80957
294 -2.43698
290 13.6782
289 26.1385
316 24.8958
242 1.01303
349 11.2386
272 1.6402
205 2.74585
226 4.38948
368 -22.5783
273 11.7504
169 0.691666
320 -2.67325
346 3.77176
296 -2.32788
160 -1.37994
284 11.9398
260 5.76215
210 4.00623
252 0.104904
309 30.8963
346 74.803
302 -4.96625
286 18.4778
313 22.2297
271 4.09903
288 3.3855
151 1.91551
346 70.7812
366 54.494
313 29.0568
294 1.81082
308 27.4357
318 -2.79309
316 -3.06653
274 17.7182
347 -1.78583
203 1.45633
349 1.1218
372 16.4961
349 -10.1942
212 4.60698
283 12.8618
368 48.4549
328 12.5251
245 3.86478
326 29.1106
179 1.22592
316 3.75238
175 2.60526
272 15.3857
169 2.46826
346 2.62558
349 26.0819
162 0.374588
291 27.6753
242 9.65547
224 2.18445
274 -9.95502
238 3.782
190 -1.52203
350 46.1645
198 1.22696
256 1.68546
172 2.50058
326 28.5089
290 23.7731
255 9.10989
297 7.39563
293 -14.8035
241 10.4316
281 9.50897
195 3.48436
276 0.0817566
329 -7.40204
370 16.3136
287 17.9488
344 31.0383
349 0.489105
268 -2.23874
181 1.8418
257 10.8603
248 10.937
309 28.3704
277 15.6113
342 1.71884
318 -23.7211
167 3.84218
181 1.84036
177 2.88104
287 27.2998
153 -2.58354
197 3.14906
144 -0.0892029
361 58.0675
353 -0.741486
250 7.5058
164 2.30823
292 26.5027
264 1.06244
271 1.62106
251 4.18996
162 13.7455
344 29.2332
253 0.0646362
214 2.25273
303 2.50366
228 5.98708
283 5.72821
317 28.3091
231 3.99002
308 27.4219
208 1.66472
271 4.16373
346 73.6828
243 2.17329
370 26.8993
367 52.5645
325 27.9444
351 70.6531
173 0.548904
232 3.39548
345 70.9383
309 30.8888
265 1.87045
304 10.0108
212 4.60814
276 13.1391
261 14.0358
363 6.4314
292 26.0164
274 15.6336
232 6.76398
318 -2.7937
320 -7.7424
367 50.6018
268 3.06979
228 3.26894
323 -45.7282
352 11.7065
178 2.11182
182 1.02281
281 0.730835
252 4.62234
364 8.50302
329 -4.37521
287 -9.17636
333 13.2419
309 30.8923
274 2.52914
311 13.5794
270 1.65579
255 9.09726
310 -20.489
351 -1.23517
177 2.25174
220 2.40611
337 20.3044
314 -3.01422
183 1.16182
164 0.276138
225 3.62756
329 -7.19287
302 -5.9747
333 21.9179
172 -5.59653
363 17.5726
241 10.4122
300 1.57956
343 8.27283
273 1.85159
296 14.1335
369 29.2503
332 23.5348
281 17.7693
274 0.0556641
257 12.3902
161 -0.829254
225 6.52295
302 -11.077
316 28.7853
305 -6.74454
344 3.22867
352 2.73804
312 -8.96448
301 -8.42001
282 14.2563
175 0.461929
360 66.2741
272 12.015
270 0.671906
372 14.6682
248 6.01624
312 6.36304
321 9.83972
281 14.9383
364 13.8275
241 1.36363
279 22.295
151 2.15895
204 1.67751
185 2.31325
291 26.4766
224 5.74922
150 0.653214
326 27.8642
330 -0.0550842
335 3.2254
334 25.6143
358 -18.1068
248 0.105438
242 7.15413
359 61.3356
320 -26.6471
241 5.01791
370 14.127
223 5.43037
309 -28.5564
157 -0.740402
333 6.77353
