9 -1.27943
158 -0.133102
99 -0.855888
103 -0.54966
121 -0.663078
99 -0.560646
169 -0.561234
116 -0.726242
118 -0.74189
101 -0.615906
113 -0.740311
112 -0.615158
169 -0.504242
121 -0.663231
169 -0.562225
99 -0.853577
120 -0.646088
211 0.823227
115 -0.742928
228 1.37051
85 -0.880775
53 -1.01391
17 -1.12002
195 -0.713242
113 -0.740852
99 -0.855743
121 -0.663101
97 -0.600456
85 -0.881226
99 -0.856003
132 -0.844437
171 -0.629272
95 -0.822876
106 -0.587639
130 -1.87015
53 -1.01389
169 -0.561295
191 -0.19693
88 -0.666084
99 -0.853767
7 -1.25049
19 -1.13147
96 -0.567085
85 -0.645432
121 -0.663216
29 -1.07898
118 -0.742065
118 -0.740822
120 -0.634987
317 0.218719
113 -0.740372
99 -0.855957
169 -0.55983
115 -0.722809
156 -0.626129
118 -0.741898
99 -0.855064
112 -0.597122
295 0.0299683
113 -0.737808
228 1.36469
133 -0.584747
118 -0.740814
111 -0.708931
231 0.768707
133 -1.50008
114 -0.905663
113 -0.736031
156 -0.61412
85 -0.880692
37 -1.05148
53 -1.01398
169 -0.561478
128 -0.590942
83 -0.830925
195 -0.69162
231 0.768707
118 -0.741882
189 -0.0415192
133 -1.49411
113 -0.736877
158 -0.133926
115 -0.780746
131 -0.605408
257 -0.339111
128 -0.591217
112 -0.748444
197 -0.733582
120 -0.646294
111 -0.703026
10 -1.2217
103 -0.818321
133 -1.49693
47 -1.08226
93 -0.836395
120 -0.635025
132 -1.48177
69 -0.9739
25 -1.14444
118 -0.740875
167 -0.706131
120 -0.64621
19 -1.13156
32 -1.0618
118 -0.740921
47 -1.08284
125 -0.606651
47 -1.08262
25 -1.1443
99 -0.855873
75 -0.652336
19 -1.12994
112 -0.748077
121 -0.663025
99 -0.853653
20 -1.09216
178 -0.564087
195 0.0538177
305 0.92099
203 -0.600128
29 -1.07874
113 -0.738564
143 -1.62463
233 0.97084
19 -1.1304
32 -1.05446
141 -1.80392
86 -0.928947
189 -0.0435028
172 -0.587158
75 -0.944099
112 -0.697746
124 -0.580833
137 -0.586823
17 -1.06592
132 -0.844376
38 -1.07642
14 -1.16224
189 -0.0285797
39 -1.12371
132 -1.4805
132 -1.48163
64 -1.00388
88 -0.66877
51 -1.04717
47 -1.08236
112 -0.6726
99 -0.855804
189 -0.0298157
25 -1.15212
201 -0.402451
131 -0.60556
96 -0.631516
62 -0.98233
193 -0.560669
17 -1.11871
85 -0.881241
65 -1.00818
37 -1.05125
75 -0.652725
53 -1.01416
115 -0.604263
225 -0.6427
251 1.94012
104 -0.598793
61 -1.06105
176 -0.723297
195 0.0534058
204 0.0895844
217 -0.370758
42 -1.02155
131 -0.60556
191 -0.234177
186 -0.690109
36 -1.10306
21 -1.25387
195 0.0528564
25 -1.16687
217 -0.364655
4 -1.43087
99 -0.856033
205 -0.550354
118 -0.740822
99 -0.85495
75 -0.944588
250 -0.265747
242 -0.281479
233 1.52898
183 -0.309998
120 -0.566299
203 -0.599899
186 -0.689392
191 -0.183655
88 -0.839783
36 -1.10287
156 -0.59967
29 -1.07843
45 -1.06735
129 -0.434677
204 0.0896149
89 -0.919228
169 -0.559586
203 -0.600098
132 -0.844421
132 -1.48172
89 -0.683479
211 0.823196
170 -0.689484
61 -1.06099
118 -0.737373
127 -0.75174
225 -0.637314
85 -0.881668
53 -1.01382
15 -1.11496
191 -0.199356
32 -1.04903
95 -0.81778
100 -0.816391
216 -0.282883
94 -0.586815
70 -0.976273
211 0.823822
163 -0.702133
62 -1.01962
13 -1.2311
53 -1.01388
189 -0.03862
86 -0.903954
34 -1.14319
112 -0.747894
88 -0.669708
95 -0.606323
159 -1.23466
143 -1.62456
228 1.36276
195 -0.673492
65 -0.670197
24 -1.23189
184 -0.147324
61 -1.06098
96 -0.812004
27 -1.07417
36 -1.10287
160 -1.04477
25 -1.14439
53 -1.01387
234 -0.36087
111 -0.709679
172 -0.660889
204 0.0893097
53 -1.01397
120 -0.63472
130 -0.592224
253 1.97572
25 -1.1156
171 -0.649811
183 -0.314102
47 -1.08243
32 -1.04869
204 0.0892792
40 -1.04362
191 -0.196869
124 -0.581017
70 -0.886383
95 -0.962746
165 -0.712769
190 -0.523911
69 -0.647598
25 -1.15088
61 -1.06104
211 0.823547
232 -0.373642
92 -0.896576
231 0.768387
61 -1.0611
42 -1.0158
37 -1.13394
75 -0.945396
271 -0.150208
195 -0.67337
131 -0.612488
128 -1.82619
32 -1.05496
75 -0.649231
79 -0.817078
251 1.93985
128 -1.81711
47 -1.08276
121 -0.720825
18 -1.12157
42 -1.01421
29 -1.07481
148 -0.306732
42 -1.12385
172 -0.657181
192 0.0455933
99 -0.855988
98 -0.703323
118 -0.729042
87 -0.818832
171 -0.622437
257 -0.338654
125 -0.60656
53 -1.01391
180 -0.304153
53 -1.01392
12 -1.2228
75 -0.945885
19 -1.30212
174 -0.611221
110 -0.59198
29 -1.07488
203 -0.600189
30 -1.06229
85 -0.881424
179 -0.397537
25 -1.15869
29 -1.07839
174 -0.380508
100 -0.491959
36 -1.10298
22 -1.29884
190 0.189438
76 -1.04214
15 -1.23388
43 -1.1332
191 0.17099
99 -0.855469
43 -1.0498
113 -0.911064
211 0.823196
37 -1.05035
69 -0.976128
100 -0.492134
47 -1.0667
25 -1.10572
123 -0.721893
7 -1.53511
191 -0.185928
98 -0.812996
134 -0.65213
137 -0.582748
119 -0.457619
58 -1.01872
122 -0.589325
184 -0.182571
13 -1.21747
122 -1.7337
54 -1.17986
101 -0.55024
195 0.0536346
86 -0.928841
200 -0.702576
48 -1.13226
171 -0.613937
64 -1.04906
102 -0.800575
233 1.53482
67 -1.15609
205 -0.550537
169 -0.563141
22 -1.29894
94 -0.967987
156 -1.28647
21 -1.25899
231 -0.328339
156 -0.617859
229 -0.484146
70 -1.01053
107 -0.591377
184 -0.816177
49 -1.0793
9 -1.28011
29 -1.07485
53 -1.01406
121 -0.663193
40 -1.0331
61 -1.06101
132 -0.578064
47 -1.08236
184 -0.674652
182 -0.275192
250 -0.268036
204 0.0893402
96 -0.631378
14 -1.17773
199 -0.774841
83 -0.881729
195 0.0536957
53 -1.12943
53 -1.01388
19 -1.13044
115 -0.752472
184 -0.145493
184 -0.180817
118 -0.65303
132 -0.61734
229 -0.495697
147 -1.55418
205 -0.617325
68 -1.0452
196 -0.680466
70 -1.03323
7 -1.52966
113 -0.736649
100 -0.510849
25 -1.03442
5 -1.36582
66 -0.641182
121 -0.663033
69 -0.965683
132 -1.4817
169 -0.61412
51 -1.06405
67 -1.15507
59 -1.06247
32 -1.05473
64 -1.11905
266 -0.182281
53 -1.01405
114 -0.896049
156 -0.608414
169 -0.739105
67 -0.986488
149 -1.58047
59 -1.15852
70 -0.888023
47 -1.08257
130 -0.592468
134 -1.32159
112 -0.814613
85 -0.984077
49 -1.15709
60 -0.986065
62 -1.10997
58 -0.943489
29 -1.2051
7 -1.53575
105 -0.9394
25 -1.1448
186 -0.493286
148 -1.57475
38 -1.15339
216 -0.698868
36 -1.06258
184 -0.204666
156 -0.614807
94 -0.957962
36 -1.10299
320 1.33398
119 -0.599342
122 -0.594917
87 -0.857704
132 -0.844574
117 -0.630013
126 -0.724495
47 -1.06736
262 2.68146
187 -0.506271
91 -0.975502
189 -0.0432434
247 -0.27179
75 -0.649551
41 -1.06561
32 -1.12233
67 -0.986488
182 -0.362228
47 -0.757309
8 -1.42754
17 -1.19487
203 -0.730301
88 -0.668442
37 -1.0515
121 -0.670822
30 -1.13088
15 -1.22165
19 -1.13046
184 -0.179993
205 -0.55127
67 -1.06354
117 -0.799301
7 -1.33955
64 -1.00022
216 0.372253
158 -1.22964
112 -0.815048
66 -0.642441
219 -0.50032
132 -1.4817
204 0.0892944
131 -0.55043
120 -0.566566
61 -1.061
29 -1.07477
45 -1.10605
119 -0.599464
184 -0.146439
120 -0.752487
144 -1.64902
233 1.50301
71 -1.03549
111 -0.845451
91 -0.975349
24 -1.18236
184 -0.145081
7 -1.5295
139 -0.633102
197 -0.0316925
23 -1.31928
25 -1.03451
99 -0.855812
112 -0.697845
312 1.16788
63 -1.09795
4 -1.68099
118 -0.595451
156 -0.618088
25 -1.16612
195 0.0535126
34 -1.14311
99 -0.856117
53 -1.12971
53 -1.01388
23 -1.29425
19 -1.13043
184 -0.146637
105 -0.923347
88 -0.665977
70 -0.996269
198 -0.749756
47 -1.08227
25 -1.16733
36 -1.06336
53 -1.07643
143 -0.659393
7 -1.53529
52 -1.08804
53 -1.12923
242 1.53954
25 -1.14476
32 -1.05469
117 -0.629524
19 -1.30223
305 0.920349
69 -0.975449
89 -0.916496
64 -1.04819
156 -0.62262
233 1.53453
122 -1.70163
156 -0.613846
55 -1.10092
225 -0.505524
36 -1.06295
206 0.0411682
21 -1.28831
228 0.673462
56 -1.10048
120 -0.753342
93 -0.951042
91 -0.955666
205 -0.550308
193 -0.558975
23 -1.18687
22 -1.29883
30 -1.13135
98 -0.814529
227 -0.548981
136 -0.642456
57 -1.10991
172 -0.678268
65 -0.601906
84 -0.974411
61 -1.09409
171 -0.620193
67 -0.986382
29 -1.20526
249 -0.323639
53 -1.1296
114 -0.699593
175 -0.410919
112 -0.814552
55 -1.11203
118 -0.601074
74 -0.979698
36 -1.10285
76 -0.982544
56 -1.08663
225 -0.4272
59 -1.15295
88 -0.905006
14 -1.23043
121 -0.72084
156 -0.606644
70 -1.01109
120 -0.632088
120 -0.749252
23 -1.28812
130 -0.605301
160 -1.07446
130 -0.467728
90 -0.906502
60 -1.13969
14 -1.34214
6 -1.25364
102 -0.908302
110 -0.712631
21 -1.14107
54 -1.09034
43 -1.13316
172 -0.666397
187 -0.545166
46 -1.10762
37 -1.05099
211 0.823257
211 0.822906
16 -1.28465
114 -0.886276
121 -0.666855
49 -1.06554
113 -0.889702
226 -0.466202
223 -0.516068
53 -1.08712
110 -0.591728
49 -1.08298
250 1.94183
97 -0.810806
53 -1.01388
29 -1.20643
60 -1.13874
18 -1.16192
36 -1.06343
101 -0.758842
53 -1.01402
166 -0.514465
25 -1.16672
218 -0.793198
56 -1.10114
237 -0.300934
237 -0.346313
74 -1.08151
9 -1.22923
211 0.823364
95 -0.9711
19 -1.30137
243 1.34851
7 -1.24872
160 -0.553818
112 -0.748756
155 -1.33455
88 -0.665184
25 -1.15085
238 -0.407715
162 -1.06364
227 -0.467773
187 -0.506439
55 -1.12049
59 -1.15255
67 -1.04347
211 0.823166
77 -0.95121
211 0.823257
121 -0.720528
23 -1.29383
45 -1.12932
122 -0.600952
174 -0.630692
88 -0.66996
196 -0.68158
37 -1.20737
112 -0.797417
69 -0.952164
260 -0.263855
23 -1.32013
132 -0.57666
14 -1.21611
217 -0.382431
152 -0.618668
182 -0.261856
121 -0.634628
90 -0.901779
64 -1.00219
42 -1.15343
111 -0.859772
49 -1.07032
132 -1.71335
8 -1.42612
57 -1.10968
58 -1.03504
178 -0.348114
121 -0.661179
129 -0.434662
35 -1.14925
130 -0.605392
133 -0.716446
143 -1.62462
191 -0.19725
124 -0.801003
66 -0.935097
99 -0.58886
41 -1.06258
196 -0.681473
88 -0.999611
237 -0.495163
203 -0.730576
257 -0.338623
149 -1.52667
36 -1.06264
203 -0.474625
34 -1.1988
4 -1.35968
243 -0.446609
184 -0.146011
54 -1.09069
39 -1.03496
118 -0.657883
226 -0.468323
111 -0.830246
121 -0.735268
58 -1.16898
145 -1.60109
50 -1.11843
65 -1.04491
64 -1.06763
119 -0.599411
21 -1.12921
130 -0.468124
30 -1.2038
122 -0.588287
99 -0.86631
25 -1.16734
54 -1.07777
77 -1.0003
197 -0.733704
18 -1.15339
112 -0.672943
39 -1.18846
246 -0.291656
63 -1.10542
257 -0.338745
218 -0.490143
189 -0.0432892
112 -0.696762
112 -0.748787
69 -1.15314
233 1.50351
155 -1.39209
32 -1.15949
53 -1.05735
64 -1.04822
55 -1.11247
138 -0.542694
139 -0.582504
115 -0.862656
242 -0.409241
39 -1.13827
256 -0.217941
49 -1.0711
47 -1.05959
96 -0.959457
37 -1.05412
64 -1.04894
149 -0.578674
67 -0.955894
245 -0.386017
184 -0.14415
30 -1.13747
113 -0.810287
37 -1.04996
60 -1.13926
56 -1.0715
69 -1.04427
43 -1.16364
120 -0.752655
223 -0.4272
7 -1.53215
256 -0.317657
184 -0.145248
131 -0.550385
63 -1.07021
114 -0.870148
267 -0.138641
18 -1.16155
196 -0.559174
130 -0.592514
69 -1.04425
233 1.52899
189 -0.0437469
112 -0.748825
139 -0.552414
282 3.43091
48 -1.13211
114 -0.886406
54 -1.0756
29 -1.20522
171 -0.661621
29 -1.07841
184 -0.181335
186 -0.68869
85 -0.880714
132 -1.48212
113 -0.912125
53 -1.12943
195 -0.936417
89 -0.91568
215 -0.598511
25 -1.16802
25 -1.14443
75 -0.933212
132 -0.578171
114 -0.886894
132 -1.48141
86 -0.928864
27 -1.15157
92 -0.903725
101 -0.807953
49 -1.15482
57 -1.10966
29 -1.07832
257 -0.338531
89 -0.912262
217 -0.382278
54 -1.03535
70 -0.99424
19 -1.30095
55 -1.09769
212 -1.16048
36 -1.04676
123 -0.721291
15 -1.20658
47 -1.06507
191 -0.182068
367 0.282593
211 -0.525574
76 -1.03036
53 -1.13358
262 2.6817
114 -0.8871
85 -0.645439
59 -1.08601
130 -0.468185
41 -1.18258
140 -1.55341
25 -1.2462
182 -0.261246
117 -0.651764
112 -0.822044
14 -1.20152
34 -1.14732
75 -0.933937
49 -1.1088
250 -0.362564
70 -0.99601
45 -1.13094
112 -0.749199
32 -1.05667
112 -0.815048
49 -1.0771
75 -0.649384
161 -0.700363
97 -1.03107
48 -1.13629
69 -1.04359
25 -1.14472
61 -1.06092
156 -0.495132
23 -1.30735
200 -0.701019
92 -0.890602
255 -0.256912
314 1.55502
115 -0.575348
64 -1.04837
47 -1.05989
41 -1.07779
221 -0.520493
73 -1.00967
225 -0.643707
74 -0.91597
59 -1.1585
56 -1.10399
64 -1.04829
71 -0.969772
238 -0.408096
61 -1.06108
196 -0.68103
96 -0.632301
89 -0.917015
36 -1.0631
225 -0.491608
109 -0.927299
104 -0.902077
13 -1.09307
352 1.35062
55 -1.16576
203 -0.474869
211 0.823318
122 -0.587616
53 -1.08952
132 -0.844406
67 -0.985634
129 -0.434677
86 -0.923279
76 -0.982552
219 -0.553055
321 1.48471
33 -1.09647
66 -0.606422
156 -0.608383
64 -1.04815
76 -0.982498
130 -0.467926
6 -1.24726
56 -1.15948
59 -1.15195
132 -0.576767
86 -0.92067
35 -1.18203
53 -1.12936
193 -0.560638
98 -0.946266
98 -0.794495
59 -1.16132
49 -1.13455
64 -1.04994
56 -1.097
91 -0.960144
156 -0.620193
67 -1.0694
130 -0.605392
120 -0.753036
250 1.94153
85 -0.890671
92 -0.890106
189 -0.0437469
23 -1.29398
52 -1.07625
92 -0.896072
59 -1.15838
91 -0.927826
25 -1.17111
76 -0.982407
59 -1.0867
257 -0.338593
118 -0.791527
94 -0.977371
130 -0.605377
73 -0.959961
68 -0.927727
156 -0.628433
37 -1.21672
112 -0.820068
89 -0.998497
70 -1.05716
69 -1.06295
25 -1.14442
342 2.72864
191 0.170898
197 -0.733704
79 -0.952339
101 -0.811188
92 -0.890617
98 -0.862259
61 -1.06105
61 -1.06107
64 -1.04827
130 -0.477905
86 -0.863823
165 -0.574112
156 -0.621445
262 2.6813
101 -0.617081
92 -0.894165
208 0.0296631
131 -0.543549
130 -0.605392
169 -0.561279
124 -0.732712
36 -1.06244
88 -1.03927
76 -0.644348
7 -1.53362
21 -1.03763
25 -1.16648
194 0.1698
43 -1.06827
36 -1.10697
88 -1.02137
61 -1.06109
347 2.90005
193 -0.560486
8 -1.42773
21 -1.03772
92 -0.889633
225 -0.51561
92 -0.824486
236 1.56703
64 -1.03536
53 -1.12738
8 -1.42602
145 -0.505569
77 -0.951118
70 -1.01051
3 -1.70483
138 -0.43187
231 0.768738
114 -0.704918
253 -0.419067
220 -0.47583
49 -1.07227
120 -0.750237
58 -1.06536
310 1.70044
148 -0.652054
222 -0.515335
118 -0.601913
52 -1.14252
65 -0.670616
13 -1.5218
104 -0.909897
234 0.757858
311 1.69598
110 -0.59169
124 -0.727158
100 -0.985672
104 -0.902939
161 -0.949387
69 -0.972717
101 -0.606323
190 -0.523666
250 -0.256943
51 -1.07472
115 -0.709976
121 -0.663055
134 -1.92242
189 -0.0433502
114 -0.845459
141 -0.565781
205 -0.730377
178 -0.452271
130 -0.548431
75 -0.649391
217 -0.459732
217 -0.499268
38 -1.1284
123 -0.708786
76 -0.982498
43 -1.16305
105 -0.882141
69 -1.04423
30 -1.15975
229 -0.486115
47 -1.08282
208 -1.2188
203 -0.600189
148 -0.57338
55 -1.1198
190 0.189148
55 -1.11956
123 -0.549843
255 -0.206619
14 -1.25574
184 -0.146591
27 -1.22363
56 -1.09916
53 -1.03281
17 -1.19979
38 -1.10047
47 -1.08283
91 -0.976692
26 -1.22269
55 -1.09795
55 -1.10881
264 -0.026123
221 -0.477585
233 1.50966
214 -0.49173
119 -0.599411
78 -1.06707
69 -0.973228
156 -0.608612
43 -1.13318
116 -0.471977
228 -0.477432
190 0.192551
212 0.206482
59 -1.15838
211 -0.605377
64 -1.12858
102 -0.802185
32 -1.04917
13 -1.55108
181 0.0316467
8 -1.42581
223 -0.457474
102 -0.790512
43 -1.13309
96 -1.04263
203 -0.729706
119 -0.608902
56 -1.15151
14 -1.25728
8 -1.42589
255 -0.40303
34 -1.06932
53 -1.1692
70 -0.995857
88 -0.665985
121 -0.669334
327 2.19482
69 -1.01974
69 -1.05959
57 -1.11272
88 -0.666779
104 -0.902237
22 -1.29954
118 -0.576866
77 -0.951355
91 -0.970917
238 -0.406479
256 -0.314392
264 -0.0260315
69 -1.12971
104 -0.907295
233 1.51154
233 1.37074
29 -1.20535
86 -0.928925
7 -1.533
233 1.51601
241 -0.423828
31 -1.18146
244 -0.385605
114 -0.886711
204 -0.721191
132 -1.48129
105 -0.568764
115 -0.864822
309 1.09436
169 -0.563431
19 -1.1304
157 -1.21877
60 -1.13943
233 1.37102
43 -1.13307
100 -0.615776
67 -1.08011
165 -0.818604
214 -0.503967
89 -0.904816
120 -1.83572
18 -1.19148
336 2.49594
27 -1.14879
100 -0.932846
102 -0.991196
104 -0.907257
93 -0.916801
69 -0.950241
6 -1.2472
204 0.0893402
73 -1.02373
269 -0.210541
42 -1.13306
100 -0.937111
231 -0.48111
312 1.74609
234 0.757904
79 -1.01677
91 -0.93512
68 -1.04343
257 -0.338684
75 -0.931274
18 -1.14889
135 -0.00642395
343 1.88327
219 -0.500259
23 -1.2929
8 -1.42578
257 -0.338562
134 -0.559357
167 -0.538895
120 -0.730125
30 -1.12988
9 -1.4034
326 2.21051
43 -1.05263
47 -1.06474
239 1.68248
64 -1.0482
123 -0.727356
31 -1.17569
54 -0.996464
173 -0.63858
231 -0.328262
48 -1.13201
161 -0.699493
59 -1.15384
212 -0.450104
47 -1.14695
110 -0.632301
66 -1.03719
17 -1.201
168 -0.551239
80 -0.957863
62 -1.00663
81 -0.934402
75 -0.97113
16 -1.13666
41 -1.23193
229 -0.48703
51 -1.02198
36 -1.16325
69 -1.04441
119 -0.599335
168 -0.639038
52 -1.09169
19 -1.18368
137 -0.585983
216 -0.698532
77 -0.956764
16 -1.16689
61 -1.06108
195 -0.701477
120 -0.75425
133 -0.716614
253 -0.260788
59 -1.05227
64 -1.04827
99 -0.51091
3 -1.76032
111 -0.869087
133 -0.716187
191 -0.183334
250 -0.256912
66 -0.642456
125 -0.730133
53 -1.12948
231 -0.257095
156 -0.613617
77 -0.95137
198 0.600113
4 -1.43117
110 -0.591949
75 -0.984612
10 -1.30338
38 -1.08468
64 -1.0482
45 -1.07013
216 -0.698303
197 -0.689926
123 -0.738335
72 -1.16214
113 -0.899635
64 -1.04876
115 -0.857452
133 -0.715881
147 -0.558929
14 -1.45877
49 -1.13379
55 -1.10986
58 -0.991623
68 -1.01402
47 -1.0731
257 -0.338684
262 -0.194183
184 -0.14566
65 -1.09949
134 -0.683426
241 -0.427353
77 -0.951469
60 -1.13969
77 -0.996223
40 -1.14161
43 -1.13326
6 -1.24685
249 -0.278137
192 -0.704147
19 -1.1304
15 -1.2441
133 -0.574677
49 -1.06987
43 -1.13298
24 -1.25896
133 -0.716537
186 -0.526062
91 -0.952774
6 -1.24864
230 -0.461304
53 -1.1291
259 -0.228577
18 -1.16443
137 -0.58287
70 -0.985023
92 -0.889175
229 -0.48233
51 -1.0561
114 -0.855103
53 -1.12708
9 -1.36411
137 -0.587433
108 -0.858475
226 -0.467255
78 -0.574974
8 -1.42591
14 -1.18459
95 -0.925262
233 1.5354
48 -1.13761
130 -0.467804
56 -1.1401
197 -0.682297
61 -1.06103
96 -0.631348
114 -0.628937
112 -0.640701
16 -1.29655
282 3.43091
266 -0.121765
92 -0.890785
247 -0.385071
210 -0.525909
34 -1.13453
8 -1.42654
50 -1.08356
55 -1.11945
81 -0.972565
230 -0.457245
77 -0.95137
56 -1.09859
49 -1.05131
74 -0.966766
49 -1.13507
242 -0.40921
112 -0.862968
217 -0.534836
274 -0.222412
43 -1.16352
49 -1.15516
78 -1.0002
200 -0.653915
110 -0.591919
37 -1.15736
133 -0.716522
226 -0.44075
230 -0.461273
133 -0.716324
196 1.59827
17 -1.19199
89 -0.906715
75 -0.979561
100 -0.492043
91 -0.924919
201 0.326752
51 -1.11539
130 -0.467255
73 -0.988182
106 -0.759682
18 -1.33172
264 -0.0261536
112 -0.748436
55 -1.09781
104 -0.822433
65 -0.670204
18 -1.22366
247 -0.381882
53 -1.12977
9 -1.62935
184 -0.146896
18 -1.20209
30 -1.13461
48 -1.13185
173 -0.638626
109 -0.87616
112 -0.820755
208 0.109619
43 -1.13309
56 -1.09547
174 -0.630142
120 -0.789566
120 -0.750343
203 -0.714233
64 -1.04826
244 -0.311661
76 -0.982285
104 -0.907013
118 -0.787941
132 -0.574646
341 1.89865
57 -0.961666
112 -0.820267
23 -1.16893
40 -1.13371
46 -1.14092
84 -0.617432
68 -0.983261
44 -1.15683
69 -0.949905
90 -0.944565
77 -0.965736
96 -1.04197
333 2.2565
92 -0.894341
85 -0.64534
88 -0.973488
6 -1.24741
60 -1.13885
75 -0.934311
90 -0.995094
43 -1.16302
14 -1.25577
41 -1.13805
106 -0.900513
72 -0.95797
55 -1.07301
24 -1.25945
60 -1.08209
67 -1.03323
73 -0.948013
184 -0.180222
184 -0.181976
50 -1.00409
4 -1.35993
326 2.414
76 -0.982552
61 -1.06101
246 -0.291748
20 -1.25648
68 -1.00314
116 -0.831291
233 -0.422653
86 -0.92894
29 -1.07843
90 -0.609505
14 -1.2624
16 -1.34738
11 -1.35861
40 -1.25733
65 -1.14424
133 -0.716171
30 -1.13577
233 -0.462112
67 -1.06509
231 -0.466797
195 -0.937027
148 -1.60959
86 -0.952316
120 -0.755989
8 -1.42606
118 -0.675293
75 -0.944214
112 -0.820747
104 -0.905968
110 -0.861382
85 -0.941399
21 -1.25823
317 1.23285
335 2.556
57 -1.14703
30 -1.1307
106 -0.783157
44 -1.15022
327 2.19482
299 1.01697
57 -1.10984
2 -1.27113
207 -0.589523
53 -1.12715
24 -1.25909
199 -0.763321
52 -1.14915
23 -1.28615
216 -0.471985
352 1.27997
15 -1.6067
89 -0.910042
92 -0.902176
137 -0.6073
99 -0.59713
43 -1.16362
71 -1.16852
319 1.91046
67 -0.986313
3 -1.42634
81 -0.968498
108 -0.774567
50 -1.09367
48 -1.13169
37 -1.28487
19 -1.13027
74 -0.891708
86 -0.652397
41 -1.1372
305 1.62781
112 -0.841499
226 -0.434418
131 -1.92532
253 1.97523
239 1.44411
233 -0.468903
233 -0.438568
51 -1.10432
27 -1.15623
168 -0.551682
138 -0.428864
193 -0.314606
99 -1.0392
76 -0.982498
200 -0.702332
209 -0.748154
53 -1.01404
73 -0.952606
56 -1.07529
97 -0.572563
118 -0.741829
103 -0.942535
50 -1.137
205 -0.732422
65 -1.23543
130 -0.605377
59 -1.08696
219 -0.200607
125 -0.58844
76 -0.988991
243 -0.290482
169 -0.504364
77 -0.951546
50 -1.06472
55 -1.00274
31 -1.12517
70 -0.99633
69 -1.13039
118 -0.741882
134 -0.544312
6 -1.40552
137 -0.582382
167 -0.538971
96 -1.04192
30 -1.13409
214 -0.451141
61 -1.0612
133 -1.84695
5 -1.22665
257 -0.338684
346 0.684143
133 -0.716415
122 -0.587891
89 -1.02212
68 -0.930336
62 -1.09055
53 -1.06965
64 -1.04832
17 -1.19783
42 -1.13557
246 -0.40596
311 1.71539
169 -0.503784
267 -0.268799
48 -1.15699
245 -0.391388
143 -1.62453
94 -0.950783
14 -1.21021
154 -0.648544
230 -0.522293
233 -0.479721
231 -0.494476
86 -0.918938
188 -0.242416
4 -1.42595
171 -0.49791
194 -0.861511
171 -0.500168
64 -1.04807
114 -0.793907
9 -1.68167
161 -0.602692
23 -1.29043
149 -0.603561
200 -0.704865
347 2.90286
129 -0.590744
310 1.12335
209 -0.744949
80 -0.959923
76 -0.982582
13 -1.34722
128 -0.577225
156 -0.627808
89 -0.906097
167 -0.540344
63 -0.934322
20 -1.18405
66 -0.606537
75 -0.935333
77 -0.951515
118 -0.834465
57 -1.08974
224 -0.497726
102 -1.02947
57 -1.16306
209 -0.745148
152 -0.529846
68 -0.879044
114 -0.706543
57 -1.02999
114 -0.608788
132 -0.575928
7 -1.57751
173 -0.638596
79 -0.96991
5 -1.25552
72 -0.976822
91 -0.97718
219 -0.559448
113 -0.612427
216 -0.698349
137 -0.586838
210 -0.826065
110 -0.58329
309 1.82874
75 -1.10109
68 -0.918457
60 -1.13946
102 -0.850021
85 -0.86541
51 -1.12894
97 -0.880203
169 -0.670227
130 -0.637573
61 -1.06105
67 -1.15601
233 1.53593
74 -1.04512
342 2.76291
84 -0.904915
116 -0.472031
90 -0.945381
200 -0.703552
52 -1.02453
30 -1.13464
100 -0.634666
167 -0.679459
135 -0.00648499
193 -0.324371
88 -0.66848
102 -0.801323
347 2.90213
98 -0.871552
150 -0.619476
110 -0.843224
140 -0.919357
340 1.96841
57 -1.1097
250 1.94301
64 -1.04817
75 -0.935989
94 -1.02286
152 -0.545349
78 -0.96225
253 1.97623
56 -1.08539
128 -0.658714
112 -0.820251
229 -0.494431
1 -1.62799
109 -0.607819
233 -0.476578
317 1.18549
128 -0.701599
127 -1.38516
90 -0.601799
63 -1.05173
36 -1.10292
130 -0.637466
101 -0.611832
192 -0.888962
333 2.521
314 1.55515
120 -0.801163
221 -0.508591
16 -1.1787
302 1.44974
104 -0.605118
41 -1.1318
82 -0.625298
103 -0.668884
132 -0.84436
52 -1.07656
123 -0.549767
162 -0.749924
17 -1.35
319 1.20413
92 -0.888596
132 -0.576355
162 -0.772415
98 -0.798409
220 -0.384766
29 -1.07844
4 -1.35998
71 -1.02862
55 -1.11956
58 -1.03892
169 -0.504257
27 -1.12321
124 -0.58094
49 -1.06463
347 2.90213
104 -0.903931
189 -0.0436249
51 -1.0836
70 -0.993828
6 -1.28535
4 -1.31354
212 -0.525009
253 1.9754
36 -0.922661
2 -1.31403
204 -0.781036
111 -0.832558
119 -0.773186
230 -0.461349
29 -1.13382
133 -0.716171
138 -0.434204
47 -1.23391
99 -1.04108
52 -1.08924
69 -1.04602
30 -1.13433
304 1.63126
57 -1.08971
67 -0.986725
88 -0.965752
78 -1.00001
212 -0.541458
130 -1.87006
209 -0.595932
75 -0.924362
163 -0.513199
191 -0.182251
201 0.488266
4 -1.35997
115 -0.56395
78 -1.00999
119 -0.802452
79 -0.956093
248 -0.397766
5 -1.81113
140 -0.565048
98 -0.830467
86 -0.928825
231 0.768402
66 -0.606476
22 -1.29994
230 -0.341537
336 2.4967
75 -0.649628
250 -0.362228
154 -0.645004
7 -1.52834
42 -1.06451
96 -0.63237
109 -0.588524
118 -0.741737
22 -1.29913
347 2.90015
85 -0.645454
304 0.067688
129 -0.56929
85 -0.941635
41 -1.08894
314 1.84259
96 -1.04707
302 1.52136
82 -0.849098
169 -0.503891
76 -0.982399
140 -0.546173
195 0.0534973
125 -0.580048
233 1.50243
36 -1.06257
99 -0.855545
14 -1.25344
263 -0.126495
55 -1.11353
91 -0.96225
17 -1.1955
4 -1.29614
7 -1.33084
5 -1.81125
123 -0.549927
330 2.44687
216 -0.483566
32 -1.20867
71 -1.09116
182 -0.262039
209 -0.747437
86 -0.919502
109 -0.631096
30 -1.13491
230 -0.461426
312 1.66898
176 -0.723099
76 -0.982819
84 -0.848404
210 -1.0952
61 -1.06107
25 -1.14428
62 -0.9832
82 -0.620361
67 -1.08045
36 -1.14209
230 -0.461121
53 -1.16004
115 -0.790169
14 -1.20088
22 -1.29917
23 -1.29368
173 -0.764709
115 -0.823425
19 -1.19394
111 -0.816658
54 -0.995087
152 -0.528091
215 -0.522293
88 -0.845619
233 -0.418869
4 -1.35952
150 -0.60495
14 -1.25409
36 -1.04843
6 -1.24814
214 -0.481888
195 0.0538177
80 -0.946548
17 -1.19985
86 -0.969124
76 -0.988754
36 -1.06287
115 -0.621109
217 -0.382629
114 -0.896477
30 -1.13058
36 -1.10297
211 0.823166
131 -0.582138
203 -0.599854
120 -0.771996
226 -0.464279
211 -0.538315
104 -0.888802
336 2.11441
18 -1.14793
152 -0.545166
25 -1.18536
49 -1.14218
77 -1.00186
346 0.684204
132 -0.577728
167 -0.49617
51 -1.14193
114 -0.705299
124 -0.583809
83 -0.953896
155 -0.675232
53 -1.13525
116 -0.47197
4 -1.359
76 -0.988914
72 -0.985939
48 -1.05611
336 2.5473
244 -0.393143
126 -0.608635
130 -0.637756
333 2.2565
313 0.105865
5 -1.34296
125 -0.785027
310 1.21606
184 -0.179718
7 -1.52662
88 -0.860336
346 0.684265
165 -0.574493
212 -0.535294
108 -0.695503
99 -0.624428
97 -0.866005
250 -0.369965
29 -1.15872
212 -0.450012
75 -1.04237
169 -0.561386
167 -0.540222
203 -0.71756
24 -1.25925
130 -0.592514
2 -1.34058
310 0.103241
6 -1.25275
58 -1.08563
94 -0.929565
57 -1.14388
142 -0.573578
87 -1.02146
160 -0.717422
86 -0.635201
19 -1.13137
23 -1.09705
2 -1.28344
109 -0.71418
253 1.97612
310 0.103088
50 -1.10746
63 -0.990891
326 2.20993
205 -0.550385
89 -0.912086
14 -1.23958
205 -0.550415
203 -0.718567
221 -0.473343
47 -0.757153
146 -0.614151
59 -1.13817
12 -1.32229
72 -0.971191
61 -1.06102
55 -1.15395
76 -0.635422
338 1.98279
36 -1.21243
154 -1.50861
44 -1.05422
267 -0.268951
88 -0.673447
66 -1.02345
8 -1.42609
101 -0.592957
52 -1.02005
216 -0.698898
14 -1.15674
55 -1.07011
65 -0.999863
54 -0.995735
183 -0.314316
56 -1.09716
99 -0.853653
114 -0.895729
216 0.372711
168 -0.540054
289 -0.162018
54 -1.07763
256 -0.313477
211 -0.538727
271 -0.150299
302 1.4498
250 -0.36232
137 -0.584335
172 -0.58374
19 -1.13022
69 -0.97467
121 -0.801422
20 -1.17142
204 0.0892029
89 -0.973923
114 -0.908005
59 -1.02742
209 -0.567917
114 -0.895767
319 1.23987
86 -0.928795
114 -0.615486
27 -1.1393
165 -0.575256
65 -0.670525
75 -0.929802
231 -0.565094
33 -1.27272
6 -1.25214
310 1.7012
110 -0.540565
36 -1.11626
121 -0.669518
65 -1.06586
98 -0.795631
53 -1.01398
233 1.5188
233 1.52083
305 1.6333
204 -0.721268
119 -0.762108
342 2.76315
264 -0.0258179
228 1.36559
88 -0.902527
112 -0.855797
60 -1.19331
221 -0.528656
43 -1.16555
7 -1.53647
216 0.931824
17 -1.22673
64 -1.06436
133 -0.716446
121 -0.817207
327 2.19485
115 -0.75679
14 -1.18043
34 -1.14774
165 -0.919708
221 -0.525238
6 -1.34046
114 -0.895927
71 -1.05617
86 -0.969048
84 -0.951546
113 -0.871239
168 -0.56073
267 -0.268707
73 -0.930794
19 -1.13043
137 -0.58667
302 1.00723
14 -1.52234
72 -0.944611
30 -1.13106
30 -1.21324
211 0.82309
17 -1.25543
230 -0.45285
50 -1.06525
43 -1.16547
133 -0.716049
99 -0.584373
8 -1.42764
367 0.277802
189 -0.04422
134 -0.676605
60 -1.13898
119 -0.612823
65 -1.01486
18 -1.1924
112 -0.774994
242 1.51109
113 -0.740379
106 -0.811874
217 -0.377014
206 -0.605331
202 -0.673706
126 -0.599533
75 -0.945213
352 1.35104
131 -1.82593
43 -1.17232
88 -1.01236
317 1.8996
60 -0.977501
310 1.70047
166 -0.53949
40 -1.14959
30 -1.13422
19 -1.17416
225 1.09721
205 -0.63533
132 -0.57666
54 -1.15263
68 -0.99015
302 0.0345764
77 -0.9515
77 -0.951477
47 -1.08228
104 -0.76001
6 -1.24794
241 -0.424347
155 -1.49074
60 -1.04772
216 0.373093
19 -1.13139
310 0.103058
200 -0.70105
193 -0.560913
16 -1.23641
250 -0.256668
167 -0.492249
161 -0.681229
232 -0.47937
76 -0.930893
11 -1.33827
191 -0.183044
119 -0.599464
66 -1.05397
133 -0.623657
80 -0.947647
100 -0.552109
94 -0.908669
55 -1.08453
124 -0.529839
64 -0.986393
14 -1.26864
199 -0.775208
59 -1.0868
173 -0.510132
193 -0.560211
1 -1.64471
230 -0.455078
89 -0.682899
121 -0.755859
19 -1.13156
56 -1.09706
182 -0.291962
149 -0.580994
76 -0.988976
241 1.74136
23 -1.24737
174 -0.433319
85 -0.940819
310 0.103058
168 -0.5522
88 -0.946907
2 -1.30476
301 1.50085
54 -0.995224
161 -0.656509
142 -0.580673
27 -1.19859
206 -0.573669
231 -0.490997
150 -0.601578
55 -0.999886
36 -1.04812
149 -0.58049
19 -1.13143
245 -0.263901
342 2.76154
19 -1.30184
111 -0.605354
85 -0.928375
42 -1.11747
178 -0.683578
43 -1.16335
10 -1.53401
51 -1.05101
48 -1.15455
327 2.32117
301 1.50128
4 -1.43103
132 -0.598297
161 -0.681549
180 -0.39621
105 -0.823212
162 -0.773544
131 -1.68192
336 1.76111
301 1.12607
162 -0.549057
193 -0.312988
321 1.28836
310 1.52435
69 -1.10747
69 -0.91404
97 -0.866165
180 -0.478653
29 -1.07821
224 -0.514557
77 -1.00191
233 -0.57106
51 -1.03496
118 -0.828293
189 -0.747528
42 -1.11144
86 -1.00151
76 -0.988838
167 -0.495178
171 -0.476776
7 -1.69907
197 -0.678345
7 -1.24305
66 -1.06783
264 -0.123291
130 -0.608215
212 -0.551666
75 -0.934448
176 -0.658676
1 -1.5589
133 -0.715912
118 -0.576546
3 -1.79224
175 -0.657486
110 -0.598206
53 -1.12956
61 -1.06095
80 -0.908821
85 -0.64537
2 -1.32424
143 -1.62483
42 -1.08259
214 -0.0976105
36 -1.04583
65 -1.04623
49 -1.13274
231 -0.610855
197 0.0447235
113 -0.740257
160 -0.63324
184 -0.6745
14 -1.10102
104 -0.83223
86 -0.904488
15 -1.37099
305 0.920227
60 -1.08556
137 -0.587219
105 -0.584671
105 -0.941292
219 -0.520966
130 -0.63765
121 -0.770126
118 -0.570816
123 -0.719711
96 -1.04181
109 -0.765953
85 -0.640121
59 -1.01973
321 1.25119
346 1.89566
96 -0.94809
82 -0.990097
69 -1.09135
68 -0.941299
102 -0.80233
302 1.49622
116 -0.59729
149 -0.594711
174 -0.629791
250 -0.362732
95 -0.938324
316 1.91107
113 -0.538887
76 -0.98867
4 -1.38668
167 -0.538773
14 -1.25492
196 -0.597
19 -1.13147
270 -0.191437
122 -0.587952
113 -0.740532
210 -0.562149
40 -1.21576
93 -0.908897
152 -0.529312
120 -0.570618
19 -1.23833
18 -1.26148
313 2.00418
86 -0.960129
316 2.08032
104 -0.903656
118 -0.74189
27 -1.12929
102 -0.902893
120 -0.570114
332 2.35373
77 -0.951424
96 -0.944725
25 -1.14438
236 -0.639832
112 -0.515549
77 -0.919312
173 -0.641586
233 -0.488312
86 -0.977104
84 -0.885246
200 -0.702225
84 -0.638748
206 -0.613907
15 -1.10026
46 -1.05731
315 2.11923
135 -0.00675964
53 -1.12756
85 -0.940834
121 -0.66954
77 -0.951431
54 -1.08663
238 -0.405777
231 1.90976
310 1.21594
278 -0.195953
88 -0.667465
88 -0.912918
168 -0.53566
4 -1.43087
109 -0.72673
316 1.59229
333 2.2565
13 -1.18137
156 -0.62822
120 -0.646736
120 -0.587074
67 -0.916977
250 -0.256714
45 -1.32684
310 1.21606
184 -0.146744
72 -1.06053
80 -0.935188
152 -0.549164
157 -0.693665
22 -1.18995
217 0.306442
74 -0.957352
165 -0.807297
143 -0.581253
70 -1.00829
166 -0.575836
47 -0.757477
77 -0.968246
311 1.78613
135 -0.00646973
30 -1.11853
347 2.90234
5 -1.62783
147 -0.0596466
209 -0.584976
119 -0.541969
114 -0.89679
106 -0.556419
62 -0.99152
48 -1.13074
203 -0.600159
337 2.78598
87 -0.855507
163 -1.08875
110 -0.710327
206 -0.574982
77 -0.956741
167 -0.466888
302 1.48874
86 -0.919617
252 -0.248993
97 -0.640305
235 0.220154
75 -0.936165
319 1.94785
77 -0.941811
67 -0.986526
333 2.25641
302 1.18466
208 -0.593216
115 -0.765938
86 -0.904457
173 -0.638641
209 0.781204
193 -0.560806
203 -0.719421
233 1.53558
300 0.0122681
143 -0.597626
90 -0.88945
111 -0.758942
64 -1.08703
193 -0.579941
323 2.30319
311 1.27847
178 -0.451172
304 1.23041
302 1.18378
64 -0.989105
124 -0.774178
168 -0.531647
328 2.41019
7 -1.59514
41 -1.08537
24 -1.172
143 -1.6246
89 -0.681686
234 1.27643
19 -1.20033
217 -0.400604
169 -0.504349
311 1.51562
78 -0.951111
167 -0.522232
4 -1.43118
96 -1.04292
173 -0.639023
259 -0.226868
166 -0.51506
6 -1.24808
53 -1.12973
73 -1.02806
90 -0.541794
367 0.321106
80 -0.964203
113 -0.944443
51 -1.06258
89 -1.02589
91 -1.00499
167 -0.537231
342 0.980957
59 -1.1203
34 -1.11124
329 2.47037
158 -0.13382
203 -0.72995
141 -0.652985
19 -1.13044
58 -1.14806
146 -0.582809
169 -0.512863
57 -1.06204
72 -0.947403
165 -0.575928
96 -1.04191
43 -1.13315
8 -1.42753
260 -0.167236
124 -0.774849
204 -0.721222
51 -1.13646
72 -0.96125
43 -1.13421
149 -0.594971
116 -0.772102
37 -1.05124
160 -0.717636
121 -0.815247
84 -0.866905
286 -0.150543
331 2.57507
102 -0.570618
149 -0.603104
90 -0.600189
163 -0.515305
257 -0.239624
101 -0.853973
341 1.28497
100 -1.10373
173 -0.35498
132 -0.844452
18 -1.2352
197 -0.733673
119 -0.598755
167 -0.53891
132 -0.577209
325 2.32187
55 -1.15407
88 -0.955826
129 -0.434647
19 -1.27989
25 -1.14441
86 -0.928818
70 -0.995682
188 -0.135101
310 0.103302
249 -0.281662
132 -1.89542
187 -0.72052
129 -1.35278
226 -0.48616
200 -0.702744
25 -1.15613
324 2.32068
303 0.0472717
121 -0.720833
145 -0.597519
51 -1.03585
213 -0.696564
99 -1.04113
163 -0.512772
310 0.103241
99 -0.975212
85 -0.980919
40 -1.07547
202 -0.486099
249 2.30521
63 -1.05887
313 2.00375
193 -0.768372
228 0.918198
153 -1.49063
131 -0.600098
342 2.72873
75 -0.958252
235 1.08025
85 -0.982834
87 -0.84906
71 -0.977623
77 -0.954338
99 -0.854073
17 -1.20605
216 0.372955
113 -0.516685
320 1.41013
102 -0.869698
313 1.90997
4 -1.4312
49 -1.1096
83 -0.961937
89 -0.919098
163 -0.513382
88 -0.942619
66 -0.606529
150 -0.602249
75 -0.949287
103 -0.778519
195 -0.885101
317 1.87723
271 -0.150269
68 -0.998421
113 -0.67984
25 -1.07714
164 -0.583893
146 -0.606705
87 -1.00666
88 -0.662773
180 -0.371246
5 -1.24757
142 -0.527618
367 0.321594
341 1.95862
79 -0.940979
32 -1.09337
213 -0.705139
58 -0.984718
127 -0.600143
169 -0.503891
112 -0.748535
277 -0.231537
168 -0.551804
229 -0.484497
32 -1.15402
121 -0.805954
76 -0.982529
67 -0.990295
73 -1.11354
121 -0.720825
164 -1.0966
85 -0.853333
204 0.0893555
167 -0.540161
312 1.31638
198 -0.622986
76 -1.01481
17 -1.06561
121 -0.814865
110 -1.0705
68 -0.990807
14 -1.22976
29 -1.20519
167 -0.540344
309 0.940002
193 -0.240097
157 -0.548172
120 -0.572113
123 -0.67775
77 -1.00109
2 -1.90814
199 -0.673141
289 -0.169739
330 2.7674
126 -0.602936
63 -0.871078
246 -0.291565
280 -0.172516
267 -0.268829
173 -0.638702
317 0.218842
156 -0.498993
295 0.0299988
121 -0.720757
24 -1.25899
143 -0.617798
120 -0.792702
19 -1.13043
112 -0.699318
1 -2.75738
62 -0.976856
231 1.91017
89 -0.993004
140 -1.5535
221 -0.796646
77 -0.955116
112 -0.689262
128 -0.572594
213 -0.571686
108 -1.13438
54 -1.04353
169 -0.549942
370 2.92334
2 -1.39228
84 -0.861618
105 -0.991959
55 -1.14489
122 -0.681564
171 -0.578491
204 0.0893097
179 -0.397354
57 -0.975155
122 -0.738091
309 1.72995
187 -0.506424
52 -1.05708
301 1.50198
135 -0.00569153
211 -0.539093
80 -0.60379
238 -0.406281
220 1.6077
67 -0.986488
53 -1.15056
77 -0.945595
85 -0.984909
261 -0.171265
310 1.21625
99 -1.03896
317 1.57495
216 0.373062
172 -0.48291
144 -0.510925
358 2.41559
105 -0.660149
77 -1.00072
83 -0.93972
81 -0.918442
105 -0.908104
196 -0.726181
73 -0.849121
219 -0.433212
54 -1.03796
322 2.01562
222 1.01263
138 -0.793137
36 -0.860695
333 2.25635
61 -1.02885
230 -0.461136
130 -0.605347
129 -0.434662
122 -0.766602
367 -0.00646973
165 -0.722565
15 -2.12295
161 -0.699066
309 1.74673
94 -0.957634
74 -0.648239
260 -0.161682
143 -1.62457
315 2.12119
62 -1.02182
256 -0.313293
193 -0.746155
228 1.36505
63 -0.965405
238 -0.40596
295 0.0302124
7 -1.53103
132 -0.551636
118 -0.616577
258 -0.242126
43 -1.13344
14 -1.2494
198 0.335785
310 1.81384
141 -0.576904
334 2.50125
108 -0.658539
114 -0.593765
3 -2.74886
310 0.103302
124 -0.73246
121 -0.663101
182 -0.262314
75 -0.950768
167 -0.539963
216 0.372147
179 -0.480896
5 -1.8111
156 -0.5755
54 -1.0721
303 1.38995
228 1.3661
213 -0.696701
203 -0.719543
316 1.59341
197 -0.733688
17 -1.20934
199 -0.770248
302 1.39264
114 -0.705696
98 -0.812706
215 -0.347214
237 -0.455948
186 -0.493378
253 1.97575
242 -0.287643
48 -1.18757
85 -0.985298
109 -0.780083
84 -0.868652
176 -0.450165
12 -1.22783
66 -0.606438
33 -1.16812
150 -0.620544
342 2.76297
230 -0.461334
62 -1.00081
11 -1.2566
42 -1.13271
233 0.970856
132 -1.35626
156 -0.70253
157 -0.697723
321 1.98096
313 2.00381
167 -0.551117
176 -0.566849
3 -2.7486
64 -0.989655
216 0.372543
154 -0.752991
15 -2.12318
230 -0.461472
98 -0.92868
161 -0.656387
6 -1.25233
24 -1.15421
310 1.81766
258 2.4184
49 -1.06403
200 -0.702332
304 0.0690308
105 -0.917847
138 -0.433624
345 1.91977
288 -0.132721
128 -0.776833
43 -1.12807
213 -0.541702
55 -0.993469
120 -0.646965
128 -0.764702
164 -0.756683
313 1.90979
323 2.3139
29 -1.98803
154 -0.687347
112 -0.485756
132 -0.754578
77 -1.00034
299 1.49268
103 -0.587029
91 -0.91906
293 -0.0166016
320 1.98935
115 -0.597389
150 -0.604752
80 -0.936729
154 -0.686951
110 -0.916153
53 -1.03703
2 -1.44367
166 -0.584259
299 1.28888
130 -0.746338
229 1.77107
47 -1.08236
216 0.372421
78 -0.893692
115 -0.644691
340 0.840027
167 -0.540039
130 -1.87004
56 -1.06701
130 -0.631531
193 0.64946
142 -0.739105
295 0.0301514
38 -1.3358
168 -0.733292
60 -1.02031
166 -0.664566
126 -1.14418
106 -0.901299
62 -1.05777
42 -1.11693
134 -0.675568
253 2.30586
2 -1.44446
77 -0.600502
112 -1.07483
85 -0.945023
7 -1.53661
352 1.28015
319 1.93396
19 -1.13144
130 -0.637665
168 -0.51796
361 2.47668
118 -0.560165
228 1.36478
168 -0.733231
213 -0.696655
54 -0.995594
1 -1.41003
131 -0.762115
300 1.0264
145 -0.733353
31 -1.10196
145 -0.538574
89 -0.657784
189 -0.0318298
190 0.189133
29 -1.99263
77 -0.940125
13 -1.18723
215 1.11263
181 -0.370438
121 -0.819038
248 -0.24324
95 -0.899292
322 1.97198
200 -0.832321
211 0.868347
213 0.252304
226 -0.490753
90 -0.539444
306 1.69153
297 -0.0244751
79 -0.980682
172 -0.627182
130 -1.8701
302 1.47931
82 -0.901062
213 -0.696671
46 -1.10653
311 1.84979
99 -1.03932
166 -0.517197
163 -0.513046
99 -0.999619
118 -0.577019
357 2.31619
143 -0.539139
280 -0.123108
173 -0.400848
1 -1.81036
229 -0.731735
161 -0.699387
250 -0.306564
368 3.31592
124 -0.622093
123 -0.726646
150 -0.601044
205 -0.551483
110 -0.889999
40 -0.79668
355 0.720245
102 -0.80127
134 -0.682739
311 1.50607
163 -0.747452
99 -0.597206
194 -0.805115
208 -0.765198
152 -0.624313
156 -0.497162
86 -0.975723
175 -0.365387
54 -0.995327
96 -1.16591
80 -0.943314
82 -0.909874
33 -1.26256
132 -0.662033
131 -0.572754
194 0.571014
328 0.578003
162 -0.498962
75 -0.652779
50 -1.07616
3 -2.74118
15 -2.12293
40 -1.14778
249 2.09082
213 1.20638
47 -0.757153
316 2.07117
29 -1.99364
132 -0.649292
91 -0.914291
295 0.474854
68 -0.96788
201 -0.402496
127 -0.682579
158 -0.133102
195 -0.628922
113 -0.699577
98 -0.883232
294 1.33139
102 -0.801163
99 -1.04087
230 1.85995
168 -0.551163
260 -0.263245
162 -0.743179
86 -0.902893
260 -0.263824
158 -0.133011
130 -1.87013
301 1.12405
1 -1.36739
40 -1.86397
138 -0.792542
19 -1.1315
219 -0.499939
218 1.45276
43 -1.16579
91 -0.616119
76 -1.30959
267 -0.271851
85 -0.844742
300 1.04822
322 1.46149
110 -0.889633
168 -0.537476
100 -0.491898
168 -0.55014
95 -1.03299
40 -1.12907
312 1.79092
212 1.37811
164 -0.730103
44 -1.16449
146 -0.814438
77 -0.623146
75 -0.970222
257 -0.338562
209 -0.743958
316 1.35614
174 -0.634628
295 0.0301819
97 -0.965103
353 2.4729
167 -0.540283
267 -0.268768
314 0.195618
219 -0.499985
77 -0.981888
253 -0.250351
161 -0.649963
156 -0.49411
253 -0.236877
324 1.47223
143 -0.645264
302 1.18369
195 -0.673386
25 -1.03441
44 -1.1636
1 -1.51497
324 2.30576
228 1.36676
347 1.93533
150 -0.601562
183 -0.862061
128 -0.770462
174 -0.637283
200 -0.638016
50 -1.066
25 -1.03458
136 -0.656372
55 -1.60041
102 -0.608315
302 0.029541
268 -0.120087
191 0.33905
152 -0.678146
234 -0.485474
111 -0.571808
47 -1.10701
88 -0.668587
326 2.21045
201 0.362305
145 -0.547165
107 -0.60202
86 -1.01231
90 -1.06847
316 1.5929
88 -0.667084
34 -1.1594
331 -0.0805664
128 -0.766876
106 -1.09253
116 -0.877182
321 2.18539
285 -0.178986
107 -1.14407
64 -1.02096
164 -0.582672
120 -0.774666
207 0.796173
122 0.301056
126 -0.627617
15 -2.12294
17 -1.21173
156 -0.496796
47 -1.0563
213 -0.841125
298 1.04346
244 2.28107
119 -1.01179
114 -0.698853
212 -0.450256
146 -0.319519
28 -1.40769
54 -0.995308
359 0.855377
65 -1.07664
167 -0.490585
184 -0.180222
197 -0.733185
295 0.0301819
186 -0.57576
80 -0.631516
169 -0.563553
186 -0.690582
169 -0.497879
352 1.55341
322 2.25513
37 -1.40469
187 -0.720642
138 -0.356323
301 1.5181
258 2.42926
352 1.55576
130 -0.511047
215 0.645142
9 -1.38208
224 -0.417099
163 -0.69873
357 2.31937
73 -1.45001
61 -1.28681
340 1.84634
317 0.218658
132 -0.719086
163 -0.502823
145 -0.752472
51 -1.11947
127 -0.702187
262 -0.119507
55 -1.05938
15 -2.12273
216 0.372864
244 -0.700439
53 -1.02119
167 -0.567245
286 0.269775
132 -0.844437
182 -0.260178
270 -0.16629
243 -0.645111
222 -0.760239
209 -0.748154
304 0.0686951
368 3.31168
33 -1.14665
304 1.4097
78 -0.995743
24 -1.49198
162 -0.749512
14 -1.2531
337 1.88608
18 -1.32585
29 -1.99229
6 -1.2534
105 -0.560852
332 1.66583
47 -1.22921
40 -1.85717
157 -0.692184
119 -0.599503
227 -0.60405
16 -1.2438
33 -1.21068
133 -0.631958
52 -1.74022
50 -1.54042
154 -0.688797
203 -0.720871
189 -0.0358582
156 -0.494339
212 -0.432617
139 -0.921387
113 -0.97924
48 -1.18218
3 -2.74805
86 -0.901909
42 -1.12326
12 -1.38032
357 2.31854
361 2.71698
77 -1.0002
9 -2.52784
182 -0.707184
38 -1.35426
352 2.57431
316 1.59174
164 -0.772385
29 -1.9924
279 -0.154175
154 -0.602386
10 -1.51917
173 -0.638824
41 -1.17012
313 2.00241
334 1.6579
196 0.679672
356 2.48679
109 -0.531822
130 -0.592621
130 -0.638794
301 1.12573
310 1.52859
84 -1.00733
150 -0.555939
9 -2.52751
156 -0.556396
207 0.817978
112 -0.557831
67 -0.981621
128 -0.815323
209 0.850677
218 1.57158
314 0.11673
173 -0.794769
121 -0.545319
303 1.04532
167 -0.491669
111 -0.645195
76 -0.988899
132 -0.756073
185 -0.289566
319 2.11081
161 -0.699249
245 -0.251678
148 -0.66304
284 -0.170135
70 -0.981018
143 -0.540298
277 -0.172699
341 2.17447
169 -0.541458
370 -0.442505
138 -0.434265
139 -0.697021
129 -0.782715
206 -0.604568
110 -0.88279
311 0.601166
181 -0.767349
230 1.86
68 -0.954086
166 -1.04379
29 -1.99309
12 -1.39136
100 -1.15112
67 -0.959923
49 -1.05035
296 0.975647
179 -0.380615
61 -0.969273
195 0.0537415
153 -0.578629
127 -0.865555
333 2.69797
32 -1.14525
86 -0.928757
182 -0.289429
99 -1.03929
285 -0.173035
114 -0.886902
7 -1.55779
157 -0.477432
132 -0.585571
265 -0.263306
282 -0.066864
210 -0.69191
116 -1.26079
144 -0.723297
29 -1.99291
139 -0.68364
316 2.07462
341 1.96594
121 -0.556572
178 -0.731888
324 2.3252
86 -0.90461
310 1.216
306 1.19336
71 -0.952835
367 0.279449
267 -0.268799
219 -0.499924
121 -0.818153
113 -1.05623
168 -0.580811
212 -0.449844
128 -0.766739
36 -1.48859
149 -0.580185
100 -0.491928
361 2.88864
231 1.90967
370 3.883
260 -0.263794
130 -0.591537
19 -1.20763
260 -0.263641
100 -1.16444
178 -0.416168
167 -0.551239
309 1.82867
250 -0.25705
38 -1.33501
299 -0.00759888
267 -0.268707
156 -0.578873
148 -0.553955
127 -0.870697
267 -0.268829
14 -1.62497
336 2.48642
177 -0.708878
304 1.07379
120 -0.591148
335 1.79138
71 -1.44034
362 3.10284
332 2.49219
101 -0.8022
43 -1.16531
61 -1.20337
117 -0.605171
44 -1.79263
171 -0.553757
342 2.72858
311 1.21768
114 -1.23779
260 -0.263611
245 1.72469
9 -1.28009
164 -0.742371
213 -0.696732
9 -2.52884
68 -0.653694
76 -0.982712
12 -1.25585
341 2.17139
155 -0.571457
310 1.21594
134 -0.683121
100 -0.492043
6 -1.2473
17 -1.20582
173 -0.639114
56 -1.63236
282 -0.112244
128 -0.770172
89 -0.842148
85 -0.941025
289 -0.131042
304 0.0489197
55 -1.15276
132 -0.523895
139 -0.565887
143 -1.62456
38 -1.32831
117 -0.577675
369 0.287323
90 -0.915031
308 0.958679
143 -0.6185
127 -0.695168
260 -0.263794
314 1.92834
9 -1.58241
85 -0.984253
192 0.53656
303 0.0546875
267 -0.271484
147 -0.519348
231 0.994583
331 2.13257
131 -0.645905
337 1.90131
70 -0.928078
187 -0.741013
128 -0.775864
168 -0.734894
213 -0.504486
144 -0.585327
130 -1.87009
337 1.9075
102 -0.657784
121 -0.680443
102 -0.590668
340 1.90961
227 -0.494827
65 -1.53462
86 -0.904465
305 0.920441
339 1.9007
325 1.56912
169 -0.545074
275 -0.181213
49 -1.05151
102 -0.802055
145 -0.606384
149 -0.580353
162 -0.749557
37 -1.40363
144 -0.553207
231 0.768585
37 -1.17575
128 -1.88108
118 -0.531784
272 -0.166718
29 -1.99377
15 -2.12322
149 -0.580139
359 2.88242
39 -0.944672
241 -0.628601
183 -0.815125
23 -1.29407
113 -1.0564
139 -0.63797
118 -1.15138
76 -1.31736
330 2.05569
310 1.81641
373 2.83289
163 -0.72757
150 -0.606094
315 2.12054
114 -1.08208
367 0.315399
234 -0.663055
6 -1.17839
201 -0.402481
361 2.72928
307 1.67014
324 1.47235
140 -0.546738
276 -0.154907
121 -0.66288
277 -0.173859
352 2.57547
3 -2.74824
59 -1.04845
127 -0.65905
309 1.82898
359 3.10629
17 -1.20433
78 -0.942825
370 3.88916
296 1.22342
130 -0.638885
160 -0.633286
335 2.66476
250 1.94281
348 2.46686
86 -0.904617
157 -0.523712
132 -0.844452
43 -1.13333
304 1.62759
24 -1.2595
127 -0.756248
317 1.56509
52 -1.05073
168 -0.506012
29 -1.99273
140 -0.688248
120 -0.646179
164 -0.774261
330 1.54907
128 -1.90363
157 -0.69371
231 -0.473236
282 3.43097
131 -0.599243
4 -1.43112
204 -0.422073
209 -0.747055
355 0.713409
348 2.46521
76 -1.4025
80 -0.949196
116 -0.583542
165 -0.576416
143 -0.518417
314 0.0796509
26 -1.47915
202 -0.604813
120 -0.481125
121 -0.721542
210 1.5262
51 -1.03968
339 0.515564
305 1.19855
270 -0.213837
154 -0.572418
356 2.54977
149 -0.615616
348 2.46841
186 -0.305984
168 -4.29193
114 -0.931358
24 -1.25919
124 -0.634438
102 -0.787903
286 0.270111
172 -0.480606
316 1.34125
46 -1.14364
326 2.21057
357 2.37759
156 -0.492538
183 -0.851349
38 -1.32843
80 -0.93145
316 2.06897
130 -0.620102
196 -0.783646
296 0.43985
128 -0.670113
193 -0.560242
210 0.809082
299 1.30298
152 -0.528214
216 0.372864
341 2.17102
37 -1.40547
174 -0.615524
203 -0.718506
46 -1.23471
327 1.74106
360 2.62564
145 -0.75116
141 -0.702652
337 1.90735
212 -0.854019
177 -0.613785
120 -0.646637
320 1.52649
368 3.21298
92 -0.951714
301 1.18448
196 -0.675308
112 -1.04215
313 1.73074
64 -0.912045
143 -0.580597
129 -0.58931
138 -0.429367
219 -0.500046
367 0.322357
151 -0.57576
120 -0.646606
55 -1.14375
138 -0.431259
140 -0.737305
123 -0.717155
43 -1.13477
103 -0.824844
3 -1.1419
120 -0.749466
212 -0.449768
175 -0.373764
173 -0.729599
136 -0.620575
167 -0.493149
100 -0.524902
50 -1.69828
25 -1.4642
198 -0.202835
55 -1.59991
313 2.0036
200 -0.192307
306 1.18796
38 -1.32843
284 -0.0253601
179 -0.39743
25 -1.46466
215 -0.805145
369 2.05835
17 -1.20787
130 -0.592545
306 1.69901
175 -0.366074
141 -0.665802
163 -0.512451
310 1.21619
372 3.00867
212 -0.450226
168 -0.53064
88 -0.665504
2 -1.39104
231 1.90965
4 -1.47437
24 -1.49195
219 -0.544754
362 2.87622
370 3.88751
16 -1.39707
152 -0.620926
221 -0.792221
110 -0.582954
219 -0.58429
85 -0.983658
154 -0.774719
48 -1.06741
177 -0.641388
175 -0.635605
158 -0.132874
311 1.52039
58 -0.943848
361 2.88663
121 -0.712311
167 -0.540283
132 -0.844467
300 1.52017
343 1.99921
121 -0.662926
221 -0.802551
301 0.917023
24 -1.48244
117 -0.597839
14 -1.31317
128 -0.704834
122 -0.770782
304 0.0574951
65 -1.53423
174 -0.633926
35 -1.11549
301 1.05771
352 1.349
141 -0.543243
231 1.90973
154 -0.646393
72 -1.46925
148 -0.592545
311 1.51273
123 -0.771255
201 -0.740204
271 -0.154175
157 -0.693054
165 -0.8564
114 -0.940659
130 -0.615891
352 1.34561
68 -1.01775
267 -0.268829
137 -0.585068
342 2.33847
121 -0.663002
171 -0.63681
128 -0.766739
233 0.970917
201 -0.473938
135 -0.598022
174 -0.629837
121 -0.812263
155 -0.576645
314 1.34586
149 -0.539139
168 -0.496292
316 1.59378
320 1.25684
217 -0.653046
355 2.30988
130 -0.772949
1 -1.06112
367 2.9332
148 -0.917831
306 0.0558472
310 0.103333
102 -0.785545
174 -0.635361
24 -1.51433
299 0.346405
154 -0.687653
77 -1.00035
191 0.339081
332 2.53433
127 -0.904541
143 -1.62526
207 -0.522675
357 2.32126
121 -0.809189
367 0.026886
327 2.08011
123 -0.716949
97 -0.565697
196 -0.692368
21 -1.16169
167 -0.539627
78 -0.903214
50 -0.889362
320 1.47409
126 -0.838867
124 -1.84328
337 2.30154
176 -0.723068
76 -0.965767
175 -0.366196
360 2.79422
149 -0.594772
310 1.81628
161 -0.690826
170 -0.425278
193 -0.260681
148 -0.679382
306 1.12891
141 -0.627899
158 -0.13298
242 1.43326
339 0.515656
88 -1.04382
88 -0.669907
69 -0.91362
166 -0.951706
120 -0.570038
121 -0.803864
46 -1.22032
36 -1.1776
179 -0.652756
311 0.601471
147 -0.584534
326 1.71634
52 -0.934147
199 -0.615417
113 -1.05637
136 -2.04449
2 -1.44515
361 2.89969
136 -0.6194
255 -0.251587
46 -1.2342
328 2.41757
184 -0.145081
102 -0.612061
91 -0.984962
359 2.38843
303 0.571045
96 -0.631607
118 -0.534882
162 -0.749573
128 -1.05195
58 -1.03311
167 -0.550995
128 -0.838951
205 -0.551254
126 -0.835213
51 -1.74273
271 -0.164459
357 2.29794
333 2.25641
18 -2.39855
102 -0.802238
8 -1.29235
246 -0.291702
257 -0.338837
104 -0.570778
147 -0.627167
333 1.59186
368 3.6355
231 -0.328247
326 2.03339
128 -0.590851
338 1.90268
112 -0.687805
299 1.30316
7 -1.52158
156 -0.501114
170 -0.513809
4 -1.63949
326 1.634
54 -0.995682
15 -2.12282
200 -0.190857
327 2.19656
167 -0.551025
209 -0.748138
195 -0.685913
293 -0.0166016
199 -0.649704
24 -1.47634
209 -0.744949
339 2.68469
301 0.35968
130 -1.87009
143 -1.6245
347 2.90051
136 -0.652542
123 -0.71109
127 -0.854309
203 -0.474915
149 -0.581314
319 0.170166
191 0.338852
92 -0.897751
138 -0.693405
151 -0.777603
56 -1.64171
309 1.82883
267 1.19858
316 2.07959
175 -0.754227
113 -0.897263
57 -1.583
3 -1.35994
321 1.28183
331 0.314728
170 -0.470291
32 -1.13646
271 -0.126129
71 -1.47399
38 -1.39159
127 -0.826721
138 -0.794434
32 -1.14675
202 -0.44191
154 -0.698837
269 -0.327637
295 1.34235
24 -1.47134
326 2.27206
176 -0.723038
38 -1.33933
324 1.33493
114 -0.873848
168 -0.735168
368 3.31555
30 -1.14987
170 -2.76266
208 0.786331
368 3.31613
306 1.2085
348 2.08163
274 -0.179718
368 3.31155
70 -0.974701
71 -1.46413
367 2.93109
288 -0.131348
162 -0.61113
121 -0.530907
38 -1.329
18 -1.1969
169 -0.516037
219 -0.796036
372 3.31375
138 -0.42865
359 2.88257
65 -1.00949
23 -1.89753
154 -0.62442
367 3.3429
319 0.170074
233 0.970963
134 -0.682846
169 -0.562683
172 -0.519608
134 -0.621307
195 -0.673599
138 -0.794571
356 2.4545
293 -0.018158
120 -0.654625
305 0.920502
169 -0.820663
209 -0.747131
121 -0.798195
87 -1.00672
100 -1.15981
294 -0.108643
15 -2.12261
127 -0.792313
41 -0.896439
305 0.927612
355 2.47836
267 -0.268768
6 -1.26612
328 1.53131
232 -0.77739
342 2.76303
363 3.25662
188 -0.595047
120 -0.554367
156 -0.493134
228 1.3651
24 -1.25905
316 0.924988
315 2.0372
90 -0.980125
172 -0.52005
192 0.54068
179 -0.474304
267 -0.268219
195 -0.673203
160 -0.520615
36 -1.09743
163 -0.512604
229 1.77342
352 2.46219
296 -0.0330505
174 -0.747513
182 -0.369492
328 1.51364
142 -0.676941
55 -1.15371
286 -0.130066
77 -1.60085
362 2.88635
33 -1.16936
6 -2.6129
55 -1.59955
184 -0.384552
66 -0.961433
308 1.26236
158 -0.560608
121 -0.547607
145 -1.02448
28 -1.40774
177 -0.480316
354 2.88181
286 -0.0516052
129 -1.01383
329 1.60101
81 -0.969765
173 -0.412994
323 0.159851
112 -0.697823
130 -0.634125
190 0.591064
310 1.70114
14 -1.38104
332 1.5296
351 2.02386
134 -0.648346
361 2.70428
173 -0.506256
146 -0.645065
100 -0.52594
176 -0.722916
346 2.51782
191 0.339096
170 -0.403793
72 -1.43669
137 -1.83649
305 1.61816
160 -0.717514
143 -1.6245
152 -0.602493
228 1.36458
349 1.96359
251 -0.282562
158 -0.133682
125 -0.683273
208 -0.49057
359 2.62344
6 -1.24777
171 -0.414841
160 -0.704437
155 -0.711502
21 -1.03776
359 2.33069
353 2.46857
19 -1.20408
29 -1.99252
332 1.82266
114 -0.9645
359 3.09149
315 1.76282
237 -0.284943
301 1.18863
341 2.17157
316 0.959656
167 -0.538849
202 -0.669495
114 -0.941246
118 -0.601936
46 -1.21988
310 0.103271
173 -0.406769
126 -0.839081
130 -0.592514
210 -0.735138
72 -0.96579
168 -0.735626
295 1.47073
150 -0.906769
160 -0.585159
228 1.36684
319 0.170746
30 -1.8746
161 -0.681976
121 -0.753914
166 -0.667572
3 -2.02523
154 -0.64827
150 -0.695465
171 -0.538406
323 1.45142
158 -0.133347
132 -0.844467
132 -0.620422
337 2.19351
140 -0.691086
310 1.45404
61 -1.56494
138 -0.794373
198 -0.73584
149 -0.580292
346 2.51511
24 -1.43834
120 -0.646545
54 -1.678
294 -0.0379944
33 -1.50811
367 3.26596
155 -0.558914
366 1.93869
330 2.05566
171 -3.14452
234 -0.447098
3 -1.44332
167 -0.694992
222 -0.798126
228 1.36763
301 1.2153
33 -1.25187
89 -0.999832
132 -0.57753
207 -0.389816
212 -0.450073
315 2.0372
346 2.24139
141 -0.686676
201 -0.75235
93 -0.921936
174 -0.674881
65 -1.53439
143 -0.713547
253 2.30589
369 0.283905
296 0.0562744
133 -1.86827
147 -0.632751
353 2.46841
333 2.31631
171 -0.605743
102 -0.801262
234 -0.398666
130 -0.649536
176 -0.722885
324 1.31393
267 -0.269012
166 -0.53299
320 1.57007
359 2.88275
37 -1.36551
115 -0.742546
30 -1.1303
170 -0.495193
310 0.931213
337 1.90161
319 1.80624
333 1.68387
25 -1.46351
204 -0.460587
94 -0.622604
354 2.61432
18 -1.22215
364 3.01587
138 -0.794708
322 1.86075
135 -0.537567
29 -1.205
114 -0.936577
167 -0.540054
275 -0.198242
145 -2.8732
175 -0.374802
305 0.920868
267 -0.345459
56 -1.60897
321 0.351074
341 2.17465
38 -1.20802
50 -1.54104
38 -1.10386
6 -1.25286
373 3.32275
170 -0.53389
154 -0.648621
356 2.54855
50 -1.54001
120 -0.57827
191 -0.198059
121 -1.72964
324 1.29764
308 1.13391
122 -0.579521
345 2.14383
292 -0.0877991
348 2.23129
359 3.05844
330 0.995361
196 -0.161179
327 1.35522
221 -0.788513
333 1.8616
128 -0.967262
77 -0.958069
167 -0.538895
173 -0.407654
193 -0.558899
271 -0.162506
33 -1.21848
137 -0.574493
173 -0.485443
122 -0.656021
344 2.15152
194 -0.682861
311 0.609131
210 -0.776047
136 -0.72699
320 1.4744
93 -1.16821
272 -0.213989
46 -1.60139
233 0.97081
130 -0.638657
52 -1.76471
321 1.29306
168 -0.735031
88 -0.669487
318 1.57248
143 -0.578522
321 1.30212
203 -0.649231
133 -0.716217
339 2.38004
55 -1.59967
370 3.88788
12 -2.3562
316 1.27817
301 1.51755
371 3.49734
368 2.92551
189 -0.030304
114 -0.541504
368 3.31158
316 2.09305
309 1.8287
171 -0.480011
19 -1.5524
223 -0.645508
138 -0.842041
259 2.51367
203 -0.0931091
339 0.515594
308 1.21533
360 2.3338
128 -1.05015
29 -1.10773
77 -1.58134
169 -3.19824
32 -1.15112
295 0.0297852
299 0.352539
72 -1.44214
154 -0.648422
12 -2.356
172 -0.554138
203 -0.600204
284 -0.0239868
316 1.59229
182 -0.358749
367 0.315796
310 1.70062
346 2.44128
90 -0.81559
205 0.532349
369 3.21744
287 -0.191864
298 1.30658
309 1.82895
173 -0.479431
216 -0.698868
162 -0.7677
30 -1.19166
88 -0.976555
121 -1.90091
364 3.01422
110 -0.564758
121 -0.663078
144 -0.548782
89 -1.5016
42 -1.14096
197 -0.733795
275 7.92133
309 0.933167
134 -1.91779
24 -1.48909
140 -0.919434
350 2.78012
28 -1.35943
178 -0.450455
162 -0.586761
357 2.95551
351 2.29739
350 2.30569
330 2.09653
113 -1.05614
28 -1.3596
367 3.32751
222 -0.547028
135 -0.730438
92 -1.08137
322 1.3461
121 -0.582344
34 -2.05836
294 -0.0467529
193 -0.768097
127 -0.610039
211 0.823517
338 1.15799
348 2.19043
184 -0.674606
362 2.88354
50 -1.54069
359 3.27698
107 -0.963524
171 -0.47052
113 -0.934303
90 -1.00404
365 3.29404
229 -0.510925
246 -0.291611
47 -1.06509
311 1.21207
320 1.47415
331 1.65701
133 -0.716202
55 -1.59962
309 1.82877
169 -0.503342
158 -0.133301
363 2.681
309 0.940186
323 0.695374
47 -0.757404
138 -0.794678
135 -0.62442
316 1.03778
216 -0.633575
319 0.170776
100 -0.524651
28 -1.3597
293 0.950623
312 0.0976868
153 -0.532684
143 -1.62503
125 -0.594559
283 -0.0409851
103 -1.1832
234 -0.393188
167 -0.539993
310 1.21597
145 -0.842438
261 2.5657
131 -0.542969
163 -0.513199
176 -0.678879
67 -0.983429
360 2.77692
192 -0.689987
113 -0.974007
354 2.88321
212 -0.862915
313 2.0022
368 3.31604
126 -0.83535
358 2.04111
188 -0.559814
313 2.00232
168 -0.735474
311 1.51398
177 -0.698395
32 -1.31546
181 -0.774292
166 -0.647186
145 -0.718552
179 -0.397644
141 -0.757553
142 -0.569092
133 -0.716248
191 -0.200302
306 1.20508
299 1.31772
182 -0.260513
24 -1.46896
119 -0.599876
86 -0.92099
276 -0.172821
370 3.88403
222 -0.554825
175 -0.366196
122 -1.89858
312 1.92444
302 1.36948
184 -0.816116
335 2.08966
317 0.218811
353 2.46869
31 -1.10466
339 0.515533
173 -0.520599
30 -1.87379
25 -1.46534
140 -1.55345
222 -0.760178
160 -0.717453
193 -0.768021
121 -0.805626
50 -1.54093
152 -0.566147
348 2.73224
69 -1.49112
149 -0.456604
350 3.091
182 -0.261292
317 0.218781
342 2.7634
141 -0.77475
367 3.31311
219 -0.484497
130 -0.605331
124 -0.580917
132 -0.566391
349 2.27112
168 -0.50531
128 -1.0508
188 0.431732
307 1.47165
78 -1.38342
129 -0.528564
27 -1.24736
123 -0.549965
337 2.17682
136 -0.580872
209 -0.744858
180 0.700623
48 -1.01365
24 -1.25901
174 -0.634308
141 -0.577072
271 0.703674
258 -0.316833
175 -0.373749
215 -0.975677
171 -0.548782
24 -1.25955
304 1.17538
47 -1.77834
170 -0.574356
77 -0.956268
89 -1.01312
159 -0.608078
235 0.452408
152 -0.619781
177 -0.473236
338 1.90649
149 -0.772247
310 0.103302
136 -0.647552
6 -1.21095
161 -0.656235
138 -0.794693
203 -0.600082
330 1.63394
191 -0.680267
134 -0.683151
302 0.962341
321 1.30551
358 2.79535
311 1.24048
342 1.9931
131 -0.551346
162 -0.616196
131 -0.784103
182 -0.260925
175 -0.512787
357 3.05283
327 2.19644
159 -0.703949
288 -0.137115
77 -0.954712
341 1.97348
5 -2.28292
310 0.103271
326 1.4169
142 -0.57428
116 -0.560501
358 2.79523
50 -1.54091
169 -0.517624
360 3.00299
342 2.7287
103 -0.838356
182 -0.333649
197 -0.620407
362 2.8909
348 2.18988
28 -1.35978
299 1.04819
347 2.90015
154 -0.648178
359 2.88266
348 2.46613
133 -0.610092
367 0.318726
76 -0.988976
357 2.31589
310 1.52414
207 0.793564
209 -0.695938
178 -0.450272
326 1.55984
125 -1.08086
333 1.74985
144 -0.824829
158 -0.133545
173 -0.406586
369 3.65405
121 -0.720795
99 -1.18011
160 -0.717728
217 -0.365448
214 1.22559
341 2.17444
264 -0.0259705
359 2.88257
327 1.44919
264 -0.0262146
337 1.90158
174 -0.630234
303 1.19711
216 -0.39563
342 2.01669
162 -0.74968
218 -0.755753
337 2.08566
348 2.18982
215 -0.516556
227 0.876144
138 -0.355545
321 0.365479
194 -0.710449
149 -0.600204
91 -1.31552
297 -0.144745
265 -0.34845
191 -0.748444
144 -0.755173
314 1.35416
200 -0.62233
141 -0.774933
154 -0.688263
135 -0.62973
362 2.82925
305 1.1925
116 -1.06516
339 1.94815
182 -0.26062
129 -1.55715
340 2.72452
163 -0.512421
342 2.07523
39 -0.993862
315 1.7337
344 2.0463
324 1.3129
320 1.47412
315 1.57367
123 -0.549988
134 -0.7052
353 2.89264
110 -0.887199
336 1.30002
325 0.840515
356 2.54608
359 0.849548
336 2.0509
301 1.34088
148 -0.636353
211 0.823395
299 1.31308
178 -0.45047
222 -0.760223
180 -0.759262
28 -1.40808
197 -0.733521
334 0.438141
352 2.86685
338 2.38174
181 -0.778198
95 -0.843658
308 0.883148
323 1.31262
281 -0.144318
325 1.655
171 -0.506119
330 1.52182
126 -1.07486
37 -1.38777
141 -0.506653
173 -0.415558
56 -1.03922
191 0.638092
181 -0.766129
203 -0.474777
207 -0.773834
152 -0.528214
248 -0.486221
260 -0.263214
361 2.88806
143 -0.473541
364 3.55612
217 -0.516541
357 2.36105
358 2.01254
19 -2.35645
169 -0.499268
90 -1.29947
23 -2.23176
181 -0.352448
228 0.246063
316 1.98938
316 1.29678
330 2.05853
180 -0.406464
319 0.169861
166 -0.515137
139 -0.640137
167 -0.55098
367 2.47476
299 1.29364
125 0.0105209
203 -0.0938416
183 -0.660522
44 -1.07598
46 -1.97414
154 -0.648376
325 1.64539
142 -0.925781
158 -0.751785
2 -1.39105
132 -0.730789
19 -1.11375
356 2.55292
4 -1.431
150 -0.621109
147 -0.600082
11 -1.55209
334 1.74661
365 2.83432
19 -2.357
221 -0.580658
217 -0.652725
154 -0.686996
237 -0.268509
150 -0.642014
133 -0.721069
348 2.46786
126 -1.1442
128 -1.14992
367 -0.0057373
344 2.40228
146 -0.675827
130 -0.592514
323 1.8103
206 -0.434296
225 -0.63829
364 3.01501
322 1.19891
358 2.79514
363 2.84973
353 2.46835
168 -0.550201
48 -1.19871
225 -0.514145
187 -0.506348
96 -0.632347
220 1.60966
131 -0.605591
330 2.05548
275 -0.186951
170 -0.504745
348 2.19336
325 1.55722
42 -1.82825
324 1.46048
144 -0.83847
368 3.3158
202 -0.477585
89 -1.28452
338 2.38168
142 -0.772095
359 2.88251
133 -0.614914
312 1.58102
35 -1.30942
125 -0.790901
313 1.67975
313 0.121277
363 2.68091
366 3.57452
3 -2.74885
205 -0.550491
332 1.50635
347 0.673248
307 1.33859
193 -0.685699
346 2.79703
148 -0.687592
158 -0.132599
311 1.40628
84 -0.601341
142 -0.712784
331 1.86133
186 -0.859634
326 1.83475
348 2.19437
173 -0.403549
366 3.57339
122 -1.49448
353 2.45761
37 -1.39591
188 0.40802
348 2.23444
369 3.30783
323 1.39764
160 -0.717743
166 -0.78447
222 1.47997
298 1.30951
132 -0.612259
293 -0.061676
160 -0.717758
322 1.46805
233 -0.422165
127 -1.88345
30 -1.87398
173 -0.641281
291 -0.0202637
341 2.17126
190 -0.718506
126 -0.834671
192 -0.593781
59 -1.58139
362 3.11935
242 1.6041
154 -0.554306
305 0.798004
169 -0.498779
367 -0.00619507
319 0.169525
368 3.31146
309 0.93811
309 1.26056
265 1.75778
339 2.20541
321 1.48169
328 1.47974
142 -0.575638
285 -0.0569153
295 -0.14856
50 -1.54143
170 -0.428436
353 2.89139
128 -1.05091
156 -0.694046
354 2.88245
334 1.95578
236 -0.604538
125 -0.712784
328 1.8313
77 -1.58578
188 -0.56105
192 0.537796
146 -0.645996
305 1.19574
181 -0.289337
77 -1.57538
369 2.51819
368 3.31155
215 1.24409
184 -0.145584
307 0.117279
320 1.31851
338 1.7778
152 -0.902817
348 2.19046
314 1.55389
228 0.152679
368 3.63596
213 -0.576859
291 -0.0995789
173 -0.64035
120 -1.87994
81 -1.50598
233 0.326019
29 -1.32741
228 -0.496643
369 2.05759
65 -1.53468
304 1.07843
321 1.24268
191 -0.672882
342 2.31827
55 -1.59959
373 3.33426
161 -0.64328
295 0.0298462
361 2.90039
282 3.43091
187 -0.506271
301 1.31595
325 1.65933
182 -0.260284
297 0.639069
356 3.05551
320 1.47461
114 -0.937256
152 -0.613342
329 1.53293
266 -0.295197
111 -0.561028
283 -0.13855
157 -0.693512
370 3.88385
147 -0.543289
326 0.262512
170 -0.58194
341 1.84918
109 -0.551575
69 -0.804962
358 2.79507
370 3.88281
108 -1.04839
186 -0.690353
187 -0.480728
191 -0.715576
268 -0.217743
334 1.47705
322 1.63785
167 -0.491531
52 -1.9664
322 1.6489
344 1.76718
23 -1.2941
335 1.22885
44 -1.79462
327 1.44843
353 2.89249
290 -0.178894
348 2.48917
148 -0.631241
312 1.5777
120 -0.646576
314 1.63614
330 2.05835
364 2.17838
352 2.47995
38 -2.02215
339 0.515564
5 -1.81126
350 1.56592
354 2.88223
312 1.16602
176 -0.389267
354 2.88232
336 1.90961
361 2.88696
170 -0.46936
210 0.19342
175 -0.374969
171 -0.480453
350 1.56662
167 -0.484695
71 -0.866898
319 1.29721
346 2.53677
367 0.330322
197 -0.683517
258 -0.316345
139 -0.683807
29 -1.35376
132 -1.51483
156 -0.497482
356 2.54974
372 3.0274
307 1.69604
5 -1.81116
77 -1.57658
167 -0.544449
318 1.83005
10 -1.2694
138 -0.484314
298 1.48114
344 1.84589
309 0.940216
330 2.05548
344 2.71481
183 -0.884476
328 0.439423
241 1.41362
112 -0.749557
346 2.45114
122 -0.766365
346 2.53622
193 -0.559235
168 -0.496109
149 -0.691528
169 -0.561768
203 -0.285172
183 -0.70372
362 2.88651
373 3.27798
113 -1.05638
170 -0.635056
299 1.30237
358 2.79584
323 2.16867
63 -0.992458
309 1.30173
112 -0.749275
132 -0.467926
363 2.19968
311 1.23297
90 -1.07523
121 -0.798698
162 -0.509323
349 2.85718
116 -0.57576
204 -0.237839
116 -0.56163
321 1.02185
107 -0.725418
303 1.19308
187 -0.506332
267 -0.268799
219 -0.601089
129 -0.771439
310 1.48099
174 -0.34668
91 -0.822289
77 -1.59445
128 -1.63843
359 2.88257
176 -0.38707
116 -0.471962
324 0.46582
51 -0.927723
260 -0.312531
370 3.32584
359 2.9108
224 -0.604431
294 1.39069
253 1.9762
320 1.47421
264 -0.0261841
316 1.22702
300 1.5192
284 -0.0353699
256 0.266998
55 -1.88543
317 1.54498
286 -0.102509
320 1.31052
308 0.214691
368 3.3157
213 -0.605774
132 -0.623108
313 2.00238
43 -1.79983
233 0.970963
30 -2.30753
2 -1.39078
251 1.94016
320 1.47427
118 -0.576485
344 1.84064
19 -2.35697
293 -0.01651
144 -0.838242
359 3.36551
50 -1.53936
330 2.05811
306 0.928467
31 -1.2944
110 -0.889931
204 -0.563095
323 0.356964
316 1.47162
302 1.18469
312 1.92441
297 1.3027
142 -0.774979
327 1.74042
193 -0.768631
328 1.58466
301 1.20743
333 1.67551
86 -0.928841
60 -0.979767
331 1.56934
158 -0.57518
154 -0.721054
328 2.20462
370 3.883
325 1.16098
336 1.91098
66 -1.47392
369 2.02841
339 0.515381
266 -0.299072
154 -0.646469
158 -0.606308
349 2.7847
346 1.70801
69 -0.906769
364 3.01605
301 0.487823
280 -0.262695
361 2.90015
301 1.18488
330 2.0582
139 -0.800369
46 -1.97279
154 -0.689163
149 -0.555161
169 -1.48415
341 2.17126
190 -0.352219
367 2.93173
363 2.69113
159 -0.753372
76 -1.20726
351 1.99854
239 -0.29509
316 0.329102
195 -0.673355
69 -1.42523
189 -0.363586
127 -0.691566
319 1.74261
278 13.2885
63 -0.948208
35 -1.33656
50 -1.02169
125 -0.665726
358 2.16846
191 -0.710678
160 -0.553665
366 1.93878
127 -1.49612
359 3.34036
132 -0.627747
332 2.21985
349 2.26001
28 -1.35954
343 1.7251
119 -0.59639
339 2.37341
65 -1.00357
167 -0.551071
69 -1.4637
18 -1.55155
308 1.57867
302 0.207794
318 1.66992
303 1.35617
315 2.0372
170 -0.521652
109 -1.01904
303 1.34219
340 2.56296
145 -0.623306
353 2.89697
22 -1.47064
296 1.57388
140 -0.695755
189 -0.0288391
114 -0.574615
314 1.55447
145 -0.755051
71 -1.45131
319 1.84061
68 -1.47547
326 1.27786
363 2.10803
222 -0.760101
345 2.16135
361 2.90042
335 2.00958
50 -1.97093
189 -0.0270691
349 1.93048
118 -0.610184
371 3.39926
341 2.17422
15 -1.76547
303 1.3338
363 2.3699
316 0.257507
204 0.0892792
320 1.47443
28 -1.40781
336 1.91037
335 1.80771
364 3.0141
62 -1.71839
286 -0.17334
135 -0.665192
173 -0.413803
235 -0.853745
109 -0.995667
12 -2.47021
314 1.36124
353 2.98251
257 -0.31369
205 -0.551315
143 -1.62492
12 -2.35153
369 2.74591
366 3.57849
115 -0.742699
326 1.80685
77 -1.5967
16 -1.69752
336 2.52859
299 1.29761
324 1.96057
168 -0.551208
333 1.52908
165 -0.779678
348 2.46844
187 -0.506363
352 1.3483
367 2.51562
271 -0.150208
326 0.366241
268 2.62042
19 -2.35686
362 2.88712
