78 -0.81617
104 -0.55896
77 -0.864357
99 -0.407913
71 -7.50636
108 -0.494911
3 -3.71506
99 -0.407875
7 -2.97788
84 -1.75066
43 -6.65704
83 -5.939
30 -1.37769
6 -1.62052
55 -9.76333
34 -1.47017
17 -1.59023
151 0.0954895
166 -0.448303
104 -0.558899
60 -1.08166
42 -1.37669
104 -0.56134
34 -1.35883
34 -1.48488
78 -0.815849
58 -9.52734
44 -1.22517
122 -0.285156
99 -1.15807
77 -0.861603
99 -1.15749
28 -1.31408
122 -0.285324
90 -1.56712
105 -1.04667
75 -1.09221
90 -1.56815
44 -1.22499
177 0.177216
178 0.502457
108 -0.496361
83 -5.93905
104 -0.55925
50 -1.37486
60 -1.08211
99 -1.1581
52 -10.0643
171 -0.0201569
61 -9.38423
104 -0.559021
104 -0.563492
173 -0.00198364
100 -0.260498
60 -1.08192
102 -3.00917
10 -1.61897
44 -1.22408
7 -2.9779
20 -1.58574
58 -9.62545
20 -1.58546
178 0.502487
131 0.0245819
100 -0.260345
17 -1.58575
102 -3.00901
104 -0.563606
43 -6.65693
60 -1.08184
178 0.108551
7 -2.97813
187 0.33519
84 -1.74866
60 -1.08203
42 -1.37661
54 -9.85564
20 -1.58524
7 -2.97719
77 -0.865555
60 -1.08193
75 -8.76485
61 -9.38426
42 -1.43192
200 0.359741
125 0.0176926
44 -1.22216
93 -1.37315
9 -1.60204
42 -1.37893
7 -2.97784
71 -8.80189
196 0.448792
12 -1.51937
100 -0.260529
59 -1.12732
108 -0.494156
122 -0.285378
44 -1.22226
29 -1.40643
9 -1.60072
77 -0.861732
166 -0.456894
42 -1.37666
122 -0.285011
173 0.00154114
3 -3.71501
339 32.2242
9 -1.60168
178 0.502502
35 -1.39096
42 -1.37655
40 -1.4736
17 -1.59007
152 -0.00874329
29 -1.40737
99 -1.15682
49 -9.33467
7 -2.97795
361 17.2965
60 -1.08203
9 -1.60089
183 0.223175
9 -1.60146
17 -1.54614
186 1.03413
12 -1.51893
20 -1.58648
78 -0.815956
200 0.37677
42 -1.37666
160 -0.0717926
221 16.8623
34 -1.26999
11 -2.65588
20 -1.58536
39 -1.47394
17 -1.58999
216 14.6721
104 -0.558884
82 -4.80694
184 0.180649
187 0.335022
39 -11.1175
20 -1.58537
122 -0.285141
343 12.6253
173 0.000762939
104 -0.559029
58 -9.52808
42 -1.4182
178 0.502625
44 -1.22453
10 -1.6193
17 -1.54559
12 -1.46012
155 -0.413895
122 -0.284958
77 -0.861351
200 0.678894
66 -9.42562
152 -0.00874329
60 -1.08191
42 -1.37898
84 -5.47799
163 0.163437
84 -0.776489
122 -0.285019
44 -1.22187
7 -2.97785
353 15.6499
47 -1.39951
108 -0.493996
57 -5.69607
187 0.335052
41 -1.28849
3 -1.6493
38 -11.1481
33 -1.54321
3 -3.71493
105 -1.04668
353 15.6602
339 32.1939
60 -9.42044
71 -7.50645
178 0.502396
75 -1.09203
104 -0.56871
80 -5.19624
63 -7.14862
43 -11.6357
122 -0.285172
38 -11.148
17 -1.56156
6 -1.62333
63 -7.14849
137 -0.127304
60 -1.08353
200 0.378174
14 -15.4389
226 1.27258
105 -1.04665
110 -0.589905
38 -11.148
63 -7.14846
104 -0.558914
163 0.149948
206 0.543854
117 -0.408562
4 -1.65189
54 -6.23457
30 -12.8634
227 1.27689
128 -0.0842133
128 -0.0834351
20 -1.5856
198 0.544952
20 -1.58533
42 -1.37893
329 168.06
60 -1.08183
140 -0.529083
221 16.803
162 0.216827
129 -0.854263
199 0.584091
160 -0.0725861
134 -0.765076
215 1.49893
349 14.7514
105 -1.04668
289 6.41718
187 0.335022
90 -1.41911
187 0.335144
99 -1.15681
77 -8.40755
194 2.90228
158 -0.0394897
89 -7.03892
339 32.2125
216 14.6773
17 -1.59031
206 0.543777
190 0.238892
92 -0.638359
88 -2.5175
60 -1.08176
293 6.05978
10 -1.61767
127 -4.33619
140 -0.522095
170 -0.475586
153 -0.395309
49 -11.2942
63 -7.14837
168 0.020462
202 0.441666
60 -1.09781
329 168.056
29 -1.41497
181 0.162247
49 -9.334
93 -0.693565
140 -0.520172
20 -1.58527
44 -1.22536
146 -0.117523
178 0.65062
161 -0.0208435
200 0.378708
17 -1.59037
160 -0.0734558
84 -1.74867
112 -0.881584
301 7.97964
105 -1.04668
84 -1.75031
120 -5.46101
361 17.2965
165 -0.265472
211 0.786499
119 0.0332718
231 1.45526
9 -1.60182
328 47.7896
122 -4.75282
332 13.1493
84 -0.779121
33 -14.4193
90 -1.56924
2 -1.74763
241 3.2541
35 -1.4966
14 -15.4388
31 -12.6877
78 -0.816208
215 0.881271
116 0.0186386
334 12.5656
105 -1.04673
152 -0.28244
9 -1.60049
198 0.348618
143 -0.556961
202 0.441742
189 0.197113
81 -0.816742
110 -0.589317
180 -0.226456
49 -9.33399
133 -0.280655
20 -1.58536
133 -0.347717
42 -1.37961
24 -13.2039
361 17.2937
102 -3.00914
38 -11.1196
138 -0.475647
370 23.3677
125 -0.965233
295 6.37378
166 -0.458557
164 -0.0196228
140 -0.522415
10 -2.51868
49 -9.33492
118 -5.57231
354 12.657
90 -2.15527
161 -0.020874
191 2.0663
74 -0.867859
185 0.337982
105 -1.04673
63 -5.63149
60 -1.08191
162 0.205292
75 -1.09219
185 0.338043
221 16.8122
82 -2.62891
182 0.193848
125 0.0191116
201 0.600174
86 -0.789139
139 -0.557388
60 -1.08338
152 -0.00881958
285 5.38132
49 -9.33416
178 0.108795
137 -0.184128
136 -2.67328
41 -1.28871
140 -0.533798
365 31.9833
36 -6.86488
373 14.8123
139 -0.559647
222 1.08266
114 0.0595779
132 -0.72731
241 3.25427
204 0.411148
164 -0.269806
137 -0.183838
152 -0.00856018
349 16.742
89 -7.03915
241 3.25439
179 0.281433
9 -1.60054
285 5.38101
362 17.6474
34 -1.27021
17 -1.59019
212 0.72757
131 -0.926331
29 -1.40653
221 16.8935
132 -3.98851
120 -0.00728607
166 -17.171
183 0.219498
238 3.73924
129 -4.14165
71 -6.29332
223 1.09174
212 0.727737
221 16.9054
151 -0.303848
329 167.793
110 -0.589592
37 -12.2724
83 -0.821976
110 -0.589302
140 -0.531769
134 -3.53372
132 -0.334167
45 -11.4348
28 -3.22275
148 -0.269028
82 -0.803909
158 -0.0390472
117 -0.408409
361 17.2934
22 -1.53352
69 -0.902206
325 12.4692
212 0.728638
138 -1.59341
160 -0.0701904
105 -0.617783
132 -0.333603
47 -1.15428
14 -15.4398
180 -0.226395
12 -2.62735
117 -0.408409
106 -0.903526
221 16.9035
183 0.219482
152 -0.00883484
324 39.7214
137 -0.183456
84 -1.74873
57 -8.30298
185 0.281418
56 -10.4753
125 -1.06505
285 5.3804
125 -1.06628
140 1.02248
125 -1.06525
107 -0.862213
148 -0.267609
203 0.625366
129 -0.854691
131 -0.983643
141 -0.543213
291 5.90857
173 0.000289917
300 26.1157
45 -11.4329
45 -11.4335
204 0.381393
346 14.29
178 0.502579
132 -0.727585
221 16.8128
295 6.46661
334 10.5082
9 -1.60173
84 -1.74877
6 -17.9963
98 -0.216003
151 -0.343445
162 0.207397
62 -9.57747
142 -0.636383
30 -12.8633
184 0.250519
105 -1.04678
372 185.744
20 -1.5854
175 -10.5016
43 -1.47332
214 0.806915
35 -1.39497
117 -0.408348
38 -11.1481
76 -0.858292
185 0.218597
145 1.5386
143 1.40155
185 0.201431
285 5.38153
148 -0.345825
49 -9.33377
90 -0.670692
90 -1.56921
60 -1.0817
226 1.26819
64 -5.75365
154 -0.359253
78 -0.815834
125 -1.06495
363 23.44
19 -8.24461
214 0.737015
55 -8.34586
138 -0.474869
212 0.728073
297 6.6059
87 -0.748512
117 -0.408508
203 0.638672
352 12.6479
62 -5.71805
187 0.335098
85 -1.89452
89 -0.754959
38 -1.31775
181 0.15361
1 -1.71787
59 -1.06907
187 0.335052
164 -0.27002
33 -14.4334
125 0.0187836
301 7.97964
212 0.726547
200 0.378952
182 0.167542
35 -3.04477
2 -192.943
78 -6.03931
163 -0.25029
200 0.378586
182 0.185272
199 0.394745
336 11.652
85 -1.89483
299 6.91586
98 -0.216118
111 0.0177155
329 167.957
118 0.037529
38 -11.148
60 -9.59379
6 -18.0221
132 -0.120026
297 8.31949
151 0.0955811
117 -0.408493
98 -0.216049
20 -1.58489
52 -1.19127
87 -5.34077
349 14.7268
334 10.4828
178 0.18161
45 -11.4346
47 -1.41787
290 5.57593
90 -3.47511
31 -3.08038
63 -7.14845
30 -1.44204
290 5.5759
34 -1.53962
30 -12.8634
33 -14.4186
329 167.936
147 -0.132629
115 -5.94981
346 12.8457
172 0.151199
2 -1.92492
14 -15.44
98 -0.216072
147 -0.138138
147 1.57304
76 -5.21954
164 -0.233551
235 3.97366
19 -8.24242
124 -0.549393
148 -0.089386
17 -1.59034
48 -1.29259
335 12.7668
22 -3.11627
182 0.184799
84 -6.46943
361 17.2939
221 16.876
212 0.728119
211 0.785873
53 -1.23533
178 0.108841
288 5.57437
164 -0.233017
329 167.931
125 -1.06494
138 -0.475327
158 -0.0359344
33 -14.4196
294 6.36465
46 -11.4527
214 0.736664
362 16.8135
226 1.27246
359 12.4339
31 -3.08038
90 -1.56919
293 6.23746
45 -1.44239
285 5.38138
183 0.219513
301 6.97354
301 7.97955
120 -0.0850372
33 -14.4185
187 0.335129
120 -0.118652
170 0.210022
160 -0.0712738
372 -4.39746
181 0.215714
67 -0.935921
182 0.213089
82 -5.65498
34 -1.27022
48 -1.26322
125 0.0189667
125 -1.06525
206 0.543564
193 14.8118
301 7.98056
182 0.167694
105 -1.04673
183 0.223312
344 14.4207
316 10.2142
320 10.496
143 -0.059906
292 6.02197
59 -8.30524
19 -8.23527
341 13.6242
211 0.786255
148 -0.267639
14 -2.62551
186 0.21669
1 -4.12338
166 -17.3365
19 -8.24788
173 -0.00263977
131 -0.0794067
190 0.227158
282 5.15381
120 -0.0150299
35 -3.04454
162 -0.440521
33 -14.5314
110 -0.5896
181 0.160599
147 -0.61026
353 15.6548
63 -7.14844
12 -1.44898
35 -3.04477
182 0.194397
185 0.206009
178 0.181396
134 -0.764648
202 0.441666
178 0.181717
43 -13.5627
268 4.21738
372 13.0269
329 167.904
185 0.221497
216 14.6747
202 0.441742
299 8.65137
206 0.54361
183 0.184769
78 -4.88891
110 -0.589401
295 8.23984
221 16.8151
159 -0.0735321
342 10.663
168 -0.0188904
185 0.227066
290 6.43314
84 -0.791763
4 -1.65197
268 4.21838
339 12.0617
148 -0.497421
78 -0.820282
161 -0.0205231
166 -17.1675
373 24.0558
146 -0.611755
61 -9.61143
296 6.55261
317 8.44022
189 0.196869
344 14.419
171 -0.0123749
361 17.2938
291 5.90421
312 9.61926
334 12.5658
193 14.7759
33 -14.4191
183 0.194824
103 -0.581947
149 1.57001
125 -1.06544
19 -8.2451
329 168.056
124 -0.547546
138 -0.475311
182 0.213165
7 -2.97794
110 -0.58934
234 -0.256134
332 10.9388
45 -13.5121
6 -2.87872
329 167.928
49 -15.1876
216 14.674
28 -3.19419
48 -1.29675
80 -5.64474
91 -8.25264
330 10.8592
183 0.21933
162 -0.181412
297 6.69043
178 0.10878
324 10.4765
334 10.5085
368 17.0213
373 15.3895
47 -14.9427
265 3.57538
255 4.57877
366 16.8807
3 -3.71525
4 -3.67789
2 -192.994
119 -0.982101
316 10.204
175 -10.5014
103 -85.6986
185 0.205856
73 -0.900864
203 0.394547
152 -0.590851
40 -2.57107
4 -3.67786
171 -0.0200043
130 -0.698135
203 0.359604
113 -6.22032
370 26.3832
170 0.111679
294 6.35513
7 -8.31415
194 0.324722
249 4.52617
189 0.196869
300 6.89557
183 0.223129
204 0.410278
153 -0.371384
346 12.8453
300 26.1127
285 5.38126
21 -3.30289
184 0.165619
356 16.9651
95 -1.04398
30 -15.025
261 4.13177
222 0.966949
71 -9.89693
238 3.73967
312 9.62277
55 -10.8665
129 -0.959198
145 -71.8012
334 12.5657
66 -1.74123
184 0.18071
289 6.41626
178 0.185654
305 7.57019
148 -0.268097
364 21.9102
6 -7.7322
160 -0.20636
28 -3.20483
179 0.178558
363 28.2557
160 -0.207932
349 15.5929
86 -93.7859
138 -0.477524
148 -0.267609
51 -15.0456
238 3.73836
69 -0.860954
322 10.4001
327 10.8023
179 0.206696
301 9.40408
17 -1.59044
84 -1.75051
325 10.5514
93 -0.739647
312 9.61847
140 -0.390747
144 -0.507721
235 3.97394
152 -1.72415
145 -0.292465
99 -1.15715
100 -0.384567
125 0.0175934
211 0.784241
46 -2.38817
47 -2.70819
261 4.13284
38 -1.17299
363 14.4767
132 -0.0705414
186 0.30719
372 13.0265
139 -0.0719452
181 0.16153
321 9.50598
213 0.651825
290 5.57663
53 -12.4314
100 -6.7255
74 -9.90347
137 -0.183884
214 0.738419
234 -0.258331
328 14.0391
191 0.264191
310 8.18176
136 -0.396454
363 14.4791
25 -3.27567
17 -2.69984
138 -0.475327
247 19.0362
95 -7.59058
28 -1.31408
78 -5.64688
140 -0.531845
183 0.223602
159 -0.200165
35 -101.752
161 -0.200638
241 3.25429
345 14.6966
245 18.6113
365 22.6914
144 -0.507767
17 -1.59031
12 -87.2837
194 0.354126
145 -0.293045
198 0.355057
127 -0.0666351
234 -0.256699
195 0.327988
125 0.0175171
60 -9.41936
323 11.9996
346 14.2944
298 8.41257
151 -0.577194
334 12.5657
164 -0.233643
345 13.7946
345 5.03317
295 6.36203
175 0.0892029
93 -7.84512
175 0.113922
349 16.7599
148 -0.267075
356 16.9688
257 3.18298
15 -3.54699
260 5.80865
366 16.8805
208 1.3028
6 -16.8568
3 -3.71518
189 0.19162
28 -3.22485
372 13.0164
304 8.5593
71 -0.887268
319 8.99866
221 1.00621
350 14.1325
12 -86.2722
342 13.9543
334 12.5656
182 0.151703
17 -1.59019
64 -61.3197
154 -1.74484
89 -1.3373
119 -0.973862
230 1.23364
301 7.98026
301 7.98065
86 -0.769562
111 -6.04364
152 0.0504913
129 -0.958908
137 -0.0736694
35 -3.04456
93 -0.997978
346 12.8481
66 -1.74131
70 -1.96291
36 -1.27296
73 -1.81058
254 1.09605
43 -6.65697
250 2.58435
357 18.6432
204 0.41066
182 0.197723
341 13.644
332 11.5947
33 -14.418
42 -1.37947
216 0.715485
301 7.98038
161 -0.290024
124 -0.546516
304 7.26486
121 -0.2584
47 -2.70831
159 -0.216431
204 0.410629
343 14.4261
265 3.5769
183 0.223465
321 10.8054
316 10.2054
295 6.41864
161 -0.0207367
6 -17.2304
290 5.78394
14 -15.4375
372 13.0166
102 -6.6152
164 0.0969849
324 13.7391
301 7.98016
197 0.906342
20 -11.6939
144 -0.592499
346 14.2944
11 -3.70016
321 10.8051
237 16.3094
189 0.196793
76 -9.82503
172 0.174454
226 1.0071
194 2.90417
78 -5.33463
146 -0.563766
316 10.1991
148 -0.267685
54 -1.5978
222 -0.576157
76 -0.817612
63 -7.1484
330 11.2937
70 -6.6059
79 -5.28498
25 -141.915
349 14.388
283 5.02972
160 -0.0740662
33 -1.34182
42 -1.37915
19 -3.4106
49 -2.77552
360 10.402
15 -3.74597
265 6.76102
184 0.180618
330 10.6897
163 -0.250168
312 9.61273
284 5.01257
305 7.57019
187 0.335098
19 -3.41584
339 13.0317
61 -11.243
85 -0.885628
153 -0.48912
355 16.4262
130 -72.9705
161 -0.281158
344 14.4202
279 4.96213
349 16.7688
67 -10.2773
301 7.98068
289 5.51422
148 -0.267365
166 -17.1755
109 -6.60957
55 -7.6127
21 -2.4851
221 1.01047
346 15.7583
40 -1.28366
351 15.6062
107 -6.49634
221 1.00639
291 6.71677
125 -1.06491
343 14.4283
204 0.410568
198 0.331055
366 16.1697
86 -93.8197
64 -61.4149
185 0.205811
104 -6.22768
32 -1.27345
346 13.821
372 13.0168
6 -17.5752
235 3.97516
158 -0.0355072
198 0.318771
346 12.8474
225 1.28493
186 1.03477
49 -2.77663
102 -3.0089
142 -0.383835
204 0.381149
32 -1.25876
94 -1.68664
84 -1.74859
176 -0.452988
140 -0.414352
349 15.6677
127 -0.222015
290 6.72324
254 7.67902
347 7.96152
265 3.57526
21 -14.6796
127 -0.225029
77 -80.8838
86 -93.706
305 7.57007
299 6.95602
367 28.9472
240 11.409
189 0.196838
74 -1.20356
367 25.0064
324 39.5862
28 -1.31447
4 -3.67769
343 14.4268
85 -1.1417
372 13.0161
321 10.8055
144 -0.508087
301 7.97968
322 10.229
102 -3.00909
160 -0.206512
238 3.74159
361 19.3166
117 -0.408371
138 -0.477386
257 4.66946
372 13.0278
119 -100.117
248 6.82515
355 27.2824
63 -2.12833
39 -11.1171
160 -0.453278
164 -0.270111
17 -1.59028
340 10.5295
301 7.97964
343 14.4264
314 9.92621
119 -100.143
170 0.0918427
361 19.3207
294 6.85373
148 -0.267548
321 10.8029
335 13.1653
356 21.2855
204 0.381302
179 0.177795
28 -3.21472
161 -0.290451
134 -0.59549
136 -0.456772
308 7.93378
274 4.55322
234 16.0983
301 7.98254
15 -3.60277
297 8.36066
124 -0.546631
363 14.4741
301 7.97958
25 -1.96053
25 -3.26852
20 -2.23516
172 0.00460815
370 14.6584
328 10.9826
124 -0.749413
235 3.97446
261 4.13269
368 23.0562
327 11.5419
356 16.309
241 3.25421
144 -0.590714
48 -1.30968
320 10.7832
64 -61.3423
260 5.82968
156 -0.124283
302 7.07455
333 12.0123
249 20.2046
363 28.269
159 -0.202332
307 8.17633
204 0.373779
278 4.86209
17 -177.886
346 14.294
347 14.1598
164 -0.233902
266 6.31891
356 16.9654
34 -1.27033
263 -2.04492
87 -0.793442
332 10.9396
301 7.69925
138 -0.47728
345 16.023
130 -76.4416
264 3.43292
299 6.85257
346 12.8461
181 0.161438
216 14.6688
59 -1.06949
194 0.268875
363 14.4792
25 -3.26571
18 -2.40517
301 7.98053
250 4.57495
200 0.360382
63 -7.14849
6 -3.841
99 -1.15683
129 -0.51416
221 16.8341
59 -1.11618
334 12.5659
21 -2.19552
127 -0.234489
77 -8.57312
144 -0.379028
119 -100.148
125 -1.06471
323 139.96
364 1.43109
186 1.03477
289 5.94171
194 0.317841
165 -0.112
178 0.502594
343 14.4263
152 -0.59024
238 3.74156
330 12.1478
353 15.6552
346 16.1199
78 -1.6069
261 4.13257
318 20.9211
226 1.27267
158 -1.37163
250 2.59209
296 7.02954
295 7.21912
289 10.9973
43 -2.98262
19 -3.41144
304 7.32581
148 -0.267593
343 13.0249
324 13.7383
345 13.6403
305 11.8604
268 6.33954
261 4.13147
314 8.9274
159 -0.209686
261 4.13318
219 0.762177
357 28.3942
348 21.9247
149 -0.320694
288 5.59848
14 -15.4375
42 -91.8418
332 12.3204
260 4.98022
354 18.0241
15 -2.66961
33 -199.594
196 0.319427
61 -11.2415
202 0.613037
319 10.2082
361 19.325
26 -3.3224
356 14.6998
175 0.393539
172 0.0160217
27 -11.5748
146 -0.579529
19 -8.23702
31 -1.93192
186 0.235657
176 0.0655975
303 7.66696
317 8.69086
24 -3.21693
304 7.02194
204 0.410858
59 -1.09487
300 8.57819
249 3.97414
58 -9.52822
361 19.3079
339 15.508
370 17.5429
333 10.4195
363 28.2636
37 -3.03465
370 15.2329
261 4.13882
334 12.5657
262 22.2468
164 -0.269958
163 -0.462326
138 -0.453674
40 -112.144
173 0.0457001
336 13.3658
26 -1.90132
156 -1.36655
362 23.241
250 4.54414
86 -93.7738
61 -11.2355
314 9.6376
184 0.250381
64 -61.4291
297 8.5882
202 0.441666
347 14.156
127 -0.76738
372 23.879
258 3.16403
173 -0.00544739
319 9.36551
362 23.301
339 10.5439
179 -3.59195
265 3.57724
363 15.6826
316 10.2059
183 0.190369
135 -0.440643
133 -0.567444
28 -3.22472
24 -2.00052
105 -0.564392
361 17.294
140 -0.531738
272 -3.45648
349 16.7427
349 14.388
284 5.00812
3 -3.95263
142 -0.588547
32 -1.24915
347 14.1559
199 0.35759
56 -9.70148
261 4.13443
208 12.1356
348 7.09772
182 0.193527
307 8.953
321 10.3289
306 7.59106
2 -3.85647
119 -100.114
204 0.497864
266 -1.46075
316 154.529
38 -1.17277
79 -6.19398
74 -0.869308
307 9.00497
140 -0.510681
43 -2.95925
363 22.7561
320 10.2245
363 15.6813
343 14.4285
364 1.44156
346 12.8453
343 14.3606
366 23.3216
339 12.865
151 0.0955048
133 -3.60892
277 8.45514
313 9.69861
200 0.378098
32 -1.8877
132 -78.4241
261 5.30679
95 -1.15608
324 39.6844
301 9.26376
286 5.10815
272 -5.07465
312 9.60904
216 0.715515
370 14.6563
294 26.5059
151 -0.0240784
221 16.8686
148 -79.4674
49 -9.33373
178 0.181564
305 7.44537
172 0.0161133
249 3.71942
265 6.76093
31 -1.38865
301 7.69983
312 9.61975
272 -5.70886
69 -1.95731
358 14.236
344 14.418
318 8.74564
188 0.184555
331 11.441
344 14.418
76 -1.58398
296 7.1846
312 9.61594
306 7.84885
336 13.4726
166 -0.0211182
313 58.4855
347 14.1608
191 2.06599
344 14.418
283 6.85248
286 5.1087
194 0.315613
166 0.0897675
276 4.97815
356 16.9685
305 7.57047
278 5.11359
301 7.98059
346 12.8467
206 0.581467
170 0.0972137
328 14.0389
164 -0.269882
318 8.74585
322 10.4278
28 -12.6725
180 0.225266
32 -1.24906
339 32.2166
313 8.836
46 -9.44833
41 -6.69473
173 0.0458069
268 7.2009
305 7.54449
283 9.996
334 10.508
217 0.798676
152 -0.504227
346 12.82
158 -0.039093
284 6.40112
349 12.4644
317 152.853
261 4.13272
97 -7.38625
199 0.337509
345 16.0204
345 11.4511
260 3.15598
118 -0.525429
334 12.5657
359 23.4025
307 7.66769
327 11.4325
201 0.901825
172 -27.3162
290 6.43311
264 -8.81505
298 29.7232
183 0.264999
139 -0.557755
105 -1.04661
31 -14.9683
146 -0.608093
83 -0.811394
26 -3.32259
320 10.2271
252 4.67252
144 -0.409683
260 5.35251
38 -2.01936
345 14.7238
339 12.843
216 0.715057
363 5.68271
85 -0.775291
186 0.131241
321 10.8051
34 -1.32344
268 7.20105
365 20.7669
356 12.3278
227 1.27718
7 -30.2818
144 -0.565598
316 10.2038
349 15.5936
344 14.4178
99 -1.15849
112 -6.36546
349 15.5931
352 17.1203
370 26.1124
53 -5.78823
145 -0.385544
344 14.4201
144 -0.56604
45 -76.8597
235 3.97517
344 14.4191
99 -1.15704
368 195.911
288 7.07617
68 -0.948471
236 1.45087
172 0.0457764
343 11.6707
339 10.5324
53 -77.8149
20 -2.15809
230 -0.0193024
226 1.22438
117 -0.40844
76 -0.7901
105 -0.692345
277 5.32401
81 -6.11613
286 5.10797
289 6.444
174 -18.3033
163 -0.250336
265 18.5852
281 6.71109
301 7.03745
163 -59.0655
142 -0.436981
31 -1.26978
179 0.244003
33 -1.34186
324 39.6421
187 0.12822
137 -0.183701
15 -3.60923
152 -0.0100708
181 0.269196
288 6.01266
307 10.7947
314 9.88049
3 -3.46774
7 -18.6285
265 3.57703
29 -2.13458
163 0.150589
321 10.8053
261 4.13696
119 -100.143
173 0.0704193
281 9.4361
212 0.728363
157 -0.251129
298 7.48352
39 -1.24346
324 39.5623
325 13.8068
99 -1.30997
65 -11.2318
340 12.7785
323 10.5841
292 8.76263
15 -3.57481
362 14.5463
274 8.06314
39 -192.716
51 -1.18217
324 13.7384
281 9.4361
108 -82.5253
276 4.42361
6 -18.0109
267 6.96393
132 -0.727386
312 9.61835
367 22.788
29 -3.01607
286 7.00787
324 13.739
198 0.407257
149 -0.222794
164 0.097168
289 10.9972
44 -1.22225
341 11.9312
200 0.679031
279 4.94443
235 3.9753
246 18.7286
196 0.411743
316 10.2055
361 19.3195
344 15.7894
328 9.52316
320 9.8739
221 0.988159
61 -2.2959
16 -2.54319
155 -0.0770569
251 3.66872
274 4.55313
362 5.94452
210 0.581482
285 5.38025
86 -93.7412
156 -0.105637
349 14.3858
319 9.68542
63 -7.14858
4 -4.086
175 0.393524
30 -11.5185
98 -1.15217
200 0.997162
77 -6.88535
178 0.108719
174 0.310272
367 28.946
16 -3.7605
54 -1.59817
316 8.52859
252 12.3134
282 6.82056
41 -1.28867
45 -6.64402
329 14.3565
274 8.06302
15 -3.6131
357 15.2821
40 -1.28913
317 8.82611
305 7.56863
361 19.3027
29 -12.6197
10 -1.61817
19 -20.4876
111 -0.50473
325 13.806
295 6.65643
85 -1.14217
325 11.282
328 14.0391
323 140.075
307 7.5043
233 0.213516
279 6.06906
4 -3.67814
139 -0.557877
253 4.6192
66 -1.74107
261 4.13876
38 -1.17278
200 0.360504
24 -3.2962
129 -0.854645
250 2.59418
42 -10.6548
173 0.000228882
299 9.1904
361 19.3152
4 -3.67812
321 10.838
281 9.43588
39 -3.12124
216 0.715317
216 0.714386
303 14.2217
11 -95.3525
135 -95.3098
306 15.0209
171 0.131927
173 0.0456696
86 -93.762
127 -0.679123
307 10.7944
281 9.43588
20 -3.33978
301 6.90701
137 -0.446671
365 31.9916
289 6.41736
35 -3.04465
299 7.04819
19 -3.41518
85 -113.411
66 -1.74111
288 5.57443
54 -1.5983
307 7.50433
362 5.94492
277 4.59375
175 0.138992
335 12.5704
90 -1.56884
363 28.2661
69 -6.01733
359 13.1836
1 -4.00009
204 0.410706
241 3.25435
172 0.122162
291 5.90952
36 -1.27998
267 5.59698
274 8.06311
260 3.15579
322 11.6453
39 -11.1174
346 12.8466
358 15.6439
192 10.4195
365 11.8092
54 -1.59739
353 36.8341
200 0.360703
373 24.2895
25 -3.25644
194 0.334564
128 -0.0136871
95 -1.40717
279 7.07773
333 14.388
136 -0.414062
348 14.7992
363 22.7894
274 4.55313
285 5.31058
145 -0.277756
176 0.0658417
216 0.71434
319 10.1751
185 0.265381
312 9.62039
117 -0.408394
300 26.0858
212 0.726517
352 24.4259
14 -14.5078
353 32.3913
248 19.0259
274 4.5531
184 0.189514
94 -1.68694
293 9.23679
214 0.659058
200 0.679077
367 22.787
119 -100.174
361 17.2938
150 -0.542099
310 8.19064
367 28.9715
36 -6.90095
201 0.948318
11 -95.338
42 8.38709
229 1.37544
22 -2.06904
167 0.150986
321 10.8053
169 -40.2249
216 0.715576
78 -5.34883
268 7.20093
95 -1.15569
60 -1.09768
4 -3.68989
85 -113.44
69 -1.99982
9 -151.952
369 15.287
363 14.4776
38 -11.148
267 6.37265
261 4.14011
258 4.38123
63 -7.14838
241 3.25427
340 13.124
291 5.90906
362 5.8338
328 11.7088
90 -1.56869
222 0.782394
337 132.308
338 12.2378
281 9.4346
345 18.338
49 -9.33381
206 0.543259
172 0.00506592
13 -3.75226
356 14.6997
265 5.22766
331 11.3948
365 11.814
301 9.42407
288 10.5851
361 19.3109
345 14.9493
309 8.44669
278 4.86603
90 -1.56846
312 9.61838
288 6.01056
372 13.0162
38 -1.1763
226 0.978745
33 -195.234
28 -3.22488
9 -3.88413
17 -2.65564
333 14.2707
125 -0.965271
311 12.713
223 0.804108
288 10.4752
4 -3.67848
89 -1.0504
80 -4.90712
302 7.07407
285 6.54077
315 14.3507
273 4.23804
88 -1.3421
281 9.43597
341 11.728
318 8.74506
332 10.9372
132 -0.72728
339 32.2063
312 9.61871
267 5.42566
97 -7.38519
28 -3.21535
296 6.27209
281 9.43591
219 2.96815
361 17.2965
288 5.63046
260 5.78729
267 -2.1156
155 -0.172745
15 -3.55142
132 -0.7276
66 -1.74093
274 4.55573
59 -9.35926
41 -1.28864
354 31.4864
7 -2.978
270 18.6966
305 13.1536
33 -199.595
28 -3.20325
288 6.95667
171 -0.0198059
367 22.7879
228 1.32474
91 -173.91
144 0.0490265
289 10.9973
274 4.55289
373 23.0404
207 1.1781
290 5.57559
138 -0.475159
15 -3.55019
366 16.8835
142 -0.401825
363 3.11099
226 0.987656
363 15.6811
166 0.00862122
362 33.6752
263 5.02521
307 10.7945
85 -1.14156
27 -3.21977
307 10.7939
270 6.17664
19 -3.41355
343 14.4263
170 0.31955
260 3.15579
345 14.7424
11 -3.89336
274 5.7612
363 28.2565
39 -11.1171
53 -2.55612
289 7.44269
91 -173.922
144 -0.379211
365 16.6524
348 14.3956
164 0.0971222
349 12.5418
274 8.06339
266 8.35696
291 11.4716
336 135.475
172 0.0172272
131 0.0246735
288 5.56241
15 -3.54751
185 0.215439
360 16.9033
71 -1.79838
83 -6.52058
124 -0.547211
13 -3.80947
345 13.8239
337 15.9023
293 9.23279
325 17.3148
363 28.2615
328 14.0389
279 5.37885
128 -0.0125885
265 18.6484
267 1.7851
58 -9.52815
316 10.2058
354 14.8929
288 5.57446
60 -1.09769
334 12.0872
119 -100.216
342 190.445
326 13.8705
347 11.6786
335 12.5521
288 6.77493
281 9.43597
301 7.03726
286 5.36877
281 9.4361
332 11.8346
207 1.17789
324 12.1653
315 8.55063
52 -1.26065
48 -2.71576
314 35.2208
216 9.85913
94 -1.68678
249 -6.96883
301 7.97971
173 1.52588e-05
284 5.2262
63 -2.4655
347 14.2735
325 11.1499
261 4.13913
99 -69.8843
239 15.7388
76 -8.27406
290 11.0344
321 10.8055
315 8.54373
309 30.0709
95 -1.15566
222 0.966949
216 0.670135
308 13.6089
132 -0.727478
219 0.876938
270 4.16492
356 16.9687
36 -6.90068
322 8.75455
7 -3.48531
54 -9.87252
73 -0.958939
257 4.37634
266 6.52029
277 7.35648
361 35.4752
364 199.791
82 -0.805412
267 -5.28241
322 9.1972
173 0.0993958
363 28.2676
319 14.477
268 5.69238
26 -3.32257
271 6.45657
296 6.27209
64 -61.4678
270 4.16483
367 28.9478
357 12.3235
5 -3.46106
269 5.79654
373 25.4785
37 -1.30194
290 6.43292
323 10.3896
290 6.43292
2 -2.88887
355 17.6522
285 21.9091
354 31.0787
75 -10.1501
259 5.70908
153 -100.802
276 5.82565
261 4.14032
28 -11.54
279 7.05994
101 -91.5747
16 -3.4187
337 12.8556
133 -0.568008
314 9.22247
307 12.476
153 -0.265991
83 -5.93904
128 -0.014267
356 26.4078
302 7.36633
221 1.00616
321 10.8375
100 -1.12072
328 66.7562
281 5.37463
264 23.06
313 8.15494
139 -0.556747
293 7.56354
322 17.1271
283 25.2079
333 11.8958
99 -1.15727
339 32.1516
170 0.0977936
322 9.64389
347 14.1537
32 -1.24919
151 0.0955048
39 -192.712
28 -3.22391
351 21.4543
324 9.88168
355 15.0786
261 4.13519
340 12.7762
331 11.4637
313 9.45169
345 13.8236
3 -3.57463
364 12.7054
291 7.43945
165 -58.6268
367 22.305
43 -3.02781
337 12.7176
304 13.1335
64 -61.5014
349 14.7471
312 33.2976
250 2.5424
367 28.9491
224 0.915741
114 -6.3958
367 16.2562
307 10.7943
38 -13.2607
276 6.88373
274 4.55338
345 13.8135
298 29.8822
53 -2.55605
295 10.538
2 6.80643
265 3.57712
260 4.96494
303 7.39801
255 5.28369
363 15.678
372 24.3756
29 -1.77482
260 5.78458
185 0.205826
301 7.97961
341 11.8679
156 0.165314
290 11.0345
285 6.14163
205 0.578766
91 -173.953
178 0.502777
284 8.87753
4 -3.54264
336 134.142
61 -2.29641
285 10.1992
328 11.1795
335 12.3151
238 3.74117
274 8.06311
71 -7.50647
361 27.2831
358 15.2917
205 0.579361
319 28.3217
124 -0.923317
134 -0.660751
170 0.132156
168 0.320602
268 7.20001
311 14.2437
331 11.4432
2 -1.92134
66 -1.74102
302 7.24149
366 29.9352
132 -0.727142
282 24.3523
28 -1.7905
175 -10.4996
291 9.55005
261 4.53888
86 -93.7167
116 -0.745995
323 141.312
151 -104.455
350 17.1542
300 7.1832
347 18.6603
268 7.2005
299 13.7081
61 -9.13987
176 0.0656586
338 12.3854
332 11.0668
319 9.56445
265 18.5525
265 3.50031
30 -12.4263
139 -0.660965
275 6.79587
265 6.76093
334 10.5783
19 -8.25061
152 -0.408447
147 -0.594574
187 0.335114
150 -0.292343
89 -6.44244
21 -17.3433
261 3.20319
38 -11.1202
28 -1.31444
184 0.181122
367 18.4501
31 -101.478
179 0.247787
344 14.4174
63 -2.46466
287 5.28793
145 -0.385895
6 -180.762
283 4.7778
4 -4.08553
15 -3.60611
154 -0.321198
362 23.6148
41 -2.72044
349 16.7622
259 5.70889
172 0.0045929
164 -0.0559235
365 32.0048
347 18.6605
323 12.5289
260 5.82962
71 -7.50645
125 -1.06537
97 -1.65882
55 -1.05369
287 22.3746
176 0.0660248
305 13.1618
151 -0.370667
95 -1.15572
291 6.47177
312 8.55533
154 -0.355911
169 0.0919647
4 -4.08596
165 -0.0256805
265 3.57712
361 19.3281
235 3.97395
55 -92.2208
133 -94.947
361 15.3748
302 7.07495
336 121.572
347 14.1576
194 0.302307
144 -0.508011
332 11.6231
321 10.114
4 -3.67702
370 14.6581
208 0.669281
260 3.15585
361 19.3075
333 12.523
323 10.3882
283 9.99371
345 13.8074
260 3.15591
363 15.6792
328 10.8443
336 122.808
342 190.676
227 1.01077
337 10.801
39 -193.306
100 -0.962936
278 4.75388
325 11.6495
207 15.4234
363 33.4569
96 -0.585869
89 -1.70773
306 7.92581
124 -101.917
330 14.7097
346 14.0553
270 4.16495
344 12.2663
367 28.9507
202 0.482071
324 110.743
46 -2.3672
345 13.6862
327 152.549
282 4.76562
321 10.8387
150 0.00900269
361 19.3264
289 6.42673
289 5.37289
362 33.675
366 14.1581
47 -11.0793
307 7.50485
302 11.6562
214 0.736908
304 13.1126
334 12.5657
200 0.678955
281 7.30023
265 3.57126
166 -17.2706
290 6.9812
281 9.43658
276 4.80032
41 -1.28857
347 12.2739
362 33.6755
313 14.4434
344 11.6922
346 14.2902
365 16.2035
189 0.293991
77 -6.54897
347 12.9374
211 17.0515
102 -0.916283
318 9.46378
99 -1.15657
363 15.6843
8 -188.499
78 -6.30392
172 0.0970154
155 -1.62384
359 31.2212
362 14.895
334 15.77
289 6.41681
334 15.7561
365 16.2101
79 -6.97548
319 9.76535
145 -0.292892
346 12.8471
3 -3.93375
287 5.28772
132 -0.727081
2 -1.92434
340 13.2138
75 -0.929733
292 12.0381
345 11.8606
326 8.99841
340 13.3106
88 -1.25502
330 11.5858
306 7.98993
294 12.5911
260 3.15567
349 14.8809
325 154.276
309 8.29022
169 0.0656281
260 3.15601
38 -1.17275
277 8.76413
372 24.7244
175 0.182602
146 -0.30571
27 -1.81249
139 -0.73111
341 13.3441
307 9.72244
31 -101.409
372 24.6012
4 -3.67815
52 -11.034
61 -11.2428
331 11.6883
307 10.7945
252 21.6609
220 0.921921
179 0.142639
324 10.4242
323 10.3242
301 7.20984
372 13.0162
140 0.000564575
230 0.0477753
281 9.43652
278 5.03436
196 0.300018
88 -1.7217
3 -184.495
367 16.888
82 -1.43199
347 14.1599
74 -9.09119
189 0.352036
39 -193.303
360 28.0564
181 -2.31163
281 6.38797
175 0.0656738
49 -57.1142
222 0.962479
201 0.42662
230 1.35437
333 12.1781
340 11.7646
97 -7.3851
2 -4.15239
286 5.10815
23 -3.30761
318 8.59915
164 -0.0381317
281 9.43658
256 4.24841
71 -0.995079
315 9.40503
296 6.27216
343 19.9124
200 0.361145
63 -2.46655
105 -1.04674
274 6.48746
200 0.378281
370 14.6572
125 -0.96534
212 21.0939
48 -3.00972
371 25.373
274 8.06311
335 12.8854
312 8.48663
294 6.44144
84 -1.74899
28 -3.22405
114 -73.1324
321 10.8372
361 19.318
274 6.7301
204 0.59639
151 0.0955353
81 -8.06432
29 -150.21
348 14.0593
66 -1.74086
74 -7.00771
205 0.613495
26 -3.32221
263 3.30939
372 7.45242
370 25.047
323 141.323
335 15.0453
79 -1.52947
104 -0.996414
33 -7.08885
314 9.27231
322 140.441
307 11.6262
334 10.5083
164 -0.0498352
290 11.0342
155 -0.251083
187 0.200607
350 31.3678
204 0.596359
365 16.1282
369 16.298
339 32.2084
281 9.43451
335 12.1782
176 0.0658264
293 11.6628
184 0.134933
324 10.8019
203 0.472748
59 -1.06981
334 12.4104
79 -6.93127
206 1.34573
155 -1.63962
59 -10.0742
349 14.3862
71 -8.69168
241 3.25424
33 -199.586
289 5.74954
280 22.1336
44 -6.65292
361 19.3161
279 8.57352
38 -1.17278
317 152.725
158 -0.0382385
172 0.0462036
286 5.10828
346 13.7578
4 -3.67832
300 11.6816
340 12.0775
18 -160.092
150 0.00865173
349 11.5679
322 10.4537
367 28.9784
98 -0.625107
227 1.27734
355 19.2761
305 7.69009
186 0.178116
341 16.2833
82 -4.86269
363 14.4755
175 0.0628815
372 23.8824
34 -1.27027
365 11.8202
338 16.1355
305 13.1683
15 -3.5447
346 11.7912
307 10.0785
95 -1.64479
136 -0.440308
241 3.25435
364 20.2743
45 -14.9481
322 14.5907
355 14.7652
363 5.64487
370 26.5222
346 12.8456
313 9.77551
346 14.2939
344 13.7518
60 -1.09774
353 18.151
299 13.7066
312 8.26328
284 6.82062
315 167.001
260 5.82993
19 -3.42048
303 12.7311
274 4.60019
80 -0.861404
360 16.9313
200 0.359833
270 4.16495
28 -3.20414
357 22.3303
329 10.8058
78 -8.50131
257 3.08209
294 8.9668
221 1.00604
313 8.66592
305 13.156
363 14.4743
230 1.3571
322 10.5004
19 -8.24775
99 -0.407906
298 8.79108
300 6.84937
263 4.59674
277 4.71286
62 -1.88148
302 7.07413
295 6.66507
163 -0.250031
267 4.97409
214 2.74513
323 140.065
36 -13.5407
301 11.5997
196 0.320877
14 -15.44
320 9.99078
271 5.94186
169 -43.4407
125 -1.06533
41 -1.28851
205 0.582886
367 28.9486
268 7.20108
58 -1.04654
323 10.3895
359 13.9708
247 1.93639
322 10.1541
293 6.57739
29 -1.83158
283 10.3313
346 12.848
363 28.2716
346 12.6436
18 -161.763
360 16.5536
185 0.482147
223 0.944977
334 15.7702
349 18.5275
270 4.16486
317 10.1616
334 11.4137
291 7.56116
35 -3.04458
367 16.1982
4 -3.67836
334 12.7687
344 13.7693
362 14.2337
259 5.00668
342 11.5016
150 -0.476974
305 7.85852
58 -10.039
26 -3.32281
265 18.5982
363 14.4776
357 17.4774
205 0.486496
292 7.07236
91 -173.959
47 -2.6973
369 16.4228
59 -2.39287
131 0.0257568
76 -5.50629
204 0.38147
268 4.21848
95 -1.15554
371 14.8984
331 11.5691
63 -7.14824
56 -2.42176
34 -1.27024
49 -2.87558
23 -202.405
333 14.74
193 0.255585
307 10.7938
294 10.4137
7 -190.724
8 -144.358
30 -1.34792
340 143.876
63 -7.14838
62 -7.33088
187 0.483688
343 13.66
322 10.2612
308 8.08704
256 4.03452
64 -117.406
363 28.2668
308 7.80441
149 0.161179
191 0.338501
273 4.1322
295 8.72437
1 1.09789
281 9.43481
362 34.0305
260 4.94086
206 0.355194
357 17.1618
349 13.7514
181 0.389908
297 6.88394
259 5.70593
319 162.096
268 7.20129
119 -100.118
336 12.8618
146 -0.0371552
49 -9.33383
232 1.34676
215 0.73468
77 0.0368958
361 12.5173
372 185.724
19 -3.41389
125 -0.965508
266 6.24176
299 13.707
372 0.690277
50 -2.57269
311 8.49655
289 8.07172
339 32.1667
63 -2.46687
265 6.76111
159 -0.135101
336 121.144
186 0.137192
243 17.5696
314 9.6066
323 140.188
330 10.8561
66 -1.74062
305 19.7439
361 11.6978
130 -0.205566
25 -3.28874
214 9.98792
317 11.9429
298 9.21533
267 6.62985
228 17.028
370 16.153
290 5.57541
274 8.06323
361 19.3203
301 7.98062
273 5.59134
346 12.8471
345 10.7892
195 0.235947
4 -186.925
162 -0.0400238
150 0.00860596
268 4.21805
320 9.75159
290 14.2169
151 -0.53566
262 3.30792
359 18.2446
342 13.1992
365 29.9865
151 -0.535461
287 9.19653
311 12.7099
129 -0.854584
114 -158.165
372 24.8368
221 3.6998
48 -10.2078
346 11.9377
188 0.238525
290 7.5097
300 6.85992
125 -0.965248
128 -0.0136566
231 1.45514
261 4.13376
305 13.163
161 -0.0984039
129 -0.854187
200 0.276749
308 7.89478
364 17.2312
287 7.10361
270 4.16489
336 121.478
302 7.07312
41 -2.72063
265 18.5912
328 14.0386
324 10.7206
292 8.76385
268 6.11316
307 11.5759
367 16.2512
97 -1.65844
289 10.9976
119 -5.65781
344 153.255
375 13.66
27 -11.566
235 3.97464
323 17.1938
363 20.7156
9 -3.36195
298 29.9534
331 11.431
335 17.1922
327 10.4852
145 -0.385361
281 9.43674
39 -193.29
184 0.180969
274 5.73486
30 -12.8635
53 -10.7288
144 -0.139221
306 8.06155
290 11.0291
291 5.90836
322 9.69113
362 33.6755
124 -0.548882
290 11.0342
300 12.5489
295 11.6874
307 10.7941
216 0.714142
274 8.06665
125 -0.965134
300 9.32101
38 -11.1199
347 14.1573
96 -6.66628
367 13.985
347 18.6603
338 13.1915
193 13.1115
300 7.09241
303 11.729
369 14.4016
358 14.4479
334 10.5079
235 3.97287
326 10.6406
129 -0.854446
339 11.3872
157 -0.190582
158 -0.0381165
347 12.1253
370 25.9785
20 -3.33015
145 -0.385574
19 -8.24593
304 13.1314
221 1.00604
345 13.8256
235 3.97403
66 -1.7411
307 12.5971
278 6.89612
40 -1.33264
173 0.000183105
371 25.7286
349 16.744
221 15.7674
318 8.7439
290 11.0344
321 10.8053
354 12.1412
229 2.88753
277 6.54819
336 11.459
154 -0.354614
314 9.29736
354 13.5157
315 8.55063
363 15.6791
185 0.121857
299 7.13675
328 10.7462
283 5.63583
216 0.715195
3 -3.71551
343 12.2726
361 19.3078
313 10.9014
106 -1.1916
39 -193.242
174 0.187836
358 15.4315
144 -0.378616
100 -0.928246
360 14.2768
281 8.73416
310 8.26154
21 -3.49451
280 22.8631
315 8.86664
77 -1.56376
372 13.8154
152 -0.00968933
350 13.3242
290 5.36581
42 -3.03881
319 9.81519
91 -173.914
8 -144.367
204 0.596405
24 -13.9946
158 -0.194733
206 0.542969
90 -1.56843
84 -1.75113
278 4.60117
319 9.54221
60 -7.5138
361 19.3083
326 132.799
215 0.672989
89 -6.4439
129 -0.854187
361 19.3106
129 -0.85408
286 7.80179
362 33.6145
268 7.1998
306 9.74783
48 -2.47065
117 -6.11844
322 14.6412
302 7.07574
344 15.7908
362 16.5196
330 10.8177
338 12.3899
348 13.6772
370 16.4081
361 15.6543
354 31.3228
345 10.9413
353 11.9009
347 14.1562
290 11.0344
362 13.0649
301 7.98038
361 13.5906
193 14.7764
319 154.416
329 177.773
78 -6.82772
362 34.6054
3 -3.98691
305 13.1625
346 12.8456
311 8.18344
125 -0.965309
144 -0.593597
291 6.40356
305 9.34863
231 1.40257
287 8.84464
365 31.3986
144 0.0488892
363 28.2558
347 14.1534
51 -3.00541
77 1.18717
36 -13.5206
178 0.180939
329 12.7057
333 10.781
214 1.43517
287 5.45642
281 9.43625
345 13.8117
216 14.6658
299 12.9322
204 0.630264
97 -0.933037
268 7.2009
265 6.76093
339 12.7269
150 0.00823975
371 26.4845
361 14.4125
144 0.0484161
271 6.3147
119 -0.998573
294 8.73334
358 15.1268
234 17.7976
332 10.5771
257 3.1709
4 -4.08513
286 5.42865
85 -1.14262
326 11.2756
340 12.7903
144 -0.562424
306 15.0208
265 3.57568
57 -1.21512
286 8.75201
337 10.6936
268 7.20132
306 7.96811
179 0.360825
346 13.7074
355 14.2515
280 7.04568
207 1.1779
303 9.40625
236 1.39926
351 89.9716
167 0.149628
272 4.23129
61 -2.29636
339 32.2125
77 -86.5542
358 14.2393
292 5.40048
292 10.6855
305 7.04822
348 11.9545
194 0.405502
356 17.5931
305 7.57056
296 10.3639
359 19.9799
283 7.98749
30 -1.36148
206 0.902634
270 6.42035
318 10.2054
291 8.94827
159 -0.416336
41 -1.28863
372 25.639
174 0.308716
158 -65.3276
41 -3.04685
347 14.1546
144 -0.561996
164 0.0971069
328 10.7432
318 9.67111
171 -0.0126495
31 -3.07991
340 15.3647
347 14.1565
17 -2.64666
253 5.13251
372 17.0549
293 5.59152
292 8.76462
307 10.7945
36 -11.2744
321 11.999
203 18.4797
155 -83.1883
318 10.2349
114 -157.922
202 0.789932
142 -0.599823
24 -14.0014
360 16.9253
30 -1.40065
356 17.9736
278 4.81097
77 -6.89828
355 12.5567
78 -1.82246
187 8.26561
349 13.6701
311 9.42877
363 14.4763
331 143.317
192 0.555405
307 10.7939
304 7.38339
344 16.6474
268 7.20041
77 -1.56393
315 9.78986
187 0.248032
120 -119.546
142 -0.1241
347 14.159
364 199.768
334 10.7769
105 -1.25309
37 -3.09296
151 0.0559692
273 4.21545
183 0.0370636
332 133.605
172 0.0459747
366 16.188
59 -7.3073
57 -8.73211
57 -9.47399
28 -2.39706
334 10.5067
61 -9.87503
307 11.5745
216 0.714127
304 9.68594
295 6.66513
311 12.7089
330 12.251
160 -0.245316
361 19.3282
347 14.1552
183 0.195374
335 12.0307
360 13.7723
307 10.0105
145 -0.385696
316 45.2254
357 22.3365
324 15.0823
259 0.738586
254 3.81665
295 9.6951
299 9.25061
335 12.3458
154 -0.354889
347 12.623
198 0.369354
363 5.71786
323 9.59927
347 11.871
175 0.393265
336 121.09
354 23.668
347 11.6355
296 10.2996
29 -3.08505
357 14.6085
146 -0.430756
221 0.988373
226 1.28162
196 0.408722
350 14.6023
311 138.386
339 11.5135
340 12.7322
114 -157.924
90 -1.38866
316 8.15222
