100 -6.29134
119 -6.18742
100 -6.29125
131 -5.37754
35 -7.91397
97 -1.26038
173 -3.6933
142 -5.12326
144 -3.81462
77 -6.42614
55 -12.0342
124 -6.03903
42 -7.58768
63 -10.7914
41 -7.63212
114 -3.91881
127 -5.41856
22 -8.34222
147 -2.89757
100 -6.29282
100 -6.29104
185 -3.22119
73 -19.2738
49 -13.2209
101 -5.80599
33 -7.9425
91 -5.8596
162 -4.64853
131 -5.37851
101 -5.81303
67 -6.80149
67 -6.80069
124 -6.03487
130 -3.65994
144 -3.81363
89 -5.96027
149 -2.42677
126 -4.73683
18 -17.9926
131 -5.37775
24 -8.33423
39 -13.6948
61 -10.8274
88 -4.85876
100 -6.29246
105 -5.15628
32 -8.45707
134 -3.37627
152 -2.98581
147 -4.10324
98 -5.4578
62 -6.46049
101 -5.80898
44 -13.1641
177 -3.34328
107 -7.8497
67 -6.79996
101 -5.81962
180 -2.56271
131 -3.46013
44 -13.9583
174 -3.80496
28 -13.9603
105 -5.1559
100 -6.29114
31 -8.26505
174 -3.80507
147 -3.21576
130 -3.66008
114 -3.92009
67 -6.80795
67 -6.79968
42 -7.58952
70 -14.2759
131 -5.37753
41 -7.63197
130 -4.24397
44 -13.1612
176 -2.68304
124 -6.03744
176 -2.683
131 -5.37881
13 -13.0006
9 -7.31484
26 -8.08826
44 -13.9576
147 -3.21556
86 -4.72089
186 -1.81068
151 -2.77756
172 -3.31763
46 -13.3585
185 -3.22455
109 -4.1481
1 -15.4103
124 -6.03897
131 -5.37637
100 -6.29254
42 -7.58762
50 -10.779
174 -3.84296
237 15.8935
97 -1.26083
99 -5.82656
97 -1.2672
151 -2.98653
131 -3.46028
176 -1.25195
35 -14.0907
65 -5.6022
57 -11.8576
104 -3.70148
174 -2.60378
72 -5.30206
4 -7.30949
42 -7.99577
60 -11.0357
133 -2.94775
225 8.92996
44 -13.16
41 -7.63324
107 -7.84925
127 -5.41835
67 -6.80022
101 -5.82619
168 -3.21892
151 -2.98653
108 -6.10193
4 -7.30909
41 -7.63132
172 -3.95769
119 -6.18603
129 -4.11249
175 -2.21928
44 -13.9586
119 -6.18737
156 -3.05833
41 -7.63231
81 -5.65536
101 -4.33607
113 -5.69981
20 -8.37792
174 -3.80499
144 -3.81386
126 -5.4987
141 -2.96559
164 -0.642593
106 -4.13208
113 -3.65048
104 -3.70102
64 -12.8653
131 -3.46013
78 -6.25879
115 -5.66976
107 -4.05446
174 -3.80502
26 -14.0076
41 -7.63186
82 -4.78159
66 -7.57896
11 -36.6744
153 -2.14601
16 -8.68337
107 -4.05466
70 -5.01687
48 -13.0648
246 9.73747
71 -14.2912
81 -6.24093
109 -4.14796
172 -3.81355
147 -4.09625
67 -6.80037
118 -5.58768
131 -5.37766
232 8.60246
68 -5.33035
101 -5.81287
20 -8.37794
151 -2.77768
175 -3.32391
61 -6.75786
145 -3.23236
174 -3.80504
11 -36.7298
44 -13.9577
18 -17.9976
145 -3.26503
93 -5.6291
93 -5.63075
124 -6.03866
114 -3.92013
185 -2.32355
14 -14.4476
66 -5.69593
209 -0.285294
131 -3.45641
151 -2.63336
187 -2.31677
172 -3.95728
109 -4.14809
113 -3.64756
49 -8.25351
21 -8.19197
7 -7.43133
174 -3.80498
152 -2.98575
130 -4.25636
126 -5.49828
178 -3.36897
175 -2.21942
116 -3.87392
151 -2.63272
145 -3.22829
219 7.59898
92 -5.48682
107 -7.85529
175 -2.23412
156 -2.56316
44 -13.1601
86 -4.72147
14 -14.4524
131 -3.46036
47 -8.46494
151 -2.77744
44 -13.8232
131 -5.37752
144 -3.81409
24 -9.50732
67 -6.80067
195 -0.698639
145 -3.2274
109 -4.14807
39 -13.7214
195 -0.698639
156 -3.05893
28 -13.9463
126 -3.55212
156 -3.05826
153 -2.24426
203 0.599182
171 -3.88434
29 -13.8067
111 -4.91953
117 -7.04537
10 -22.72
67 -6.80108
11 -36.7383
156 -3.0634
130 -3.66119
127 -5.41829
98 -5.46476
155 -2.06767
117 -7.04525
188 -2.29216
67 -6.80133
10 -22.6812
131 -5.37753
72 -4.94566
131 -3.4566
50 -6.6833
9 -55.0334
151 -2.98636
119 -6.18725
180 -2.56233
110 -4.9217
181 -2.62369
203 0.587021
11 -14.5368
44 -13.9586
82 -4.78154
44 -11.0477
24 -9.51625
92 -5.48405
42 -7.58767
44 -13.1635
162 -4.6474
177 -3.95139
149 -2.42686
101 -5.8103
178 -3.09212
176 -1.25143
151 -2.63254
109 -4.14791
247 9.73132
71 -6.5355
25 -14.2205
106 -5.09802
78 -6.36662
174 -3.84277
187 -2.16518
183 -2.64001
185 2.69162
24 -8.15034
116 -4.90317
24 -9.52008
15 -64.1651
170 -2.83116
93 -4.15847
147 -3.2157
27 -14.3225
37 -13.6125
206 -3.84595
158 -1.99641
133 -2.94745
178 -3.09436
72 -19.0515
240 9.7803
141 -2.96498
11 -36.6526
41 -7.65417
141 -2.71977
134 -4.16652
179 -3.07991
67 -6.81366
79 -5.89429
105 -5.09716
144 -3.81445
51 -12.0038
209 -0.285477
155 -2.07408
127 -5.41884
105 -5.15816
178 -3.0945
52 -7.53
18 -17.9963
11 -36.749
44 -13.1637
78 -6.40066
176 -2.68323
132 -3.43707
42 -7.58759
18 -17.9921
149 -2.42679
102 -5.25543
10 -22.7496
178 -3.09126
145 -3.23311
101 -5.81074
141 -2.68843
66 -6.87074
151 -1.74254
110 -4.92467
11 -14.5292
11 -14.4496
93 -5.62901
25 -14.2182
114 -3.92001
211 0.111206
105 -5.22072
101 -5.82395
195 -0.698608
87 -3.48187
56 -7.27157
61 -10.6381
252 10.8712
151 -1.74347
238 4.63232
105 -5.15807
175 -2.23351
17 -8.31435
86 -3.44296
74 -7.23088
38 -7.88575
41 -7.63186
50 -13.1561
131 -5.37752
105 -5.15579
173 -3.69312
26 -14.2864
158 -1.99379
27 -8.02609
101 -5.81037
50 -6.68309
73 -7.35052
71 -6.52684
71 -5.45222
66 -7.57884
178 -3.09276
134 -3.46295
155 -2.64243
45 -13.2514
184 -2.31963
70 -14.2762
181 -2.62332
82 -4.78162
145 -3.23213
67 -6.80647
180 -2.56383
19 -14.3645
175 -3.3694
182 -3.71919
145 -3.23283
28 -8.85837
254 2.15031
174 -3.34627
244 5.1393
42 -7.58754
63 -5.37754
44 -13.9585
188 -2.56589
210 10.834
124 -6.03909
144 -3.81454
185 2.69211
44 -13.9586
61 -10.6378
15 -64.5305
100 -4.5764
24 -13.0991
91 -4.33806
158 -1.99745
105 -4.1518
66 -5.44741
67 -6.80651
156 -3.06421
166 -2.85886
105 -4.14834
174 -3.84273
5 -39.4079
75 -7.23186
105 -5.15605
85 -4.73013
100 -4.57619
53 -12.1076
92 -5.49092
171 -1.10222
24 -14.3427
71 -14.2895
47 -8.46265
117 -7.04551
124 -6.0388
102 -4.33897
67 -6.80691
22 -14.6374
124 -3.46165
61 -6.75768
141 -2.686
39 -13.8433
0 -45.3972
176 -2.68317
71 -6.53468
142 -5.19684
117 -7.04478
36 -11.171
74 -4.98809
11 -13.2958
188 0.769669
62 -13.1322
267 7.63553
172 -3.81366
31 -8.26548
49 -8.41634
53 -11.887
174 -3.80507
174 -3.80501
39 -12.9034
92 -5.48809
105 -5.15588
14 -14.4535
236 2.39886
141 -2.67645
92 -5.48788
158 -2.05025
128 -3.52912
93 -5.62849
183 -2.63985
176 -1.25172
162 -2.16751
66 -14.3499
172 -2.92857
42 -7.58778
148 -2.88051
188 -0.681534
141 -2.96527
145 -3.23297
85 -4.68003
40 -8.71853
61 -6.75835
186 -1.81026
124 -6.03622
4 -7.30886
104 -3.70134
27 -8.89891
9 -18.8428
71 -6.52522
42 -7.58747
158 -1.9978
24 -9.49913
189 -2.1978
185 -1.80765
227 8.66228
44 -13.1637
132 -4.60663
184 -2.84404
33 -9.06028
56 -7.5256
113 -3.65012
211 0.111176
174 -3.80507
213 0.0543976
43 -13.4157
110 -4.91801
92 -5.48344
70 -7.49525
125 -4.69318
79 -5.17693
44 -13.1635
246 9.73689
164 -0.641602
41 -7.63122
180 -2.35284
32 -9.15039
185 -3.07393
27 -8.94968
71 -14.2874
114 -3.9185
100 -6.29106
175 -2.2318
107 -7.85491
110 -5.00571
169 -4.21771
246 9.73666
107 -7.84762
24 -14.5283
162 -1.86723
244 5.13863
151 -1.74353
17 -9.9205
100 -4.57611
236 2.39996
171 -1.10222
71 -6.52682
111 -4.92102
11 -12.9498
130 -4.32417
187 -2.39436
61 -10.6376
4 -7.30897
126 -5.49769
203 0.602005
113 -4.95303
65 -6.85853
151 -2.77744
27 -8.47524
44 -13.1635
180 -2.56369
109 -4.14768
107 -4.05359
42 -11.5133
185 2.69107
131 -3.4756
45 -10.1432
27 -8.93073
35 -13.291
82 -4.78145
28 -8.85862
114 -4.92007
157 -2.94966
209 -1.62431
185 -3.22136
40 -13.6395
44 -13.1601
47 -8.463
11 -14.4609
188 -2.27182
2 -38.7504
15 -64.8787
114 -5.83935
208 -1.53387
171 -1.10223
35 -14.0892
12 -21.0667
155 -2.07411
58 -7.23802
176 -1.2513
117 -7.04517
219 -0.783859
105 -4.14819
39 -8.12581
114 -3.91872
52 -7.52998
182 -2.93529
212 6.31587
166 -3.09294
111 -4.91946
147 -4.09737
180 -3.03339
163 -1.84906
11 -36.7187
104 -3.83009
49 -13.0121
129 -3.36896
38 -8.75946
185 2.71078
27 -8.96608
28 -8.85845
105 -5.15839
218 4.5771
101 -4.34985
57 -7.12644
111 -2.39106
93 -5.62881
22 -14.3554
203 2.6438
61 -6.75689
164 -0.643143
114 -5.31236
173 -3.37679
219 7.5623
102 -4.33867
66 -6.87095
66 -7.57903
9 -55.0539
179 -3.08
152 -2.98582
180 -2.43178
109 -5.74724
185 2.69072
232 8.61977
52 -7.52922
87 -2.09119
173 -3.37679
3 -7.3126
79 -12.7367
235 9.27248
19 -8.25289
31 -12.6166
184 -2.27071
68 -7.49012
177 12.3031
183 -2.36913
181 -2.43179
203 0.601562
102 -4.33862
105 -4.14838
114 -4.04502
47 -8.46214
39 -7.67346
29 -8.42811
74 -7.26733
145 -3.23413
181 -3.02556
173 -3.3768
151 -2.77757
236 2.3999
38 -13.6183
10 -23.1913
136 -4.23396
251 5.66664
180 -3.03342
338 39.0593
107 -5.07972
155 -2.07288
42 -7.83449
69 -5.06628
207 3.01996
168 -2.77702
165 -2.79907
27 -8.9072
10 -23.1872
180 -2.56203
144 -3.81415
66 -14.3876
169 -2.901
174 -3.27568
66 -6.81521
164 -0.643005
14 -14.4481
46 -7.50555
141 -2.68803
110 -3.35339
24 -9.4523
335 30.7694
40 -7.85084
185 2.71054
40 -12.2201
105 -5.67381
54 -7.79942
69 -5.06602
111 -5.09898
172 -2.48471
181 -3.02417
47 -8.46479
172 -3.81378
16 -9.99704
67 -6.80683
209 0.138901
188 0.776962
69 -5.06636
131 -3.4592
102 -4.35236
97 -1.25731
191 -3.3976
176 -1.2513
79 -12.7131
145 -3.24046
179 -3.02859
131 -3.45691
104 -3.70271
14 -14.4475
124 -3.75114
219 -0.783768
151 -2.77762
252 10.8607
60 -11.0346
82 -4.78149
207 3.97038
59 -7.23972
53 -7.28012
209 -1.62421
209 -0.285263
225 6.31546
131 -3.45618
176 -2.41397
202 -2.06285
61 -11.11
110 -4.91801
184 -3.52124
162 -1.84413
83 -5.1636
153 -2.68193
164 -0.642105
71 -14.287
50 -6.68401
42 -13.9588
180 -2.98956
67 -7.30026
86 -4.7218
191 -2.9446
176 -2.69014
27 -8.48954
105 -4.14838
183 -3.00311
11 -36.7176
213 0.0544128
107 -7.85648
92 -5.48363
203 0.587936
39 -13.7625
39 -13.5701
148 -2.38281
267 7.63577
182 -2.9353
67 -6.80066
176 -2.68382
24 -9.45189
158 -3.12543
90 -3.48216
151 -2.63275
102 -4.35227
175 -2.2321
335 30.7678
219 -0.783813
78 -6.36665
267 7.63583
103 -5.27297
185 2.69035
47 -8.46357
146 -2.83316
101 -5.813
28 -8.8586
178 -3.15282
213 0.0544739
180 -2.38902
122 -21.8092
100 -4.57632
28 -8.46624
151 -2.63261
14 -14.4388
176 -2.41383
23 -14.3774
219 -0.78389
203 0.587662
180 -3.03343
203 0.921753
149 -2.42693
11 -14.529
52 -7.52979
96 -5.70058
107 -4.05438
178 -3.08578
192 -2.7084
111 -5.38301
142 -3.25359
188 -2.56525
66 -5.28639
169 -4.22855
38 -7.85173
69 -6.74375
209 -1.27092
164 -3.73872
69 -6.18461
27 -8.48797
219 -0.783386
131 -3.45662
57 -7.1853
175 -2.23334
185 2.70123
27 -8.91769
131 -3.45659
1 -38.2814
88 -3.52121
194 -2.56801
97 -1.26027
4 -7.30896
145 -3.22804
118 -4.30563
183 -2.7816
92 -5.4838
183 -2.64011
9 -100.309
131 -3.47858
152 -2.23079
101 -4.67434
31 -8.26516
152 -2.98589
151 -2.98633
66 -7.57901
141 -2.96523
173 -3.07538
11 -36.6657
187 -0.903503
9 -55.0179
92 -5.48428
156 -3.94298
4 -7.3093
207 2.64357
110 -4.91793
156 -3.94312
198 -2.21605
92 -5.48388
230 0.755432
185 2.69072
189 -2.88913
11 -36.7166
6 -7.42685
117 -4.53967
164 -0.64151
92 -5.48355
181 -2.62079
147 -4.1021
191 -2.23273
11 -14.5377
12 -14.3389
188 -2.56511
164 -0.641876
223 8.45738
180 -2.56215
177 -2.48506
66 -7.57893
47 -8.46299
339 39.4731
118 -3.76435
144 -3.81354
192 0.987717
181 -2.621
92 -5.48367
102 -4.35233
203 0.607162
197 -2.2028
57 -7.13673
62 -7.3545
67 -5.46977
9 -55.0451
157 -2.69444
56 -7.27343
87 -6.05858
11 -36.7238
109 -4.14822
195 -2.40137
111 -2.39135
191 -3.399
131 -3.4604
107 -4.05441
194 -2.46846
231 0.542236
110 -4.91749
82 -4.78165
61 -7.07308
184 -2.62206
71 -14.2891
177 -2.42557
27 -8.48749
26 -14.1572
101 -4.34771
176 -2.5195
147 -3.21576
184 -2.99255
155 -2.07455
210 1.07578
183 -2.90338
151 -2.7774
203 0.593353
156 -3.94304
186 -1.8096
52 -7.5294
227 0.621368
192 -2.16216
175 -2.23347
56 -12.0941
134 -4.21591
136 -4.23373
105 -4.14874
174 -3.31508
369 7.24396
147 -4.09729
134 -3.4516
27 -76.1068
69 -5.06615
130 -3.66003
32 -8.33731
86 -4.72384
144 -3.81343
44 -13.1632
147 -4.09686
144 -5.0033
164 -0.642715
84 -5.85278
151 -2.63298
152 -2.98579
149 -2.42671
203 0.593246
27 -76.1429
102 -4.33868
52 -7.52914
174 -3.87712
93 -5.63082
78 -6.02516
182 -2.32471
0 -91.4741
149 -2.42683
174 -2.60437
145 -3.22832
15 -64.5372
93 -5.62912
158 -1.995
77 -5.25036
190 12.8431
78 -5.56447
164 -0.641891
127 -5.41832
175 -2.23233
130 -4.22766
102 -4.35229
14 -14.4481
176 -1.25047
71 -6.5371
150 -2.56897
209 -1.62442
180 -3.05666
181 -3.31247
192 0.987488
148 -2.83923
110 -4.91824
152 -2.98576
89 -6.22773
118 -16.9055
174 -3.27585
219 7.62543
105 -5.15831
123 -3.67372
270 8.379
97 -4.4867
281 11.092
15 -18.2939
52 -14.5647
71 -6.53647
240 -5.36717
193 -2.28593
185 2.6911
111 -2.39136
126 -3.43114
168 -3.18631
102 -4.35225
239 2.22237
164 -0.642105
174 -3.2748
233 11.3251
335 30.7637
144 -3.81496
254 2.14996
212 6.3159
17 -8.8511
151 -1.74463
212 6.3125
213 0.828125
15 -64.4566
130 -4.25481
29 -8.06747
151 -2.62854
179 -3.03564
254 17.2848
340 35.2802
121 -21.2724
105 -5.15784
325 29.1156
57 -7.11497
172 -3.3163
209 -1.17139
10 -6.36044
241 3.75456
107 -7.84856
83 -6.07942
10 -23.1842
203 -1.6376
178 -3.36902
7 -29.1297
183 -2.7254
213 0.0543213
176 -2.69003
43 -13.4639
171 -3.33627
66 -6.87073
111 -2.3912
28 -13.9864
171 -1.10236
152 -2.98581
141 -2.96544
104 -3.70319
52 -7.52991
107 -4.05441
66 -7.57885
209 -1.62418
105 -5.15777
178 -2.59059
27 -8.34559
151 -2.98647
256 4.69034
111 -4.91953
169 -2.57991
201 1.96901
125 -4.61428
28 -13.9872
335 30.7597
50 -14.7059
209 -1.62422
105 -5.15614
70 -5.50986
11 -36.6704
151 -3.08203
11 -14.4539
104 -4.00915
102 -4.35226
151 -2.62793
227 9.49092
178 -2.44608
180 -3.03329
174 -3.27577
57 -7.13507
151 -2.62758
173 -3.37669
70 -5.37077
109 -4.1479
31 -8.4035
223 -0.0935364
175 11.4891
69 -5.06589
152 -2.98575
240 9.77254
182 -3.7191
261 -0.331635
87 -2.0902
175 13.7979
213 0.0549774
10 -23.1935
89 -5.03635
330 36.731
151 -2.63278
105 -4.14821
81 -5.41729
170 -3.60674
92 -5.4836
55 -7.25004
0 -91.4042
148 -3.57413
241 9.76517
86 -4.72196
244 5.13918
92 -5.4878
141 -2.96454
63 -12.2237
120 -3.6978
11 -36.6713
103 -5.1465
12 -14.4891
270 3.60574
113 -3.71612
209 -1.27301
133 -2.94769
44 -13.1637
71 -14.2873
101 -5.81294
28 -13.9602
62 -7.62683
213 0.0543823
223 -0.0977325
85 -5.11678
192 -0.310562
28 -13.9885
15 -64.5107
27 -8.48887
72 -10.6689
235 1.37051
82 -6.01912
209 -1.62442
54 -7.2954
141 -2.96608
18 -17.9985
4 -7.30911
230 0.755112
271 2.90326
202 1.9834
52 -7.53018
149 -2.42673
152 -2.82632
128 -4.38384
27 -8.48861
158 -3.0493
4 -7.30879
149 -1.26497
210 1.0757
107 -7.85632
191 -3.88727
140 -2.64265
69 -5.06619
10 -23.165
192 0.988007
207 0.434921
144 -3.81328
154 -3.4174
183 -2.62036
92 -5.48534
181 -2.62148
164 -0.642929
40 -7.68459
2 -13.849
87 -11.0172
13 -60.3296
94 -5.58101
102 -4.45693
169 -4.21881
11 -36.6777
27 -8.54176
180 -3.01953
122 -4.71852
111 -2.39128
70 -5.65529
87 -5.19043
244 2.45213
101 -4.44906
42 -7.58765
100 -4.00213
12 -23.7907
59 -8.22422
176 -1.25124
101 -4.33699
27 -8.48762
11 -36.711
100 -6.29253
92 -5.48029
210 1.07585
113 -4.74898
149 -1.2652
207 4.81741
47 -8.46315
270 8.37891
101 -5.81077
299 18.482
201 -2.15312
108 -3.81374
270 8.37939
10 -23.1885
214 0.850311
212 6.3156
178 -3.09163
195 -2.38715
140 -4.28273
189 -3.07033
65 -6.86544
209 0.138565
57 -7.11395
96 -6.09962
47 -8.14045
152 -2.98584
176 -1.25195
195 -2.74847
248 3.01591
164 -0.642761
11 -38.2699
238 4.63461
86 -4.7235
223 -0.107758
369 12.4806
174 -2.46555
250 3.40178
144 -3.81349
219 7.60777
27 -8.59142
174 -3.27588
100 -6.29266
27 -8.48864
335 30.7681
172 -3.3172
8 -28.5187
108 -7.31544
63 -10.7927
4 -38.1891
47 -7.66069
267 10.3459
64 -13.3817
12 -14.4953
303 20.183
115 -3.76924
212 -1.01913
41 -8.64412
71 -5.35402
83 -5.86176
241 1.92072
213 0.0543213
22 -8.58757
240 1.828
57 -7.11385
209 -1.62408
193 -2.16046
236 2.22781
287 16.3539
27 -8.49074
273 7.73453
50 -7.91489
35 -38.0279
137 -3.008
164 -0.6427
263 -0.514832
164 -0.64238
227 9.49193
296 15.4344
205 4.36787
94 -6.33687
153 -3.25247
41 -86.9644
227 9.49161
136 -4.23384
88 -5.74608
69 -5.06614
146 -2.66426
190 12.0926
212 6.31587
182 -2.34987
132 -3.69849
80 -6.06546
266 -1.0202
201 0.984985
18 -17.9988
48 -8.01801
231 0.537613
171 -3.5946
188 0.77063
171 -3.86148
110 -4.91837
243 5.56108
72 -5.67448
71 -6.52679
155 -3.26027
210 1.07571
171 -3.88411
176 -2.41431
267 13.865
105 -4.1519
39 -13.4552
47 -8.46354
244 3.98831
27 -8.47552
173 -3.37685
57 -7.11388
172 -4.38487
39 -8.42625
45 -7.77538
103 -7.67732
126 -5.49754
219 7.62407
237 3.30969
16 -8.71459
194 -2.3862
42 -8.07878
299 18.2906
172 -3.50764
27 -8.34238
75 -5.35294
175 -2.23352
71 -14.2912
203 0.596207
183 -2.64684
172 -2.96359
157 -1.65128
69 -5.06483
151 -3.05798
223 -0.097641
181 -2.62335
113 -4.18788
91 -4.33616
303 20.1829
209 -1.62428
209 -1.62447
93 -5.63091
219 7.60677
134 -4.2207
270 8.37927
244 1.80348
97 -1.26083
152 -2.23079
73 -14.6615
206 -1.56241
213 0.0547791
208 -1.52391
213 0.0548248
98 -3.5285
251 5.20073
86 -4.7234
181 -2.62106
100 -6.29135
369 18.5313
288 16.1912
185 -2.76015
82 -5.92386
257 7.48669
373 70.8865
183 -2.74138
182 21.5122
371 46.2722
107 -7.85487
102 -3.93742
36 -8.2212
111 -7.18658
302 19.3901
213 0.0543365
118 -4.58581
119 -6.18691
113 -4.69305
199 -0.912964
28 -8.85782
117 -7.04539
227 9.48882
209 -1.27238
237 1.48311
199 -0.792252
313 25.6133
172 -3.55643
174 -2.08794
11 -36.6737
148 -2.87657
151 -2.98654
52 -7.52921
188 -2.82768
213 0.0542755
47 -8.46383
164 -2.60381
2 -5.86742
178 0.981567
231 0.538147
206 -3.82906
113 -4.6807
114 -10.4692
149 -1.26457
17 -30.2048
82 -11.0764
0 -45.385
172 -2.12547
239 2.22394
192 0.98764
113 -4.69202
5 -53.6273
29 -9.35746
163 -3.78412
251 5.2005
182 -2.93515
223 -0.097641
98 -5.87078
78 -6.24937
27 -8.47523
215 2.54073
113 -4.69105
141 -3.51688
74 -7.2832
57 -8.11678
10 -38.2984
85 -5.08815
57 -7.11404
61 -6.75803
159 -2.3974
44 -13.9582
241 9.76857
294 13.8431
18 -17.9912
0 -90.4899
211 0.11116
119 -6.187
55 -7.84261
341 38.0931
134 -3.46457
89 -5.10757
223 -0.106323
23 -38.7498
318 36.7303
74 10.2987
252 10.8625
163 -2.73692
11 -36.6708
87 -6.4827
18 -63.2699
107 3.81139
18 -17.995
178 0.0900269
93 -5.63081
78 -6.86937
72 -5.29147
113 -4.68424
61 -6.7565
117 -4.71857
113 -4.69482
177 -2.38782
169 -4.21838
172 -2.68146
88 -6.25873
84 -21.8289
239 2.22418
209 0.139114
246 9.73911
13 -38.6647
152 -2.2308
188 -2.97527
109 -4.14792
185 2.71082
126 -5.4978
4 -7.30951
170 -3.85632
131 -4.12791
239 2.22234
178 -3.08693
113 -4.69288
267 7.63586
57 -7.11384
238 4.63443
209 4.4211
149 -2.42679
263 8.97797
26 -75.1536
166 -2.59222
213 0.0546417
184 -2.77754
181 -3.51431
77 -5.37781
198 -1.97079
128 -4.50161
173 -3.37677
86 -5.04855
233 1.08052
188 0.777878
44 -13.1636
149 -1.26453
71 -6.53537
209 0.138748
241 9.76866
143 -3.20151
151 -2.98645
55 -7.9284
190 -2.27602
39 -8.09439
111 -4.63961
170 -2.55473
181 -2.62285
41 -91.1586
92 -8.44115
243 1.7049
207 -1.02911
209 0.138657
254 2.15094
47 -8.46316
80 -5.05164
153 -3.57233
186 -2.33064
24 -9.94986
184 -3.52122
232 1.14542
73 -7.26433
179 -3.08658
181 -2.62196
231 -3.19699
310 23.2849
88 -4.85827
174 -2.73283
209 -1.62419
154 -3.41391
27 -8.34185
3 -53.9242
180 19.6197
76 -5.42822
129 -8.32773
92 -8.49557
212 -1.01816
238 1.76134
175 9.31154
90 -5.26894
208 -1.5336
147 -4.09756
25 -14.0344
177 17.2249
227 0.620911
149 -1.26468
185 2.69048
78 -6.2487
93 -4.15871
149 -3.01752
99 -5.22124
140 -4.45389
172 -3.81361
87 -5.71695
11 -22.0541
13 -58.4709
47 -13.1073
185 2.71077
102 -4.66708
110 -6.97693
187 -2.5583
174 -3.05057
75 -6.96836
27 -8.49763
113 -4.69513
123 -4.74517
315 35.4462
15 -64.5332
61 -6.75767
104 -4.30095
130 -3.65791
136 -4.23381
91 -8.4232
204 -1.95651
104 -4.18102
99 -5.69621
372 37.0287
71 -5.3072
146 -2.87743
194 0.345047
135 -5.11897
178 -3.09271
87 -3.48125
15 -64.9186
55 -11.9639
219 7.61688
9 -19.2885
34 -8.09863
231 0.538849
88 -4.85949
221 6.62578
98 -5.86993
93 -5.63074
217 2.43703
207 0.434799
212 6.31245
122 -4.71988
127 -5.41759
176 -1.25125
122 -4.71852
180 -3.88995
97 -5.16901
89 -6.22727
132 -5.23779
155 -3.94426
61 -6.7578
88 -4.85975
66 -5.31482
180 -2.56314
174 -3.19775
3 -54.9542
149 -1.26445
230 0.754456
308 23.0712
191 -3.40117
46 -98.3814
100 -4.57638
77 -14.7232
181 -2.62355
189 -2.82491
209 -1.6243
186 -4.46786
239 2.2227
259 5.09769
136 -4.23386
175 13.7929
185 -4.26421
142 -4.54604
57 -8.11132
147 -3.21544
181 -2.62309
200 -1.56244
17 -8.75721
239 2.22406
33 -8.21745
316 34.2153
178 -4.43253
210 -0.789902
188 0.771088
183 -2.71269
75 -5.57578
235 -0.154648
66 -7.42034
179 -3.02942
315 33.9485
92 -8.49001
258 -4.23311
164 -2.41833
177 -3.95142
169 -3.29709
84 -5.14772
52 -7.47517
88 -5.1183
103 -5.14485
33 -13.7247
133 -3.86337
81 -8.34749
176 -2.41431
18 -18.0031
113 -4.68172
207 0.434601
149 -1.26459
96 -4.60037
14 -105.528
203 0.587128
21 -121.651
210 0.109909
24 -9.50602
190 1.99826
221 0.355286
51 -7.50621
340 32.1436
314 24.6383
210 0.723465
87 -3.44366
178 -2.63345
147 -2.72285
65 -6.85819
229 0.734802
299 18.603
105 -4.14841
16 -8.68337
105 -5.15775
88 -5.2168
82 -4.78162
149 -2.42686
181 -2.62419
136 -4.23399
210 0.0655212
27 -8.49243
173 -3.37675
28 -8.85784
44 -13.9585
213 -1.11296
66 -7.57893
113 -4.65489
270 21.1556
181 -4.42239
109 -4.14803
334 38.5526
134 -4.22089
182 -3.71904
191 -2.37843
78 -6.36668
172 -2.53868
92 -8.46592
114 -3.9201
20 -18.053
109 -10.9955
181 -2.62421
117 -3.68678
141 -2.96558
51 -0.644669
238 4.63283
210 -1.39449
170 -2.1609
116 -5.43127
47 -8.74564
42 -10.6159
37 -8.23459
164 -2.16708
74 -5.59445
9 -23.7005
230 0.755081
147 -4.09698
186 -2.80478
141 -2.68739
183 -2.62018
96 -5.29752
284 15.7574
113 -4.74665
44 -7.81642
252 10.864
227 9.4906
22 -8.55338
115 -4.92146
265 6.26947
172 -3.31635
102 -7.13374
134 -4.21996
123 -4.60749
172 -2.12483
163 -2.23457
21 -38.2844
209 0.138962
117 -3.68665
240 9.77948
134 -3.32309
174 -3.8427
165 -3.54695
267 7.63574
111 -3.6063
215 2.19533
87 -5.31437
178 -3.09428
279 14.0399
144 -3.36256
335 30.7678
27 -75.5126
11 -36.7233
88 -6.24506
89 -4.85333
199 2.62067
186 -1.81015
127 -5.4185
40 -8.02793
172 -4.38457
239 2.22418
238 4.6342
181 -3.02417
121 -19.1336
212 0.275909
151 -3.37831
181 -3.07867
20 -8.37792
140 -4.23579
180 -2.56372
161 -0.453293
102 -4.65953
144 -3.81398
71 -6.50174
172 -3.03723
24 -9.45223
105 -5.5183
77 -5.32042
71 -6.52845
196 -2.40752
28 -8.85879
332 39.0206
122 -4.57632
239 2.22247
39 -8.13548
92 -5.48381
52 -7.52995
146 -2.62956
11 -60.5322
89 -4.85323
164 -2.42229
169 -4.21936
46 -8.09166
113 -3.65004
169 -3.49638
72 -18.6345
312 19.1826
123 -4.7504
144 -2.41011
212 -1.01964
116 -3.69413
20 -8.66738
117 -3.68635
267 2.37405
116 -3.69343
337 -3.754
162 -4.64761
227 9.49168
333 38.6637
122 -4.72101
89 -4.8538
135 -9.71999
117 -4.65571
98 -4.8578
151 -2.63283
272 11.0176
267 7.63559
209 -1.27307
270 6.55212
203 0.610199
73 -12.1869
211 6.66098
189 -2.70186
71 -6.52657
102 -4.66034
214 5.73563
173 -1.71071
229 15.1715
84 -5.29005
22 -45.169
143 -3.72964
194 -2.51024
223 -0.107666
171 -1.8174
78 -5.23056
239 2.224
223 -3.40788
91 -8.45191
165 -2.53867
239 3.49307
183 -2.57822
127 -5.41811
120 -2.20322
117 -3.68678
190 -2.58603
163 -2.98463
177 6.41208
27 -8.49167
25 -70.4788
278 13.9945
149 -2.42671
230 15.4784
215 6.44957
90 -5.27021
287 12.7425
156 -3.94304
239 2.22313
79 -5.56603
299 18.1835
144 -3.81352
87 -6.4838
82 -5.41911
14 -112.437
338 39.3917
225 0.502304
143 -3.7478
184 22.5057
247 5.21625
102 -4.83017
175 -3.53882
230 -3.1911
103 6.88572
293 18.8434
24 -9.50767
136 -4.23393
207 0.434875
231 0.541107
141 -3.27228
340 39.2495
192 -0.713852
247 4.34726
267 7.63559
23 -9.84634
102 -5.16257
83 -5.04006
219 -0.783813
72 -10.6695
180 -2.56381
186 -1.81042
28 -8.8585
69 -5.32782
130 -4.18301
369 -5.517
197 -2.23987
306 -13.3103
253 6.54932
117 -3.68627
119 -4.66245
72 -10.6688
113 -4.68119
173 -3.69342
239 2.22266
244 5.13927
98 -5.45782
87 -6.48389
35 -81.6524
102 -4.66804
52 -7.52924
60 -6.91616
210 0.755814
180 -2.64995
209 -0.8349
230 0.755081
5 -51.0386
180 -4.16431
103 -5.74449
209 -1.6243
164 -2.41829
141 -3.62166
238 1.5874
159 -2.36264
171 -2.35013
47 -8.75289
206 0.0281219
89 -4.8521
254 6.20618
106 -5.1694
273 11.7113
71 -5.29331
7 -55.2285
189 -2.66658
277 12.7605
181 -2.62383
71 -6.53938
162 -4.64787
151 -1.74255
158 -1.99776
155 -1.6714
227 9.48943
132 -4.57336
28 -8.85827
149 -2.8979
116 -3.6952
172 -2.57228
233 1.45473
94 -32.0414
236 2.39998
265 7.44748
40 -8.11292
119 -4.23753
105 -4.14846
19 -13.5229
234 -3.2478
54 -7.84832
130 -3.66013
225 9.66861
170 -2.77264
76 -5.88659
20 -12.9795
235 2.80653
175 13.7912
233 1.45634
158 -1.9968
171 -2.82822
244 47.083
36 -18.344
98 -5.45763
27 -8.47574
220 -0.366547
74 -5.6404
231 8.3873
116 -5.09474
239 -1.42545
173 -3.37679
173 -2.47992
252 5.19917
103 -5.0603
251 5.20369
45 -8.14051
117 -7.04503
11 -38.2414
230 -3.21233
169 -2.1192
303 20.1832
94 -5.04144
134 -2.68994
88 -4.85983
107 -4.05345
214 -0.723755
97 -5.18415
84 -5.4074
174 -3.87723
123 -4.79668
251 10.2292
158 -2.79836
215 1.04214
97 -5.10861
179 -3.08595
174 -3.27621
335 30.7628
182 -3.71906
143 -3.01021
151 -1.74272
154 -3.41399
117 -7.04509
123 -4.79626
131 -3.45688
164 -3.33826
158 -2.90536
208 -1.52426
73 -6.72987
105 -5.01674
174 -3.87704
251 6.15039
45 -8.11686
134 -4.22151
15 -111.594
33 -8.4242
71 -7.83243
209 -0.760132
71 -6.49385
237 2.1472
39 -10.498
129 -4.22838
170 -2.15077
225 6.3172
89 -4.85284
147 -4.10213
97 -1.26812
207 -1.63998
79 -5.43416
167 -2.43358
186 -2.86725
97 -5.10754
174 -3.87723
203 0.606262
192 -2.57393
193 -1.94392
138 -3.86295
66 -7.23333
23 -9.90624
168 -2.40852
100 -3.61539
120 -4.33755
188 -2.56538
288 14.9742
320 29.6381
213 0.0549316
113 -4.78085
260 6.2926
35 -14.0119
133 -4.07654
170 -2.13354
71 -6.52666
158 -3.45749
231 0.96962
134 -4.21748
111 -4.64072
69 -7.44398
108 -5.07685
188 0.778702
245 20.5107
131 -3.45741
307 26.0228
135 -9.71976
267 20.3478
228 9.66661
119 -3.76389
55 -7.25129
202 -1.54071
239 4.24542
90 -5.24154
260 6.29184
252 5.64848
290 15.5865
155 1.90637
271 7.62003
164 -2.4232
71 -6.52717
116 -3.69338
180 -2.56366
90 -5.04491
313 40.1642
212 -1.01566
209 -1.6244
186 -1.81007
43 -88.5528
69 -7.26768
130 -4.23185
207 -1.02303
217 4.42593
268 -8.37317
242 4.07675
183 -2.62064
245 4.73148
134 -4.22157
103 -5.13403
107 -4.05354
74 10.3005
180 -2.56371
211 0.354492
50 -6.68363
212 3.74181
89 -5.11362
173 -3.37686
214 0.773361
135 -9.70859
103 -5.07655
234 1.70888
44 -12.7512
191 -3.88722
238 3.44325
134 -4.21875
48 -7.80056
136 -3.43138
255 6.63065
176 -2.41452
47 -8.74257
114 -4.6245
89 -4.85218
188 -2.56516
227 9.48918
181 -2.57668
310 2.50217
230 6.5175
204 -1.78122
203 0.588501
38 -83.8842
337 -14.7594
133 -3.73273
82 -6.96812
72 -10.6682
228 -3.27081
219 7.62637
57 -13.8854
169 -4.23044
203 0.586823
173 -1.65521
94 -32.0325
203 0.596375
209 -1.27101
262 18.1527
221 0.224609
44 -7.89048
100 -4.69998
54 -7.42186
181 -4.42227
266 7.51993
134 -4.21892
339 32.1249
34 -86.0674
264 8.51083
151 -2.62796
209 -0.760635
135 -9.70219
209 -0.285477
272 15.164
19 -107.138
181 -2.62344
100 -4.57633
44 -8.2313
117 -3.68668
86 -6.33392
213 5.03645
91 -8.45148
100 -5.91899
215 4.18884
328 36.3356
185 -3.22136
68 -18.1801
116 -5.01732
98 -5.87034
369 7.24341
135 -9.70226
254 -4.39093
57 -8.11017
64 -7.2594
228 -3.26396
178 -3.09311
184 -3.52068
110 -3.73491
195 2.2485
147 -3.21582
191 -3.39815
174 -3.27625
157 -2.6669
331 36.6152
275 12.3863
118 -5.11781
107 -4.05466
130 -4.17266
159 -2.78828
211 3.04042
119 -4.63625
87 -6.48441
47 -8.75554
39 -13.711
138 -3.91557
168 -2.4039
104 -5.64412
78 -7.86655
235 -0.154572
188 -1.31287
340 35.2784
158 -3.4595
61 -6.75728
183 -2.61229
103 -5.07816
212 -1.01527
208 -1.53252
233 1.45506
196 -1.9958
59 -6.98264
219 0.357712
134 -4.22218
129 -4.32864
234 12.5782
92 -8.40102
134 -4.2182
214 4.54158
132 -28.2678
254 -4.39011
210 -0.823807
119 -4.63734
49 -7.57407
152 -3.45459
119 -4.6462
97 -5.10675
171 -1.68507
158 -1.99744
208 -3.5658
117 -3.68626
107 -4.05347
151 -1.74353
369 15.1848
116 -5.13816
144 -2.70772
175 -2.3669
128 -4.26257
124 -4.54408
133 -4.06364
79 -13.6089
76 -6.94248
162 -2.16644
108 -5.07314
254 4.1358
87 -6.48341
152 -3.35109
60 -7.12126
180 -2.86801
187 -81.4653
47 -8.75293
169 -2.73322
143 -3.73679
219 7.62564
154 -5.03722
48 -8.26355
53 -7.34621
123 -4.50903
174 -3.27617
101 -5.06868
5 -58.089
151 -2.63242
128 -3.39354
228 -1.31358
82 -5.17194
52 -7.86106
108 -5.07836
136 -4.23376
154 -3.41391
91 -5.05458
73 -7.18317
161 -2.94545
106 -5.12854
175 -2.66133
144 -3.81326
335 35.6768
22 -14.8655
170 -2.77327
202 -1.50113
32 -80.9892
133 -4.06409
76 -6.90099
81 -15.3117
29 -76.8975
143 -3.73521
134 -4.01888
223 -0.0935211
192 0.987915
87 -6.48761
202 -0.207947
97 -5.0964
245 20.5065
124 -3.64948
304 19.9001
80 -6.99668
70 -13.4288
184 -4.36569
160 -0.281067
237 1.92963
74 -7.03344
54 -7.84307
29 -81.8201
143 -3.73531
216 -0.578873
184 -3.52031
94 -32.0431
114 -4.74361
134 -4.0193
174 -3.8429
239 3.68378
69 -11.6697
301 19.0688
223 -0.0974579
265 0.802032
182 -3.71899
34 -13.2682
269 8.18265
132 -3.99411
212 -1.01697
336 -21.7047
25 -9.75772
88 -6.10854
231 0.537903
136 -3.47433
230 0.986526
53 -11.9273
44 -13.1617
104 -5.01328
136 -4.23387
195 -2.48676
44 -13.9587
150 -2.9982
164 -3.12639
55 -8.07824
46 -7.74464
117 -3.68664
172 -3.52382
87 -3.44647
200 -2.18755
208 0.561203
28 -8.85837
71 -6.52567
87 -6.48647
218 -0.121277
166 -2.29758
188 0.769913
78 -6.80126
185 -4.26456
195 -0.698563
153 -3.32445
125 -4.50517
156 -3.94308
178 -3.3669
233 15.5428
180 -3.03348
119 -5.09454
89 -6.22761
134 -4.01926
193 -3.68947
56 -7.71836
40 -8.42898
40 -88.3789
155 -3.94403
92 -8.47252
172 -1.76106
126 -4.2098
156 -2.83481
143 -3.72583
172 -3.56018
107 -4.05347
268 5.53351
50 -7.5671
217 -0.221161
127 -4.73789
119 -4.62115
309 23.023
234 2.1581
86 -5.10062
104 -3.70135
114 -3.91924
151 -3.32037
134 -4.65961
134 -4.01886
84 -4.89172
154 -2.9389
111 -5.25172
212 6.31219
115 -4.73026
115 -4.54808
122 -4.54688
45 -96.4202
233 1.45563
333 38.6424
240 5.54062
244 2.28076
119 -4.64114
169 -3.32388
114 -3.9201
105 -4.13719
147 -3.21571
247 4.89931
117 -7.04498
328 29.9854
221 -1.256
200 -1.4187
275 8.67368
21 -10.0111
44 -8.37995
57 -8.12041
132 -4.37517
150 -2.79303
191 0.455078
238 4.63277
9 -55.0147
367 -5.21335
314 24.6402
254 6.87152
126 -4.20918
178 -2.91196
340 35.2817
158 -2.75937
104 -3.70294
71 -6.52684
66 -6.87056
174 -3.84294
12 -14.3304
83 -23.4523
172 -3.31693
90 -20.6828
131 -3.45702
206 0.431915
104 -4.83662
135 -4.05537
220 -0.996857
159 -4.17458
107 -4.47778
67 -7.36758
276 15.1582
116 -4.0686
203 0.588379
74 -7.27514
42 -89.0262
141 -3.65059
189 -2.83823
156 -7.56964
97 -5.09651
146 -3.33623
57 -8.12972
303 20.1826
164 -1.95602
236 3.35175
91 -8.45102
123 -4.64885
364 40.1341
197 -0.718674
296 4.76154
175 13.6592
29 -81.4348
164 -4.2486
129 -21.5346
39 -8.12812
67 -6.75872
226 2.74666
135 -9.71236
174 -3.27618
61 -7.77513
172 -2.0079
130 -4.1774
213 0.0544739
116 -3.69418
318 21.5628
152 -2.98584
91 -8.45688
157 -2.69406
168 -2.05048
84 -20.6196
144 -3.36229
88 -6.32238
150 -2.7934
99 -3.53463
83 -5.25076
99 -5.69659
280 5.15851
88 -6.25162
335 30.7599
80 -5.54741
114 -3.91862
235 4.71466
93 -5.12017
172 -3.31685
181 -1.99634
369 7.24335
219 0.367599
117 -3.68675
181 -2.62325
78 -6.25865
369 -5.80725
119 -4.64037
143 -3.72597
269 6.61301
171 -3.88457
211 -1.70406
74 -5.50295
103 -4.13747
61 -7.16828
268 -8.37054
87 -6.3265
170 -2.47324
212 -1.01622
55 -11.8769
175 13.7919
107 -7.85016
266 7.82605
368 17.0904
204 -2.64615
337 -14.3503
103 -5.6596
211 0.111191
147 -3.21568
125 -4.32407
139 -3.27502
164 -3.92961
106 -3.62778
98 -5.87009
185 -3.76292
185 -3.22131
180 -2.98573
231 2.17833
337 -14.119
310 23.2853
97 -5.10902
144 -3.8145
285 12.5298
108 -4.96028
224 13.0505
8 -56.6435
193 -2.75575
181 -2.62106
330 37.5524
56 -7.26319
108 -5.06775
121 -3.78609
98 -6.02869
183 -2.63998
169 -2.2323
183 -4.16321
204 -2.6445
228 10.6557
170 -1.56529
90 -6.08892
107 -4.05359
178 -4.36951
113 -4.59177
169 -3.50162
168 -3.17015
113 -4.57793
164 -0.642471
107 -4.47679
166 -2.61885
205 -2.65726
99 -6.0811
57 -7.86354
176 -1.25096
221 -0.524994
23 -73.7658
171 -3.88445
171 -2.32512
174 -3.27551
87 -3.44624
89 -8.26896
344 108.622
368 17.0784
189 -2.77679
185 -3.22098
140 -3.69916
81 -5.2314
104 -3.70226
88 -6.31104
101 -4.33604
158 -3.45775
216 -0.390854
64 -6.78557
72 -7.34128
169 -2.93607
212 4.93593
231 0.54007
115 -4.72089
353 -13.9497
151 -5.32149
119 -3.82386
134 -4.21802
32 -8.54202
195 -0.698608
98 -4.59314
309 23.0242
87 -6.48367
124 -3.7021
162 -4.64757
181 -4.42159
136 -4.2339
143 -3.74298
224 0.35936
71 -6.57592
87 -5.36773
103 -5.09711
105 -5.64916
265 0.699585
97 -3.47189
102 -4.33913
369 7.24844
147 -4.10205
213 -0.91069
34 -13.2681
102 -4.35232
226 -3.36635
104 -7.33857
43 -8.30387
98 -5.85757
91 -5.26656
14 -105.58
138 -3.1593
292 13.7534
136 -4.23407
88 -3.52161
20 -119.911
201 1.1684
172 10.779
185 -2.73076
79 -12.7353
328 17.3888
188 0.77037
228 1.52901
169 -3.56616
100 -7.27673
207 0.27179
89 -6.22751
145 -3.22858
186 -1.81058
89 -6.22717
178 -3.02188
98 -5.87012
143 -3.73016
225 7.64536
341 32.2948
4 -39.2104
147 -3.28445
88 -3.52165
260 6.29202
33 -82.5318
124 -4.4989
211 0.111176
47 -8.75746
133 -3.72964
117 -4.68472
5 -18.7042
234 0.876877
147 -3.21545
174 -2.60457
27 -8.49828
134 -4.26979
168 -2.42915
134 -3.42532
86 -3.44338
120 -3.83742
158 2.39281
186 -4.46803
163 -3.5658
173 -3.69334
81 -5.39568
155 -3.94427
199 -1.96678
110 -5.2088
158 -2.79831
183 -2.63997
73 -13.9866
123 -4.3561
89 -6.2276
227 9.48959
159 -2.31752
344 107.319
192 -2.63342
90 -3.48195
91 -8.33353
164 -4.01926
113 -4.16515
231 2.01093
134 -3.34464
142 -3.54533
212 6.31255
57 -8.11934
133 -4.75961
61 -10.638
269 6.802
120 -4.60348
42 -8.15478
114 -3.91904
179 -3.05637
231 1.98627
51 -7.4702
87 -6.48368
97 -5.10757
108 -3.67645
47 -7.70655
84 -44.929
108 -5.05384
209 0.138779
92 -8.44659
102 -5.46245
104 -3.58516
57 -8.13055
167 5.74226
217 -0.303055
5 -18.7003
268 -8.37347
97 -5.81661
87 -5.07639
40 -8.38964
126 -4.20952
138 -3.90289
297 21.264
284 11.8874
183 -2.6398
92 -5.48337
90 -5.9109
309 28.8644
104 -3.7014
164 -3.31531
141 -2.96555
232 1.6006
106 -5.16832
118 -4.75822
171 -3.88426
89 -5.90366
151 -4.81468
255 5.6756
120 -3.74511
42 -8.67897
181 -4.38934
174 -3.87701
56 -12.5866
75 -6.96678
2 -21.3542
128 -4.19399
143 -3.72958
188 -2.69911
170 -2.53575
156 -3.94308
233 1.48515
72 -10.6694
95 -5.10452
116 -3.69396
51 -8.33161
51 -7.53444
186 1.14296
208 -0.0759277
31 -82.9049
102 -8.62408
9 -55.0336
172 -2.12439
3 -26.5665
9 -55.0191
335 30.7596
174 -3.27638
74 -7.29803
183 -3.13211
331 39.1569
105 -4.77456
212 6.31529
162 -2.87366
143 -3.72575
57 -7.94657
39 -87.0412
187 -0.344055
48 -8.47604
136 -3.42964
165 -1.9673
110 -4.89029
172 -4.38484
100 -5.72169
130 -3.66048
87 -6.38653
113 -4.57088
178 -3.04956
181 -4.47522
32 -83.9533
119 -6.186
130 -3.65978
151 -2.77733
47 -8.74682
78 -6.24854
180 -2.06183
41 -93.1456
152 -1.89273
62 -6.84962
191 -3.39781
270 14.303
182 -2.93529
186 -2.41176
327 11.7162
265 20.0831
314 24.64
13 -107.229
89 -5.63786
353 -13.8914
184 -3.52121
199 -3.38869
86 -3.44411
93 -6.10999
49 -7.56627
199 7.9949
33 -9.44059
106 -5.54289
157 -2.89543
143 -3.72546
32 -10.2605
173 -3.31541
45 -8.21705
131 -3.47551
274 9.56876
353 -13.9418
66 -6.73876
187 -2.97638
147 -3.34305
70 -6.5905
330 38.8471
240 3.82416
335 30.7594
317 21.2263
122 -4.71776
84 -44.5211
43 -7.86384
176 -2.68318
221 -0.491272
81 -5.37094
26 -75.2298
57 -7.11528
166 -2.73076
151 -2.62883
14 -113.457
144 -3.36311
98 -23.2619
117 -4.74697
217 6.45746
219 -0.323685
121 -4.55169
55 -11.8791
199 -1.39827
110 -5.22974
192 -2.64647
97 -5.11516
193 0.271011
151 -2.65837
92 -23.0549
102 -4.35233
340 35.2812
74 -17.8884
135 -3.44008
195 -3.44604
29 -9.60934
114 -4.73897
84 -5.15487
78 -5.38453
360 47.6382
100 -4.93655
151 -2.77753
248 3.29758
39 -8.31718
151 -1.74321
109 -5.39422
232 11.2053
63 -7.56173
72 -10.6685
368 17.0646
55 -7.85207
182 -2.9353
99 -5.69559
106 -4.52234
232 8.61955
142 -3.30463
135 -9.72033
87 -3.48135
55 -11.8798
276 12.6954
147 -3.21565
298 21.2321
178 -6.4238
107 -4.05441
47 -8.74953
93 -5.62823
154 -3.41382
221 -1.18932
114 -3.92012
163 -2.10255
52 -7.48233
164 -2.42317
88 -6.25491
5 -18.6967
225 0.815308
252 3.76431
158 -2.79863
56 -7.92235
235 3.20033
154 -4.08731
155 -2.68181
88 -6.26121
66 -6.87079
176 -2.68289
292 16.3224
78 -6.25851
26 -75.1399
221 -0.490021
117 -3.6868
99 -5.69592
78 -7.08013
127 -4.32142
99 -5.15383
309 23.0235
346 31.8448
237 1.85916
123 -4.69891
164 -2.42302
114 -3.92006
341 38.6137
20 -13.7583
243 11.1877
124 -4.43778
183 -2.62029
119 -4.63729
173 -3.69337
150 -2.95247
130 -4.42213
171 -1.83469
204 -1.33881
56 -7.3716
264 9.02429
73 -6.63536
152 -3.22867
138 -3.37228
78 -6.25884
83 -22.072
23 -74.433
182 -3.71925
137 -3.71858
143 -3.74883
107 -4.05344
79 -10.7215
360 -5.73267
174 -2.6051
89 -6.58252
308 21.6049
169 -3.52209
50 -8.10483
195 -4.09534
158 -2.79851
181 -2.62334
143 -3.72537
170 -3.66254
44 -8.23586
186 -2.32289
166 -2.36833
172 -4.38466
217 1.64085
231 0.535416
332 38.988
99 -5.69576
127 -4.24549
168 -2.40364
79 -12.7357
63 -7.10286
45 -8.36779
199 -0.61705
222 -1.21524
78 -6.24681
181 -4.42218
291 16.5954
174 -3.27554
330 37.7781
180 -3.59354
223 8.41289
260 6.29276
211 0.510101
299 9.30066
97 -5.09578
97 -5.09653
143 -3.32855
274 11.848
181 -2.62181
280 9.22763
170 -2.12616
220 1.31801
107 -4.05411
134 -4.01915
118 -4.277
106 -5.69747
147 -3.2157
75 -6.96709
19 -8.45934
173 -3.37683
74 -7.25755
366 49.1012
127 -5.60963
130 -4.07531
32 -12.6996
206 -0.0541992
368 17.1699
40 -8.98052
241 3.70824
169 -1.92911
186 -3.12662
250 19.7504
19 -8.53741
146 -5.03403
267 7.63611
196 4.41293
81 -6.93376
130 -1.05029
223 -0.0965881
193 -0.368408
191 -0.483215
185 -3.1044
163 -2.53091
142 -3.76216
221 0.191864
224 -0.123703
183 -1.57385
194 -2.50586
146 -3.56161
369 12.4897
188 0.771225
111 -5.15853
137 -4.39459
182 -3.68111
92 -8.4547
62 -6.89489
196 -2.32451
239 2.22263
171 -1.60715
109 -4.83672
170 -2.13002
151 -1.74341
175 -2.40111
340 35.2794
233 1.71283
143 -3.72629
150 -3.92491
276 8.43375
119 -4.54536
165 -2.90329
195 9.52333
60 -7.78892
97 -5.10999
244 3.98584
59 -7.08255
210 0.303299
116 -3.69374
106 -10.7762
154 -2.6559
173 -3.69357
267 14.0372
60 -7.22488
239 1.5481
249 5.51625
234 1.70103
31 -11.3268
168 -3.07425
135 -9.7119
192 -4.36682
145 -3.41168
162 -3.24854
136 -3.6001
62 -7.78603
295 15.1232
151 -2.98647
233 1.71291
178 -3.36899
88 -6.25836
39 -10.5013
117 -7.04467
98 -5.87041
74 0.308701
138 -3.93709
51 -8.03613
182 -3.7168
130 -3.65794
225 9.58215
156 1.27939
93 -5.48188
172 -3.73222
17 -67.1089
272 19.1203
47 -8.75293
256 0.237396
260 6.29272
83 -31.0701
180 -2.56267
120 -4.40665
174 -1.694
172 -2.12483
342 17.962
213 -0.467743
79 -12.735
57 -8.13017
369 28.7079
184 -2.63834
197 -3.84334
347 32.1893
15 -64.2637
79 -13.6083
277 10.6002
128 -18.0709
175 -2.23207
227 0.299362
105 -5.15285
244 5.1385
158 -3.45889
307 21.1364
212 0.682983
188 -2.91087
184 -2.59621
295 18.8124
108 -5.0713
165 -2.50015
114 -3.73637
75 -6.96831
109 -4.80939
145 -4.18214
134 -4.01913
80 -6.99553
76 -6.90822
132 -3.57872
192 -4.36438
182 -2.93517
285 12.0519
171 -3.88428
133 -4.01762
150 -2.77824
280 11.897
155 -4.66298
165 -2.59477
163 -2.49149
264 7.65625
119 -4.6346
135 -4.05482
99 -5.69614
109 -3.74947
98 -5.87057
169 11.4863
75 -6.96602
104 -3.5652
132 -4.01173
134 -4.01659
151 -3.96776
75 -6.96706
178 -3.0943
332 38.9934
81 -5.2503
187 -3.0976
111 -9.83714
259 8.35748
67 -7.37087
350 1.02472
216 -0.56308
15 -64.7868
53 -7.25624
29 -36.1834
113 -3.78101
47 -7.88213
233 1.71323
10 -22.721
187 -139.75
64 -7.63488
309 23.0249
138 -3.15994
130 -5.32391
178 -2.77011
50 -7.5994
280 5.15503
276 11.8353
173 -3.69339
169 -3.14171
170 -2.16139
187 10.7166
225 -1.41615
102 -5.16246
150 -2.9556
133 -4.06404
55 -11.8772
57 -7.11581
241 3.64635
108 -5.04719
172 -4.38516
176 -1.25307
99 -5.63011
172 -2.12494
132 -4.05502
210 1.07574
98 -5.86913
124 -3.55495
332 38.9842
75 -6.9667
223 -0.0296936
201 -0.110535
318 13.3924
84 -44.4955
225 9.10468
234 1.31633
185 -26.481
277 12.8289
246 11.1124
141 -4.22806
162 -2.88725
15 -110.96
245 4.10371
101 -4.34714
209 -0.835754
116 -3.60895
124 -6.0377
208 -1.20007
75 -6.96838
107 -4.21941
115 -3.76897
63 -7.04088
115 -5.0164
124 -17.5272
275 14.521
75 -6.96552
144 -3.15347
15 -111.396
117 -3.56024
34 -13.27
369 18.5301
109 -5.06789
174 -2.06586
50 -8.44463
96 -4.98451
103 -3.58542
198 5.21523
366 4.72232
114 -4.05016
138 -3.16083
234 1.70914
111 -5.39288
266 7.82623
244 5.1386
75 -9.11439
209 -0.760162
172 -2.12454
118 -4.72895
231 0.540436
90 -3.4819
111 -9.822
116 -3.69382
178 -3.66159
126 -4.35139
223 -1.78242
165 -2.83228
94 -5.76961
75 -6.96729
113 -4.5254
327 7.10501
116 -3.69413
165 -0.740128
209 0.611053
187 -3.60327
190 -0.816116
115 -4.74465
195 -0.698578
225 -3.3615
318 -10.5446
148 -3.94331
288 15.3596
180 -3.67509
38 -15.0296
303 20.1815
269 7.61932
287 16.3341
149 -4.93748
227 9.48929
54 -7.48795
250 19.7541
162 -3.43668
91 -5.7271
93 -5.62924
181 -1.90001
170 -2.1608
139 -3.58499
228 -3.28743
124 -4.34795
233 1.48523
223 -0.106339
104 -3.58531
194 -1.84758
220 7.42552
119 -4.63731
81 -17.1635
109 -5.36935
134 -4.01709
94 -5.48149
84 -5.10906
239 2.52193
275 12.435
285 12.0002
225 0.498917
4 -14.3758
103 -4.82288
120 -4.68208
72 -7.18631
238 2.30063
76 -6.5574
314 24.6394
273 9.47629
298 18.1555
168 -1.96042
209 0.138779
172 0.590942
9 -54.9257
71 -6.52645
55 -11.8768
83 -7.81444
168 -3.24416
232 1.66301
228 1.43428
94 -24.1385
179 -3.24098
247 3.78525
274 14.1994
261 -1.68054
100 -5.45633
239 2.21826
91 -8.45418
251 5.52588
83 -7.81255
365 47.3225
122 -4.1173
42 -7.48509
277 10.1399
131 -4.22363
170 -2.85446
138 -6.22859
250 19.7555
195 -0.698563
209 0.0240021
260 6.29266
177 -3.13309
318 26.6279
120 -4.80747
353 -13.9691
236 1.18283
172 -3.31664
111 -5.24485
223 -0.0948944
32 -83.5726
223 -0.0295563
80 -4.85161
292 15.8604
5 -18.6981
139 -3.22379
318 21.6618
92 -6.20783
126 -20.7001
236 0.603455
181 -3.46719
118 -4.60661
215 -3.99596
86 -6.29742
59 -7.72519
297 13.3802
75 -6.96672
97 -5.09641
226 6.47942
108 -5.06786
97 -5.6071
231 10.4701
111 -3.98097
102 -4.67123
53 -11.9269
305 -13.0236
224 -3.36874
87 -5.36946
254 7.15201
188 0.77771
274 11.424
275 11.7292
137 -3.44534
227 1.93512
98 -5.93903
7 -19.8268
111 -4.93353
314 16.5977
89 -6.22739
221 -0.490005
107 -4.93133
162 -4.6476
184 -3.2455
179 -0.298279
256 -4.38419
264 7.6647
147 -4.09633
141 -2.94745
280 5.15048
68 -7.48711
276 11.5001
78 -6.24876
215 5.11548
16 -8.71447
72 -10.6685
88 -3.52106
270 8.37927
178 -3.58696
226 0.0404358
109 -4.86167
232 1.13383
62 -13.9013
135 -4.05536
138 -3.16098
326 11.5664
272 10.825
170 -1.97688
190 -2.4537
229 0.919724
111 -3.66776
75 -9.11512
186 -4.46455
175 13.7915
108 -5.40197
61 -7.47749
127 -3.75285
273 7.73346
48 -15.5319
296 18.1763
215 4.56033
369 12.4877
214 1.31934
151 -2.9865
243 2.28746
91 -8.451
278 13.1634
223 -1.4908
178 -2.93701
50 -7.40196
108 -4.88246
203 0.68248
127 -5.57781
228 0.635056
331 39.0826
117 -8.35099
277 9.28012
292 21.5255
92 -5.48413
329 21.8533
187 -0.653412
250 19.801
234 1.70871
98 -5.87094
83 -7.81461
19 -8.37248
190 -0.819229
177 -3.30019
7 -19.837
227 9.49181
47 -8.74562
35 -84.8151
163 -3.78612
213 -2.41623
91 -6.56956
108 -5.40446
164 -2.63197
241 5.53268
114 -3.91995
260 6.29269
300 4.95776
109 -4.4898
250 3.74126
144 -3.36224
182 -3.71915
209 -1.95775
168 -1.74553
335 30.7671
85 -6.76029
171 -3.88431
89 -5.26738
84 -6.49118
102 -4.66714
63 -7.62969
288 14.4833
180 -3.53421
144 -3.81343
268 -3.80426
245 3.64937
130 -10.1834
42 -8.176
171 -1.83453
113 -4.75146
37 -9.15466
100 -7.26035
130 -4.32146
130 -4.16569
180 -3.56418
106 -5.16331
110 -3.35271
233 1.45554
226 0.589874
97 -5.09663
115 -4.72784
85 -6.88239
130 -4.16453
126 -17.7889
230 11.0919
195 -0.698639
80 -6.99425
171 -2.95799
76 -6.50162
80 -6.99541
239 2.61763
241 15.1837
104 -5.82543
173 -4.82785
271 9.98886
234 1.69777
2 -13.3807
235 1.24753
47 -8.74772
337 -14.8016
199 3.32007
55 -7.21336
156 -2.80057
214 0.803024
230 1.10672
90 -6.31743
208 -1.52435
94 -5.59236
27 -8.90937
336 -2.6203
107 -4.1954
181 -2.98753
150 -3.77661
272 10.8437
197 -3.84412
245 15.2697
90 -6.42892
260 6.29166
135 -4.05511
118 -5.31396
109 -5.26326
244 4.20367
72 -7.28539
369 7.24289
180 -3.58916
216 -0.496628
286 13.0051
201 -1.9435
163 -3.94731
233 1.25998
369 7.24225
247 4.64946
160 -2.65912
75 -6.93191
89 -6.22734
56 -7.37702
230 0.755096
115 -3.63788
27 -77.3641
164 -3.79128
222 1.38783
138 -8.10234
96 -5.71042
233 1.71396
109 -4.15871
236 1.61852
232 2.04207
57 -17.5037
190 -3.09735
146 -3.37
196 -0.686386
99 -5.69646
104 -4.84987
193 -2.06902
190 -2.55008
94 -32.0426
222 0.180283
119 -4.63718
154 -2.14053
346 33.8928
215 0.652069
269 14.0287
108 -5.04474
361 35.1138
134 -4.67418
101 -4.88541
219 6.36142
151 -2.62843
225 6.31703
221 -0.490753
208 -1.53262
105 -8.35997
320 22.533
227 1.18285
127 -4.47864
30 -75.4758
211 0.111404
171 -4.77792
181 -4.42285
87 -6.03152
112 -4.5516
192 -4.36755
231 1.40733
184 -4.35387
48 -14.6395
221 1.05852
116 -3.69402
57 -8.13023
2 -19.8803
58 -7.29359
175 -6.02307
63 -7.67636
79 -13.6076
131 -6.1327
313 16.1259
229 13.3698
56 -7.86942
239 -1.43098
116 -3.69388
95 -5.99431
30 -9.25587
136 -6.38878
76 -6.13062
136 -4.59363
59 -4.20438
228 1.0386
205 -1.47301
226 -0.144684
314 24.6397
261 7.36319
29 -12.7362
113 -4.55153
155 -4.37694
255 10.5705
206 -0.852661
143 -4.21213
173 15.3006
302 2.3988
227 1.11893
118 -4.75513
144 -3.34528
35 -37.9978
237 0.787369
223 0.643784
268 19.9731
137 -5.19952
26 -75.1813
44 -13.1633
165 -2.99327
144 -4.90419
107 -4.05378
169 -4.2303
99 -5.69664
65 -7.05389
325 8.39636
203 2.89819
161 -2.53596
17 -14.4919
138 -3.16139
175 -2.23306
296 4.77954
78 -6.24943
196 -2.16104
83 -7.81354
270 8.37949
260 6.29254
116 -4.62004
138 -4.28479
109 -4.92654
32 -9.58893
292 16.3177
195 -0.698624
135 -9.70114
105 -5.42462
88 -6.18352
236 2.39999
288 12.7954
130 -4.17402
182 -4.4081
4 -39.2092
105 -3.70397
125 -3.74988
91 -6.17625
165 0.122986
192 -4.36801
103 -5.14385
245 3.83652
209 -1.1459
236 2.39882
194 0.273041
155 -2.07292
174 -3.87715
268 7.75128
162 -3.98582
134 -3.43042
107 -7.00468
143 -3.72629
164 -2.42224
208 -1.52391
98 -5.86999
262 6.9534
102 -5.78125
255 4.61102
144 -3.81348
224 1.19745
203 2.11804
189 -3.16335
70 -6.90495
118 -4.48635
127 -3.56055
227 9.4913
79 -12.7354
155 -2.26062
317 26.1388
117 -6.65644
207 1.78412
259 -0.254395
78 -6.24738
114 -3.91843
104 -3.58521
280 5.15717
153 -3.89435
276 9.56299
88 -6.25359
200 3.289
119 -4.6372
218 -4.22656
127 -4.2653
334 29.7083
280 11.8997
250 3.64249
177 -1.92984
143 -4.03024
159 -3.45665
38 -15.0032
174 -3.53419
229 10.3945
99 -5.69592
234 2.56516
116 -6.52645
233 1.25444
133 -2.94797
174 -3.80505
271 9.45566
174 -3.27477
233 1.4852
104 -3.58458
192 0.987961
57 -8.12128
289 15.0429
219 -3.58028
102 -4.33859
230 6.32251
292 16.3179
110 -4.86147
43 -8.18366
76 -12.92
110 -5.22208
186 12.5573
285 14.8876
206 -1.41554
226 2.06667
129 -4.1994
130 -5.79997
104 -3.59924
125 -4.39466
107 -4.81687
109 -5.36439
27 -12.6251
110 -5.29588
172 -1.78133
212 -0.452438
66 -7.73822
82 -6.6042
255 3.24393
214 -0.676544
166 -2.74603
119 -4.65688
94 -12.4153
71 -7.39983
122 -4.46659
299 1.091
146 -2.7991
126 -4.73465
70 -7.45354
270 8.37952
55 -11.8777
82 -6.19516
170 -2.71199
167 -3.12865
89 -6.22637
277 -0.160065
298 15.6439
304 19.7021
236 3.50494
72 -12.8121
126 -4.33481
248 2.56972
26 -14.0055
226 2.90834
227 9.49164
280 5.15002
3 -14.0406
53 -11.9259
59 -14.2205
44 -89.9434
107 -4.18137
193 -1.49341
213 -0.68985
80 -6.14258
125 -4.35797
100 -7.27718
60 -7.87107
284 12.8009
76 -6.94244
16 -64.1408
136 -9.65742
213 -1.12392
92 -6.20544
76 -15.8921
209 -1.62407
96 -5.75891
236 1.63235
163 -2.84319
250 0.0486908
180 -4.56041
88 -5.77908
281 12.8252
185 -2.33818
72 -6.88909
206 -1.28389
269 14.3793
147 -3.55385
67 -6.95847
351 10.5021
11 -14.5289
107 -4.4777
107 -8.06934
67 -7.93847
196 -2.35008
165 -3.28308
328 17.4334
71 -6.60253
258 8.09109
225 6.42142
16 -60.7943
264 7.25549
140 -4.15848
270 8.37909
140 -5.06296
68 -10.1324
125 -4.31672
141 -3.44
119 -4.63472
196 -2.27919
151 -2.95604
202 1.81055
92 -4.32127
175 -3.50768
164 -0.642578
89 -6.22758
213 0.0543213
26 -74.8801
191 -0.00189209
181 -2.82372
87 -12.3728
268 -8.37045
351 10.5038
22 -68.3551
348 33.3223
118 -3.69694
191 11.473
119 -4.73071
122 -4.48956
101 -5.84322
98 -5.48242
144 -4.17203
110 -5.42014
81 -5.44322
176 -1.76389
77 -12.6217
89 -6.62659
63 -7.77964
87 -6.41402
227 9.49202
216 0.888092
288 14.4865
87 -6.48532
11 -14.4571
180 -5.78345
88 -6.44849
104 -4.479
182 -3.22133
78 -6.36667
131 -4.57891
340 35.2806
88 -3.52094
221 1.26227
260 6.29297
106 -4.88539
62 -13.9078
65 -8.71462
234 11.0937
90 -6.25319
127 -4.45111
87 -3.48132
98 -5.87028
218 -0.401932
156 -2.36584
200 -2.03087
227 6.72983
306 17.765
217 8.46655
133 -4.01898
223 2.35657
239 12.5718
176 -2.68304
98 -5.75931
154 -3.41386
268 10.6709
217 -0.408066
190 0.79007
86 -12.3632
261 8.07498
187 -82.901
181 -2.52219
119 -4.71285
131 -2.99081
288 14.4736
176 -2.68578
102 -4.66766
140 -5.54565
98 -5.8547
57 -8.09833
133 -2.94844
133 -3.55415
88 -5.10979
344 1.1134
37 -12.7853
245 16.0176
279 11.3883
203 -11.3528
28 -8.85905
200 -1.56279
83 -6.74721
184 -2.17154
184 -3.5213
255 4.45972
243 15.0788
221 -0.490646
224 -1.49097
264 7.74298
239 5.51202
203 1.93835
217 6.58926
209 -0.760406
193 -2.03792
118 -4.82734
270 9.7608
171 -4.63431
216 -0.556305
372 45.5938
80 -6.89265
178 -1.75653
124 -4.39593
167 -2.29962
135 -4.51602
256 6.04376
363 33.4756
172 -4.38559
299 1.09058
98 -5.86981
125 -4.37629
0 -91.6288
154 -2.11086
223 -0.0856171
331 26.0115
256 4.42743
228 8.00056
153 -3.22058
161 7.9509
342 17.9601
173 -3.69258
98 -7.18622
172 -3.31723
70 -6.8618
247 1.19026
53 -11.9261
213 0.0543671
363 33.624
191 -2.86365
286 11.4963
130 -3.75043
36 -9.10758
221 -3.14378
92 -8.45242
192 -2.20502
206 -0.829071
117 -4.72327
18 -8.59177
110 -3.35297
86 -3.44247
225 0.825729
45 -7.0211
156 -2.83151
89 -6.22739
210 -0.169617
149 -4.17972
117 -6.65467
310 23.285
98 -5.86993
266 20.4756
252 4.6918
285 62.0693
152 -3.10493
100 -7.25962
78 -6.2587
19 -12.8035
226 -3.3801
163 -3.66016
30 -9.60646
237 1.9631
207 -1.42844
199 1.67015
371 41.9693
40 -12.6204
119 -4.63731
234 0.298172
277 11.9871
11 -14.455
107 -7.00452
76 -6.9395
34 -80.9263
248 2.56734
55 -11.8797
284 15.6823
193 -3.08664
212 -1.01884
72 -10.6697
96 -5.58223
222 0.800201
200 -3.23169
202 -2.96898
111 -4.8348
366 36.3552
233 0.533447
65 -6.89673
172 -2.12538
86 -5.1609
158 -2.79855
366 36.3511
253 5.90863
240 3.69235
163 1.31549
229 0.974655
360 47.6156
172 -3.91045
190 -0.765045
249 5.93172
132 -4.11924
271 3.58487
194 -2.72772
103 -7.35615
229 -2.68848
133 -4.37723
348 31.2811
263 5.57193
124 -4.43607
162 -4.64783
120 -12.1649
254 2.14954
45 -8.16481
87 -6.4862
18 -8.62521
298 18.2336
175 -2.94048
219 -2.34059
62 -13.9061
87 -6.28355
150 -2.95425
67 -7.38561
46 -13.4467
244 7.40811
180 -3.02582
222 -0.061554
72 -0.956223
226 -3.95572
108 -5.07848
207 -1.02052
55 -8.18446
318 17.9283
218 -4.2308
189 12.6737
40 -8.75462
192 0.987869
25 -76.4963
309 23.0237
121 -18.39
201 -2.81235
259 5.29321
129 -4.38016
306 -12.8443
283 11.4229
190 -0.132507
234 0.573349
351 10.5023
115 -3.60062
88 -9.80667
252 4.69724
328 17.3902
108 -5.0753
263 6.3765
133 -5.15031
130 -3.70558
118 -4.33234
220 6.43364
84 -6.49413
342 36.1161
111 -5.40234
289 14.7142
94 -5.21783
224 -1.01224
237 11.0404
203 -2.16031
111 -9.84373
95 -5.03822
20 -68.8006
117 -3.91488
204 7.20435
280 -5.84857
172 -4.21846
25 -77.3988
183 -1.02002
209 -1.23753
100 -5.66182
176 -2.41446
150 -2.95204
322 30.6561
335 28.1216
21 -12.9189
75 -6.96947
138 -6.93582
302 6.0719
171 -4.80608
306 22.3195
360 47.6001
139 -5.35356
235 3.08859
182 -3.71904
186 0.355698
73 -7.17958
31 -75.9333
287 13.0934
95 -5.96418
151 -3.40878
260 6.2926
226 0.170761
79 -6.99645
230 1.1301
220 -0.242905
167 2.58676
229 14.8242
178 -3.27794
198 2.2635
1 -16.1845
132 -4.42194
195 -2.28754
196 1.53435
230 2.57037
134 -3.97079
358 55.3285
171 -1.10226
33 -38.4455
224 0.520706
111 -8.18021
260 11.2612
273 3.99896
368 17.1692
245 3.32413
369 7.24966
147 -4.09639
57 -13.3504
265 8.54807
109 -4.08974
260 17.0537
51 -8.26995
78 -7.4726
307 22.0152
243 4.22353
223 0.225754
284 12.9735
254 3.71637
128 -4.24519
194 -0.599075
309 29.9111
222 -3.13275
291 17.0898
157 -3.02406
80 -7.00116
191 -3.88724
17 -14.4844
127 -5.61983
209 -1.62405
288 14.4862
191 -3.39801
205 2.23489
267 7.63562
190 0.710526
245 4.21857
185 2.69131
227 0.621353
216 6.60573
336 31.0574
245 3.87286
263 9.29617
288 14.4861
286 9.44351
186 -4.40778
160 -4.1532
366 36.3631
230 2.05933
17 -14.4926
203 1.66693
200 -0.420517
126 -6.0348
155 -3.0605
227 -3.96777
16 -8.71433
186 -4.46758
283 17.8766
237 0.603745
192 12.0967
227 1.91283
159 -3.02127
130 -4.16338
146 -3.13821
83 -7.81199
288 14.4873
141 -2.96553
34 -13.2709
188 -2.0428
131 -3.46896
79 -20.9973
244 3.9847
30 -77.9843
227 -3.96988
180 -1.74907
158 -2.79839
266 22.4646
189 -0.241943
102 -8.35567
173 -3.37669
80 -6.99579
169 -2.12122
263 11.9648
200 -0.214325
266 7.82596
280 9.63855
104 -3.71699
291 15.4799
40 -12.2247
180 -4.55792
136 -6.38792
199 -0.849686
132 -4.96841
311 -32.9143
105 -5.15589
219 7.60712
175 -1.56401
104 -4.93568
100 -3.70996
248 -1.75845
116 -3.69675
269 8.50214
255 3.37531
57 -8.1103
143 -3.12009
122 -4.56171
299 1.09024
143 -3.72536
59 -4.20292
72 -10.6691
368 29.8163
143 -3.74602
56 -8.83311
302 6.6171
133 -4.01888
190 -2.32225
279 11.3887
107 -7.0015
111 -4.87082
232 1.13283
213 -1.11281
187 -3.32211
107 -7.00452
211 0.111267
349 2.11597
240 14.5358
266 10.4692
170 -3.37129
224 -4.06728
83 -8.63302
233 1.71193
106 -3.63524
145 -3.36258
31 -27.4752
213 5.75356
131 -4.79307
203 -0.563126
196 -1.82472
202 -2.23061
196 -1.84337
330 18.597
192 1.73526
62 -13.9239
326 36.2681
184 -4.47931
76 -6.87659
280 -5.8501
74 -7.23055
86 -6.08611
79 -12.7352
242 1.40826
106 -6.53558
87 -11.017
205 3.03296
260 6.29193
162 -3.39915
292 16.3185
101 -5.80099
39 -8.82932
28 -9.39563
280 11.8975
271 8.13153
231 0.538116
302 0.940399
186 -4.40764
226 0.0401154
111 -3.9067
219 -3.57002
186 -1.32742
57 -8.13061
299 1.08997
128 -3.76409
326 29.1044
290 13.497
218 -3.74069
117 -3.68666
226 4.51114
104 -3.58535
249 5.01707
82 -20.0656
67 -7.38488
142 -3.48885
266 21.7826
238 2.13687
263 6.77853
321 25.7241
44 -13.1606
118 -4.51553
22 -14.5976
159 -3.80524
61 5.86203
227 0.971085
179 -2.58151
193 -2.70042
230 -3.31673
21 -14.2813
191 -0.611313
219 -0.783646
22 -36.1092
214 -1.07132
199 7.87077
232 -0.714203
252 4.6917
181 -4.42163
348 26.4285
235 9.09
83 -4.77994
223 -0.108246
115 -4.81605
134 -3.44684
191 -2.53789
215 7.92622
87 -3.48214
13 -113.217
128 -3.24824
207 -1.01135
101 -5.15448
282 9.95383
277 10.7548
309 23.0211
286 16.3851
363 41.3076
113 -4.96225
351 10.5033
270 8.45557
83 -7.81263
267 12.4353
85 -1.50955
288 14.4746
13 -15.5591
45 -8.10908
260 10.999
227 0.621246
301 19.199
89 -6.22767
92 -5.23754
107 -29.6574
116 -4.94774
154 -3.41393
177 -4.12117
104 -4.99548
339 22.0703
149 -4.49393
78 -6.53165
242 2.85905
366 36.3536
72 -10.6687
93 -5.22717
104 -3.5632
5 -12.1886
357 55.922
172 -4.38603
304 22.8149
260 6.66916
306 19.3841
279 12.2944
180 -4.58275
118 -4.79247
221 -3.13011
299 13.948
174 -3.27591
156 -2.71065
164 -2.42216
32 -38.4832
120 -4.60322
167 -3.12898
116 -3.69468
224 1.55217
224 0.404938
190 12.8531
182 -2.64972
234 3.92366
189 -2.00853
175 -2.88148
110 -4.72234
220 1.26482
336 36.7332
154 -3.01958
277 8.98395
170 -2.35503
234 1.81276
249 2.52068
266 7.75552
276 11.4986
46 -9.55677
85 -4.83611
32 -8.45689
91 -5.70768
123 -4.51055
242 15.0293
138 -3.58633
341 22.9722
233 1.28265
116 -4.7551
309 23.0208
248 4.97908
222 1.41614
265 10.1171
179 -4.11749
157 -3.91521
200 -1.56235
260 6.29187
67 -7.3703
244 5.13918
144 -5.26755
286 16.3892
170 -3.19527
188 0.492645
167 -3.68242
356 45.1731
200 -1.56268
230 0.754593
161 -3.05295
332 37.3545
47 -8.66862
205 1.86272
260 6.29184
119 -6.86121
266 7.82608
192 -4.36763
143 -3.40082
236 0.671707
264 -5.12372
280 11.8976
181 -4.10092
232 1.75545
127 -4.40744
219 -0.390793
151 -2.77779
65 -7.55229
29 -12.5125
181 -10.4186
170 -1.94218
241 1.55745
249 1.0038
280 5.15155
329 23.555
292 15.3587
127 -3.70948
78 -6.24811
209 0.13884
109 -4.08791
267 15.0021
224 1.81853
57 -8.12159
234 1.70894
207 -1.48938
204 -2.49278
203 2.02596
70 -7.44462
267 7.88318
188 -2.56514
287 13.0795
150 -2.95296
337 37.5741
44 -9.68215
321 25.1992
136 -4.98112
170 -1.99643
186 -2.39383
118 -4.91139
241 3.5955
156 -3.97539
116 -4.731
186 10.5707
240 2.70352
172 -4.38525
222 0.636398
221 -0.41745
239 2.22159
172 -3.31651
216 -3.74048
334 30.2572
132 -5.2399
197 -3.72258
78 -5.17814
162 -2.56668
235 -0.154739
190 -2.5294
135 -5.16
81 -6.60573
154 -4.03183
107 -4.47778
267 7.76752
114 -4.13673
349 25.1068
27 -9.74123
119 -6.34521
342 17.9616
309 23.0211
131 -13.5604
244 7.38449
208 0.715454
368 17.0879
337 30.8073
180 -3.0183
183 -2.63994
103 -8.51118
65 -6.85886
170 11.957
360 47.6115
183 -4.61353
368 29.8132
126 -4.20924
327 29.6341
143 -3.73563
181 -2.71446
275 2.0654
249 2.45403
155 -2.76247
151 -2.9864
223 1.35538
5 -18.6971
166 -2.52408
114 -5.10932
268 -1.02478
231 0.542648
269 -1.14484
253 -6.14742
187 -82.9292
210 2.80658
29 -38.323
329 17.3035
300 4.93573
239 -1.43025
180 -2.56355
20 -70.657
340 35.2811
166 -2.94424
202 -1.95349
92 -8.48988
300 4.94101
262 7.04303
98 -5.49406
237 15.8906
243 4.28349
227 0.656784
213 -1.16794
131 -6.16908
98 -3.5385
180 -1.60489
90 -3.48205
117 -6.70567
89 -6.56541
227 3.7942
244 1.01454
148 -2.88626
126 -4.73707
252 4.37653
193 -3.51703
76 -12.0961
229 0.828262
289 15.0184
288 14.486
131 -6.16983
286 11.0946
154 -1.66028
145 -3.44078
299 1.09097
202 -2.63992
155 -3.94374
182 -3.24651
351 19.4138
32 -9.47937
279 15.3862
226 0.468292
233 11.0175
250 16.8076
