178 -0.0206604
159 -0.0683441
47 0.027668
13 -0.0269833
169 -0.0531921
181 -0.0374146
117 -0.0150452
180 0.052475
183 -0.149094
168 0.0200348
47 0.0275574
126 -0.0217209
165 -0.0128021
28 -0.0535069
164 -0.0131836
13 -0.0243864
88 0.0223007
106 -0.0307541
105 -0.0333328
160 -0.103302
166 -0.003479
115 -0.00379181
75 0.033638
216 -13.2525
88 0.0215378
21 -0.0133171
181 -0.245316
164 0.0166321
71 0.0153809
105 -0.034317
73 0.0262527
164 -0.0132904
155 -0.0259399
5 -0.0521665
164 0.0166779
49 -0.0529213
105 -0.0321732
184 -0.203613
164 0.0166321
5 -0.0521207
186 -0.425751
105 -0.0334549
180 0.0775604
8 -0.0100107
119 0.00988007
227 1.80229
165 -0.0126953
75 0.0265732
87 -0.060257
18 -0.00728607
164 -0.012146
164 0.0166321
350 6.10352e-05
122 -0.0384521
35 -0.00647354
105 -0.0312042
120 0.00410461
75 0.0423508
183 -0.0211334
167 0.0240021
119 0.00987244
180 -0.563965
92 -0.0203018
27 -0.0592518
167 -0.0150604
103 0.0151901
9 -0.0596828
101 0.0250931
90 -0.0392609
31 0.0232563
198 -10.4252
25 -0.00349045
200 0.215973
31 0.023243
75 0.0421906
164 0.0165405
120 -0.00350189
176 -0.0840607
100 0.106117
128 0.00689697
16 -0.0112762
161 -0.0106354
90 -0.0391617
8 -0.00983524
181 -0.0379181
141 0.0411072
181 -0.0378876
92 -0.0207291
350 -0.00012207
9 -0.0598049
83 -0.0277634
181 -0.223999
124 -0.0245056
136 -0.934082
26 -0.0299377
87 -0.020546
176 -0.0759888
92 -0.0258179
197 0.276459
91 -0.0226288
7 0.0985484
101 0.0244751
98 -0.0217743
170 -0.0191956
165 -0.0426025
105 -0.027832
269 -7.57184
105 -0.0274582
86 -0.0127563
2 0.00945234
19 -0.00683212
30 0.00411034
105 -0.0312729
221 -0.0735779
46 0.0403214
55 0.0980644
2 -0.0475969
207 0.806396
236 -0.0644684
183 -0.028244
183 -0.0212555
31 0.0233536
183 -0.199097
161 -0.0341492
115 -0.00319672
89 -0.0230255
174 0.011322
183 -0.0211487
5 -0.0521793
56 -0.0153732
97 -0.0448227
98 -0.0222168
128 0.00692749
98 -0.0220947
156 0.0239563
103 -0.0186081
186 -0.4263
127 -0.00514984
105 -0.0315704
100 0.0118866
157 0.0600586
161 -0.0530701
207 0.806351
102 -0.0405045
4 -0.0514045
260 -1.32129
117 -0.0149078
125 -0.00752258
97 -0.0312958
108 -0.00730133
122 -0.0386276
49 -0.0527382
215 -9.72746
102 -0.03508
122 -0.0385513
90 -0.0391235
133 -1.08839
58 0.000854492
105 -0.0238953
10 0.00375748
355 -0.0338745
36 -0.0389824
31 -0.00448418
215 -9.72705
123 -0.0111008
206 -0.503693
116 0.00934601
88 0.0214081
15 -0.014389
101 0.0251007
90 -0.0392303
33 -0.0151825
170 0.0299072
5 -0.019135
20 -0.00783157
46 0.0165787
200 0.215881
31 0.0232601
285 0.0204773
206 -0.503601
13 -0.0251999
14 -0.00515652
88 0.0213547
93 -0.0312881
89 -0.0288086
11 -0.0170012
71 0.0126801
350 -6.10352e-05
92 -0.0258331
103 0.0151062
92 -0.0202789
101 0.0249023
94 -0.0283203
111 -0.0170593
156 0.0235901
98 -0.0220947
350 -0.000152588
350 -0.000152588
176 -0.0839081
5 -0.0520458
103 -0.0170822
46 0.0161057
122 -0.0262833
92 -0.0226059
31 0.023098
117 -0.0148315
181 -0.0374298
77 0.040123
98 -0.0220795
270 -10.6941
181 -0.245453
133 -1.08932
113 0.0629349
117 -0.0149918
16 -0.0224628
181 0.012085
52 -0.0199203
12 -0.0164051
105 -0.0242386
135 0.0170135
207 0.805847
90 -0.0160446
21 0.0092659
117 -0.028862
11 -0.00398922
92 -0.022583
186 -0.426666
138 0.111038
35 -0.0123367
81 -0.0669098
69 -0.0818253
2 -0.019762
102 -0.0292282
4 0.0123878
176 -0.075943
90 -0.01754
101 0.0251236
10 0.00365829
9 -0.0124683
20 -0.00723648
115 -0.00323486
58 0.0122643
100 0.0235062
165 -0.0426025
186 -0.425766
14 -0.00505352
181 0.0121765
10 0.00366211
209 1.0527
240 -10.8046
92 -0.0454254
113 0.0632019
16 -0.0113792
43 0.00527954
16 -0.0113125
131 0.0335083
105 -0.0335541
68 0.00648499
166 -0.00349426
270 3.63614
81 -0.0667191
103 0.0152054
49 0.00582886
138 0.110794
165 -0.0426788
19 0.0306168
72 -0.0325089
88 -0.0319595
9 -0.0125332
98 -0.0220795
31 0.0231323
21 0.0132561
87 -0.054245
92 -0.0327225
170 0.0285645
98 -0.0220718
113 -0.0313492
332 0.00375366
88 0.0222397
183 -0.14888
165 -0.0421753
101 0.0247879
99 -0.0415192
75 0.0422974
5 -0.0231032
83 -0.00745392
17 -0.0546417
355 -0.0337219
167 -0.00740051
2 -0.0570793
92 -0.0567093
133 -1.08844
14 -0.0080843
98 -0.0218658
118 -0.0150223
164 -0.0131378
167 0.02388
209 1.0526
119 0.0610886
101 0.0242615
101 0.013588
92 -0.0606461
14 -0.0104609
103 -0.039566
21 -0.0164604
181 -0.218933
181 -0.226624
111 -0.0114059
164 -0.0122681
280 -16.9381
161 -0.0549622
124 -0.00958252
193 -0.512024
6 0.0093112
21 0.0238457
101 0.0247879
315 -0.0100708
16 -0.0224342
92 -0.0605927
90 -0.0165863
101 0.0249329
94 0.0056839
170 0.0300598
174 0.0075531
92 -0.0305939
16 -0.0113754
83 -0.00696564
92 -0.0608139
136 -0.934189
252 -8.0441
215 -0.0042572
48 0.0363617
101 0.02491
117 -0.0149002
54 0.0193024
47 0.0277214
16 -0.0268116
92 -0.0203705
81 -0.0464249
200 0.21579
16 -0.0248032
31 0.022974
98 -0.0220718
253 -11.5923
101 0.0248337
98 -0.0219421
43 -0.0285912
119 0.0636063
112 -0.0310898
21 0.00677109
16 -0.0113239
14 -0.00434685
182 -0.0336456
165 -0.00854492
15 0.014451
81 -0.0466156
133 -1.08907
117 -0.0287781
4 0.0117631
215 -9.72737
184 -0.202972
82 -0.023468
73 0.0288239
37 -0.00128937
124 -0.00969696
73 0.0150833
9 -0.0128784
75 0.0422287
137 -0.0615997
218 -7.97514
91 -0.0384445
9 -0.0124884
221 -0.0733185
92 -0.025795
31 0.0232296
10 0.0041256
23 -0.0122871
99 0.0157013
131 0.0335693
164 0.0166168
15 0.0146599
117 -0.0149918
90 -0.0392761
22 -0.0317574
92 -0.0182648
44 0.0469589
21 0.00818634
176 -0.0759583
75 0.0423431
7 -0.0916076
98 -0.0317383
7 -0.0916057
136 -0.933731
99 0.0177383
183 -0.199036
101 0.0250702
103 0.00963593
81 -0.0346451
81 -0.0465393
21 0.00821304
137 -0.0623016
164 -0.0120697
15 0.0137405
9 -0.0127096
29 -0.0284672
117 -0.0287399
350 -0.000152588
90 -0.0161591
270 3.63647
65 0.00893402
121 0.0951385
6 -0.000873089
196 -0.0367889
98 -0.0219879
169 -0.0532379
94 0.00569153
8 0.0368547
114 -0.0313568
167 -0.0127106
21 0.00827217
166 -0.00341797
97 -0.0285873
15 -0.0196333
8 -0.0233269
137 0.115524
252 0.0111084
22 -0.0447769
57 0.00295258
92 -0.0114822
8 0.0377216
67 -0.00623322
101 0.0250015
215 -9.72777
113 0.0114975
10 0.00359917
98 -0.02211
260 -1.34033
121 0.0954819
118 0.00127411
110 -0.00974274
80 -0.0487823
157 -0.244507
349 -0.00439453
81 -0.0464706
48 -3.8147e-06
122 0.00894165
10 0.00407887
298 -0.0533752
10 -0.000110626
103 0.0383148
14 -0.00514698
98 -0.0220261
8 -0.00997925
220 -0.0546112
5 -0.0520935
111 -0.0498657
251 0.0167236
10 0.00344467
37 -0.00119781
135 0.0169983
14 -0.00446701
167 -0.0124664
72 -0.0330353
16 -0.0113106
109 0.0545502
9 -0.0125179
10 0.00363922
159 -0.0686035
55 0.0981293
264 -13.8079
350 -6.10352e-05
181 0.0121155
75 0.0422287
135 0.0169678
198 1.42555
49 0.00942993
183 -0.198914
104 0.0335617
167 0.0238953
2 0.00126076
5 -0.0194197
5 -0.0122375
178 -0.063446
169 -0.0532837
176 -0.0840912
258 -12.2187
135 0.0170135
33 -0.061985
7 0.0987315
28 0.00618362
77 -0.0477829
174 -0.0444183
8 -0.00980377
81 -0.0359421
28 -0.0258713
98 -0.0245361
90 -0.039238
79 0.00946045
198 1.42741
3 0.0177298
197 0.276993
100 0.012146
9 -0.012454
79 -0.0379868
60 -0.00979614
51 -0.00517273
275 -0.0642395
332 0.0428162
138 -1.02487
68 -0.0233765
57 0.0249825
117 -0.0288544
121 0.00182343
105 -0.0281448
16 -0.011343
9 -0.0125027
21 0.00685883
83 -0.0129242
117 -0.0287323
8 0.0153494
51 -0.0180855
101 0.0250473
269 0.0375366
186 -0.426559
7 -0.0916309
225 -0.00566101
124 -0.00956726
168 0.0207672
83 -0.0715942
82 -0.0365829
284 -0.0128174
169 -0.0532227
32 -0.0135899
16 -0.0268612
94 0.00566864
72 -0.0326004
49 0.034008
166 -0.00337219
10 -0.00513744
31 0.0232258
102 -0.0290985
99 0.0174332
217 -6.40674
165 -0.0420685
10 0.0238466
90 -0.0392075
274 -0.100189
181 -0.223679
4 -0.0514102
12 0.00340939
2 0.04145
238 -0.0757294
225 -0.00639343
3 -0.0533218
138 -1.02174
17 -0.00656891
284 -0.013092
125 -0.00836945
48 0.0333176
116 -0.019516
350 -9.15527e-05
136 -1.00052
15 -0.0303812
137 0.114029
104 0.0334015
225 -0.0505371
48 -0.0316734
163 0.0166168
12 -0.000218391
113 0.0637207
101 -0.0414886
299 -0.0576477
80 -0.0440445
88 0.022316
90 -0.0185699
50 0.00598907
119 0.063385
263 0.0367432
252 0.0119324
80 0.021965
85 -0.0640259
165 -0.04245
2 -0.0317535
16 -0.0113335
117 0.00575256
58 0.0824814
164 -0.0125122
31 0.0230293
33 -0.0621185
170 0.000396729
16 -0.0114422
5 -0.0449076
73 0.037735
99 0.0157928
31 0.0231876
355 -0.0335693
9 -0.0125866
72 -0.0329666
1 -0.0219584
50 0.00688553
136 -0.933548
51 0.0291214
117 -0.0149841
81 -0.0465469
16 -0.0112686
42 0.062439
99 0.0101242
6 0.0171642
281 -0.0093689
15 -0.0897951
19 0.0190029
10 0.00518894
94 0.00561523
92 -0.0174255
94 0.00570679
21 0.0243492
168 -0.0216675
178 -0.0635071
33 -0.0619583
51 0.0285988
88 0.0213165
15 -0.0140543
298 -0.0391541
37 -0.00124359
284 -0.0131531
37 -0.00128555
23 -0.0304108
63 0.014534
113 0.0631485
167 0.0238953
6 -0.0379348
129 -0.0139771
53 0.00541687
113 0.0634232
168 0.0209656
243 23.0569
89 -0.0306168
51 0.0254898
102 0.0457611
35 -0.0539131
115 -0.000320435
14 -0.00519466
15 0.0148144
190 -0.376953
164 -0.0128937
33 -0.0202866
9 -0.000449181
15 0.0143099
11 0.00424194
51 0.0294456
308 -0.0411072
14 -0.00872993
48 -0.032299
117 -0.0149231
9 -0.00925255
119 0.0593872
14 -0.00507641
92 -0.0607834
35 0.0553665
10 0.00378036
66 0.0706558
135 0.016983
128 0.00697327
16 -0.026186
36 -0.0398216
33 -0.0622368
8 0.0366459
190 -0.0135193
37 -0.00226974
166 -0.00344849
117 -0.0339584
170 -0.0191956
112 -0.0259552
10 -0.0167332
34 -0.0155182
94 0.00567627
22 -0.0368805
221 -0.0737305
98 -0.0221863
90 -0.0160217
167 -0.0126038
31 0.0231285
81 -0.0467072
109 0.0545349
9 -0.0125608
49 -0.0530434
34 0.0243454
168 0.0210114
14 -0.00856876
102 0.0455551
51 0.0292778
152 -0.00143433
99 0.0169754
166 -0.00344849
49 0.029438
81 -0.0465317
171 0.0296021
49 -0.00906754
71 0.0209503
176 -0.0839539
17 -0.0547085
14 -0.125202
120 -0.0337448
36 0.0707283
19 0.0210991
164 -0.0124207
166 -0.00788879
109 0.0545197
51 0.028965
21 0.00831413
84 0.0159149
138 -1.01343
54 0.0315781
131 0.0333405
36 0.0565681
16 -0.0113907
128 0.00688171
109 0.0544739
112 -0.00609589
48 0.0330391
2 -0.00294018
80 -0.0439758
189 -0.386917
49 0.0050087
63 -0.00665283
251 0.0166931
253 -11.5889
269 0.0354309
113 0.0413589
250 -0.089798
5 -0.052125
272 -0.00152588
122 -1.23495
9 -0.0124989
207 0.0232391
9 -0.0124674
264 -13.7992
72 -0.0326614
17 -0.0546646
98 -0.0221329
202 -8.5777
316 0.0321045
217 -0.0225677
191 -0.499283
100 -0.0243378
131 0.0334015
63 -0.00659943
110 -0.0260162
90 -0.0161209
6 -0.00749922
165 -0.042038
316 0.0319214
284 -0.0131226
352 -0.00741577
104 0.0334702
117 -0.0288391
253 0.0397797
6 -0.0382791
19 -0.0350552
37 -0.00133514
14 -0.00492859
73 0.0358734
24 -0.0321693
181 -0.643494
217 -0.0236664
7 0.0505581
20 -0.0590248
198 -8.33659
201 0.404404
169 -0.0531158
163 0.00462341
111 0.0585861
12 0.0109768
51 0.0292053
16 -0.011322
37 -0.00327682
102 0.0517044
136 -0.933578
10 0.00370789
94 -0.0426559
305 0.0196228
17 -0.0546703
92 -0.0203934
170 -0.0194092
29 0.0453415
118 0.0417938
85 0.00627899
1 -0.0442953
21 0.0091877
252 -10.2451
37 -0.00159073
316 0.0322876
94 0.00563812
55 0.0978851
92 -0.0606613
81 -0.0467148
15 -0.000314713
8 0.0375643
7 -0.0134683
102 0.0449524
42 0.0467415
31 0.0232277
31 0.0242367
109 0.0204468
161 -0.0538635
97 0.0495834
316 0.0315552
186 -0.426346
169 -0.0533447
102 0.0451965
98 -0.0221863
109 -0.0195084
1 0.0217075
14 -0.00506878
94 -0.0393448
64 0.0032196
237 -0.00448608
183 -0.0211182
72 -0.0166321
136 -0.934143
169 -0.0531464
50 0.00588608
8 -0.090169
81 0.053833
48 -0.00510406
224 0.00935364
176 -0.0838623
252 0.0117188
205 0.0062561
15 -0.0144339
15 0.0142002
215 -9.72717
137 0.112534
220 -0.054718
264 -0.00375366
253 0.0399017
92 -0.0608215
124 -0.00967407
113 0.0629044
48 -0.0234718
111 -0.0369034
162 -0.0212708
25 -0.0408688
31 0.0231972
90 -0.0392075
133 0.0921478
42 -0.0294991
113 0.0631485
206 0.0138702
184 -0.0488434
90 -0.0391541
122 -0.03022
53 -0.0117378
90 -0.035965
12 -0.00382614
48 0.0330276
176 -0.0761261
1 -0.000159264
52 -0.020195
10 -0.000192642
121 -1.13695
67 -0.00415802
25 -0.0505695
113 0.0647125
164 -0.012085
136 -0.934235
8 -0.0897636
181 -0.247055
39 -0.0247116
8 -0.00994778
140 0.00733948
181 -0.643219
82 -0.0356598
10 0.00367069
170 -0.0191803
248 -0.0908966
104 0.00323486
46 0.013485
100 0.0249405
5 -0.0521679
46 0.0160904
263 0.0262451
165 -0.042099
56 -0.0163689
72 -0.0323105
20 0.0210781
208 0.0335236
183 -0.199005
136 -0.93367
8 0.036911
49 0.0336342
236 -0.0627899
81 -0.0466232
101 0.0926361
269 0.0375061
81 -0.0467148
49 -0.0525818
91 0.0104141
73 0.0281525
45 -0.0308838
100 0.0986252
66 0.0706711
49 -0.0524788
6 0.00973272
10 0.00421524
180 0.0528717
71 -0.0224152
161 -0.034256
181 -0.218842
4 0.0124369
189 -0.00939941
94 0.00566101
176 -0.0840302
105 -0.0293045
231 0.0297699
105 -0.0360336
26 -0.0259151
91 0.0106583
3 -0.00752544
355 -0.0336914
48 -0.0338173
54 -0.0322914
74 -0.00688934
87 -0.0168381
73 -0.0280304
6 -0.00449324
172 -0.0949402
145 -0.802078
316 0.0322266
67 0.0747223
39 0.0575638
60 0.0050087
251 0.0166168
60 0.00558472
186 -0.0490417
6 -0.0111179
119 0.00437927
95 -0.0365295
169 -0.053299
96 -0.0205231
145 -0.776611
219 -0.0487671
187 -9.41672
290 -0.0368958
137 -1.02988
170 -0.0194702
262 -17.9832
113 -0.0421677
91 0.0104141
160 -0.0474548
119 0.0632629
176 -0.0449219
122 -0.0385208
65 0.0093689
332 0.0495605
20 -0.0581455
332 0.0436401
148 -0.751724
166 -0.008255
52 0.00445175
21 0.00663567
49 0.000793457
19 -0.0352383
52 0.00620651
235 0.0307007
255 -0.0132751
20 -0.03405
92 -0.0203934
195 0.0032959
59 -0.00343323
219 -0.0488281
209 0.000595093
39 0.0485916
50 -0.0086937
48 -0.0329742
74 0.0699615
17 -0.0112877
69 -0.0204315
38 0.0250473
181 -0.221085
49 0.0182419
67 0.0629959
185 -0.0299377
44 0.00250244
49 -0.0524292
122 -0.0384827
102 0.0448837
181 -0.643539
295 -0.0630798
7 -0.0208478
106 -0.0102844
60 0.0043335
92 -0.0203247
48 -0.0322456
126 -0.020874
52 -0.0199432
105 -0.0319977
169 -0.0492859
197 0.274918
13 -0.00850868
9 0.000536919
117 -0.0341797
67 0.0170593
47 0.027874
113 0.0630798
44 0.00279617
121 0.0951233
31 0.0232468
8 -0.00988865
67 -0.00488281
6 0.04671
163 -0.0204315
184 -0.0480042
92 -0.0583725
8 0.0376892
104 -0.0105362
19 -0.03508
178 -0.0634918
53 0.0381813
4 0.00238562
191 0.105194
236 -0.0052948
7 -0.0916276
180 0.0530548
176 -0.0760345
32 -0.00876236
17 -0.0151863
253 -0.019928
113 0.0628815
8 -0.0898809
221 -0.0731812
46 -0.0201797
91 0.010582
241 -0.0363159
69 -0.0177155
41 0.0323334
15 -0.0186367
191 0.104935
19 -0.0349751
49 -0.0513153
72 -0.016098
166 -0.00337219
46 0.0160294
256 0.050293
193 -0.0237732
25 -0.0374203
198 -10.4262
131 0.0335083
44 0.00201797
217 -3.80573
44 -0.0354729
103 0.0890198
119 0.0605774
181 -0.221008
60 -0.0430145
136 -0.933655
316 0.0317688
17 0.0271912
187 -9.4678
284 -0.013092
221 -0.0739136
312 0.0830078
113 0.0630341
67 -0.00421906
165 -0.0128632
109 0.0203476
86 -0.0280228
119 0.00148773
212 3.76688
10 0.0196018
73 0.0369339
90 0.00210571
66 -0.0136566
246 0.00506592
68 -0.00843811
131 0.033371
181 -0.0377502
33 -0.0616608
25 -0.0373707
52 -0.000900269
221 -0.0741272
8 0.0376825
113 0.0639801
6 0.00970745
253 0.04039
97 -0.0593948
250 -0.0335236
128 0.00698853
227 0.0598755
221 -0.0724182
113 0.062973
319 -23.8111
111 -0.0501633
85 -0.00484467
166 -0.00354004
85 0.0104141
138 -1.00739
72 -0.00188446
57 0.0289497
42 -0.0246582
103 0.0944138
107 0.0439606
111 0.0561218
116 0.0486069
52 0.00531769
246 0.0182953
49 -0.0119743
161 -0.0341797
49 0.00382233
13 -0.00948048
14 -0.00499439
26 -0.034481
255 -0.0178833
62 0.0560608
104 0.0335083
284 0.0155945
148 -0.684143
220 -0.0817719
117 -0.0430527
2 -0.0275698
35 -0.0546265
64 -0.0100136
298 -0.0522461
131 0.0855103
136 -0.934357
78 0.0262146
94 0.00583649
198 -10.426
51 0.0244675
237 -0.00991821
8 -0.00991821
104 0.0069809
103 0.0215073
37 -0.00334167
253 0.039856
111 0.0390244
52 0.00238037
26 -0.0515213
124 -0.00976562
146 -0.798553
197 0.270264
264 -0.00344849
277 0.0247803
69 -0.0817032
34 0.0473022
17 -0.0224056
33 -0.0199203
252 0.0119171
157 -0.244308
191 0.104935
67 0.0667801
10 0.0202913
60 0.00553513
323 -0.00491333
187 -0.049881
74 -0.0971451
161 -0.053009
252 0.0118561
33 -0.0619011
48 -0.0341568
128 0.0526581
165 -0.0128326
113 0.0629425
109 0.0201797
26 -0.0510902
228 0.0572662
122 -0.0385742
116 -0.00266266
75 -0.0651474
73 0.0462494
9 -0.0527153
169 -0.0532379
140 0.00717163
68 0.00914001
2 0.00676203
14 -0.0102825
52 -0.0203285
63 -0.00566101
269 0.0361023
175 0.00540161
49 -0.0528793
316 0.0311279
36 -0.00178528
74 0.0698776
50 0.0104179
113 0.0647049
73 0.0231094
26 -0.050993
238 -0.0677643
54 0.0221214
254 -0.0309753
77 0.044014
76 0.00698853
28 -0.0417137
252 0.0119324
19 0.0451279
90 -0.0400314
118 -0.00824738
251 0.0167236
167 -0.0125122
188 0.0273285
49 -0.0218887
124 -0.00881958
170 -0.0192566
351 -0.148895
9 -0.0152702
45 -0.0334129
49 -0.0135422
37 -0.00397491
92 -0.0582809
75 -0.0127182
104 0.0335083
27 0.0380669
122 -0.038475
37 -0.0022583
4 -0.0288029
268 -12.4045
61 -0.00160217
140 0.00724792
55 -0.027462
73 0.0083847
6 -0.038528
98 -0.0358124
49 0.00681305
208 0.00798035
17 -0.052784
173 0.0355682
119 0.0633087
48 -0.0318069
188 0.02742
131 0.033493
211 -0.0364838
215 -9.72787
170 0.0136261
17 -0.0155716
157 -0.244385
109 0.0202713
103 -0.00686646
214 -0.00669861
84 -0.0188904
128 0.0499878
332 -0.00460815
316 0.0321045
120 -0.0205078
49 -0.0527
137 0.113708
237 1.52588e-05
239 -0.0145264
165 -0.0422363
212 3.03085
7 -0.032074
103 0.0150223
355 -0.0338135
33 -0.06147
268 -0.0335388
121 0.0954437
188 -0.0244293
32 0.00934601
82 -0.0365219
186 -0.425797
186 -0.426147
53 0.00563812
104 0.0335312
117 -0.0417862
83 -0.0257339
167 -0.0151062
74 0.0601959
342 0.0523987
81 -0.0462265
166 -0.00334167
21 -0.0434303
196 -0.0367889
31 -0.018116
280 -16.9378
195 -0.00270081
54 -0.00785828
128 0.00706482
62 -0.029747
126 -1.06384
10 0.0201864
176 -0.0840302
319 -23.8112
183 -0.0211182
87 -0.0348816
7 0.0504208
7 -0.050437
188 0.0272522
91 -0.0213242
19 -0.0351467
269 0.0374451
106 -0.0450211
284 -0.0131226
74 -0.0957794
2 -0.0244837
191 0.264679
30 0.0107861
42 0.0449486
140 0.0072937
48 0.0332718
36 -0.00437927
284 -0.0131226
101 0.047142
216 -13.2559
366 0.0593872
280 -16.9379
92 0.00611877
37 -0.00224686
63 0.00918198
109 0.02005
105 -0.0328827
48 0.033268
165 -0.0426636
34 -0.000602722
109 0.0200119
298 -0.0532837
219 -0.0489502
167 -0.0150146
236 -0.0688782
174 -0.0449982
81 -0.0463943
164 -0.021225
186 -0.426346
98 -0.0343094
166 -0.0221405
220 -0.0708008
7 0.0984774
170 -0.0299225
98 -0.0331192
173 -0.0258636
4 0.0142503
81 -0.0466766
187 -0.0184479
198 -10.4253
215 0.0324554
27 0.0316486
161 0.0219116
117 -0.0149155
62 -0.0351753
169 0.00556946
115 0.0954361
221 -0.0731659
239 -0.00881958
65 -0.0132751
36 -0.0399323
269 0.0261841
29 -0.0145206
97 -0.0194931
13 -0.0157681
162 -0.341141
91 0.0104599
91 0.0104675
167 0.023941
36 -0.0396156
126 0.0140152
166 -0.00630188
209 8.53398
167 -0.0154572
71 -0.0713654
33 -0.0623741
176 -0.0840607
96 -0.0324173
288 -0.0174255
56 0.0166359
54 -0.017231
46 0.0161858
115 0.012825
90 0.040451
67 0.00398254
90 -0.0391464
7 0.0501814
47 0.00535965
26 -0.0321712
109 0.0202103
166 -0.00842285
50 -0.0251312
327 -0.0168152
160 -0.0483704
113 0.0629501
33 -0.0618134
326 -0.0328064
53 0.0194092
260 0.0386963
4 -0.0111685
104 -0.0496902
202 -8.57895
195 -0.0316467
3 -0.0387268
15 -0.0327368
37 -0.00124741
217 -7.85777
167 -0.012619
206 -0.0697021
26 -0.0512447
105 -0.0208969
220 -0.0390625
99 0.0161438
73 -0.0256119
172 -0.0566406
50 -0.00403214
258 0.0684814
329 -0.00595093
82 0.0549545
2 0.0670362
32 0.0171509
17 0.0771542
47 0.00217438
253 0.039978
27 -0.00585747
269 -0.0136108
187 -0.0498199
71 0.0160141
89 0.00868225
23 -0.0160732
167 -0.0154266
279 -0.0873108
80 -0.0199203
12 -0.00234318
67 -0.00610352
117 0.105606
60 0.00248337
63 -0.00674057
42 -0.00407791
268 -12.4071
47 -0.0156937
54 0.0224724
36 -0.0130615
18 -0.0167313
10 -0.00112534
164 -0.284332
21 0.02845
63 -0.00547791
170 0.0295105
10 -0.000484467
287 -0.033844
9 -0.0595665
98 -0.0220108
76 -0.0528793
104 0.00469208
181 -0.247894
1 0.0349207
264 -13.8085
152 -0.529053
169 -0.0532074
133 -1.08829
3 -0.0203528
189 0.470596
38 -0.0100937
63 -0.0307007
43 0.00638962
17 -0.0394535
73 0.0600204
142 0.048645
186 -0.0355835
296 -0.0853882
162 -0.011673
103 0.0147018
15 0.0148554
221 -0.072525
264 -0.0156555
58 -0.0130272
167 -0.0150604
268 0.000518799
316 0.0332336
109 0.0204697
10 -0.000985146
37 -0.00345993
110 -0.0476685
269 -0.0131836
8 -0.0100126
252 -10.2433
79 -0.017189
342 0.0523682
67 -0.0189972
162 -0.341248
160 -0.000137329
8 0.0366545
198 -10.4267
260 -0.00289917
310 -0.0437927
133 -1.08916
90 0.0281296
63 -0.0295029
253 0.0399323
161 0.000671387
118 -0.0593719
146 -0.792587
33 -0.0198593
81 -0.0304489
176 -0.110596
56 0.0255432
63 -0.00756073
81 -0.0335693
14 -0.0242472
154 0.0216217
2 0.0375624
52 -0.0174828
74 0.05896
127 0.00366211
104 0.0336227
4 0.00877953
218 -6.16502
77 0.0149994
173 -0.042511
195 -0.0314331
259 -0.0162354
181 -0.643448
27 0.0325394
26 0.00175858
166 -0.0231018
103 0.0198822
144 -0.00375366
84 -0.0170288
31 0.0174942
90 0.0294189
217 -0.0225677
46 0.0159492
10 -0.000867844
25 0.0175896
294 -0.0397644
323 -0.00469971
206 -0.503693
124 0.180344
14 -0.00934124
261 0.0134888
323 -0.00463867
167 0.0238953
170 -0.0476837
306 -0.0205994
92 -0.0222397
164 -0.0121002
91 0.0107727
186 -0.0399475
230 -4.96014
173 -0.0652161
178 -0.0702515
86 0.0141296
181 -0.037796
8 0.0367641
250 -0.0103912
205 0.00706482
33 -0.00569534
342 0.0524292
288 -21.157
234 -0.00662231
262 -18.1732
117 -0.0364227
212 2.59924
11 -0.0268555
81 -0.0506821
52 -0.0200539
46 -0.0334282
91 -0.0579224
264 0.0293579
22 -0.0364475
8 -0.0899391
166 -0.0690155
46 0.00151443
110 0.0489578
60 0.00135422
56 0.019783
10 -0.00119877
114 0.0133133
51 0.0014267
109 -0.00570679
22 0.0453568
28 -0.0319138
31 0.0247536
187 -2.68793
178 -0.0636292
288 0.00180054
54 0.0220871
269 0.0259399
85 -0.0171585
90 -0.043457
94 -0.0344772
168 0.0196533
94 -0.0272751
195 -0.0367584
115 0.00656891
194 0.0414276
10 -0.00124645
100 -0.0257339
75 -0.00658417
9 -0.0597239
172 -0.0144348
296 -0.0675964
22 -0.0368862
164 0.000549316
46 -0.000324249
60 0.00128174
73 0.0351181
19 0.0908623
317 -0.0357056
93 -0.0550003
9 0.0398569
33 -0.0618095
251 -0.0577698
13 -0.0744381
269 -0.0209351
17 -0.054678
6 -0.0376549
54 0.0317001
143 0.0467072
218 -6.16336
50 -0.0224075
217 -0.0225677
67 -0.00411987
6 0.00967169
160 -0.0870514
5 -0.0193381
161 -0.0523682
4 0.0152578
177 -0.0150452
137 0.113998
253 0.039978
161 -0.0339661
75 0.0401917
186 -0.0492249
170 0.0299225
209 1.05266
83 0.0645676
186 -0.0491791
188 0.0275269
27 -0.0551033
59 -0.00839233
166 -0.000259399
5 -0.0464783
21 0.00821686
111 -0.0498199
39 -0.0428734
55 -0.0237274
124 0.0260239
99 0.00334167
21 0.00924301
253 0.0400696
63 -0.00715256
353 -0.123138
58 -0.0309181
166 -0.753738
257 0.0209961
57 0.0252266
307 -22.1436
270 -0.0395203
128 0.00715637
23 0.0297356
181 0.012619
11 0.0305719
16 -0.0261536
362 -0.0796814
77 -0.0104752
163 -0.048233
34 -0.033535
250 -4.59457
140 0.00715637
269 0.0532532
142 0.0594788
241 0.00994873
153 -0.611984
35 -0.0407944
253 0.039978
155 0.0129547
165 -0.0421753
63 -0.00541306
251 0.0167084
194 0.671082
33 -0.061779
218 -6.16368
10 0.0253906
56 0.0169373
3 -4.3869e-05
98 -0.0531387
342 0.0523987
14 0.0025034
81 -0.0508499
8 0.0375814
21 0.00936127
90 -0.0160751
88 0.0214081
61 -0.00138855
48 -0.0329132
151 -0.0509338
169 -0.0532532
90 -0.0176544
181 0.380386
54 0.0103836
170 -0.019104
23 0.0680904
8 -0.0898209
10 -0.100021
127 -0.0540924
6 -0.00758505
286 0.00656128
186 -0.035553
90 -0.016037
100 0.0402985
48 0.0331802
114 -0.0250015
43 0.00576782
36 -0.0299301
256 -0.0324707
301 0.00430298
30 -0.00126076
33 -0.0619774
63 -0.00682449
128 0.0068512
173 -0.0484619
66 -0.0207672
122 -0.0387421
316 0.0318604
38 -0.0234528
71 0.0166779
196 -0.0364227
7 0.0990243
80 -0.0801926
181 -0.643204
184 -0.0439301
10 -0.000235558
187 -0.0502472
355 -0.0332642
3 -0.0281649
31 0.00559807
33 -0.0621948
202 -8.57597
14 -0.0110445
181 -0.643127
173 -0.0441284
124 -0.00968933
124 -0.0270767
109 0.0205612
252 -0.078598
186 -0.0354462
89 -0.0261765
83 -0.00688934
100 -0.0505829
36 0.0394745
26 -0.0220413
36 -0.0217056
126 -1.85149
64 -0.0288925
46 -0.00918198
225 -0.00566101
138 -0.0665741
81 0.0106506
39 -0.0380402
49 -0.0526085
48 0.0333023
39 -0.0168839
173 0.0083313
132 0.0183563
240 -0.0581055
342 0.0523682
26 -0.0515118
157 -0.766144
259 3.63287
206 -0.503647
77 0.0305252
216 -13.2586
295 -0.056427
51 0.0294189
369 -0.0587158
332 -0.0193481
92 -0.0204086
165 -0.0425873
198 -7.41939
168 0.0197296
5 -0.047298
264 -13.8016
103 0.0150757
64 -0.00193024
157 -0.873306
165 -0.0419617
14 -0.00499821
181 -0.250046
92 -0.0570755
109 0.0205002
47 0.0275574
50 -0.0522346
10 0.0175314
78 -0.0728378
60 0.00637436
5 -0.0520687
180 0.0527496
58 0.0113411
8 -0.0897589
251 0.000930786
223 -5.01099
170 0.0127716
19 0.00603104
25 -0.0373096
169 -0.00262451
10 -0.00110817
46 -0.00925827
198 -10.426
89 0.0233994
223 -0.0134125
264 -13.801
289 -0.0560913
63 -0.00549316
119 0.00987244
194 0.0417175
228 0.0584412
90 -0.0182495
137 -0.0613861
17 0.0325489
14 -0.00979424
7 0.0506868
10 -0.00137138
72 -0.00514984
26 -0.0513496
34 -0.00232697
128 -0.0344696
90 -0.0159988
106 -0.0267715
33 -0.0389099
150 -0.567932
103 -0.0510178
8 -0.0902243
60 0.00547028
218 -6.16136
43 -0.0218773
342 0.0524597
166 -0.371689
76 0.0159683
164 -0.0121002
246 -0.0726624
21 -0.0434513
273 -0.0813293
284 0.0383606
181 -0.643219
197 0.269882
156 0.0206146
90 -0.0172348
5 -0.0522327
217 -7.86723
62 -0.0210533
102 0.0493164
137 0.0302277
4 -0.00506735
51 -0.0166473
209 1.0526
67 -0.00416565
69 -0.0102768
164 0.016571
48 0.00056839
137 0.113663
132 -0.536804
180 0.0775757
188 0.0274811
34 -0.0448074
29 0.0117378
258 -12.2198
88 -0.0342865
275 -0.0640869
48 -0.0324631
165 -0.0421143
253 0.0398865
117 -0.0446396
214 -0.00787354
222 0.81781
106 -0.0495224
207 0.806396
197 0.275543
104 -0.0272827
65 -0.000823975
23 0.0420055
40 -0.014183
73 0.0367584
20 0.0875988
197 0.275909
117 -0.0428925
9 -0.0192375
166 -0.0628052
257 0.0437622
121 0.00193787
44 -0.035675
328 -0.0498352
32 -0.0538197
167 0.0240021
175 -0.0351715
28 -0.023428
48 -0.0369949
183 -0.0284119
121 0.0954208
230 -4.98085
17 0.033968
291 -0.0351868
161 -0.0531006
213 -0.0328674
137 -0.061615
316 0.0318604
33 -0.0620422
167 -2.24757
4 0.0153251
175 -0.0352173
19 -0.0351086
170 -0.019165
180 0.0531006
254 0.00375366
27 -0.0224113
373 -0.0823669
180 0.0777435
167 0.0201721
258 -0.0113525
99 -0.0455856
372 0.0145569
173 -0.150864
202 2.21159
27 0.0527821
183 -0.0213013
8 0.0375519
167 -0.0151978
127 -0.0455856
73 0.0258255
28 -0.00953102
1 -0.0370255
116 0.00924683
213 -0.0327606
312 0.0570374
138 -0.0666046
137 0.0212402
146 0.00671387
262 -0.00311279
181 -0.218948
314 -0.0295715
168 0.0198212
208 0.0340118
32 -0.0305328
5 -0.0115361
50 0.00585175
323 0.0519104
184 -0.0178986
132 -0.0290833
92 -0.0571365
194 1.18819
147 0.0401459
161 -0.0336304
122 -0.0384903
183 -0.0284882
198 -10.425
117 -0.0148697
272 -0.0363159
31 -0.0156784
169 -0.0532379
165 -0.672546
110 -0.000518799
63 -0.00658798
109 -0.0418091
135 0.0171051
168 -0.715683
103 -0.0384445
102 0.020752
20 -0.0589333
355 -0.0333252
48 -0.0337791
117 -0.015007
195 0.00320435
325 -0.0274963
31 -0.00383186
235 0.0345001
168 0.019928
48 -0.0346413
44 -0.0196838
32 -0.0332108
34 0.00624466
170 0.0286407
186 -0.0507965
27 -0.00784302
196 0.585129
136 0.0156555
136 -0.933578
10 -0.00136566
27 -0.005373
362 -0.105103
94 -0.0817413
225 -0.0159302
183 -0.0283356
48 0.033062
16 -0.0329399
157 -0.766205
143 0.0794678
32 0.0134583
39 -0.0065155
369 -0.0587463
167 -0.0499878
175 -0.0351868
140 -0.0602264
73 0.0149994
230 -4.94403
5 -0.0166278
220 -4.71236
27 -0.00509262
5 0.0429363
159 -0.0690155
166 -0.371994
41 -0.0814819
226 0.0595398
176 -0.0632782
111 -0.0427475
102 0.04599
210 3.38257
88 0.0213699
303 -0.0285034
223 0.0163422
197 0.628754
24 -0.0199471
120 -0.0012207
104 -0.00906372
161 -0.0342712
335 0.0367737
243 -9.72928
66 -0.0189362
243 -0.0248718
51 0.0281296
213 -0.0327301
121 0.0954514
98 -0.0246811
164 -0.0121918
220 -0.055191
218 -6.16249
293 -0.0374146
156 0.0231934
181 -0.643463
131 0.0335846
3 0.0091629
312 -0.0520935
92 0.0514145
289 -0.0556641
55 0.098053
56 0.0176048
211 -1.25046
113 0.00156403
184 0.771698
21 0.00793266
225 -0.00602722
46 -0.0390778
288 -0.0318298
110 -0.02668
18 -0.0392075
110 -0.0303955
97 -0.0760345
111 -0.0261154
178 -0.0211639
186 -0.0493164
235 0.0196991
60 0.00563431
32 -0.0240498
202 1.59123
49 0.0352745
54 0.0163841
269 0.0257568
37 -0.00127411
48 -0.0349731
102 0.0397263
32 -0.0081749
55 0.0980339
111 -0.0347214
127 -0.0461426
310 -0.0167847
102 0.020134
90 -0.02948
60 -0.0293922
101 0.0847168
217 -0.00654602
8 0.0439453
57 0.0259743
227 -5.99202
48 0.00108719
305 -0.00836182
10 0.00143909
59 0.0401077
29 0.0333176
170 -0.026825
154 0.0214233
279 -0.019104
5 -0.0522189
237 -0.022049
183 -0.0210419
298 -0.0533142
258 -13.8343
213 -0.0327911
177 0.196457
173 -0.0337524
275 -0.0639038
170 -0.0889435
12 -0.0573273
238 0.00296021
328 -0.0481567
164 -0.281876
128 0.0669861
48 0.033268
172 -0.0622406
3 0.00241327
48 -0.0344658
52 -0.000545502
196 0.505661
6 0.00976133
361 -0.010498
156 -0.0290222
350 -6.10352e-05
323 -0.000396729
5 -0.0358992
164 0.0166321
138 0.034256
106 0.0451813
198 -6.36682
6 0.00974655
25 -0.0504837
156 0.0204773
342 0.0524597
32 0.00774765
294 -0.0717163
57 0.0300026
167 -0.0126343
167 -1.18939
160 -0.103333
88 0.0697021
117 -0.0287552
342 0.0523071
107 -0.0688858
223 0.0163879
18 -0.0530586
112 0.0497513
171 -0.0443268
158 -0.142593
203 3.90358
222 0.0052948
158 -0.141479
151 0.00521851
46 -0.0368805
117 -0.0373306
43 -0.0177536
37 -0.00182343
188 -0.022049
227 -5.68901
256 0.0254517
31 -0.0497513
81 -0.066803
131 0.0335541
124 -0.00955963
284 -0.0127869
169 -0.0532532
169 -0.589432
168 -0.00749207
151 0.0531616
331 -0.0105286
157 -0.138397
265 -0.00512695
67 -0.0582428
307 0.00927734
252 -10.2449
84 0.0722733
164 -0.0119324
247 0.0264435
30 0.0348358
4 -0.0275292
68 -0.0205536
215 -0.00352478
48 -0.0322838
251 0.0166168
33 -0.0617599
4 0.0444736
33 -0.0620995
201 -7.33888
166 -0.00794983
108 -0.0086441
358 -0.102966
212 0.00956726
73 0.0124054
101 -0.0341873
74 0.0292664
8 0.0366306
205 0.572556
250 -0.00416565
60 -0.0512543
38 -0.0299988
83 -0.0329742
57 0.0285912
7 -0.0366583
32 -0.00558472
10 0.0215816
128 -0.0281067
126 0.0261688
125 0.0593719
140 0.00721741
119 0.0629807
123 -0.0106354
342 0.0523376
105 -0.0468903
122 -0.0384521
209 1.05264
181 -0.643524
364 0.110382
209 0.306915
110 -0.0260696
196 0.552734
295 -0.0378113
81 0.0105362
177 0.0112457
160 -0.103302
82 0.0356598
175 -0.0843048
215 -9.7269
92 -0.0581512
20 0.0646572
183 -0.0211792
198 0.0142059
136 0.0149689
305 -0.0602417
215 -9.72664
90 0.063179
49 -0.052784
39 -0.0438766
6 0.0335894
267 0.139282
305 -0.00811768
255 3.61646
34 0.0603333
92 -0.0203552
183 -0.0210419
37 -0.004879
58 0.00921249
37 -0.00175858
179 0.013031
322 -0.057251
203 3.9158
269 0.0258789
67 -0.00617981
128 -0.0282135
127 -0.0479813
312 -0.00628662
5 -0.0215044
5 -0.0520582
107 -0.0542297
268 -0.0567627
57 0.0298767
22 -0.0369015
340 -0.0200806
250 -0.0154572
234 -9.58409
68 -0.0130463
175 -0.0148163
251 0.0167542
252 -10.243
60 0.00449371
52 -0.0204163
147 -0.180878
33 0.0273666
282 0.0174866
6 0.00962782
105 0.041687
15 -0.0331078
90 -0.0354767
132 -0.0132141
25 -0.0167618
165 0.0172424
77 -0.101677
315 -0.0221252
12 0.0485935
186 -0.0354462
255 3.6174
194 0.670944
180 0.0774994
311 -21.4283
215 -0.024765
203 0.0397491
272 -0.0345459
68 -0.0331726
4 0.00253201
7 -0.0351095
167 0.0238342
71 0.0313873
25 -0.0701256
156 -0.0329437
208 -0.0774384
9 -0.0477896
84 -0.0396118
170 -0.0192261
102 -0.0303192
153 -0.66011
117 -0.0148773
164 -0.0123444
198 -0.0197144
102 0.0204163
76 0.00334167
121 0.0953217
131 -0.0422058
302 -0.0131531
90 -0.0159302
166 -0.00788879
78 -0.0202026
51 0.0251389
175 -0.141174
286 0.254669
78 -0.019989
161 -0.0335999
216 -13.2536
167 0.0239563
209 1.05267
36 -0.0397377
181 -0.223221
79 0.0273666
56 -0.00339127
215 -9.72707
63 -0.0325623
279 -0.0205383
21 -0.0388412
81 0.0106049
321 0.0334473
9 0.0682421
40 0.0591507
228 0.0584717
63 -0.00685501
249 -0.0520172
243 -0.0075531
311 -21.4262
109 0.0202942
174 -0.0455933
274 -0.100708
263 0.0350342
181 -0.643661
24 -0.0240822
352 -0.0184326
5 -0.0425487
41 -0.0183182
104 0.0334396
55 0.0981026
184 -0.0761261
298 -0.0534668
263 0.0171204
217 -0.0234375
229 -0.107819
64 -0.034462
81 0.0109634
15 -0.200548
251 0.0166931
52 0.0242271
32 -0.0164948
37 -0.00246429
225 -0.0063324
288 -0.0322876
119 0.00896454
67 -0.00120544
41 -0.0820961
50 0.00565338
194 -9.2119
24 0.019886
299 -0.0186768
169 -0.00245667
291 -0.0670776
13 -0.111238
15 -0.0385246
124 -0.051796
168 0.0198669
8 -0.0898323
304 -0.0105896
323 -0.00442505
25 -0.069767
78 -0.0247421
57 -0.119205
39 -0.0434914
56 0.0163574
227 -9.87216
37 0.00965118
164 -0.282288
165 0.0411224
174 -0.176453
296 -0.057312
72 -0.0324783
47 -0.00782013
99 -0.00134277
83 -0.023735
190 0.00756836
252 -10.2437
167 -1.20952
128 -0.0453644
211 2.44688
151 0.068573
308 0.0121155
164 -0.281799
127 -0.0540466
230 -4.98389
61 -0.00426865
120 -0.0209351
280 -16.9377
211 -1.25029
305 -0.0314026
109 0.0203857
137 0.113693
269 0.102814
109 0.020195
104 0.033577
183 -0.0211487
225 0.473129
269 0.0269165
207 0.805847
197 0.27037
225 0.0287476
39 -0.0437546
8 -0.0901308
313 -0.0116882
157 0.0603027
137 0.0068512
196 0.501358
134 6.10352e-05
352 -0.0183716
105 -0.0359955
244 -0.0275726
121 -0.0373764
199 -0.634689
163 -0.0851135
184 0.275604
244 0.0767517
1 -0.0490389
91 0.0288391
117 -0.045723
83 -0.00669098
175 0.118088
191 0.105072
103 0.00852203
28 -0.00946426
213 -0.0186005
132 -0.0308838
81 0.00215912
218 -7.97169
64 -0.0280266
78 0.0726471
138 -0.0666962
133 -1.08839
317 0.431091
218 0.0128937
140 -0.0579681
176 -0.609772
207 0.806015
182 0.237839
122 -0.0158691
144 0.0233002
197 -0.486496
64 -0.0370445
121 -0.0371933
32 -0.00866318
330 0.0395813
77 -0.0465469
161 -0.0342407
25 -0.0505066
70 -0.000549316
280 -0.0115967
284 0.0184631
131 0.0334015
281 -0.0363464
164 -0.282455
83 -0.00700378
195 0.00361633
268 -0.0491943
74 -0.0958328
238 -13.9426
48 -0.0321312
169 -0.0144806
274 0.0725098
211 -0.00881958
109 0.0203247
62 -0.0394325
132 -0.0663147
209 0.307816
267 -0.0251465
299 -0.0588684
198 -0.0440979
264 -0.0114746
106 0.065239
243 -0.0263519
78 -0.00589752
198 1.42574
142 -0.0236969
164 -0.0159454
218 -0.0374146
25 -0.039402
121 -0.0147247
67 -0.00597382
7 -0.0543709
59 -0.0854034
105 -0.068985
256 -0.0346832
169 -0.0532379
105 -0.0164261
137 -0.0770569
28 0.00696564
372 -0.0491028
303 -0.063446
191 5.80493
183 -0.149139
25 -0.0701065
231 -0.0327454
111 0.089241
276 0.00402832
284 0.015625
297 -18.5641
151 0.0745087
250 -0.0622559
164 -0.0462494
72 0.0144424
358 -0.145569
168 0.020813
114 0.0318832
284 -0.0129395
311 -0.041748
180 0.0526581
121 -0.0766144
122 -0.0123367
86 0.0781555
19 0.0515823
319 -0.0365295
92 0.0496902
252 -0.0185699
221 -0.072525
130 -0.0125275
141 0.043808
342 0.065033
36 -0.0390549
252 0.0391235
365 0.0595093
169 -0.00265503
46 -0.016716
183 -0.149124
6 0.00968838
287 -0.0245667
196 -0.0366974
110 -0.0346069
286 -0.0428467
32 3.05176e-05
268 0.0661316
224 -8.85764
117 -0.0289307
151 0.0723572
323 -9.15527e-05
28 -0.000133514
8 -0.0898972
275 -0.0595703
275 -0.0639343
170 -0.0192261
253 0.0401154
107 -0.0372925
340 -0.00421143
189 0.470612
89 0.0231781
289 -0.0432434
174 -0.0452423
230 -1.20773
94 0.00563812
255 0.08284
108 -0.028038
74 -0.0961533
154 -0.112183
335 0.00558472
142 -0.0254364
111 -0.0440903
140 -0.0595245
158 -1.48807
63 -0.108364
35 -0.0540581
297 -0.063385
32 -0.00856781
229 0.00553894
249 -0.0310516
122 -0.0384674
36 -0.0396996
188 0.062149
312 0.0810242
247 -0.0293274
364 -0.133698
164 -0.0120239
19 -0.0222664
180 0.053772
275 -0.0637512
55 -0.118069
229 0.00585938
290 -0.0275269
59 -0.0856133
332 -0.0032959
29 -0.0107594
220 -0.0543823
22 -0.0455093
355 -0.0334473
90 -0.0161743
253 0.039978
111 -0.0507431
81 -0.0668945
89 0.0234985
305 -23.4727
183 -0.0283508
211 2.30484
340 -0.148041
359 0.108002
294 -0.0962219
168 -0.641998
131 0.0335541
191 0.0258484
141 0.0410461
303 -23.8535
271 0.141327
165 -0.0426636
104 0.0335464
130 -0.00801086
47 -0.0102348
167 -0.0155029
60 0.00545502
152 0.0752106
112 0.050766
162 -0.0165863
280 0.0135193
35 -0.0548744
22 -0.0372696
120 -0.0487976
62 -0.0014267
171 -0.0736084
167 0.0239868
291 -0.0343628
251 -0.0229492
111 -0.0589142
183 0.24527
224 -0.00340271
133 0.604218
92 -0.0580902
301 -0.030426
186 -0.0354614
27 0.0483799
65 0.00559998
196 -12.1559
299 -0.0385742
239 -0.105301
242 -0.0393066
191 0.105103
194 0.0417175
155 -0.0632172
124 -0.009552
305 0.0197449
78 -0.0824585
184 0.27626
217 0.0110321
309 -0.00314331
121 -0.813187
182 0.212616
217 0.00440979
4 -0.0111446
31 -0.00435257
133 -1.08919
289 -0.0240173
195 0.0037384
224 -0.00830078
88 -0.0168991
288 -21.1664
327 -0.027832
55 -0.133595
332 -0.00201416
332 -0.00296021
146 0.0189514
154 0.0213165
64 -0.0330505
75 -0.0953903
344 -0.003479
90 -0.016571
166 -0.00799561
305 0.0202026
285 0.0203247
117 -0.0287323
119 -0.046524
235 0.0437164
70 -0.0250702
93 -0.0164032
5 -0.00764799
24 -0.00323486
1 -0.0510197
139 -0.0106659
50 0.0281639
315 0.0258179
278 0.0401001
164 -0.0130615
239 12.5245
192 -0.0101929
78 -0.0200577
74 0.0608902
200 0.215683
366 0.205231
102 -0.0291138
154 0.124496
225 -0.00624084
151 -0.0343628
350 0.0406189
66 0.00585938
181 -0.237183
299 -0.0278015
252 -13.4916
225 -0.0131531
77 -0.0144501
117 -0.0149918
364 0.173218
184 -0.203033
197 0.275604
64 -0.0251732
180 0.0777588
220 -0.0401306
25 -0.0698776
113 0.0625458
109 0.019989
311 -0.0476379
32 -0.00708008
342 0.0523682
359 0.0709229
302 0.508636
109 -0.0111465
49 0.0234909
160 -0.0169373
67 -0.0118866
305 -0.0658264
286 -0.00891113
183 -0.0211639
225 -0.0063324
84 0.0693588
338 0.0455322
132 -0.012085
140 -0.0372009
186 0.144455
78 -0.0200958
61 0.0710907
84 -0.0059967
338 -0.0360413
240 -0.0353699
325 -0.0247803
151 -0.725128
366 0.0797424
213 -0.00663757
365 0.00170898
33 -0.0619888
47 -0.0681992
342 -0.0259399
122 -0.0432968
133 -0.0787506
193 0.0448761
209 0.307831
360 -0.0133057
93 0.0422745
143 0.00422668
332 -0.0725098
365 4.14685
81 -0.0562515
350 0.0471191
217 0.00466919
9 -0.0123959
316 0.0350647
227 -0.00544739
94 0.00566864
85 0.071312
171 0.0296783
91 0.0159988
236 0.0434723
121 -1.01059
32 -0.00568008
193 -0.505234
329 -0.0568237
131 0.0333862
172 -0.0296783
167 -0.012558
19 0.0288448
281 -0.0943604
175 -0.0190277
156 0.02034
111 -0.050087
219 -0.0489502
31 -0.0223846
127 -0.0538254
365 0.058197
366 0.313934
338 -0.0813293
47 -0.0128937
128 0.00694275
218 0.985062
350 -0.0454102
91 -0.0409851
6 -0.117701
67 -0.0063324
175 -0.0352783
166 -0.00782776
41 -0.0757065
217 -0.0231323
290 -0.0391846
217 -0.0230103
35 -0.0562363
311 -21.4335
141 0.0409241
106 0.0995865
167 -0.0152435
135 0.0169678
109 -0.0426178
105 0.0416794
84 -0.0262756
158 -0.0517883
329 -0.0598755
323 -0.00384521
281 -0.0253296
133 -1.96109
145 0.0203552
367 0.104645
151 0.0724335
57 -0.10796
366 7.17786
80 -0.0485153
319 0.0706482
174 -0.0570374
106 -0.0396271
285 0.0203857
323 -0.0549927
162 0.0380707
165 -0.0722504
346 0.133331
324 -0.0278015
165 -0.145218
57 0.029213
357 0.0776978
289 -0.020874
316 0.438354
230 -0.0381317
29 0.0102539
176 -0.0839691
56 0.00387573
8 0.0376644
85 -0.00961304
133 -0.0262756
164 -0.412643
346 0.133911
292 -21.7297
133 -1.08838
139 0.0373383
291 -0.0352173
151 0.054657
30 0.00995636
323 -0.00466919
75 -0.0127792
183 0.24472
80 -0.071312
169 -0.553024
107 0.0355759
291 -0.0349426
219 -0.0206757
28 -0.0292625
40 -0.00477219
136 0.0935211
239 -11.408
58 -0.0671921
241 -0.0332489
131 0.0335541
59 -0.00950241
117 -0.0288086
2 0.00708103
241 -0.0681763
56 -0.0139847
117 -0.0148315
365 6.73419
235 -0.0116425
202 -8.57664
127 -0.0387115
124 -0.00956726
81 0.0602951
297 -0.0574341
223 -0.0882111
69 -0.00949097
330 0.0150452
252 -14.1036
50 0.00572586
173 -0.584152
305 -0.0578613
171 -0.0842896
235 -0.0480499
354 -0.16333
171 -0.498535
325 -0.0662842
139 0.021759
355 -0.0338745
80 -0.04953
117 -0.0288696
236 0.00575256
115 -0.0310898
216 0.0469208
117 -0.0148697
309 0.00338745
205 -4.18425
186 -0.0215149
123 -0.117859
109 0.0545349
163 -0.00608826
107 -0.0452118
331 0.0448303
163 -0.0609283
365 -0.00274658
101 0.000900269
122 -0.0229263
222 0.0428925
124 -0.00963593
189 0.4673
84 -0.0413437
287 -21.1843
189 0.0259705
275 -0.0688477
278 0.0461121
209 1.52588e-05
177 0.0406342
255 -0.00784302
361 -0.151093
209 -0.0112305
373 -0.130005
281 0.00634766
301 -0.039917
33 -0.0619164
31 -0.0501556
183 -0.021225
362 4.4436
308 -0.046814
194 0.0344696
120 0.0524902
164 -0.0525665
177 -0.00491333
106 0.00606537
180 0.0775909
84 0.0495453
152 0.0734558
366 -0.00817871
350 0.0397339
2 -0.0135479
35 -0.0542259
253 0.0400543
358 -0.00653076
143 0.0594177
362 -0.108551
207 0.0263519
368 -0.0362854
365 -0.133789
360 4.88394
180 0.103256
317 -0.0353699
175 -0.18103
9 -0.0125504
362 -0.111298
133 -1.0882
178 -0.0200653
111 -0.0444183
283 0.023468
276 0.0147095
329 2.15155
237 0.0306854
84 -0.0344009
5 -0.0170774
139 -0.00462341
26 -0.0305443
193 -0.126617
221 -0.021286
218 -0.0958862
313 -1.63995
142 0.00866699
247 -13.415
127 0.045517
183 0.245056
277 -0.0821228
116 0.00978851
181 -0.643127
214 -0.00892639
220 -0.0268097
3 -0.0835991
332 -0.146423
281 -0.00991821
171 -0.147369
52 0.0293655
365 4.298
117 -0.0286636
172 -0.0293274
238 -0.00273132
86 0.0818253
167 0.0239716
207 0.805862
342 0.159241
164 -0.0355682
312 0.0825806
206 -0.0778503
164 0.0167694
112 -0.0261459
109 0.0201569
198 -7.72153
188 0.0272827
308 0.0355835
168 0.0209808
241 0.0309143
181 0.0971375
185 0.011261
323 -0.00494385
371 -0.15976
332 -0.0199585
176 -0.0761108
224 -0.0123901
307 0.0279846
331 -0.00546265
164 -0.0106201
308 0.201172
213 -0.0329742
117 -0.0287857
258 -0.0177917
313 -0.0180054
199 -0.0686493
333 0.0278931
327 -0.0695496
332 -0.00631714
209 1.0526
38 0.00769424
333 -0.0168762
288 -21.1571
136 -0.933716
243 -9.75824
223 -0.000656128
325 0.00274658
102 -0.0291672
63 -0.0314407
250 0.605896
214 -0.00772095
16 -0.0266552
134 -0.0796509
367 0.104767
190 0.407623
225 -0.00630188
255 -0.00532532
109 0.0201874
315 0.378845
232 -0.0166016
138 -0.0665131
167 0.0240021
29 0.0325413
110 -0.067131
291 -0.0345154
134 0.0178833
309 -0.0304565
166 -0.00350952
360 0.0451355
309 -22.0231
189 0.466476
184 0.0115967
117 -0.0429306
196 -14.0735
352 -0.00875854
127 -0.0544357
350 -0.000274658
273 0.0679016
308 0.202179
273 0.0371704
277 0.0300598
290 -0.0435791
10 -0.00137711
266 -14.4777
339 -0.0570068
186 -0.049057
41 -0.0726967
146 -0.161591
368 0.0181274
325 0.361023
235 -0.130646
185 0.442062
341 3.19763
365 0.0281677
69 -0.0316086
239 16.6093
300 0.202057
359 -0.188568
141 0.0418243
81 -0.0668716
59 -0.00956345
165 -0.0100098
204 -0.048233
285 -0.333099
16 -0.0349045
73 0.034584
253 0.0400085
365 4.4147
162 0.00758362
110 -0.0321274
332 0.0429077
332 -0.0646362
366 4.20566
193 0.0449524
353 -0.0567322
13 -0.0236225
323 -0.00149536
70 -0.0118103
369 -0.0587158
361 4.38852
195 0.427063
213 -0.0513458
213 -0.0327606
127 0.0174866
170 -0.221725
181 -0.0161896
39 -0.016964
367 0.259155
68 0.0234375
156 -0.0667877
128 -0.00712585
81 0.0838318
342 0.0523376
120 9.15527e-05
50 0.00596619
206 -4.67528
91 -0.0411682
194 0.0414734
371 -0.123291
318 0.0795288
26 -0.0507584
167 0.02388
165 -0.00901794
156 0.0202484
311 -0.0805969
321 0.129974
185 0.474579
123 -1.12866
179 -0.0217285
54 -0.00241089
361 -0.23764
127 0.0577469
363 -0.0535889
342 2.75378
73 0.0349274
301 -0.213104
354 5.26733
365 4.31732
354 -0.172729
167 -0.0154572
235 -10.1843
74 0.0698166
216 -0.397781
287 0.684875
350 5.34866
166 -0.00816345
26 0.0447826
342 0.0523987
334 0.0783386
225 -0.00643921
357 -0.1203
103 -7.75922
280 0.247192
170 -0.0469666
287 -21.1839
342 2.32205
299 -0.0455933
185 0.294083
125 -0.0118637
349 3.74847
319 0.25351
361 -0.0390625
180 -0.00186157
350 0.0469666
140 -0.0596008
182 16.9606
232 -17.8723
121 -0.10228
79 0.0089035
216 -0.398041
152 -0.0195465
331 -0.00109863
106 0.0680923
295 -0.0463562
205 0.645264
150 0.0204926
329 -0.0204468
55 -0.0745697
174 -0.00389099
302 0.501068
140 -0.00868225
65 -0.00830078
361 -0.0394897
179 16.5307
313 -1.63351
37 0.00365067
366 0.210419
143 0.0605927
158 0.0263519
288 -0.0700378
287 -21.1841
117 -0.0431442
330 -0.0285645
165 -0.0127563
291 -0.0352173
362 0.161499
184 -0.0476379
367 7.60782
84 0.0934753
196 0.0205231
288 0.626465
131 0.0332794
152 0.0734863
207 0.0240021
350 4.02664
187 -0.0205841
101 -0.104172
289 -0.0758057
189 0.467484
359 0.109222
327 -12.2703
196 1.15422
140 0.0289459
215 0.0591888
150 0.00621033
251 -0.0135345
24 0.00401878
203 -0.0727539
359 6.2692
203 3.92082
112 0.0185471
202 -8.57921
227 0.0617065
15 -0.0562725
169 -0.129593
205 0.49678
139 0.0534515
182 -0.0402527
327 -14.1356
163 0.0573425
215 -4.47112
167 0.0404205
142 0.040741
2 -0.0304565
324 0.361786
181 -0.0209808
201 -0.0151062
315 0.0233765
5 -0.0168624
67 -0.00463104
203 -0.0552063
107 0.0526657
114 0.13752
305 0.0192566
370 -0.0214233
328 0.0875244
138 0.085434
128 -0.0228958
364 0.127197
133 -1.08908
180 0.013092
67 -0.0579529
191 0.105118
73 -0.0491638
130 -0.0839691
239 -0.0461578
106 0.0408401
369 -0.00637817
217 1.86737
146 0.00494385
288 -0.0288696
137 0.0127869
342 2.92816
62 -0.0516815
104 0.0528259
361 4.34268
169 -0.497681
280 0.246796
312 0.0812073
359 -0.0671082
138 0.110977
358 -0.243103
136 -0.933365
174 -0.0392303
77 -0.0330582
344 4.70938
360 0.0307007
57 0.0327759
365 0.0889587
184 0.255722
245 0.00196838
350 0.0473633
66 -0.0710907
360 0.0445557
152 0.00363159
312 0.0809937
227 -0.0151825
281 -0.0296326
143 0.0517883
355 4.53525
340 -0.144623
189 0.466492
121 -1.20315
191 0.10463
92 -0.0202179
179 16.8213
291 -0.0342102
93 -0.0359879
225 6.95012
287 -21.1718
269 -0.0646362
323 -0.00302124
308 -0.0145874
140 0.0171967
171 0.0296173
189 0.341675
195 0.0681458
161 -0.0523224
184 -0.024765
166 -0.0550842
326 -0.0319824
143 0.00585938
107 -0.0826263
148 0.0593567
198 0.0479889
284 -0.0134583
48 -0.0331573
302 -0.0216064
275 -0.0639954
364 0.125183
64 -0.0343094
166 -0.00767517
132 -0.01091
92 -0.0202866
272 0.0657043
169 -0.0531769
74 0.0699539
361 4.31042
177 5.11359
174 -0.118362
316 0.0441284
312 0.0792847
110 0.0490646
232 -0.0617676
127 -0.0455246
48 0.037117
145 0.0201263
43 -0.0206451
222 -7.90395
65 -0.0521393
129 -0.00495911
345 0.00961304
224 -0.0887451
25 -0.0703068
365 4.41312
313 -1.64227
370 -0.0631104
343 3.50723
124 -0.00961304
365 4.41388
74 0.0698547
162 -0.0282593
134 -0.0801544
322 0.529907
2 -0.0653286
285 -0.0805359
172 -0.149017
288 -0.0543823
370 0.0129089
221 0.0630188
107 -0.0814209
350 0.0656433
167 0.0239716
134 0.210373
325 -0.0214539
284 0.015564
343 0.190735
346 0.280548
348 0.215515
109 0.0544815
140 -0.0613251
361 4.35431
109 0.0545883
212 -0.0740509
110 0.0887909
138 0.0467834
212 -0.0174103
323 0.202545
327 -0.0265808
19 0.0475426
78 -0.020256
100 0.00762939
315 0.023468
332 0.0352478
329 0.0335999
347 -0.14505
347 -0.04245
159 -0.0685577
365 0.269073
68 0.0222931
211 -1.25041
59 0.0282326
332 -0.110321
178 0.0107269
165 0.0432892
327 -0.051178
308 0.201569
130 -0.00192261
74 -0.0954666
357 -0.106354
151 -0.0255737
315 0.0233459
91 -0.0410995
172 -0.032196
91 0.00810242
272 0.0549622
188 0.0273895
296 -18.5712
47 -0.0161362
361 -0.100952
342 0.0523987
313 -1.62698
354 -0.137848
141 0.0442352
203 3.90105
345 -0.0543518
371 -85.2824
296 -0.162506
22 -0.0342178
331 -0.0774231
302 0.48468
194 0.67395
267 0.147339
365 4.41541
267 0.146851
85 -0.0360794
159 0.0310669
73 -0.0520935
301 -0.0118103
207 -0.0698395
208 5.93678
132 -0.0148163
345 0.0332336
328 4.7608
136 0.00588989
176 -0.108444
122 -0.012207
147 0.038147
82 -0.0549927
337 -0.19989
334 0.0560303
230 -0.105179
81 -0.0535278
372 3.75095
178 0.0411072
278 -0.144867
361 4.45227
214 0.686111
73 -0.0352325
235 0.0527802
135 -0.0777435
315 0.337341
367 0.281708
10 0.0227776
185 16.4554
302 0.475067
315 0.0232849
140 -0.0570374
119 0.00886536
213 -0.0328827
199 -2.75504
62 -0.0676613
365 0.266907
187 0.326767
168 -0.0127411
361 1.11819
48 0.0332069
94 0.00566101
350 5.30435
157 -0.873123
289 -0.0497742
225 -0.00614929
317 -0.0357361
302 0.476715
191 0.104935
16 -0.0300102
196 0.02034
215 0.0025177
350 0.0378418
351 -0.725983
363 -0.0710449
206 -0.0795898
368 5.92435
329 0.423828
364 0.131226
359 -0.102203
1 -0.0168447
20 0.00261307
312 0.0810852
122 -0.598915
318 0.0507507
247 -0.0136108
177 0.0579376
135 0.0169983
361 4.35437
56 0.0226746
103 -0.0967484
338 0.197327
150 -0.0330963
356 -0.137024
342 3.2218
65 -0.0596619
197 0.270416
219 0.0609283
334 -0.0145874
167 -0.0153809
216 -0.397461
281 -0.0245361
332 0.0043335
357 -0.232971
241 -0.0485535
333 0.0559387
88 0.021492
284 0.0156555
72 0.0318756
164 -0.023056
5 -0.0439968
63 -0.0611496
233 0.0931244
90 -0.121338
244 -16.2185
91 0.0108261
275 0.162628
36 -0.0214386
323 0.00228882
19 0.0116482
236 -0.326843
164 0.0478058
11 -0.0635595
366 7.0481
334 0.0905151
361 4.38028
211 0.0272675
136 0.00195312
323 -0.00448608
247 -0.00550842
196 -30.9561
9 -0.0598173
357 -0.177429
312 0.080719
365 4.42093
117 -0.0414734
7 0.00332165
361 4.46292
311 -21.4322
20 -0.029335
367 12.752
141 -0.0253296
129 -0.0226593
365 4.40924
93 -0.0107498
132 -0.0471497
364 3.43152
176 0.00231934
186 0.0492554
215 -0.00457764
89 -0.0248947
201 -0.0151978
274 -0.10022
125 0.111053
215 0.0923157
136 -0.933472
364 0.125641
252 -8.52603
332 -0.00137329
348 3.81024
347 0.0307922
8 -0.0898743
355 3.89691
86 -0.0605621
361 -0.0394592
117 -0.0288696
46 0.0291672
156 -0.0410461
217 0.0749969
211 -1.25043
343 -0.042511
128 -0.00894928
295 -0.0515442
107 -0.0392075
20 -0.0586395
302 0.0516052
365 4.14487
11 0.0128155
330 0.00109863
274 -0.100037
340 -0.0138855
303 -0.0142822
70 -0.0526428
122 -0.0179825
322 0.0579834
355 -0.194305
275 0.0542297
81 -0.0529099
132 0.0375214
204 -0.0426025
119 0.063118
214 -0.00811768
75 -0.0205612
131 0.0344543
154 -0.0338898
223 -0.0118866
167 -0.00888062
118 -0.0230408
156 -0.0939026
203 -17.7681
78 -0.120872
255 -0.00804138
229 -3.54393
303 -0.0641479
345 -0.0424805
327 -0.0527954
354 -0.00546265
136 0.0193481
147 0.0894928
10 0.0222855
340 -0.0148621
71 0.0354614
332 -0.0648804
59 0.018959
258 -0.0204773
332 0.0635071
166 -0.00776672
362 5.01312
238 -0.0441742
1 0.013835
132 0.635483
65 -0.0790253
57 -0.00964737
124 -0.05793
361 -0.154083
195 0.426559
44 0.0035553
21 -0.0150948
327 -0.0270996
4 0.0154462
184 0.27562
196 -0.0367126
157 0.0600586
365 4.30798
90 -0.0231476
364 -0.0111389
128 -0.0334167
348 0.0533752
109 0.0546036
243 -9.86313
305 0.0197754
247 -12.4333
355 -0.0335999
332 -0.109467
86 0.0140305
110 -0.0270081
337 0.0336609
140 -0.0614166
252 0.0417633
239 2.42821
269 -0.0665283
347 0.022583
123 -0.847534
171 0.0303345
117 -0.0424118
155 -0.0588837
330 0.00283813
369 -0.508423
160 -0.103317
11 0.00823402
279 -0.0293579
334 0.122833
138 -0.0358429
302 0.585358
346 0.136139
106 0.0434799
179 -0.139938
320 0.143646
348 -46.645
320 0.23172
359 0.070282
293 -0.0364685
155 -0.052063
101 -0.102074
69 0.0463333
253 -14.8591
189 0.466888
124 -0.00961304
299 0.176086
356 4.8999
240 1.26358
187 0.0712128
303 -0.0244751
313 -1.64655
137 -0.0834198
327 -0.0262146
330 0.0394287
156 0.115219
253 0.039978
208 0.0341034
74 -0.0961609
120 0.108627
178 0.0354919
342 2.77283
139 -0.0101471
121 -0.0562973
272 0.2099
296 -0.162628
194 -0.0170593
174 -0.0281219
366 0.0646362
228 -0.0179596
157 -0.244492
92 -0.00875854
142 -0.0256958
274 0.0901794
121 0.0388336
246 -11.966
336 -0.00753784
134 -0.0135498
10 0.0216713
327 -0.0125122
342 4.42166
236 -1.2115
298 -0.102814
361 -0.0391846
325 -0.0190735
327 -0.0262756
48 0.0330391
362 0.0447998
160 0.0410919
292 0.451691
331 0.0171204
170 -0.114685
254 -0.0112915
94 0.0192719
319 0.411896
134 0.00701904
41 -0.0818176
253 -14.861
113 -0.0219498
323 -0.00537109
219 -0.00575256
235 -35.1799
333 -0.0255737
312 0.079895
147 0.0383606
143 0.0624695
351 -0.0584717
312 0.0794678
244 -0.0978546
34 -0.0383224
313 -1.37408
102 0.0199585
116 0.136887
361 -0.0985413
117 -0.0454407
324 0.0498047
367 7.60437
14 -0.0310984
364 0.139465
306 0.216553
348 -0.0124817
360 0.122284
365 4.41501
175 -0.10878
324 0.063324
149 -0.0557556
207 0.805832
236 2.60695
346 0.133209
205 1.56876
144 0.0599518
255 -0.00791931
358 -0.112213
144 -0.865692
141 0.0439911
345 5.38129
365 6.74042
300 -24.154
258 -12.2212
340 0.00759888
102 0.0192947
334 -0.144806
124 -0.00958252
353 7.74063
19 -0.0373268
135 0.00476074
107 0.0373306
134 -0.0799713
246 -0.0839844
355 -0.0742188
283 -0.0445557
278 0.0292969
64 0.0209045
364 0.119659
326 0.271271
241 -5.16635
140 -0.0598602
260 -14.2741
315 0.378052
183 0.246246
309 -22.0092
342 3.83493
342 0.0524292
346 0.133789
321 0.225189
346 0.13327
121 -0.0980301
104 0.0578461
109 0.0519562
141 0.0409088
132 -0.067337
34 0.00860596
117 -0.0415497
48 -0.0320778
134 -0.0800781
147 -0.00320435
290 -0.0245056
69 0.0776062
148 -0.0522003
154 -0.00518799
17 -0.140257
231 -0.0751801
292 0.714935
39 -0.0438042
352 4.7467
215 -0.00465393
361 4.36359
373 -0.110992
328 -0.0141602
289 -0.0247803
176 0.0310211
203 -2.50011
141 0.024704
332 -0.0761108
201 -0.00674438
324 0.243103
356 -0.130493
174 -0.0883331
361 4.43307
12 -0.0168896
211 2.30429
140 0.00721741
258 -0.020874
185 6.04283
356 -0.132446
323 0.0012207
154 -0.0684814
81 -0.00569153
229 0.0249481
316 0.0224304
354 -0.11734
352 4.53946
91 -0.041069
298 -0.0592041
346 -0.0274963
5 -0.0419345
364 0.198395
65 0.00891113
283 -0.0131226
141 -0.00871277
59 0.0186501
355 -0.140747
193 0.0450745
337 -80.0405
168 -0.263474
120 0.0559616
348 4.89182
197 0.269867
125 -0.000640869
3 -0.0630031
332 -0.129364
37 0.0122032
359 0.109375
162 -0.0158691
297 -0.0905457
362 -0.006073
346 0.172821
235 -0.0492401
355 -0.0613098
179 -0.0439758
194 0.0402527
120 -0.0350342
74 -0.0989075
327 -0.0303955
124 -0.009552
353 -0.198914
161 -0.0543823
318 0.0684814
332 0.0221558
332 -0.157654
324 0.0214233
258 0.0736694
342 4.02774
201 2.3129
123 0.00778198
351 -0.0808716
135 -0.0425873
26 -0.0852394
184 0.275681
106 0.0738831
105 0.0458603
86 -0.0288544
83 -0.0430527
92 0.120865
306 0.193146
370 -0.0821838
341 4.80688
285 -0.0761719
278 -0.0273132
351 -0.718231
369 -0.0455017
31 -0.00448799
329 2.18445
331 0.106171
67 -0.00415039
140 -0.0592346
346 0.133636
221 -0.0718536
331 -0.0012207
367 0.103271
369 -0.0591431
26 -0.0513
350 -6.10352e-05
64 -0.0324936
11 -0.108573
347 0.0225525
326 0.240265
161 -0.10025
194 1.18805
216 -0.397568
136 -0.0102386
312 0.0416565
206 -0.503677
297 -0.0543213
352 0.0104065
32 -0.00084877
368 0.00836182
106 -0.0183716
361 4.40341
278 -0.00494385
97 -0.038353
166 -0.008255
330 0.0239868
195 0.0788269
346 0.133789
313 -1.63583
179 15.0255
135 -0.0180969
109 0.0545425
146 0.035202
298 -0.0103149
169 -0.0532837
167 -0.0151672
336 0.0585938
85 -0.0335617
164 -0.126587
117 0.0653
340 -0.147614
141 -0.0309143
185 -0.0179596
51 -0.0442352
29 0.0418434
16 -0.0746441
361 4.47293
366 7.03885
126 -0.0249634
273 -0.08078
197 -0.462662
228 19.8794
66 -0.116501
213 -0.0266266
286 0.254944
70 0.0844879
112 0.0603867
323 -0.00457764
196 -0.0365295
151 -0.0249786
22 -0.043211
127 -0.0145493
357 0.101105
227 0.0445557
240 -13.4678
275 -0.0472107
366 -0.331635
352 0.199677
68 0.0233612
151 0.000396729
298 -0.1026
203 3.88646
169 -0.0532837
19 0.0504208
86 0.0141983
359 3.71701
332 -0.00198364
275 0.227112
172 -0.149063
356 -0.129517
361 4.45749
313 -1.65204
253 -0.0301361
186 0.264832
290 -0.0259705
114 -0.000511169
144 -0.00506592
249 -13.0434
366 7.29318
301 -0.213043
124 0.0453491
59 0.00724792
272 0.652313
77 -0.0065918
243 -9.75867
332 0.0349426
108 0.0416489
337 -0.127441
189 0.0518646
232 -8.19289
298 -0.109619
308 0.201904
43 0.0626488
355 -0.0982666
267 0.151245
335 0.0449219
351 -0.00170898
170 -0.463318
122 -0.0181046
363 0.157349
333 0.105835
331 -0.000152588
347 -0.126587
146 0.115524
282 -0.100525
134 -0.069458
58 -0.00150681
318 -0.120453
20 -0.00657272
257 0.040741
53 -0.0606308
292 -0.0602417
240 -12.4703
276 0.0351562
365 4.31265
232 -47.3558
354 0.141022
96 -0.0749893
107 -0.0226288
364 0.130829
161 -0.0531921
55 -0.0479774
54 0.0394478
314 0.0314636
356 -0.139221
327 -0.0662231
130 -0.0515747
309 -0.00857544
336 0.0169678
49 0.0348625
13 0.0243053
245 -0.00234985
315 0.392029
357 -0.21106
336 0.0497742
327 -0.0116882
61 0.0468369
73 -0.135284
179 0.0270691
302 0.455719
7 -0.00161839
296 0.283966
319 -0.00875854
134 0.0812073
126 0.0290909
150 0.020462
237 -34.9123
348 0.01828
364 0.200043
316 0.0324097
373 0.0643616
249 -13.5732
372 0.115295
341 0.124939
324 4.16922
321 0.129822
52 -0.0654755
74 0.010498
41 0.034214
103 0.0221863
362 5.02689
23 0.0138054
313 -1.62784
296 -0.0982361
367 0.104004
341 1.72177
204 0.00267029
116 -0.0416107
92 -0.0582733
43 -0.00331116
272 0.195343
281 -0.0211792
209 0.307587
316 0.368683
185 -0.00105286
273 0.788147
230 0.0707092
241 -21.2734
354 0.137115
291 -16.2627
335 -0.13031
25 -0.0523376
287 -0.0527344
31 -0.0499172
301 -0.211273
330 0.0920715
369 0.267212
296 -0.0444336
141 0.0956268
243 -9.77257
162 -0.0800934
162 -0.250015
138 0.110794
366 0.329102
109 -0.982689
326 -0.399658
150 0.0205841
74 0.0698624
351 4.18109
215 -4.47134
301 -0.21109
160 -0.103333
49 -0.0687447
129 -0.0525513
174 -0.119904
148 0.055481
316 -0.129089
27 -0.00575256
22 0.0657482
346 0.135925
81 -0.0751724
296 -0.0332031
329 2.96387
254 -0.0110474
325 0.0607605
342 0.0524597
103 -7.76771
355 -0.0332336
129 -0.0324249
41 -0.0150528
126 -0.00383759
17 -0.0656681
263 0.0880127
157 0.0601196
231 -0.0124054
239 0.0411224
118 0.0451813
295 -0.126251
361 4.353
263 0.351501
351 -16.5279
122 -0.0182571
30 0.0346851
106 0.11837
332 -0.0648804
342 -0.110413
320 0.158508
360 0.126282
353 4.05856
351 -0.149048
323 0.970795
364 -0.380585
365 4.14297
357 0.104065
79 0.106155
49 -0.0323296
365 4.41235
272 0.212128
44 -0.0756378
198 1.48737
237 -7.64523
346 4.78467
275 -0.0644226
122 -0.0500946
362 0.0581055
146 -0.865265
365 4.14404
272 0.655518
348 -0.114288
183 -0.0283508
275 0.0966797
144 0.119019
302 0.327728
331 -0.0253601
295 -0.157074
91 -0.114777
159 -0.134415
209 1.05255
127 -0.0457153
356 -0.208832
139 0.0200653
216 0.0200958
107 0.0369263
285 0.0205688
286 0.259155
107 0.0385361
36 -0.0460587
332 -0.0203857
316 0.0317993
329 2.19104
110 -0.0644455
308 0.201385
230 -37.7356
315 0.337067
87 -0.0237274
10 -0.0012331
332 0.0242004
352 3.65359
107 0.0366058
323 2.68906
332 -0.0696106
20 -0.0578785
339 0.144684
183 0.205826
179 19.1978
326 -0.0102539
152 0.0731506
335 -0.0428162
123 -0.115662
4 -0.126307
186 -0.0308685
362 -0.111664
168 0.0209503
211 -0.0166168
231 -0.0751648
365 6.69485
176 -0.0760498
363 -0.0759888
337 0.0874634
35 -0.0547485
321 0.391113
366 0.382538
157 0.0601196
186 -0.0353851
337 -0.0234985
329 0.288239
355 -0.128052
205 -6.78055
310 -0.00894165
352 0.0664368
352 0.109314
180 0.0312042
312 -0.232971
166 -0.167084
328 -0.0353088
352 3.78912
276 0.00991821
146 0.0501709
126 -0.0184479
134 -0.0802002
140 -0.063736
2 -0.0296917
337 -0.00845337
351 -0.725616
316 0.262604
290 0.462616
346 -0.0088501
286 -0.0420532
360 3.90115
50 -0.0433426
358 0.0315857
295 -0.109344
366 6.39386
236 -0.327744
351 0.00372314
175 -0.0386963
367 0.271332
100 0.0583572
273 0.13681
316 0.0348206
340 -0.145508
350 0.0606079
136 -0.0300903
109 -0.0247116
308 0.201324
109 -0.0622711
197 -16.399
308 0.201904
65 4.57764e-05
69 -0.028656
282 0.205597
352 0.106476
196 0.020462
327 -0.0274658
228 -0.00253296
136 -0.00364685
173 -0.0294495
165 0.00311279
283 -0.0880432
329 3.87292
215 -9.72725
124 -0.017662
301 -0.145813
276 0.232819
343 0.115997
76 -0.0553055
257 0.660461
282 0.0818176
64 -0.0614319
169 -0.00268555
333 -0.0481262
87 -0.000595093
308 0.201477
35 -0.0539665
367 7.24185
310 0.290588
335 0.151886
234 -13.8371
302 -0.215393
351 -0.003479
230 2.02287
147 -0.0180054
217 0.019989
332 -0.0535278
293 0.293121
314 0.369843
232 -13.6592
236 -0.322357
279 0.0375366
327 0.0719604
296 -0.0913696
349 -0.11203
373 -0.00701904
103 -7.76258
155 -0.0635223
55 -0.0195923
140 0.0489807
190 -0.00660706
138 0.0421295
366 0.38031
343 0.121368
364 5.4541
245 0.0374451
317 0.792389
360 0.0393066
261 -2.75208
136 -0.0942383
335 -0.0792542
173 -0.0262756
322 0.529083
3 -0.0171008
253 -0.0330505
136 0.0150299
332 0.0354004
124 -0.0376968
277 0.220184
295 -0.127502
82 -0.0492096
127 -0.0273285
371 0.203888
150 -0.0349121
372 0.0357666
365 4.14407
260 0.0924683
353 -0.0692444
335 0.178894
255 -0.00810242
368 0.241974
272 0.0910339
312 0.0409851
338 -31.9531
180 0.000350952
252 -13.4908
195 0.181625
198 0.467636
126 -0.0893707
168 -0.0892792
232 -24.2298
235 -11.2007
293 -0.0724182
332 -0.0695496
174 -0.0444183
346 0.133331
41 0.0342522
246 -13.8316
229 -8.58838
366 7.29437
327 -0.123474
199 4.66304
130 -0.0520935
232 -34.8042
367 7.24127
225 -0.00642395
332 -0.0627747
170 -0.466278
31 -0.0032711
226 -17.4104
242 -13.2376
67 0.0765915
334 -0.00180054
341 0.128479
137 0.0440674
311 0.403229
170 -0.468384
204 -0.0435181
84 -0.0315857
229 0.0711823
329 0.0468445
328 0.0136414
335 -0.0617371
110 0.131027
198 -0.0551758
183 16.6653
329 0.266235
282 -0.102692
127 -0.0693893
287 -21.4904
113 -0.0230408
129 0.00384521
312 0.169891
88 0.0950623
189 0.46701
225 -66.1331
116 0.0984573
35 -0.0540314
366 4.17938
359 0.109589
359 0.109558
344 0.0919189
25 0.0390472
47 -0.0342445
134 -0.105301
215 -9.728
351 -0.051178
315 0.024231
137 0.0855255
4 -0.0225606
363 0.066803
334 -0.139008
89 0.0233765
56 -0.00875473
323 0.211212
246 -0.0025177
305 0.0197449
172 -0.314911
350 -0.00012207
225 1.53831
347 0.0445557
352 -0.0181885
356 -0.0965271
207 0.0617065
273 -0.00836182
150 -0.119904
92 -0.70826
342 0.0818176
207 0.805923
269 0.134003
315 -0.0645142
361 -0.0414124
219 -0.065506
178 -0.022522
351 -0.0656433
112 -0.0380936
8 -0.077673
145 0.0596771
236 -0.327805
189 0.466492
169 -0.0532837
362 -0.0641174
223 -0.274857
270 0.103821
124 0.0893402
197 -0.59494
313 -1.63446
202 -6.95428
301 -0.235077
304 -0.234985
281 -0.107941
316 0.035675
198 1.38098
274 0.0439148
335 -0.0335999
307 0.0419312
138 0.0225677
254 -11.6015
355 -0.136383
48 -0.0316544
280 0.0990295
254 0.0635529
30 -0.00421906
226 -4.29594
332 0.0438538
328 4.90012
247 -13.2184
189 -0.341827
190 5.48361
284 -0.0131531
355 -0.101379
254 0.0464325
367 7.22781
65 -6.50578
4 -0.0285935
358 -0.106476
117 -0.0453491
225 -0.00631714
257 0.00192261
117 -0.044754
311 0.0123596
365 6.6748
121 0.0390472
370 0.194702
330 0.305756
361 0.146484
237 -0.0330963
340 -0.0161743
347 -0.111511
298 -0.153992
361 4.49463
321 0.129913
302 -0.225586
140 -0.0595398
322 -0.0696411
324 0.0780945
84 -0.0159607
359 -0.0883179
7 -0.0534124
19 -0.0395393
243 -9.72873
74 0.0699615
237 -0.082489
329 0.541656
308 0.201599
257 0.589111
90 -0.0160828
203 0.669189
267 0.151672
356 -0.0839233
151 0.053299
8 0.0376158
111 0.00505829
334 5.68576
136 0.0151825
351 -0.0783081
278 -0.0216064
94 -0.0753021
343 0.128204
67 0.0203552
272 0.185394
333 -0.0404053
265 0.377136
271 0.0751953
268 0.13678
365 0.297272
358 -0.0492554
222 0.0302887
312 0.0838318
364 0.110748
306 -0.0917053
65 -6.50719
199 0.012085
321 0.698273
360 0.134155
64 -0.0288162
312 0.084137
359 0.0365906
284 0.187073
356 -0.133087
334 0.0134888
166 -0.752808
361 -0.0417175
272 -6.55881
214 0.00524902
336 0.148834
306 0.0617676
122 -0.0184174
166 -0.0576019
332 4.72031
321 -0.0452881
70 0.0549774
105 0.0366745
188 0.0350037
140 -0.0338287
365 6.73041
215 0.0302124
206 -0.503632
213 17.2123
363 0.175629
330 -0.155518
67 -0.0393066
351 -0.0280762
270 0.096283
361 -0.0414734
139 0.0835571
81 0.383987
340 -0.144745
58 -0.00408173
84 -0.0137711
114 0.130981
122 -0.0180588
340 -0.015625
193 -0.539139
344 -0.175781
350 0.00549316
183 18.6344
215 -9.72935
287 -21.1742
331 -0.0235291
130 -0.998566
97 -0.0952301
313 -1.64709
347 -0.127563
202 -0.0679932
46 -0.0174942
223 -6.91521
332 -0.0785217
141 0.0688782
307 0.359558
259 0.111755
135 -0.0765686
288 0.18042
351 -0.0776367
359 0.109711
305 -0.12149
371 -0.18988
145 0.0596466
23 -0.0252457
343 -0.0198669
246 -13.7215
335 -0.0289001
349 -0.0486755
322 0.574188
140 -0.0601349
125 0.0414505
128 -0.0335541
109 0.0569229
322 0.557098
341 0.0518799
4 0.0139213
20 0.00635147
365 6.74875
317 0.431122
141 0.0411377
351 0.00289917
237 -12.7084
312 0.0811462
356 -0.0773315
212 0.00180054
156 0.0234375
340 -0.0480042
350 0.00646973
373 0.125977
331 -0.0555725
254 -13.5422
321 -0.00228882
327 3.26819
178 0.0667267
358 0.0368042
179 0.0787048
358 0.0682373
318 0.342529
357 0.0787354
331 -0.000396729
321 1.20718
168 -0.0580139
134 -0.0176086
142 -0.481079
316 0.44281
368 7.7132
157 -0.0852966
220 -0.0575409
332 -0.00213623
146 0.029129
248 -0.0209198
196 0.0715027
156 0.0201416
120 0.0347519
209 -0.0327454
279 0.0489807
267 -14.0409
141 -0.0412445
302 0.504913
166 -0.0692902
330 0.305725
166 -0.00810242
346 3.4516
308 -0.274902
65 0.00669098
166 0.0149078
169 -0.00273132
194 0.0415649
140 0.00740051
8 -0.0900431
361 0.259949
163 0.0132599
188 0.0353088
134 -0.0801392
140 -0.0575104
322 0.677917
272 0.290344
362 5.87265
80 0.0495148
75 0.0422516
361 0.111389
343 -0.0627747
314 0.415253
350 4.85205
280 0.205841
151 0.0548248
333 -0.0751648
315 0.023407
349 -0.089325
218 -6.16151
367 7.23141
228 -9.1375
146 0.114853
267 0.146942
346 3.5961
160 0.00897217
287 0.458679
147 -0.0367126
134 -0.0797119
282 -0.0340271
245 -0.0887909
243 23.046
290 -0.021698
352 5.37674
351 -0.149658
229 -0.0141296
367 6.13004
364 0.122955
356 -0.12912
301 -0.237854
365 4.14471
369 -0.0590515
337 0.0693359
364 0.172607
256 0.153534
68 -0.061348
320 0.305176
308 0.0915527
364 0.196045
284 0.0260315
325 2.38034
328 0.075531
340 -0.0161133
335 -0.0919189
359 0.103485
346 0.133545
243 -9.76476
305 0.178192
100 0.0673981
368 3.51556
332 -0.0726624
20 0.0223656
332 0.0343628
313 0.368469
70 -0.117722
372 0.0970154
269 0.131226
215 -9.72795
268 -4.17914
333 -0.085083
358 -0.221069
275 -0.0643005
94 -0.0820007
312 -0.0153503
209 0.307541
62 -0.067585
203 -0.0205536
140 0.00721741
296 -0.0366821
196 0.0204315
167 -0.0126648
325 0.0198975
285 0.0205078
363 -0.123291
135 -0.0352783
236 -0.0411987
300 0.126648
314 1.02911
332 -0.0641479
319 -0.00274658
135 0.0871582
126 -0.0113525
253 -14.8604
308 0.20343
169 -0.00263977
232 -0.173965
313 0.169373
347 0.0753479
145 0.054245
354 -0.0103149
332 -0.0642395
305 0.0194397
337 -0.156738
300 0.214874
63 -0.00310135
176 -0.0760956
151 0.0550385
127 -0.0455627
59 -0.03582
127 -0.0059433
208 8.90515
315 0.291534
85 -0.0515976
101 -0.103081
113 0.0975037
333 0.0579529
253 0.0398865
316 0.437805
346 0.133545
241 -5.45615
331 6.10352e-05
181 -0.0228119
315 0.0234985
200 0.215836
199 1.38881
261 0.0579224
5 -0.0435233
341 0.0247192
340 -0.016449
346 4.80148
151 0.0894623
337 -0.0482788
366 0.330627
20 -0.057991
311 0.286957
268 0.138214
305 0.0191956
60 -0.0045433
371 0.113647
364 0.19754
254 0.171585
305 0.019165
291 -0.0403748
275 0.00521851
156 0.0199585
334 -0.0290833
210 -0.0391388
206 4.50328
251 0.329575
69 0.00572205
349 0.00506592
134 -0.080246
113 -0.029953
316 0.0351868
341 -0.094696
279 0.102173
175 -0.0351868
341 -0.01828
336 0.189636
215 -9.72818
367 6.93869
157 0.0601501
82 -0.0320587
367 0.103699
324 0.103058
358 0.0516357
372 0.182495
272 0.153534
365 -0.122375
164 0.0166779
338 -0.0941772
41 -0.0439262
225 -0.00627136
348 0.00930786
167 -0.0125427
80 -0.0528564
90 -0.0161591
196 0.0204163
212 0.030365
236 -13.0187
280 -0.0276489
267 0.151733
315 0.400085
308 0.202057
122 -0.0121384
306 0.117126
190 0.0154724
240 -0.0014801
198 0.301071
252 0.141281
347 -0.142426
328 2.26218
308 0.201294
290 -0.0279236
358 0.137482
127 -0.0466995
180 -0.000747681
109 0.0193024
217 -6.40344
180 0.0527344
361 -0.041748
250 0.0949402
360 1.12296
256 0.153656
127 -0.0538635
215 -0.065033
123 -0.0868073
366 -0.306061
343 -0.0932007
118 0.0558472
309 -0.154236
352 0.0658875
264 -15.1146
144 0.00450134
147 0.0388031
306 0.137482
119 0.059845
27 0.0700893
307 0.286743
302 0.543945
348 4.86258
292 0.435638
356 0.220215
232 -3.02591
326 0.248535
163 0.124451
313 0.884613
272 0.286194
305 -0.0466614
319 0.285339
361 0.104858
157 0.0601196
313 0.353302
89 -0.025856
47 -0.0729065
280 0.205811
58 -0.0601463
241 -0.0651093
323 0.00244141
358 -0.0611267
306 -0.0411987
165 -0.0974426
175 -0.0353241
87 -0.041069
330 0.269989
120 0.0347672
231 -0.0751038
131 0.0334625
324 0.0994873
342 4.20743
316 0.431549
87 0.0205231
142 0.0801697
330 -0.286407
55 -0.0951729
279 -0.139191
131 0.108368
288 -0.0392761
167 -0.0126038
113 0.0114288
369 0.0921021
301 -0.211243
182 -0.00387573
90 -0.00227356
304 0.111023
157 -0.766129
340 -0.133545
133 -1.08823
311 -0.077301
271 0.155792
147 0.0385742
65 0.00627136
251 0.0589142
325 0.0236511
351 -0.720184
222 0.015686
210 -0.0261841
183 -0.0740509
319 0.0667114
317 0.280365
292 0.435822
121 -0.045845
337 -0.0449829
253 -14.8615
346 0.13324
313 -1.64871
167 -0.0535278
308 0.0828857
182 -0.0597076
364 -0.000335693
343 3.4003
162 -0.341309
129 0.031189
211 -1.25069
142 0.0144348
354 0.0977783
282 0.261444
214 -0.00605774
347 3.29633
120 -0.0612793
14 -0.0276394
337 -0.15036
258 0.0718994
117 -0.028717
365 4.14227
216 -13.2552
335 0.0136414
317 -0.0369568
253 0.109116
338 0.0682983
301 0.107574
124 -0.0172882
365 4.13351
88 -0.0244446
85 -0.0255051
326 -0.36084
346 0.133759
355 4.0665
7 -0.0759134
280 -16.9381
229 -19.8491
365 4.14505
103 -7.75663
348 -0.143372
309 0.215393
147 0.069046
151 -0.0245819
330 -0.0935974
31 0.0232525
310 0.133606
124 -0.0172195
326 -0.0800781
71 -0.0281906
343 0.167938
356 -0.111694
331 0.776459
267 0.147034
286 -0.0144043
309 0.165558
351 0.000396729
296 -0.162659
41 -0.0730591
361 -0.0392151
64 -0.0288162
312 0.294525
126 0.0366058
351 -0.726501
166 0.00552368
302 0.0175781
355 -0.032959
237 -0.0254822
361 4.67993
339 -0.000488281
307 -0.324158
329 2.15155
254 -0.00944519
284 -0.0133057
366 7.06241
135 -0.115875
348 -0.0331726
272 0.652191
166 -0.00834656
147 0.0386353
35 -0.0537796
315 0.168427
137 0.00646973
281 -0.0361633
270 0.0939636
373 0.0784607
241 -0.0580902
271 0.0603943
274 0.319275
296 -0.162659
204 0.564392
184 0.429352
272 0.206482
62 0.0494614
308 0.201721
332 -0.0939941
137 0.0636749
336 -0.130341
164 -0.284912
241 -0.0534821
349 0.169861
198 -9.03174
350 -0.0257263
223 -16.7955
213 -0.0337372
8 -0.0899124
323 1.5051
296 0.0877991
243 -9.85439
351 -0.149872
348 -0.120697
142 0.0586395
345 5.23276
348 -0.069519
8 -0.0901241
243 23.0407
349 -0.166931
233 0.0633087
97 0.00531769
309 0.933502
144 0.0223083
355 -0.0341797
272 0.221771
270 0.10376
327 -14.1813
145 0.0443726
9 -0.0516949
194 0.082016
235 3.99644
137 0.0214844
8 -0.0851603
141 0.0354309
292 0.451996
157 0.0602112
302 0.326416
350 4.86301
195 0.534592
362 5.41779
363 0.017395
207 -0.0522156
127 0.0370178
340 -0.0166931
194 0.071579
142 0.0959625
151 0.0538635
340 -0.0158386
353 -0.0645752
341 0.0961304
301 -0.208069
196 0.0763092
113 0.0387421
151 -0.0562592
243 -9.76357
278 -13.2493
337 0.103882
200 0.215714
355 -0.128998
314 0.406189
361 0.1539
132 0.635544
113 0.0637665
151 0.0548553
117 0.0543747
366 6.38074
279 -0.0386963
252 -10.2441
228 0.058136
114 -0.0438843
67 -0.081192
172 -0.43251
353 -0.33371
286 0.255371
301 -0.212006
324 0.150818
328 0.118774
371 0.0816345
332 -0.128967
314 0.346832
258 -0.0195007
171 -0.617599
8 -0.0898056
323 0.000396729
194 0.070343
292 0.452606
283 0.159149
343 -0.0365601
291 0.156036
345 -0.109589
359 0.0635986
360 0.116638
107 0.0462799
298 -0.0467224
54 -0.0128365
314 0.373474
351 -0.735596
316 0.0336609
264 0.0644226
350 -0.000183105
320 0.141602
69 0.0465164
143 0.0348206
292 -18.52
9 -0.059659
361 -0.0394287
358 5.952
315 0.0235901
157 0.0601654
288 -0.0531311
336 0.116882
211 -0.0713196
201 0.571213
367 0.25885
351 -0.721832
335 -0.0078125
299 0.0334167
106 -0.101303
164 -0.264267
160 -0.103256
183 -0.0281372
336 -0.0336304
340 -0.162598
366 7.0195
302 -0.213135
342 3.88574
321 0.844971
117 -0.0287247
197 0.270523
19 -0.0436935
288 -0.0675659
276 -13.1721
99 0.0313034
269 0.164185
365 0.196838
328 -0.0306396
183 0.444778
353 -0.337372
183 -0.0282745
194 0.0119019
358 0.0992126
220 -0.0569153
272 0.284302
142 -0.00280762
115 -0.026413
231 -0.0870361
305 0.0192871
232 -0.173462
316 0.0351257
131 -0.0326538
321 -0.0224915
351 -0.725525
280 -16.3332
204 -0.047699
111 -0.0169983
124 -0.0175247
31 -0.0500469
313 0.196045
332 -0.0738831
128 0.00675964
164 -0.135147
272 0.0541077
200 -0.739441
307 0.159271
18 0.0312538
333 -0.0896606
85 0.0676346
346 0.132935
329 2.13077
317 -0.0433655
365 6.64188
354 4.29346
332 -0.196198
82 -0.0271606
135 -0.0732117
341 -0.0610046
87 0.277023
166 0.046524
272 0.284821
276 0.0383301
229 -0.195908
326 0.225189
332 -0.062561
22 -0.0446911
224 -5.70619
294 0.264923
351 -0.720001
156 0.0205841
369 -0.0681458
102 0.0527039
346 4.81369
357 0.0882263
136 0.0143738
212 -0.0168152
110 0.0478363
284 0.0333862
321 0.129669
242 -13.7476
364 0.138794
321 -0.0393677
312 -0.0226746
333 0.0852051
127 -0.0466995
365 0.219879
335 -0.0271606
71 -0.00592804
226 -4.42412
4 0.0162134
373 -0.140686
356 -0.100494
316 0.0339355
298 0.304657
326 -0.00439453
325 -0.0401611
127 -0.0457535
302 -0.235413
308 0.363037
280 0.249664
113 0.0571976
351 -0.71991
327 0.000244141
141 -0.0167999
330 0.0244446
134 0.022934
188 0.212097
50 -0.0441742
365 6.647
343 -0.0101929
17 -0.0457268
9 -0.0597248
140 0.0174103
19 -0.0509167
318 0.451752
208 -0.0371552
360 -0.0737915
338 -0.0815125
358 0.035675
299 -22.692
119 -0.381889
354 0.0454102
178 -0.0562744
330 0.121674
237 -12.1099
118 0.0374069
330 0.306763
349 0.0674133
92 -0.0247955
335 -0.129913
131 0.0369568
261 -0.00585938
8 -0.0899639
323 0.18512
269 0.135498
363 0.144226
350 0.164154
224 0.0392914
246 -0.0517426
86 0.0140228
196 0.020462
352 0.112885
207 -0.0304871
350 0.0480042
237 -26.5938
108 0.101646
170 -0.747513
136 -0.0172729
120 -0.129555
209 0.307022
322 -0.126251
303 0.299286
367 0.259583
209 -0.0318909
25 -0.0700855
341 0.0610962
86 -0.0346985
371 -0.150818
239 -12.863
335 -0.0229492
141 0.0189819
356 4.92926
157 0.0601501
332 0.00415039
200 0.323502
348 0.0691833
127 -0.0264282
359 0.003479
269 1.11194
41 -0.0731392
320 0.2995
270 0.206238
332 -0.0511169
300 0.613129
267 0.168884
163 -0.0481567
226 -4.07695
311 -21.4256
331 -0.00128174
139 0.0913849
367 0.103668
366 6.39267
332 -0.0293274
234 -0.0653534
312 0.0426331
127 -0.0525589
253 -13.7747
189 0.468109
183 -0.149155
235 0.0398712
124 -0.00966644
346 -0.0219421
144 0.0496063
351 -0.149689
346 4.82928
16 -0.00142479
313 0.226837
152 -0.0117645
356 -0.110016
332 -0.076416
351 -0.391602
304 -23.2395
8 -0.090023
342 2.81604
126 -0.00487518
366 6.37726
292 0.0943604
342 0.126587
348 0.0615845
330 0.304688
134 0.0451202
311 2.71387
100 0.00120544
365 6.66266
136 0.0151978
139 -0.015976
236 -1.21512
157 0.0603943
325 -0.136993
325 0.115295
260 -13.0394
288 -0.0240784
119 0.0108719
323 0.382446
351 -0.724976
249 -11.6584
326 0.0724487
186 0.14415
351 -0.363068
213 -0.0806427
316 0.0320435
185 0.519028
139 -0.017807
17 -0.119356
301 -0.154999
252 0.609818
365 6.73343
124 -11.3711
270 0.18808
224 -0.0788116
353 3.38205
271 0.153442
311 0.0921936
296 0.283661
73 -0.0450974
173 -0.268265
281 -0.0635986
264 0.298523
348 0.0678101
355 -0.0329895
349 -0.0812073
292 -0.0295105
206 -0.503693
272 0.651703
264 -5.65356
207 -0.0603485
36 -6.29679
13 -0.0271769
41 -0.0818062
189 0.470016
41 -0.0502701
272 0.285828
290 -0.0336914
31 -0.0500221
190 0.012207
348 0.0814209
309 0.088562
97 0.0413208
308 0.201965
350 4.491
169 -0.523148
203 -0.0755157
151 0.0535278
312 0.275055
20 -0.0581989
59 -0.085762
65 0.000366211
315 0.371796
353 -0.0944214
334 0.0238647
266 0.306335
308 0.201752
148 0.0318604
35 -0.0542564
302 -24.0853
331 -0.0188599
367 0.048645
349 -0.0536804
373 0.261932
127 -0.0501099
181 -0.0373535
279 -0.0216675
351 -0.0440369
232 -0.0222168
184 -0.202957
140 -0.810913
66 -0.0072937
370 -0.226257
268 0.12616
200 0.215958
312 0.0838623
148 0.148346
205 0.0308838
365 -0.113098
233 -6.16714
128 -0.00857544
356 -0.146423
117 0.0459061
235 -8.88075
199 0.0443268
332 0.0849304
223 0.0164032
212 -8.46501
314 0.232056
313 0.157288
195 -0.0113068
341 0.0635681
343 0.197845
230 -2.06052
347 0.0279541
204 0.0295258
160 0.263474
274 -5.63586
278 0.203827
289 -21.0438
372 -1.513
313 -1.64691
372 0.121948
334 0.110718
63 -0.103359
139 0.0704346
272 0.184021
351 -0.855408
136 -0.0435638
303 0.299988
156 -6.85101
306 -0.205688
355 -0.0335693
123 -0.0202332
295 -0.143494
327 2.02264
193 0.0449371
321 0.112915
257 0.0228271
20 -0.0199757
21 -0.0334721
167 -0.0126648
320 0.125916
240 -0.00140381
315 0.023407
360 0.0441284
353 -0.139923
364 0.219788
82 -0.0442886
344 -0.0380859
351 -0.0252991
337 0.0478821
306 -0.0504456
361 0.183868
134 -0.0826263
191 0.105286
167 -0.0124359
324 0.248535
141 0.0415802
301 -22.0622
176 -0.000640869
319 -23.8111
335 0.190826
229 -0.0977325
196 1.153
138 -0.0718079
366 -0.296783
106 -0.0657654
310 -0.194672
305 0.0193787
196 0.0690613
15 -0.00684643
305 0.0185242
111 0.159782
363 0.071106
347 3.36862
222 0.00868225
25 -0.0699215
220 0.0205078
214 -0.00582886
132 0.0247192
116 0.0991058
215 -9.72841
270 0.0966187
281 -0.00888062
138 0.0401611
332 -0.0643311
202 1.48788
119 0.0636597
194 0.0401154
372 -0.185669
297 -18.5623
270 -0.0809937
150 0.0955353
348 2.99698
366 7.29309
296 -0.162262
327 -0.160614
370 0.0484924
315 0.608887
194 0.0415344
372 0.099762
345 0.046936
346 0.191864
261 -14.0229
359 0.109467
48 -0.162754
351 -0.718658
349 -0.00915527
354 -0.0578308
285 0.181366
166 0.0290833
370 0.0760803
139 0.013443
192 0.0613556
243 -9.78122
361 -0.215179
52 -0.0456924
348 0.0449524
335 0.0149536
308 0.058197
173 -0.133133
318 -0.0331726
26 -0.030859
206 -0.0142365
309 -0.0254211
234 -0.0628662
119 0.0627289
153 -0.0475769
338 -0.0908813
272 0.0886536
299 -0.0694885
368 0.0691833
252 -13.4906
243 -9.76584
271 1.19461
85 -0.00814056
27 -0.00619316
256 0.153229
361 4.57675
145 0.0154877
93 -0.030014
342 3.93539
356 -0.142334
227 -0.104752
1 0.0142231
296 0.0878906
198 -10.426
372 -1.44431
292 0.0124512
166 0.0102081
256 0.154266
321 0.152191
218 -0.0384674
193 0.0449524
331 -0.0641479
141 0.0414124
238 -13.3541
116 0.0092392
237 -2.54181
372 -0.224487
111 -0.0279617
296 -0.162415
356 -0.0852356
360 0.056427
345 0.00195312
338 -0.287628
149 -0.0516052
296 -0.162323
296 -0.162628
239 -13.7432
337 -0.136627
313 -1.65527
240 -2.47864
360 -0.0140991
167 -1.19089
346 4.83447
121 0.0388184
295 -0.0116882
119 -0.0877151
192 0.0898438
315 0.0231628
359 0.109344
335 -0.13147
354 5.31546
198 0.370712
334 -0.0415955
351 -0.14975
130 0.00189209
318 0.409119
150 0.00973511
198 -10.425
364 0.162018
354 0.0596619
295 0.427246
89 -0.065155
193 0.0214691
203 0.0105286
173 -0.119049
119 -0.0089035
336 0.127625
120 -0.0820999
252 -8.51933
356 -0.129303
223 0.00456238
351 -0.720825
271 -8.19751
148 0.0104675
152 -0.129105
366 -0.00228882
145 0.0361023
362 -0.0614929
194 0.155914
100 -0.0977707
352 0.181946
280 0.159149
331 -0.00585938
365 6.73636
351 -0.149902
345 0.00152588
332 0.010498
270 0.151093
318 1.2132
244 -0.0736542
358 5.6597
255 -0.00778198
340 -0.0153503
310 -0.00570679
346 4.83255
244 -25.5171
326 0.247345
346 4.07938
231 -0.101105
134 0.00302124
311 0.121185
230 -4.99449
117 -0.0288544
316 0.142303
351 0.0262451
285 0.147705
169 -0.00265503
323 -0.137573
105 0.0568466
235 -12.3417
257 -0.00732422
301 -0.205231
293 0.362457
157 0.0601196
204 0.902573
300 -0.233276
183 0.245544
273 0.145569
272 0.176849
353 -1.0455
306 -0.229095
257 0.574463
367 7.24802
318 0.281128
236 -0.325623
296 0.24823
253 -14.8597
366 6.91666
142 0.00273132
277 0.255798
228 1.25737
18 0.0297203
345 4.83823
130 0.00698853
367 7.07104
335 -0.125702
215 -4.4707
151 -0.0244141
22 -0.0173988
355 -0.0486145
26 0.0518703
95 0.000457764
135 0.0169525
85 -0.0354462
150 -0.0273285
344 -0.021759
317 -0.0543213
313 -1.65567
193 0.106613
267 0.348999
276 -0.0190735
328 0.0498657
7 -0.00640297
356 -0.100525
314 0.385773
342 -0.255524
146 0.00566101
166 -0.0780945
80 -0.070961
335 0.0756531
144 -0.00605774
178 -0.0210266
102 0.0191803
296 0.687531
330 -6.97501
356 -0.128479
41 -0.011776
280 -16.938
335 2.7262
358 0.0263977
365 6.73813
357 0.097168
297 -18.5606
279 -0.0248413
327 -0.401276
267 0.146912
131 -1.02113
313 -1.65414
339 -0.3591
306 0.18985
180 -0.483398
350 0.00665283
171 0.029541
346 4.80356
89 0.0231781
225 -0.0956421
369 0.191528
366 -0.304321
201 0.0287781
278 0.139313
67 0.0965881
230 -17.6049
315 0.344055
292 0.706024
148 0.0324249
327 -0.026825
320 0.222778
372 4.29654
64 -0.0316086
318 0.672821
340 -0.0125427
139 -0.0810394
314 0.416168
105 0.00946808
239 -0.0457306
292 -0.235321
338 -0.292969
354 -0.430573
158 -0.00187683
196 0.0649414
356 -0.102448
122 0.0110092
45 0.0701332
321 0.128937
327 -0.0290222
315 -0.0279236
346 -0.0267944
358 0.0432434
369 0.104187
154 0.136337
149 0.0196686
371 0.158875
296 -0.162476
115 -0.0497055
157 -0.2444
367 11.8433
292 -0.0520935
81 0.0107956
222 -2.09155
32 -0.00814438
23 -0.0385723
335 0.0610352
221 -9.72028
195 0.0118713
24 -0.0302734
262 -2.59116
363 0.194183
350 0.0433655
273 -0.0346985
194 0.239548
350 4.73618
93 -0.0293961
183 -0.149124
214 -0.0605011
297 -3.60077
119 -0.037674
307 0.157257
102 0.0722427
205 -0.0979919
226 -0.0668335
27 -0.0412216
202 1.53458
352 4.25983
214 -0.00817871
123 0.0439682
146 0.0366211
312 0.0565186
121 -0.0432281
274 0.696899
353 6.07602
256 0.019104
280 0.247223
139 -0.0796661
332 0.00808716
133 -1.08826
145 0.04776
167 -0.535828
174 0.0106506
368 4.75003
272 0.915741
116 -0.0558853
330 0.2901
48 0.0374603
149 -0.0528717
361 -0.0394897
191 -0.000137329
95 0.0562744
99 0.0608673
19 -0.0555782
295 -0.088562
223 0.0163269
272 0.651306
346 0.153595
270 0.233582
193 0.0983276
331 -0.0178528
274 -0.0564575
367 0.103363
291 0.240479
322 0.557617
74 0.0698471
68 0.0229492
178 -0.0534363
365 -0.0407104
176 0.0128937
45 -0.0283127
321 0.122498
348 0.0503845
328 -0.108093
112 -0.0409241
336 0.0137329
362 -0.0972595
124 -0.0134735
253 -14.8609
2 0.0344825
356 -0.0921326
364 0.133667
121 0.0455093
343 4.31873
365 0.119171
71 0.351112
353 -0.116882
100 -0.00579071
367 0.259521
267 0.151672
13 0.00559235
306 0.18454
164 -0.028595
302 0.458801
289 0.030304
104 0.0689926
272 0.654846
341 -0.0673828
124 0.101799
322 0.0695496
92 -0.0204086
267 0.156097
163 -0.0401917
229 -9.60062
328 -0.0450439
287 0.146454
312 0.059021
257 -0.0281372
301 -0.16925
199 0.814835
340 -0.0509949
337 -80.0515
302 0.56311
122 0.0631714
329 0.78717
67 0.0196762
284 -0.429474
227 0.0615234
142 0.0375519
336 0.0643616
148 -0.0860748
269 -0.0626221
189 0.470718
272 0.284882
367 0.219452
253 1.04643
236 -0.324219
365 6.36252
89 -0.00991058
300 0.0854492
351 -0.719696
115 0.101624
197 0.270081
110 -0.0516129
311 0.0919495
361 -0.0396729
31 -0.00453568
359 0.0364075
60 -0.091629
362 0.179749
201 1.85851
340 -0.145752
206 -6.81108
286 -0.00869751
258 -0.0195618
254 0.0402222
347 0.0809021
345 0.189209
334 -0.169739
284 0.0157166
362 -0.231567
153 -0.0108185
43 0.0080986
285 -0.00109863
11 -0.0921736
323 0.177979
361 -0.15448
233 -29.0042
138 0.0421295
252 -10.2411
342 3.8797
314 0.397125
251 0.0584869
272 0.285767
338 5.0278
373 0.000152588
147 -0.0275726
323 0.343872
2 -0.0165825
154 -0.0265961
173 -0.551453
324 0.448242
321 0.129181
275 -0.0392151
114 0.0928802
4 0.0153508
22 -0.00601959
211 0.0542145
193 0.0449829
162 -0.235046
190 -0.0605316
269 8.83127
165 -0.0124512
72 0.00976562
171 -0.12291
329 3.50684
290 -0.0276184
321 0.130127
312 0.357635
330 0.304138
74 0.0699615
346 4.81766
350 -0.000213623
274 0.217773
347 -0.00228882
296 0.24823
322 -0.00842285
344 -0.0166016
350 -0.111145
323 0.359528
265 -5.72125
122 -0.0181274
329 2.13916
141 0.0204163
76 -0.0164185
296 -0.162445
296 0.283844
141 -0.0562286
270 0.110992
134 0.031723
322 0.247772
341 0.0553894
302 -0.0105896
281 -0.164062
335 -0.085144
365 0.211029
330 -0.198517
217 -8.15462
252 0.692978
137 -0.0326843
292 0.435364
147 -0.00233459
320 0.123322
313 -1.64844
266 -2.73389
333 -0.086731
236 -0.322388
347 0.0514221
25 -0.0573044
264 0.0993958
32 -0.0101624
359 0.110138
277 0.0144043
330 0.158966
335 0.0493774
302 -0.274323
216 0.0584259
113 0.0752258
308 -0.0195923
213 -0.0327301
68 -0.00610352
118 -0.0306625
13 0.00667953
331 -0.0644836
233 -13.7419
340 -0.0153198
246 0.0637817
268 -5.28342
206 0.046936
268 0.141022
317 -0.0358582
329 3.78589
346 -0.0441589
343 0.198669
75 0.042305
8 -0.00188732
196 0.02034
353 0.150543
298 -0.113647
16 -0.0342827
172 -0.162888
341 0.138763
203 0.0311584
335 -0.0654907
68 0.0228195
85 0.0348434
298 -0.0921631
6 -0.0381722
310 0.16095
149 -0.045929
126 -0.0584183
310 0.35257
252 -13.4906
197 0.0473938
101 -0.0961609
195 0.0163879
220 0.0197296
252 0.611038
367 0.283722
367 0.28598
232 -8.96642
342 0.0524292
296 -0.162537
121 0.0490875
352 -0.00897217
223 0.0164032
280 -16.938
129 -1.02463
332 -0.0645752
201 -0.00668335
164 14.3882
57 -0.0208511
10 -0.0061779
369 0.130402
241 1.31671
151 -0.0507812
333 5.66721
43 -0.027092
316 0.0333252
144 0.0098114
205 4.50522
140 -0.0379028
146 0.00549316
327 -0.0310974
292 0.450867
144 -0.0443115
195 0.0141296
258 0.652618
368 0.220062
269 0.143768
338 0.0257263
332 -0.0647888
193 0.0234833
228 -60.4945
366 0.380371
142 0.084671
164 14.3723
357 -0.0279541
159 -0.040863
325 -0.0635071
366 -0.118408
286 -0.302612
365 6.73581
290 -0.630737
205 -0.0443726
129 0.0895691
366 0.389313
137 0.0607147
258 0.572327
353 -0.0831604
332 -0.160614
237 7.1015
364 0.173065
350 -0.155487
134 -0.0697784
86 0.0142822
287 0.098053
327 -0.0280151
307 -0.00473022
146 0.115311
147 -0.00248718
214 -0.0762329
140 -0.061203
292 0.445038
353 6.02911
337 0.0411987
361 0.16095
364 0.225037
283 -1.28983
331 -0.00140381
331 0.58725
51 -0.0288391
342 -30.1531
239 -16.8815
103 -7.76172
283 0.0804138
332 -0.0647278
342 0.0523987
227 0.0601196
217 0.0422211
219 -0.00619507
359 0.060791
92 -0.0203018
120 0.0346603
198 0.816666
366 0.0899353
334 5.18884
206 1.61397
120 -0.0574722
267 -2.74271
340 0.247986
332 -0.0647278
359 0.109253
242 -8.56519
348 -0.0010376
327 -0.0267334
129 -0.00817871
331 0.0201721
225 -0.00601196
324 0.142426
333 -0.030365
169 -0.00808716
188 0.0273285
120 0.00328827
25 -0.0700912
332 0.0298157
135 0.0170135
288 0.0491943
223 -18.4282
345 -0.0654602
247 -12.8161
69 -0.127518
141 -0.0119476
242 0.292984
368 0.160919
369 0.122528
302 0.481995
104 0.00932312
367 6.95593
75 -0.0323181
332 0.0393372
351 -0.148865
305 0.00286865
270 0.19986
183 -0.0283661
178 -0.0312805
190 -6.10352e-05
126 0.0458145
69 -0.0160065
318 -25.4887
208 -6.55907
304 0.218079
215 -0.431915
361 0.171234
314 0.396057
332 -0.0948792
218 -8.33949
291 0.183472
222 0.013031
328 -0.00265503
373 3.44968
321 0.128235
114 0.0204926
256 0.153625
211 0.00875854
276 -0.104248
160 -0.0250854
234 0.11937
41 -0.0818024
252 0.855804
321 0.130127
334 -0.169739
138 0.00669861
334 2.30417
127 0.0890045
324 0.0457153
297 -0.0942688
150 -0.0726929
201 2.31395
327 0.0043335
289 -0.0205688
197 -0.0265045
168 -0.566635
129 -0.0397949
183 -0.0211945
194 0.0401917
203 -0.33429
16 0.0198212
110 -0.0340805
303 0.247894
317 -0.0358582
363 -0.0594788
317 0.61972
300 -0.19809
158 -1.48805
205 4.50369
214 -0.00810242
323 -0.0688782
65 -0.10321
93 0.106293
178 0.0350952
276 -0.0503235
367 -87.6848
32 -0.0485783
170 0.0406036
267 0.0253601
329 0.32666
97 0.00885773
