171 -0.0439606
179 -0.0681458
47 0.00658798
13 -0.0182533
181 0.162125
169 -0.0312347
181 -0.0039978
117 0.00403595
168 -0.0399933
135 0.0154266
209 -12.9597
88 -0.0103531
181 -0.264282
47 0.00658798
75 -0.00722504
165 -0.0492096
88 -0.0119858
105 -0.0393219
166 -0.00949097
28 -0.065321
164 -0.026535
164 -0.00328064
13 -0.0154247
5 -0.066112
116 -0.0096817
105 -0.0392609
105 -0.0391083
193 -0.714523
65 -0.0200348
105 -0.0391388
105 -0.0392914
5 -0.0659642
164 -0.00357056
186 -0.173737
184 -0.0415039
63 -0.0210533
164 -0.00337219
22 -0.0830727
164 -0.0267029
9 0.0102282
105 -0.0394516
165 -0.0492401
101 0.00685883
177 0.174026
164 -0.0266113
164 -0.0265961
87 -0.0134354
18 -0.0322151
35 -0.0263367
75 0.0155487
350 -0.0282898
167 -0.0341797
122 -0.0175095
120 -0.0430145
167 -0.0329742
26 -0.0392513
9 -0.0395117
121 -0.0293579
92 -0.0242615
119 -0.0177689
31 -0.020546
119 -0.0176239
27 -0.0724182
179 -0.0683594
87 -0.0241241
93 -0.0964432
142 -0.0505524
31 -0.0204773
75 0.0155411
9 -0.0394392
181 -0.00375366
67 -0.01651
161 -0.0336456
83 -0.0105362
128 0.00604248
183 -0.0589752
16 -0.0498962
325 -26.9796
88 -0.0104675
49 -0.00835419
86 -0.00357819
350 -0.0282288
89 -0.00946045
105 -0.0391388
90 -0.0216064
90 -0.0216751
124 -0.0304489
116 -0.0100021
101 0.00556183
181 -0.00376892
177 -0.0402222
126 -0.0518494
77 -0.00655365
10 -0.00363445
100 0.0629349
198 1.52588e-05
170 -0.0858002
101 0.00656891
25 -0.0184917
91 -0.0218277
46 -0.0100327
181 -0.263977
155 -0.0605774
203 -11.0693
105 -0.038208
102 -0.0144653
158 -0.10936
153 0.0218964
19 -0.0389595
2 -0.00355721
184 -0.0415192
295 -17.0529
183 -0.0590515
105 -0.0391998
183 -0.0914001
2 -0.0793247
164 -0.0265198
105 -0.0374146
236 -0.0455475
49 -0.00831604
184 -0.0415802
161 -0.0419312
179 -0.0682831
181 -0.26445
92 0.0182037
165 -0.0461578
221 -0.120224
121 -0.0293579
128 0.00579834
103 -0.00462341
161 -0.036438
97 -0.00598907
117 0.00389099
89 -0.0150223
5 -0.0658965
354 -0.0653381
122 -0.0563736
55 0.0397377
183 -0.0590057
10 0.0192442
103 -0.0173416
15 -0.0158548
94 -0.0216217
100 -0.0521622
108 -0.0163345
90 -0.0216446
30 -0.0204506
56 -0.045887
108 -0.0838699
20 -0.078104
7 -0.223226
31 -0.0204678
72 -0.00500488
215 -0.014679
93 -0.0220108
102 -0.0108414
117 0.00408173
9 0.00816059
184 -0.041626
95 -0.0101395
203 0.265198
98 -0.0175629
105 -0.0378418
122 -0.0180969
11 -0.0357847
178 -0.111618
184 -0.041626
193 -0.714447
203 0.265167
5 -0.0654616
31 -0.0203037
44 -0.00917053
116 -0.00970459
58 -0.0262146
285 -0.00112915
122 -0.018074
106 -0.00833893
32 -0.00788116
350 -0.0283203
43 -0.0106354
122 -0.0181122
103 -0.0172043
105 -0.0392761
92 0.0180664
181 0.162247
5 -0.0098753
90 -0.021637
10 -0.0760202
215 -0.0146637
98 -0.0163345
5 -0.0663834
71 -0.013588
204 0.412949
105 -0.0364914
193 -0.714401
137 -0.0541992
101 0.00549316
33 -0.0493469
117 0.00485229
11 0.0178165
88 -0.0104523
16 -0.0223007
111 -0.0895615
191 -0.497818
350 -0.0282288
14 -0.0680542
13 -0.0369339
93 -0.0966034
98 -0.0161362
186 -0.174881
113 0.050148
100 -0.0229416
31 -0.0205784
52 -0.0243492
165 -0.0462036
10 0.0192547
187 0.133469
105 -0.0390778
103 -0.00382233
170 -0.0326233
68 -0.0115204
36 -0.0233917
179 -0.0680542
164 -0.00325012
181 -0.0039978
20 -0.0476532
5 -0.0640669
116 -0.0101242
103 -0.00521851
179 -0.026062
90 -0.088295
16 -0.0497513
165 -0.0457764
101 0.0063858
48 -0.0146904
12 -0.0306244
99 -0.00511169
124 -0.0418243
177 -0.0440369
350 -0.0282288
75 0.0155716
171 0.104095
101 0.00693512
19 0.0351505
35 -0.0143089
43 -0.00654602
92 -0.0835876
117 0.016098
295 -17.0534
97 -0.0162125
92 -0.0136795
15 -0.0705004
161 -0.0430908
167 -0.0342102
4 -0.00735807
94 -0.0602417
170 -0.0326538
187 0.128845
135 0.0130157
187 0.112595
118 -0.0699081
178 -0.112152
101 0.00589752
167 -0.0465393
10 -0.0760384
98 -0.016098
186 -0.184616
10 0.0191393
112 0.0429382
8 0.0136433
70 -0.0113525
2 -0.104721
47 0.00680923
92 0.0210876
2 -0.078373
14 -0.0328083
166 -0.00946045
92 -0.00125885
31 -0.0204105
88 -0.0121613
7 -0.223351
83 0.0309753
111 -0.0899887
21 -0.00229263
164 -0.00337219
107 -0.0101547
165 -0.0445404
81 0.00234222
179 -0.0679016
175 -0.31897
131 0.0144653
99 -0.0126648
113 -0.00579834
14 -0.0673695
21 0.00187874
354 -0.0654297
87 0.0177536
85 0.00121307
20 0.00275612
81 0.00237274
16 -0.049778
92 0.0209274
58 -0.00245667
92 -0.0207367
98 -0.0163345
149 0.0277405
70 -0.0898666
73 -0.0136108
29 -0.0237789
64 -0.00651169
170 -0.0326691
31 -0.0203934
9 0.0100107
269 -21.5304
88 -0.0102158
137 -0.0541992
178 -0.112289
21 -0.0133572
16 -0.0331306
101 0.00701141
315 -0.0331726
98 -0.0162888
43 -0.0469589
181 0.162323
119 0.0462112
117 0.0160675
92 -0.0255585
16 -0.0497971
135 0.015564
191 0.272949
101 0.00643158
75 0.0155411
99 -0.0078125
23 0.00188446
31 -0.0205288
124 -0.0418243
93 -0.0966568
103 -0.0129547
16 -0.0222321
269 -21.5278
90 -0.0784607
20 -0.036562
90 -0.0215149
8 0.0172052
179 -0.0679779
178 -0.084137
10 -0.0757771
101 -0.0493164
92 -0.0209274
184 -0.0417023
119 0.0460281
99 -0.00778198
92 -0.0203781
215 -0.022171
81 0.00260925
83 0.0307159
103 -0.0172272
181 -0.264496
164 -0.00334167
155 -0.0608368
75 0.0155945
101 0.00652313
98 -0.0205383
11 -0.0626726
16 -0.0498867
193 -0.714355
117 0.00411987
252 -0.0181732
4 -0.00743198
93 -0.0549393
184 -0.0416107
103 -0.0175018
105 -0.0368271
65 0.000640869
187 0.133392
166 -0.00967407
178 -0.111572
252 -30.3445
221 -0.120209
165 -0.0461884
183 0.00834656
16 -0.0221348
21 -0.0135708
47 0.00323105
21 -0.00832748
10 -0.0770483
186 -0.0473022
182 -0.010849
8 -0.0181322
21 -0.000894547
101 0.0065155
112 0.0106735
13 -0.030695
98 -0.014389
333 -0.021698
44 -0.00667191
81 0.00236511
6 -0.0248642
37 0.0413399
349 -0.0353088
215 -0.0147095
22 0.00386047
104 0.0200424
94 -0.0602264
174 -0.00126648
164 -0.0266724
28 -0.014925
90 -0.0784302
10 0.0216742
98 -0.0144348
184 -0.0416107
215 -0.0145569
6 -0.02564
72 -0.00491333
14 -0.0676994
6 -0.101552
167 -0.0623932
37 0.0405769
178 -0.334595
109 0.057991
350 -0.0282288
8 0.0171127
7 -0.223632
90 -0.078537
10 0.0224657
149 0.0276337
184 0.241882
92 0.0249329
84 0.00435638
191 -0.655121
80 -0.00694275
10 -0.0771761
98 -0.0144043
57 -0.0220795
73 -0.0113602
122 -0.0274582
10 -0.0773325
186 -0.0440521
251 -20.9655
93 -0.0540848
131 0.0144196
193 0.36499
32 -0.0288658
14 -0.0679197
121 0.0599442
98 -0.0144958
121 0.0597763
81 0.00257874
178 -0.111435
117 0.00405884
10 0.0190802
55 0.0397797
10 0.0190315
90 -0.078537
193 -0.714386
137 -0.0763702
98 -0.0164719
169 -0.0312195
114 0.015976
75 0.0155563
350 -0.0282593
137 -0.0763092
234 -30.8351
5 -0.0659218
48 -0.059864
21 -0.0135193
111 -0.0644073
117 0.0162811
72 -0.00473785
78 -0.0233536
269 -0.0289307
298 -0.10318
167 -0.0341187
177 -0.0439758
2 -0.0130157
6 -0.101433
203 0.265808
16 -0.0497971
103 -0.0029068
16 0.0432949
220 -0.115738
21 -0.00675011
94 -0.0603638
124 -0.0419388
83 -0.00177002
112 0.0429993
177 0.0356293
33 -0.045166
81 0.00267029
169 -0.0312805
181 -0.259567
14 -0.0684032
179 -0.0683594
31 -0.0204945
275 -0.106598
13 -0.0306215
299 -0.107422
149 0.0277557
117 0.0160065
2 -0.0415649
10 0.0230742
68 -0.0153503
82 -0.0208282
169 -0.0310211
167 -0.0623779
177 -0.0346527
117 0.0159225
116 -0.0816803
100 -0.0593491
10 0.0191345
284 -0.026947
99 -0.010582
48 -0.0146828
8 -0.00467157
168 -0.0377655
284 -0.0271606
51 0.00366211
181 0.162201
16 -0.0498257
350 -0.0281677
225 -0.0659637
101 -0.0157776
313 -25.1619
124 -0.0418549
177 -0.043335
9 -0.0337172
184 -0.0304565
50 -0.0293503
16 -0.0222187
99 -0.00762939
165 -0.0452576
98 -0.0145416
94 -0.0604858
186 -0.0439606
5 -0.0663347
98 -0.0163727
335 -0.00405884
14 -0.0276909
85 0.0106354
60 -0.0300636
5 -0.0606823
51 0.0423241
16 -0.0497551
238 -0.0751343
17 -0.0209675
179 -0.0683136
22 -0.0157852
101 0.00572968
16 -0.0222988
49 -0.0204926
80 -0.0065155
76 -0.0152283
35 -0.0132179
33 -0.0455971
2 -0.126009
10 -0.0753736
163 -0.0260925
10 -0.0773888
113 -0.0783157
206 0.646622
263 -0.00512695
12 -0.014658
251 -0.027359
79 -0.0224609
12 -0.0214462
225 -0.0391846
203 0.356583
283 -21.338
122 -0.0180435
137 -0.054245
5 -0.097085
105 0.0125122
49 0.00572968
100 -0.0192795
53 -0.0258255
13 -0.0307245
28 -0.0215054
184 -0.0416718
10 -0.0104275
224 -0.0209808
72 0.0297699
10 0.00350571
83 -0.00187683
10 -0.0550604
252 -0.0177917
5 -0.065906
119 0.0434494
51 -0.0240479
182 -0.285156
94 -0.0257263
14 -0.0627584
313 -25.1617
10 -0.0555477
195 0.421387
37 0.0413742
33 -0.0301361
88 -0.0104752
184 -0.0415802
112 0.0161285
42 0.00892639
298 -0.0825195
118 -0.0445862
82 -0.0173492
35 0.0541306
171 -0.00737
110 -0.0214386
104 0.0190353
165 -0.0445557
31 -0.0205879
17 -0.0467491
168 -0.0379028
274 -0.12912
37 0.0412483
177 -0.0397491
6 -0.0963573
14 -0.0583172
2 -0.0362072
170 0.0660248
31 -0.0205517
25 -0.0704727
68 -0.000816345
178 -0.111694
166 -0.00953674
170 -0.0856476
48 -0.0600891
15 -0.0156355
16 -0.0498466
117 0.00709534
10 0.0191717
119 0.0468292
13 -0.0307198
308 -0.0361633
48 -0.0156288
112 0.0427475
197 0.0796051
90 -0.0882492
82 -0.0196991
63 -0.0107803
190 -0.0270996
165 -0.0497742
16 -0.0678253
1 -0.0359011
135 0.0156555
10 -0.00248814
93 -0.0541077
174 -0.0762177
103 -0.00511932
184 -0.0414429
201 0.0126495
174 -0.0065918
10 -0.0756168
21 -0.01301
88 -0.0121536
80 0.00422668
92 0.0217209
99 -0.0133133
94 -0.0602188
117 0.00435638
184 -0.0414581
284 -0.0273438
51 0.0415802
121 -0.032814
57 0.0118942
7 -0.00491333
181 -0.0140228
128 0.00587463
171 -0.0272675
206 0.653076
168 -0.0480499
7 -0.0304132
117 0.0145493
169 -0.0309906
149 0.0277557
13 -0.0305634
165 -0.0498352
109 0.0581589
7 0.0379539
120 0.0206757
51 0.0362129
100 -0.0176468
165 -0.0444794
63 0.00352097
36 -0.0400925
166 -0.00947571
81 0.00259399
50 0.0441589
131 0.0126495
26 -0.0159626
9 0.0213232
48 -0.0320053
14 -0.016221
16 0.0433083
22 -0.0676804
250 -0.0864868
168 -0.0379639
189 0.0571899
103 0.0102768
90 -0.0887985
278 -0.0144348
177 -0.0402679
48 -0.0310822
109 0.0580597
117 0.00408936
35 0.0115013
19 0.0377579
31 -0.020359
218 -0.09552
198 -0.0107727
50 0.0443268
191 -0.559631
81 0.00253296
92 -0.021019
34 -0.0276489
207 -0.0118256
113 0.00585938
33 -0.0454865
165 -0.044632
109 0.0580139
181 -0.0237122
44 0.00117493
128 0.00582886
54 0.00509262
11 0.00519276
71 -0.00514221
187 0.133453
74 -0.0151062
60 0.0178337
101 -0.0176315
234 -30.8356
85 -0.017662
6 -0.0308657
16 -0.0498066
10 0.0190887
131 0.0127106
221 -0.120209
43 -0.00634003
117 0.0159454
94 -0.0602722
93 -0.0541382
150 -0.0263214
2 0.0374012
94 -0.0603867
14 -0.0161963
102 0.0245132
234 -30.8372
164 -0.00341797
81 0.00247192
33 -0.0451469
5 -0.0414548
355 -0.0675659
163 -0.036438
269 -0.0291138
166 -0.0249329
48 -0.0156593
10 -0.0763769
37 0.0409737
38 -0.00542831
8 0.0170536
4 -0.0478425
93 -0.0965347
177 -0.0435638
317 0.00445557
174 -0.00128174
22 -0.0191174
167 -0.0341644
305 -0.0812378
90 0.0122223
23 -0.0813484
83 0.00859833
27 -0.0989017
73 -0.0144348
114 -0.0789871
169 -0.0312347
217 -0.0727997
122 0.0155487
37 0.041069
19 -0.0170155
161 -0.0432739
49 -0.00718307
16 -0.0497112
317 0.00448608
267 -21.7595
167 -0.0623322
72 -0.00496674
98 -0.015892
81 0.00255585
272 -0.0241699
251 -0.0272064
94 0.00144196
42 -0.0135841
137 -0.0540771
107 0.0157166
13 -0.0306473
5 0.00472498
98 -0.0163803
179 -0.0679779
90 0.00623322
118 0.00282288
251 -0.0272675
92 -0.0206528
251 -20.9659
105 -0.0390015
204 0.412796
135 0.0156097
26 -0.0296059
170 -0.0867615
37 0.0410271
317 0.0067749
51 0.0423012
177 0.014389
253 -0.0255432
59 0.0316849
217 -0.780624
57 -0.0193672
8 0.0171957
149 0.0277405
104 0.0201111
51 0.0422974
264 -0.0281067
6 -0.0249372
229 -8.62305
169 -0.0312347
72 -0.0244141
113 0.0502243
284 -0.0272217
4 -0.100653
1 0.0312157
15 -0.0209694
255 -12.5017
109 0.00758362
256 -25.2416
113 0.0504532
72 0.0283585
81 0.00297546
80 -0.00656128
72 -0.00465393
140 0.0430145
7 -0.223602
253 -0.0254517
16 -0.0221996
64 -0.00685883
94 -0.000808716
111 0.0430908
81 0.00231171
37 0.0382271
252 -0.0175629
178 -0.111908
109 0.00836182
112 0.0429077
109 0.0305939
48 -0.0596771
109 0.0579834
177 -0.0393066
352 -0.0674744
119 0.00366974
81 0.00240326
8 -0.020196
179 -0.0680084
122 -0.0180817
101 0.0707474
99 -0.00782013
55 0.0398407
113 0.0502777
100 -0.0133209
122 -0.018219
10 0.0135593
9 0.0100317
136 -0.0189514
217 -0.78067
4 0.0597806
162 -0.0448456
91 0.0194626
25 -0.0193386
12 0.0131187
237 -0.0272827
24 -0.0114498
189 0.0237732
248 -0.0825653
8 0.0171003
178 -0.111176
48 -0.0554695
15 -0.0164795
177 -0.043335
42 0.0529213
49 -0.0204201
49 -0.00857544
6 -0.0957255
186 -0.183319
90 -0.0218048
13 -0.0306692
31 -0.0201588
95 -0.0256348
48 0.00811005
224 -0.0394135
215 -0.0145569
150 -0.147064
69 -0.0408325
39 -0.0485535
13 -0.000699997
206 -0.0300751
10 0.0219774
48 -0.0158844
10 -0.0518036
91 -0.0108719
82 -0.0158234
111 -0.0848618
113 0.050087
13 -0.0307035
188 -0.0123444
25 -0.0196991
97 0.0301743
124 -0.0418625
15 -0.00714302
105 -0.0390549
17 -0.00338364
67 0.014679
31 -0.0206661
49 -0.0529671
92 -0.0209885
183 -0.0590057
2 -0.129969
65 -0.00527954
10 0.019187
221 -0.108307
16 0.0433216
104 -0.0124588
112 0.0428238
9 0.0100088
1 -0.0151978
291 -0.038269
170 -0.0867615
103 -0.0173111
90 -0.0216141
104 -0.0188599
135 0.013092
63 0.0323715
184 -0.00488281
5 -0.0562835
5 -0.0660195
12 -0.0212507
94 -0.0605164
231 -0.0108032
205 -0.0452881
355 -0.067688
48 -0.0599136
48 0.010006
8 0.0172958
54 -0.0130577
10 -0.0764074
45 -0.0172768
38 -0.0373993
173 -0.340454
189 -0.0346069
8 -0.0209112
6 -0.0257578
122 -0.0329056
16 0.0433674
9 0.010026
50 -0.00504684
1 0.031847
317 0.00720215
96 -0.05616
32 -0.0265846
10 0.0191793
60 -0.0315552
14 -0.0674982
236 -0.0753479
48 0.0101509
6 -0.0295324
187 -0.00497437
53 -0.0246506
335 -0.00390625
111 0.00965881
8 0.0169706
35 -0.0131569
81 0.00243378
48 -0.0159492
269 -0.0289001
93 -0.0966568
19 -0.0172291
121 -0.0195236
161 -0.0361786
170 -0.0856323
82 -0.0218735
195 -0.00799561
59 0.0511551
251 -0.0273895
160 -0.0184174
19 -0.0171528
186 -0.00436401
163 -0.0660706
72 -0.00488281
88 -0.0120163
48 -0.0154381
317 0.00457764
256 0.0440674
169 -0.0211487
52 -0.0247612
219 -0.0630493
19 -0.0144062
241 -0.0444183
107 0.00802612
217 -0.775589
32 -0.00821304
169 -0.0310211
246 -8.31113
240 -31.0192
234 0.00605774
210 -0.0226593
51 -0.0262108
140 0.0431366
3 0.019146
112 -0.0150681
122 -0.0178528
7 -0.024755
119 0.0463486
85 -0.0362701
43 -0.0075531
8 -0.0206366
219 -0.0628815
94 -0.0602264
253 -0.0254059
39 0.056839
51 0.043087
122 -0.0180588
71 -0.0150604
63 -0.0386391
9 0.00104046
185 -0.0521545
10 -0.0558033
64 -0.0270996
335 -0.0039978
6 -0.0253735
93 -0.0966187
111 -0.0656052
33 -0.0284576
13 -0.030694
48 0.00990295
52 -0.0242767
228 -0.012146
52 -0.0246391
31 -0.0205803
43 -0.00737
68 -0.000869751
170 -0.0233612
74 0.0493011
53 -0.0203934
67 0.0063324
14 -0.0684891
4 -0.0164633
25 -0.0193005
48 -0.034771
87 -0.0429611
111 0.0515137
46 -0.0144539
113 0.0506363
165 -0.0492401
41 0.0430222
76 -0.00575256
97 -0.0536957
221 -0.120178
246 0.00357056
209 -12.9595
122 -0.0179901
214 -0.0101776
255 -0.0366669
124 -0.0417786
186 -0.0440369
112 0.0429001
37 0.0380402
193 -0.0444794
177 -0.043396
176 0.0466614
48 0.0102539
298 -0.0943909
48 -0.0293961
104 0.0192413
283 -21.3383
6 -0.0250564
37 0.0383835
70 -0.0217056
103 0.0822296
21 -0.00839233
106 -0.0248108
62 0.0314255
17 -0.0429611
166 -0.00946045
19 -0.0170345
73 -0.0323792
64 0.0118561
198 6.10352e-05
14 -0.0684843
179 -0.0683594
67 0.0136261
112 0.0427628
266 -17.95
246 -0.0187683
137 -0.0539246
322 -0.00588989
116 -0.0143127
191 -0.00680542
263 -0.0158691
122 -0.0180588
78 0.00634003
3 -0.0954862
131 -0.00259399
52 -0.0256119
111 0.0407257
131 0.0125732
91 -0.055954
105 0.0104904
206 -0.0491028
252 -30.3453
253 -0.0255737
221 -0.120193
169 -0.0312653
48 -0.0190201
105 -0.0255051
184 -0.00518799
9 0.0100756
156 -0.00164795
8 0.017067
264 -0.0280762
217 -0.0733948
187 -0.00289917
170 -0.0856171
166 -0.0098114
35 0.0105705
184 -0.0415497
126 0.0197525
197 0.0774231
54 0.0327644
193 0.203033
227 0.00668335
187 0.113266
48 -0.0157013
190 0.784882
112 0.0429764
91 -0.0110779
104 0.0201492
33 -0.0452576
2 -0.0231199
118 0.00118256
109 0.03022
227 0.00718689
183 -0.0516052
52 -0.0210533
313 -25.1619
66 -0.0204849
181 -0.0037384
75 -0.0158005
254 -0.081604
183 -0.37262
317 0.00714111
221 -0.120026
91 -0.0156631
284 -0.0271301
128 0.00587463
161 -0.0363007
68 -0.000801086
69 -0.00523376
277 0.0183716
250 -0.0715027
198 0.16478
91 -0.0114517
191 -0.00598145
71 -0.0290604
169 -0.09729
60 -0.0188332
118 -0.00776672
3 0.00161123
98 -0.0163498
34 -0.0261002
90 -0.0465851
68 -0.00321198
103 0.0961227
37 0.038063
206 -0.0490417
188 -0.0341187
103 -0.0172958
166 -0.0332489
68 -0.000549316
312 0.0489807
26 -0.0295067
184 0.0758057
75 -0.0331421
49 -0.0346069
72 0.0294113
167 -0.0340881
23 0.0672684
118 -0.0164948
44 -0.0255013
14 -0.00766373
53 -0.0270042
285 -11.029
179 -0.0680695
33 0.00372314
190 1.15324
283 -0.0506287
26 -0.0213146
119 -0.0353317
91 -0.00726318
369 -0.0897522
165 -0.0492706
85 -0.0462646
212 -0.0692139
237 -0.0504456
49 -0.0164948
251 -0.027298
342 0.0412598
211 -0.0615692
186 -0.0104218
238 -0.108246
48 0.0100098
81 0.00253296
104 0.0193558
15 -0.0704155
221 -0.120209
295 -0.106201
354 -0.0654297
1 -0.046073
188 -0.0341034
177 -0.0435333
165 -0.0450439
7 0.00911474
164 -0.00331116
113 0.0505753
140 0.0429993
35 -0.0202065
103 -0.0179596
10 -0.0508842
119 0.0465927
140 0.0432281
175 -0.0645447
63 -0.00194931
90 -0.0186844
98 -0.00609589
103 -0.0189209
61 -0.0172195
128 -0.0320511
52 -0.024292
101 0.019043
27 0.0573654
74 0.0491943
5 -0.03968
47 -0.0186996
68 -0.00106049
47 0.00681686
91 -0.0176773
91 -0.0109558
122 -0.0182266
6 -0.0963006
117 0.00427246
72 0.0262222
169 -0.0310211
351 -0.0951843
16 0.0434227
81 0.00262451
27 -0.0595436
72 0.0303116
19 0.0288715
237 0.00683594
9 -0.00214672
20 0.0509968
74 0.0637665
62 -0.0518684
268 -0.0723267
195 -0.0288696
31 0.0101662
164 -0.0466461
333 -0.0212097
16 0.0433674
131 0.0126801
9 -0.0473413
56 0.0257912
26 -0.0291882
187 0.115311
90 -0.070549
55 -0.0177193
17 0.00359917
48 -0.0598297
167 -0.0325623
50 -0.026516
51 0.0343513
84 -0.0417709
43 -0.00762177
167 -0.0341187
98 -0.0101089
19 -0.0114079
167 -0.0330505
90 -0.0216064
131 0.0126038
10 -0.0767117
198 0
63 -0.0148544
26 -0.0295315
219 -0.0610352
161 -0.0419312
151 0.0213013
19 -0.0171967
170 0.0457764
28 -0.02281
103 -0.0174408
83 -0.0460968
128 0.00590515
53 -0.00361633
269 -0.0678101
90 -0.088356
307 -0.0285034
109 0.0295029
4 0.0593166
72 0.0235901
298 -0.103058
4 -0.0273714
10 -0.056078
17 -0.013834
196 -0.0261688
236 -0.0907898
283 -0.0506287
82 -0.0143051
215 -0.0613556
33 -0.0451431
253 -0.0805969
192 0.305939
196 0.0735474
173 -0.0889282
62 -0.050148
283 -21.3483
167 -0.0329285
215 -0.014679
65 -0.0171051
167 -0.0623169
269 -0.0289307
239 0.0141296
105 -0.0390244
109 0.0292664
296 -0.0833435
140 0.0433502
310 -0.0259705
221 -0.120209
252 -0.017746
26 -0.0292721
120 -0.0152054
170 -0.0304565
70 -0.0921478
33 -0.0454063
92 -0.00691986
14 0.00315285
21 -0.0709991
56 0.0266457
43 -0.0065155
188 -0.0341034
81 -0.0487061
186 -0.0111542
269 -0.0255737
42 0.016407
73 0.00505066
288 -0.0778503
62 -0.0301514
276 -0.000640869
74 -0.00808716
258 0.0632324
24 0.0449009
132 0.0145264
124 -0.0467529
7 0.0381379
2 -0.116734
77 -0.00527191
214 -0.0138855
166 -0.0332184
117 -0.0108948
269 -0.0289917
284 -0.0267639
269 -0.0289001
166 -0.00941467
132 -0.00991821
209 -12.9595
54 0.000419617
166 -0.0490417
7 -0.0508943
37 0.0411873
4 0.0544558
14 -0.0674868
19 0.085146
106 -0.0106506
164 -0.0190125
7 0.0382133
81 0.00240326
349 -31.0912
161 -0.0163116
93 -0.0122528
160 -0.0856628
25 -0.0193005
104 -0.0587997
268 -0.0397339
26 -0.0296535
175 -0.219574
117 0.0695114
31 -0.0247135
10 -0.0414619
33 -0.0452309
52 0.00131989
221 -0.118942
48 -0.0602303
104 -0.0170975
76 0.000404358
142 0.075531
186 -0.0124207
8 -0.0198584
18 -9.34601e-05
28 0.0125313
104 0.00025177
50 -0.00812531
210 -0.0279999
26 -0.0296936
1 0.0180006
110 0.00283813
174 -0.0780029
35 -0.013504
91 -0.0206985
97 -0.0457382
316 0.00762939
169 -0.115784
109 0.0292511
191 -0.00616455
269 -0.0260315
121 0.0597839
9 -0.0395536
166 -0.0545959
175 -0.212433
206 0.64679
167 -0.0623322
105 -0.0345917
35 -0.0131721
6 -0.101476
92 -0.00733948
99 -0.0676575
198 0.000152588
252 -0.0177155
196 0.0729065
170 -0.0326538
77 0.0041275
186 -0.0387878
252 -0.0177917
253 -0.0254517
82 -0.00354004
202 -0.0683899
25 -0.0191536
284 -21.3482
80 -0.00685883
74 0.0641251
171 -0.105194
50 -0.0468826
221 -0.120148
239 0.0234222
4 -0.00965691
84 -0.0325775
92 -0.00914001
74 0.0645752
22 0.00462914
37 0.041153
81 -0.0492706
46 -0.0142136
197 0.0905762
113 0.0501862
187 0.100555
101 -0.0346527
122 -0.0180206
219 -0.111618
326 -0.0699463
264 -0.025116
2 0.00567341
23 -0.0458145
187 -0.0432434
20 0.0139122
207 -0.124146
207 -21.1112
137 -0.0539703
263 -0.0122681
100 -0.00798035
47 -0.0075798
100 -0.027092
63 -0.010994
45 -0.0273666
88 -0.010437
63 -0.0272675
89 0.00863647
2 0.0254669
90 -0.00550842
63 -0.0378761
68 -0.00108337
103 0.00423431
67 -0.00925446
327 -0.043457
58 -0.027298
166 -0.0716095
115 0.066597
165 -0.046051
35 -0.0202713
33 -0.0453033
169 -0.0358124
269 -0.0539856
186 -0.047348
85 -0.0436859
96 -0.0284271
45 -0.00489426
98 -0.00387573
63 -0.00069809
31 -0.0153694
111 -0.0870209
234 -30.8391
193 -0.195465
24 0.0464611
10 -0.0503922
322 -0.00640869
284 -0.0272522
71 -0.00326538
250 0.00357056
14 -0.000558853
138 0.0293732
181 -0.254547
67 -0.0171814
220 -0.0728302
48 -0.0275078
33 -0.00403595
10 -0.0554075
52 -0.0243492
234 0.00714111
92 0.0209961
296 -0.0640259
17 -0.0483208
162 -0.0666809
60 -0.0313911
189 -7.08289
72 0.0238419
252 -30.344
74 0.0647278
72 -0.0461349
161 -0.0636444
77 -0.00447083
166 -0.0403137
126 -0.0366058
49 -0.00832748
181 0.162155
52 -0.0242119
111 -0.0870056
5 -0.0398464
181 -0.0037384
253 -0.0257111
22 0.0184803
25 0.0344582
153 0.0314026
54 0.0252876
317 0.00622559
128 0.00579834
91 -0.0178452
264 -0.0271301
193 -0.714371
172 -0.0413361
194 -0.0313416
103 -0.000473022
50 -0.00800705
77 -0.00307465
193 -0.714401
148 0.0383301
9 -0.0390749
153 0.00874329
109 0.0293884
115 -0.00244141
169 -0.0313416
63 0.00379562
190 1.07484
196 -0.357849
19 -0.0168018
4 0.0585814
33 0.00980377
268 -0.0714111
172 -0.0340424
12 -0.0291719
259 -0.0471802
183 -0.0588989
56 0.0283699
29 -0.0179844
183 0.0787811
166 -0.0128021
20 0.0229244
170 -0.0296936
335 -0.00686646
18 0.0593719
342 0.0440063
82 -0.0922852
34 -0.0229836
27 0.000213623
197 0.0834198
173 -0.0539551
279 -0.0792847
99 -0.0105972
11 -0.0114479
11 -0.0180073
33 -0.0450325
329 -0.0423889
269 -0.0255737
173 -0.117279
11 -0.0481987
14 -0.0674314
91 -0.0103302
186 -0.00993347
205 -0.00195312
46 -0.055275
266 -17.9501
100 0.00746918
251 -0.106735
56 0.027504
45 -0.0171547
109 0.0302429
306 -0.0451355
142 0.0972443
140 0.0431213
60 0.0049057
132 -0.0116577
322 -0.00567627
38 0.0151825
251 0.0153198
186 -0.00965881
225 -0.0363159
39 0.0117188
45 -0.0148621
63 -0.00102997
43 -0.00615692
253 -0.0255432
317 -0.0133057
68 -0.00118256
186 0.104401
36 0.052578
236 -24.9676
164 -0.00337219
166 -0.0623627
122 -0.0179672
81 -0.0493698
177 -0.0428925
166 -6.59888
150 0.0171356
260 -18.42
86 -0.0540161
6 -0.0249619
289 -0.0557556
217 -0.74028
108 -0.00797272
183 -0.0590668
124 -0.0244141
241 0.039566
161 -0.0420685
33 -0.0455894
155 -0.0314178
59 -0.0422058
180 -0.0123138
257 0.0202332
124 0.0271149
19 -0.0169773
161 -0.035675
186 -0.0125122
150 0.016037
44 -0.021225
47 0.0341187
165 -0.0456238
60 0.0157509
36 -0.022419
203 -11.0706
21 -0.0134926
27 0.00757408
51 0.0425453
188 -0.0339203
295 -0.0932007
8 0.0172005
51 0.0100098
38 -0.0297585
209 0.634476
47 0.00675583
90 -0.078598
49 -0.0096817
164 -0.00343323
106 0.000686646
186 -0.00427246
11 -0.0623665
192 -0.052475
207 0.680664
349 -31.0915
105 -0.0119934
222 -27.5681
8 0.0170183
33 -0.0448265
352 -0.0704346
168 -0.0406494
264 -0.0209961
196 0.0912628
94 -0.00813293
164 -0.0628967
111 -0.0654831
93 -0.0606003
3 0.00748014
227 0.00608826
3 -0.121438
163 -0.0774841
110 0.0491791
51 0.0272446
252 -0.0901031
13 -0.0620203
182 0.15802
80 -0.00691986
16 -0.0223618
50 -0.0145721
25 0.0342751
23 0.0416794
103 -0.003685
173 -0.0272217
17 -0.00194931
137 -0.0766296
201 -7.46381
52 0.0278816
48 -0.0599823
193 0.385681
114 -0.0337448
186 -0.00428772
25 -0.0192566
251 -0.0272827
128 0.00590515
253 -0.0255127
60 -0.0265999
81 0.00125885
33 -0.0456161
140 -0.00888062
124 -0.0419159
128 0.00592041
26 -0.0296879
165 -0.044754
94 -0.00267029
61 -0.0172119
98 -0.0317993
80 -0.00767517
169 -0.0312195
212 -18.202
355 -0.0675049
301 -0.0451355
3 -0.013206
127 -0.0449982
99 -0.0101013
60 -0.0313644
160 -0.0505829
311 0.112549
164 -0.0107574
36 0.0135727
29 -0.00235939
342 0.0438538
64 -0.00991821
168 -0.0410156
33 -0.0292358
65 -0.0372162
262 -17.0831
14 -0.00214195
8 -0.0202904
122 -0.0181046
13 -0.00251198
165 -0.0461578
54 0.0121651
109 0.0302429
170 -0.0325012
63 0.00197983
90 -0.0783157
218 -0.0708313
353 -0.215057
177 -0.0370178
298 -0.102783
39 -0.000892639
170 -0.0857086
109 0.0293732
60 -0.0314102
88 -0.00747681
27 -0.00222206
39 -0.0196228
103 0.00432587
36 -0.0292282
317 0.00732422
275 -0.0115051
33 -0.0453796
8 -0.0201845
90 -0.0881729
342 0.0414734
251 -0.0273132
22 0.00925064
83 0.0187454
183 -0.342102
57 0.0165176
206 -0.0491028
176 0.0585175
256 -0.0811157
63 -0.00295258
286 -0.0325623
25 -0.0193138
10 -0.0499458
10 -0.0414324
78 -0.0491714
342 0.0438232
217 -0.743362
253 0.0198822
273 -0.137054
183 -0.0913544
173 -0.0275116
188 -0.0340729
4 -0.0156846
231 -15.9253
132 0.00933838
172 0.0147095
269 0.00436401
169 -0.0504608
26 0.000440598
7 0.0384641
21 -0.00845528
3 0.0329151
14 -0.0680885
206 0.643753
342 0.0418091
48 -0.0593681
10 -0.0560493
20 0.0939255
4 0.00641727
72 -0.0539398
160 -0.0993958
198 -7.62939e-05
137 -0.0189514
164 -0.026535
66 -0.0197449
369 -0.0906677
74 0.0639725
19 -0.0170364
25 -0.0194626
234 -30.8356
90 -0.0885696
90 -0.0881042
280 -20.926
87 -0.0326996
190 1.07477
33 -0.0452194
64 -0.0254974
93 -0.0966415
201 0.012558
52 -0.0326042
8 -0.0201511
119 -0.017746
21 -0.0134544
342 0.044281
35 -0.0358429
166 -0.00961304
17 0.0134926
153 0.00790405
118 0.00820923
46 -0.0682602
32 -0.0465965
197 -0.0234985
4 0.00660944
65 -0.0027771
181 0.162109
184 0.194275
206 -0.0491943
4 0.00582933
11 -0.0587902
5 -0.0656333
63 -0.00304413
49 -0.0294647
102 0.0488586
99 -0.00744629
121 -0.027832
183 -0.0591125
186 -0.0124817
121 0.0596237
58 -0.0233345
21 -0.0134335
209 -12.9592
243 -0.546738
224 -0.0304108
26 -0.0294476
138 -0.00628662
117 0.00418091
84 0.00448608
174 -0.0372925
235 -16.8929
292 -0.0445557
48 -0.0528679
92 -0.00376892
89 -0.0318298
137 -0.0765686
10 -0.0555706
175 -0.0656128
275 -0.106689
26 -0.00728798
12 -0.0214472
207 -0.0198364
170 -0.0855408
209 -0.00637817
225 -0.0153809
169 -0.0311432
117 0.00411987
186 -0.00439453
155 -0.0638275
19 -0.0107937
41 -0.0153351
124 -0.00558472
192 -0.052063
106 -0.0492096
68 -0.00119019
50 0.0057373
151 -0.0577393
138 -0.00672913
214 -0.0139313
117 -0.0109482
195 -0.00776672
132 -0.0114746
56 0.0282822
26 -0.0442543
328 -0.101562
71 0.0161133
225 -0.0415039
110 -0.00870514
72 -0.0634689
185 0.00236511
17 0.0176086
19 0.0192986
209 -12.9595
303 -0.0238647
121 -0.0292816
20 0.0474968
178 0.0386047
160 -0.011673
63 -0.0171471
73 0.0127029
112 0.0354538
111 -0.0841217
73 0.00628662
362 -0.119171
71 0.00872803
240 -0.0486145
146 -0.00682068
39 -0.0218658
104 -0.0161209
231 -10.0275
289 -0.0484619
102 -0.11824
127 -0.0361633
372 -0.0136719
33 -0.0455475
349 -31.0911
102 -0.00484467
121 0.059845
90 -0.0108795
198 -7.62939e-05
32 -0.0205612
246 -0.0460358
63 0.0124359
48 -0.0600929
89 -0.0188904
22 0.00474167
197 -1.26004
182 -0.0367737
48 -0.00983047
175 -0.0658722
111 -0.0748825
60 -0.0314941
18 -0.0396786
167 -0.0010376
5 -0.066155
33 -0.0100632
8 0.0169249
48 -0.0399323
258 -0.0436096
104 -0.0113602
27 -0.00428772
235 0.0386353
109 0.0301208
190 1.07513
190 0.283463
58 0.0183334
5 -0.0604897
40 0.000377655
33 -0.0285187
4 -0.120504
48 -0.0289612
172 -0.0679932
5 0.0411997
164 -0.0032959
213 -0.0478668
109 -0.0738831
103 -0.0310974
325 -0.0580444
183 0.00975037
149 0.00576782
106 0.00692749
37 0.0411758
48 -0.0599289
71 -0.0521088
55 0.0395851
43 -0.0196724
27 -0.0594063
217 -0.743042
190 1.15344
25 -0.103062
5 -0.0410337
111 -0.0840454
90 -0.000282288
178 -0.026123
156 -0.00169373
266 -17.9508
261 -0.0410767
32 -0.0265026
5 -0.0417299
284 0.0164795
373 -0.127106
5 -0.0412531
88 0.00102997
312 -0.0870056
128 -0.0484467
33 -0.0138779
167 -0.0340729
143 0.0214386
183 -0.0912781
168 -0.040863
9 -0.00628376
125 -0.0388489
131 0.0145416
314 -0.00421143
131 0.00369263
252 -30.3454
77 -0.008461
18 -0.043541
102 0.0161133
241 -41.107
355 -0.067627
307 -0.000701904
276 -16.9949
156 -0.00157166
127 0.0421677
172 0.140503
127 -0.0376129
322 -0.0067749
111 -0.0843277
32 -0.0614223
42 0.0655136
23 0.0103817
288 0.00567627
93 -0.0544205
169 -0.0547333
1 -0.00393963
33 -0.0292282
323 0.0088501
5 -0.0199432
22 0.0322132
124 -0.0418701
111 -0.0105438
279 -0.0151978
14 -0.0244284
211 -18.1853
55 0.0396729
140 0.02388
109 0.0292358
37 0.0384865
167 -0.0623779
117 0.0161896
50 0.000499725
264 -17.1159
94 -0.0140915
168 -0.0410919
138 0.0324554
78 0.0185852
131 0.0144043
221 -0.119247
194 -0.0170441
183 -0.0590515
114 -0.00587463
34 -0.035408
356 -32.0672
275 -0.105927
128 -0.0484619
293 -0.0691833
25 -0.0328197
56 0.0261116
74 -0.00263214
175 -0.0655212
34 0.0302467
55 0.0397034
257 0.0285034
27 -0.0588112
4 0.0292325
161 -0.042099
165 -0.0442963
93 -0.0542297
251 -0.0273132
223 -0.0189209
118 0.00153351
90 0.0738754
197 0.0783386
213 -0.0477142
151 0.0549774
175 -0.053009
132 0.00305176
83 -0.0284882
234 -30.8366
63 0.00303268
5 0.0212498
167 -0.0261993
40 0.0106735
11 -0.0577879
38 -0.0558777
117 0.00422668
121 -0.0293732
109 0.0298843
171 -0.0986938
138 0.00770569
167 -0.0329285
67 -0.0308228
225 -0.041275
173 -0.0513153
111 -0.0840378
167 -5.59691
82 0.00509644
101 0.0849533
78 -0.0253143
127 -0.0369873
129 0.000366211
333 -0.00778198
38 0.0102386
161 -0.035614
93 -0.0542908
59 0.0370178
267 -17.212
212 -0.013504
171 -0.169434
26 -0.0296917
57 0.0260887
46 -0.000240326
248 -0.00650024
48 -0.0482788
294 -0.0901184
161 -0.0362396
51 0.041626
167 -0.0341492
284 -0.0270386
5 -0.0658679
10 0.00628948
177 -0.0420227
264 -0.0294495
48 -0.0600014
269 -0.0258789
6 0.0150833
361 -0.0484009
42 0.0654945
176 -0.105225
234 -21.7503
39 0.0123825
4 -0.0394697
93 -0.0539093
37 0.0407791
137 -0.0440979
60 0.0445251
358 -0.130219
90 -0.0225754
164 -0.00326538
342 0.0439453
48 -0.0119629
207 -0.0198364
128 -0.0483246
6 -0.0251646
236 -24.9679
44 -0.0277786
104 0.0190659
101 -0.0187912
201 -0.0232849
50 -0.0295448
335 0.00109863
108 -0.0108109
362 -0.133575
161 -0.035614
44 -0.023365
122 0.0348358
56 -0.00278854
121 0.0597382
102 -0.117622
34 0.0331573
33 -0.0106964
7 0.0273318
191 -0.00679016
166 -0.024826
81 0.002388
256 0.0206909
109 0.0581436
47 -0.0478058
350 -0.0282898
305 -0.0567627
98 -0.0308304
145 -0.0605011
266 -17.951
202 -7.68156
188 -0.00688171
305 -0.0581665
79 0.00558472
77 -0.0350952
150 0.0149536
314 -0.000305176
113 -0.00339508
203 -11.0707
156 -0.0596008
124 -0.0418091
148 -0.0479431
167 -0.0340881
369 -0.0905457
305 -0.0722656
164 -0.00328064
68 -0.0105972
119 0.0467148
237 -0.0740356
243 -0.102692
18 -0.018013
28 -0.10062
88 -0.0101852
295 -0.0893555
135 0.0102234
288 -0.0480957
258 -18.9833
170 -0.0326538
86 -0.00746918
3 -0.0340443
24 0.0561752
107 -0.0253754
168 -0.0381622
250 -0.0335388
249 -0.0476837
238 -17.7224
312 -0.0294189
158 -0.132858
126 0.050148
305 -0.0270386
24 -0.0560989
342 0.041626
299 -0.0358582
32 -0.0337906
149 0.0276794
56 0.0278015
266 -17.951
288 -0.0243835
58 0.0395622
183 -0.091156
264 -0.0229492
169 -0.0931549
208 -0.0139465
168 -0.0916901
107 -0.0292435
24 -0.032299
340 -0.0528259
184 -0.0489655
5 0.0200028
17 -0.00746536
235 -10.945
203 -0.0351562
167 -0.0341034
264 -0.0286865
134 -0.00115967
160 0.00775146
186 -0.0123901
21 -0.0133476
322 -0.108124
122 -0.0179901
183 -0.0592499
181 0.159531
137 -0.0185394
217 -0.741501
107 -0.0147018
10 -0.0492735
237 -38.7624
67 0.000183105
263 -0.0266113
6 -0.0249529
174 -0.0779724
105 -0.0314713
8 0.0170622
243 -0.00437927
222 -0.00344849
321 0.00402832
364 0.0813904
215 0.00866699
60 -0.0313148
183 -0.0588989
37 -0.00588226
21 -0.0189724
93 -0.0540695
207 -0.0198364
168 -0.0406036
292 -0.0749207
105 0.00888062
68 -0.0010376
153 0.0219879
60 -0.0244217
81 0.0241928
227 0.00494385
103 -0.0196381
270 -21.4274
57 -0.048542
342 0.044281
269 -0.0261841
215 -0.0146637
61 0.0157661
84 -0.0158768
15 0.00951385
49 -0.0080986
27 0.0116081
26 -0.0296326
8 -0.0201387
63 0.00350952
167 -5.59332
149 0.0277557
65 -0.00259399
151 -0.0626678
212 -0.0479279
65 -0.0365067
109 0.0298004
149 0.0276947
267 0.132935
56 0.030632
99 -0.0772934
140 0.0429993
218 -0.0714874
153 -0.0388641
313 -25.1617
251 -0.0272827
222 0.0151062
82 -0.0188828
208 -0.111618
223 -0.0188446
120 0.020195
43 -0.00637054
114 -0.0262222
149 0.0277863
49 -0.00803757
5 -0.0602736
6 -0.0249295
207 -17.8169
352 -0.0679626
83 0.0307999
217 -0.781143
33 -0.0265579
7 -0.0622673
7 0.0162396
361 -0.166107
107 -0.00544739
286 0.295288
221 -19.8937
195 -0.0454559
97 -0.0707169
220 -0.121201
198 -1.52588e-05
51 0.035511
302 -0.0272827
10 -0.0554161
208 -7.81944
211 -15.6682
234 -21.7636
76 -0.0108871
161 -0.0362854
132 -0.00215149
81 0.0215225
33 -0.0112534
47 -0.00393677
89 -0.0317688
48 -0.0294456
33 -0.0452919
169 -0.0591431
58 -0.0443916
309 0.00463867
13 0.0308561
81 0.00249481
109 0.0106506
247 -38.0639
27 -0.0548439
35 -0.0202217
81 0.0239639
154 -0.0708313
207 -0.02034
285 -0.00213623
213 -0.074234
308 -0.0101929
170 -0.0854645
213 -0.0478973
31 0.0116901
191 -0.652191
93 -0.0965576
179 -0.249069
39 0.0126114
140 -0.0465698
153 0.00839233
229 -0.125793
289 -0.0560608
33 -0.0456696
317 0.519714
60 -0.0016861
165 -0.0460358
144 -0.162399
33 -0.0282516
263 -6.10352e-05
358 -0.246887
131 0.012558
135 0.0131378
90 -0.088501
24 -0.0361633
226 0.037262
283 -21.3379
343 0.0635986
6 -0.0173955
331 -0.0396423
250 -0.0286407
251 -0.0272217
372 -0.096283
215 -0.0146484
33 -0.0453758
122 -0.018013
68 -0.0269928
35 0.0105629
121 -0.0231171
61 0.0789185
251 -0.034317
56 0.0334892
275 -0.090332
82 0.029129
141 -0.0353241
111 -0.0839691
290 -0.0255432
218 -0.0235901
109 0.0302353
164 -0.00335693
71 -0.030159
256 -0.0530701
128 -0.00187683
252 -0.00750732
217 -0.738525
105 -0.0161667
137 -0.0371704
153 -0.054245
103 -0.00456238
194 -0.000289917
169 -0.0310669
281 -0.058197
340 -0.0624084
195 -0.00769043
84 -0.129295
164 -0.00791931
156 -0.0305176
225 -0.0414276
164 -0.026535
333 -0.021698
117 0.0161972
130 -0.00369263
291 -0.0684814
122 0.0278549
9 0.051156
201 0.0128021
111 -0.0820999
8 -0.0376916
273 -0.0935059
186 -0.0441132
201 -9.41194
275 -0.106018
254 -15.6977
243 -0.0358124
127 -0.0431519
264 -0.0382385
304 -0.0285034
276 0.006073
68 -0.000930786
60 -0.0313034
322 -0.00643921
55 -0.0993462
273 -0.141937
213 -19.9518
216 -17.6297
299 -0.101013
313 -25.1618
192 1.33641
280 -0.0149231
296 -0.09021
216 -17.6281
282 0.0117493
19 0.019968
267 -0.0370483
251 -0.027298
1 -0.040081
342 0.0417786
125 0.0777817
4 0.0178761
151 0.068512
280 -0.0102539
48 -0.0301628
51 0.0952415
165 -0.0445862
166 -0.0250854
8 -0.0199223
72 -0.00494385
366 0.0593567
93 -0.0672531
230 -0.0760498
52 -0.015316
122 -0.0179825
46 -0.012886
60 -0.0314903
151 0.0652924
191 -0.00674438
297 -0.0892944
153 -0.143494
226 -0.0679779
62 -0.0362701
124 0.015419
179 0.0179749
274 -20.5024
165 -0.0135193
130 0.0180359
6 -0.0226936
158 -0.119736
121 0.00498962
198 -0.0450897
284 -0.0270691
249 -0.0274658
39 0.0123024
206 -0.081543
317 0.00631714
146 -0.00213623
55 -0.0660095
117 0.00424957
60 -0.0313416
14 -0.00955868
352 -0.0684509
273 -20.5089
269 0.0896606
333 0.0570984
129 -0.00939941
154 0.0463257
313 -0.00796509
269 -0.0290833
131 0.0127106
63 -0.021862
287 -0.015625
253 -0.0254974
122 -0.0231171
305 -0.0799255
198 0.00346375
181 -0.0688782
244 0.156601
279 -0.0154114
188 -0.0370026
335 -0.0505981
33 -0.0286331
183 -0.0589752
119 0.00247192
102 -0.118538
105 -0.0046463
107 -0.0556641
178 0.00422668
271 0.11499
15 -0.0791121
217 -22.9165
246 -20.2807
216 -17.6297
205 0.621994
37 0.0354767
217 -0.046814
25 -0.0559177
142 0.0890656
121 0.026207
225 -1.0264
341 -29.1328
333 -0.0218201
165 -0.049118
252 -0.0207672
107 -0.0110931
264 -0.0284119
220 -0.102692
311 -0.0699463
254 0.0138245
61 0.0759048
289 -0.058197
286 -0.0397644
149 0.0277863
68 -0.000946045
190 -0.0438995
62 -0.0161896
121 -0.0861664
365 -0.0224304
117 0.0160751
350 -0.0281677
211 -0.0984955
170 -0.0176697
355 -0.0674744
135 0.0256348
121 0.00879669
164 -0.00328064
190 1.07538
359 0.0765686
140 0.0238495
167 -0.0341644
199 -0.022583
117 -0.0106812
215 -0.0145874
216 -0.0605927
217 -0.0673523
141 -0.0452271
22 -0.0274525
131 0.0126343
194 -0.0134583
33 -0.0277939
221 -0.120255
142 0.0953369
251 -33.2167
185 -0.0705261
224 -0.0528107
250 -0.0877533
189 -0.265671
365 0.0401917
61 -0.0105247
1 -0.0353107
109 0.0299225
104 0.0190582
111 -0.0709534
63 -0.0483742
140 0.0128632
140 0.024292
231 -13.0803
193 0.33638
6 -0.0468831
312 1.16437
277 -19.3175
166 -0.0251007
244 -0.0380249
167 -0.0328674
142 0.0437164
191 -0.00674438
231 -0.0580597
285 -0.00112915
117 0.00428772
213 -23.55
360 0.0258179
49 0.00891495
2 0.0250921
315 0.014801
190 0.025238
186 -0.184311
253 -0.0254517
183 -0.0590515
69 -0.0117188
182 0.158173
262 -17.0548
48 -0.0177727
217 -0.738892
122 -0.0182037
64 -0.0206261
26 -0.0218887
119 -0.0208817
78 -0.0236664
208 0.682953
186 -0.0125427
229 -0.0287781
161 -8.43787
272 -0.0672607
301 1.61282
335 -0.00439453
138 -0.0804138
169 -0.0504913
8 -0.0203686
323 -33.2117
118 -0.0812073
170 -0.0856628
81 0.0131607
155 -0.0219879
183 -0.0914917
177 -0.0255127
305 -0.021637
299 -0.0108948
169 -0.0505219
42 0.00257111
127 -0.0425034
368 0.00302124
113 0.0727921
150 -0.0643921
127 0.00402832
220 -0.09729
254 -20.9201
111 0.0740051
230 -0.0350647
73 -0.0304871
229 -0.0313873
225 -0.0393066
77 -0.0429993
347 -37.5186
185 -0.0191345
209 -0.104187
316 0.470764
37 0.0365906
2 0.0221601
132 0.0157928
166 -0.0247345
332 -0.03302
312 0.0554504
283 -0.0505371
156 -0.0271149
242 -0.0446014
69 -0.0431976
201 -7.46495
33 -0.0450249
122 -0.00790405
360 -0.0441895
236 0.108063
201 -7.46481
280 -0.0356445
219 -0.101044
323 -0.0900269
275 -30.2889
323 -33.0644
195 -0.00765991
83 0.0304565
165 -0.0910797
224 -0.0305481
217 -0.000305176
155 -0.0761566
164 -0.0662689
74 0.0646362
77 0.00898743
292 -0.0454712
319 -0.0690918
120 -0.00105286
329 -0.10437
67 -0.0016861
252 -30.3451
364 0.220123
218 -0.0397034
215 -0.0146332
149 0.0277557
274 0.0660095
23 -0.0187111
151 0.0411224
134 0.0279541
205 0.665543
2 0.0241985
344 4.25272
272 -20.1767
81 -0.124672
322 -0.00662231
80 -0.028656
235 -41.8194
182 -0.429047
209 0.649124
327 -28.2348
86 0.00592041
268 0.0275269
327 -0.00350952
285 -0.00106812
209 -12.8663
364 -0.161469
264 -0.0384827
198 -0.0166473
48 -0.0598679
25 -0.0173435
50 -0.0292854
334 0.0402222
25 -0.0182076
322 0.00289917
109 0.0291367
221 -21.9474
214 -4.50488
175 -0.0659332
218 -22.9933
117 -0.0664444
354 -0.0653381
205 -25.4858
338 0.0591736
109 0.0304184
187 5.23004
278 -0.0142822
62 -0.0545692
174 -0.0789337
167 -0.0324554
127 0.0235443
174 -0.00125122
168 -0.0373688
64 -0.0139313
151 0.0367584
86 0.00391388
217 -22.9177
239 -0.123688
134 0.0453033
288 -21.6722
172 0.0150452
84 -0.102089
344 -0.0694885
32 0.0035553
91 -0.0173111
139 0.0167389
141 -0.02034
315 0.019928
46 0.0288162
289 -0.0307312
220 -21.1333
132 -0.0680084
89 -0.0314178
256 -0.0858917
25 -0.0168419
28 -0.0347443
319 0.0342102
112 0.0365524
354 -0.237488
264 -30.7422
69 -0.04599
111 -0.0647659
106 0.0579681
346 0.0913391
198 -0.00901794
341 0.143036
175 0.0237427
124 -0.0704269
35 -0.0140076
316 0.0050354
65 -0.0126877
323 -0.0158997
294 -0.040802
90 -0.0781097
109 0.0581894
140 0.0238953
167 -0.0623474
311 -0.0280151
105 -0.010643
33 -0.0452347
338 -35.2734
33 -0.0450897
75 -0.035347
359 0.103546
41 0.00532913
247 -0.0611877
106 0.0884552
328 -0.0770569
252 -30.344
206 -17.2326
328 2.77289
323 -0.0109863
128 0.00596619
135 0.0155487
216 -0.00686646
80 -0.0703812
110 -0.0446243
86 0.0795135
65 -0.0615234
352 -0.068573
268 -0.0293579
31 -0.0227318
56 0.0134354
336 0.0777893
196 -0.00653076
6 -0.0249519
190 1.07515
74 0.0639496
133 0.0339661
137 -0.0540771
77 -0.0314941
115 -0.0690613
358 -0.01828
126 0.0057373
129 -0.00993347
94 -0.0602646
293 -0.0802612
216 -17.6277
172 0.00808716
122 -0.014534
35 0.0113983
312 0.0553284
124 -0.0418167
304 -0.0528259
162 -0.0588074
270 -20.0776
90 -0.0783844
188 -0.0340118
290 -0.0689087
301 -0.012146
65 -0.0102997
139 0.0146942
155 -19.9784
152 0.0071106
346 5.60059
322 -0.00653076
235 -25.0366
166 -0.0625305
266 -17.9503
154 0.0536957
163 -0.0527191
224 -0.0210419
175 -0.00694275
217 -22.9175
338 0.0491638
235 -0.0233612
350 65.9697
342 0.144043
278 0.0371399
299 -0.0747375
84 -0.115791
19 0.0801086
109 0.0581284
25 -0.0169373
5 0.0422182
137 -0.00357056
364 7.84241
185 -6.9637
325 -0.0988464
35 -0.0819016
361 -0.140472
111 -0.0831985
330 4.72021
30 -0.026104
312 1.16452
140 0.015564
59 -0.0379295
365 4.67087
281 -13.4011
32 0.0126801
183 -0.502365
253 -16.1907
350 65.8882
174 -0.0333099
109 0.0288925
106 -0.0308533
222 -0.0320892
59 -0.0379791
39 0.0042038
179 -0.133118
70 -0.000747681
145 -0.0341949
215 -0.00801086
352 -0.0678406
117 0.015976
151 0.0640869
124 -0.0315704
216 -17.6286
362 -0.173981
189 -0.0128479
25 0.0276947
74 0.0492249
205 -25.4769
276 -0.0156555
185 -0.0523071
281 -0.0705566
234 -0.00291443
236 -0.125854
191 -0.0383453
226 -16.8756
16 0.0433102
328 -27.3406
171 -0.135529
188 -0.0340118
125 0.0288696
139 -0.00263977
275 0.0350952
296 -0.0340576
107 -0.043396
362 0.120361
365 4.67072
205 -25.4805
308 -0.101227
164 -0.044693
354 7.95105
214 -0.0140839
297 -0.102509
215 -0.0240784
362 5.42584
140 -0.0537872
127 -0.042511
193 0.322159
1 -0.038826
93 -0.0317993
215 0.00872803
357 8.1026
290 -0.0820923
146 0.0148621
79 -0.00456238
179 -0.0871887
167 -0.0341492
315 0.0203552
365 -0.150085
336 0.0559082
50 -0.0293465
283 0.0144348
207 -0.0211487
313 -0.0093689
362 -0.106842
133 -0.0498199
182 -0.0925903
58 0.0174599
357 8.10098
218 0.739395
134 -0.10144
49 0.00965118
186 -6.97638
1 -0.0334911
216 -17.6285
218 -0.0644989
312 1.19418
196 -0.00038147
322 -0.00588989
211 -16.1946
131 0.0144501
128 0.00567627
22 -0.0233059
130 -0.0210266
341 0.350586
49 -0.0272102
180 -0.0205383
193 -0.0217285
74 0.0646973
195 -0.0460052
141 -0.0452423
373 -0.144958
240 -0.0558472
226 -16.8758
216 -17.6288
22 -0.0161495
329 -26.4378
126 -0.0468445
325 1.41476
58 0.0169182
273 -15.9159
338 -0.100189
352 -0.0677185
241 -0.0758209
250 -16.5108
370 -0.180298
239 -0.102249
156 0.0496368
321 3.83771
282 -0.0456238
131 0.00143433
3 -0.0428052
367 7.09906
241 -0.0523834
235 -19.9499
342 0.0416565
235 -0.185333
287 1.54971
111 -0.0516739
230 -0.0817871
365 4.66959
171 -0.027298
183 -0.05896
184 -0.0417023
251 -0.0476837
110 0.0277328
340 -27.292
259 -21.5677
306 0.141937
191 -0.00672913
81 -0.121689
105 -0.0392914
284 -0.0270996
367 7.26346
139 -0.0964203
205 -0.0457153
346 0.090332
362 -0.107086
117 0.0161209
162 -0.0671082
150 -0.00125122
235 -0.185242
223 -0.0712433
107 -0.0560532
121 -0.0170593
72 0.0292969
138 -0.0346222
344 5.56638
11 -0.0606728
118 0.00180054
155 -19.9771
194 -0.0143433
361 7.59625
333 -0.0406799
149 0.02771
198 -0.0714264
244 -9.2289
73 -0.0801697
332 0.00872803
167 -0.0341644
214 -0.0138092
224 -0.0216827
289 -0.0502014
301 1.59317
124 0.000450134
120 -0.036232
202 0.474792
350 65.918
331 4.86118
258 -0.0536499
360 3.94568
318 4.51282
207 -0.0217743
140 0.0245056
206 -0.120178
145 0.024292
208 -0.0257568
255 -0.0527039
362 -0.176697
59 -0.00577164
187 -0.00689697
359 -0.0288696
362 -0.185913
350 6.82968
75 -0.0382767
277 0.019165
79 -0.00462341
117 0.0161438
285 -18.0605
163 -0.0603943
68 -0.0237732
322 4.18704
330 4.74542
371 -0.151245
26 -0.0251884
2 0.0185213
349 6.48413
121 0.00372314
350 -0.0281677
150 -0.147202
161 -0.0419312
101 -0.0708237
137 0.0439911
248 -5.75735
149 0.0276642
342 0.0438232
360 0.0850525
195 -6.42049
365 4.67096
124 -0.0419083
231 -13.0834
140 -0.0268402
252 -30.3451
186 -0.00436401
41 -0.0404091
146 0.0154114
332 -0.0122986
364 0.223206
84 -0.129814
177 -0.0311584
72 0.0254822
285 -0.0578308
223 -0.0652618
301 -0.0126953
205 -25.5002
155 -0.0623169
330 4.76242
213 -0.0825195
327 0.00292969
332 -0.0523987
361 0.054718
103 -0.00466156
171 -0.18718
287 -22.5399
330 4.70822
273 0.0222778
101 -0.0917816
172 -0.0567932
164 0.0396881
292 -0.0451355
86 0.00144196
365 4.66977
201 -0.0753174
324 -0.101166
203 -0.110107
168 -0.0644531
140 -0.0154572
137 -0.0541229
362 -0.105255
223 -0.0658875
78 -0.00453949
327 -0.104462
135 0.0154266
359 0.0948792
222 -9.85704
67 -0.024498
148 0.0690918
73 -0.0439453
65 -0.0366058
80 0.00353241
211 -0.00445557
201 0.377731
104 -0.0445862
366 6.98865
48 -0.059906
255 -0.0536041
330 4.74579
200 0.369507
365 4.67166
13 0.00729942
363 -0.15213
361 -0.139465
266 0.227692
326 -0.0390625
209 -16.4522
306 4.84787
28 -0.0304508
243 -0.535812
197 -11.963
285 -0.00106812
173 0.0365143
209 -12.9597
236 0.0157166
212 -0.0648499
172 0.0166626
93 -0.0636292
172 0.0488281
212 -0.0688324
209 0.64772
241 -0.102264
48 -0.0478172
255 -0.0527802
291 4.32697
159 0.0511475
169 -0.0310669
327 -0.0963745
184 -0.0414124
308 -0.0192261
141 -0.0423431
138 -0.00614929
247 -0.0262756
224 -0.0300751
209 -17.24
179 -0.0541077
186 -0.0125122
166 -0.00947571
299 -0.0898743
367 7.9527
17 -0.0438519
204 -28.1567
157 -0.0715942
121 0.0138397
368 -0.149231
342 -0.0884399
275 -0.106476
184 -0.00518799
185 0.0965271
28 -0.0231171
138 0.0327148
196 0.0744476
316 0.491852
167 -0.0341187
350 65.3393
367 0.257172
370 0.00534058
236 -0.125
362 0.0109863
355 -32.2269
279 1.12079
213 -0.0372314
132 -0.0259705
140 0.0241699
330 -0.0272217
288 1.11319
301 2.1044
50 -0.0291634
197 -0.011322
205 -0.0426025
33 -0.0283203
291 -0.0376892
107 -0.0532608
337 0.0417786
332 -30.5028
359 -0.118805
333 -0.0906067
299 -0.0802917
217 -22.9176
107 -0.0460892
216 -17.6254
106 -0.0207214
35 0.011631
367 6.19305
256 -21.3826
343 5.21783
5 0.0414882
182 -0.00671387
219 0.0660248
83 -0.00111389
124 -0.0419235
288 -0.0939026
237 -23.9629
94 -0.0602798
52 0.00950623
277 -0.129517
243 -0.544128
273 0.842743
303 4.23828
178 -0.0300903
121 -0.0550461
24 0.0389061
308 -0.0632019
59 0.00381851
201 0.0144196
317 -10.41
355 6.69632
369 -0.0907288
15 -0.0681105
180 -0.017746
123 -0.0197525
113 -0.0562668
327 -8.8432
165 -0.0492096
127 0.0233459
361 7.82928
174 -0.00128174
359 5.1976
18 -0.0179882
191 0.0658264
327 0.00265503
245 -0.0285339
195 0.362732
62 -0.0413666
367 7.09262
278 -0.11972
297 -0.179138
54 0.00697327
309 -0.0379639
364 0.210144
47 -0.0190468
91 -0.11805
288 -0.1138
164 0.0430756
66 0.00828552
77 -0.0311813
312 0.0557251
117 0.0162506
28 -0.0286121
57 -0.084259
190 -21.0372
120 0.0539932
322 -33.0542
131 0.0125122
315 0.453766
55 -0.084671
312 0.0554504
206 -12.3006
221 -21.9493
58 0.0176506
11 -0.0825634
118 0.00105286
166 -0.00944519
344 4.18228
74 0.0492935
365 4.67096
226 -0.0500488
2 -0.0216713
272 0.000366211
224 -0.0212555
232 -0.0266876
357 -0.214813
178 0.0245667
234 -30.8373
357 8.09433
66 0.0108719
83 0.030777
160 -0.112213
166 -0.0250854
37 0.046936
368 0.235382
367 0.00320435
32 -0.00341415
332 0.0310669
143 -0.00918579
141 -0.0362701
195 -0.0458679
130 -0.00942993
152 -0.0216064
357 -0.263916
258 -22.0304
131 -0.0549927
292 -0.0454407
201 -7.46432
348 0.0115967
203 -0.0915375
344 3.98801
342 0.11795
125 0.0295715
94 -0.0603867
30 0.0201187
167 -0.0341797
39 0.0216446
7 0.0205965
322 4.2186
177 -0.00663757
134 -0.113647
160 -0.0394287
289 -0.0369568
117 0.015976
361 7.69678
334 0.55719
329 -0.0777893
195 -13.8071
264 -30.8379
132 0.0430603
110 -0.0526123
227 0.00772095
37 0.0392609
370 -0.0721741
172 0.0155182
58 -0.0112953
324 0.444092
156 -0.00170898
250 -17.4182
167 -0.0328827
308 -0.0489502
329 0.112915
124 -0.0418091
158 -0.114716
91 -0.118073
140 -0.00886536
367 7.94214
343 5.18201
254 -20.9201
120 0.0482178
345 0.234375
234 -21.7681
142 0.0390015
243 -0.541794
11 0.00153351
74 0.0493088
251 -0.027298
358 -0.209045
367 -0.10376
74 0.064537
364 0.226288
118 0.00125885
232 -0.0666962
335 -0.00570679
369 -0.253021
114 0.127525
351 68.7527
301 1.64136
229 -9.95305
224 -29.5082
300 1.07483
42 0.0933495
64 -0.0378113
124 -0.0419312
360 1.41351
158 -0.109604
147 0.00572205
149 0.0276642
243 -0.535385
187 -0.0382233
206 -0.101471
347 -0.175934
183 0.0261078
97 -0.0563431
344 0.273804
353 -0.235748
130 -0.019516
302 -0.0378723
303 -0.217651
312 1.19659
308 -0.277435
329 0.159058
315 0.014679
18 -0.0161858
124 -0.0419083
134 -0.102051
171 0.10379
355 -39.1564
3 -0.0246954
63 -0.00920868
91 -0.0648499
214 -0.0475159
362 -0.107056
269 -0.071106
328 2.76685
365 4.67273
319 0.422089
327 -6.10352e-05
372 4.99237
34 0.0207138
85 -0.0144272
359 7.92709
124 0.00415802
272 -0.0100708
179 -0.0104065
367 7.11905
312 0.0552368
365 4.67105
258 0.0644836
356 -0.292542
305 -0.081665
61 -0.0205841
155 -0.0250702
202 -0.062912
349 7.82843
90 0.0403595
365 9.72647
341 0.123718
156 0.0374146
292 -0.0453796
103 -0.0669327
29 -0.0277996
354 6.96133
155 -0.0233154
289 -0.0203552
369 -0.00500488
295 -0.149536
93 -0.0965881
137 -0.0540314
221 -0.0714111
348 4.77805
354 -0.0652161
197 0.276276
324 0.122833
369 -0.0896912
357 -0.310883
280 0.228699
354 -0.0654297
360 0.162567
364 -0.101593
304 -0.0473938
327 -8.86536
4 -0.0952525
110 0.0912247
365 4.67166
232 -1.41989
342 5.50314
287 -0.0419617
67 -0.0246735
201 -0.0753021
179 -0.042038
141 -0.035202
233 0.134521
274 -0.129791
127 0.0273895
332 -0.0534058
184 -0.0116577
346 0.0906067
212 -0.0689392
91 -0.117981
178 -0.0188751
91 -0.118011
147 0.103592
336 0.0785217
303 -0.0863647
357 -32.7319
196 -0.0387115
301 0.194855
307 -0.0689392
142 0.0406036
106 -0.0378265
226 -16.8746
224 -0.0497131
242 -14.4599
140 4.57764e-05
212 -0.115662
171 -0.0272217
315 0.0190735
199 -0.0173798
353 4.50616
151 -0.0163879
250 -16.5466
361 7.60382
332 -0.037262
217 -22.9175
341 0.391571
70 -0.0660858
363 -0.12619
143 -0.00515747
361 -0.228394
2 -0.0471506
117 -0.00025177
236 -0.118958
26 -0.018816
283 -0.0503845
361 7.5997
346 0.0910339
364 4.40829
72 -0.0444946
46 0.0288429
312 0.0552979
325 -0.0683594
346 7.31281
216 -17.6273
330 4.73727
359 0.0872192
212 -0.0479279
122 -0.0235977
122 -0.0100555
143 0.0015564
166 -0.0329132
350 5.46014
186 -0.0439606
370 -0.0311279
328 2.73209
251 -33.7542
285 -0.0533142
364 0.19339
118 0.000999451
255 -17.5814
119 -0.102905
153 -0.0155945
56 -0.0418015
166 -0.0250092
216 -0.0606537
328 -14.9132
341 0.139587
76 -0.0117798
206 -0.181839
134 0.108353
114 0.00621796
361 7.54675
127 -0.0362473
301 1.82623
145 -0.113693
347 5.96057
202 -0.0220642
187 -6.97708
327 -0.00402832
324 4.29291
253 -0.0254669
209 -0.00759888
367 7.10162
231 -0.093811
86 -0.0542603
206 0.645355
339 -0.0325928
226 -0.196274
260 0.0633545
106 0.0752869
10 -0.0556183
346 0.0909424
240 -0.0704956
274 -0.130951
254 -20.9203
202 -0.0265198
317 0.00689697
158 -0.109421
371 0.639221
248 -5.74582
159 -0.0338745
82 -0.0363922
141 -0.0956421
213 -0.104156
215 -0.01474
322 -0.00601196
151 0.038147
356 7.69135
270 1.68546
128 -0.0480957
296 -0.058075
350 -0.713104
171 -0.0271149
296 -0.181793
118 0.0145798
283 -0.0507507
158 -0.109558
109 0.0579681
109 0.00905609
226 -1.0798
331 -0.133148
138 0.0319672
350 -0.156067
355 -0.0679016
106 0.0916977
254 -20.9201
28 -0.0159435
227 -0.0510559
366 0.246246
155 -0.062851
128 -0.0201797
322 -0.00595093
315 0.0142212
107 -0.0392685
323 -0.0116882
326 0.285156
262 -31.2757
109 0.0580444
53 0.0169449
365 4.67154
102 -0.116837
224 -0.0209656
331 0.125183
350 5.37241
146 0.00485229
180 -0.0428772
368 -0.172607
345 -0.131378
330 -0.230957
215 -0.00799561
122 0.0403366
218 0.0018158
287 -23.3859
367 7.78983
325 -0.0708618
73 0.0437698
215 -0.0228729
275 -0.107147
154 -0.0941315
185 0.0673676
141 0.0921478
64 0.0206909
67 -0.022644
333 0.0657654
266 0.228271
68 -0.00102997
135 0.0154572
342 -29.2309
316 0.497101
119 -0.0206604
136 0.0167847
10 0.0131769
361 7.56705
361 7.60104
131 -0.0569916
168 -0.051712
133 -0.0894775
85 -0.121498
117 -0.010994
47 -0.0190926
21 -0.0120945
354 -0.134216
242 -0.0489502
140 0.061142
107 -0.0549164
352 -37.4455
141 0.0694122
351 -0.0952148
42 0.065609
215 0.00982666
120 -0.0423965
131 0.0256958
329 0.237427
273 0.842743
138 0.0300903
331 6.95853
122 0.106674
300 -0.232269
251 -15.3927
221 -24.8025
43 -0.0102005
144 0.0367432
336 0.0791931
118 0.000930786
362 -0.0614624
101 -0.0597839
363 0.172913
144 0.0156555
102 -0.117607
186 -0.0123749
347 -0.11084
372 5.96762
125 0.0762558
278 0.0476074
110 0.0675735
366 -0.0566711
351 -0.15451
11 0.0236769
253 -0.019516
326 0.0615234
129 -0.0159912
312 1.2923
81 -0.119286
336 -0.0114441
312 0.0555115
141 -0.0216217
361 7.54718
351 3.75772
202 -8.82216
134 -0.102692
367 31.0041
130 0.0607605
342 5.4556
140 0.0241394
56 -0.00604248
325 0.0877686
138 -0.106293
352 -0.0615845
231 -0.0692139
189 -11.6266
341 0.344788
281 -0.0371704
358 -0.296631
359 0.102814
238 -0.102539
322 0.416321
354 -0.0296021
263 0.0605469
255 -0.0526886
84 0.046814
214 -16.5067
120 0.0812759
362 -0.106903
166 -0.0252533
316 0.271545
35 -0.0134315
338 0.529205
290 -0.0213623
312 0.976196
170 -0.181625
275 0.00119019
149 0.00588989
248 -5.74327
191 -0.00657654
179 -0.00187683
104 0.0529861
324 4.2692
123 -0.0175095
333 -0.0401001
27 -0.01054
205 -25.4837
292 1.87555
332 -0.0520325
333 -0.273651
351 3.97278
346 0.0909729
184 -0.0415802
324 0.100433
132 -0.08078
320 0.0438232
325 0.415619
164 -0.0267029
327 0.00247192
84 -0.0181732
54 -0.0165062
204 -0.0184479
69 0.0182419
312 0.0556335
188 -9.38297
230 -0.125259
346 0.0904541
81 -0.0221863
297 -0.114685
364 -0.0417175
9 -0.0392962
364 0.10376
253 -0.0404968
331 0.0912781
22 -0.0259838
302 4.18344
366 0.0336914
355 -0.117218
137 -0.0184326
360 -0.191193
194 -0.033783
334 0.536926
113 0.142944
57 0.0422478
257 -22.143
146 0.0227814
341 0.146545
90 -0.00214386
66 -0.0377045
346 0.0982666
317 -0.0133362
56 -0.00643158
367 7.77591
320 1.99606
67 -0.0246353
252 -19.1673
352 4.71646
297 0.228058
233 0.00239563
89 -0.0490112
135 0.013092
318 0.0391541
241 -0.0808258
259 -17.1826
348 5.14185
215 -0.0212555
58 -0.039196
246 -31.695
338 0.161133
335 0.00222778
167 -0.0325317
227 -10.2288
226 -16.875
371 -0.507812
195 0.0150299
20 -0.0183144
372 0.306915
75 -0.014267
180 -0.0265198
93 0.052063
348 4.9288
364 -42.4422
26 -0.0294266
1 -0.121351
169 0.0712433
67 -0.0154877
161 -0.0420227
231 -13.0831
178 0.000137329
302 1.19492
332 -0.0452271
302 4.1839
373 0.0239563
142 -0.0698853
144 -0.00753784
369 -0.383026
134 -0.102814
42 0.0905685
121 -0.0293427
352 4.35175
279 -16.9548
358 5.72104
342 0.131775
333 -0.0213318
68 -0.000968933
244 -14.5072
230 -1.47139
127 0.0260544
368 0.232086
348 5.69342
231 -0.0890808
300 1.17441
147 0.106125
291 -0.06073
184 0.106079
294 -0.112213
235 -20.0857
120 0.0112381
101 -0.00901031
342 0.147003
184 0.169708
215 -27.4908
328 2.76657
133 0.0227051
137 0.101318
270 1.17761
103 -0.0224609
140 0.0431824
312 0.0557251
291 -0.0415649
323 0.3302
351 57.609
302 -0.0577698
202 -0.0602264
361 7.53378
332 0.725128
365 7.82822
29 0.0382252
350 5.19962
4 -0.0342073
135 0.0155182
355 0.209106
311 -0.0700378
147 0.103638
235 -0.100159
8 -0.0200977
181 -0.0752563
140 0.0237427
32 0.00350571
162 -0.0528717
149 0.0276794
161 -0.0422974
247 0.0558777
11 -0.0564346
348 -0.0439148
135 -0.0129242
221 -21.9507
338 6.50266
114 -0.0263596
327 -0.115631
185 0.0032959
346 0.0910339
344 5.35263
117 -0.0108566
327 5.08527
367 7.203
224 -0.0554504
244 -0.101395
353 -0.0314636
356 0.045929
348 -0.170715
243 -31.5032
261 1.96304
311 -0.0516968
134 -0.0176392
291 -0.0602722
361 -0.139282
3 0.014329
306 4.853
327 0.0567017
93 -0.0964966
339 -23.0872
146 0.135925
126 -0.0311508
328 -0.0652466
343 0.252594
170 -0.0900879
26 -0.0298023
365 4.67081
196 3.44377
312 0.0554199
239 -0.0830536
137 -0.00506592
250 -12.2568
278 -0.0573425
92 0.00617981
352 -0.279877
275 -0.0800476
137 -0.0543213
256 -12.1588
312 0.055481
343 5.36597
174 -0.00123596
147 -0.0389709
217 0.0474548
236 -2.13623
364 7.83948
370 -0.0067749
140 0.0431213
19 0.0655899
300 1.28207
361 -0.182404
190 -0.00842285
362 -0.0966797
183 -0.0862274
252 -18.7537
247 -16.3991
106 0.0201111
268 1.91077
348 5.83978
336 0.0284119
298 -0.037384
141 -0.0351105
25 0.0245438
203 -0.026886
351 -0.0651855
359 0.102722
119 0.0467606
296 1.9314
331 -0.01474
358 0.629364
19 0.0719643
367 7.95245
322 0.164124
336 0.0921326
369 -2.39325
282 -0.0720215
69 0.04599
59 0.00200653
122 0.0797577
160 0.271011
347 5.94919
144 0.194626
315 0.0195923
216 -17.6255
151 -0.062439
213 -0.0110931
257 -16.2062
200 -0.00804138
92 -0.00822449
321 -0.067749
136 -0.0116577
333 -0.100647
20 -0.0778522
194 -2.76294
201 -21.0362
195 -0.00782776
136 -0.00830078
175 -0.0655975
348 0.175293
147 -0.0199738
344 4.20798
118 0.0236206
336 0.0704346
312 1.25549
174 0.0303497
271 0.0787659
299 -0.104492
368 28.5611
127 -0.0366592
312 1.03006
136 -0.0418091
367 7.1044
175 -0.12616
342 0.439056
328 -14.9179
59 0.0643387
51 0.0199165
328 2.771
351 66.6136
364 0.22464
231 -0.0136871
138 0.0307922
164 -0.0495758
137 -0.0108337
19 -0.0151558
310 -0.0472717
183 -0.0912781
10 -0.0169449
59 -0.033474
340 0.181091
269 -0.094696
250 0.118973
348 -0.0507812
279 -13.2515
280 -8.26266
158 -0.109543
12 -0.0900354
160 -0.0597076
144 0.0316925
300 1.07556
90 -0.078537
111 -0.047348
341 0.137421
331 0.0314941
224 -0.0210419
330 0.540588
138 -0.00518799
132 -0.0718689
189 -0.0136261
174 -0.001297
96 -0.0695877
122 -0.0106812
368 0.000518799
54 -0.0191841
231 -13.0809
241 -0.0473175
316 0.0536499
49 -0.0176353
354 -0.170197
355 0.0506287
306 0.143799
138 0.0327454
129 -0.0663757
296 -0.181885
146 0.00527954
359 -0.168335
108 0.0204773
111 -0.0832672
257 -12.4066
292 -0.0767212
104 0.109383
336 0.0735779
224 0.192764
337 0.0739136
156 -0.133499
252 -17.7065
215 -0.01474
5 -0.0415664
117 0.053299
270 1.68628
135 -0.00717163
337 0.0872192
363 0.148773
236 -0.136566
231 -13.0835
286 -0.0582275
364 0.145966
121 -0.054985
357 0.764435
257 0.682251
146 0.00668335
353 -0.125458
307 -0.284607
109 0.038559
11 0.00891685
311 -0.159698
334 -0.00878906
367 31.0792
369 13.3867
113 -0.0217667
352 -0.117889
335 -0.0766907
172 0.00323486
253 -14.7077
187 0.115372
350 66.6352
329 -0.259857
240 1.10435
335 0.323883
312 0.0491943
348 6.10999
237 -0.129227
186 -0.184387
74 0.0492401
333 -0.0217285
168 -0.0378418
354 6.83127
185 -0.0124054
6 0.0226412
57 -0.0844917
164 0.116577
353 11.5915
327 -0.00320435
347 -0.155884
322 -0.00704956
314 0.273407
310 1.85718
324 4.26807
167 -0.0341492
305 0.173798
83 0.000839233
48 -0.0598984
176 -0.0217743
34 -0.0461693
305 -0.0796509
207 -0.0197296
300 1.17114
186 -0.0521545
322 -0.00646973
254 -20.8077
277 -0.0832825
276 -0.022644
355 -0.193756
296 -0.182251
338 2.47183
318 0.41452
303 -0.200928
365 4.66672
273 -0.110229
353 63.1572
291 4.1413
315 0.0144653
248 -5.75598
169 -0.0312347
141 -0.0257111
114 0.10849
312 1.18683
350 5.69672
315 0.0214539
94 0.0339203
255 -11.9195
3 -0.0364904
4 -0.0388417
269 0.226654
366 8.9429
367 30.6531
122 -0.0104904
355 4.45685
14 -0.0166988
334 0.0304565
336 0.0936279
322 -0.080719
273 0.84256
247 -12.7476
125 -0.0729218
333 0.0129089
292 -0.0599976
128 0.00596619
124 -0.0418472
301 -0.0729675
341 0.384979
69 -0.0479813
283 0.00485229
48 -0.0292969
228 -0.0764923
141 -0.0440063
300 0.263824
366 13.8353
342 0.141846
298 -0.103516
371 -0.238739
316 -26.6673
282 1.07559
350 73.2415
226 -4.1794
17 -0.0604649
274 0.101807
343 -0.134308
223 -0.0621948
136 -0.136749
116 0.019249
364 7.84381
127 0.0275726
298 0.747742
340 -0.0925903
281 -0.0839844
283 -0.0544128
19 -0.0145321
148 -0.000564575
346 0.0908203
188 -0.0341949
97 0.0551376
269 0.243683
44 -0.0200195
147 0.103592
338 4.51059
52 -0.00708771
7 -0.0330267
149 -12.5907
318 0.065979
124 0.0314331
84 0.091713
350 -0.0280457
272 0.932648
89 -0.0315933
209 -0.0920105
131 -0.0549011
315 0.0150757
142 0.0953674
246 -20.2362
357 0.0382385
104 0.109634
278 -0.0358276
66 -0.0440521
228 -0.0638885
10 -0.0459528
64 -0.0255432
253 0.118896
355 -0.158417
194 -0.03479
361 -0.20166
4 -0.0134282
237 -24.9781
231 -0.0896149
317 0.518402
342 -0.0662537
353 -0.969513
346 0.0961914
357 0.988678
342 0.0443726
350 70.6813
234 -30.8369
346 0.0909729
210 -0.0514374
270 0.220917
47 -0.0111847
128 -0.0478973
279 1.11987
107 -0.0553207
146 0.13588
361 7.56573
64 -0.015152
217 -22.9165
215 -0.0146637
314 0.311005
368 0.241302
324 4.27975
279 -0.0489197
253 0.137589
312 1.20166
68 0.0265503
273 -0.0160217
122 -0.00832367
150 -0.00126648
309 -0.299622
288 -0.0310059
124 0.0777664
331 4.86145
86 -0.0541916
209 -0.0917358
268 0.106537
257 0.0309448
49 -0.0531311
269 -0.0292358
353 63.128
299 0.733765
174 -0.0779266
118 -0.0813904
358 -0.0340576
73 -0.0495758
341 0.151123
138 -0.00631714
334 -0.0689392
276 4.177
52 0.0307693
323 -0.00637817
270 1.68631
322 -0.0062561
194 -0.0341187
52 -0.0337143
368 0.241547
75 0.0156708
65 -0.0224304
235 -20.0792
168 -0.169418
74 0.0492249
300 -0.230835
205 -0.056488
308 -0.304688
190 0.256836
311 1.40591
358 -33.6309
351 0.2565
349 -0.119995
334 1.00195
266 0.239563
257 0.870453
320 0.267365
372 -0.0093689
18 0.0037384
327 -0.00320435
284 -0.260193
239 -0.0766602
343 0.203033
242 -0.0327454
87 -0.0404739
356 -0.152313
355 5.59814
301 2.52991
133 0.00479126
365 4.67313
225 -0.06604
149 0.0276337
150 -0.00112915
80 0.327774
353 -0.131958
183 0.0789948
14 -0.00431061
286 -0.0270386
328 2.72321
97 -0.030159
87 0.00566101
312 0.0547485
258 0.131653
335 0.0506592
290 -0.0402527
126 -0.010849
330 -0.216248
216 -0.0604095
165 -0.0962524
350 0.128296
84 -0.112122
363 -41.2564
205 -25.4753
300 -0.235352
276 0.0344238
333 -0.0171509
73 -0.0631409
234 -21.752
185 -0.00694275
122 -0.0176315
104 0.0524902
272 0.0801697
229 -29.9885
190 -0.023407
151 0.0720367
137 0.116943
196 -0.0388641
275 0.143738
341 0.0712585
363 -0.035614
292 1.83218
114 -0.0117493
48 -0.0599213
212 0.00300598
163 0.0652771
344 0.275818
333 -0.0184937
127 -0.0376511
306 -0.241638
343 4.44766
158 -0.10968
311 0.31543
359 0.103394
181 -0.118408
363 2.2478
360 0.18222
56 -0.00655365
332 -0.0423279
308 -0.311737
317 0.00631714
361 7.59332
367 31.1345
327 0.0753174
147 0.0825043
361 8.01154
348 5.90891
169 -0.0310211
355 -0.200958
204 0.572037
174 -0.0132751
107 0.0840378
132 -0.0752106
198 -0.0697632
320 0.352936
128 -0.0572662
57 -0.0729408
367 7.79007
360 -0.165222
238 -0.072525
194 -0.0281219
306 -0.148804
140 0.0256958
261 0.0220642
203 0.265366
329 -0.273041
336 -0.0203552
308 0.31369
123 -0.0297241
347 4.99997
331 0.837402
354 -0.145905
70 0.0304337
164 -0.0587158
214 -0.0332642
150 0.104782
66 -0.0271606
248 -5.75693
247 -15.8765
296 -0.11969
16 0.00955582
142 0.0660095
357 0.0327454
287 -0.0926208
138 0.0302734
317 1.13208
364 -44.0626
358 -0.0281067
349 0.0429077
19 -0.0139561
361 7.55637
201 -0.0132446
364 7.83154
249 -16.1274
140 0.0150909
142 -25.8318
366 0.337585
19 -0.0456314
334 0.188141
359 1.32605
211 -0.0093689
369 -0.0903625
279 1.12238
307 0.565643
150 -0.0645905
166 -0.0555115
26 -0.0220165
299 -0.114014
106 0.0807114
279 -0.00991821
270 1.68698
12 0.0151691
292 0.578796
279 -0.134125
117 -0.0106049
19 0.0121918
144 0.0613861
354 -0.119049
81 0.0882721
337 -0.0566101
36 -0.0579109
312 2.23416
355 -0.0680542
270 0.224518
349 -0.913025
175 -0.108536
310 4.94424
11 0.00659657
341 0.345306
155 -0.0625763
254 -12.4281
254 -20.5927
334 4.28885
55 0.0115318
279 -20.2383
282 0.218323
191 -0.66658
241 -0.0704041
360 0.206726
245 -0.0247955
184 0.195114
358 -0.0688171
315 0.0126343
235 -0.185394
131 -0.0105591
146 0.135864
201 -7.46484
129 0.0067749
302 0.039032
107 0.013237
275 0.0648499
62 -0.0278664
343 0.0508118
232 -0.214798
322 -0.0792236
312 0.0558472
166 -0.0255585
354 -0.0655518
334 4.63235
142 0.0405273
251 -7.98077
259 -0.0764771
344 0.0166931
69 -0.0384216
211 -0.110367
48 -0.0598831
301 1.19064
359 -0.165344
186 -0.0539398
332 -0.213165
220 -9.93442
359 0.0762634
124 0.0456238
302 -0.00357056
124 0.0443954
348 6.10648
184 -0.042572
8 -0.0205479
216 -0.0606995
273 0.84259
301 -0.25061
91 -0.117981
22 -0.0246716
254 0.0755005
366 13.1565
331 0.0133362
330 0.24118
311 0.112427
201 -0.0174866
316 0.478455
358 0.0888977
348 5.63654
363 -0.0267944
157 -0.13266
140 0.0245819
156 -0.00144958
148 -0.0392761
252 0.47052
194 0.00602722
215 -0.0146332
336 0.0266113
326 -0.431213
127 -0.0535202
280 -8.26172
275 0.139465
360 0.109467
310 0.0536499
328 5.30344
367 14.606
209 -0.0349731
321 3.99176
331 -0.0118103
121 -0.0293121
282 0.736572
305 -0.0817566
196 3.47661
150 0.0147705
182 -0.138855
8 -0.0200691
114 -0.0415115
286 -0.404236
350 -0.0282593
347 -0.166626
356 7.64987
334 0.313599
191 -7.3699
312 0.215729
276 0.280426
22 0.0654621
129 0.0101929
312 1.17847
362 0.298309
348 -0.167877
340 -27.1547
83 -0.112823
134 -0.0343323
122 -0.0173264
316 -0.283752
121 -23.7575
155 0.0682373
301 -0.219971
328 2.77264
347 0.0764771
362 -0.131897
191 -0.00640869
307 4.43219
285 -0.00106812
306 0.157013
222 -0.050354
359 -0.0445557
231 -0.0895538
285 -0.0574646
305 -0.0802917
294 4.41147
130 -0.0997925
312 0.427338
270 0.222717
349 -0.02948
206 -0.100342
363 0.158905
161 -0.128326
85 -0.0346146
366 -0.157837
157 0.0917664
361 7.55066
322 0.0697937
343 4.992
132 0.00367737
265 0.365601
367 6.18842
213 -0.0297546
284 -0.026825
358 -0.285797
312 0.106018
92 -0.00860596
87 0.316467
53 0.0236816
119 0.043251
373 0.0636292
57 -0.0843201
218 0.0671082
348 6.03806
126 0.0299072
364 8.0321
252 -30.3456
144 -0.00498962
254 0.381439
85 -0.0274506
341 -0.0913086
331 -30.3951
236 -0.125977
328 2.771
146 -0.0440216
196 -0.0386963
306 -0.26236
27 -0.149014
122 -0.0168762
254 0.409241
325 1.46936
306 4.85074
134 -0.101791
127 -0.0468445
253 -16.0352
121 -23.766
307 -0.264954
131 -0.0198059
359 0.096283
319 1.84741
270 1.73355
358 -0.00231934
236 -0.11879
309 3.82233
344 0.169617
66 -0.0181274
156 -0.00881958
195 -0.0448608
31 -0.0205784
332 0.0375061
343 -0.0435791
305 -0.169525
326 0.306061
225 -0.0414886
197 -11.9616
140 -0.101013
112 -0.00422668
335 5.69058
301 -0.0793762
307 0.0403442
330 4.71213
354 7.40717
12 -0.0428848
341 0.346344
75 0.0156403
89 -0.0529861
252 1.55797
63 0.0220604
158 -0.07341
309 -0.0289917
269 0.292694
201 0.0132599
224 0.19458
231 -13.0838
199 -14.1494
138 0.0326538
252 -21.5687
14 -0.00760078
162 0.495438
357 13.0631
286 4.46069
269 0.221527
214 -0.0182495
198 -0.0124817
159 -0.00372314
333 -0.0384827
315 0.0147095
322 -0.00561523
341 0.146637
134 -0.101837
296 -0.161591
327 -0.00350952
364 0.221161
169 0.0087738
365 7.832
201 -7.46376
370 -0.148834
312 1.20111
117 0.0159378
113 0.0194321
316 -0.203461
140 0.0107727
302 4.18509
316 0.326416
348 5.58072
194 -0.0144196
43 -0.0302238
365 -0.165192
146 0.0984344
27 0.0419178
146 -0.0550842
308 -0.272278
233 0.0835724
137 0.128967
273 0.842041
50 -0.0787392
342 0.0444336
296 -0.134674
364 7.84512
118 0.0580139
19 -0.102692
351 -0.0951233
225 -0.0413513
16 -0.0473757
351 -0.0952148
368 -0.109741
89 -0.0012207
290 0.285797
216 -17.6266
234 -0.132889
364 -0.406982
209 -0.0837708
306 0.141479
355 -0.0680542
306 0.146149
217 -0.0206604
188 -0.0341492
57 -0.0840416
333 0.00549316
267 0.0264587
55 0.00603104
296 1.93048
372 0.160461
266 0.239349
328 0.203613
356 -0.0305786
278 -0.0328064
308 -0.0901489
346 -0.0151672
218 0.0558777
274 0.0962219
361 0.134918
70 0.11203
259 0.102051
107 0.041008
320 0.169861
341 -29.1349
19 -0.0311279
100 0.0379028
255 -0.0520782
173 0.00271606
306 4.04379
348 -0.106293
179 -0.0223236
328 2.7627
301 2.90634
353 -0.971161
101 -0.098114
317 0.51944
318 4.65109
220 -0.103561
368 -0.00747681
309 0.137421
150 -0.0644073
126 -14.0428
192 -22.687
85 -0.179405
357 0.0760498
330 0.226166
212 -0.0691528
42 -0.0691223
274 -0.600861
161 -8.42447
296 -0.226685
238 -0.788452
117 0.0158386
260 1.84283
110 0.0551529
349 -0.124237
316 0.434143
350 -0.68869
135 0.0788269
338 2.53143
246 0.00598145
315 0.0139771
323 0.311646
327 -8.84439
193 -0.0216827
332 -0.217499
346 0.0910645
359 0.0770569
351 -0.0671692
357 -0.281311
367 7.95844
330 4.71552
223 -0.0772247
332 0.0796509
31 0.0118122
68 0.0138397
35 0.0116005
354 -49.8318
169 -0.0505371
344 0.115692
267 0.0163879
151 -0.00563049
74 -0.0183105
86 -0.0541077
361 0.140747
312 0.106842
150 0.0167389
325 0.46344
152 -0.0269012
209 -12.9595
50 -0.0773659
129 -0.0595551
283 -21.3379
227 0.00764465
186 -0.184158
3 0.0249825
301 -0.0797729
352 5.01163
368 -0.00698853
109 -0.058876
204 -0.0178528
333 -0.00253296
281 -0.0723267
29 0.00666618
166 -6.61594
342 0.0445862
281 1.17792
130 0.0181427
331 -0.105499
278 -0.0134583
279 -0.0516968
354 0.136505
352 4.88095
70 -0.032959
57 -0.0639572
365 8.56921
41 -0.0155945
89 -0.0315552
89 -0.071312
57 -0.0725784
345 0.213226
227 -0.0675659
365 2.43723
333 -0.0762024
333 -0.0218201
342 6.82883
330 0.0658569
114 0.00710297
176 -0.113785
55 -0.0303078
318 -0.201324
213 0.842758
139 25.6224
305 -0.0806885
41 -0.0308762
364 7.83734
372 0.142273
179 -0.0102386
351 69.0054
255 -0.0317993
266 0.239105
337 0.0843506
104 -0.0125275
18 0.0284157
330 4.71518
280 0.229065
167 -0.0623322
255 -0.0348969
269 0.233215
367 14.5739
340 5.13913
147 0.0368347
32 0.00708771
311 0.00787354
175 -0.0657501
272 -0.0139771
310 0.118591
328 2.71182
74 0.0492554
341 0.142853
300 1.14587
328 -0.0479431
350 6.08502
237 -24.8657
356 -0.276489
326 8.42975
183 -0.05896
246 -17.4027
364 -0.072876
113 0.0808029
189 -0.0852203
217 -0.781357
254 -21.7711
350 66.6215
19 -0.0148563
285 -0.00106812
333 -0.0218506
273 0.848541
328 5.83289
300 1.15729
284 0.175934
367 31.3239
229 -0.0473328
169 -0.0505371
342 -0.277985
273 0.840668
257 -21.6634
196 -0.0388184
361 0.119537
316 -0.0908813
286 0.297119
357 0.0588074
290 -0.057251
243 0.286896
248 0.430328
207 -0.0811615
354 6.01245
304 3.63879
334 -0.00427246
284 0.250854
135 -0.10939
253 -0.0255585
89 -0.0315704
166 -0.0332947
344 -0.203522
106 -0.03685
368 0.243683
61 0.0112457
357 2.10907
359 0.473236
362 -0.107086
360 -0.165649
231 -37.0812
148 0.0552979
237 -0.1091
206 -0.0345306
344 0.167664
364 -0.148407
229 -37.4729
259 0.131287
337 -0.0776367
269 1.22498
368 -0.0065918
357 0.0410156
344 4.44489
280 -8.31555
104 0.109756
187 0.115479
183 -0.0589905
127 -0.0359421
62 0.0673904
336 0.0706787
152 0.0579224
248 -5.74532
122 -0.0176315
90 -0.0780716
320 0.352722
281 -0.0269775
277 0.286621
131 0.149902
134 -0.102646
130 -0.0147705
251 0.471848
318 -0.210388
331 5.03638
293 0.274261
343 0.0519714
323 -32.8973
67 -0.0250473
255 -0.0523376
336 -0.0385132
306 -0.0129395
305 -0.0827942
350 -0.667938
224 -0.0362549
318 -0.0290222
281 -0.0238647
277 0.055603
367 18.4684
151 -0.00605774
367 14.5719
146 0.0978088
232 -1.23129
272 -0.00213623
350 -0.0282898
287 1.04016
56 0.0380745
312 0.0492249
332 -0.0835266
253 -13.2574
268 1.90207
306 0.139069
222 0.043045
240 -0.00695801
142 0.0493774
344 -32.6656
276 -0.0240784
323 3.00092
275 0.830383
153 0.0217896
232 -0.0090332
206 0.645645
335 -0.0696411
315 -0.170563
228 0.0598907
275 -0.106873
181 -0.25618
269 0.239075
303 -0.253815
56 -0.00633621
294 -0.110687
364 -0.0235596
346 0.0900879
93 -0.0965881
2 -0.0453606
318 0.54425
122 -0.0102997
273 0.843414
327 3.99194
329 -0.218933
65 -0.0606766
336 5.49173
304 -0.157959
365 0.245728
304 0.0673218
110 0.112534
207 -0.0857086
238 -32.9181
115 -0.00363922
305 -0.0817566
295 0.0956421
240 -28.7508
211 -0.0794525
145 0.110306
84 -0.0888138
333 -0.215271
137 0.108337
342 5.43323
197 -0.13797
328 6.0994
161 -8.42134
205 -25.4809
341 0.34552
134 -0.102661
192 0.0180511
289 0.136658
321 0.356934
65 -0.02005
280 -0.0451965
223 -0.108505
324 -0.0227966
307 0.472992
203 -0.0415802
159 0.0465088
275 0.0787354
65 -0.0609894
359 0.0888672
6 -0.0125275
327 0.0360413
367 0.0787354
349 -0.105469
348 10.0413
315 0.028595
328 5.12555
188 -0.05896
110 -0.0526199
350 -0.914948
368 -0.255798
127 -0.0395279
80 -0.065239
336 -0.0900269
316 0.00741577
240 -0.00650024
266 1.93512
118 -0.0812683
343 0.038269
156 -0.00157166
338 7.3956
147 -0.0710449
367 12.3696
291 0.27771
176 0.00843811
193 -0.0218353
340 4.978
360 -0.20517
282 0.274445
328 -0.0906067
119 -0.0517883
309 -0.298553
201 -0.0562439
331 0.72876
269 -21.5308
248 -5.74522
123 -0.0864944
215 -0.014679
122 -0.000488281
284 -21.3481
167 -0.062439
328 4.48535
57 0.00305557
336 -0.150299
315 0.0162048
133 0.042511
324 0.429474
342 0.0423889
319 0.0396118
350 -0.737213
267 0.0149231
308 3.59863
1 0.0936623
205 -25.4767
316 0.00799561
115 -0.0789413
371 4.71063
363 0.185333
334 -0.277679
345 0.220062
61 0.00810623
350 -0.709869
229 -0.0279999
359 0.138367
128 0.00582886
358 1.37772
364 8.04123
325 -0.0188599
5 -0.0343466
328 2.7514
164 -0.0799408
342 5.513
269 0.222015
183 -0.0909882
102 -0.0229187
287 -0.191345
53 0.0231781
156 -0.0342712
305 -0.0814209
219 0.0445404
97 0.0331039
235 -20.0918
246 -20.2797
332 -0.0558777
314 0.398712
331 4.86148
105 -0.00254059
166 -0.0554962
361 7.55124
93 -0.0964279
162 -0.0888062
293 -0.0792542
292 0.0679626
317 -0.0495911
126 0.0224457
370 0.00521851
116 0.0653992
118 -0.0682144
106 -0.196365
280 0.228943
19 -0.102005
186 -7.15862
167 -0.0623932
187 0.129517
47 -0.0206451
345 4.79501
204 -0.0859985
24 -0.0571747
346 0.0915222
270 1.68628
101 -0.0726089
305 4.37738
87 -0.00344086
271 0.957458
239 -14.9948
202 -0.0671387
359 -0.159332
31 0.0103378
350 -0.637177
312 0.143311
300 3.93784
363 -42.3915
311 0.115143
208 -0.0858002
141 0.00975037
245 -0.0378571
267 0.16214
167 -5.59624
317 1.94708
353 -0.196747
269 0.220917
213 -19.9506
6 -0.0581675
341 0.345184
322 -0.00616455
234 -21.7623
11 -0.026906
224 0.11879
320 -11.4719
179 -0.110641
266 0.239197
364 7.84613
137 0.113174
150 0.0947723
17 0.0125141
119 -0.0176849
65 -0.0368805
312 0.32962
312 -0.0372009
202 0.441391
7 0.0380688
13 0.0132656
283 -21.3484
8 -0.0207558
235 -0.15918
306 0.0655518
236 -0.125885
367 6.19904
290 -0.15036
325 0.463409
151 -0.108932
223 -0.0112762
367 14.5789
155 -0.0617828
257 0.655396
364 0.302124
324 6.3703
98 0.0291901
246 -0.0810242
297 -0.180023
370 0.00671387
254 -0.0548553
142 -0.0395508
213 -0.127945
261 -17.6908
240 -0.045517
315 0.43869
110 0.0262756
113 0.111702
65 -0.0366745
141 -0.0413666
266 0.239227
102 0.00408173
329 1.36432
342 0.175812
117 0.0727158
89 -0.00494385
362 -0.106873
333 0.067627
345 5.14212
9 0.0175953
341 -0.083374
325 0.0430298
341 0.345001
280 -8.25269
193 -0.0218201
116 -0.0780563
140 0.0432434
135 -0.0248566
269 0.246735
127 -0.0402298
137 -0.0114899
243 -0.541
139 -74.9007
344 5.38446
186 -0.183914
63 -0.00450516
232 -22.4955
115 -0.0681152
127 -0.0482941
140 0.0430298
31 0.0856094
254 0.234741
207 -0.0219727
358 -0.176819
220 -0.10228
306 0.182648
352 4.65479
164 -0.0525665
305 0.172394
316 0.00811768
76 -0.0339813
321 3.83041
335 -0.0695801
281 0.0857849
141 0.0199127
364 7.84027
258 -15.0384
348 -0.031189
125 -0.0728378
141 0.0611725
130 -0.0367126
289 -0.0745544
190 -0.0739746
301 -0.21936
104 0.109978
25 -0.0702801
167 -0.085968
150 -0.0644989
292 -0.306213
280 -5.00891
302 2.86688
333 -0.0218811
345 5.61835
163 -0.182571
116 -0.0100555
217 0.00770569
359 -0.152008
337 0.0739746
308 0.12561
334 -0.0338745
336 0.0120544
313 0.240448
279 1.1138
367 0.339813
297 4.88223
190 -0.0162506
154 -0.0140076
19 -0.011158
183 -7.15555
273 0.840393
255 0.017395
220 -17.624
356 -0.150116
278 -2.82202
266 -16.7766
123 0.0349884
166 -0.148468
317 -0.0131836
243 -0.545502
138 0.0551453
327 -0.0043335
245 -0.0368347
373 0.0241394
334 -0.0101318
359 0.0998535
185 -7.55513
324 4.29672
203 -0.00811768
363 -0.13504
335 0.121094
86 -0.11467
167 -0.0624542
17 -0.0743713
362 -0.106995
344 -0.0944214
135 0.0153961
139 -74.8936
296 -0.181488
241 0.0372467
167 -0.0623932
148 -0.0492554
266 0.239471
359 -0.0422363
257 80.5876
125 -0.064209
104 0.109871
269 -21.3423
304 -0.28067
350 -0.703156
243 -0.538956
93 -0.0965424
357 1.09659
237 -14.9226
130 -0.045929
6 -0.0661554
279 1.11273
317 0.282745
196 -0.0389252
197 -11.9614
224 -0.0211334
261 0.0480957
223 -9.54698
267 -0.0352478
326 -0.103729
42 0.0663261
316 1.70926
266 0.239594
194 -0.0339203
140 -0.000366211
69 0.0182037
290 -0.0495911
136 -21.1438
223 -0.079483
245 0.114395
309 4.54877
301 0.0701294
368 -0.0206604
315 0.0150146
333 -0.0215759
328 2.76999
200 -7.66373
366 -0.0247192
252 -30.3396
155 -0.0599213
141 0.0469666
215 0.0152435
331 -26.0309
141 -0.0148163
346 -0.071167
286 0.0776672
290 -0.694061
355 13.2397
239 -0.102325
354 -0.0652771
316 0.00695801
264 -0.0363464
302 -0.291412
353 -0.959839
286 -0.553223
357 0.0843506
364 0.221771
246 -14.3765
341 0.146301
312 1.51334
296 -0.161835
342 5.75195
254 -20.92
256 0.202026
234 -28.7747
352 0.147095
317 -0.012085
315 0.018219
169 -0.0311584
301 4.2804
361 0.0735474
234 -21.7647
206 0.647415
274 0.11557
274 0.120789
299 0.114868
21 -0.00356293
328 2.77173
330 -0.118958
301 4.21735
344 0.142822
363 -0.142395
126 0.0341873
317 -0.130859
92 -0.067131
181 2.30409
321 0.196014
357 7.49326
195 -0.0163727
354 -0.235229
278 -16.5694
363 -0.0792847
118 0.0182953
321 -0.0215149
196 0.0686188
41 -0.0408325
369 5.77158
284 -10.4419
221 -21.9489
258 -19.5944
323 -0.141693
367 7.26611
150 -0.0645142
117 0.0161667
23 -0.0272217
167 -0.0500793
358 -0.169525
355 -0.0681763
5 0.0420289
251 -17.4567
331 4.88824
235 -0.0687256
151 0.0379028
129 0.0975037
127 -0.0367966
103 -0.0516281
341 -0.12088
105 0.0580139
196 -0.0386505
15 0.0254841
311 0.112274
163 -16.7532
365 0.209351
127 -0.0429993
207 0.0304108
217 -0.779938
367 7.10205
216 -17.6299
321 4.0047
203 -11.0693
252 -0.0177765
318 0.387817
27 0.0509949
138 0.0339203
341 0.138489
281 -0.06604
265 0.115784
344 -0.0551758
366 0.246765
85 -0.0236435
236 -1.04031
327 0.00222778
275 -0.10672
246 -9.05959
331 -28.1001
57 -0.0844574
240 -24.1027
251 -20.9962
71 -0.00939941
371 -0.0130005
334 4.53348
161 0.00393677
266 0.239471
347 -0.113037
362 4.76801
150 -0.0495453
148 -0.0838928
181 -0.00396729
267 0.0267334
333 -0.273621
205 -0.126434
364 0.298401
345 6.3295
201 0.524933
337 0.0738525
292 0.00354004
237 -4.75854
333 3.07495
142 0.0654449
342 5.754
302 4.18387
339 5.52292
106 -0.0567017
191 -7.36786
248 -5.75023
213 -21.0848
251 0.110825
358 -0.0343628
119 -0.0413132
180 -0.0201263
235 0.0165558
236 -0.0614166
230 -0.161682
65 -0.0209351
317 -0.100922
6 -0.0254121
322 -33.0559
315 0.258301
94 -0.0456696
367 -0.00802612
327 -0.00387573
311 0.111816
364 -0.0812683
350 -0.0280762
274 0.119934
274 -0.0808716
115 -0.0506439
328 0.617279
351 9.48282
334 0.39444
332 -0.00469971
321 1.98221
126 -0.0549088
129 -0.0706177
354 5.98615
236 -0.118942
20 0.0222511
301 -0.059845
150 0.0172577
315 0.0203247
288 0.109772
74 0.0492172
82 -0.0169678
157 0.0651398
163 -16.0873
308 0.00582886
137 -0.0184174
191 -0.0306396
258 2.30533
219 0.0437317
250 -10.62
131 -0.0191956
4 0.0598249
333 -0.0387573
327 -0.159424
276 -2.93726
213 0.65509
297 -0.17868
347 5.94879
329 0.260742
320 0.0368652
349 0.584808
302 4.18369
348 6.16998
27 -0.0437756
57 -0.0727806
350 4.88226
318 1.47122
262 1.88428
323 2.60806
275 -0.0322266
254 0.408691
362 -0.1185
151 0.0614929
350 -0.714111
362 -0.155029
80 -0.00652313
266 0.227997
371 -0.202393
269 0.225311
352 -0.155518
321 -15.0353
342 0.142334
90 -0.0607224
330 0.242218
31 0.0118408
350 66.3412
273 0.143097
237 -0.0245361
365 0.19812
321 0.900665
323 0.240234
271 0.0210266
332 -0.232422
254 -20.8205
254 -20.9202
141 -0.0203094
243 -0.541534
138 0.029892
284 0.239594
365 -8.23416
341 0.518646
127 -0.0409393
179 -0.0480652
325 0.277283
187 0.171021
245 0.161453
284 -0.0898743
229 -0.166458
367 5.50488
235 -0.0716095
156 0.104767
151 -0.0507965
312 1.15817
273 -0.0265503
190 -0.0685425
292 1.83099
267 0.0111389
285 -11.0294
292 0.573792
237 -1.66101
312 1.51462
358 -0.153503
335 5.08707
138 -0.00595093
323 1.52716
305 0.151855
205 -25.4938
342 5.7663
354 -28.2806
284 -21.3481
305 0.114441
173 -17.9503
280 0.228638
99 -0.0421524
235 -0.145065
117 0.0457077
277 -0.0176697
168 -0.0557709
124 -23.6444
359 0.0936584
314 0.205933
355 -0.0681763
249 -16.1772
296 -0.161438
312 0.0491333
347 0.0990601
350 -0.741364
340 -4.96948
320 3.76059
106 0.0600891
367 14.6527
333 -0.0398254
74 -0.0549774
295 -0.0986023
341 0.382141
14 -0.00359154
333 5.47565
150 -0.0259094
284 0.0432129
313 0.172485
297 3.87042
215 0.0252838
253 0.0313568
303 -0.278046
280 0.679443
65 -0.0300369
306 0.138275
192 -0.0518188
94 -0.0152588
321 4.00345
296 -0.181946
264 0.989258
155 0.113342
267 -16.9805
327 -0.153046
237 -0.0367432
102 -0.059166
156 -0.00167847
346 0.0603333
330 -0.226654
208 -0.0825348
370 -0.0349731
363 0.06427
19 -0.0172501
333 4.80743
313 0.111389
281 -0.0691223
214 -0.0139465
266 0.239166
307 0.0301514
284 -0.0505066
349 -0.0711975
315 0.0198669
155 -19.9797
74 0.049118
305 0.157959
42 -0.0122223
367 -0.169434
285 -0.0124207
103 -0.0221405
275 0.0864563
194 0.00184631
354 5.45947
250 0.49472
222 -0.0724487
327 0.986145
135 -0.10968
164 -0.0164642
357 7.74036
373 14.7295
355 5.08301
132 0.0296783
139 0.0778198
231 -0.120346
327 -0.00424194
190 -0.0873413
117 0.0161972
280 -8.08939
367 6.20242
315 0.185303
316 -11.6074
150 -0.0588226
160 0.0944366
330 -0.129822
368 0.0220337
192 -7.81616
332 -0.028717
245 -15.8441
364 7.8389
342 6.4021
346 0.0915527
313 1.87341
218 -0.0391998
312 -0.0159912
257 0.0523682
287 0.140442
372 0.0393066
164 -0.0875244
321 0.25769
358 0.0195618
270 1.68625
317 1.52847
18 0.0395889
154 -0.0453949
112 -0.192787
332 -0.0553284
256 74.0474
142 0.00415039
342 0.127899
329 -0.246887
275 0.207397
85 -0.0484848
338 7.13104
299 -0.0411987
56 -0.00623322
338 -0.0418091
240 0.942383
126 0.0285187
122 -0.00801086
125 -0.0735855
195 -0.0181732
127 -0.0390472
295 -0.120178
210 -0.0828857
319 1.87949
239 -2.34206
154 -0.0839081
13 -0.00167847
133 0.0444794
293 -0.0986328
333 -0.00527954
147 0.103653
114 0.0571365
333 -0.0394897
333 -0.0465088
107 -0.0558167
97 -0.0418777
366 9.15408
243 -13.4767
306 0.146149
211 0.0112915
141 -0.0500793
351 -0.0955505
345 2.83652
23 -0.0256767
342 -29.2347
350 -0.0282898
306 0.145752
335 -0.0694275
177 -0.00772095
252 0.0814667
296 -0.161407
329 1.48499
330 0.227386
257 0.0198669
324 -0.196777
308 -0.0799561
365 8.05869
115 0.130188
274 4.61487
285 0.0187988
68 -0.000900269
299 0.363312
71 -0.0185242
217 -22.9176
207 -0.119003
327 -0.00338745
156 -0.00167847
367 6.1814
119 0.0474548
295 -0.0725098
39 0.012207
363 2.69193
212 -0.047821
48 -0.00911713
333 0.19635
22 -0.0431538
117 0.0160599
234 -21.7515
332 -0.0834656
141 -0.0417633
194 -0.0340118
259 0.0579834
288 0.271606
157 -20.4489
333 -0.0393982
122 -0.0240402
371 0.0125122
235 -15.1
131 0.0417023
254 0.0378265
371 1.07553
254 -20.92
307 0.191376
146 -0.0553741
136 -19.2281
351 -0.0951538
270 -0.121063
373 8.7565
118 0.0383911
216 -0.0268707
329 0.343872
187 -15.3539
231 -13.0832
321 3.9903
174 -0.0389099
328 2.78378
232 -0.0127563
196 0.0189514
207 -0.13295
65 -0.00230408
343 -0.13504
276 1.14423
283 -0.0505981
233 -9.43091
142 0.109268
325 2.20474
28 -0.017231
252 -14.9368
303 -0.236664
314 0.461823
309 0.219482
347 5.83896
212 -13.2499
300 -0.0223694
271 -16.8145
208 -0.0068512
222 -0.980606
207 -0.0217285
125 -0.072937
333 -0.0372925
153 -0.0291748
231 -0.0872803
330 0.238495
117 -17.8651
335 2.96445
334 0.752808
173 -0.181839
21 0.0199318
305 0.657654
286 0.294464
354 0.052002
142 0.0215607
357 -0.103729
145 0.0922699
48 -0.0598335
143 -0.0143433
297 -0.223755
359 0.0870972
248 -5.757
325 0.00146484
57 -0.0847206
304 3.09198
207 -0.0172272
203 -0.0949707
123 -0.0106735
337 0.0779419
144 -0.115921
262 2.51773
291 -0.0531006
333 0.0953979
342 6.82028
357 5.2937
143 0.000808716
315 0.551025
337 0.0232849
359 0.152527
313 1.89371
278 -14.1127
269 0.244202
117 -17.8697
349 -0.0568542
346 0.0913391
16 0.0478268
361 -1.41626
372 5.34097
345 -0.0795898
120 0.0586624
64 -0.0256653
88 -0.00288391
350 -0.637695
266 0.227844
372 -0.117004
42 0.0658989
29 -0.0304432
190 -0.0598297
4 0.00654173
296 -0.181976
361 7.5672
67 0.0235138
250 0.15271
154 0.147507
331 5.87543
372 -1.67148
350 65.8865
354 -0.0655823
348 -0.136353
156 -0.0508728
289 -0.0260315
251 0.110733
205 -0.0410919
310 0.319702
307 0.307251
336 0.0790405
123 -0.0121078
229 -9.02713
202 -0.0313263
309 0.174164
158 -0.109756
293 -0.319031
337 -0.0618591
353 2.39017
267 0.437103
278 -15.2468
183 -0.091217
328 0.0809631
346 0.0602417
305 0.174194
166 -0.0563812
302 4.02017
206 -0.00415039
362 -8.73422
240 0.612503
35 0.0114288
195 -0.0105743
242 10.7102
256 0.00198364
73 -0.0384674
240 -0.0447388
34 -0.178249
368 0.230316
285 -0.0905151
333 -0.272888
175 -0.0291443
363 -42.6248
296 -0.0275574
324 1.78101
205 -25.4767
138 -0.00654602
349 0.945251
16 0.00638199
314 0.287506
303 0.191467
315 0.0295715
248 -21.8053
296 1.93018
363 0.137726
157 -20.4664
186 -0.0458832
342 5.76123
229 0.0688324
227 0.00772095
126 -0.0295486
107 -0.0315247
215 -15.6525
294 0.200562
172 -0.0167847
330 0.0978394
223 -0.035141
329 0.272064
342 6.40768
213 -19.9504
313 0.124481
368 6.7348
364 7.85007
330 -0.225311
363 -0.0878906
250 0.723969
349 -31.0876
20 0.0109634
286 0.295105
351 -0.0951843
214 -4.29091
360 -40.0099
286 0.703156
251 0.110565
353 0.0605164
331 -39.4003
264 -21.4456
317 0.00473022
321 3.99008
331 -0.138885
214 -0.0138397
264 -0.0875854
360 -0.167053
364 7.84
133 0.0458984
193 -0.0030365
67 -0.0248642
314 0.396088
314 -3.54352
13 0.0317526
373 -0.0278015
111 0.13636
156 -0.00172424
334 4.29202
365 32.4835
64 -0.0388718
320 1.03799
328 2.71042
351 -0.0953979
349 -0.0906677
155 -19.9906
350 -0.276001
207 -28.7467
302 4.09567
122 0.0122223
305 -0.28067
361 0.627167
328 2.77737
339 -0.110626
236 -0.125931
301 -0.0622864
267 0.0169983
322 6.89627
356 -0.140228
117 0.0554657
341 4.89319
141 -0.045578
205 0.0332794
108 0.105186
188 -0.0339966
185 -0.133423
227 0.00657654
337 -0.089386
152 -0.0772858
341 0.136475
178 -0.07901
351 -0.131073
146 0.136505
209 -12.9595
19 -0.0453148
190 -0.0336761
348 -0.111908
331 9.6171
333 -0.038147
305 0.153351
330 4.70978
155 0.00570679
139 35.6953
