130 -0.108841
130 -0.109695
116 -0.934196
89 -3.45879
102 -2.46961
53 -8.54586
116 -0.946815
188 -0.356628
102 -2.47211
11 -15.694
113 -0.986389
204 1.31059
113 -0.993584
77 -4.72406
113 -0.985718
145 0.669754
77 -4.81186
102 -2.46961
8 -17.1232
102 -2.47205
204 1.2149
145 0.527313
27 -15.5867
55 -8.64999
130 -0.102234
186 0.0108185
201 -0.805588
127 0.0137939
179 2.26524
202 -0.637909
78 -4.69574
204 1.31064
116 -0.937294
24 -15.2822
53 -8.54597
186 0.0110474
141 0.425964
204 1.22772
8 -17.1231
55 -8.64881
113 -0.99556
201 -0.804947
201 -0.804703
130 -0.110489
116 -0.946121
102 -2.47279
179 2.26421
201 -0.805267
96 -2.67805
179 2.26459
179 2.26453
143 0.587387
179 2.26421
186 0.01091
216 -1.6001
216 -1.59366
113 -0.994904
216 -1.77864
11 -15.694
179 2.26447
216 -1.59998
84 -3.8726
216 -1.59908
24 -15.2845
175 0.749374
95 -2.83548
143 0.581955
216 -1.59468
172 1.25902
204 1.22768
204 1.22722
175 0.749786
216 -1.77681
143 0.690048
177 1.24757
216 -1.77832
178 1.27324
11 -15.6921
27 -15.5871
204 1.31055
20 -15.6917
77 -4.75919
205 -0.391327
212 -1.66011
113 -0.994133
54 -8.55706
8 -17.1229
179 1.36346
205 -1.41354
11 -15.694
185 -1.31053
203 -0.944244
178 1.27318
54 -8.56044
203 0.69754
172 1.25888
90 -3.11913
219 -1.83971
204 1.17601
219 -0.911606
178 1.19653
8 -17.123
27 -15.5868
172 1.25925
11 -15.6944
54 -8.55544
172 1.25926
11 -15.6938
178 1.19656
214 -1.64371
178 1.19765
219 -1.81438
204 1.174
24 -15.2843
78 -4.69843
342 77.4554
175 0.748901
202 -0.637909
27 -15.5867
205 -0.391693
250 27.2311
195 1.28539
164 1.22995
336 35.5735
204 1.20422
202 -0.554092
289 24.4431
311 25.6575
372 25.9117
269 27.3083
217 -1.72015
