52 -4.39853
124 -3.28278
138 -1.32692
115 -2.19913
280 12.9504
117 -3.05
280 13.0082
64 -3.95298
96 -3.17687
138 -1.32684
18 -6.39592
127 -1.5702
152 -1.27818
88 -2.68188
125 -2.88853
127 -1.56364
32 -5.78418
108 -4.04505
124 -3.35785
66 -3.28535
175 -0.874374
78 -3.65202
108 -4.04432
3 -7.39757
96 -3.15705
36 -5.239
26 -6.13398
15 -6.66853
124 -3.35741
18 -6.49426
125 -3.2252
27 -6.11377
96 -3.1765
125 -3.22422
127 -2.43623
105 -2.35455
51 -6.78959
141 -1.54463
64 -3.95296
96 -3.27374
52 -4.46141
96 -3.27424
55 -3.42015
86 -3.39794
119 -2.03249
52 -3.35797
43 -6.21702
26 -6.20054
124 -3.35686
175 -0.874161
104 -4.39924
58 -5.06597
15 -6.66898
45 -4.78843
87 -5.04557
43 -6.20637
52 -4.39933
3 -6.93145
139 -1.55978
9 -7.06796
105 -2.36219
124 -3.35772
124 -3.35764
18 -5.48652
16 -5.35714
175 -0.874329
46 -5.6108
28 -5.96002
64 -3.9528
62 -4.20327
36 -5.23824
78 -2.71248
106 -4.27213
36 -5.23721
6 -7.17984
100 -2.48389
175 -0.874512
32 -6.24843
127 -1.57013
192 -12.5086
78 -2.71107
54 -3.36245
122 -1.90283
248 -3.43321
108 -4.04498
113 -2.83164
93 -2.60596
116 -2.23925
261 23.6009
74 -2.99559
127 -1.56752
99 -3.20652
147 -4.22166
9 -6.9976
95 -3.03976
126 -1.77789
108 -4.04507
93 -6.99407
2 -6.91282
86 -4.32514
122 -1.90333
16 -5.1146
54 -3.35356
124 -3.33316
142 -1.74771
36 -5.23867
123 -3.1115
114 -3.09167
192 -0.802933
93 -2.68656
81 -3.8317
50 -4.4396
18 -6.39805
138 -1.31113
108 -4.04499
142 -1.57045
28 -6.09961
78 -2.71215
130 -1.74634
64 -3.34233
192 -0.80275
9 -7.0818
15 -6.6688
138 -1.32693
109 -2.46757
135 -1.21143
122 -1.90159
11 -6.63222
127 -2.43654
43 -6.21894
21 -6.40414
129 -1.7441
122 -1.90283
125 -3.22521
54 -3.39508
125 -2.88869
57 -4.15378
356 9.48419
175 -0.87442
43 -6.21871
55 -3.38412
87 -5.04553
30 -5.97074
125 -2.68505
56 -5.44306
26 -6.1367
130 -1.74614
58 -4.8516
54 -4.96384
135 -1.83356
17 -5.11176
127 -1.52228
54 -4.96371
177 -1.12508
35 -4.89289
125 -2.93891
17 -5.10258
95 -3.15659
236 2.50267
81 -4.20412
23 -5.51479
119 -2.03268
64 -2.77882
125 -2.88864
139 -1.73462
109 -2.44385
137 -1.75656
20 -6.46257
25 -6.26321
139 -1.73463
78 -2.71152
110 -14.7749
11 -6.69375
11 -6.73926
52 -4.39963
248 15.919
152 -1.27634
45 -4.68009
107 -3.31027
127 -2.43705
47 -6.61939
152 -1.28267
249 -3.34819
64 -3.95324
60 -5.00767
87 -5.03865
78 -2.70979
83 -2.83257
130 -1.74626
43 -6.21875
9 -7.11236
43 -6.21852
44 -4.74364
42 -4.5375
62 -4.24588
60 -4.26161
138 -1.29362
100 -3.21967
41 -5.76328
72 -3.58968
58 -4.86523
5 -6.69289
67 -4.23494
244 4.66936
43 -5.78013
10 -6.80171
139 -1.7345
130 -1.74644
95 -2.98212
64 -3.95288
175 -0.874268
39 -4.6466
95 -3.15574
26 -6.06191
44 -6.47873
138 -1.32693
26 -6.13462
9 -7.11448
14 -5.20446
78 -2.71165
87 -5.04546
128 -1.51005
88 -3.14848
11 -6.57408
139 -1.73456
16 -5.11435
27 -6.11296
76 -3.70218
52 -4.46162
64 -3.95294
62 -4.00652
127 -2.43654
54 -3.3517
92 -2.65369
26 -6.06173
88 -3.14864
33 -4.91412
74 -2.87276
221 -0.0630188
11 -6.72766
50 -4.38362
59 -4.83545
34 -4.90859
90 -2.70281
267 11.2193
52 -4.44118
346 -7.57056
61 -5.07893
48 -5.5108
9 -7.13214
93 -2.60535
135 -1.21005
36 -5.23827
33 -4.91436
124 -1.78074
9 -7.07626
34 -5.74347
152 -1.28185
71 -2.98564
63 -4.27819
60 -3.3548
22 -6.35211
91 -2.69492
125 -3.2254
62 -4.00606
107 -3.31012
43 -5.76246
16 -5.35718
52 -4.39933
28 -5.17072
49 -6.74421
33 -4.91412
265 10.9176
26 -6.06167
29 -6.20389
306 9.83316
45 -4.79021
9 -6.60522
93 -2.60371
58 -4.8701
93 -2.68776
78 -2.70772
54 -4.94177
21 -6.37757
108 -4.04429
177 -1.12503
62 -4.00647
24 -6.56333
260 23.5637
111 -2.6229
33 -5.11247
16 -5.43237
87 -4.0822
87 -4.08414
216 4.5943
22 -6.35724
108 -4.04498
124 -3.35783
8 -7.24719
83 -2.7754
9 -7.05605
105 -2.35416
249 -11.3772
18 -6.3959
34 -5.74323
61 -4.9427
64 -2.79458
139 -1.7347
6 -7.58639
124 -2.88998
50 -4.38317
213 8.34927
165 0.822327
194 -1.60365
74 -3.00699
124 -1.85517
59 -4.25661
23 -5.51488
25 -6.26836
48 -5.76342
24 -6.56033
86 -2.7541
87 -4.07887
121 -1.83495
87 -4.08347
27 -5.96887
105 -2.36204
35 -4.89283
62 -4.20586
39 -4.64647
16 -5.3571
9 -6.60485
74 -2.87272
39 -4.64671
27 -6.40517
87 -4.08404
56 -3.36489
141 -1.55127
9 -7.01004
132 -1.65314
39 -4.58533
21 -6.38254
192 -12.4938
90 -2.62467
59 -6.51173
15 -6.66931
87 -4.08435
24 -7.46465
53 -3.36911
93 -2.60582
81 -4.20426
15 -6.67206
266 11.0162
40 -5.68228
65 -2.75842
15 -6.67204
18 -6.39599
48 -4.55292
87 -5.04687
6 -6.24567
6 -5.83565
57 -4.90336
64 -2.79408
17 -5.11197
6 -7.56942
67 -4.23499
36 -5.23676
93 -2.60603
21 -6.38278
34 -5.74277
130 -1.74646
93 -2.60609
54 -3.36304
9 -6.60395
87 -5.04643
43 -6.20647
16 -6.66629
62 -4.48584
96 -2.56843
9 -7.11681
23 -6.47608
222 3.61314
116 -2.24942
90 -2.70914
73 -2.87978
16 -5.11169
99 -3.20708
33 -5.11094
78 -2.71239
81 -4.154
26 -6.06115
27 -6.10036
39 -4.64669
27 -6.40586
50 -4.20385
36 -4.88356
23 -6.48981
39 -4.64622
66 -2.80396
73 -3.85081
93 -2.60167
248 -3.43126
111 -3.75486
260 23.5645
10 -6.61449
9 -7.02877
108 -4.04445
39 -4.64645
12 -6.75816
142 -1.57222
107 -3.3103
54 -4.96379
62 -4.20398
215 -0.626068
74 -2.99464
72 -5.75214
9 -6.68407
12 -6.63286
9 -7.04793
72 -2.97301
11 -6.73937
127 -1.73526
43 -5.77987
260 23.5643
49 -5.13733
43 -5.77097
28 -7.17376
119 -2.66527
125 -2.88857
78 -2.71291
54 -4.96393
13 -6.08534
124 -3.30094
48 -5.68568
17 -5.11176
21 -6.42375
17 -6.49448
72 -3.89114
94 -3.08434
31 -5.0156
48 -5.68341
18 -5.48025
66 -2.73317
27 -6.40504
137 -1.75664
131 -1.40758
39 -4.64652
78 -2.70781
62 -4.00657
102 -3.29908
50 -5.08385
248 -3.43275
78 -2.70957
87 -4.07977
37 -4.59233
27 -5.96046
93 -2.60139
139 -1.73463
260 23.5643
47 -5.64051
34 -5.7411
31 -5.04554
90 -2.70352
238 5.75418
75 -3.57953
54 -3.39303
135 -1.2099
56 -4.8133
108 -4.04446
9 -7.19162
41 -5.52451
105 -2.36279
41 -5.56694
139 -2.36357
54 -4.96334
34 -5.7427
80 -3.58271
110 -2.25463
114 -3.09164
16 -5.43231
23 -5.51458
11 -6.72775
27 -6.10735
215 -16.6746
34 -5.74234
24 -6.56164
44 -5.67289
62 -4.00615
44 -5.68946
74 -3.53018
64 -3.95315
26 -6.06165
64 -2.78945
10 -6.80857
93 -2.6014
105 -2.36203
57 -3.27581
27 -5.08528
37 -4.63348
366 2.85233
142 -1.57181
223 3.33192
24 -6.56139
16 -5.11457
68 -5.92511
76 -3.7021
49 -6.46184
1 -12.1235
67 -2.85455
71 -5.71819
108 -4.04442
87 -4.08414
219 2.10338
55 -4.32975
9 -6.68533
45 -4.7905
60 -5.08251
37 -5.6679
73 -3.01276
60 -4.99668
27 -6.4052
33 -4.91482
127 -2.43639
39 -4.64631
261 23.6036
94 -2.63517
9 -7.12309
24 -6.56108
137 -1.70517
26 -6.01621
10 -6.58177
142 -1.57129
88 -1.35724
87 -4.07996
73 -3.47106
18 -7.50617
50 -5.08363
165 0.822464
49 -4.55356
76 -4.74908
62 -4.00651
260 23.5637
16 -5.35773
280 13.0114
60 -4.22734
244 4.6694
87 -4.08395
214 0.268677
73 -3.85083
219 3.9644
78 -2.70779
30 -6.42506
248 -3.4325
66 -3.3157
11 -6.73318
141 -1.55113
81 -4.20428
87 -5.04546
221 -0.0667267
38 -4.53677
53 -3.36578
142 -1.77319
58 -3.56865
10 -6.6346
106 -4.15993
54 -3.35702
55 -5.37309
17 -5.11182
9 -7.09171
87 -5.04477
48 -4.55694
159 1.33366
90 -2.70829
39 -4.61646
81 -4.2035
88 -3.14847
72 -4.57739
19 -5.19697
165 0.822586
131 -1.40782
245 4.60211
33 -4.91508
66 -4.55266
40 -5.55991
119 -2.65865
87 -4.08412
219 2.09946
41 -4.71136
12 -6.63348
9 -6.99364
49 -6.45997
165 0.820831
94 -4.01305
54 -3.35376
93 -2.60362
76 -3.8517
102 -3.29662
73 -3.85079
54 -4.96384
35 -4.89226
62 -4.20591
112 -4.0257
122 -3.43842
76 -4.09729
27 -4.86986
40 -5.94075
15 -6.62101
88 -3.14857
105 -2.48277
38 -5.6511
86 -5.03581
73 -3.85076
73 -3.72555
9 -7.0706
48 -4.5575
305 9.82626
78 -2.70777
64 -3.95278
26 -6.42196
74 -3.00461
27 -6.10032
66 -2.80202
66 -4.57238
77 -4.57005
17 -5.10563
81 -4.20361
80 -5.68665
44 -6.24455
91 -4.28844
67 -2.74655
93 -6.98644
3 -22.8747
127 -1.56995
14 -6.7155
55 -5.41916
48 -5.76425
56 -4.81226
36 -4.88368
141 -1.55118
16 -5.11126
76 -4.25246
346 -7.56512
27 -6.13851
91 -4.28839
43 -6.20686
51 -5.31614
61 -2.84977
122 -1.90311
88 -3.14848
80 -5.68477
233 15.1985
232 0.169266
99 -3.20757
64 -6.1083
261 23.6007
9 -7.08938
35 -6.09732
122 -1.90297
26 -6.15916
18 -6.39597
62 -4.00603
64 -3.95291
12 -6.54557
78 -2.71294
51 -4.5198
127 -2.43701
249 -3.43568
122 -1.90283
12 -6.61194
17 -5.10571
248 -2.04059
87 -4.08048
52 -3.32351
119 -3.62616
220 3.98802
142 -1.5688
129 -1.72095
93 -8.67093
46 -5.71368
81 -4.28944
24 -7.2406
54 -5.11652
125 -2.88882
80 -5.68468
15 -6.67201
108 -4.04446
81 -5.34111
57 -3.46196
90 -2.70834
73 -3.71888
27 -6.405
280 13.015
90 -2.70477
18 -5.48717
136 -1.74115
96 -3.17709
23 -5.51425
123 -1.78473
114 -3.0916
73 -3.85143
366 2.853
26 -5.96848
17 -5.11197
254 5.61076
116 -2.23946
26 -6.06202
142 -1.57164
131 -1.69023
77 -3.85805
9 -7.11532
64 -2.7895
33 -4.91472
55 -5.37405
141 -1.55121
16 -5.35738
17 -5.11188
43 -6.20694
56 -5.05281
80 -5.68661
244 4.66951
248 -3.43282
64 -2.83783
39 -5.77692
27 -6.40521
59 -3.30785
6 -6.26898
107 -2.85355
131 -1.40742
90 -2.70857
81 -4.2037
93 -2.60171
14 -6.71649
81 -4.20375
76 -3.70222
60 -5.07896
125 -3.22476
90 -2.71001
55 -5.37299
73 -3.85156
87 -4.08506
73 -3.85152
24 -7.46474
114 -3.09155
17 -5.11188
26 -6.06171
99 -2.9595
128 -1.73212
87 -4.08
138 -1.30887
81 -4.20357
51 -5.53165
73 -3.85072
122 -1.90312
124 -3.34854
55 -5.37281
294 -0.122284
76 -3.70229
37 -4.58381
11 -6.6725
138 -1.32686
252 13.0452
81 -4.20362
257 8.66827
21 -6.42356
254 16.9386
88 -3.14838
64 -3.9534
249 -3.4321
81 -4.20417
44 -4.58726
93 -2.70062
18 -7.82452
43 -7.20689
44 -5.64733
88 -3.14884
175 -0.874039
62 -4.00642
32 -5.81345
116 -2.23886
11 -6.72692
23 -5.04832
326 -3.10364
54 -5.39459
139 -1.49683
110 -2.25461
78 -2.7093
127 -1.56992
226 2.6097
89 -3.89891
100 -3.21899
105 -2.36295
124 -3.35766
33 -5.81293
77 -4.57026
86 -4.24776
279 0.224304
137 -1.75668
16 -5.11161
248 -3.43274
155 -1.28976
38 -4.57854
28 -6.09882
87 -2.7922
142 -1.57225
123 -2.2478
54 -4.96376
107 -3.31031
72 -3.89109
317 13.3826
110 -2.2546
62 -4.00657
12 -6.65684
90 -2.70861
122 -1.90309
62 -4.00611
51 -6.65467
19 -7.47053
5 -7.02316
125 -2.94122
142 -1.57283
86 -5.03959
50 -4.30873
124 -3.35491
81 -4.20351
4 -5.94948
78 -2.71132
16 -5.11179
121 -1.7627
91 -4.28949
138 -1.32698
244 4.66939
37 -5.66175
55 -5.14655
139 -1.73466
114 -2.01336
58 -5.36963
76 -2.78329
35 -4.89211
35 -4.89239
86 -1.70983
152 -1.28284
86 -4.32523
39 -6.19247
7 -7.33404
156 12.0783
177 -1.12495
60 -5.42072
43 -6.21849
191 2.86751
302 -34.447
78 -2.71268
65 -2.85071
238 3.23672
65 -2.77199
91 -4.28909
267 10.7714
2 -6.29177
175 -0.874268
208 -0.066452
101 -2.45688
280 12.9534
20 -6.43902
43 -5.78001
49 -5.13729
244 4.66927
50 -5.46942
103 -4.41195
41 -5.86234
78 -2.71272
302 -34.4585
43 -5.65502
43 -5.76622
124 -1.86227
207 1.87798
54 -5.14289
244 4.66908
87 -2.30022
48 -5.74974
26 -6.06169
4 -8.00789
117 -1.68682
43 -5.78054
280 8.94186
9 -6.68412
18 -7.82539
55 -4.3294
122 -1.90305
119 -1.81526
97 -2.56375
26 -5.98762
60 -5.42083
62 -2.83119
34 -5.74339
125 -2.88374
24 -5.9432
206 1.52129
138 -1.24417
88 -3.14866
27 -6.35511
56 -4.40038
91 -4.28906
56 -5.03465
43 -5.78037
9 -6.68407
131 -1.85123
37 -4.58374
261 23.6039
95 -3.15665
221 -0.0659332
139 -1.73433
81 -4.20373
37 -4.62704
9 -6.68404
32 -5.80914
35 -5.73252
10 -6.80673
254 16.9346
18 -7.82456
24 -7.24048
8 -6.4797
125 -3.22481
100 -0.717361
25 -6.21997
14 -5.20667
110 -4.07798
32 -5.02091
119 -2.03224
138 -1.59634
248 -1.75198
17 -5.1118
66 -5.99464
77 -3.74641
17 -5.11191
50 -5.06269
261 23.6007
62 -4.00648
9 -7.07153
296 -5.69058
110 -2.2549
231 4.97162
36 -4.88367
48 -4.55512
53 -5.46547
43 -7.20746
15 -6.669
35 -4.89228
19 -6.3416
81 -5.34165
64 -5.47629
27 -6.44246
18 -7.82484
127 -2.43698
199 0.150818
198 -0.598358
17 -5.10245
46 -5.64848
251 -7.45427
90 -2.70309
53 -3.32648
320 -5.79242
317 76.5589
60 -4.10769
93 -2.60516
9 -6.68411
93 -2.60235
136 -1.77565
55 -5.42008
52 -4.39931
23 -5.51396
64 -2.77135
39 -4.83393
232 -1.12947
43 -6.19416
61 -5.07887
177 -1.12477
9 -6.68527
220 -6.85522
279 0.214874
18 -5.48278
314 -5.35345
62 -4.20391
55 -5.42207
15 -6.67205
165 0.817596
59 -4.04042
89 -2.74049
24 -6.54189
86 -3.3328
101 -4.31086
124 -3.02656
23 -6.37963
124 -3.3578
35 -4.89247
43 -7.20763
247 7.47824
194 -0.602341
95 -2.56738
90 -2.70827
165 -1.04077
76 -3.70218
9 -6.68537
139 -1.7345
209 0.19368
16 -5.11445
39 -4.64661
6 -7.72768
90 -2.70843
156 12.4944
91 -4.28983
55 -6.51202
55 -5.41975
224 -4.29985
175 -0.874069
105 -2.3837
91 -4.28931
66 -3.28544
343 0.633575
268 11.7086
142 -1.7868
260 23.5639
100 -2.44581
198 -0.59848
239 -0.822189
37 -4.60478
279 0.543213
88 -3.14857
74 -4.37464
62 -3.20266
60 -4.10806
76 -3.70222
269 11.3648
106 -4.17611
51 -4.16371
135 -1.21138
279 0.216492
97 -4.57848
54 -3.35057
60 -5.42091
43 -7.20746
73 -3.85148
49 -4.2213
177 -0.950119
112 -4.02581
56 -4.81807
124 -3.35777
76 -3.70213
81 -4.20377
76 -4.60858
300 22.8287
87 -2.44505
97 -4.62518
138 -1.64499
190 1.11031
32 -6.28367
250 5.50177
153 -1.50468
94 -4.01463
93 -2.60577
121 -2.26499
112 -4.02926
86 -1.67694
237 5.41908
113 -2.83098
156 12.4884
114 -3.09165
55 -5.37389
55 -5.37465
50 -5.54807
114 -3.09167
60 -4.10938
28 -5.96295
16 -5.38734
78 -2.71278
11 -6.71346
247 7.47896
23 -5.24087
110 -2.25475
95 -2.93602
184 -0.889282
197 -0.704453
10 -6.63278
87 -2.06105
177 -1.1248
248 -3.43288
130 -1.65128
244 4.66931
38 -4.59377
89 -3.19155
40 -5.52545
279 0.195099
178 -0.93927
66 -3.2852
252 -12.9781
258 9.84525
260 23.5643
43 -5.7569
139 -1.73459
122 -2.32958
60 -5.04581
25 -4.89125
237 3.69434
39 -4.64611
34 -4.641
156 12.5048
235 -1.1714
182 -0.727646
199 0.150253
63 -4.01853
28 -5.96264
124 -3.03548
25 -6.33789
42 -5.42982
248 -1.76944
125 -2.88615
23 -6.39373
30 -5.04226
9 -6.60484
70 -4.41185
43 -7.20752
87 -5.03863
40 -6.13356
16 -5.11467
8 -7.62358
67 -5.39073
28 -5.96298
306 -25.0785
246 5.06625
208 0.202347
243 4.38754
280 13.0151
146 0.518692
3 -6.03981
174 -1.1364
97 -4.75035
49 -5.13729
191 27.2221
177 -1.05663
340 -8.00461
187 -0.89238
18 -7.82552
189 0.172668
115 -3.19928
47 -4.70328
190 1.07977
73 -3.55044
34 -5.74234
278 13.2336
294 -4.98047
60 -3.35451
49 -5.52312
64 -6.14702
61 -6.32896
43 -5.86362
90 -2.70829
55 -4.1752
268 11.5806
18 -7.82483
18 -5.48761
366 2.85513
232 -1.13492
243 15.2041
61 -3.37957
139 -1.73459
76 -5.99487
36 -5.2382
198 -0.368332
323 1.52631
356 9.48413
64 -2.79035
244 4.66945
233 15.1987
269 11.5003
68 -6.30536
256 9.43259
47 -6.23403
88 -3.14867
111 -4.29875
252 -12.9811
237 5.40883
116 -1.81277
50 -4.39482
109 -2.73827
111 -4.34023
24 -4.957
199 0.15152
219 2.0997
250 7.27492
114 -3.89279
69 -2.84753
187 -0.892303
135 -1.63846
97 -4.75134
197 -0.658493
7 -6.70867
108 -2.89868
222 5.70474
227 0.353241
97 -4.28629
48 -7.14397
247 7.49594
40 -6.03358
35 -4.89255
237 5.41881
155 -1.28981
100 -2.48404
106 -3.8838
177 -0.974396
55 -4.45627
46 -5.46368
177 -1.12532
113 -2.83047
76 -4.57101
38 -5.98027
106 -2.10259
221 -0.0664825
142 0.760834
258 9.82565
302 -34.4564
219 2.22009
12 -6.74604
139 -1.21266
10 -6.82053
70 -6.09332
284 11.1454
237 5.40715
22 -5.05767
81 -5.34171
35 -5.7198
177 -1.12465
37 -5.64815
27 -7.47154
6 -7.18148
19 -7.46347
71 -6.19413
26 -6.06162
288 -4.26813
41 -4.60225
61 -5.07881
56 -5.04894
58 -5.06604
34 -5.74233
270 10.3134
177 -0.959396
165 0.822311
162 -1.23021
47 -5.72888
4 -6.14872
110 -2.25464
24 -6.56223
127 -1.56969
29 -6.98489
244 4.66934
26 -6.41949
65 -3.98764
1 -7.36847
233 3.42581
4 -6.50062
197 -0.706955
228 2.88644
34 -4.61529
208 -1.46095
76 -3.70217
32 -5.02084
248 4.63316
91 -4.28851
60 -4.1095
203 -0.246719
260 10.1154
43 -6.19406
35 -4.88906
1 -12.136
58 -5.06606
87 -5.04517
97 -2.9332
294 -4.98215
250 5.74602
72 -3.9055
250 7.27458
12 -6.75225
93 -5.1004
36 -4.88384
225 2.73846
31 -5.04318
215 -0.625549
122 -1.90307
54 -3.36532
58 -4.85162
209 5.69077
122 -1.90531
219 2.10103
18 -5.48601
50 -4.43839
43 -7.20703
118 -3.35596
220 1.04192
260 9.99817
27 -6.40515
47 -4.44955
317 -8.75653
106 -3.62058
58 -2.83829
38 -5.59984
17 -5.11183
43 -5.77848
242 4.0274
75 -5.77721
115 -2.22961
132 -2.64468
134 -2.46941
112 -4.02581
67 -4.23509
182 -0.727676
36 -4.88388
60 -5.08083
333 14.0311
96 -4.52999
279 0.246185
2 -6.47201
56 -6.32913
35 -5.73305
137 -0.0420837
244 4.6694
223 2.5354
123 -2.9423
18 -5.48775
42 -6.66531
11 -6.78693
314 -5.30283
51 -4.25978
60 -5.00196
214 5.68106
248 16.1596
63 -4.98159
119 -2.03261
267 10.769
73 -3.85094
106 -3.62071
135 -1.21002
27 -6.40534
86 -5.03085
63 -3.92787
131 -2.08533
25 -6.42479
91 -4.28869
50 -4.3834
56 -4.81748
328 34.6519
25 -7.15084
137 -0.0413971
348 -7.93546
31 -7.71768
97 -4.4234
24 -6.33889
213 -5.40692
90 -3.61433
209 11.0074
253 6.37939
79 -2.90671
240 4.05644
253 8.02884
67 -4.23514
192 -12.451
3 -15.0707
108 -14.8639
237 3.69452
106 -3.87977
81 -3.43635
369 47.4201
231 4.97777
24 -6.54131
43 -7.20707
337 -8.19278
18 -5.48659
194 -0.552139
233 15.1994
244 4.66942
18 -8.74111
197 -0.654617
161 -2.28033
181 -0.983475
314 -5.29642
251 6.203
111 -3.4017
124 -2.12884
119 -2.03254
43 -7.20772
130 -2.71266
48 -4.5546
115 -3.55374
7 -7.68048
55 -5.41991
80 -4.55182
2 -6.59867
118 -3.09038
159 -1.11337
181 -0.976044
371 3.31396
43 -7.20686
55 -5.37386
206 -1.22612
61 -4.98708
249 7.16489
327 14.6707
240 3.97365
261 23.604
60 -2.84651
90 -2.70234
247 7.47231
238 3.25475
230 2.99269
296 16.0128
102 -3.29673
182 -1.02829
67 -5.99424
187 -0.251587
43 -5.78011
193 -0.900162
93 -2.68758
97 -4.57905
18 -8.75793
98 -3.60854
51 -4.30688
73 -2.96333
221 -0.0617981
238 5.967
333 26.9725
139 -1.73473
60 -6.57185
102 -3.29708
335 3.70322
99 -3.65881
215 -16.6775
314 -5.3002
102 -3.98714
250 7.27477
163 -1.55077
114 -3.89202
159 -3.9308
284 -5.86606
27 -5.96045
69 -3.32298
227 1.26613
279 0.239044
67 -3.3654
60 -4.10787
155 -1.28969
131 -1.85066
221 0.73291
250 7.43027
197 -0.607193
243 6.2751
55 -5.37364
182 -0.743546
135 -1.20993
56 -6.60934
40 -5.73578
272 12.0434
145 -2.5452
55 -5.4215
280 13.0152
266 11.4254
314 -5.29684
44 -5.27731
162 -1.23032
206 -4.07887
39 -4.64651
74 -4.07845
114 -3.09166
249 7.15002
247 7.47223
77 -4.18512
90 -2.70941
90 -4.76802
17 -7.15721
337 -8.21304
247 7.47246
315 15.6183
97 -4.94213
90 -2.7027
348 -7.71262
278 -7.63989
79 -4.14373
267 10.7711
92 -5.03348
343 41.1639
91 -4.28847
219 2.09741
258 9.80569
163 -1.43102
250 5.50023
29 -8.29791
216 1.002
294 -4.97375
194 13.2419
58 -5.67791
295 28.7634
81 -4.2036
215 -0.621552
100 -2.48387
250 5.50035
89 -3.8991
179 -1.2814
125 -2.64444
34 -6.87182
60 -5.01736
58 -4.05312
193 -0.595261
69 -6.28017
280 13.0151
249 15.7275
268 11.5379
197 -0.603012
19 -7.79328
339 -7.49139
31 -7.85069
339 -6.36008
144 -1.24362
113 -3.36674
294 -4.98209
26 -5.0351
66 -3.28537
237 5.55585
199 0.159897
128 -1.77005
256 9.68121
237 3.69463
27 -5.03389
43 -5.7805
86 -4.12307
96 -3.27436
253 6.71355
267 10.7711
251 9.27451
311 -3.62082
48 -5.39518
103 -7.90495
12 -7.54
121 -3.34806
250 7.42982
250 7.42879
320 -5.79254
42 -6.30425
194 -1.60423
294 -4.98233
3 -8.2501
221 -0.0654297
97 -4.54683
299 21.9386
328 -6.0596
113 -3.20971
311 -3.61975
101 -2.5863
50 -5.08371
159 -5.03828
232 2.03746
291 -0.324432
237 5.41835
238 4.17561
58 -4.01431
64 -5.54213
139 -1.4715
130 -1.4864
31 -5.04256
48 -4.55425
236 -1.6042
318 12.6308
117 -3.82998
102 -3.29662
180 -1.01801
135 -1.21155
250 7.63768
26 -5.98814
99 -3.9129
43 -5.69427
29 -6.14954
39 -4.64651
21 -6.02009
124 -2.89439
72 -4.33526
74 -3.8899
163 -1.52151
62 -2.77379
48 -5.46811
50 -4.38378
192 -0.614563
81 -4.20377
187 -0.794891
126 -2.79138
314 -6.26108
97 -4.57966
140 -1.56392
182 -0.727707
236 -1.23366
309 15.415
218 2.88347
135 -1.21152
102 -3.29636
189 0.180344
199 0.152115
59 -6.40011
191 -0.670822
110 -2.87283
66 -3.28538
125 -2.05571
141 -1.55667
67 -6.18142
15 -6.66932
294 -5.67386
93 -6.05539
21 -6.41951
116 -4.24933
79 -4.23827
171 -0.976761
106 -3.62074
267 10.7695
48 -5.6635
185 -0.618118
119 -2.66647
51 -4.8834
214 1.72104
25 -6.19727
345 -8.3902
180 -1.11728
39 -4.64603
193 -0.899719
333 13.9993
62 -4.08848
192 -12.478
238 8.84454
18 -8.75881
247 7.51685
31 -6.3396
69 -15.1622
50 -4.36189
264 10.3897
267 10.7711
312 -5.87851
75 -4.2704
152 -1.27818
119 -2.66314
204 0.177322
24 -7.46502
283 -5.52664
267 10.7716
245 4.60219
71 -3.90434
135 -1.21184
339 -6.99399
65 -3.73934
9 -6.686
332 8.00119
326 -3.09464
278 -7.50906
339 -16.6976
43 -7.20681
213 5.96419
7 -8.37284
143 -1.03282
120 -2.20384
64 -6.16449
277 12.6164
106 -4.17608
273 9.94266
130 -1.74489
213 10.3845
215 -16.6782
56 -5.95175
258 9.3306
216 3.83406
69 -5.06889
55 -6.12943
256 9.61185
284 -2.88181
114 -3.89302
79 -3.07868
51 -4.33828
17 -5.70062
26 -6.70009
110 -2.87223
80 -3.12019
123 -3.87892
7 -8.37256
220 1.87575
85 -5.18575
119 -2.03259
210 0.629105
78 -3.80706
291 -1.9989
367 2.14807
124 -2.8491
252 5.70117
99 -3.10921
256 7.55524
243 15.1194
9 -6.68528
257 17.0613
252 4.9321
149 -1.14912
43 -5.71493
89 -3.90056
178 -0.967819
251 8.31561
16 -7.78353
91 -2.64117
122 -1.90316
92 -3.37925
73 -4.4065
298 -4.05261
36 -6.28756
120 -2.52738
248 -1.75948
289 -5.65787
121 -2.20505
244 4.66895
231 4.979
219 2.10138
289 -2.48282
72 -3.87782
256 9.65759
216 1.00423
234 13.4179
96 -3.27429
202 0.00262451
280 11.1875
180 -0.921539
61 -3.9787
332 59.1808
198 -0.598343
333 14.0251
158 -1.10617
333 14.0042
307 -5.54526
57 -5.69724
269 11.718
19 -7.46225
44 -5.67247
93 -5.38057
193 -0.899124
367 25.5762
283 -2.0777
215 -16.6799
48 -4.55423
179 -1.28314
310 -19.5988
24 -6.54249
177 -0.961029
231 4.96544
57 -4.48575
66 -5.94376
114 -3.89304
238 3.23344
182 -0.743484
267 10.769
64 -2.79634
53 -6.64756
320 -5.79071
233 15.1994
70 -5.97607
51 -5.5542
102 -2.43614
76 -2.95222
252 12.9593
88 -3.14855
48 -4.55701
43 -7.20691
24 -7.74081
199 -0.403854
73 -3.85305
76 -2.95264
114 -3.09162
24 -7.32845
231 2.37224
22 -7.88181
187 -0.892197
26 -8.82871
66 -5.93998
90 -4.16779
237 4.12115
237 15.3128
284 -3.30051
106 -3.61655
48 -4.5568
292 -0.819092
33 -4.94235
56 -4.81723
249 7.15413
346 1.59933
11 -7.71469
139 -1.73456
55 -4.50666
292 -0.0592346
321 15.284
64 -6.27578
148 1.25876
174 -22.7404
230 1.61784
253 6.71353
182 -0.743576
331 14.9905
250 7.27313
302 -2.005
135 -2.14948
346 -7.56653
62 -6.45166
161 -1.43077
76 -4.16978
336 -7.84479
73 -4.28876
245 -1.15042
81 -3.48895
102 -3.29676
84 -3.45563
240 -0.0309601
232 2.14922
43 -7.20704
102 -4.33411
306 -6.38474
187 -0.892502
277 -4.46628
195 -0.57251
279 0.238068
238 4.53197
267 10.771
28 -6.45905
182 -1.01463
336 -7.84695
273 3.48489
219 2.099
43 -5.89007
113 -2.83152
92 -3.80155
124 -2.23524
237 15.0953
311 -6.10834
36 -6.01989
153 2.78952
68 -4.97474
142 -1.21153
292 -5.82507
13 -7.82472
10 -7.38713
187 -0.251755
328 -6.06445
108 -2.97581
250 7.43909
39 -4.6464
290 14.9125
291 -1.98718
28 -5.20022
246 15.4534
59 -6.39973
111 -4.02853
18 -7.91136
88 -3.49358
175 -0.873917
15 -6.67188
180 -1.07715
237 4.11292
285 12.285
72 -3.89104
51 -4.29767
225 1.5063
66 -4.63568
212 1.5287
321 0.451263
193 -0.900101
122 -2.2036
107 -2.99439
311 13.9828
314 -6.13382
278 -7.6391
286 -3.3952
152 -1.28194
61 -4.79597
85 -3.3194
254 9.09283
184 0.849243
322 35.4807
224 3.49792
267 10.7684
182 -0.743652
115 -3.25799
315 -5.80902
245 4.76767
48 -6.41485
11 -7.67634
38 -7.75131
175 -0.8741
32 -5.88412
119 -3.14693
330 15.0093
36 -5.63266
262 1.37
199 0.150864
106 -3.03822
49 -6.46222
309 -6.52209
249 7.16016
265 11.274
258 8.79813
144 -1.83844
327 14.6697
224 3.49779
359 8.59891
288 2.63995
344 10.4024
369 7.15152
329 -14.813
278 -7.58408
115 -2.54183
288 -0.0323181
94 -2.55158
91 -4.50439
89 -3.90088
294 -4.98334
349 -7.44815
182 -1.01242
48 -4.55457
121 -3.24119
182 0.325912
6 -7.17572
97 -3.2547
325 13.7356
323 -22.4377
186 -1.02438
273 12.3035
366 -6.94257
32 -6.3186
267 10.7691
326 -3.09399
215 -0.625702
264 -7.89709
282 -1.01315
163 -1.55145
147 -1.82288
263 10.1112
9 -6.68412
121 -2.56154
64 -2.77339
131 -1.40747
356 9.48441
325 17.6552
278 2.20627
128 -2.71694
180 -0.818161
3 -8.24945
265 2.86615
277 11.3171
159 -5.28845
247 7.52069
280 9.09784
77 -2.96875
224 3.4986
92 -3.87289
211 -0.0392914
267 10.771
110 -2.87244
220 8.17671
253 5.59348
291 8.2392
292 -0.363312
261 6.58337
291 -0.70871
162 -1.23419
38 -6.2394
106 -4.50439
333 27.4008
84 -3.42517
209 5.68944
237 3.69455
143 -1.64471
73 -3.85083
154 -1.32828
296 -5.41083
254 5.31195
55 -5.37381
62 -3.99483
35 -6.37434
122 -1.90155
194 13.2404
153 -1.12303
40 -6.03559
291 0.301178
35 -6.325
225 1.50674
206 0.34964
76 -3.43376
45 -6.10515
274 12.2721
31 -6.1859
77 -3.20006
123 -3.18835
48 -5.74827
190 -0.781281
114 -3.80975
311 25.6657
76 -2.73631
239 3.66191
216 1.36107
278 -7.63931
214 0.542603
356 9.48428
155 -1.29005
32 -6.33469
346 1.62238
289 -5.70398
145 -3.2278
315 -5.47815
355 18.8319
208 0.202484
82 -3.66082
2 -7.02442
219 2.10089
77 -3.13969
321 0.318512
231 4.96643
127 -2.0174
282 -10.1933
275 12.4204
57 -3.21998
247 7.69189
137 -0.0410156
329 -6.57706
71 -5.01091
86 -3.4632
265 19.1542
369 47.4435
351 24.1536
146 29.6853
77 -5.5112
369 47.2645
122 -2.2731
267 10.7875
187 -0.892944
86 -2.74714
67 -4.23483
314 -5.34644
243 2.34276
94 -4.61763
331 15.2316
211 -0.0394897
61 -4.17226
66 -6.22497
67 -3.29754
343 -7.15213
257 9.06696
75 -2.62866
334 -6.5329
262 1.59482
43 -5.77983
90 -3.48904
202 0.513596
336 -7.84546
273 3.46103
317 -8.75732
285 25.5121
77 -5.40277
29 -7.12886
102 -2.738
237 3.69441
314 -5.29413
76 -5.38312
237 3.69417
184 -0.995331
35 -4.89145
311 -6.28381
266 10.2019
369 47.3589
307 20.6044
334 -6.60431
240 4.03053
70 -5.00977
44 -5.34909
49 -5.1372
91 -4.69922
335 -8.12341
336 -6.49399
90 -4.06683
224 3.49782
263 10.156
308 26.9664
176 -1.07391
284 12.3172
241 4.28487
267 10.7716
43 -6.21703
264 9.16058
307 -6.05139
358 18.294
336 -7.84421
64 -6.10135
264 10.3044
294 -17.2036
199 0.151733
6 -9.61557
110 -2.25465
286 -0.113098
363 -3.45996
57 -3.15348
244 4.66896
137 -0.0417023
312 -5.64673
304 -6.52042
81 -3.65901
333 14.0528
267 11.7069
3 -5.54588
307 -5.55646
333 -6.43069
346 1.61304
75 -3.90181
106 -4.16995
83 -3.37098
29 -8.29831
269 10.9668
219 2.10924
243 7.86832
248 -1.75177
114 -3.8925
60 -5.42104
116 -3.28451
284 -0.118622
261 5.2695
292 -0.744354
262 9.72397
76 -4.31645
214 0.383255
26 -6.70612
211 8.70354
366 2.85275
347 -19.8484
224 3.49776
24 -7.45871
215 0.175598
104 -2.32996
260 10.0333
239 4.2061
114 -3.09168
296 -5.82764
114 -3.87837
58 -5.06602
51 -5.67118
253 6.7312
331 15.2609
278 -7.63852
265 10.6824
163 -1.55049
237 5.41896
307 20.6028
216 3.82994
238 5.89882
60 -5.42102
275 11.0896
351 24.1544
75 -2.86311
292 16.5891
213 -1.03409
191 27.0781
372 6.5636
55 -4.33162
237 5.41901
38 -6.63508
128 -3.94423
46 -6.43922
182 -0.743561
88 -3.43279
134 -2.20483
183 -0.651352
281 -9.94437
267 10.775
60 -5.42109
134 -2.66377
210 5.40636
3 -15.1577
104 -2.32896
26 -8.8287
88 -3.19955
152 -1.27824
63 -5.76123
277 11.3182
369 47.3548
221 -0.0661316
282 0.252289
83 -5.25029
249 -11.3508
330 12.2507
83 -3.59428
235 3.38864
307 20.6175
256 9.64313
119 -2.66741
237 3.69441
209 5.68855
151 -1.29672
249 -11.3527
97 -4.75201
163 -1.55107
303 -6.47165
237 5.40887
333 11.0409
97 -2.76849
6 -6.26022
63 -4.68008
199 0.156982
49 -6.46127
26 -6.70763
249 -11.3519
136 -1.97104
292 -5.62177
119 -2.66508
59 -3.20462
174 -1.10612
205 29.0059
331 -5.5545
188 -0.725754
71 -4.95577
265 10.3588
104 -3.87486
317 26.9915
113 -2.61369
163 -1.29634
276 3.94995
111 -4.18331
346 -7.54791
89 -3.90001
282 -1.1788
110 -2.87263
176 -0.94603
24 -7.46408
90 -3.45948
47 -5.57751
152 -1.27724
294 -4.93921
71 -3.86925
106 -3.04044
60 -5.42113
189 -1.95236
105 -5.29408
247 7.50595
325 13.7257
335 3.71054
162 -1.22989
89 -3.89887
96 -3.2737
212 2.56361
371 7.73907
81 -4.16069
300 -4.85754
282 4.43661
121 -2.96759
258 9.6774
119 -2.66745
282 1.58936
119 -2.61306
278 -4.75659
118 -2.22105
253 8.69043
105 -2.83721
273 3.61136
141 -1.22644
307 20.6176
185 -1.01907
135 -1.21158
199 8.1338
208 0.202301
356 -9.3403
273 13.0061
173 -1.07181
251 7.79474
217 0.360367
302 -7.52261
178 -0.890991
250 5.50102
202 0.817017
80 -3.10548
82 -3.52477
238 2.68976
104 -2.33002
285 25.518
126 -2.31889
33 -5.08997
131 -1.85037
310 -19.5974
263 4.32614
269 6.48914
237 3.69452
142 -2.04845
182 -0.727753
307 -6.65482
55 -4.40318
279 0.194275
64 -2.79382
195 -0.749573
289 15.425
322 0.466461
313 27.4328
63 -3.21931
78 -2.88559
286 -6.61279
242 6.23354
211 8.07503
87 -3.50307
43 -4.57343
343 -15.719
283 -9.93896
117 -4.1948
162 -1.22968
93 -3.15147
5 -9.1482
40 -5.76728
74 -5.59296
248 4.98523
200 -0.560364
55 -5.61742
250 5.50024
346 1.61072
192 -0.80278
369 -0.193756
57 -6.5745
97 -2.76779
267 10.7686
264 7.37546
330 15.2188
328 -6.06003
163 -1.55867
71 -3.93137
113 -3.15669
147 -1.53461
227 2.12802
38 -6.31041
3 -7.74478
78 -5.43436
225 2.40244
336 14.7917
79 -5.46229
209 5.68965
336 -7.84509
242 1.7982
251 2.73285
235 5.53964
322 35.4769
366 2.85159
248 -1.67413
276 29.9475
67 -3.29996
134 -2.99652
36 -5.92897
159 -1.11288
3 -8.25056
159 -1.20528
54 -4.12695
76 -3.63557
130 -1.74632
325 12.873
367 2.112
39 -6.22358
144 -2.11607
72 -4.50417
16 -5.45202
4 -7.7109
357 -9.39413
232 3.22745
294 -4.98627
300 -5.66074
58 -5.0659
98 -2.52562
194 -0.726364
119 -2.6605
195 -0.574478
343 17.9643
116 -2.5839
104 -2.32948
245 14.6208
221 0.474564
52 -4.41783
237 -1.12857
320 -5.7926
290 14.9122
73 -6.11482
335 28.7274
235 2.56877
252 4.91727
336 -6.66867
237 1.85385
311 25.6881
96 -3.27372
286 -11.4001
68 -4.59811
1 -24.2644
314 -5.30481
160 -1.34283
122 -3.55434
114 -3.90041
264 1.63232
136 -1.55292
52 -5.36372
300 38.1779
120 -3.1673
143 -3.32942
138 -1.05444
267 -11.2127
86 -4.39067
292 0.0422363
65 -5.1388
199 0.151978
32 -6.15701
251 7.24023
273 -1.37067
135 -1.21141
239 5.89684
279 0.200684
193 -0.900833
329 -6.50635
315 -20.7695
154 -1.25421
350 34.9153
153 3.83052
106 -3.03955
159 -1.38196
295 17.851
239 2.98358
263 0.397156
275 9.54904
87 -4.48016
329 -7.51346
89 -4.8788
54 -4.9633
219 2.13416
176 -0.913635
280 13.0149
45 -5.70032
193 -0.899734
41 -7.56044
205 -0.17952
154 -1.33298
24 -7.46526
136 -2.17334
170 -1.17363
122 -2.72659
301 -5.37567
221 1.40364
63 -6.34338
204 -0.618637
279 0.2341
3 -8.25125
24 -8.3787
56 -6.36076
314 22.5568
91 -4.19077
195 -0.574814
346 -7.56552
109 -3.71473
317 4.18747
281 11.267
31 -6.18555
286 0.00106812
164 -1.57736
279 0.223724
283 11.8547
143 -1.64626
310 -6.52252
115 -2.66535
80 -5.68754
346 1.58801
326 -3.09909
3 -15.1425
328 12.2527
122 -2.93932
336 -7.85233
106 -4.17027
258 9.54807
286 -4.80792
281 -5.28665
227 1.52571
136 -1.93872
246 -2.79204
35 -6.27847
27 -7.51676
100 -3.14008
198 -0.497971
245 4.60188
250 5.49791
198 -0.890488
285 12.1762
323 28.5653
125 -2.38876
373 -1.47589
314 -5.35321
185 -0.616882
192 -12.5037
106 -14.0446
180 -1.12587
250 9.19073
238 5.75421
183 -0.663681
147 -3.04466
325 -15.4531
269 8.26215
123 -2.07465
182 -0.743607
101 -3.77036
83 -4.22499
136 -3.18369
309 -5.9675
343 -8.61713
320 -5.79208
301 14.9274
176 0.0862732
322 0.468842
336 -7.84497
311 3.98166
62 -6.26095
194 -0.727249
12 -7.20941
81 -5.34154
137 -2.21663
88 -3.20289
242 1.79826
285 13.1585
268 10.4451
219 2.13968
64 -6.10171
282 0.253601
63 -5.12551
201 -0.561783
122 -2.14178
290 11.5911
140 -2.48027
334 -6.50964
177 -0.974747
355 18.8286
194 -1.60368
219 2.10188
119 -2.66789
352 23.1522
254 5.49078
277 12.3307
314 -5.34723
219 1.10551
286 -3.8396
348 0.0245972
110 -2.25461
261 6.88773
262 9.22958
237 2.88455
283 -12.0143
212 -0.894699
350 34.9256
56 -4.8169
94 -4.28216
161 -1.34489
314 -5.30176
248 6.25938
110 -2.87286
31 -7.66324
110 -2.87302
288 13.5209
309 -9.21848
369 47.7581
66 -5.7727
254 9.30847
308 22.6377
24 -6.54094
17 -5.10569
67 -3.36127
219 2.09877
101 -3.9016
277 11.317
19 -7.47132
287 -18.1956
192 -0.802643
326 -1.22018
140 -3.42746
360 -5.70508
328 -6.06143
236 5.72566
161 -2.28157
26 -6.06193
154 -1.39919
73 -4.91364
279 0.220398
64 -6.10128
41 -6.16922
320 -5.79205
142 -1.75279
331 14.9901
278 -7.31146
162 -1.26306
278 12.2491
97 -3.13126
356 9.48441
317 27.008
267 10.771
358 18.3188
276 3.40182
359 -9.51212
187 -0.892502
321 0.319427
105 -2.32285
23 -7.7449
1 -7.7
185 -0.618286
166 -1.11636
301 -4.08603
349 6.936
303 -11.6289
97 -4.48247
25 -4.98598
349 -19.8872
317 22.2863
182 -0.743546
111 -2.99966
187 -0.892899
76 -4.70107
320 -5.78485
325 12.8777
272 7.38474
96 -3.27421
346 1.61182
80 -2.80595
237 5.41885
283 -9.9382
81 -5.34131
164 -1.29324
69 -3.6057
83 -4.26051
320 -5.78958
72 -4.8679
294 -17.3427
62 -6.2517
366 2.85107
243 4.38707
365 -53.1547
180 -1.09662
215 0.620193
120 -2.21569
102 -3.29679
233 -5.01836
275 11.0926
66 -3.99753
320 -5.78656
153 -1.50487
63 -4.66278
137 -1.34735
289 -8.51987
86 -3.78242
263 9.60135
68 -7.1843
216 3.8087
199 0.151154
158 -1.24046
50 -6.53106
10 -6.63271
335 5.17435
227 1.54318
255 5.62115
319 -7.08701
173 -1.14536
202 8.09946
273 3.48767
293 -0.687408
83 -4.37829
346 1.61844
134 -1.89545
336 -5.17209
242 3.90326
290 -5.75964
135 -2.17813
81 -5.34134
351 44.7178
36 -5.23714
358 16.3569
151 -1.34245
185 -0.455444
138 -2.84897
264 9.92987
356 9.48395
307 -5.69467
253 7.27144
126 -3.17728
137 -0.0418549
179 -1.00209
281 -6.30273
336 14.2044
207 5.57361
39 -4.64661
312 -6.13358
346 -7.56082
232 3.12393
246 -2.78958
249 5.76474
98 -3.71842
248 4.9809
258 9.50949
242 3.68069
190 -1.06845
285 25.5194
286 -5.51129
237 5.85234
58 -6.32413
343 15.6359
288 -0.0331116
373 -1.4819
88 -3.47603
179 -1.06871
238 15.8671
60 -5.4446
60 -6.68845
19 -7.47189
346 -9.76129
267 11.221
201 -0.828476
48 -6.02136
319 9.1857
127 -4.66724
137 -2.53348
19 -7.46393
33 -5.75138
39 -7.50254
253 6.71346
192 -0.802872
360 -38.5824
119 -3.31008
311 -5.4758
125 -3.90627
57 -6.59346
215 1.00826
358 8.59552
201 -0.239822
161 -1.23672
192 -0.619614
237 5.40924
108 -4.04444
241 3.54497
168 -1.09326
56 -5.81792
325 19.9257
249 -11.353
327 -7.53607
279 9.09955
144 -3.34129
311 -3.71878
185 -0.644104
284 -7.69128
100 -4.91303
210 -1.18402
78 -4.59688
72 -3.89113
92 -4.77972
237 1.86795
328 -6.4068
358 -9.67404
366 -12.6964
253 7.26724
162 -1.66451
314 22.2718
246 -2.78658
244 4.62402
176 -1.02249
133 -1.67401
108 -3.19997
162 -1.26346
131 -2.58514
167 -1.20705
147 -1.53954
146 -1.68385
200 7.47133
321 0.31897
333 14.4469
308 12.9734
253 7.23445
90 -4.21924
137 -2.21861
90 -3.34868
358 -14.9674
26 -6.06176
182 -0.727554
89 -3.44788
317 73.3703
193 -0.900421
244 4.66908
81 -4.20425
370 -9.21365
146 -1.67235
186 -1.85149
275 12.4253
328 -5.9386
236 5.66458
37 -5.62743
327 -7.39539
110 -2.87212
77 -4.73621
273 3.62402
108 -4.04427
157 -1.31786
280 13.015
247 4.0331
221 -0.0612793
249 4.70497
225 3.31822
69 -3.92714
179 11.1069
139 -2.36327
24 -7.24017
330 15.3584
249 6.4281
100 -4.70219
193 -0.899429
18 -7.82475
247 7.48061
323 -7.70096
74 -4.97257
139 -3.02104
135 -2.14487
338 14.7551
60 -3.26775
328 -6.07336
73 -3.53513
80 -2.59335
320 -5.79095
84 -3.51485
184 -0.961044
137 -2.03938
283 -6.61526
110 -2.87277
336 -7.85535
286 -5.81006
52 -6.68929
242 4.4292
143 -1.68828
198 -0.598511
95 -4.56802
147 -1.54056
137 -1.88861
346 -7.5372
119 -3.96004
274 8.0582
284 -5.53391
237 3.69412
233 2.91324
213 0.177628
117 -2.62971
83 -2.61592
279 0.201782
16 -5.466
106 -4.1759
14 -7.74274
106 -4.17042
119 -2.66801
88 -4.08578
288 -2.10678
345 -23.1415
324 -6.53479
247 4.82138
150 -1.54533
282 11.5519
185 -0.455673
321 15.2852
357 8.22198
186 -0.792587
155 -2.72766
63 -5.26808
320 -5.79034
255 7.15054
29 -6.08213
331 15.2675
285 -18.5674
85 -3.89087
225 1.50667
105 -3.84953
66 -5.75633
60 -4.10959
157 -1.31076
215 0.638016
233 6.03854
335 -7.32892
294 -4.95618
182 0.348175
194 -1.60364
333 14.069
134 -1.87967
119 -3.01236
358 -8.74689
185 -1.0352
335 -7.57874
363 -32.0163
267 -11.0563
249 -11.3505
276 -17.7605
147 -3.58115
290 13.6686
282 -5.15219
277 11.3181
341 4.4426
75 -4.40446
139 -1.73441
277 11.318
306 -5.92453
92 -4.79219
279 -26.4158
216 3.828
150 -1.30565
307 -4.02695
197 -0.687958
272 9.96173
294 -2.81064
367 2.14624
87 -4.37998
281 4.95285
137 -2.88028
183 -3.79182
250 0.670029
174 -1.08121
199 0.157303
252 9.50806
235 2.36432
277 -13.1119
216 3.80893
64 -6.10165
311 25.6869
237 1.86636
194 -0.727692
183 -0.940292
284 -6.83398
353 -7.24271
207 3.1261
273 -1.37402
230 1.75467
135 -2.13083
309 27.957
55 -5.37297
49 -6.46202
119 -2.66705
282 0.25354
268 11.9371
330 15.1979
40 -5.82544
235 2.33955
350 34.9001
43 -7.20682
189 -0.940948
284 13.8742
64 -6.10166
119 -2.03219
355 18.833
97 -4.28619
155 -1.29437
280 13.0153
277 11.318
240 6.82333
242 0.723923
207 -0.309021
345 25.7271
88 -4.21626
348 -2.67328
202 -1.00917
278 -9.70761
327 -5.87851
270 9.54626
197 -0.611725
237 1.80687
234 2.39786
137 -0.0407715
153 -1.50481
215 0.677155
216 1.26723
334 -6.20163
201 -0.563385
183 -0.650925
43 -7.20756
344 9.93903
182 -0.743546
7 -8.37261
242 -1.21667
194 -1.60364
147 -1.76524
87 -3.20233
322 0.46936
75 -4.26247
296 10.4942
80 -4.23187
248 5.34006
324 -1.4227
252 -12.9874
74 -5.42993
324 -6.96082
151 -1.47336
155 -1.29013
327 14.655
328 35.0645
103 -3.73487
325 -6.78198
97 -4.28578
337 -5.00967
28 -7.43145
27 -7.03794
245 4.60205
346 -7.29163
275 11.0927
182 -0.727722
236 2.33269
356 9.48383
123 -2.17484
122 -2.19154
187 -0.892624
131 -1.84996
241 4.27603
130 -1.74641
250 5.5006
186 -0.3974
150 -1.47037
311 25.6905
28 -7.43879
30 -8.21086
247 -0.480576
33 -5.11249
317 13.3848
89 -3.8992
173 -0.934235
189 -0.986496
330 15.2158
267 -6.88998
363 -3.46219
97 -4.2863
148 -1.50986
229 4.56146
310 -6.38162
285 -6.48911
96 -3.27393
312 -5.73511
136 -2.56512
80 -5.82768
93 -4.46679
248 5.42763
38 -6.80784
172 -1.16562
51 -4.51443
349 -9.19153
40 -6.18994
81 -5.34104
84 -4.6908
132 -2.47272
61 -4.77559
254 -0.528763
65 -5.64893
294 -5.09842
197 -0.611801
282 11.7795
125 -2.42395
138 -0.826004
233 2.84637
161 -1.61485
312 10.7165
153 -1.50475
279 0.242767
76 -5.30266
230 0.841721
214 0.119507
186 -0.888458
282 3.53653
89 -3.89893
82 -4.37094
200 -0.0785675
214 0.383118
59 -6.39924
242 1.79803
184 -1.09383
237 5.76031
179 -1.28647
280 13.0155
153 2.80194
208 -1.43501
126 -2.91495
349 -8.85181
109 -4.10741
231 3.42839
185 -1.03496
333 15.3957
112 -2.68929
171 -1.11169
178 -1.13731
294 -4.98578
110 -2.87267
59 -3.20463
175 -0.874084
37 -6.256
54 -3.28519
317 27.0075
81 -5.34119
139 -1.73438
262 8.28729
101 -2.5894
97 -4.28493
248 4.98088
279 0.253052
327 -7.13977
58 -6.55272
96 -3.2739
3 -8.24986
326 -6.71954
36 -5.23679
45 -5.52687
242 1.79805
87 -4.4799
43 -7.20757
325 -7.15063
153 -1.50473
135 -2.14806
205 -1.12299
149 -1.52673
287 -4.77817
268 1.74182
365 -8.24033
156 -1.20319
126 -2.30736
99 -4.35213
110 -2.87218
350 34.9269
3 -15.0911
321 15.2816
159 -1.7395
307 -5.55676
170 -1.26595
277 -5.2186
219 -0.972382
78 -3.32423
98 -2.71803
289 11.9999
359 8.59708
155 -1.74129
159 -1.43713
305 -5.85239
242 1.79866
59 -3.42989
278 -8.95676
237 5.40913
131 -1.8504
107 -3.77232
277 0.410553
94 -2.7103
119 -2.66166
285 -2.52982
1 -24.5161
275 0.796326
183 -0.653625
96 -3.27438
92 -3.87294
361 -8.32498
54 -5.168
281 12.2415
54 -3.39305
87 -4.31079
337 23.5075
242 1.79735
262 6.42761
339 28.3713
187 -0.892563
174 -1.13454
250 4.97534
119 -2.66368
332 23.1435
77 -4.29909
194 -1.60442
312 -6.10342
321 -6.82239
124 -2.11647
339 -6.56625
106 -3.03966
254 -0.530411
127 -2.98683
273 -5.55518
237 1.88657
193 -0.544266
280 -3.69824
372 24.277
264 1.89401
237 1.85933
282 9.43274
289 -5.93253
90 -4.7523
275 26.3167
69 -6.76838
141 -3.37222
301 -7.13477
175 -1.0587
229 1.02385
57 -3.46282
75 -3.14864
100 -2.47979
135 -1.94794
371 46.693
107 -4.2461
110 -2.87248
13 -7.87352
50 -6.23739
290 16.0909
263 1.69537
356 -9.30164
367 2.11209
175 -1.44629
358 18.2238
238 15.7797
281 -1.96597
214 0.91507
275 -10.2911
155 -1.29022
19 -7.46378
367 3.71692
358 -38.5849
290 10.9988
328 15.8735
347 -7.87158
121 -2.96735
242 1.79803
183 -3.44109
314 -5.3027
372 22.6732
311 25.6882
146 -1.6833
121 -2.49911
363 -3.4584
191 -0.435715
56 -4.81757
139 -2.36487
242 1.7982
330 15.2939
368 -2.87909
335 3.68301
285 -5.53674
279 0.238037
357 -10.9181
213 0.475571
235 3.5994
126 -2.43633
317 27.0147
11 -7.40553
224 1.36218
107 -3.3102
233 3.66637
201 -0.560959
159 -1.33098
130 -2.80547
63 -5.73109
177 -0.944611
70 -4.14154
161 -1.20682
283 -6.57236
102 -3.29926
111 -2.03156
161 -1.41393
247 0.458145
115 -3.61887
158 -1.21104
106 -3.04036
346 -7.56976
250 4.99983
360 -8.81665
282 0.25354
237 14.6452
289 -8.52432
133 -1.95068
106 -3.43098
180 -0.973984
72 -3.20677
24 -7.24053
59 -6.39951
225 2.47177
116 -2.22784
151 -1.54243
64 -5.91706
24 -7.24052
238 2.73744
283 2.67114
368 6.38977
81 -4.84796
286 -4.97498
356 9.48444
194 -0.726959
76 -5.38582
344 -7.96826
315 -20.758
64 -6.1016
39 -6.20884
259 9.42209
367 2.14255
132 -1.22133
106 -2.8852
284 -8.49249
121 -2.96686
141 -3.37085
179 -1.06224
287 -8.71603
253 6.71352
75 -4.58153
57 -5.63024
332 -7.3576
329 -5.75555
69 -6.11087
357 -9.51068
347 -7.28732
350 42.6024
138 -1.8392
131 -1.84987
287 -4.30646
264 9.09244
62 -4.00618
170 -1.08549
158 -1.10681
139 -2.36501
359 8.59525
92 -3.82093
68 -3.20045
191 -0.889999
150 -1.27666
291 8.57193
312 -6.13287
323 27.7456
282 48.7626
99 -3.15353
341 -11.2804
126 -3.19619
281 9.30353
276 6.60483
352 -59.6545
307 20.6025
313 26.17
369 47.3257
287 12.3977
306 -25.0789
131 -2.23523
363 -3.45734
312 -6.13226
325 20.0678
343 41.5896
218 1.49542
335 30.1212
56 -4.81656
348 69.0765
77 -4.72913
324 -7.30212
178 -1.07245
18 -7.82477
222 1.86809
14 -5.2045
314 29.5779
137 -3.18706
277 -1.57263
73 -4.82362
156 -5.26082
111 -3.85862
28 -7.43189
191 -0.728607
64 -6.11855
190 -0.86264
335 3.57178
305 -14.5386
57 -4.91846
332 28.3605
119 -2.03222
86 -5.02823
325 12.9112
367 2.11276
363 -3.45901
361 -9.2529
78 -2.71181
75 -3.19658
81 -5.34104
231 4.43813
119 -2.66724
123 -2.20123
95 -4.12856
368 -7.55588
161 -1.30597
178 -1.03146
24 -7.46515
306 -6.34418
322 0.475647
214 0.895096
356 9.48456
281 11.3763
129 -2.17999
106 -3.03962
219 -0.982513
332 28.3673
304 -4.63727
152 9.21184
13 -7.98496
318 22.1724
102 -3.29659
257 9.38684
358 8.59348
247 7.50497
321 -5.49664
215 0.696594
198 -0.758682
92 -3.42182
288 -5.93839
31 -4.86385
317 -32.5132
367 -13.7035
123 -3.62178
251 2.17906
185 -1.03496
305 -5.83929
276 12.6535
267 -10.9833
290 14.9118
254 4.40912
24 -6.95314
130 -2.64931
258 5.7912
62 -6.2599
109 -2.93688
119 -2.03229
165 -1.26328
329 1.48901
282 -7.12543
267 10.0946
142 -1.65446
43 -7.20765
363 -9.23584
193 -0.559113
249 5.47328
215 0.976013
318 -0.153534
24 -6.39015
68 -5.9478
346 -10.558
97 -4.28461
147 -1.5383
254 1.16374
347 -6.17651
165 -1.24052
178 -0.902374
97 -2.76793
242 1.79846
274 9.66638
364 52.2799
195 -0.73941
52 -5.58958
23 -7.80296
130 -1.74641
243 4.38699
173 -1.0565
178 0.69751
60 -6.48897
164 -1.02635
132 -2.23492
242 1.7982
142 -1.23055
62 -6.2104
38 -5.9978
178 -4.27296
110 -2.25462
94 -4.01217
274 12.2469
326 19.2459
197 -0.706573
172 -1.25566
347 -8.23727
307 20.618
358 -8.27695
215 -0.624069
320 -5.78854
145 -1.76346
48 -5.4688
330 15.3418
74 -4.94388
327 -7.36264
325 13.7349
172 4.82755
237 5.40862
238 5.75415
367 2.14594
110 -2.95168
89 -3.90021
28 -7.44681
56 -6.7358
262 6.42914
354 -9.28806
149 -1.36453
136 -2.56787
9 -8.77093
54 -4.17836
202 0.279007
325 19.0573
362 -8.77103
256 3.76044
17 -7.67029
122 -3.63432
358 -8.60223
19 -7.4641
290 14.9263
346 -7.29163
106 -4.01294
160 -1.50742
227 1.50708
241 3.43298
246 3.29912
248 4.98158
33 -4.9143
348 48.7115
161 -1.19844
161 -1.22223
186 -0.869186
235 3.56941
251 2.7326
361 -9.33914
269 1.36365
162 2.65254
61 -6.03396
135 -2.57379
126 -3.17648
121 -2.96619
92 -3.87285
18 -8.75841
280 12.922
358 -15.1869
259 5.9581
256 5.57275
64 -6.10165
62 -6.23272
26 -6.70549
156 -4.74069
84 -4.3956
3 -15.1187
329 -5.98593
48 -6.45559
124 -3.05273
340 -8.68851
182 -0.727524
165 -1.74367
82 -4.90117
163 -1.42961
96 -3.27386
166 -1.56168
195 -0.742935
346 1.62259
220 8.17677
131 -2.60748
186 -0.869171
223 1.50473
244 -0.861298
81 -5.34115
154 -1.88939
349 12.9839
237 1.86176
289 -1.7865
139 -2.36276
346 -7.56915
80 -2.82404
99 -2.50191
262 6.42813
10 -7.67862
12 -7.90083
260 2.30737
314 -5.30011
76 -3.70135
219 -0.936203
223 1.4832
150 -1.30756
277 13.2576
85 -3.65105
258 5.79834
15 -6.66895
293 19.0582
164 -1.30652
119 -2.16981
111 -3.5592
351 -9.09952
361 -7.76102
262 -6.64929
219 1.93045
313 15.0762
349 49.1149
108 -3.75259
248 4.17111
107 -3.31015
180 -1.07756
83 -4.52371
363 4.81598
345 -9.58658
150 -1.2897
216 1.00433
367 25.5713
168 -1.08043
267 8.36447
116 -2.35999
273 3.48053
265 -6.85101
131 -2.03171
163 -1.55104
264 5.9343
182 -0.743607
159 -1.3824
216 1.00432
202 -0.999619
137 -2.21883
15 -6.67197
360 -5.08127
240 3.1187
251 6.60071
104 -3.00799
64 -6.09528
133 -2.86858
227 1.69891
321 15.2868
281 11.2527
262 6.42773
95 -2.53469
317 15.6985
237 1.85379
321 0.392426
179 9.23384
253 6.71355
284 13.7241
211 -1.19014
136 -2.62344
156 -1.30447
257 4.35968
195 -0.751266
311 3.987
355 -8.67075
338 -7.29977
146 -1.67271
343 41.1776
212 0.282928
76 -5.38459
71 -4.85426
175 -1.06705
314 14.0997
129 -2.65297
190 -1.13217
142 -1.63498
224 1.99318
237 5.41286
276 0.824463
57 -5.10736
368 22.495
299 -2.60733
79 -3.62286
325 -8.24295
328 -6.31335
367 -10.6276
97 -3.82629
43 -7.20681
281 11.5175
10 -7.59875
251 2.73274
185 -1.0349
369 -8.26694
339 29.09
74 -5.44457
334 59.7438
311 10.7721
79 -5.71695
229 3.30957
303 31.3849
349 7.16791
225 1.5062
247 0.457794
186 -0.869827
94 -4.20083
361 5.73987
247 4.71158
162 -1.14911
372 23.5603
265 1.99463
198 -0.59848
365 -0.543335
162 -1.26306
81 -3.72677
193 -0.900467
346 -7.56573
275 12.496
367 2.14291
330 -5.81253
165 -1.21118
185 -0.749084
201 -1.14853
70 6.70588
94 -3.73993
86 -4.70852
3 -22.8738
254 5.43719
184 -0.599915
271 1.74326
82 -3.58875
176 -1.08653
120 -2.44343
193 -0.690277
265 5.95358
155 -1.2897
80 -4.12208
343 16.2683
317 52.8951
262 -6.67003
214 0.482315
253 5.26758
110 -2.87283
141 -1.28751
170 -1.13391
96 -3.27389
247 0.458023
321 -7.00739
233 2.50681
258 5.90201
138 -2.57861
243 4.38765
283 -5.10587
320 -5.79074
62 -3.22118
38 -7.39392
237 7.68369
172 -1.12408
185 -1.035
327 -7.35138
88 -3.4039
321 -7.00946
216 3.8065
307 20.6031
309 11.5291
369 47.3341
80 -3.56042
248 4.9814
312 -4.84091
251 2.9091
261 8.52151
154 -1.21431
148 4.25893
72 -4.51212
60 -5.0107
54 -5.16113
332 28.3689
295 28.77
296 21.9385
106 -4.17706
129 -2.33697
258 7.07568
136 -3.74237
50 -4.38345
277 11.3173
169 -1.01761
195 -0.574509
237 1.79689
179 -1.10699
121 -2.9492
153 3.84062
66 -5.94802
94 -3.86494
121 -2.94913
236 3.3156
261 9.32883
158 -1.33199
296 -7.46948
229 0.897659
253 7.15398
277 -3.77591
358 -7.31204
66 -6.08658
220 3.13867
363 -3.45963
330 15.2114
96 -3.42125
168 -1.07797
89 -4.98351
77 -2.75853
312 13.8042
248 4.81754
100 -4.51224
160 -1.3651
74 -2.75581
154 -1.2691
72 -3.41711
173 -1.10873
251 2.73416
159 -1.37975
139 -2.32927
88 -4.30928
281 12.3906
230 4.39302
235 14.7654
322 -6.18381
321 0.391235
26 -6.70747
336 -17.5522
240 3.58904
325 12.8155
252 3.63136
137 -2.65657
103 -3.74528
328 14.5365
85 -5.26288
313 14.8967
365 -0.541199
285 16.5225
185 -0.618088
323 22.1042
59 -6.70142
333 14.0213
281 13.0685
311 3.98715
263 10.4108
347 -9.21487
319 -6.48404
192 -0.802734
356 27.6042
120 -3.14339
348 -8.1423
348 -17.1837
317 27.0056
285 -3.38824
222 -4.61151
87 -5.04529
187 -0.899124
195 -0.740387
71 -5.50708
120 -3.73095
224 0.767059
92 -4.00907
200 1.56296
163 2.26561
26 -7.74921
245 3.24843
351 42.1952
231 3.43497
314 2.37503
253 6.71339
360 -10.2153
247 5.3038
252 7.14409
60 -4.10944
83 -3.16625
75 -6.1039
230 0.744354
349 25.8728
101 -4.51068
253 7.68036
115 -2.3481
301 -6.77878
253 5.15308
186 -0.869324
350 34.8973
365 -0.525574
137 -1.76221
265 1.56476
311 -3.62527
365 -0.544464
314 -5.32816
280 11.1943
162 -1.23024
36 -5.86646
211 -0.038681
295 28.7664
279 0.200165
72 -3.89113
163 -1.18262
311 25.6635
262 7.89804
252 12.9913
52 -4.39835
295 28.7304
259 0.873657
278 13.0455
357 -7.56204
99 -3.37003
182 -0.964081
308 -8.67252
65 -4.23259
140 -2.79816
274 11.0699
128 -2.37545
279 -9.04388
65 -5.76109
284 58.6286
46 -5.68456
306 47.5356
76 -5.34301
81 -5.34187
242 5.25624
356 -7.81482
65 -3.89726
170 -1.01518
345 25.1565
313 12.0556
322 0.467377
22 -7.87517
320 -5.78714
311 3.97012
265 7.96249
306 -25.0892
363 3.24353
97 -4.28466
136 -1.97147
135 -2.22845
60 -5.01277
78 -4.44343
279 0.239227
210 -0.128677
257 9.37955
46 -5.252
342 -6.62323
359 8.59665
311 3.97302
308 10.8015
279 -5.01733
214 0.472519
348 -8.10867
253 7.03244
335 3.70291
47 -5.17235
269 7.95624
238 3.23685
249 5.44865
269 1.01859
154 -1.29401
17 -5.10274
97 -4.2733
83 -3.44205
99 -2.48252
143 -1.64018
290 14.9112
92 -4.10751
194 13.2404
90 -3.42433
62 -3.13485
235 1.53664
231 4.9796
46 -5.33997
179 -0.908096
75 -3.29884
142 -1.96045
198 -0.755264
299 -3.60342
356 9.48459
109 -3.05544
209 -1.38095
106 -4.17044
136 -2.94934
334 20.575
99 -2.29713
233 15.1993
96 -3.27427
356 9.48431
172 -1.11566
306 -5.73267
366 2.85162
305 13.1295
112 -3.61776
39 -7.56383
369 16.4918
10 -9.34231
350 34.9217
168 -1.92622
363 0.844604
34 -5.88249
181 -1.68892
352 23.9318
88 -5.22679
48 -5.44862
337 11.4631
320 -5.78738
352 -8.76688
317 26.9793
163 -1.18239
165 -1.28806
27 -7.45418
170 -1.13298
132 -2.3045
148 -1.25307
247 -0.962402
346 17.8235
75 -4.37315
328 -6.0585
137 -1.7728
230 3.34848
247 0.457932
359 -9.51093
326 -3.09616
361 -5.42346
332 -5.78296
92 -5.10059
143 -2.32889
101 -4.17513
140 -2.84195
326 -3.10068
170 -1.07086
347 -7.70041
140 -2.22318
75 -5.36715
166 -1.21468
129 -2.68053
72 -4.79649
139 -2.36372
219 -0.973953
342 -9.20724
47 -6.6795
142 6.87164
280 -3.06052
133 -3.21414
323 -12.8049
358 16.3673
212 0.277893
301 13.3177
185 -1.03482
325 31.0605
236 7.7606
228 1.32478
235 11.8267
330 -0.767792
136 -1.97076
335 3.58475
129 -2.3876
289 23.8239
280 13.015
3 -22.8815
129 -2.32124
131 -2.66745
193 -0.462906
60 -5.42056
56 -4.99917
65 -3.88807
213 0.739243
192 -0.618958
325 13.7305
237 4.16554
211 0.429993
125 -2.30527
331 15.2332
59 -3.43039
262 8.28741
274 10.4322
249 4.22299
332 -16.385
54 -6.73268
184 -0.96077
215 0.682907
14 -7.60501
136 -1.97119
370 -6.4913
193 -0.788651
76 -5.32182
262 6.42731
186 -0.920258
106 -4.17496
337 21.2845
369 -4.93588
295 28.783
331 55.0702
87 -3.9636
351 42.2134
296 6.64011
175 -1.1214
145 -1.96169
363 3.25531
272 -5.98804
224 3.49773
365 -53.1856
49 -6.46083
366 44.7323
336 -7.85773
182 -0.743637
250 6.64789
333 13.481
327 14.6653
180 -0.937103
97 -4.28597
367 2.14108
275 -0.539368
40 -7.60894
38 -5.72556
333 -6.64523
157 -1.42804
243 4.71637
75 -4.41254
159 -1.38071
361 -5.302
137 -1.74274
125 -3.05496
270 5.34308
223 2.06938
363 -9.12186
294 11.0059
363 10.3145
252 7.1609
351 45.5647
325 -7.17365
66 -3.88027
335 14.4597
32 -1.2894
189 -0.918106
204 -0.248108
50 -5.37359
215 1.02307
127 -2.40012
264 1.89447
256 3.70273
86 -3.54028
306 -25.0826
64 -3.13696
188 -0.31044
93 -4.51566
115 -3.72053
359 -9.20709
225 8.342
280 12.7136
198 -0.598434
341 15.5169
322 44.0732
92 -3.8727
307 -5.55582
322 20.1216
224 3.49844
237 2.04173
193 -0.899033
136 -2.16431
281 -6.09396
199 0.151779
69 -4.61244
318 15.1242
75 -4.58268
287 -8.28229
111 -2.95574
84 -5.25663
126 -2.38989
209 0.268921
35 -8.17731
57 -5.33791
76 -4.31544
266 5.88541
251 8.40015
278 -1.34882
239 6.03035
170 -1.16458
350 42.4138
58 -3.56691
183 -0.663223
194 -1.09735
81 -5.34228
305 9.8764
146 -1.67433
177 -0.900726
43 -7.20225
57 -3.77789
310 -1.5365
83 -5.3298
75 -5.36546
145 -2.47324
76 -5.38298
310 -19.6162
243 4.38712
211 0.768555
93 -3.94829
274 10.4273
283 -10.0189
237 1.85437
240 4.89632
71 -5.02898
159 -3.93187
24 -7.46033
34 -0.750591
189 -0.859955
335 19.4321
307 20.603
274 9.66592
110 -3.84145
284 -1.13107
192 -0.63707
75 -3.1787
295 28.7643
99 -3.20679
370 -8.34567
130 -1.88492
325 -7.3186
189 -0.905807
261 -2.47137
214 0.518875
106 -4.17611
372 23.5591
76 -4.31593
206 -0.311478
346 1.61606
195 -0.574265
190 -0.999313
37 -5.85467
84 -3.55792
131 -3.86117
189 -1.95592
279 0.232178
212 1.59377
256 1.42285
151 -1.24681
136 -2.00925
360 -5.65811
143 -1.64026
18 -8.73698
174 10.5803
254 5.34937
60 -6.4166
242 1.79767
126 -3.17772
232 7.97176
260 6.24719
225 1.50681
66 -6.08363
131 -1.84972
76 -4.18098
148 -1.31577
332 -3.1528
254 1.93231
152 -1.5219
154 -1.45906
271 -0.761322
196 -0.789398
343 41.4016
164 -0.996445
136 -2.42642
312 15.136
346 13.8248
159 -1.38307
50 -4.38619
211 -0.0385742
303 13.5555
327 -5.53241
253 7.25029
22 -7.87382
243 4.30177
372 16.9504
115 -3.57395
158 -1.54544
367 -1.04492
369 -1.896
304 -5.50763
351 44.6983
156 12.4958
82 -4.44794
281 8.66238
142 -1.65796
60 -3.04182
211 -0.038559
253 6.71342
296 4.19965
307 20.6183
262 6.56339
191 27.2361
64 -5.91242
221 0.891342
118 -3.07738
36 -4.87393
208 0.202377
335 28.7018
185 -1.03496
291 8.5
197 -0.389786
61 -7.00838
76 -5.26888
347 14.6313
70 -4.48539
96 -3.27399
272 -10.8079
297 12.4236
363 -9.31039
210 0.302612
47 -5.55385
42 -5.66366
247 0.457794
150 -1.58128
128 -2.36684
194 -0.726624
145 -1.66141
361 -7.06543
346 -7.54199
258 7.15167
133 -2.49359
125 -2.06685
320 -5.42538
299 -5.41608
171 -0.725662
119 -3.78024
156 12.0773
350 -7.68466
76 -5.31567
294 23.6887
286 17.0203
332 -6.4855
62 -6.09827
28 -8.37631
250 5.42532
74 -3.18925
276 11.5347
277 -1.32327
196 -0.632019
220 1.5712
211 -0.0389404
36 -4.88385
279 0.238922
130 -1.74634
311 -4.12173
351 -8.29813
352 14.7012
348 48.2899
249 -11.3499
351 -8.85892
359 40.7716
117 -2.45937
281 11.27
186 -0.912155
56 -5.05316
16 -8.09858
80 -5.68682
184 -0.968536
74 -3.18581
307 -6.62259
359 8.59634
346 -32.0355
202 -0.286987
196 -0.649231
359 -1.0253
247 0.457916
290 14.9118
243 6.27571
307 20.6188
88 -5.59077
253 4.18912
106 -4.5052
326 14.8725
26 -6.70755
289 15.4248
45 -7.18724
3 -15.1348
222 -4.60983
279 0.243713
247 4.69336
186 -0.930008
106 -3.0402
140 -1.6842
308 -15.2473
339 -20.1101
358 48.1049
249 8.08374
137 -2.21669
145 -1.79936
165 -1.16678
285 26.1882
219 -0.971588
192 -0.802658
356 9.48413
186 -0.219574
289 -5.44504
306 -25.0603
160 -1.53018
372 -7.88818
358 11.739
199 0.152435
165 -1.20749
296 -6.62186
182 -0.885147
50 -5.08315
358 -11.0311
277 -4.17303
54 -3.3615
342 -20.7718
233 2.15784
348 69.3586
322 14.8472
224 2.21069
308 16.6976
339 7.10696
76 -5.37644
70 -4.90491
148 -1.26237
311 25.6662
185 -0.888062
355 18.8325
289 -1.38614
157 -2.53784
233 10.8365
185 -1.03487
321 15.2866
246 2.51233
358 -3.00769
275 26.3104
368 48.0647
195 -0.572449
201 -0.382721
212 -5.76758
297 10.466
297 -5.57486
278 -7.64081
289 -4.86877
317 26.9841
141 -1.70567
296 4.89624
170 -1.08237
243 4.52759
361 11.3856
169 -1.2867
206 -0.602631
335 23.3422
144 -1.63185
58 -4.87296
296 10.4431
28 -7.44225
102 -3.29675
344 -21.696
327 16.1313
76 -5.38076
300 38.18
302 -6.44846
146 -1.56485
255 5.44376
317 77.6714
27 -4.86359
287 14.9221
207 -0.0245361
364 -3.17065
215 1.01573
301 30.9404
138 -1.89178
186 -0.869278
32 -6.2866
89 -4.76884
262 -9.87766
144 -1.23598
62 -3.22825
325 -5.39694
190 0.949646
219 1.98314
148 -1.45631
24 -8.35978
212 0.39357
276 12.1507
139 -2.36324
154 -1.48349
323 -7.16916
372 -8.07315
144 -2.39713
276 -7.61255
296 10.2462
107 -3.42461
119 -2.58925
364 -53.1874
242 1.79903
255 -0.525604
106 -3.88223
346 1.61969
135 -2.33713
165 -1.13115
40 -7.59212
89 -3.46634
335 3.71967
288 15.78
361 -5.4086
125 -2.48816
74 -3.25227
248 4.98137
135 -2.1356
332 28.3535
212 0.531738
179 -1.10136
180 -0.888229
92 -3.87376
142 0.0675049
194 -0.735168
361 -5.3837
357 25.6847
265 1.42404
129 -1.7278
125 -2.1136
86 -5.4921
190 -0.748001
179 -1.05322
71 -6.31006
182 -0.727661
310 -1.30789
77 -3.74608
207 -1.95168
294 -4.99521
210 0.272125
364 -9.89459
260 2.68774
203 -0.162735
106 -3.87925
347 -24.4228
77 -3.70403
313 12.1185
216 1.04868
309 -7.12491
351 -24.5164
147 -1.5396
114 -16.1107
277 11.317
267 7.92288
47 -7.11147
129 -1.92997
302 -34.4522
47 -6.91414
335 28.7306
121 -2.94933
330 15.1977
335 3.58932
262 1.91556
111 -2.43725
86 -4.48719
56 -4.36978
321 0.450623
304 -5.5816
258 -2.19089
44 -6.45339
254 -0.531174
183 -0.663712
312 -6.13565
222 -4.60458
131 -1.84999
76 -5.38355
37 -7.54535
48 -6.37499
305 -8.25592
358 4.47144
90 -3.43938
73 -4.65718
58 -5.32559
336 -7.84521
163 -1.23558
169 -1.18593
255 -0.527969
351 -9.13248
194 0.126389
257 2.20746
187 -0.892578
350 -24.8724
105 -3.02678
310 -6.526
264 7.43292
329 15.7117
367 -335.397
195 -0.517624
284 5.01465
224 3.49867
153 -1.50475
270 6.26813
303 -4.65781
277 11.3172
176 -1.01923
87 -4.64418
203 -0.166733
359 8.59604
113 -2.83183
267 18.8379
325 13.7205
300 38.1821
276 -26.9344
302 -5.39758
74 -6.07492
122 -3.98876
159 -1.38051
358 18.2605
242 4.32393
338 21.3747
68 -4.65903
250 0.673126
263 0.563019
81 -3.2459
288 -5.88943
11 -9.78041
281 8.65173
300 38.1832
80 -5.68456
309 14.2003
248 5.26761
117 -2.26744
309 14.32
220 1.90627
176 -1.06821
162 -1.23465
312 -6.09979
15 -8.00865
266 9.79922
96 -3.61509
267 10.0688
267 8.74475
273 10.7198
190 -0.906372
346 -7.53775
322 35.4797
344 25.9502
209 0.492661
305 -5.80765
314 10.9506
357 -8.41562
182 0.374786
64 -6.10139
335 3.68793
106 -3.87825
356 27.6046
144 5.9073
222 2.29413
58 -3.56813
277 3.48584
93 -4.54475
333 14.0035
297 21.1024
358 -9.34332
318 5.45529
179 -1.00224
306 14.6083
352 -9.57562
289 15.1912
238 1.81581
92 -4.22527
345 -14.717
161 -1.52118
292 -1.24976
209 0.289001
338 6.9863
358 -9.0596
353 23.6502
111 -2.69469
188 -0.166412
373 -0.188812
106 -4.17098
346 -7.54111
45 -6.50058
292 -4.58408
64 -6.10167
147 -1.72514
307 20.6187
253 -1.17213
351 42.2557
360 -5.16168
180 -0.912674
253 3.52997
118 -2.22277
246 5.12607
140 -1.75124
358 -14.9555
357 -9.21353
92 -2.03008
7 -7.65609
372 -1.9375
258 4.03253
311 3.97467
254 1.79749
149 -1.23433
299 -5.32446
232 0.969772
221 1.77794
59 -6.39937
102 -3.29622
164 -1.30333
287 14.7557
230 -1.23419
274 10.511
277 -0.369202
327 14.7188
372 24.274
14 -5.41716
331 -20.2434
361 52.4127
267 -11.0246
311 -3.97437
216 1.08293
107 -3.31017
333 15.3827
73 -4.76768
166 -1.09344
273 4.2467
88 -4.42683
202 -0.202087
369 6.86572
237 3.69394
338 21.4214
237 2.37518
350 7.30154
333 14.0022
287 17.4293
300 -5.49268
252 1.32555
264 1.73889
332 -6.5799
337 -5.99823
359 -4.26569
358 -7.53513
236 4.00313
348 6.78976
358 -7.8623
280 3.28412
279 -11.7209
92 -4.68872
209 0.289062
252 7.1465
82 -5.49987
272 -9.84073
211 9.6582
370 -7.04813
194 -1.60402
211 2.72191
224 1.46103
307 13.2059
291 10.9141
220 2.83528
346 17.8134
50 -5.08337
119 -3.03554
310 15.565
289 -5.36703
311 14.7911
340 21.6506
332 -6.79019
292 -6.06754
143 -1.6447
309 14.6578
370 46.4723
103 -3.87755
119 -3.07375
295 28.7646
167 -1.13806
79 -3.56751
325 -7.51511
303 -5.62109
174 -0.959091
152 -1.27805
232 2.71469
258 5.99908
150 -1.16536
104 -2.89481
290 10.5154
112 -12.2179
225 1.43877
71 -5.58514
226 0.544922
294 7.29996
260 0.96814
159 -3.93777
94 -2.06761
222 -4.60596
334 27.2105
171 -1.10214
313 11.3715
197 -0.629776
190 -0.737778
339 -16.6118
273 3.61685
339 22.9567
106 -2.93762
175 -1.01176
75 -5.68698
254 16.9397
82 -5.43691
322 35.4815
358 11.7554
219 -0.929016
299 -6.62982
329 21.8076
159 -1.12126
148 -1.29262
155 -1.28957
170 -2.03174
322 -6.3273
306 -0.203979
96 -4.31327
273 7.32938
369 -6.30862
297 -5.28232
185 -0.93927
258 -2.57605
57 -5.21659
372 0.0755005
246 0.992126
311 -6.86969
74 -3.18425
338 -2.88699
126 -1.92441
255 5.63045
287 -1.75156
10 -7.41671
291 -3.67493
333 27.1394
206 -0.313248
311 15.1362
254 -0.532272
360 36.4673
95 -4.2825
19 -7.46347
39 -6.75543
148 14.2686
26 -6.70223
248 3.95686
293 10.8861
144 -1.44553
57 -4.93008
318 28.0414
326 17.7596
211 0.451828
341 23.8794
357 24.6972
247 0.458023
283 11.8839
314 -1.58286
275 11.0919
311 3.9866
177 0.506943
168 -1.22527
332 -6.56424
112 -4.02602
280 -24.1844
352 -14.1219
327 16.4111
351 -7.36517
211 -0.0440521
101 -3.96604
49 -6.46081
109 -2.7322
236 12.7646
202 -0.20282
242 1.79868
282 0.253601
170 -1.20128
301 18.4231
93 -3.39202
223 1.48128
286 -4.90463
301 13.1371
279 15.0392
64 -4.75999
58 -3.56689
212 0.471649
318 -7.03018
204 36.8322
166 -1.22041
359 8.59708
325 -6.55789
253 7.27457
207 -0.00114441
290 14.9112
325 13.7426
224 0.556076
226 2.22574
314 16.5659
121 -7.24206
194 13.2393
353 -1.78204
226 2.32924
317 27.3109
264 0.894958
289 15.425
156 -1.3511
119 -2.03242
341 1.0621
149 0.476974
239 12.0762
182 -0.743652
241 2.98096
93 -4.08378
161 -1.18025
102 -3.42693
367 2.14346
161 -1.43091
39 -5.85052
160 -1.27852
247 0.458313
193 -0.701584
346 2.76816
43 -3.82499
216 1.37776
304 4.12296
369 -5.07144
372 24.9304
162 -1.15796
262 8.27902
275 11.093
364 -314.854
136 -1.7572
191 -1.31749
346 23.9677
280 8.62915
182 -0.808533
313 25.6521
138 -1.90222
337 22.6905
292 -10.8181
327 16.1342
357 24.6902
294 -17.5151
103 -3.73222
71 -5.409
343 41.1896
332 -6.5687
156 -1.66481
135 -1.20985
219 -0.983292
191 -2.07893
234 -0.816284
307 14.1348
299 -4.30072
269 -1.56137
366 -13.4108
63 -3.20198
299 -5.67215
19 -7.46341
148 12.183
332 28.3623
64 -6.10159
214 0.537323
140 -1.8761
345 25.2207
285 25.5238
285 -4.39169
159 -3.91754
168 -1.16818
290 15.3328
241 3.26192
322 35.4796
326 -3.10281
321 15.2853
238 5.75421
194 -0.726028
324 -6.52338
46 -5.25245
28 -7.43399
304 14.3315
315 -5.97565
100 -3.81236
373 -1.86932
331 -5.73367
243 4.38809
348 -2.65112
178 -1.02457
189 0.59964
164 -1.21767
294 7.31589
194 -1.12656
29 -6.15002
146 -1.2514
59 -6.39911
227 18.761
185 -0.455902
373 47.2265
101 -4.30349
278 27.0729
291 -5.35187
285 16.5238
1 -24.3978
217 1.27335
373 44.809
351 -16.802
212 0.829346
276 -14.6469
296 23.7674
279 8.65649
59 -3.20475
5 -27.322
26 -6.70694
332 28.3715
339 -3.89212
365 15.7908
150 -1.31915
223 3.75179
289 15.4251
156 -1.65601
67 -5.9361
301 -5.82654
118 -2.61613
344 26.0782
358 -3.7027
159 -1.38356
352 23.4877
186 -0.632492
255 5.62946
275 11.0935
221 0.778564
259 10.28
262 8.26419
254 -0.532181
352 -7.4592
372 -7.83087
131 -2.37393
274 -6.19354
264 0.704956
170 -1.18704
166 -1.14923
143 -1.58112
141 -2.46063
330 11.7276
74 -3.70429
90 -5.57848
227 3.26538
122 -3.36582
251 5.26825
360 -8.79816
223 0.728531
80 -3.57004
283 24.8121
195 -0.573944
280 13.0152
315 11.036
26 -6.70606
92 -1.3501
127 -0.35508
247 0.975677
282 0.252289
190 -0.976562
305 13.688
106 -3.88149
194 13.2415
326 -7.96854
61 -5.07925
223 1.44295
79 -4.56248
178 -1.01556
72 -5.64944
285 25.5244
186 -1.14668
313 11.5972
112 -3.48415
178 1.09898
314 -5.35385
335 3.63019
2 -7.60001
97 -4.28628
168 -1.49181
343 41.1766
91 -4.62299
314 20.2103
322 -6.21503
358 8.59357
113 -2.37023
245 4.60199
311 25.6947
155 -1.2903
254 -0.527847
73 -4.8396
136 -1.97035
255 -0.525528
326 17.7919
336 -7.84668
346 -21.8483
254 5.63771
275 11.0924
291 -5.29904
209 5.69151
194 -0.722137
322 35.3726
136 -2.16345
297 -26.2095
262 9.34021
369 -5.12863
287 28.9277
230 1.56276
255 0.306778
364 -8.6622
238 3.23299
348 -8.82193
192 -1.05795
367 49.9153
294 -17.321
146 -1.68306
110 -2.87281
180 -0.836426
208 0.202301
202 -2.84268
300 38.1825
209 0.733627
338 -5.3338
294 -17.3911
371 2.74066
251 2.7328
282 0.252167
117 -3.88882
348 28.6891
285 25.5196
242 6.23404
247 7.50418
344 -19.8219
345 25.7308
361 12.9863
198 -0.598526
156 -1.65535
237 4.26393
225 1.50679
254 -0.527847
209 -1.18852
176 1.80853
356 27.6042
76 -5.32298
196 -0.70311
197 -0.611664
242 6.23306
207 5.83734
186 -0.869797
305 -18.9439
190 -1.05554
168 2.80598
173 -0.996277
242 6.23372
263 2.48041
197 -0.614456
205 -1.06223
261 1.03311
38 -5.79613
135 -2.19165
356 9.48447
275 10.4185
282 0.252228
301 18.425
67 -4.71362
76 -5.38523
340 22.7993
210 0.0225525
262 8.26166
135 -2.30035
208 0.202454
205 -0.155579
342 1.89178
209 0.28923
360 17.2216
59 -3.20462
119 -2.38567
334 26.9699
120 -2.09108
261 3.4744
198 -0.598358
253 7.14844
213 0.946198
205 0.511368
138 -2.99934
371 46.2578
305 -5.10031
363 53.6418
279 -1.7424
38 -7.54975
267 8.02939
298 7.98825
335 28.5907
130 -1.96341
59 -6.39913
306 -25.0912
210 -0.0210266
350 29.0515
299 -5.27454
211 0.237488
63 -3.27116
286 2.67429
262 6.42795
49 -5.1086
314 -6.09375
223 3.5517
303 -4.13666
364 -6.0889
246 23.9986
359 10.7693
9 -6.68591
143 -1.37825
34 -8.2473
283 -16.6071
339 -16.6833
180 17.7332
363 -9.34247
294 -4.6781
131 -2.1308
350 42.8464
250 18.2142
340 -6.48737
118 -2.23638
317 -6.73944
241 3.54916
159 -1.2939
368 -9.02856
373 -1.47614
87 -4.79653
139 -2.22829
126 -2.77638
258 5.34671
144 -1.34517
238 -5.86452
304 -19.6787
369 -7.97351
279 -7.99551
357 24.6912
244 7.58258
40 -4.8456
263 5.89282
199 -0.818939
87 -3.48476
330 33.0045
196 -0.587494
166 -1.20502
294 9.28751
185 -0.455963
201 1.64893
274 -14.3911
254 1.86366
255 5.64166
351 -8.7038
267 6.80045
19 -7.50239
192 -0.73114
203 -0.0205078
46 -5.96538
249 -11.3762
49 -6.45771
318 -5.51917
361 27.7889
345 25.3286
150 -2.35072
95 -4.46045
113 -3.34361
144 -1.58803
299 -5.37689
49 -6.46144
220 8.1875
228 1.07573
197 -0.611816
261 5.68866
92 -3.87304
217 0.529861
141 -2.44588
59 -6.39906
211 -0.0392456
199 -0.882492
275 11.0898
64 -6.10126
327 18.8279
227 14.6935
89 -4.69141
3 -7.91909
270 9.22604
315 14.9943
233 15.1988
206 -0.0994873
11 -12.0449
324 -4.97653
256 0.848236
324 -5.05634
209 0.289032
159 -1.38078
189 0.599136
370 28.3352
217 2.11705
179 -0.930115
341 -13.1267
285 25.5113
235 -1.98181
249 5.45305
117 -2.30465
345 25.7262
230 3.38675
327 16.1337
347 24.7277
156 -1.23528
239 8.47643
139 -2.36174
28 -7.44102
233 4.76482
96 -3.17706
30 -8.2174
281 11.2669
255 2.95782
347 25.0375
287 -22.9854
193 -1.3047
102 -3.51851
316 5.75385
145 -1.97386
301 23.891
364 -53.1774
55 -6.43148
314 -8.1792
49 -6.45846
56 -5.05242
365 15.748
129 -2.65768
209 -0.355835
329 -6.09399
307 20.6178
149 -1.5054
158 -1.72656
293 -0.680817
136 -2.16412
332 28.3622
51 -4.26345
359 -6.99203
112 -2.35047
74 -4.12682
373 -1.47736
181 -3.8951
76 -5.88405
106 -4.15782
213 0.481674
319 -1.27921
255 5.62889
77 -3.78169
117 -2.90839
159 -4.83487
325 12.862
97 -2.76793
171 -1.35503
136 -3.17851
357 11.7625
170 -1.13319
150 13.2737
258 1.87964
104 -2.39141
167 -1.09912
342 25.9256
118 -3.42793
78 -2.70654
119 -3.08868
364 -58.0339
322 0.475555
106 -4.17106
85 -3.46146
288 15.7967
255 5.23615
291 14.4062
199 -0.587738
91 -4.78302
162 -1.26273
252 4.51611
126 -1.82474
198 -0.598404
120 -3.05685
131 -1.40736
59 -3.42922
76 -5.38508
172 -1.1568
345 22.3856
360 -5.75143
209 0.288925
216 1.27499
287 -5.37582
171 -1.42465
273 9.63055
317 11.6697
326 14.8724
140 -2.22803
54 -4.96376
237 1.86003
370 18.8124
366 -1.08215
167 -1.12175
284 12.077
76 -6.04702
361 -5.32507
280 8.62668
276 11.2843
53 -6.06133
298 -5.13785
315 43.6092
198 -0.755127
175 -1.03545
277 -4.116
333 11.9937
317 -6.00272
126 -2.91709
280 13.015
194 13.2399
369 -5.15527
294 9.31607
327 16.1281
145 -1.34917
221 1.83224
258 -0.315613
219 -0.940445
341 24.1913
194 -0.726913
108 -3.32757
338 13.339
47 -6.53644
119 -2.6615
12 -7.71344
274 8.77383
305 31.7584
92 -3.8727
77 -5.5366
91 -4.64317
361 -9.00159
353 -13.9614
253 7.25157
331 27.2984
340 -33.0502
194 -0.726852
343 23.4149
302 -2.72269
265 7.71161
241 4.3271
351 42.3987
365 -9.13724
319 -6.06259
253 7.24689
162 -1.23471
254 9.5675
223 1.42992
139 -2.36505
216 0.965805
325 22.0787
176 2.00317
331 -6.89188
278 26.0057
348 12.6548
223 0.888687
76 -5.32229
223 0.848801
274 10.4169
169 -1.03114
358 11.7407
350 34.9184
365 31.0969
151 -2.83649
335 28.5277
34 -8.22853
354 -38.6579
161 -1.43102
80 -3.58001
198 -0.598557
273 11.6505
212 0.513
253 7.21532
62 -3.24916
95 -4.36184
153 -1.50458
9 -12.5215
357 -9.034
352 -1.1279
350 34.9256
357 12.0421
315 -5.70337
360 36.6531
311 25.6966
364 -53.1527
81 -3.25912
191 -2.26239
327 16.1415
325 -6.46933
139 -2.3622
275 -5.67032
219 -0.976074
290 14.9126
351 44.8038
317 77.7862
197 -0.704559
72 -5.58973
367 49.8893
150 -1.48381
223 0.726135
224 1.36501
59 -3.4291
242 8.28662
337 29.4274
324 14.9273
120 -4.47234
273 11.6515
253 7.26437
349 -8.7948
357 11.8437
266 7.5535
201 -0.561981
155 -1.63632
242 6.23349
322 35.4841
86 -4.91434
321 11.8106
144 -1.78574
285 16.524
143 -1.68658
210 0.719116
348 -8.31583
219 1.46027
170 -0.993942
232 0.662445
175 2.42761
65 -6.47621
204 -0.239807
359 8.62338
307 23.8712
21 -7.71209
244 2.01102
70 -5.66909
327 16.1196
327 16.1344
176 1.95355
212 0.542877
365 15.778
303 -5.8266
351 -7.74722
360 9.60107
181 -1.0231
184 -0.940063
327 14.6697
293 -5.38745
121 -2.61195
49 -6.46127
360 -5.72647
290 -5.46448
59 -6.39888
330 15.1764
120 -2.9229
277 -1.30161
182 -0.981232
276 11.5996
301 26.149
327 10.1021
359 26.0831
112 -2.35593
371 -4.07758
365 30.6126
29 -4.79457
139 -2.36316
159 -3.91013
143 -1.6884
245 3.24374
168 -1.24062
123 -2.84161
341 21.9503
69 -4.89244
275 11.0896
355 -1.98575
185 -0.456604
161 -1.27495
189 -0.69455
26 -6.70545
168 -1.14125
299 22.1318
320 -19.8842
234 2.07907
267 7.13455
276 11.5779
263 8.73029
306 -9.6871
135 -1.93642
311 -22.9624
373 -1.47601
92 -4.16424
320 -19.7725
364 -53.2235
287 -4.77261
223 1.48935
315 -5.73111
38 -6.63744
327 16.4042
165 0.817474
292 10.8311
215 0.52092
87 -4.42096
336 28.099
107 -3.31018
321 16.5723
209 -1.08611
247 -0.471619
287 4.54108
217 0.528778
56 -4.99772
317 77.6892
105 -3.62529
340 -5.3721
305 32.047
310 -19.6152
269 9.04901
148 -1.42726
300 38.1794
290 -5.36612
206 -1.43327
358 41.8639
266 -1.79767
273 11.1667
185 -0.889267
251 5.45758
224 2.96581
288 -0.0325317
367 29.668
369 47.4437
296 10.912
167 -1.12701
275 11.0924
361 -12.8917
365 30.6045
18 -7.82522
339 34.1067
108 -3.75277
358 41.8853
126 -2.88128
368 3.26962
271 6.29764
176 1.96744
331 -6.95694
136 -1.82808
224 0.677887
227 4.23213
211 0.38031
59 -6.39901
58 -4.87587
188 -0.589935
269 -0.757629
365 31.096
236 3.30606
39 -5.0919
267 9.9967
294 11.7276
329 22.0508
348 16.9475
54 -4.96396
314 12.6306
193 -0.900024
353 -8.858
141 -1.55118
258 8.61945
182 -0.531494
274 8.77374
313 8.11945
195 -1.12209
18 -8.75788
351 44.6824
150 -1.27701
110 -2.87285
333 15.4014
360 17.6469
251 3.62616
307 1.82108
373 -12.0193
295 -0.410736
352 -15.1177
103 -3.69523
327 -5.42545
300 24.4255
271 7.53064
316 -0.976196
81 -4.20364
302 24.541
175 -1.15382
291 -11.9437
146 -1.56865
33 -7.96333
209 0.577454
85 -3.5636
360 -5.11285
321 24.3843
337 13.587
348 69.289
137 -2.25366
267 3.38223
19 -7.46412
328 -0.130402
228 1.53271
251 2.73279
262 2.98694
114 -2.9111
145 -1.6541
59 -6.39928
357 24.6626
133 -1.81924
301 -17.7527
75 -4.58269
156 -1.66182
40 -2.38144
371 25.2993
314 -5.302
249 5.11427
290 17.8532
208 0.202408
242 1.79744
96 -4.46853
334 27.5672
344 25.3692
54 -6.19657
250 0.677567
330 16.4934
140 -1.65657
123 -2.65559
275 9.56155
308 26.5146
136 -2.16367
160 -1.48523
277 11.3181
176 -0.626709
335 3.58707
275 -4.59528
163 -1.30432
254 5.63893
183 -0.856445
300 -1.79538
160 -2.03059
265 -2.41284
364 -0.757202
358 41.823
255 5.6196
373 -11.6483
370 -1.12802
373 44.0244
270 6.84344
328 28.483
257 2.28467
293 -5.63535
343 -5.85751
190 -0.89183
38 -7.8546
192 -0.802658
322 0.47229
367 -20.8433
276 12.521
371 34.0402
181 -0.9561
309 -25.4325
183 -0.944214
336 -7.84799
287 -3.53076
326 30.9415
250 2.37952
321 15.2863
303 -8.2384
190 1.11697
345 25.7189
163 -1.43019
125 -3.1355
203 -0.334549
318 -5.28513
315 52.533
337 21.2637
182 0.37236
343 24.2744
215 0.774643
329 67.2014
365 15.7513
240 2.06854
352 23.9227
308 14.9129
176 -1.14088
364 -53.2205
7 -8.37298
189 0.598984
312 12.6198
223 1.08466
247 0.457916
279 12.3261
221 0.59816
300 13.5017
321 11.8463
189 0.173004
185 -0.456161
156 12.1329
361 13.182
128 -2.61242
350 42.695
9 -13.6073
182 -0.924255
351 -7.36798
73 -3.85111
327 16.3917
55 -5.0942
281 13.9641
222 -4.60686
307 23.731
315 -6.33508
321 27.9489
85 -4.82637
349 39.7296
290 -1.8251
328 12.9552
338 13.2405
371 -33.3222
156 -1.46005
327 14.6803
163 -3.11276
173 -1.13419
175 -1.44618
322 -7.02042
217 0.915665
159 -1.20895
250 0.750427
135 -2.29453
297 -5.13358
306 -25.0831
340 4.17938
222 -4.60928
211 -0.0188446
159 -1.38092
289 12.6047
206 -0.542175
192 -0.802673
351 24.153
173 -1.07593
259 5.7486
215 0.966476
242 9.97437
159 -3.93295
342 4.88202
291 14.7249
127 -0.377045
282 0.253601
114 -3.8916
258 6.54114
327 -20.0918
51 -5.12096
311 25.6877
350 -3.42871
331 15.2664
105 -3.58932
194 -0.655945
291 12.1216
222 -4.6076
4 -9.48877
353 -8.65533
255 2.82623
119 -2.11754
151 22.8505
341 23.4099
155 -1.29001
325 -5.62357
176 -1.02594
247 0.457733
148 -1.22966
183 -0.663635
162 -1.26306
167 -1.16232
139 -2.36507
261 9.73169
340 21.6501
325 30.4232
68 -4.51633
150 -1.32376
225 1.50685
34 -6.33152
106 -3.56521
185 -0.45694
154 -1.39737
212 -13.5648
125 -2.98785
274 9.67206
275 9.55789
300 18.2348
238 5.75362
40 -6.13992
360 11.942
298 23.7485
361 -5.34027
187 -0.183533
238 5.75325
309 14.2505
201 -0.561859
253 7.24533
320 14.4952
354 -3.73737
241 17.5572
158 -1.34895
297 -5.46564
242 6.23352
39 -6.77936
323 19.5811
214 0.379166
297 21.1121
301 18.4251
277 -4.14017
308 34.0474
270 -3.18195
358 4.5141
314 -5.29684
352 -8.68823
352 23.9217
344 22.2448
185 -0.616425
235 1.53647
312 10.975
282 -4.67548
301 -5.13599
78 -3.50298
304 -22.0769
216 1.13501
139 -2.3633
159 -1.38109
81 -5.34248
360 -10.5089
213 0.559296
307 20.6033
220 1.11504
68 -5.63038
355 18.8288
171 -1.06136
132 -1.88608
254 5.63768
218 0.69136
373 -35.2479
322 35.4801
183 -0.66301
101 -3.49561
341 26.7572
241 2.72331
152 -1.61179
223 2.205
327 -5.70514
58 -5.06586
124 -2.47221
241 5.55397
342 28.8497
161 -1.29016
228 3.27068
282 0.253571
285 25.5197
249 5.98442
274 26.9029
60 -4.07756
296 10.4101
352 24.1553
96 -3.26984
334 -9.24307
322 35.4789
192 -0.80275
316 -5.66949
185 -0.461456
113 -2.38772
159 -1.11459
74 -3.18911
313 21.7069
329 18.1491
300 38.1931
165 0.823257
156 12.0769
250 7.27692
76 -4.31602
356 8.34158
372 21.946
159 -1.28374
352 23.9267
64 -3.13702
104 -2.32921
357 26.9917
146 30.4299
291 -1.82285
150 -1.29292
134 -1.85997
128 -2.46787
136 -2.19057
203 -0.164871
86 -4.37714
292 0.925476
358 11.7842
171 -1.14157
322 19.9888
239 13.9652
91 -3.7316
183 -0.651031
247 5.17177
192 -12.4813
175 -1.13315
367 -270.416
358 -10.7786
365 10.5325
350 34.9242
314 -5.34528
358 -15.2446
254 5.61063
363 9.94394
350 42.8052
357 8.29468
239 9.7085
329 17.5369
176 -1.01915
307 20.6187
259 7.61908
130 -1.9429
54 -4.96331
106 -3.87734
134 -2.46552
321 15.7562
307 -0.824646
365 -9.28226
201 -0.565872
312 30.3529
368 -25.8448
164 -1.20518
257 1.1915
189 -1.94231
297 24.3734
133 -3.06255
159 -1.20125
242 6.23351
193 -0.966187
195 -0.73761
169 -1.09009
139 -2.36351
358 -15.1285
18 -7.82447
283 -7.53433
178 -4.79465
369 47.4233
245 3.24196
223 1.50948
233 3.3567
356 60.738
136 -2.40201
216 1.10646
200 -0.367828
351 -7.55515
297 6.24911
217 0.360596
360 38.8538
176 -1.01796
365 15.7795
194 -1.60368
347 -14.2473
165 -1.21191
18 -8.62418
217 1.60831
262 -2.99072
150 10.2917
188 -0.768936
315 -20.7423
325 12.8136
281 11.2801
235 2.42619
321 11.8059
319 9.44846
332 -10.0995
220 0.121567
340 -3.54691
243 5.8291
225 1.09401
186 -2.0159
52 -5.84631
113 -2.83167
301 -5.32034
361 11.7542
311 3.97388
283 -13.2431
173 -1.29074
48 -7.00264
84 -4.73735
6 -10.1035
155 -1.2894
280 11.2355
336 13.5881
216 3.80917
235 2.65065
143 -1.7748
172 -1.05644
274 -9.61349
309 13.5506
87 -3.44919
345 25.7274
331 -6.56097
135 -2.37024
247 0.458191
355 40.4141
189 0.59903
199 -0.619995
330 15.3359
346 -8.15936
216 3.8091
136 -2.16325
262 10.7625
356 40.0468
359 8.62683
266 8.30914
253 7.35446
