104 0.616127
201 4.55818
66 0.301559
112 1.13558
30 -3.47144
161 0.973373
172 1.94365
48 -2.98104
44 -0.183918
115 -2.52411
98 0.870407
129 3.75256
39 -0.242661
38 -3.2809
166 2.19708
112 1.13141
82 -4.49222
115 1.15573
115 -2.52584
102 -2.57696
52 -2.40777
163 1.32097
44 -0.183914
38 -3.28043
52 -2.40765
84 0.695175
163 1.3228
201 4.56645
163 1.32263
67 0.28434
79 0.319756
117 0.127754
32 -3.07532
6 -29.4374
82 0.403763
78 -1.00574
109 -0.118652
84 -4.80067
67 0.256958
115 1.15691
276 4.03668
161 0.973831
18 -3.79226
88 0.728691
104 0.616684
133 -0.960709
83 0.703186
44 -0.183834
86 0.427223
149 1.44778
28 -3.5274
84 -4.80087
153 0.901276
41 -2.45584
103 1.02454
37 8.83399
38 -3.27711
137 5.00706
98 0.866821
32 -3.07661
67 0.259308
47 -0.178493
84 0.695015
39 -0.241207
84 0.695168
91 0.498222
38 -3.28098
48 -2.9811
25 -3.10743
100 1.00906
28 -2.83655
84 0.695168
104 0.614769
115 1.15598
67 0.242027
200 4.61162
46 -1.91247
81 0.315872
84 -4.80061
17 -3.61396
25 -3.11518
132 1.67784
84 -4.80083
83 0.29908
70 0.642273
6 -29.3346
52 -0.159348
175 1.58151
103 0.654099
76 -1.96204
35 -3.34322
37 -3.30505
115 1.15522
102 -2.52142
103 1.02161
36 -3.34478
119 0.923241
20 -0.602169
67 0.257149
68 0.640717
48 -2.9813
103 1.02446
112 1.14481
79 0.320297
83 0.299263
44 -0.183865
38 -8.40525
109 -0.113457
114 1.10788
161 0.9664
52 -2.40767
112 1.12838
25 -3.11593
66 0.215828
78 0.535706
107 -0.0168381
90 -0.57534
112 1.14698
83 0.703262
102 1.00796
104 0.61557
37 -3.30474
163 1.32094
20 -0.602541
163 1.6492
102 -2.49595
32 -3.11333
83 0.702774
77 -1.97487
18 -3.79091
38 -8.40492
100 0.956757
67 0.257851
118 1.38118
167 1.78938
169 1.9727
67 0.276039
49 -7.74208
49 -7.74207
115 1.15688
31 -3.40452
84 0.419296
148 1.72063
44 -0.183849
83 0.298744
20 -0.596371
163 1.65221
3 -16.4328
20 -0.599255
50 -0.212219
20 -0.59593
54 -2.60378
78 -1.00618
200 4.57559
86 0.623161
44 -0.183929
103 1.02448
69 -1.15792
18 -3.79146
23 -6.11269
102 -2.47314
106 -0.17157
9 -5.22044
87 0.445244
32 -3.11316
39 -0.241367
38 -3.27719
104 0.614861
103 1.02447
3 -14.6605
7 -6.20871
45 -0.256485
69 0.608055
115 1.15589
20 -0.60253
67 0.256813
104 0.614738
25 -3.10776
87 0.417107
84 0.695152
38 -8.40528
64 -1.43402
214 5.7103
104 0.615921
117 0.127754
103 1.02451
48 -2.98135
6 -28.7542
102 -2.47067
9 -5.21895
39 -0.241367
84 0.690445
63 -1.20787
50 -3.03294
48 -2.42167
164 1.87085
82 0.396698
112 1.12987
53 -7.33892
83 0.302902
122 0.822029
62 0.134911
38 -3.27709
56 -1.65451
39 -0.243244
137 1.48813
52 -2.40768
92 0.52459
42 -8.01563
103 1.02451
80 0.370232
37 -3.30495
83 0.656898
119 0.924438
5 4.64373
77 -1.97446
47 -0.275822
63 -1.3727
79 0.316231
15 -10.4459
104 0.614838
300 3.10318
93 0.493614
32 -3.11325
8 -3.87385
76 -1.96208
64 -1.4376
111 1.0876
62 -1.53442
15 -10.4458
36 -3.35201
52 -2.40761
49 -7.74286
144 1.76332
163 1.32396
8 -3.87474
47 -2.42159
78 0.689697
117 0.127953
112 1.1271
28 -3.05182
126 1.47631
63 0.17387
49 -7.73253
132 1.67792
22 -2.82061
61 0.549561
141 1.72961
117 0.12809
104 0.615738
117 0.127869
53 -2.73177
20 -0.602831
111 1.08778
84 0.695137
69 -1.15895
299 -1.84506
54 -2.60322
98 0.861008
64 0.556076
62 0.563316
12 -4.83541
239 8.14778
166 1.87576
9 -5.18964
66 0.553955
18 -3.79094
44 -2.81602
76 -1.96188
67 0.639038
119 0.930412
169 1.97284
43 -6.80431
61 0.12981
22 -2.51493
214 5.71059
3 -3.65128
74 -13.4559
6 -29.3575
123 1.46815
32 -3.11325
20 -0.601322
48 -2.98105
117 0.127991
292 -0.529999
48 -2.98129
102 -2.57758
179 2.98979
39 -0.241257
8 -3.87407
119 0.904976
104 0.614632
163 1.65158
111 1.08768
25 -3.11554
49 -7.73275
108 0.670456
58 0.451214
37 -2.59709
56 -1.65422
60 0.0968094
60 -6.96018
57 -1.55629
292 -0.527191
44 -0.184654
44 -3.93922
84 -0.77523
63 -1.21191
76 -1.96171
161 0.966003
32 -2.70781
44 -0.184387
14 -5.50381
132 1.67876
56 -1.65396
8 -3.87404
20 -0.60243
44 -0.184498
115 1.1568
184 3.47409
193 1.80757
3 -14.6594
44 -0.183933
152 1.72934
69 -1.15849
18 -3.79226
129 1.46581
52 -2.40778
156 1.78706
65 1.51292
67 0.280251
144 1.76328
75 0.578163
77 0.651619
38 -3.27966
5 -3.60024
103 1.02447
64 -1.43746
101 -0.339104
25 -2.94121
125 1.3759
42 -3.99989
84 -2.47401
37 -3.298
68 0.173477
49 -7.74275
43 -6.95193
111 1.00463
39 -0.242947
117 0.127945
84 -4.79983
82 -0.903648
24 -3.49604
30 0.22179
31 -2.41643
87 0.690559
44 -1.2752
135 1.59085
44 -0.183743
97 -1.26822
118 -1.21222
98 0.637146
80 0.29258
25 -3.10751
53 -1.99993
69 -2.84525
109 -0.118248
83 0.385841
35 -3.32773
137 5.0078
44 -1.27444
163 1.65077
24 -3.49649
55 0.532879
9 -4.18425
69 -2.82762
48 -2.42145
166 1.8763
62 0.585648
93 0.476852
156 1.76265
102 -2.47083
23 -3.47998
88 -3.34669
63 -2.88877
44 -1.27436
48 -2.98115
129 3.82202
34 -4.60666
36 -3.35065
83 0.304031
27 -4.42095
56 -1.65524
163 1.32112
156 1.75856
212 2.00417
118 -1.21199
93 0.519707
68 -2.84312
77 0.370285
30 -3.14969
120 0.851913
129 1.86368
49 0.44915
24 -3.49618
104 0.686806
163 1.64857
37 -3.30506
37 -3.30491
8 -3.8745
56 -1.65421
77 0.491539
29 -3.58512
77 0.59568
56 -1.65541
44 -0.184376
115 1.15694
17 -3.61877
13 -3.96024
80 0.271957
31 -2.4237
67 0.260536
165 1.92607
115 -2.52468
14 -3.39868
39 -0.213524
84 0.694908
151 0.685196
68 -26.0789
104 0.614792
37 -3.3498
139 1.78551
107 4.12981
58 -3.36595
44 -0.183891
128 4.06421
51 0.464813
15 -3.41458
8 -3.5421
165 1.87265
53 -7.3355
83 0.303322
42 -6.85025
41 -2.46458
15 -6.87725
154 1.73329
267 13.367
177 3.2184
54 -2.60392
102 -2.57812
8 -3.87407
74 -13.4557
125 1.4575
41 -2.45753
311 3.50092
11 -8.16271
249 6.29379
64 0.193169
25 -3.10883
64 0.553085
245 9.09418
165 1.95697
99 -0.262413
77 0.334846
2 -17.7095
58 -2.20342
115 -2.52474
63 -1.20792
44 -1.2736
38 -4.67635
119 0.929863
151 1.71095
57 -3.96066
53 0.529037
104 0.68586
15 -10.4456
24 -3.49629
89 -3.53582
162 1.7348
137 5.00752
112 4.63767
78 -1.00631
52 -2.40761
96 -0.411751
101 -0.340233
63 -2.88802
163 1.32137
82 0.396446
88 -1.3299
48 -2.42208
83 0.703522
68 -2.84311
119 0.929832
137 5.00829
141 1.69043
10 -1.40617
52 -3.03199
76 -1.96191
3 -3.65788
119 0.930267
44 -1.27505
70 0.615646
3 -14.6594
11 -5.00972
173 1.98817
2 -13.4023
3 -25.5254
46 0.30032
86 0.752563
57 -2.21572
258 12.656
264 5.57962
117 0.792862
71 0.213585
305 3.26636
50 -2.47942
82 0.36071
157 1.78342
56 -1.65516
109 -0.119225
67 0.261024
203 1.88699
101 -0.338684
285 -22.0639
6 -28.7431
144 1.74245
260 14.6628
285 -29.0988
78 -1.0061
84 -4.79996
80 -3.72575
330 4.32028
104 0.614761
66 0.277863
57 0.0281334
292 -0.517853
67 0.282593
49 -3.12176
102 -2.50914
72 0.675339
105 -0.150887
264 5.58261
44 -0.184456
53 -2.03534
132 1.67908
11 -3.80318
330 4.27115
52 -1.86773
200 4.57603
112 1.13141
3 -4.54567
103 1.02451
31 -2.42373
116 0.805679
22 -2.81998
8 -3.87413
16 -4.08616
129 3.91408
69 -2.82885
74 0.264465
12 -4.82691
83 0.70356
42 -6.41851
156 1.76193
84 -1.49422
8 -3.87402
174 1.91064
177 1.80502
245 9.09236
172 1.94484
31 -2.41211
69 -2.82928
91 -4.11787
25 -3.10737
177 1.80534
104 0.614922
137 5.00781
6 -51.3008
48 -2.65678
102 0.626671
6 -17.3128
37 -3.30489
18 -1.51307
11 -2.75134
8 -3.87397
32 -2.7063
41 -2.45567
102 1.03823
139 1.78604
31 -2.41494
80 -1.67432
68 -2.84307
52 -1.86882
41 -2.46476
305 -1.60532
52 -2.40767
304 -4.25656
193 1.80766
52 -1.8668
133 0.467545
16 -2.71566
141 1.69054
165 1.74103
63 -2.90343
169 1.97299
4 -4.16409
166 1.87532
212 2.00433
38 -3.28062
4 -4.99587
13 -7.48208
144 1.74272
145 1.7682
139 1.78604
101 -0.338982
52 -1.86715
271 22.1616
151 1.71941
73 -2.8365
196 -0.336227
68 -2.84289
32 -3.11336
100 -0.578537
37 -3.17918
68 0.136002
84 0.69519
4 -6.09801
109 -0.125694
34 -4.60671
139 1.7643
98 -0.933525
25 -3.11572
5 -4.41602
60 -6.96015
3 -14.6599
69 -1.69528
59 -3.68904
104 0.614769
53 -2.03469
39 -0.243248
204 4.73671
96 0.754105
94 0.597603
150 1.72591
125 1.49641
196 -0.33696
53 -0.0224876
178 3.16187
88 0.396545
65 0.180923
46 -2.46751
75 -2.89157
104 0.615891
56 -1.65519
48 -0.141972
68 -2.84316
132 1.67789
158 1.77406
12 -3.03206
6 -4.4074
98 -1.15008
158 1.7843
104 0.615929
156 1.76233
119 0.923279
31 -2.42359
12 -4.96714
48 -2.42162
68 -2.84303
57 -1.55658
104 0.615143
87 -5.54189
31 -2.40922
54 -2.6038
20 -3.15542
23 -2.82222
4 -4.71548
2 -3.19004
239 6.79088
149 1.448
156 1.76221
177 1.8795
102 0.305862
44 -1.27432
114 1.09881
156 1.76257
58 -2.24357
41 -2.45631
60 -6.96025
53 -2.03414
137 5.00751
100 0.556175
15 -10.4454
134 1.5152
45 -2.53171
163 1.6506
15 -7.44748
275 15.3215
163 1.64288
125 1.52207
71 -2.05084
370 -3.60489
237 8.19801
10 -4.21411
9 -4.18581
57 -1.55608
65 -6.32138
32 -4.8177
90 -11.8053
36 -2.83913
20 -2.60057
148 1.72322
319 31.6603
50 -3.14017
24 -3.72132
115 1.15596
278 16.6989
13 -4.11398
38 -4.08047
167 1.80202
23 -3.47907
245 9.09215
345 5.01291
60 -3.23955
62 0.141891
23 -2.82256
48 -2.41934
69 0.482986
68 -2.8432
1 -3.68321
117 0.128143
185 2.01773
116 0.801567
68 -2.84311
80 0.65139
185 3.45277
147 1.81213
55 0.0332832
76 -7.09592
23 -2.81997
54 -2.60319
212 2.00414
137 5.00732
89 -1.25758
90 0.782951
52 -2.44975
35 -2.47065
6 -2.89074
192 1.69359
10 -4.18149
239 8.14758
41 -2.45707
23 -5.0413
21 -9.90397
104 0.615341
151 1.72093
37 -3.30486
107 4.13067
76 -0.790253
44 -1.27499
297 5.54037
102 -2.47024
73 0.656616
151 2.38969
9 -4.15618
23 -2.83968
44 -1.2748
37 -3.30495
83 0.702354
98 0.550064
98 -1.19229
101 -0.339043
87 -5.01365
43 -2.59103
1 -4.56819
94 0.670135
366 30.2777
30 -3.14344
60 -6.95989
58 0.51532
179 2.04344
335 40.3044
56 -3.40948
52 -1.86726
54 -2.604
80 0.287415
104 0.614723
112 1.14695
32 -2.79834
69 -1.15839
76 -0.790466
81 -6.17233
69 -1.15829
57 -0.0525703
100 -3.27568
87 -1.48814
163 1.66376
11 -8.40053
157 1.38345
15 -10.4458
276 15.1546
156 1.76184
195 5.70187
53 -2.85678
66 0.188995
69 -2.82237
311 3.52136
31 -2.41669
176 1.8347
53 -1.9987
13 -4.11579
366 30.2799
5 -2.99016
60 -6.9593
101 -3.34765
38 -3.28097
34 -4.60664
122 1.42717
31 -4.91919
15 -11.0681
55 -1.82315
223 7.09059
282 17.9665
165 1.87273
6 -17.41
190 3.92616
70 -3.01199
75 0.300079
211 3.97751
91 0.557884
169 1.77328
74 -13.4553
192 1.69377
13 -37.0257
62 -2.00969
169 1.35493
118 1.4339
57 -1.5563
91 0.487114
180 1.41309
63 -1.20737
9 -4.157
4 -3.03406
158 1.7928
312 -4.19455
107 4.12505
138 1.5256
54 -2.60303
69 -1.15806
143 1.77145
246 8.63034
246 9.70143
0 -11.5883
196 4.13568
281 3.06781
74 -33.7939
261 7.92307
137 5.00737
98 -3.59081
177 1.80568
56 -1.3038
53 -2.03568
285 -19.8469
132 1.55626
21 -9.89891
114 -2.51725
62 -3.17084
167 1.79442
23 -3.48008
292 20.1301
67 0.219147
99 0.593086
193 1.80763
47 -2.42368
232 1.97783
64 -1.76175
117 0.127777
161 0.966507
226 1.61096
195 5.7079
11 -3.79161
32 -0.279341
62 -2.59182
163 1.65245
48 -2.98099
18 -1.51516
34 -4.60665
23 -3.48058
7 -4.2545
54 -5.18638
303 1.60251
46 -1.79719
325 1.63531
100 0.399277
2 -20.1742
52 0.527569
44 -0.184357
154 1.66418
154 1.60728
169 1.66997
60 -6.95988
324 32.6476
305 3.26874
44 -3.82477
156 1.77643
200 4.61272
52 -1.86705
158 1.81116
156 1.76265
41 -2.46431
13 -4.11603
80 0.331833
77 -4.68336
99 0.316711
153 1.33418
76 -0.790421
34 -4.60642
330 4.32077
275 3.76492
31 -4.81861
69 -1.15791
37 -3.20741
49 -7.7424
23 -3.48366
153 1.30869
158 1.78751
56 -1.8733
6 -5.35761
153 2.03726
10 -3.56806
12 -3.9276
89 0.441376
41 -2.45675
44 -2.06107
53 -2.03498
37 -3.26881
176 1.83475
100 1.00386
225 5.20056
21 -3.3706
63 -3.29028
94 -4.24774
21 -41.8005
21 -9.90413
177 1.80458
276 4.03192
46 -2.50135
2 -4.53892
170 1.87056
281 5.85287
32 -2.7077
303 25.9198
274 15.3202
48 -2.98109
48 -2.42167
9 -5.22129
38 -3.27937
5 -4.16847
286 -20.4791
31 -4.77119
59 -3.10671
184 3.38234
20 -3.85741
99 0.316689
52 -1.86784
177 1.87958
148 1.72318
101 -0.340363
69 -2.82864
245 9.09399
48 -2.41938
170 1.94536
83 -0.806061
98 0.790894
86 -4.95014
44 -4.92583
98 0.702011
50 -2.4466
85 -6.07884
72 0.466888
41 -4.07297
9 -4.18831
18 -4.15934
119 4.74377
57 -1.55654
368 88.3658
52 -1.86843
72 -3.00703
56 -1.65422
132 1.51599
303 25.913
323 32.783
118 -1.21161
69 -2.82835
41 -2.45903
2 -3.10603
177 1.9362
41 -2.45696
17 -3.61505
144 1.76387
20 -9.95363
26 -3.08491
18 -3.79084
59 -3.35637
93 0.70282
113 1.22527
69 -2.82516
299 -4.71024
156 1.76266
69 -1.15836
38 -3.28114
53 -2.0349
196 4.13567
149 1.32065
5 4.66037
74 -2.92674
222 6.73071
79 -5.91673
83 0.304382
325 86.2661
31 -2.41624
166 2.20087
44 -1.275
141 1.72896
250 6.68683
60 -6.95986
235 2.40088
142 1.60121
25 -3.11562
7 -4.31989
2 -4.52791
55 -32.7945
319 31.662
131 1.6239
53 -7.33883
256 12.0205
63 -1.20331
173 1.98846
24 -3.46836
166 2.19771
35 -3.33435
63 -2.88672
23 -3.47976
63 -1.20759
191 1.73338
63 -2.88771
345 6.01361
359 10.4612
7 -2.99543
68 -2.84322
2 -6.26973
67 0.637634
91 -1.76086
96 0.580368
31 -4.76961
53 -2.03519
33 -2.5124
70 0.284775
226 4.5215
32 -4.81617
277 10.3889
23 -3.47952
345 5.00885
69 -1.15904
149 1.44795
9 -5.20411
12 -3.76429
120 0.664467
92 -4.57566
202 2.75365
76 -1.96136
115 -0.647934
71 -18.0802
134 1.53293
95 -4.12196
32 -2.70828
276 4.03192
22 -3.54725
25 -3.11567
10 -2.79974
32 -2.70796
148 0.625565
55 -32.7941
44 -1.27546
54 -1.90131
119 0.927032
170 1.75394
312 3.50034
25 -3.11569
243 7.26013
1 -4.54589
139 0.373917
126 -0.363205
256 10.5148
57 -3.20646
284 -7.77658
299 -5.13525
75 -3.94604
318 2.49146
36 -3.35049
157 1.77513
201 2.57994
52 -4.99211
8 -2.90772
153 0.759781
144 1.77554
303 25.9128
9 -5.21409
298 -4.10678
157 1.38345
34 -4.60661
47 -3.93238
252 9.51312
242 7.57564
198 3.5663
105 0.653885
318 2.49545
141 1.60733
239 8.14781
119 0.924126
70 -1.89005
160 1.84013
110 0.562248
7 -2.89852
235 2.40048
284 7.72147
25 -3.62128
182 1.99059
303 25.913
211 5.41508
52 -1.86692
2 -4.73145
235 6.28108
3 -14.6651
139 0.375748
38 -8.40526
12 -3.46122
34 -0.245483
284 18.5273
344 79.7158
99 -0.40255
259 13.1826
21 -9.90454
19 -4.8868
24 -3.49605
223 7.09097
53 -2.03527
181 1.96864
235 2.4008
235 2.40028
155 1.77954
168 1.80046
163 1.65213
11 -8.15973
22 -4.89583
172 1.94406
267 3.5751
284 -8.13019
75 -3.93959
96 0.570717
76 -2.8391
222 6.7224
54 -2.2057
141 1.7294
32 -3.07655
261 13.5674
159 1.82011
48 -2.41949
276 4.03528
164 0.911835
141 1.7296
156 1.76283
213 3.7516
55 -1.0378
59 -2.71989
58 -3.3958
64 -1.76162
76 0.353745
55 -3.52114
32 -9.0274
154 1.37537
10 -1.40619
3 -9.80886
177 1.93559
69 -1.15807
305 -2.38489
35 -3.32697
298 -8.4379
197 0.509003
179 2.00002
3 -4.501
68 -1.87038
183 1.99295
169 1.66811
61 0.562607
17 -4.57749
98 -0.927231
34 -4.60686
23 -3.48087
196 4.1357
332 36.426
247 8.06564
34 -4.60658
68 -2.8431
157 1.38359
12 -4.6116
67 0.252235
71 0.681343
265 12.2782
286 4.25964
1 -12.3397
239 4.9799
32 -9.02401
7 -18.2231
288 18.2487
161 0.96785
269 6.37387
212 2.0043
373 -13.9423
177 1.8058
4 -3.04058
31 -2.42442
80 -6.22671
172 1.75116
276 15.1547
68 -3.09663
291 2.37274
224 7.32127
303 25.9128
109 -0.176659
127 -2.32017
117 0.127571
13 -3.94277
264 5.58185
105 -0.880402
202 3.61922
133 -0.960434
52 -1.86893
226 4.52135
8 -3.87389
174 2.08792
17 -3.6152
4 -4.54422
279 -21.4333
176 1.83363
77 -1.97448
317 -23.1338
77 -2.69557
235 2.40013
56 -1.65408
243 7.15103
6 -28.9162
106 0.612274
51 -2.45964
177 1.87946
229 7.47943
199 2.5282
53 -1.99709
184 1.93907
111 1.1207
317 -23.1342
1 -4.87143
23 -2.83067
373 -3.01804
34 -2.2724
195 5.70586
7 -4.32723
222 4.65967
157 1.79057
69 -1.15849
9 -4.20175
185 2.01784
206 3.05734
9 -4.15507
56 -4.28878
34 -2.99838
11 -8.16036
23 -2.8309
328 16.3268
193 1.80746
37 -2.77959
292 2.08289
305 14.1428
66 -3.10096
47 -2.42476
267 2.50986
115 -0.648094
26 -3.08912
109 -0.121071
240 8.45325
104 0.616142
63 -3.51062
7 -9.93131
218 4.31763
6 -4.27519
277 3.77228
69 -2.82947
368 88.3236
308 10.3491
256 8.6199
129 0.303131
66 0.209976
39 -8.47044
166 2.19765
57 -3.45094
12 -4.12244
173 1.9883
48 -2.42181
28 -3.56307
23 -2.84433
303 10.4729
61 -3.63606
169 1.66423
19 -5.72782
34 -4.60673
31 -2.41649
172 1.87051
243 5.04965
37 8.80679
152 1.47839
242 8.33112
222 6.7211
326 5.29004
211 3.97746
25 14.4777
98 0.568214
279 2.00409
36 -3.34495
24 -3.49597
303 -2.26517
49 -4.8675
42 -6.04205
60 -6.95841
46 -2.47756
141 1.72902
211 3.97775
373 -16.7691
34 -4.60656
174 1.91945
93 -1.36463
307 -1.98108
40 -0.99324
98 -1.07491
34 -3.25439
63 -1.37232
303 25.9126
224 5.70624
81 0.464287
352 -11.2769
111 1.65111
11 -8.16061
263 13.5691
250 10.4115
139 1.55315
110 -1.05801
4 -4.42338
131 -1.26714
118 -1.21173
261 7.9238
229 -8.8611
143 0.85141
223 7.09056
35 -2.96678
269 6.3736
304 3.55511
193 1.80757
8 -3.87394
92 0.637199
107 0.965408
49 -7.73274
27 -9.63328
49 -3.1552
318 2.5032
52 -3.31596
71 -1.75328
37 -3.30538
165 1.76874
66 -2.16575
31 -2.41749
350 -0.248108
188 2.2691
11 -8.15976
339 3.09348
300 3.19571
204 4.73665
44 -2.53596
259 13.0788
132 1.54004
69 -2.82977
326 5.284
119 0.930145
300 3.10318
308 -0.100769
69 -2.8289
248 7.60487
93 -0.490356
211 3.9778
5 -50.6065
309 4.73691
331 -1.3367
141 1.72894
144 0.848099
223 7.09088
68 -2.84311
35 -3.38994
153 0.879745
318 2.49469
6 -17.3134
246 10.08
38 -2.74242
114 0.0435791
157 1.76234
45 -3.98837
25 -3.11552
285 -30.2719
370 -3.61063
129 -2.13239
171 1.92462
350 -0.251831
200 3.66988
211 3.97752
202 2.75357
249 8.17053
106 0.893501
218 4.2301
24 -3.49629
171 1.94177
211 3.97768
264 5.5813
77 -1.97444
324 97.5835
176 1.78609
53 -2.36851
103 -0.233528
98 -1.01687
177 0.0809021
101 -0.265503
241 12.8829
139 0.536774
41 -2.78175
34 -3.5174
202 2.74802
214 5.9023
335 5.23932
133 -0.960434
15 -10.4456
8 -4.01643
117 0.128105
129 1.50905
308 4.29257
71 -5.69331
261 13.6583
52 -3.72567
50 -2.41981
284 7.68848
173 1.9886
34 -4.60654
95 -4.41088
294 -3.52826
240 2.0105
84 0.448006
218 4.50475
188 1.78587
210 5.14627
128 0.31395
54 -0.150799
308 4.46643
317 -23.134
53 -1.99971
307 2.74457
77 -1.97482
153 1.89935
305 10.6054
303 25.9127
44 -4.11821
284 7.67419
252 7.74207
49 -2.48774
29 -3.5748
168 1.60291
191 2.16371
54 -2.60303
52 -3.63985
57 -1.55655
11 -8.17959
299 25.6761
177 1.9229
25 -3.43314
10 -3.50166
61 -2.24319
99 0.316551
63 -1.20482
271 16.7357
305 1.23694
303 25.9128
258 5.21143
63 -1.38496
19 -3.87671
175 1.57851
111 1.10736
195 2.17665
222 6.66544
118 -1.21174
119 0.910622
159 1.92204
181 1.77324
277 -0.174805
200 2.51791
140 0.759033
149 1.448
13 -3.89881
330 4.3205
63 -1.7315
305 3.27032
31 -2.40185
196 4.13564
242 7.57584
341 2.01675
260 14.6683
284 17.8305
156 1.76222
40 -2.76165
64 -1.76311
258 -17.0056
191 2.16371
305 3.26901
23 -3.48042
37 -3.37634
185 2.01752
109 -0.114479
317 -23.134
157 1.35031
71 0.24218
158 1.81743
309 0.627869
317 -23.1342
39 -3.35032
99 0.316742
185 2.01741
169 1.56807
345 6.03189
63 -1.37591
6 -51.3066
83 0.312416
23 -2.83316
103 0.631241
172 1.94392
53 -3.55102
84 -6.62203
178 1.94269
47 -2.42301
341 2.01627
6 -28.7583
5 4.64542
118 -1.21266
10 -1.40607
68 -2.843
105 -0.219597
209 3.3381
298 -8.45215
153 1.3087
144 1.63148
99 -2.59306
277 10.3867
303 7.82019
118 -1.21252
331 1.91602
338 -0.113251
285 -29.0507
44 -1.27512
115 1.15542
93 0.493652
352 104.547
42 -2.71239
265 -20.5798
1 -12.1354
111 1.65072
292 -11.5447
128 4.07274
155 1.29593
74 -1.94502
21 -9.90459
183 2.02405
175 1.57755
300 26.9959
292 -0.517303
26 -39.2813
9 -4.15423
110 -1.05797
6 -51.2981
243 5.04947
78 -1.00577
291 -0.484314
55 -2.35929
266 14.1015
30 -3.561
50 -4.23668
173 1.95836
165 1.51794
48 -4.91217
238 8.43028
35 -2.45264
245 9.09406
292 -0.522644
13 -3.66151
53 -1.56506
205 4.74789
151 1.37819
105 -0.220665
191 2.16368
177 1.8795
173 1.91368
270 4.66669
63 -1.19791
206 3.36943
211 3.97774
276 4.03436
319 31.662
11 -8.1634
296 -4.49799
22 -2.82323
38 -3.27766
292 -0.517792
166 2.19789
98 -0.927155
238 9.16196
132 1.63651
21 -44.4451
202 2.75284
317 -23.1342
352 104.524
107 0.936577
261 12.3604
211 3.97766
101 -3.35201
149 1.44728
174 1.95726
174 1.69592
169 1.6692
243 5.04904
295 0.344818
202 2.57565
148 1.72066
175 1.58081
176 1.83479
110 1.08849
236 7.93738
300 3.10318
34 -4.60641
18 -3.77307
276 4.03625
226 6.47723
269 16.6568
181 2.06622
204 4.73669
173 1.98849
63 -1.37214
303 26.9317
282 0.75058
250 6.70634
118 -1.21216
224 2.53493
157 1.38339
128 0.260574
240 2.01201
276 4.03778
109 -0.121399
217 5.51814
141 1.72893
58 -0.0865173
2 -4.68478
56 -0.128185
40 -2.77711
68 -1.36571
45 -2.34005
64 -1.51313
177 1.80586
177 1.93616
258 6.98727
353 12.1467
156 0.802521
5 -0.92245
298 2.74228
107 0.965439
295 -3.5076
28 -8.2238
243 7.2375
56 -1.65394
200 4.57518
24 -3.49714
181 2.03033
149 1.61179
114 -2.48779
76 -0.79007
25 -2.96395
169 1.66487
338 -0.114563
127 1.3414
53 -7.33895
50 -4.68059
276 4.0354
74 -13.4564
259 12.6998
233 7.42635
169 1.66982
181 1.74023
176 1.78639
75 -3.1974
305 5.33121
144 0.0385437
22 -4.11789
18 -3.79148
290 18.2007
307 3.50015
3 -3.8718
200 4.6118
119 0.927284
165 1.87323
261 13.1735
139 0.680862
84 -7.05387
312 3.49719
43 -2.52764
201 4.56764
67 -1.4085
10 -3.99249
169 1.9277
276 15.1546
359 9.99716
38 -2.78281
113 -0.213593
259 15.2914
209 5.27132
12 -7.38357
236 12.3438
24 -3.49599
299 -5.34119
243 5.04951
111 1.08775
149 1.44753
268 -0.278412
177 1.8795
173 1.9884
100 -2.19807
257 14.1447
248 8.11536
53 -2.0555
163 1.32268
138 -2.00198
212 -2.17538
89 -1.14896
200 4.51352
359 10.2886
90 -3.14724
176 1.786
260 14.6739
292 -0.515686
11 -8.17151
76 -0.789856
195 5.70593
16 -2.71888
359 10.0924
58 -0.0719833
28 -3.56987
84 0.694969
200 4.57474
59 -2.70685
319 31.6612
246 8.14238
169 1.97284
196 2.70943
192 2.39278
178 1.78499
242 7.57011
312 -1.94012
44 -2.60607
249 6.29675
243 9.71851
12 -4.83606
71 -1.30383
162 1.05826
129 1.27011
260 14.662
195 2.57242
149 1.44676
363 21.3032
177 1.45885
328 7.36612
195 2.57167
29 -0.344841
319 2.01453
283 0.272369
79 -4.15414
198 2.98793
16 -1.42927
280 3.47922
245 9.09404
88 -3.48657
99 0.316505
47 -2.55606
328 7.3598
117 0.127937
149 1.44795
50 -2.49566
252 9.50838
89 -13.0066
111 -0.243988
48 -2.98133
346 70.7434
192 2.29926
48 -2.41938
87 -3.42206
111 1.65079
301 -5.48529
113 -2.31999
175 1.31154
262 9.62549
115 -2.52466
239 8.14742
53 -3.50008
233 4.98315
161 1.10155
11 -8.16245
174 1.91458
5 -27.4336
105 -0.257614
245 8.78778
341 2.01797
241 7.76007
44 -8.94981
230 4.6993
211 5.31886
295 -3.50748
82 -5.83221
30 -5.52945
338 -0.114685
34 -4.60654
161 1.10211
149 0.773254
307 7.43137
214 5.34879
222 4.83325
219 5.7728
159 1.89429
338 -0.113251
176 1.78629
84 -0.759476
363 21.3203
177 3.21829
173 1.45148
7 -4.64815
19 -2.58477
328 7.35916
329 0.332825
19 -22.8156
304 -3.04538
258 -17.0634
87 0.664635
202 3.5804
4 -5.22619
352 104.54
265 6.08575
285 0.264984
264 14.979
177 1.80489
76 -0.789894
52 -4.41835
18 -3.79226
259 15.2921
76 -0.789955
187 2.35168
197 2.3141
306 27.9991
48 -2.46932
298 11.0185
185 2.01736
32 -2.70778
170 1.80356
193 1.80754
180 1.76578
239 12.7217
118 -1.21249
176 1.83488
177 1.72447
326 5.27917
182 2.1093
173 1.98839
208 4.99164
257 14.0745
32 -3.2642
261 12.1427
169 1.66573
47 -2.5547
262 13.3518
30 -3.11063
243 5.04935
128 -2.23347
84 0.581032
330 -0.228394
141 0.76915
252 9.51172
157 1.88091
301 28.0226
224 6.30809
318 2.49753
185 2.01775
341 2.0426
69 -1.15881
68 1.73695
99 0.316895
223 10.6372
31 -2.41688
352 104.604
202 3.17589
17 -3.79895
278 2.83807
60 34.3125
110 0.677505
28 -8.27176
12 -7.38138
53 -1.99924
256 7.91714
185 2.01781
301 24.4421
206 4.89128
169 1.67078
23 -3.48521
196 -0.337448
89 0.772087
224 5.58397
326 5.28833
178 1.90613
303 12.6564
110 -1.05943
150 1.90636
200 2.47916
7 -9.93287
67 0.28537
373 0.450531
356 -0.724152
174 1.69557
1 -3.66561
3 -8.52489
99 0.316658
113 -0.202927
289 -0.0793152
236 2.69185
169 1.66406
335 5.25446
32 -1.06801
17 -3.79892
92 -3.49592
33 -1.79334
147 1.64131
190 2.49437
275 4.85577
342 -10.5533
327 34.4574
162 1.77087
242 8.9855
127 1.18669
250 6.73152
223 5.3472
197 0.501297
197 3.79099
76 -0.790375
103 -3.27111
133 0.65181
264 13.1979
280 11.1175
249 6.29698
169 1.97298
140 0.514328
317 -23.134
161 1.8278
54 -2.12483
39 -4.95879
173 1.98848
169 1.66891
352 0.211578
216 4.46919
140 0.528015
302 7.85748
210 5.13142
164 0.92485
211 3.87843
153 1.80408
197 2.30286
118 0.176285
278 2.8385
164 0.991547
88 -3.48791
107 0.965485
169 1.58896
242 7.84303
187 2.0453
204 4.10127
264 8.75937
298 -8.44907
248 8.37854
78 -1.00582
18 -3.79128
233 7.53688
119 0.924637
70 -2.36414
272 -1.98123
100 -0.665451
225 5.88625
105 -3.53211
111 1.09321
193 1.80762
252 7.50232
48 -1.64837
88 -0.542374
174 1.93159
100 -0.58149
305 6.06638
104 0.615448
280 2.99112
289 -12.0346
67 -3.23132
1 -6.20911
105 -0.879616
87 -2.43153
185 2.01814
140 0.422058
201 2.78438
118 -1.2125
140 0.504196
162 1.6882
212 4.07338
214 3.57947
264 12.9749
11 -2.8945
36 -5.28917
326 5.29056
198 3.73442
58 -0.0225868
204 4.73657
113 -0.369339
209 3.18112
117 0.128029
300 27.8343
200 4.61136
353 0.269501
214 5.71114
177 1.87941
312 -4.27847
237 7.93756
237 7.2504
312 -4.23584
118 -1.2123
370 -3.60239
67 -7.01965
87 0.659737
162 0.918854
6 -29.3201
141 0.776199
203 3.74532
160 1.66061
300 3.10367
41 -2.74493
128 -1.60677
175 1.58093
224 7.32297
255 8.36682
269 6.3736
204 4.87198
304 15.8876
132 1.67799
254 5.87527
177 1.72456
192 2.24487
59 -2.76448
164 1.75739
297 5.52649
177 1.72411
177 1.92975
142 0.581604
142 0.738342
83 3.06017
228 5.75104
187 14.5835
302 24.8528
258 -9.0435
193 2.63379
169 1.66434
76 -1.96175
184 2.08395
338 -0.112732
254 5.35461
279 2.8223
318 5.79523
172 1.81294
202 3.93806
254 7.7001
101 -0.33902
148 1.72061
251 9.5397
118 1.05068
343 -5.22263
20 -10.9854
222 4.66696
291 2.37234
191 4.8882
177 1.8047
286 4.2598
153 1.30855
285 -30.2677
53 -2.03914
198 3.56747
294 -3.53073
74 -1.50198
222 6.72256
193 2.08504
352 -11.2786
291 2.37213
18 -3.791
59 -2.75331
226 6.79245
74 -5.32643
203 3.65247
22 -6.36092
185 2.01793
332 -1.42682
359 10.1655
69 0.769363
100 -2.0425
285 -30.2399
312 -1.94186
334 14.3141
234 8.19548
251 6.63104
276 4.03439
252 9.5276
244 7.63171
285 -30.2483
331 1.71088
242 7.5705
307 -2.92572
161 1.71146
284 7.97372
204 4.73692
82 -5.8327
341 1.26706
38 -3.27737
52 -2.06479
198 3.5667
269 7.17242
278 1.31223
100 -0.577805
206 1.30669
230 4.69968
42 -9.03287
157 1.9194
269 6.37387
257 14.0737
286 4.2597
23 -2.83048
175 1.68881
115 -0.648132
167 1.17464
312 -1.99582
66 -5.65148
260 14.6601
131 0.602722
237 12.3383
42 -1.86515
31 -8.36702
206 3.79599
278 16.6959
31 -3.33813
175 1.71458
273 15.2658
153 1.83046
60 -3.75742
298 11.0256
222 4.66693
144 1.63672
156 1.60056
130 0.295715
41 -2.45592
200 4.15265
277 3.77707
77 -1.02382
198 2.69667
339 3.32092
185 2.21419
282 10.3923
260 14.6707
106 -3.54733
370 -3.54788
39 -2.39378
177 1.72459
357 104.736
91 -1.48403
229 2.9651
144 1.5238
278 0.409973
222 6.15283
329 -31.4854
230 7.35246
191 2.49788
107 0.965691
128 -0.105911
318 2.50031
129 -1.41934
307 27.9236
315 -3.25327
118 -1.21214
335 3.53192
132 -0.262512
349 -19.99
309 -4.23999
276 4.03357
292 18.6603
299 20.12
137 0.633514
127 -2.32005
212 4.07083
127 0.116913
208 1.88312
211 3.97778
155 1.22847
186 2.02934
272 -1.98273
52 -1.64064
209 3.69728
123 0.937485
271 22.1607
264 17.143
291 2.05212
363 -2.15326
105 -1.21712
131 1.63956
203 3.79878
92 -3.71375
370 10.6744
12 -7.3822
87 -4.785
190 2.45549
127 -2.31918
169 1.787
258 8.59021
9 -4.18561
55 -3.52747
131 -1.29852
271 12.3175
230 4.69925
10 -4.41034
57 -6.70891
177 1.87944
202 3.61931
280 11.1179
216 4.42542
175 1.9335
190 2.2648
169 1.66568
251 7.44122
41 -2.46468
207 3.67336
264 8.56207
110 -3.48758
25 -3.1083
24 -3.06536
17 -3.73571
297 5.47586
155 1.95534
310 2.61118
21 -9.90406
133 -0.961349
68 -1.32224
116 0.678467
187 1.97578
198 3.56664
273 6.56946
231 7.08644
280 15.9306
275 0.810577
205 3.35643
131 0.513901
175 1.90773
137 0.614868
237 6.68272
101 -0.340164
24 -3.49622
350 -0.250641
102 -3.38565
220 9.45528
34 -4.60658
181 1.91217
19 -6.56373
187 2.35167
312 -1.99792
164 0.990952
97 -0.392494
43 -2.33508
52 -1.86739
157 1.10997
363 21.2829
293 -6.34824
192 2.23799
169 1.91245
144 0.0387115
70 0.279594
201 2.99614
6 -17.3119
124 -0.302757
260 14.6622
236 2.69255
198 4.28253
127 -2.31947
200 4.61096
176 1.83383
245 9.09229
88 -0.735443
197 0.499695
32 -2.7064
319 31.6622
196 2.27986
204 3.74925
78 -0.9048
190 1.81288
310 -19.6874
130 -0.427155
212 3.93275
116 -0.11235
218 6.3425
279 5.71954
280 11.123
332 2.27673
46 -2.47856
63 -1.19704
340 0.504425
143 1.6418
222 6.72298
106 -3.53362
339 6.05573
174 1.69571
269 6.37338
297 5.52621
236 5.13553
115 -1.88221
173 1.98849
12 -7.38158
150 0.38179
21 -6.7035
201 4.38391
36 -3.00327
175 1.57722
269 7.17773
258 -21.468
76 -0.789978
115 0.758957
301 3.66833
317 -13.7641
222 6.15826
222 6.72041
256 8.26715
194 2.93347
292 -0.527283
5 -17.0387
226 4.52124
178 1.91951
250 6.72687
328 7.35764
42 -9.03293
189 2.2825
74 -13.4573
26 -3.0865
169 1.66521
24 -3.06819
260 14.6685
75 -1.52554
169 1.97316
166 2.20076
184 2.11501
127 0.166901
127 -2.31952
254 8.22806
58 -1.84621
176 1.83482
202 2.62308
274 2.6051
130 0.218231
222 4.66676
143 0.851288
55 -3.46992
317 -14.6782
115 -0.208931
276 15.1545
16 -1.42937
6 -1.2617
174 1.69568
201 3.15825
154 1.49983
115 -0.647957
77 -0.374268
182 1.95924
335 5.25415
196 2.20096
247 7.76942
263 14.5215
274 2.65536
139 1.75793
291 2.37289
258 6.98068
179 1.74098
146 0.898926
142 0.581421
161 1.10367
197 -1.31514
196 4.13565
24 -3.07075
243 5.04945
13 -4.11668
257 8.48407
331 1.08331
220 9.47104
187 2.35159
155 1.37531
352 104.716
31 -8.36217
24 -3.49704
219 5.75214
187 2.35173
277 -16.0961
167 1.17477
201 4.16673
332 0.540894
217 4.07224
195 2.70547
26 -3.59713
168 1.56177
298 -8.45688
258 8.48776
132 0.420532
369 1.99985
221 6.73782
254 13.2451
191 2.16377
127 -2.32033
77 -0.367798
114 -0.252747
288 0.196747
178 1.94292
305 3.26886
345 6.01196
141 1.61417
78 -1.18003
212 3.47539
215 4.33321
48 -2.35868
114 -0.123825
160 1.66132
252 9.5136
359 10.46
74 -5.56245
66 -3.75444
328 7.35138
173 1.90999
258 6.98727
142 0.844437
209 4.383
145 -0.505569
275 2.7197
273 3.08395
91 -3.07677
317 2.33215
171 1.18576
340 20.321
190 2.0154
168 1.63528
223 7.09097
186 2.33174
267 8.15665
3 -11.0781
188 2.30952
148 1.62991
223 7.09073
349 -18.677
284 7.68896
139 -2.05252
64 -1.76285
100 0.881477
230 4.69807
71 -1.30393
238 8.44328
279 2.78391
172 1.94409
191 2.16367
96 -4.42684
186 2.0468
357 107.498
3 -16.0063
47 -2.55605
62 -2.61682
150 0.18425
197 -1.31689
41 -2.5596
137 1.70624
203 3.03754
140 0.511459
20 -11.001
130 -7.81464
273 6.56348
64 -1.7617
260 12.8142
315 -3.25256
8 -6.68724
223 6.72282
107 0.965691
328 7.35947
88 0.72332
285 -30.2275
12 -7.38126
31 -8.36211
154 0.378891
250 9.48566
369 1.91321
7 -9.93867
341 33.8338
286 4.25964
342 -6.08151
77 -1.97494
291 -19.6528
273 12.4012
335 5.25385
92 -4.62292
70 -1.47726
148 0.379837
59 -0.0646782
16 -1.42853
116 -0.204277
251 9.00079
226 4.5209
128 -0.747681
174 1.53279
144 1.61267
253 5.54504
286 18.0091
204 4.18663
18 -4.00455
118 -6.80604
207 3.3638
341 2.03732
312 -1.99744
189 2.33095
364 30.0454
164 0.980927
184 2.92227
297 21.4004
335 5.12497
107 0.965233
280 11.1527
44 -7.87448
302 6.76584
91 -3.07684
265 13.0719
299 9.44733
162 1.73489
205 3.31657
165 1.75914
142 1.15828
278 16.6983
26 -3.05943
345 -1.2894
142 1.78331
204 8.21535
272 -26.236
114 -0.178017
170 1.44775
8 -17.2934
260 3.08167
112 -0.417473
174 1.69565
93 -0.461113
203 3.0472
209 3.80606
215 1.96077
101 -3.35174
115 -0.207901
172 1.94441
323 6.69299
95 -4.41151
82 -5.83252
180 1.71977
111 -0.337929
219 5.39865
304 35.3092
237 7.25064
279 16.4648
315 64.9321
258 12.746
140 0.527893
243 5.04941
174 1.95703
356 30.3795
15 -3.66799
93 -1.36587
186 2.29591
182 1.78746
230 7.40703
187 14.6913
169 1.271
85 -3.66418
177 1.80461
214 5.71049
165 1.91391
211 3.97746
27 -8.19923
47 -2.56622
270 12.2994
173 1.93143
101 -0.338997
49 -7.72164
177 1.68387
212 3.37843
27 -8.24973
44 -7.87877
34 -4.60673
206 3.3438
260 14.6569
303 -4.97034
77 -4.68258
345 5.01169
192 2.24501
362 106.168
41 -6.29438
145 0.901199
153 0.227432
37 8.75407
217 4.20508
52 -1.86784
135 1.52188
180 2.01666
275 2.755
271 25.3643
116 -2.75964
345 5.01089
175 1.66713
187 2.35168
180 1.92897
100 -0.665611
191 2.55659
37 8.8086
58 -1.65046
354 102.435
24 -3.06521
181 1.81596
190 2.45647
116 0.0449371
358 -0.157166
359 30.6107
216 5.0619
321 12.9496
305 12.2219
46 -2.49942
215 5.52141
255 8.60834
352 104.663
140 0.528793
78 -2.57239
301 -3.55005
140 0.514023
78 1.52531
368 88.3914
359 -0.0595398
64 -1.76298
20 -3.82984
239 -29.8714
284 7.97296
264 5.57855
211 1.72598
338 -0.116272
252 7.46417
134 0.574478
101 -1.53021
164 0.982224
105 -10.0074
363 -5.35504
23 -9.43276
169 1.67036
286 4.25983
298 -8.44983
278 16.6976
84 -2.23748
342 -19.2859
5 -16.0829
205 3.38029
41 -6.29359
56 -1.88762
299 3.26401
39 -2.64765
361 54.8158
303 17.2482
295 20.6131
78 -1.34935
204 3.29514
177 1.87943
195 2.94513
176 1.68401
297 3.11029
201 3.08371
18 -3.79153
202 3.62325
298 -8.44473
186 2.03282
177 1.80594
254 7.66354
88 -0.558884
128 1.62274
270 -15.7684
24 -3.07095
43 -6.78351
71 -1.30312
227 6.68658
304 1.31668
25 -3.68435
328 7.3591
181 2.14064
223 5.36362
370 29.9832
291 -0.485382
346 8.16492
161 1.66495
354 102.077
92 -1.27177
189 1.92737
286 4.25943
286 -23.549
276 15.1547
113 -0.221603
106 -0.382545
91 -3.0759
239 4.98131
234 4.35023
112 1.13177
124 0.0513916
177 1.93616
210 3.59697
102 -3.37856
186 1.80415
143 0.816101
64 -1.76296
355 0.526886
245 9.09259
315 -3.30917
356 13.0418
86 0.576683
146 1.59529
227 7.49852
60 -5.84715
9 -2.93818
130 -7.81052
285 1.38245
223 7.09074
317 -23.1341
241 7.63863
359 10.1711
163 1.57663
175 1.57907
272 -2.50259
76 -0.790565
260 -0.232544
153 0.757599
186 2.88446
286 4.2597
78 -20.1896
72 -3.23135
195 5.70923
12 -7.38358
87 -0.671692
190 2.44189
317 -23.134
256 12.5382
110 -1.05898
179 2.26389
60 -1.79551
328 7.35867
360 11.6102
78 -1.00588
190 2.73485
286 -9.5325
363 -2.50647
190 2.25064
271 8.1492
239 8.57957
189 2.2561
25 -5.88766
107 0.965805
224 7.32124
163 1.539
105 -0.879883
188 2.09657
279 14.8135
284 7.97437
359 19.1504
177 1.87949
235 7.92346
42 -2.5388
244 7.03465
361 -4.35846
185 2.01779
44 -2.40422
299 -5.11398
211 3.39581
258 6.98761
184 1.86244
78 -1.00579
237 12.3392
10 -1.40599
249 4.96785
371 12.954
41 -2.54002
204 3.49271
71 -0.613388
119 0.930412
262 2.69006
115 -1.34178
300 3.08267
10 -4.21979
250 6.68398
343 9.59332
193 2.72887
62 0.159092
27 -6.01281
161 1.1017
188 2.05795
17 -4.08439
266 -18.6369
144 0.847748
115 -1.88232
173 1.9749
148 1.63861
337 -0.799133
131 -0.402603
127 -0.149094
83 -4.40765
83 -1.32877
26 -3.65149
69 -2.94256
49 -7.74184
89 -0.528801
72 -1.47427
175 1.57831
235 8.42738
191 2.3349
187 3.03174
205 1.92378
183 1.76045
144 0.0389557
305 15.5952
196 4.13567
198 3.56664
6 -28.7357
203 4.5312
175 1.73201
149 1.61174
326 35.622
298 -5.15118
72 -3.43415
186 2.31544
192 2.88235
359 10.4788
151 0.982437
127 -2.31969
78 -1.4541
76 -0.790184
164 0.758865
351 10.1992
339 3.33008
186 1.9446
313 -3.71646
177 1.75201
370 -3.57263
269 3.6351
272 -2.10019
202 2.20471
239 7.51958
105 -0.880348
202 2.74812
339 -10.2351
253 10.2976
249 6.32901
212 4.89349
102 -3.38793
164 0.990784
335 5.24512
83 3.07037
42 -9.03194
53 -7.33585
18 -3.79083
195 2.45634
145 0.342453
28 -5.10925
373 0.139435
48 -1.00429
186 2.23164
266 3.02658
161 0.970795
147 0.38559
162 0.918777
328 7.35727
284 1.36688
262 13.9024
204 3.97018
286 5.63138
41 -6.17376
298 -8.44977
245 10.8229
240 7.61354
345 5.01141
346 70.736
368 88.3736
235 8.80545
174 1.65396
312 29.2142
274 2.57834
164 0.991562
45 -0.929623
125 0.255379
183 2.09679
177 1.72391
262 2.91888
187 2.26527
298 11.0411
248 10.0399
124 0.0508499
341 33.8166
281 5.94485
204 3.17679
64 -12.1749
339 5.76617
120 -6.95666
270 -19.7032
122 -2.10107
130 -0.426071
286 4.25955
203 3.90738
223 7.09061
37 -2.41604
64 -1.76178
170 1.77818
349 66.5888
199 2.43288
326 5.28302
191 2.16347
140 0.528244
223 7.09064
112 0.721046
169 1.72934
321 1.62119
153 1.27995
41 -2.45715
287 -19.1354
114 -0.253906
200 3.93309
157 1.47031
148 1.72118
128 1.43785
188 2.30948
191 2.38843
171 1.71368
291 -0.913635
274 14.5016
197 2.79077
209 1.91138
259 2.67303
62 -9.4845
269 6.3736
187 2.35158
140 0.528137
31 -2.41635
282 12.4282
221 3.03511
201 2.86873
298 11.0154
214 3.51518
83 3.0507
350 -5.17401
356 30.3805
124 0.052002
361 -15.4578
124 0.0516739
110 -1.05914
243 2.31647
148 0.833893
172 1.9446
96 -4.42181
148 0.890579
187 2.28975
359 11.8817
349 -0.475769
209 3.64369
68 -2.39487
140 0.515442
261 7.85837
153 0.879044
307 -16.0814
237 12.3383
140 0.52858
178 1.98537
76 -5.50235
131 -0.402634
118 -0.165596
277 -15.8141
157 1.67416
209 4.35941
131 -0.401901
167 1.66125
48 -1.00995
349 -13.8164
302 -5.23242
77 -0.371666
359 10.0331
301 3.53595
100 -0.665703
100 -0.665459
354 102.435
107 1.18041
187 2.35159
331 0.454834
230 6.26561
193 2.6125
66 1.33839
76 -0.790207
213 4.04379
210 3.68195
204 3.22929
250 7.17636
177 1.72456
309 4.7337
233 4.27162
67 -6.9464
55 -32.7941
84 -4.34176
272 -5.58774
53 -4.16784
274 -27.2513
211 3.7659
132 0.95166
371 -70.039
361 11.8846
82 -5.06947
298 23.1605
167 1.17464
163 1.16751
119 -3.22565
206 3.43167
76 -0.7901
369 9.86105
26 -39.0067
184 2.08261
167 1.17517
288 -16.9191
105 -0.858765
238 -29.8998
192 2.94875
128 1.38297
125 -0.277679
238 8.06366
196 4.13567
209 3.71571
291 2.37253
183 2.04645
340 20.0923
307 -4.55258
65 -9.34179
156 1.26958
99 0.316803
196 -0.334961
124 0.0513382
77 -4.68281
272 -1.98163
341 -10.0332
16 -1.42984
238 7.28378
245 8.11276
88 -0.734695
65 -7.04879
71 -1.30424
135 0.509186
20 -10.983
310 2.43436
208 3.51212
204 4.73665
80 -4.83068
278 1.31213
211 1.94783
183 1.79486
140 0.51474
130 -1.30948
278 14.5464
38 -3.16926
140 0.513474
204 3.48521
71 -1.30378
249 2.50972
202 2.89291
16 -1.42978
77 -4.68263
197 3.79076
196 4.13571
265 -24.3174
189 2.19655
369 34.3877
97 -4.45042
258 9.93433
328 7.35794
340 -5.1507
63 3.33217
188 2.17824
54 -0.0839653
69 -3.44406
118 -1.21221
209 3.91084
366 30.2799
219 2.49873
151 1.14691
67 -7.01976
318 34.9026
361 29.7066
134 -1.20882
253 9.97119
304 26.1013
226 4.52104
47 -2.42378
190 2.44115
223 7.09105
268 6.62814
35 -8.73311
339 3.31888
161 1.51218
276 15.1546
65 -4.90844
139 0.375229
47 -2.29018
298 9.62009
182 1.9592
176 1.78572
98 -0.955086
107 4.13079
132 0.490189
266 13.8688
224 7.32106
263 12.1036
346 0.811249
105 -0.879684
364 11.8123
243 7.83565
260 8.51065
296 -5.38229
272 -2.49805
328 7.36002
176 1.78543
351 104.822
145 0.857788
334 84.1594
211 4.16798
252 7.60345
226 -4.39896
361 29.7051
127 -0.770111
200 2.78084
186 2.3027
349 113.659
191 2.48013
284 -2.87701
277 -18.3907
250 11.8943
140 0.527908
93 -1.36416
312 -4.19266
334 8.82877
211 4.2209
153 1.8539
118 -6.81687
237 12.3471
207 5.48048
260 10.0663
226 4.52126
181 1.80843
327 33.218
93 -1.36504
188 2.39577
186 2.30301
61 -2.81649
141 1.8244
172 1.28117
52 -1.86795
11 -10.6794
177 1.72379
352 -11.2769
156 1.60954
291 2.37158
360 -2.2706
160 0.352448
182 2.00661
254 5.7605
12 -2.83517
242 7.56929
276 15.1546
122 -0.847313
3 -8.66888
282 4.13748
35 -2.15971
274 -22.6136
324 97.5774
259 10.192
146 1.10248
199 2.88182
128 1.14246
286 2.33011
226 6.84059
50 -2.41987
31 -8.36171
177 1.87955
183 2.1618
207 4.32166
131 0.327545
31 -8.36581
206 3.57784
247 2.91074
341 2.03772
345 -4.78168
213 3.96161
320 -17.2745
240 -35.206
83 -4.76105
359 -0.0613708
339 -10.3628
288 -16.3268
359 -13.5657
28 -8.20921
338 5.16724
316 -16.1346
258 -17.0433
173 1.9883
305 19.735
295 25.5642
218 4.18384
155 1.31929
372 86.9565
217 4.828
211 4.14931
106 -3.54699
180 1.97221
336 -16.1519
335 40.3055
53 -7.67586
255 9.76971
223 7.09082
309 6.39673
346 70.7369
242 7.70828
60 34.2687
44 -2.41321
363 -5.35361
20 -5.89728
272 6.30939
239 8.14745
245 8.31955
61 -7.43169
308 28.188
315 30.3517
76 -0.790237
186 2.29828
133 0.336899
52 -4.25781
303 11.5154
338 -0.11322
61 -1.61072
314 -24.606
346 -4.1412
369 -40.8351
292 2.89706
72 -3.47421
58 -4.60984
277 3.77728
304 27.4244
187 2.28986
203 3.84329
187 1.85439
217 4.0714
307 3.14612
360 0.495758
189 1.94682
201 2.71678
96 -4.42172
335 82.9802
187 2.35159
135 1.25577
119 1.07932
260 14.6584
252 9.51157
277 -15.8599
133 1.40323
226 4.52087
177 1.72467
246 11.1081
206 3.28059
54 -2.60323
164 0.991119
272 10.0219
162 1.05833
329 -5.26627
28 -8.25335
366 30.2814
96 -4.42096
175 1.91789
258 2.79944
53 -7.67093
10 -6.98004
233 5.0238
143 1.64229
352 104.663
338 -0.113251
204 3.6985
47 -0.504608
294 4.35669
317 1.71933
216 5.08205
345 5.01279
53 -3.60828
355 -29.6794
338 5.16602
149 1.66878
230 5.26656
124 0.0526428
161 0.350952
46 -0.294827
315 -20.4493
201 3.21783
258 6.98102
175 1.58076
343 9.55435
237 -22.2503
207 3.42302
119 -1.21877
143 0.864059
342 6.79721
237 7.15317
145 0.79158
250 5.62807
316 0.880737
190 2.01457
7 -9.93386
59 -1.73561
156 1.21654
185 2.01787
15 -38.4269
187 2.28963
63 -51.1182
241 -3.11478
231 6.32832
237 7.25023
230 7.05162
186 2.18008
55 -7.12109
177 1.7016
303 17.2487
81 -1.21072
149 1.61172
115 -0.855904
55 -32.7942
285 -29.7628
343 114.262
337 5.01111
191 2.26974
98 0.864784
198 3.56587
10 -34.2943
335 40.305
166 1.56339
178 1.72299
20 -11.0035
302 -2.47083
79 -4.16029
187 2.35178
148 2.02139
203 3.6237
213 3.59891
258 2.22803
237 12.3463
221 6.63165
183 1.98904
26 -39.2613
178 1.76039
264 3.29248
46 -2.38324
346 -12.8317
332 2.2731
310 -0.163574
361 90.8159
17 -9.75938
204 2.1178
203 3.11649
31 -8.36645
324 97.5117
175 1.65344
47 -2.26524
212 -2.16826
140 0.514008
148 0.645035
346 -4.1398
219 5.09599
238 7.8839
319 -11.2754
211 3.97754
149 1.65746
7 -9.93955
218 4.23013
352 104.782
363 -5.3515
113 -3.102
182 2.86163
268 10.9986
252 9.50864
302 2.1066
346 -2.64734
346 70.7458
291 2.37149
366 30.1475
248 13.1216
83 -1.15145
248 2.36639
144 1.56569
83 3.07402
260 12.8541
363 -1.16895
360 -4.17297
233 8.01038
168 1.8007
122 -2.09045
212 -2.17403
297 1.28625
292 -8.56763
267 16.0345
347 -27.5832
150 0.184555
255 9.772
297 5.47043
285 -29.1741
348 18.2303
80 1.6438
177 1.87941
219 5.91614
156 0.994125
57 -4.5005
364 94.8081
217 5.1275
18 -3.79095
328 7.35806
286 4.25964
243 5.04916
48 -2.31387
41 -2.86806
130 1.71835
202 3.29831
90 -1.20144
366 90.3497
199 2.92696
186 2.30324
234 6.58511
79 -5.07353
217 7.23576
288 -19.2862
219 4.19548
144 0.877411
328 7.35916
142 0.818024
42 -6.69273
196 2.95154
342 -30.3285
107 -1.07929
246 2.37563
190 2.73442
298 -8.45596
129 0.594727
266 13.3079
190 2.44104
29 -8.96083
201 3.89549
224 6.66643
310 3.39124
97 -0.418907
274 -26.3931
364 -2.4353
354 102.452
47 -2.57137
238 7.05173
176 1.78528
113 -2.10981
258 2.68103
258 11.0271
370 -3.60522
275 4.26376
70 -5.12684
243 -16.6534
42 -8.75253
303 -1.14413
31 -4.7695
70 -0.751335
362 -15.7405
177 1.7238
178 1.96599
228 4.79489
291 2.37234
250 11.7316
265 2.62378
359 10.4741
260 11.1364
312 5.74924
214 3.52498
114 -0.253204
314 2.36655
177 1.72491
190 2.47548
149 -1.33008
2 -7.56334
303 1.94485
311 3.51013
277 -15.8392
326 35.4918
200 2.60376
93 -4.57859
109 -0.125587
106 -3.54625
75 -1.58139
175 1.89877
86 -3.22011
199 4.42058
144 1.63799
210 3.91428
118 -0.193047
145 -0.501495
58 -1.65274
276 4.03415
202 3.14435
281 2.48697
254 2.36859
55 -32.7941
196 2.95706
190 3.9679
177 1.87947
65 -4.03373
201 3.04709
349 66.5889
133 0.462097
93 -1.36528
201 -1.64557
78 1.89928
298 -8.45334
183 1.80162
373 30.4505
266 11.6341
252 9.50865
188 2.30629
93 -1.36488
43 -4.83191
323 2.061
370 31.7825
191 2.16374
140 0.514221
97 -3.413
370 -3.57977
185 1.7298
215 1.57835
259 15.3802
300 2.7291
285 -20.3044
251 11.7227
285 12.3787
183 1.95378
20 5.29361
218 5.44922
349 -5.24255
225 6.59004
67 -7.01893
77 -2.33979
156 2.27058
119 1.09027
150 -0.30986
201 2.71191
198 2.95912
240 5.56166
16 -1.42994
257 9.83179
114 -0.254234
203 4.17226
235 -26.8771
224 7.32184
210 3.81339
260 8.39743
218 4.23006
177 1.69878
280 3.33817
282 1.30658
278 16.407
336 -1.08527
216 3.65495
320 -7.68787
164 0.990967
204 3.45813
305 -15.0935
51 -0.184807
258 -17.0677
273 -30.8474
338 -10.6449
198 3.92169
220 3.96602
235 8.41869
208 3.436
116 -0.217842
249 2.35324
312 -4.28491
175 1.67589
151 1.71339
218 4.24805
218 5.79352
236 7.72392
168 1.58617
204 3.04893
347 -20.2605
335 5.25549
113 -1.41911
141 1.56056
161 0.350586
229 6.58372
359 10.0327
244 10.2991
174 1.53398
132 -1.0724
51 -3.11273
243 6.82068
46 -2.3701
131 1.70883
148 0.590469
102 -3.38864
101 -0.340118
258 10.9426
140 0.513519
28 -8.189
195 2.4991
250 6.68716
260 14.6713
189 2.36182
263 9.38361
259 6.785
217 4.07225
108 -0.391693
197 -1.31831
260 2.62885
188 2.27968
203 3.9489
230 4.69902
277 1.01642
191 5.10596
372 7.32257
92 -2.49483
314 7.72998
107 0.971497
230 6.72917
266 8.19019
94 -4.49733
258 6.98181
217 4.91096
48 -2.18766
179 1.71631
317 -1.00467
203 3.23875
164 0.991837
189 1.80861
190 2.17952
152 0.158371
217 4.07225
134 -6.86732
53 -7.6756
265 13.5576
35 -8.68021
37 8.7906
217 4.77444
115 -1.41666
138 1.77531
338 -0.112518
365 -1.52078
370 30.2122
291 1.35141
343 -2.24207
303 17.2491
230 5.26755
176 1.78613
229 7.21873
263 5.54974
114 -0.343727
191 2.16382
306 -4.67908
301 -22.2094
235 7.90413
17 -6.17694
108 1.22386
242 8.31952
145 1.61282
32 -2.70656
307 12.2381
250 7.09195
258 2.26633
247 10.7365
311 23.8974
188 2.27449
107 -3.59434
239 7.89064
329 9.5452
33 -2.65451
238 5.4415
124 0.0518875
20 -10.9987
156 1.27473
261 7.88522
31 -8.36188
230 7.42331
208 4.30815
118 -1.21179
284 2.76819
329 -5.93689
255 7.3389
64 -1.76292
328 7.3584
44 -7.87715
317 -23.1339
190 2.01437
47 -2.50411
236 8.06754
260 2.66699
78 -32.1106
81 -1.27839
175 1.7281
96 -4.41936
160 1.53983
339 38.7701
179 1.69836
324 97.5211
96 -4.4191
333 -21.1284
241 7.63742
42 -9.03299
343 2.64853
357 107.54
174 1.65987
306 -15.1361
369 1.98746
336 -2.32828
237 -2.06073
302 -2.82602
211 3.97752
320 1.15631
148 1.72055
223 7.09076
216 4.36143
80 -5.29129
47 -0.504776
303 20.4295
191 4.61971
41 -8.5345
178 1.7744
249 6.33289
28 -8.23458
249 6.06209
82 -5.83274
142 1.55634
304 -0.367218
123 -1.7905
371 0.0230713
243 5.04884
81 -1.41821
50 -2.32095
161 0.691849
177 1.69199
206 5.06998
212 4.14168
127 -2.31962
192 2.24489
104 -10.1091
286 4.25943
261 23.1909
55 -4.15192
271 14.5694
229 5.04929
115 -1.33104
96 -3.50106
222 4.66061
13 -1.50362
335 5.25488
68 -12.5333
303 17.2485
130 -7.81429
218 5.40497
79 -4.15449
358 13.2759
290 3.17938
303 25.9208
116 -0.205338
278 1.27512
268 10.7936
143 1.64183
352 7.22452
305 3.2644
185 1.87009
123 -1.80579
276 -15.8719
282 4.27094
79 -2.0433
303 17.2485
297 5.53134
143 1.52292
330 4.31955
67 -2.40334
336 87.6687
140 0.528107
271 2.7045
196 3.02893
238 -23.2128
218 4.2301
63 -1.51654
81 0.977898
181 1.71751
287 16.546
357 -13.5717
120 -6.95689
298 -8.45035
68 -1.80276
90 -1.93804
93 -1.36537
44 -7.87703
282 4.71628
139 -0.2677
128 -1.31361
251 9.88062
47 -0.50304
324 97.5147
89 -2.79771
272 21.2765
278 1.31137
242 9.09383
250 6.68384
51 -1.49452
203 3.2365
222 4.83316
112 -0.974098
218 4.22995
109 -0.623253
126 -0.206741
6 -10.3431
173 1.66771
202 2.87244
214 3.52553
146 -0.151794
263 11.7916
249 9.51607
175 1.63754
217 5.98419
188 2.26938
364 29.8601
200 2.82614
243 5.04887
328 7.36017
68 -1.31157
262 6.72797
3 -3.90254
203 3.07216
339 3.32214
224 5.77676
7 -9.93174
188 2.28087
280 11.0621
178 1.91928
90 -4.59832
309 4.73618
348 -13.6725
254 24.8478
249 6.06212
71 -1.30376
92 -0.470299
191 2.16368
310 -22.616
243 5.04997
137 5.00717
251 5.78667
319 5.02835
266 12.1684
115 -1.41569
211 3.97769
217 5.31157
345 -1.38492
255 8.31952
280 -28.1701
261 2.79205
58 -1.65167
144 0.0388031
215 5.66446
286 4.73895
356 16.7204
226 6.80539
44 -7.87735
260 4.49756
349 -5.99219
261 15.7721
150 -0.306381
320 1.67972
352 1.49905
122 0.170242
332 2.27612
31 -8.36526
278 -21.4334
358 102.552
362 6.08923
202 3.3764
188 2.27962
364 9.02225
64 -1.8797
301 3.07019
185 2.06085
80 -3.73929
189 11.8315
87 -4.12354
291 2.37173
236 2.00706
45 -8.35954
186 2.29858
359 -0.0452881
305 24.4971
220 3.62286
190 2.73392
364 29.8609
183 1.97479
316 0.507629
83 -5.24042
312 17.9183
188 2.27986
363 22.9228
210 3.24794
138 0.684616
147 1.64107
343 9.60611
312 -3.67575
198 2.85287
225 6.11624
112 -4.49014
190 2.0143
197 0.503967
217 2.14336
296 0.0822449
24 -3.06971
225 6.39879
364 92.6396
241 -3.11459
363 103.051
156 0.494324
79 -4.15395
192 2.24489
291 2.37149
174 2.39262
291 2.37158
305 3.26428
361 29.7052
92 -2.49625
355 0.152344
266 12.0763
82 -5.31168
140 0.527237
239 -29.9239
318 -0.579071
39 -3.48291
145 0.895142
305 3.26791
57 -7.72974
276 -16.2929
150 0.181686
296 2.9888
329 -4.16888
159 1.56342
183 1.78325
28 -8.22231
216 4.85275
145 1.60307
193 2.72755
186 2.30116
319 2.01331
248 2.5414
180 1.58214
199 6.54083
238 2.51367
355 101.084
6 -10.2371
31 -4.76921
66 -7.36398
318 -0.521942
262 3.15085
111 1.6507
189 1.9269
347 -0.0945435
344 -5.67319
187 2.27663
191 2.33875
343 9.58484
307 12.2458
83 -20.0172
190 2.01685
194 2.57704
188 2.30702
206 3.50362
250 2.50357
214 5.76443
141 0.417786
217 4.07193
232 2.80843
201 3.12074
13 -5.18714
113 -1.42407
85 -1.8291
237 8.45454
216 1.17513
113 -3.12842
233 4.27116
335 5.25632
233 6.70773
369 1.99066
249 6.3286
187 2.35159
8 -6.7286
342 -25.5135
311 -0.651031
142 1.51479
33 -8.85193
304 0.739258
65 -2.10995
337 5.25385
328 7.36188
269 2.7533
189 3.52464
45 -8.34553
357 104.725
115 0.965637
315 -1.51947
282 12.3263
134 0.477341
229 2.34665
364 30.1068
130 -0.426025
130 -0.0797729
304 26.6571
249 7.76666
331 8.58643
325 0.655731
189 2.27373
243 5.04901
214 3.57907
138 0.765671
93 -1.36419
150 0.227005
359 10.0326
176 1.78543
351 0.724152
263 14.6935
236 7.91801
194 2.38373
315 30.7839
53 -8.46186
285 2.37811
256 7.49503
313 1.85095
370 -0.501801
190 1.95184
259 15.3769
281 1.25308
197 2.66843
349 -17.4167
337 3.13242
226 5.49365
201 -1.53809
278 16.6509
141 1.72961
329 -5.55078
165 1.4193
356 0.508698
165 1.4115
291 -0.485748
72 -1.05533
252 9.51143
291 9.5242
366 31.5266
60 -5.84403
238 7.23582
166 1.10405
192 2.24487
349 10.9331
162 1.05399
170 1.14316
330 112.79
349 -5.80185
25 -3.11588
184 2.15503
113 -3.31248
206 3.77457
359 0.142761
187 5.15443
217 2.14311
11 -7.28021
210 3.29942
325 12.2354
345 73.3518
161 1.52232
175 1.57838
298 -8.43863
192 2.80786
240 6.4566
81 -4.88451
203 3.89549
218 5.99301
273 6.57016
237 -7.29791
326 95.9625
285 -29.167
358 10.5627
186 2.23376
262 12.1842
34 -2.86975
343 9.56677
322 31.1868
260 14.6621
25 38.9941
286 0.315857
210 3.9614
347 7.13995
200 4.03871
351 4.21075
55 -5.42104
366 30.2777
317 4.26855
142 -1.81172
85 0.682236
34 -2.25197
174 1.32056
166 2.19881
215 5.13809
6 -10.3447
204 3.28122
57 -4.30587
202 2.5983
333 2.27164
12 -16.3956
164 0.980896
258 -0.881714
298 20.8426
357 107.549
273 14.4442
256 -2.28804
213 -2.07898
285 -29.0551
184 2.05548
211 3.97742
58 -1.65145
172 1.94466
302 1.66129
153 1.78783
23 -2.98895
151 0.200806
188 2.27866
346 70.7573
311 -13.0693
113 -2.26864
189 2.58336
303 17.2486
356 4.49283
111 -2.31794
85 -2.39289
234 8.05899
169 1.76682
304 -2.24344
329 -1.62964
131 -0.402618
207 3.50443
44 -4.89914
47 -2.55236
302 1.66165
317 0.347351
133 -1.12759
201 2.7168
212 3.49594
366 -23.3081
69 -1.58633
153 0.879608
349 -5.24185
227 6.88281
359 10.0285
129 -1.33289
207 3.6647
271 14.2776
284 -19.1401
130 -7.81627
201 2.71674
233 8.20319
369 34.6474
93 -2.11957
49 -8.40302
294 -3.56506
359 22.6195
340 -5.57394
85 -5.29102
294 4.64529
239 4.98167
67 -7.01971
217 5.98868
147 1.63414
93 -1.364
58 -1.64973
291 2.37186
116 -0.681534
253 7.42502
81 -1.85051
24 -8.76973
189 1.76582
336 -0.896515
326 30.2156
222 7.34383
11 -4.30474
313 -7.5235
359 10.0326
192 2.43524
161 1.92479
119 0.93042
74 -13.4553
239 7.1774
218 3.77054
340 5.4393
284 7.97479
89 -3.88089
309 4.66779
64 -6.94271
148 0.605698
83 -1.11049
345 5.01251
348 -25.589
95 -4.50193
215 4.12033
70 -2.36833
207 2.32948
164 0.980377
349 -4.46332
197 2.65306
183 1.91846
348 -8.4216
221 7.23402
67 -7.01972
240 8.7507
312 -21.2221
259 15.9887
328 7.36023
169 1.66948
356 30.3955
306 -5.06918
261 -23.7133
154 0.681503
20 -33.7052
156 1.25069
45 -8.76263
294 -5.82129
299 3.43634
352 -11.2822
232 6.82532
148 1.63766
272 -24.2166
231 7.59073
61 -0.275627
317 70.8244
294 17.8071
345 5.0148
55 -32.7941
196 2.63165
218 4.22585
301 2.47171
139 0.200867
158 1.56783
117 -0.394684
93 -1.36477
162 1.05049
113 -0.105743
23 -3.08344
140 0.31189
124 -0.940788
341 2.02103
249 9.51584
341 2.03735
191 5.10197
287 -3.04199
188 2.27875
140 0.528748
177 1.87947
313 32.9232
86 0.573387
317 -23.134
216 1.13354
188 2.28081
167 1.1747
278 -22.0616
373 46.5901
249 4.61305
233 6.88567
348 -25.5876
135 0.0461426
160 1.58159
100 -3.34171
127 -0.154533
190 2.73488
187 2.35181
212 4.08846
176 1.79095
368 28.3114
182 1.95912
215 6.46848
191 2.3931
187 2.66356
79 0.382545
219 5.14017
28 -9.08828
190 2.73405
209 2.33327
244 2.01514
273 6.47775
209 3.98573
199 2.70084
254 -2.2451
16 -6.72
176 1.83392
188 2.30234
104 0.95607
320 -1.80688
354 5.59781
83 -4.40781
96 -4.42034
260 14.6595
336 34.8044
187 2.35168
63 -4.1474
159 1.41492
231 -4.39011
232 5.94963
35 -8.82681
252 2.37323
211 4.72591
349 -13.5794
123 -1.75214
28 -8.23844
110 -3.4203
188 1.88618
237 7.19826
60 -5.84441
109 -2.44585
58 -1.65364
350 -5.27008
199 2.90999
77 -4.68256
139 1.54118
231 4.41272
327 0.966644
153 0.879288
246 8.05592
122 -2.09031
253 7.38257
250 6.68671
143 1.642
305 3.26407
349 -3.9617
279 7.28952
148 0.963776
140 1.48473
218 4.23022
181 2.00972
222 4.8331
79 -4.1532
291 2.37292
79 -4.15282
272 -2.49139
304 0.88623
91 -3.07601
213 -2.07561
343 -10.0684
70 -4.96625
174 1.53671
44 -7.87714
318 -1.759
245 8.09923
218 5.43889
286 -22.6859
229 -9.00555
7 -9.93822
151 0.0503693
260 3.75244
247 7.97433
363 -5.34436
274 14.4479
113 -0.189255
182 1.95895
249 9.51642
328 -4.35449
252 5.91464
359 7.51431
261 -21.752
277 -16.136
334 15.2107
174 1.53333
190 2.73375
345 5.01154
270 22.1115
170 1.69144
140 0.29158
277 0.913361
304 9.75583
160 0.303024
329 92.633
95 -4.41146
202 3.19119
210 3.62396
343 4.81851
224 4.78091
202 3.63364
77 -0.36879
315 30.0403
166 1.23537
249 6.06219
82 -5.83252
172 1.94478
128 -0.638084
44 -1.27497
366 30.2835
212 3.36479
54 -8.32402
259 5.43591
297 6.73752
203 3.36613
279 15.4126
298 12.9484
195 2.67873
211 2.37718
143 1.64198
278 -21.4307
191 2.64125
258 -17.0412
284 -17.5475
6 -8.76434
192 2.20459
113 -1.41535
113 -1.41512
69 -6.32266
190 2.91216
311 2.13892
53 -7.25247
212 4.07013
189 1.99231
150 0.184448
45 -8.35839
153 0.378464
191 11.6998
328 90.6375
59 -6.66147
142 -1.91615
132 1.67801
192 2.23799
195 2.99763
323 -15.0279
95 -4.411
206 3.80934
259 17.4012
347 -13.2719
349 5.87204
151 1.70277
265 46.923
67 -4.55401
330 4.298
223 5.34975
309 -7.10526
249 6.33372
133 0.111023
339 26.6548
226 1.77959
92 -4.61288
348 108.824
61 -7.43151
202 3.08594
278 -28.4485
258 13.8417
201 2.71684
308 12.3674
247 8.86372
342 -5.06015
196 2.51125
161 1.10164
194 2.97321
191 2.16333
313 5.21689
331 1.91977
153 0.879044
341 31.1612
87 -3.42822
149 1.44824
230 4.69749
223 10.6443
277 13.9996
338 48.919
50 -2.41976
244 2.85866
365 30.9757
367 10.2371
319 1.04224
258 6.98105
273 4.59964
356 102.963
260 -22.651
369 1.98672
362 -14.5074
231 7.46449
350 -13.7256
336 35.1677
9 -4.18438
311 4.94821
190 3.97377
250 6.68442
301 8.30225
161 0.975143
291 -0.485382
83 -4.40792
216 1.06155
184 1.97925
313 12.6276
356 7.1868
125 -0.979416
106 -3.54704
356 37.8245
128 -0.0432587
269 6.37387
313 -3.95584
245 7.98076
344 2.38336
195 2.59601
60 -1.73793
209 5.36607
220 9.50586
349 -5.24704
145 1.59357
52 -7.7372
77 -1.31303
349 -4.55908
306 -6.40472
67 -7.01973
258 12.2698
222 4.68851
57 -3.88638
323 94.0233
326 3.19177
307 9.31061
345 -18.5914
190 2.44119
113 -2.30895
284 -16.1859
123 -1.16344
246 2.39923
349 66.6251
231 7.44763
330 -25.2285
335 62.4376
332 2.27338
309 -22.0938
111 -0.529045
177 1.87941
345 6.00983
201 3.98184
53 -7.67384
258 12.7353
210 3.33144
364 12.1619
128 -0.747818
303 21.3278
127 -0.265152
273 6.56409
187 2.03613
140 1.65939
154 1.02927
92 -2.49602
246 11.1222
326 -4.3132
237 -26.9903
349 0.733856
70 -5.41461
187 2.35185
257 14.1458
260 0.644379
217 3.98973
138 1.53026
267 2.68237
274 7.6055
234 -24.068
143 1.70625
78 -1.44579
153 1.33487
226 4.95563
65 -13.4392
113 -2.31976
195 2.45981
356 1.2139
143 1.61115
319 2.01297
266 6.4726
249 6.06271
370 -26.0004
192 2.37848
20 -10.9966
233 4.59399
199 3.4577
102 -1.10621
168 1.61909
95 -0.372803
237 7.25047
362 27.142
135 1.2531
99 0.703674
56 -4.11573
61 -5.8576
282 16.5229
339 10.7041
139 0.686691
277 -15.9133
368 2.6138
254 13.29
322 76.3421
293 18.8851
248 8.54431
90 -0.456627
171 2.21938
321 -1.5636
219 4.58324
93 -1.36418
221 -1.40616
202 2.75356
200 3.11395
227 6.17477
356 -12.0867
102 -3.38577
202 3.11253
269 4.24835
202 2.75301
271 18.5312
61 -7.43217
99 0.317009
117 -0.328552
176 1.83403
335 5.2395
238 2.51297
134 0.574219
116 -0.452782
199 3.08888
367 -22.0821
122 -1.30016
140 1.91766
300 2.72864
313 15.2449
341 43.5588
346 -4.14182
285 16.5416
189 2.39505
366 30.2761
148 1.55995
149 0.531998
302 7.55002
72 -5.80634
176 1.862
341 2.01578
40 -5.19817
148 0.0294189
202 3.18968
174 1.59651
303 20.4139
220 9.4913
46 -4.60249
236 2.64317
42 -2.39142
338 5.16156
238 2.51492
291 2.37247
206 4.18127
50 -2.41998
312 3.49884
322 74.4856
208 3.10429
223 4.82787
177 1.72386
296 -4.62369
256 4.68451
55 -4.32794
357 107.525
301 21.7482
243 6.62776
216 4.09169
232 8.46474
88 -1.94233
187 2.35165
98 -4.39323
297 5.47723
99 -1.69856
243 9.22235
207 1.90657
368 88.3546
246 7.94392
142 0.581314
312 3.49933
6 -28.7332
122 -2.08988
140 0.528732
130 -7.81444
189 2.32379
95 -4.42405
320 -25.6262
115 -0.502975
83 -1.31666
265 10.1145
352 -9.38113
292 20.1302
223 7.09077
239 6.00847
338 -0.0880127
225 6.1671
239 4.98119
291 2.37149
164 0.991364
264 4.87091
234 6.96957
290 7.1283
115 1.15672
17 -17.6015
220 4.78221
134 0.574432
330 -0.740021
198 3.56708
291 2.70657
72 -1.90282
239 4.98071
253 -22.4335
243 10.3586
278 15.7632
243 7.79802
261 16.02
220 5.19839
201 2.71669
316 33.9843
126 -0.793777
201 -1.62956
158 0.507843
289 -4.60898
184 2.1781
324 97.5646
139 1.65599
139 1.54422
235 5.67981
260 10.1238
174 1.5365
125 -0.48896
213 1.77637
141 1.592
272 -24.2873
241 9.50398
352 18.7407
223 5.35164
116 -1.27154
147 1.62143
142 0.581497
325 32.564
291 0.512756
273 6.55957
297 5.5538
356 30.3881
241 12.5476
128 0.555389
197 2.01982
186 2.23903
297 21.5852
197 2.96346
102 -2.27068
59 -0.0785179
195 2.64114
191 4.00775
298 -8.436
237 8.54323
188 2.29269
246 7.02579
134 0.4133
193 2.38252
297 0.98349
258 -17.0489
191 4.77531
191 2.37302
343 9.57742
336 2.44296
213 4.67133
206 3.44528
91 -3.076
360 0.85376
187 5.14978
229 2.97264
104 -3.11689
343 -7.47693
79 -4.1542
276 15.1547
222 4.66016
249 4.98203
42 -9.03298
173 1.71391
110 -2.72546
212 5.19366
200 3.07339
314 -2.35843
212 -2.17677
52 -7.26487
79 -4.1543
342 1.73962
204 3.46248
243 9.7946
351 -11.3523
269 -14.2694
223 4.13023
197 3.02197
139 0.202972
174 1.85442
293 18.2804
366 -60.5231
148 1.68712
260 4.38452
299 23.8316
254 9.68866
369 1.98773
58 -1.65156
145 -0.506683
111 -1.27454
340 4.67645
234 -0.486496
201 4.56395
142 -0.0627899
331 -0.920197
262 2.45813
145 0.896042
312 -16.4132
209 3.6156
147 -0.419174
217 4.7149
86 -0.309074
305 12.9329
253 5.93597
144 -0.590271
210 1.88831
260 11.113
44 -7.87801
336 -10.6172
127 -1.74372
201 2.7394
258 -17.0595
318 35.5647
78 -1.76972
17 -3.62277
362 -15.3626
120 -1.15589
236 7.06358
187 5.14745
218 4.23021
328 34.8379
144 0.238998
324 33.0241
321 -0.792694
262 5.53537
354 102.354
197 2.52318
237 7.44055
243 9.94034
250 6.7274
326 98.3684
307 -10.8717
314 75.3711
143 1.67442
102 -3.3853
325 73.7506
102 -0.44043
152 1.69814
276 0.855865
89 -4.81776
62 -2.6226
111 -1.35002
247 7.59636
255 6.89813
134 0.574615
362 56.5752
269 6.3735
127 -2.31977
175 1.70923
193 2.7486
94 -1.83002
83 -4.40818
363 22.9198
265 -10.5711
372 85.0606
300 0.00863647
299 -4.75549
189 2.40599
189 2.81938
167 1.64444
311 1.66055
366 22.9243
246 2.30234
340 33.3879
193 2.51343
353 -11.5977
177 1.81348
156 -0.0519714
150 -0.305527
264 4.24295
27 -9.00255
87 -3.42795
250 -2.78775
278 7.37726
308 9.2912
255 6.89426
122 -2.09011
125 -0.509872
207 3.02377
251 7.33836
303 17.2482
225 4.50388
350 -14.1787
262 10.6035
304 17.23
348 -22.8479
140 0.528763
157 1.76743
278 -14.3738
185 2.07323
192 2.24487
344 -13.9905
315 -2.29547
336 64.7212
304 -2.76193
193 5.11488
283 10.2602
207 3.83144
201 2.72701
325 35.1968
335 40.3047
354 102.42
326 -28.5805
257 4.77026
316 3.80212
335 5.23871
213 4.2113
366 52.4816
73 -2.23512
162 1.91916
292 2.08408
190 2.73474
191 4.16904
79 -1.37811
71 -1.30357
299 3.18619
217 5.95529
240 6.64064
136 0.0456238
232 7.04903
356 106.822
348 -10.1186
214 3.51555
260 4.2951
36 -2.13686
100 -0.519066
227 4.95378
187 5.15045
189 2.35757
194 2.93147
113 -1.41814
67 -7.0188
317 2.74722
348 -14.8854
199 2.83461
200 3.08943
158 1.38544
67 -6.68239
127 -2.31684
124 0.24044
285 -29.1835
232 5.10591
8 -6.68554
143 1.50798
112 -0.439552
102 -0.459709
279 -0.621643
162 1.53146
278 -21.5352
69 -1.60788
151 0.0502625
297 3.75787
209 4.34909
338 55.1125
143 1.642
340 119.56
307 24.8046
154 0.21579
369 9.86029
94 -3.89734
145 1.56239
20 -10.9885
151 1.66713
132 1.67802
278 16.6981
62 0.159035
244 7.47739
64 -12.9203
319 2.013
300 2.72879
274 -27.1268
304 26.9656
348 -10.4609
201 2.86073
291 2.37219
106 -3.54543
158 1.56905
198 2.74963
155 1.59903
359 -1.7814
93 -1.36594
66 -2.44538
268 3.22278
257 7.23602
217 4.07164
60 -5.8441
249 -24.3643
255 2.69934
253 6.00153
264 11.1668
189 1.82301
203 -9.5112
238 6.50011
176 1.83374
310 26.6466
184 2.13557
113 -1.4207
359 -7.03415
335 81.7841
266 12.2805
362 -31.5577
271 2.80878
249 6.06232
285 -29.0916
262 8.1925
141 0.435089
283 18.7123
59 -5.32876
284 -17.1369
356 7.13409
370 28.9788
221 -0.690506
148 0.0227814
249 9.31549
199 4.24622
196 2.7901
126 0.426941
137 0.660553
134 0.57457
115 -1.88222
358 -15.3347
205 1.84599
94 -0.403404
277 2.44016
275 10.7571
147 -0.140762
140 0.527969
315 -3.25003
176 1.83487
128 -0.255783
230 5.86345
87 -3.80919
278 -18.9401
308 16.6605
107 -1.45934
240 2.01195
108 -3.10717
277 0.912384
109 -3.03633
236 3.65334
258 12.2527
110 -1.05932
362 5.53998
343 1.44617
120 -6.95861
42 -9.03202
73 -2.37572
220 9.42963
201 2.71666
155 1.27573
324 35.8146
270 3.34671
183 2.0477
226 0.64772
148 0.606964
55 -8.25904
120 -6.95875
246 8.63034
356 32.1984
369 1.98883
262 4.10388
40 -8.23566
279 -21.4283
155 2.24268
287 4.06577
324 32.1882
234 7.048
142 -0.547836
130 -7.81275
112 1.12772
50 -2.41983
206 2.83284
164 0.814453
334 64.4943
278 15.6731
352 105.134
30 -3.03962
359 -0.0597839
148 -0.200317
294 2.53268
342 4.48685
60 35.3841
93 -4.63338
335 -10.8555
360 -27.9513
66 -2.47988
153 1.30878
260 12.1686
186 2.0471
277 46.9867
190 2.41516
345 115.624
145 1.0562
337 6.56613
366 31.5309
276 15.1548
349 -5.85175
247 3.90784
283 12.5167
113 -2.31867
322 -25.2333
62 -4.50132
7 -9.93974
88 -0.539322
129 -0.296448
182 1.95914
316 4.79794
201 3.10608
336 6.56573
307 14.9478
67 -18.1309
147 -0.145432
373 23.1953
315 0.768829
259 -6.49185
308 36.7912
142 -0.820404
64 -1.76165
93 -1.36491
165 0.799118
109 -1.4118
208 3.42133
105 -0.880341
261 -24.377
303 17.2487
233 4.27211
322 -1.0126
335 5.2399
147 1.6413
363 14.4157
260 14.6585
60 -5.84428
196 2.37674
327 -23.8742
91 -3.07607
345 5.01254
209 3.70828
209 5.39583
364 -23.1206
229 5.19444
326 1.48471
264 6.17709
207 3.65747
291 -0.48584
255 -22.6498
335 40.3077
144 -0.490112
127 -0.094429
149 0.611877
60 -5.84486
213 3.75133
51 -7.10007
59 -6.65008
55 22.5469
342 117.647
27 -8.16958
190 2.13464
365 -1.12244
160 1.3149
220 3.96692
266 11.4081
164 1.44785
281 12.4241
131 -0.402863
196 2.10638
205 3.54245
349 108.097
178 4.05624
66 -1.40219
220 4.53233
115 -0.648262
243 7.79764
191 2.16362
335 62.4429
304 3.89127
327 41.0969
191 2.55208
352 -18.6161
211 3.85722
301 22.0512
80 -2.23805
110 -4.08937
58 -1.65591
363 -5.36734
280 11.0646
174 1.53227
187 14.6741
308 4.46854
345 6.0141
144 0.847366
304 17.2304
200 2.88078
361 -11.3803
220 6.40761
276 -13.2674
246 8.94281
61 -2.99992
290 11.9531
160 1.3792
330 -6.21854
9 -4.18202
259 7.43298
295 4.0271
202 2.74742
174 1.33218
368 73.7784
171 1.63094
203 3.24506
296 3.63913
80 -1.34474
253 5.59064
110 -1.0594
303 -23.1288
145 0.25679
301 1.5527
188 2.10138
191 4.8829
187 5.15775
317 2.12457
291 -0.484863
325 33.003
174 1.26611
35 -8.78852
302 15.0881
215 1.68097
282 -10.2581
193 3.05885
373 -16.7696
226 6.4182
205 2.96323
167 1.77391
52 -1.86723
344 29.7112
191 3.81204
300 18.6965
350 111.851
79 -1.37622
111 -3.07213
291 18.0525
144 -0.590164
286 4.25964
336 2.85953
61 -1.22125
21 -9.97919
83 3.07063
275 6.64709
337 2.97238
243 8.36478
309 2.69006
359 -0.0593567
183 2.04855
215 6.54633
365 14.5114
143 1.54907
147 0.132935
103 -1.22558
196 -0.336426
188 2.30696
327 18.8994
278 16.6971
133 1.13319
191 4.6154
191 4.61543
180 1.76913
152 1.33868
161 0.974884
341 -9.87418
67 -7.01876
41 -6.29453
239 4.9809
171 1.30109
281 6.36389
346 112.432
157 0.139053
206 5.29918
352 4.12704
258 14.0994
223 4.84761
191 2.27042
140 0.314377
50 -2.41994
138 1.79201
234 7.42273
351 108.792
153 0.757538
214 4.19159
298 11.03
89 -1.35181
171 1.63834
99 -0.839783
250 6.6866
261 15.5172
213 3.92451
110 -1.60429
115 -3.0689
215 3.55875
358 -14.4421
201 2.7149
239 7.16948
115 -0.648079
328 2.56235
325 32.6132
303 -3.9838
275 7.00885
118 -3.20653
341 4.48813
315 -1.27795
358 21.527
280 -5.66708
187 1.85417
187 5.16638
330 77.8073
198 3.56763
199 3.02335
152 1.6454
176 1.78561
305 25.5485
99 -3.17152
187 5.15646
208 3.31395
264 15.4186
218 5.15384
191 3.80696
352 -11.2817
103 -1.79456
261 15.4382
237 2.35892
332 87.1003
166 0.877945
209 9.86301
251 9.3127
135 1.2532
292 17.2085
301 17.2808
352 -18.7094
273 6.56409
265 11.9954
262 24.3256
115 0.805855
66 -1.67339
88 -3.48734
197 3.79066
291 2.0542
330 4.31009
282 7.96118
261 3.67126
251 11.7015
372 -39.6436
303 25.9125
115 -0.648094
366 90.6464
252 9.50822
114 -2.4011
284 7.97488
166 2.19743
332 75.211
313 -3.95847
209 4.08485
358 10.2659
286 2.42899
18 -3.79085
212 4.07037
322 -23.6735
206 3.57452
185 1.91487
31 -2.42411
253 5.81464
183 2.04756
330 12.0716
198 3.56635
218 4.62805
227 4.98457
120 -6.95988
196 2.666
353 12.1275
222 4.66679
280 -1.32825
212 3.51712
350 -13.5252
203 2.99521
229 2.97234
246 6.00089
199 3.58344
142 0.581055
345 6.01111
281 2.90823
77 -1.33097
187 2.3085
261 -1.63007
347 -27.8076
113 -1.41921
150 0.0771484
345 72.3261
297 5.47757
309 -1.69589
134 1.46304
45 -2.7191
324 97.5428
223 4.6889
307 27.8382
93 -1.36478
101 -3.35317
214 5.69009
343 9.60928
345 5.01279
361 29.7047
366 90.6998
96 -4.41776
346 114.557
210 3.59195
314 34.8778
213 4.01353
215 3.58231
140 0.314911
355 103.147
311 9.19376
188 1.90977
44 -2.47172
258 -21.2647
328 -38.4967
192 2.24513
279 15.7495
38 -2.08328
293 14.4556
190 2.45482
217 4.07219
155 1.35397
115 -1.88251
102 -3.38871
261 -2.17682
175 1.57739
50 -2.41988
199 2.64008
348 3.97876
285 -29.2948
212 4.07057
244 7.13258
363 22.4909
211 3.8403
78 -2.27592
90 -3.03796
277 -15.8745
124 -0.825462
66 -6.93282
201 3.97961
298 2.53918
79 -4.15389
298 -8.44485
291 -0.484955
298 25.1788
31 -3.0696
151 1.02429
235 6.33983
227 4.96904
76 -2.25026
305 17.2508
349 110.162
187 2.35179
200 4.24124
263 11.5255
334 5.4108
303 17.2502
162 0.918274
47 -0.50436
325 -5.19644
62 -6.16335
100 -2.97297
130 -7.81255
315 -3.28851
187 1.85416
185 2.02818
160 0.352539
216 4.45039
39 -1.13829
233 4.27173
315 -3.2532
207 3.30128
318 22.974
192 3.0255
297 6.77618
272 -25.3078
216 4.2908
117 -3.12888
267 2.78647
307 1.44312
266 10.0915
177 1.72452
128 0.374664
339 35.6013
344 73.3409
60 -6.95864
77 -0.371597
253 7.17892
300 3.02771
273 2.70773
195 2.46185
84 -19.1762
113 -1.42107
201 4.28659
30 -8.78873
76 1.16399
175 1.7907
135 0.0411987
182 1.95912
260 10.3203
273 10.6546
53 -4.35824
104 -1.51701
361 -2.08688
126 -1.35018
313 1.78912
256 6.51569
94 -1.37755
216 1.06503
297 5.52905
61 -1.61739
347 1.14102
144 1.55312
341 -10.2867
308 -6.87878
237 7.2724
342 3.15302
156 0.0496674
186 2.097
42 -5.01039
287 4.13184
144 0.0392914
91 -3.07589
291 -0.484772
284 7.69232
201 2.69341
217 2.14343
77 -5.3307
342 -0.636261
189 2.28572
177 2.00203
268 2.84897
191 4.61723
40 -6.27703
200 2.73669
187 2.15854
181 1.70868
143 0.851334
304 0.757446
350 -5.11731
211 3.97775
202 2.75368
260 3.42953
291 -0.485168
205 1.89339
352 -10.4314
144 0.85321
373 -16.7721
16 -1.42986
186 2.23277
105 -0.880165
295 5.92471
49 -7.52817
335 -0.963074
115 -0.856277
62 -13.5232
133 -0.0784149
143 -0.0531311
286 4.25952
277 2.84167
44 -7.87907
8 -6.73114
312 -13.1115
345 6.01654
80 -0.54319
154 0.21579
373 -13.9392
125 -1.7232
40 -2.71421
324 97.4972
361 29.7094
311 3.51199
176 1.83484
149 0.611664
360 15.4808
334 64.5163
64 -1.76292
275 4.7301
214 4.29564
217 4.22522
208 5.50169
253 5.96231
308 18.149
341 2.04327
235 6.28207
268 11.2543
227 6.43503
60 -6.6969
48 -2.24563
196 2.37154
122 -2.08977
315 16.0231
326 -4.78687
294 20.2367
199 3.04381
328 7.35751
187 14.7045
318 103.025
232 8.39793
144 0.848724
354 7.59845
351 105.809
232 8.72728
89 -2.82433
317 4.11874
191 2.55719
150 1.53654
118 -0.726128
279 -21.4319
316 118.873
264 8.71692
204 3.07936
330 -26.173
197 2.67245
208 3.44672
215 4.68918
135 -1.14081
285 -25.3889
299 3.76208
339 5.42224
345 5.01053
136 1.24597
199 3.52684
293 4.37894
197 2.86394
281 12.3234
46 -2.28763
361 -19.9518
302 15.0908
171 2.21895
289 1.59412
140 0.287003
163 1.58537
164 0.911728
315 -3.19226
287 11.5652
120 -1.22059
233 7.83191
117 -2.83743
358 23.9448
218 4.22552
223 7.09103
235 7.9193
151 1.65578
160 1.70941
350 -13.0335
220 6.19388
44 -7.87784
118 -1.21176
118 -0.192841
341 -10.6008
149 1.30048
255 -25.2431
347 -9.49667
239 8.3103
215 3.75127
222 4.24055
105 -0.88002
77 -5.65013
367 -1.4913
343 9.5899
235 5.68504
61 -5.86702
249 13.4079
79 -4.16047
9 -10.8524
277 3.78122
239 6.26805
115 -1.88237
160 1.66083
307 -20.2767
197 8.51913
59 -4.32531
324 33.6202
348 -2.37277
265 11.5591
25 -3.59491
223 2.31485
214 4.18068
175 1.72676
287 0.710785
101 -3.35186
330 -10.8918
320 99.8604
148 1.72298
113 -2.31858
27 -8.20004
192 2.42249
278 -21.4334
238 7.14209
279 -30.859
11 -9.04517
346 -12.8676
218 6.04955
318 21.7258
100 -0.665497
359 18.194
232 1.9778
196 2.95712
332 19.2199
365 -2.7843
202 3.77315
191 3.82219
148 0.565491
201 2.77495
226 10.606
134 1.14742
292 35.7685
187 5.16035
49 -2.41217
144 0.90918
57 -7.80287
369 9.86096
322 75.6735
301 3.31552
296 4.96509
332 86.2781
334 84.155
368 88.3781
122 -2.08994
262 6.35623
340 118.964
213 -2.08228
315 2.06937
118 -0.192902
131 1.70117
350 -13.03
149 1.44753
64 -1.7619
283 15.6819
167 1.21765
335 62.4426
249 6.33461
306 -4.09821
339 3.33167
235 6.28188
151 0.0320435
144 -0.129669
257 14.0738
264 10.818
105 -0.879761
300 1.53751
273 6.53616
348 -25.5878
193 2.48151
361 29.7093
298 -8.44388
316 1.53082
53 -7.675
307 35.0992
223 4.14702
231 6.30716
297 6.63461
109 -24.335
343 9.62115
297 6.66611
46 -8.17711
97 -1.87863
216 4.28641
298 -8.45715
359 22.7374
183 2.04747
313 49.0087
249 9.5164
348 109.495
249 6.29659
98 -0.611061
176 2.03534
204 2.57153
197 2.69066
312 107.705
191 4.16972
148 0.0292206
16 -10.2327
298 -3.44632
363 20.4598
345 5.01031
359 104.353
102 -1.88005
310 2.62866
212 4.15553
191 2.41226
289 20.0788
6 -8.76651
96 -1.06524
122 -2.08942
106 -3.5471
333 54.1465
226 6.84047
113 -0.181595
324 97.6153
20 -9.01173
355 -1.70218
261 7.87189
136 0.0451508
199 2.79492
278 -21.1844
210 3.78395
317 0.593353
323 34.6768
218 4.31738
358 101.684
276 15.1544
188 2.2692
185 1.98782
177 1.72498
71 -5.91966
318 19.6786
198 3.56581
239 7.59132
333 -22.4106
332 -7.24991
343 -8.53967
298 -8.45163
243 5.04996
178 2.03885
99 -1.45993
116 -0.132378
300 17.2917
360 -1.86142
258 6.9874
259 -19.379
134 -0.20047
291 2.37234
183 2.01045
358 106.38
73 -2.33535
186 2.30151
134 1.14723
308 36.7997
354 25.027
366 90.6938
341 43.5664
105 -0.859444
276 2.52716
305 3.26715
224 5.04881
171 2.2247
149 0.611908
144 1.76398
276 15.7538
333 17.7766
313 -23.309
149 0.612274
324 97.5165
352 18.7229
324 35.6294
303 17.2487
162 1.56216
312 1.6525
215 3.979
315 14.987
232 1.97708
229 -8.87805
325 34.8466
223 4.843
287 2.38608
125 -1.73929
78 -5.32327
349 66.5917
271 2.84409
362 -34.3992
237 7.19812
343 9.61325
131 1.05867
329 35.6567
6 -28.7797
277 10.3929
190 2.4422
129 -0.278748
318 5.73157
330 10.0186
346 -3.50427
274 1.00632
366 19.0831
369 -0.479126
206 7.16597
329 -27.4805
197 0.498154
346 70.7263
341 4.63406
306 -14.3457
90 -3.96111
132 -1.20801
151 0.0504761
208 3.88664
6 -10.3266
203 2.98184
63 0.230286
215 6.8744
247 7.16339
149 0.612228
353 4.47537
193 2.57799
331 2.21527
100 -0.66555
353 -39.8371
157 0.349533
322 88.2091
232 2.86227
334 87.2072
187 14.5633
233 7.79146
28 -8.25056
13 -1.23829
202 3.2758
202 3.62022
44 -7.8775
21 -6.47862
358 -6.33072
211 2.99765
224 4.74992
167 1.73701
209 3.70389
115 -1.88216
185 1.85094
171 1.30164
171 1.65057
144 -0.398148
276 10.8871
348 1.81671
154 1.77138
95 -4.44482
359 10.0317
319 2.01489
343 77.7301
124 0.0517273
224 3.98227
263 5.58109
150 3.09958
204 3.32993
371 -154.061
221 6.74184
69 -1.56358
318 5.54236
338 5.16138
286 10.4042
88 -1.39931
6 -10.2476
307 1.56836
258 -17.0052
31 -8.36459
278 16.6501
101 -3.35214
357 40.7369
82 -2.40972
122 0.30555
166 2.19786
233 4.27083
292 19.7305
219 5.39697
144 0.038559
52 -7.73435
248 2.32385
77 -4.36227
357 10.4652
216 6.50273
187 14.5303
258 5.2077
292 16.5157
320 -25.5954
194 2.63019
265 2.73596
336 5.10898
134 1.43408
372 90.654
234 1.78342
215 3.62486
228 -0.263321
151 0.201096
127 -0.229118
199 2.66884
153 0.878998
218 4.41107
201 3.34357
304 36.0749
174 1.3065
68 -12.3823
349 -13.7243
325 -1.09723
263 12.4123
184 2.03847
322 -2.40457
214 4.66763
355 61.5177
349 66.7904
89 -0.817146
202 2.90234
144 -0.593246
144 -0.591553
294 18.2494
115 -0.207954
342 35.5567
260 14.6564
335 62.3877
366 31.5261
145 0.897217
261 12.288
101 -1.27158
238 2.57449
87 -3.42961
341 2.04062
314 114.899
187 14.7284
283 17.4088
355 10.1175
136 0.0455017
338 36.0433
285 -30.283
278 16.1565
373 85.4337
212 4.07071
90 -3.96783
221 2.32613
275 4.42535
228 0.0262451
373 -13.9391
232 8.48798
97 -1.86618
287 16.8304
255 -24.7159
127 -2.32027
148 1.72305
197 0.503387
300 16.1928
345 5.00995
319 2.01443
324 97.5938
140 0.286942
362 24.1501
335 62.4377
159 1.63268
223 4.37129
337 2.61276
201 2.72102
305 5.29813
122 -2.0892
225 5.4641
229 2.06561
91 -0.771843
188 1.96617
329 35.6558
79 -1.53474
294 -6.91309
230 2.23106
122 -2.09
97 -0.68438
237 7.2502
252 6.17065
216 1.19707
255 -11.112
249 10.9513
237 -9.75444
61 -5.86003
317 -17.3037
8 -6.72379
303 20.417
198 2.91522
108 -1.64399
322 2.11884
128 -8.23498
188 2.26917
277 -15.8455
133 1.13512
265 14.2097
373 30.3249
349 -5.45422
250 6.7249
157 1.38318
79 -5.22423
177 1.72369
339 5.55878
337 10.3842
18 -9.82778
206 3.35197
331 1.91492
24 -10.1776
56 -2.76999
292 16.5001
339 8.64752
162 1.05763
36 -6.10542
229 5.93645
219 13.9671
280 16.2686
366 31.5249
215 1.58783
131 -0.402496
269 11.5622
303 25.9204
291 2.37149
66 -1.66783
363 -5.36197
130 -0.581299
37 -2.76591
298 12.9516
179 2.04218
295 19.7617
133 1.13676
222 4.65915
237 -24.3987
302 4.66934
324 97.4973
272 34.9665
219 4.21895
317 2.27478
154 0.215805
331 -23.2621
344 -21.3705
194 5.09904
94 -3.29662
177 1.80862
332 3.70972
263 -1.58063
335 5.23996
219 5.28941
79 -4.15442
367 -2.34042
324 38.6044
212 3.42094
224 6.0426
349 -14.9898
334 23.1992
325 -18.9984
76 -1.8765
91 -3.07597
211 5.35344
196 2.50603
66 -5.15464
250 6.69159
294 6.24033
236 2.64249
22 -3.36156
177 1.7243
319 2.01038
211 3.32089
325 4.40292
276 -1.49503
223 5.36183
365 -2.43161
297 5.4696
190 2.7343
92 -2.49582
6 -10.3348
239 4.27002
94 -4.48193
272 4.56863
238 7.52443
188 2.2802
317 2.16895
89 -0.770767
105 -0.859268
214 4.21158
208 3.28281
351 -11.0807
347 -25.8354
198 3.56636
219 13.9707
347 -10.3564
330 -35.9846
79 -4.16013
305 -15.2267
356 4.41104
304 11.2518
246 -25.0413
175 1.58023
278 -3.08017
357 -13.4951
180 1.68068
67 -7.01969
194 5.09872
32 -7.27777
329 3.36145
173 1.63216
221 4.53242
192 2.42845
217 4.32407
104 -2.39484
225 5.96724
214 4.06902
309 34.2921
333 3.50955
258 11.0299
186 2.18021
226 4.96124
274 9.2739
216 4.83344
343 -9.78406
361 56.4615
261 7.9231
344 1.74765
263 10.7871
349 110.361
319 31.6604
291 2.37152
205 4.99211
93 -1.3652
333 2.37207
202 2.91397
350 -4.53271
270 6.63745
199 3.59879
183 2.04774
287 17.1216
77 -0.374771
240 8.85893
76 -0.790413
227 3.79871
311 2.43314
358 4.16898
297 5.52039
345 71.7239
309 18.2514
187 5.14786
246 -24.5192
237 7.71747
204 4.07419
361 -6.72058
282 15.6877
88 -2.66851
149 0.611862
325 86.254
315 -1.41995
42 -9.03298
338 5.16165
140 1.05278
257 9.99194
206 2.16396
137 5.00697
367 18.7873
54 -7.77725
330 107.74
74 -5.50311
220 4.57359
361 29.7092
105 -0.642181
216 3.75227
168 1.09161
329 -26.7319
256 2.94809
200 2.96901
236 2.64316
368 -12.6409
148 1.03799
352 104.577
92 -2.49763
98 -1.31725
206 1.89218
183 2.04761
183 2.04781
80 -2.71078
78 -1.31397
337 83.936
176 1.8349
322 31.9974
141 -0.0983429
318 33.5399
258 -24.81
233 7.04919
308 36.8046
350 -13.0248
350 -13.0236
225 6.16479
211 3.83122
186 2.19141
303 25.9127
120 -3.22083
102 0.857384
259 10.372
306 -7.21262
223 10.6404
199 2.7679
221 1.36656
156 1.05571
304 28.0501
9 -4.1833
129 -0.102112
298 -1.3103
266 12.3562
300 3.09647
323 9.608
249 6.07082
56 0.0897179
297 5.53711
190 2.71727
197 -1.31497
218 4.23013
257 14.0745
318 -2.1806
235 8.01918
179 1.9446
103 0.942772
294 1.1532
266 11.7227
331 -6.03522
37 -0.551769
363 -5.35989
9 -4.23507
160 1.66104
275 -30.1189
371 -9.00595
44 -1.27483
220 6.70013
295 -15.157
190 2.73462
178 2.24745
151 1.75926
280 2.94229
223 4.13048
179 1.70065
234 7.04512
149 0.624786
303 25.9202
279 15.2889
232 8.43082
302 25.3864
331 4.3548
325 0.195251
354 6.85001
14 -3.71255
192 2.49734
333 -17.2535
201 3.12515
17 -6.59092
354 -1.10339
201 2.90965
231 6.46332
215 4.21562
225 6.0775
331 118.321
368 11.3265
6 -8.76423
112 2.30854
148 1.63895
297 8.72821
234 5.13887
103 -0.314163
310 23.8745
315 17.5352
230 6.70464
120 -1.25144
347 119.52
274 14.3796
203 7.44147
318 103.819
38 -8.33591
64 -1.97928
368 29.6255
61 -7.67188
354 105.928
88 -0.735535
257 -10.4691
277 10.3954
277 -6.70779
198 3.56825
164 1.44756
258 3.05081
367 -22.0549
324 -2.24051
216 7.0137
125 -1.05521
227 -2.94682
176 1.78548
339 5.40964
250 -24.6363
258 -23.5314
334 62.9683
126 0.493492
188 5.13458
196 3.22797
187 2.27055
292 16.496
318 2.49493
282 16.1182
79 -4.15388
187 14.5453
272 11.4189
242 1.92238
196 2.95715
351 -13.4841
167 1.17508
275 3.70078
190 2.09215
292 1.47028
261 10.896
315 20.0108
37 -19.5489
191 3.80641
303 25.9205
372 -3.39923
224 -3.09108
77 -1.55462
136 1.24622
227 7.02901
290 9.63953
239 4.98039
296 14.2876
243 2.53984
342 2.10474
130 -7.81833
71 -1.30395
302 18.2333
136 0.0444794
345 -23.446
248 6.02533
215 3.5484
331 32.8651
209 9.48817
294 2.96304
161 1.71048
341 44.7964
100 -0.284714
296 3.673
120 -6.9576
252 9.73529
185 2.01315
255 2.52084
74 0.652695
327 3.1124
151 1.70033
298 -8.45239
304 36.6255
121 -0.36377
130 -0.427216
364 -5.21063
256 -21.8144
211 3.88963
341 43.5575
133 0.499603
372 30.4128
287 4.37552
153 0.507614
265 11.3159
354 -21.4787
100 -0.665817
363 1.36008
91 -3.54824
155 0.442841
352 -14.8968
304 35.9442
288 12.815
300 17.8531
340 41.0949
319 2.01364
202 3.61978
315 -14.7308
112 0.863358
202 -10.4179
240 5.93761
192 2.39716
297 5.47336
96 -4.38514
215 1.59085
52 -2.30559
159 1.90732
182 1.75592
91 -3.79913
139 1.51901
312 27.9025
78 -1.35007
237 7.19836
190 2.25372
300 3.10233
332 -10.778
224 7.4549
190 2.71719
357 60.8032
92 -2.49766
28 -8.8828
140 -0.684921
352 -11.2831
263 11.1246
188 2.30911
350 105.919
138 0.648636
287 11.8504
93 0.859047
96 -1.95391
342 117.484
258 -23.3561
327 -22.4467
73 -2.15775
297 1.3725
345 6.01251
190 1.74554
264 -19.029
113 -2.31994
231 5.02591
215 5.13686
233 7.03226
191 5.09811
39 -3.34197
310 3.2518
237 4.71948
317 30.7331
153 0.879425
366 0.305359
269 6.37338
373 -16.7682
174 1.33482
294 -4.61481
209 4.35117
279 2.37582
303 45.8635
122 -2.08736
267 11.1511
228 0.0267029
229 -5.33949
315 10.8082
137 -0.342285
228 -0.26532
331 119.155
188 2.27788
352 -14.4943
330 112.556
354 102.432
289 14.8525
283 -23.4063
373 28.0359
96 -4.42107
165 1.41864
286 20.5986
289 6.13776
195 2.57965
373 43.2718
215 -6.96443
343 9.58356
187 5.15663
338 34.9504
60 35.4418
317 -0.147675
134 0.574432
223 4.31815
330 2.99188
188 2.12967
352 104.56
136 0.0442657
237 8.78531
98 -2.49477
40 -6.27644
314 10.741
64 -1.76154
326 -25.9387
216 1.20819
365 19.8574
291 18.0525
373 0.44873
343 9.5708
64 -1.76173
362 55.3049
262 2.48941
146 1.34232
323 -12.4162
319 2.01245
359 -11.3558
112 0.483818
166 1.56476
289 10.4281
356 1.40488
339 19.5393
221 3.57484
222 4.83344
113 -2.31872
290 17.2381
235 -19.7075
110 -2.86819
115 -0.856903
162 0.686707
278 14.1201
123 -0.347061
320 2.31613
354 -23.6619
79 -1.37059
222 6.72206
279 15.8018
87 -1.37811
88 -1.34562
348 -1.04364
219 4.38135
253 2.29735
307 2.64221
68 -18.4128
258 7.5596
335 62.4376
79 -1.30773
120 2.01763
19 -11.2768
59 -5.98178
337 78.9133
335 2.99548
319 104.951
167 1.91098
313 -20.5701
252 -23.8347
244 7.13206
33 -0.321564
305 20.4604
113 -1.5065
41 -3.29188
202 3.14908
85 -0.868134
295 10.8344
196 -0.336624
326 -0.804718
330 112.527
75 0.876389
151 1.37805
96 -4.4211
346 7.6293
232 5.95039
200 2.76836
230 4.98953
235 8.24503
149 0.611847
352 -14.0681
338 54.9358
71 -1.9605
291 10.4429
275 -30.5781
175 1.68523
6 -10.3446
346 115.046
244 5.12314
105 -1.017
240 5.93842
315 -2.79587
232 1.97829
321 3.82892
191 3.80592
249 6.32869
337 40.5269
284 20.1197
332 77.0821
141 1.49753
205 2.94865
330 35.1851
230 2.24469
237 5.71584
305 24.2612
315 39.2822
345 71.5023
341 -31.4766
358 -14.1808
298 16.259
222 4.65936
272 -24.3088
154 1.5714
234 4.66089
186 1.84612
193 3.98593
304 36.1125
219 6.97423
86 -0.838722
290 13.2123
318 6.13266
6 -8.76376
153 0.276749
149 0.480286
127 -2.32084
295 19.3487
253 -24.3164
350 -13.0255
263 -19.328
292 20.1301
341 2.01709
335 61.4833
373 -16.7701
192 2.2823
204 3.5405
127 -2.3195
367 3.49243
206 5.35135
91 -1.72598
227 6.47762
272 15.997
372 -12.058
287 19.0027
330 -35.402
206 3.59065
311 22.103
361 12.5183
297 4.39697
128 -1.11051
346 0.100647
341 -10.266
136 1.24376
115 -1.88186
258 11.9752
213 0.973801
276 -1.48837
187 1.8535
205 1.92368
123 -1.01881
326 35.486
373 -16.7695
193 4.50142
100 -0.665337
327 33.8552
235 6.49922
310 25.5006
28 -8.23188
199 2.68616
334 8.47116
340 0.655945
345 2.47714
290 17.2508
296 -0.199249
178 1.66365
338 78.7651
361 56.0584
149 0.611282
372 -30.1741
338 5.76474
260 12.135
113 -1.4198
279 2.57181
133 -1.17574
219 5.72025
130 -0.235687
115 -0.856171
230 -4.69749
223 4.1312
193 5.11566
188 2.27803
222 4.24942
250 6.80756
164 0.965759
367 -21.926
361 54.5948
349 66.5922
371 -2.29156
214 6.12817
297 5.55038
362 54.623
235 7.37584
272 6.51889
61 -6.36954
204 3.19606
307 14.0844
231 5.02606
215 4.39691
139 0.37352
366 30.2777
91 -3.0757
240 7.07277
259 6.51001
335 5.25455
333 115.711
297 5.53439
261 3.90424
84 -2.76714
148 0.643921
203 4.40443
269 4.92694
258 -17.073
346 -22.0282
145 0.894958
224 7.32085
264 10.8167
10 -4.25159
176 1.78618
314 114.857
357 104.704
298 25.2017
325 1.2933
340 36.5716
17 -5.39785
289 18.759
204 2.89687
134 1.38364
184 2.0459
299 13.7324
204 3.08459
229 6.00377
214 3.51561
80 -5.83372
267 6.33313
357 101.358
303 17.2486
293 -0.0859985
345 4.06808
330 -0.419647
204 2.83528
316 118.78
223 10.6347
336 -2.33615
372 19.1143
264 10.8507
308 17.3781
285 1.58582
252 13.4143
186 3.61147
345 -4.30124
354 26.9097
191 2.16386
126 1.22729
75 -1.48044
95 -3.3829
187 2.35175
295 -3.52725
231 6.76562
288 -21.7199
268 7.74924
335 5.20386
151 -9.77409
149 1.69142
150 0.122238
204 4.7037
188 2.17308
38 -8.45908
86 -3.11533
337 -10.6355
320 96.5125
357 107.548
189 1.92818
239 5.24393
207 2.98723
321 15.396
144 -0.597015
272 12.7805
113 -2.31884
71 -1.30389
297 19.8521
195 5.70671
278 16.6985
20 -9.27802
194 2.52473
284 16.7241
300 10.1699
323 35.1346
240 5.01328
159 1.62134
234 -23.4942
60 -1.6587
325 86.2107
73 -2.32037
223 5.34753
299 13.6812
326 -17.0281
192 3.31306
79 -6.08714
347 112.78
352 -19.8138
335 61.5414
214 5.18266
362 -21.4404
340 42.0274
229 -16.1261
307 44.3896
212 3.43721
221 4.358
310 9.45889
341 43.5637
198 2.58972
327 33.8565
144 -0.577255
275 11.5584
297 19.7299
326 35.6181
345 6.03741
11 -8.15646
324 97.5261
23 -9.23631
239 8.14735
270 12.4446
45 -8.35757
141 -0.688248
92 -1.57651
346 0.923981
177 1.72365
266 5.97153
79 -4.16057
127 -7.3196
367 86.3664
123 -0.545937
341 2.03839
356 -0.903381
347 -2.16827
291 17.8853
226 1.61095
91 -3.07589
70 -0.498428
187 1.85419
125 -0.217613
66 -1.70966
192 2.43327
290 20.0977
350 -13.0039
128 4.07585
273 -16.4234
303 9.83267
335 40.3056
160 1.97197
244 8.69843
191 2.15919
203 3.09985
177 1.72493
195 2.69722
103 -0.418533
249 9.51663
48 -2.17898
157 0.718567
230 4.6982
268 2.86624
77 -1.47056
207 3.38916
370 -4.16721
349 -14.9512
317 7.47137
136 1.24532
329 -30.0412
83 3.05955
122 -5.8887
212 4.07033
302 25.3862
303 20.4138
302 15.091
174 1.53723
323 2.63696
318 -0.600525
24 -3.07001
49 -7.68394
357 107.525
113 -2.31973
241 8.9281
171 0.816269
357 108.487
346 115.801
305 44.7434
239 4.98009
371 -1.86313
332 -38.1626
147 -0.116943
203 3.3952
337 -10.1395
273 -8.07965
315 -3.25314
297 4.32321
312 -1.99762
320 0.959106
197 -1.31697
196 2.95709
306 13.5121
232 5.9494
116 -53.3174
295 23.0931
65 -2.49301
187 2.66156
225 5.39537
324 97.5934
190 -0.0567627
350 -13.0264
194 4.56804
262 6.20786
243 2.54041
275 -24.3209
198 2.97009
223 7.09076
295 -3.51788
120 -6.95943
191 4.16934
64 -1.76162
312 28.216
350 -13.0325
344 -11.4506
277 10.3934
202 3.62032
372 24.239
328 7.36356
356 30.6378
177 1.72382
292 2.47812
367 -21.7222
250 13.9668
291 2.05072
350 -13.6827
246 7.00075
303 28.2553
303 9.72476
297 24.0598
331 118.476
308 10.6446
330 4.30685
331 33.6386
224 2.20322
348 6.39951
237 7.25008
356 -2.50372
200 2.90623
175 1.66119
321 -6.18057
152 1.64729
191 3.81004
250 12.5324
188 2.30685
100 -0.665443
283 16.0579
303 17.2531
338 55.0192
272 -21.2363
78 -1.00593
43 -7.87628
270 6.50449
148 1.47632
327 33.8537
228 0.00474548
333 -18.0266
282 16.6501
346 5.74588
287 16.3294
354 102.434
10 -4.25345
217 2.14333
191 2.55226
138 0.362305
287 7.08063
186 2.2094
269 -23.2857
227 5.12321
217 4.0724
214 4.27719
223 4.97546
366 3.64093
95 -1.93935
101 -0.339066
188 2.26889
367 14.4089
85 -1.20734
219 6.66258
105 -0.85865
115 -1.88213
347 85.0558
369 -7.28613
316 118.853
317 16.2515
373 -13.8412
273 6.53494
93 -1.36483
192 2.24493
312 108.075
301 9.37711
325 34.5414
368 88.1747
248 7.50285
118 -6.79688
227 5.12416
362 -57.2941
258 -17.005
257 9.35709
221 3.69267
220 4.78703
335 25.8571
343 115.974
113 -1.42351
52 -6.5165
316 20.4362
155 1.80374
91 -3.44029
341 43.5637
98 -2.75097
287 13.5306
187 1.94621
154 1.38087
247 6.80003
342 115.858
148 1.72327
288 1.92792
346 70.7145
349 66.5971
219 -3.30235
286 16.9008
131 -0.876831
304 34.3926
339 34.5176
293 2.71683
276 -4.93228
294 19.9671
306 0.3703
63 -2.7845
199 1.94962
220 9.46272
368 -2.19296
125 -1.73931
331 -1.68042
240 7.73984
242 5.28526
274 -26.5606
345 5.01038
335 -1.64029
347 8.0517
128 -0.317368
298 -8.45499
211 3.26164
216 6.33887
338 -9.72885
290 6.92682
373 89.6893
346 1.50803
325 86.2552
79 -1.37567
133 1.32326
243 5.04938
73 -1.40965
354 102.404
115 0.690933
201 2.70171
302 25.5392
357 81.5693
73 0.41748
88 -3.25159
63 -4.36591
162 1.68347
216 4.16772
356 0.96283
139 1.78574
92 -1.95999
128 -0.702835
185 2.06468
295 25.0741
349 -13.8303
189 2.3808
142 1.55229
278 -6.18436
314 13.4186
77 -4.67797
350 -12.9513
362 -0.604523
214 4.20569
285 -29.1487
252 12.9432
17 -3.70158
276 5.0405
290 19.0011
250 -24.4018
275 2.67007
144 0.848618
212 3.53983
115 -0.856392
77 -1.46356
222 4.65973
258 11.0292
357 -2.98074
26 -39.2719
137 5.00732
273 14.5877
134 0.0821533
228 5.74971
331 118.607
316 118.937
345 -24.0466
220 5.79298
345 -3.58069
269 8.03738
244 7.13197
351 1.67285
120 -0.575455
302 3.12292
20 -34.1172
289 21.6672
303 16.2129
281 9.95679
290 4.15012
167 1.82515
146 1.6981
353 15.8622
233 4.27176
148 0.0293884
150 0.970398
199 3.44868
278 -5.68121
285 14.4966
240 2.01033
86 -1.26892
233 4.27185
188 2.30946
83 -1.29858
129 -2.42587
346 -4.13937
364 -3.72964
304 32.3358
322 42.907
134 0.57457
240 2.01091
297 19.8602
258 11.0271
85 -2.62244
338 19.0244
267 3.61911
83 -1.99966
339 3.93192
342 4.60779
290 -11.331
188 2.2697
254 9.65167
68 -1.939
287 16.8658
280 10.5116
327 18.9276
337 5.82562
180 1.90938
6 -10.3335
220 4.89377
188 2.27025
321 -7.02225
368 -52.8272
352 4.33078
349 67.3864
222 6.71118
199 2.83871
234 7.98399
58 -7.22159
234 6.64915
335 -27.3662
275 3.87045
237 5.13145
342 78.4854
359 10.0323
209 5.02548
366 12.7829
60 -5.84385
227 4.38028
151 0.263611
128 -1.14117
229 5.12915
225 -3.12204
334 6.8869
257 -0.235992
276 -1.46344
334 50.8371
150 0.182281
305 6.08322
373 12.3336
276 11.4809
221 5.77397
100 -0.665764
75 -1.9727
328 71.3358
281 9.68906
367 -22.0852
325 2.24725
58 -1.65413
193 5.11571
183 2.04732
297 5.4845
317 25.7961
308 27.6758
285 6.94965
295 18.1397
188 2.30693
264 10.8152
172 2.24231
215 1.66806
336 -10.3739
195 5.70453
281 -2.69916
194 4.05771
332 34.5239
206 2.99136
173 1.68361
252 9.5116
207 3.33127
228 2.72223
217 4.07225
184 1.92743
277 -1.40445
341 43.5608
223 -2.0997
232 1.97754
274 14.4609
257 2.06708
91 -3.07583
316 36.5907
202 3.61961
188 2.27946
182 1.83894
335 40.3052
307 14.0821
337 79.8184
144 -0.489655
226 5.47455
334 64.8572
305 12.2095
171 1.33824
227 5.12462
316 4.11728
318 27.5292
366 90.483
304 4.34409
346 5.15179
223 5.34695
250 14.3246
231 -8.50569
220 1.69768
249 8.91644
299 13.1879
371 -2.26559
222 4.65915
369 -19.7146
223 4.13205
326 35.6232
236 2.64156
209 3.14761
223 5.34715
369 9.86084
197 -1.31592
333 -7.8938
370 -15.7556
263 12.4744
328 90.9927
127 0.345833
371 16.2786
108 -3.8667
305 16.9438
78 -1.35393
305 11.4568
367 -21.7151
297 19.8438
272 13.8677
274 7.64999
142 0.581528
193 4.09451
185 2.04077
213 3.75117
144 1.94783
352 -16.6184
263 11.3032
230 2.64027
41 -6.29395
247 8.9209
162 1.6331
288 4.4314
149 1.65932
85 -10.2827
346 -3.64743
205 4.89656
342 111.208
296 17.3784
330 -5.61063
150 1.53506
137 5.00697
237 6.57004
236 8.20337
