87 0.00984192
79 0.00414276
143 0.0135956
145 0.0289154
5 0.00716925
138 0.0164795
88 0.0088501
105 0.0253754
138 0.016037
72 0.0214615
5 0.00691605
132 0.0208893
198 0.0233612
81 0.023674
193 0.0507965
193 0.050766
79 0.0041275
145 0.0287628
4 0.0107694
132 0.0208435
187 0.0165405
81 0.0236435
107 0.0198288
200 0.0111389
99 0.0255356
123 0.0193863
122 0.00650024
70 0.0297318
202 -0.0895386
103 0.00195312
188 0.0227509
195 0.0163116
87 0.00977325
125 0.0144501
81 0.0236816
200 0.00805664
81 0.023674
194 2.86192
108 0.00842285
103 0.00161743
101 0.00246429
202 -0.077713
216 0.275635
123 0.0196915
192 0.60022
126 0.0147324
77 0.0058136
350 0.00836182
200 0.00869751
126 0.0125275
90 0.004776
186 0.455658
99 0.00332642
208 0.00686646
197 0.0134583
197 0.0142517
42 0.0117111
108 0.0251465
122 0.0168381
304 0.0129089
107 0.0199432
218 0.124619
88 0.00881195
203 -0.186981
175 0.000961304
231 0.0262909
105 0.0186462
204 0.00320435
231 0.0247955
70 0.0149307
85 0.00955963
47 0.00943756
108 -0.00836182
208 0.00688171
70 0.0150604
194 0.0702667
111 0.01754
122 0.0168762
303 0.0123596
350 0.00842285
109 0.0198212
105 0.00880432
107 0.0199356
196 0.0257721
107 0.0199585
190 0.0196686
216 0.000473022
288 0.00860596
73 0.0237656
96 0.00914001
111 -0.00406647
179 -0.00640869
122 0.00634766
165 0.0138397
218 0.123703
103 0.0102692
87 0.00354004
79 0.00395203
164 -0.00151062
105 -0.000205994
218 0.125031
70 0.0296021
105 0.0194626
94 0.0231934
109 0.0254593
92 0.0200577
105 0.0258331
99 0.00166321
5 0.00682688
195 0.0173492
4 0.0108085
182 0.0100861
89 0.0103683
85 0.0207672
195 0.0171356
165 0.0119171
115 0.0209122
115 0.0208893
180 -0.0093689
88 0.0107803
95 0.0192719
188 0.0293579
100 0.00731659
108 0.00834656
77 0.00598907
85 0.00952911
126 0.0128632
186 0.455322
105 0.00415802
111 0.0183258
207 0.0151825
180 -0.00942993
70 0.0295258
77 0.00592041
231 -0.0337067
194 0.277618
180 -0.00933838
111 0.0184174
216 0.275696
222 0.008255
182 0.0101013
125 0.0157394
181 0.123795
219 0.0109863
195 0.02211
99 0.0261154
124 0.0042572
87 0.00422668
289 0.0107117
96 0.00498199
77 0.0057373
93 0.0291748
235 -1.83839
103 0.00136566
81 0.023613
237 0.0259857
115 0.0293808
305 0.0185547
125 0.0267029
122 0.016861
76 0.00298309
70 0.0297318
98 0.0278015
220 0.0122986
111 0.0155716
107 0.0199203
114 -0.00404358
66 0.0118713
125 0.0158615
2 0.0111125
98 0.0267181
181 0.125122
190 0.018158
67 0.00515747
111 0.0183029
96 0.00489044
87 0.00984955
214 0.085968
181 0.123642
103 0.00189209
70 0.0311737
123 0.0169907
119 0.0160904
102 0.00135803
109 0.0252686
197 0.0132141
109 0.0245438
216 0.000350952
187 -0.0936127
105 0.0258865
85 0.0207062
240 0.966339
120 0.0266418
118 0.0306015
80 0.018837
96 0.00582886
188 0.0263062
215 0.0111389
218 0.124512
109 0.0199051
200 0.00801086
182 0.0101013
180 -0.00947571
222 0.00828552
271 0.0109558
96 0.0245743
198 0.024765
202 0.0257416
200 0.0110321
105 0.00898743
181 0.00190735
339 -0.00170898
85 0.00954437
219 0.0109711
107 0.0197754
111 0.0175323
198 0.0233917
105 0.0253525
96 0.00907135
271 0.0110168
66 0.0104675
198 -0.0436859
126 0.0125351
188 0.0261688
218 0.124802
109 0.0195847
181 0.124161
239 5.65529
102 0.00315094
118 0.0244675
125 0.0155716
101 0.00245667
97 0.0348282
104 0.00186157
182 -0.00518799
186 0.455612
123 0.019516
188 0.0292206
215 -0.703522
179 -0.00627136
89 -0.00285339
64 0.0284882
167 0.0744019
94 0.015358
284 0.0085144
111 0.0182343
95 0.0222931
188 0.0232849
91 0.0328827
188 0.0235748
219 0.0109558
128 0.0188293
70 0.0150604
111 0.0174713
178 0.0311584
190 0.0173035
177 0.0227966
126 0.0302124
191 0.0191345
186 0.455551
85 0.00965118
188 0.0295105
186 0.455307
125 -0.229942
289 0.0106506
193 0.0508423
113 0.00701141
199 -0.0310822
131 0.0283661
180 -0.00952148
104 0.0026474
128 0.00210571
237 0.0262299
196 -0.0300751
240 0.0171051
125 0.0144577
77 0.00579834
77 0.00590515
191 0.434265
188 0.0262604
95 0.0314484
192 0.00572205
106 0.0140228
230 -1.93909
59 0.0265656
165 0.0119324
237 0.0262451
192 0.600266
174 0.0353241
110 0.0119629
188 0.0294495
81 0.0236816
104 0.00244904
46 0.00649643
113 0.00814819
222 0.00836182
214 0.0166473
125 0.0158768
103 0.00189209
188 0.02948
181 0.0452576
339 -0.00161743
101 0.00263977
190 0.0168915
165 0.0118408
123 0.0171051
125 0.0158615
174 0.0396729
87 0.00335693
126 0.0125275
235 -1.83835
103 0.00197601
96 0.00498199
109 0.0198441
105 0.0194092
111 -0.00392914
243 0.00314331
254 0.0204468
284 0.00817871
216 0.00050354
188 0.105804
187 0.0329895
188 -2.25208
196 0.0218353
88 0.00889587
231 0.0162048
103 0.00137329
96 0.0244827
169 0.0106659
95 0.0136108
165 0.0119781
216 0.00038147
125 0.0145111
125 0.0265579
219 0.0109863
327 0.00827026
237 0.0261383
263 0.0100708
108 -0.00832367
76 0.00305939
100 0.00790405
207 1.00723
95 0.0318985
89 -0.00300598
196 -6.04504
109 0.00411987
165 0.0118866
246 0.028595
240 4.39609
113 0.0249176
24 0.0300655
5 0.00716686
85 0.00959015
113 0.02491
79 0.0303726
288 0.0216064
125 0.0242691
118 -0.0322876
271 0.0206299
180 -0.00944519
125 0.0266342
234 1.44601
269 0.0131531
202 0.0151672
203 0.0235748
284 0.00842285
181 0.125168
95 0.0192337
215 0.00263977
105 0.0259171
108 -0.00842285
242 0.0171356
218 0.124542
76 0.0030365
231 0.0162354
85 0.0205841
113 -0.000495911
111 0.0209122
246 0.0288696
81 0.0236282
161 0.0523071
231 0.0158844
188 0.0225983
103 0.00184631
188 0.0295105
95 0.0202484
188 0.0216522
156 20.7475
95 0.019104
110 0.020874
240 0.0172119
94 0.00524139
77 0.00598907
124 0.00233459
182 -0.00515747
181 0.125229
181 0.00187683
121 0.0164871
110 0.0233765
216 -0.750153
159 -0.0295715
187 0.032959
125 0.0266342
4 0.0106711
87 0.00455475
123 0.0148544
260 0.0211487
126 0.0129395
237 0.0262146
34 0.0165939
95 0.00601959
52 0.00986862
185 0.546707
252 0.0165863
206 5.97971
284 0.00814819
231 0.0160828
304 0.01297
358 -0.0143127
188 0.0229492
193 0.0103302
188 0.0292511
235 -1.88435
207 0.0152283
100 0.00796509
295 0.0202942
181 0.125137
94 0.0388641
234 0.0135498
270 -0.0139771
231 0.0161285
240 0.0171967
59 0.0304947
175 -0.265579
169 0.0297394
215 0.00201416
183 -90.3553
109 0.0198212
99 0.00260162
216 0.00038147
181 0.00195312
88 0.00884247
234 0.0170441
165 0.0118713
109 0.0151825
110 -0.00855255
137 -0.0113831
125 0.0266342
104 0.00217438
227 6.33417
185 0.0186615
126 0.0128479
237 0.0261383
85 0.0289001
199 0.024826
187 0.0329742
188 0.0293121
96 0.00579071
246 0.0289917
200 0.011261
109 0.0199203
89 -0.00296021
180 -0.00946045
201 0.0267029
92 0.00836182
219 0.0192871
91 0.0116348
239 6.34039
305 0.0186157
352 0.00570679
359 -0.00323486
177 0.219162
195 0.0146332
207 0.0153656
289 0.010498
80 0.00898743
194 0.279297
125 0.0265274
102 0.00489044
200 0.00811768
123 0.0283203
179 -0.0215607
231 -1.94542
49 0.00312805
200 0.0219269
126 0.0125275
221 0.0111084
239 0.59668
188 0.092865
194 0.275711
305 0.0186157
221 0.0196228
259 0.0246887
248 -0.374466
237 0.0184937
240 0.00167847
240 0.0171509
188 0.0231628
216 -2.02684
243 0.0107269
167 0.0104065
196 0.0210724
79 0.0306702
218 0.124725
352 0.006073
137 -0.0111542
109 0.0245972
215 0.00268555
218 0.125992
160 0.0136261
215 0.00411987
167 0.00271606
237 0.0262451
188 0.0294189
119 0.010582
137 -0.0111542
137 0.0202484
96 0.00585175
53 0.0217209
161 0.0519714
316 0.00830078
219 0.00915527
218 0.123932
128 0.00213623
246 0.0288696
194 0.0701752
181 0.123932
79 0.0306396
238 2.29713
187 0.0331268
96 0.00567627
108 0.0251083
70 0.0295181
122 0.00636292
137 -0.0111237
333 -0.00134277
188 0.0198059
89 -0.00326538
177 0.219131
34 0.0165367
124 0.00508118
246 0.0286865
122 0.016922
255 0.0205536
96 0.00491333
113 0.0248413
311 0.0218201
204 0.00326538
269 -0.00421143
352 0.00701904
212 0.014267
269 0.0132751
94 0.0154266
209 0.00886536
195 0.0293732
241 0.0163879
231 0.732193
89 -0.00318909
123 0.0196838
70 0.03125
195 0.0152588
154 31.8793
122 0.0168991
205 0.0448914
128 0.0020752
359 -0.00299072
125 0.0267029
181 0.00186157
170 -0.000961304
161 0.0521851
364 -0.00765991
204 0.00317383
357 -0.00234985
216 0.000427246
63 0.0232735
90 0.0147629
165 0.0119476
147 0.0229034
180 -0.0093689
122 0.0166855
257 0.016571
201 0.0195923
348 0.00485229
183 9.3362
122 0.0169144
79 0.0306396
166 0.0306549
215 0.00202942
345 0.0139465
188 0.0229034
154 31.8555
186 -0.905624
126 0.0299377
222 0.0158691
124 0.00504303
370 0.0238342
116 0.0136414
373 0.0405273
170 -0.000335693
188 0.0263672
108 -0.00845337
47 0.00935745
219 0.0109863
79 0.0305481
283 0.0549927
248 -0.374664
188 0.0803986
221 6.57649
215 0.0411224
214 0.0166626
123 0.0197449
90 0.00530243
188 0.0232391
128 0.00209045
271 0.0207214
181 0.125198
95 0.0202332
126 0.0129089
236 1.50426
179 -0.00648499
96 0.00447083
108 -0.00844574
231 -0.034317
187 0.0661011
248 -0.37439
352 0.00686646
188 0.0288544
105 0.0252914
122 0.0168228
135 0.011673
143 0.0139618
177 0.219193
133 0.0162811
99 -0.000480652
89 -0.00310516
216 0.275726
87 0.00325012
357 -0.00469971
177 -0.179108
342 0.0159302
197 -0.0641022
95 0.019165
207 0.0154266
298 0.0264893
357 -0.00460815
85 0.0117722
161 0.0522461
271 0.0210571
219 0.0110474
228 -2.10965
358 -0.0144653
357 -0.00457764
197 0.0133667
203 1.68083
235 -1.88441
183 0.0714264
196 0.00770569
180 0.021286
182 -0.0052948
137 -0.0112
338 0.0307007
178 0.127167
89 -0.00325775
329 0.0106812
81 0.00702667
173 -0.00212097
183 0.0470276
215 0.00283813
35 0.0144653
364 -0.00570679
188 0.0295105
256 0.0247192
125 0.0145035
96 0.00579071
307 0.0305481
345 0.0386047
137 -0.0111084
207 0.0152283
224 -1.7233
180 -0.00938416
108 -0.00834656
173 -0.00219727
215 0.0110779
34 0.0165825
194 0.279495
333 -0.00115967
235 -1.83832
137 0.02034
231 -0.0335846
200 0.00828552
214 0.388229
357 -0.00457764
227 4.14397
240 0.0171814
66 0.0204239
170 0.01828
154 31.8627
119 0.0154419
333 -0.00115967
157 0.00694275
42 0.0116692
207 0.0237427
175 0.0265045
268 0.0293884
215 13.1135
230 -2.05569
228 -1.74551
217 0.00891113
234 26.8103
203 -0.187698
126 0.0128937
180 0.0644989
359 -0.00308228
255 0.0205383
273 3.97229
122 0.0167084
70 0.0296555
195 0.0408478
247 0.000961304
177 -0.426483
168 -0.00210571
248 0.00427246
219 0.0110168
271 0.0211182
95 0.031517
189 0.0456848
187 0.0258789
343 0.0265503
168 -0.00209045
233 0.0201416
234 0.0170288
191 0.0187683
275 -0.000518799
94 0.0286636
135 0.00595093
199 -0.807068
181 0.125336
70 0.0297928
98 0.0173569
324 0.0451965
351 0.017395
124 0.00211334
220 19.122
198 -0.0436249
204 0.00328064
216 0.0100861
256 0.00430298
204 0.00323486
199 1.86115
328 0.0220947
307 0.0197449
240 0.0171661
125 0.0305099
159 0.0273285
200 0.0407257
124 0.00234222
306 0.0132751
79 0.0304947
111 0.00718689
193 0.0462036
198 0.107346
203 -0.187439
184 0.0140686
15 0.00432014
188 0.024826
221 0.00712585
329 0.00772095
108 0.00418091
242 0.00630188
214 0.0166626
359 -0.00161743
91 0.0174866
35 0.0293999
110 0.0120316
276 0.0209961
79 0.00418854
177 0.219162
329 0.009552
232 -0.00384521
222 0.00701904
121 0.0122681
357 -0.00463867
203 -0.187073
235 -1.88712
214 0.00987244
187 0.0329895
345 0.0386963
170 -0.000213623
96 0.00502014
247 0.018219
323 0.00561523
196 -0.0297089
187 0.0214081
301 0.0386353
85 0.00953674
284 0.00830078
197 0.0133514
111 0.0182877
196 0.044754
333 -0.0012207
180 -0.00941467
215 0.0414429
263 0.00946045
227 0.544403
148 0.0333405
259 -0.00286865
277 0.00872803
269 0.0131836
180 -0.009552
333 -0.0012207
173 -0.00230408
235 -1.83818
165 0.0118103
259 -0.00305176
326 0.0170288
247 0.000991821
191 0.0289459
54 0.00273895
96 0.0246048
260 0.00271606
198 0.0233154
215 0.0213318
333 0.0078125
220 0.0149384
228 0.032196
370 0.00860596
179 -0.00428772
95 0.0313873
241 0.0112
165 0.0120087
240 0.0172272
348 0.00476074
240 0.0171356
194 0.070816
141 -0.0518646
99 0.0181961
130 0.0247498
279 2.10648
168 -0.298721
108 0.0250626
203 -1.99741
148 0.0333099
248 -0.374573
187 0.0583191
42 0.0117035
214 0.00405884
284 0.00830078
326 0.0301208
271 0.0210876
340 0.0210876
252 0.0183716
260 0.0045166
126 0.0301208
333 0.00259399
196 -0.0298767
262 4.12689
259 0.0245972
186 0.0218811
200 0.00854492
186 0.455597
297 0.0278015
347 0.0141907
135 0.0116577
122 0.00630188
271 0.0110168
118 0.0244293
307 0.0425415
235 -1.83829
96 0.0245132
240 0.0172424
200 -0.276367
324 0.0436096
92 0.0175552
188 -0.962921
164 -0.00160217
167 -0.000717163
333 -0.00088501
124 0.00505829
122 0.00647736
112 0.0058136
197 0.0136871
188 0.0237885
311 0.0216064
237 -1.84496
313 1.83835
125 0.0341644
186 0.455383
211 0.144455
264 0.000671387
255 -0.00271606
238 0.0152588
372 -0.025177
28 0.0272369
30 0.00877953
252 0.019577
85 0.0206985
237 0.0347595
179 -0.00588989
79 0.030304
259 -0.000579834
227 0.0130005
28 0.0271454
250 0.0239868
240 0.0217133
125 0.0242691
178 0.033371
234 27.2888
214 0.0166931
248 -0.374329
177 4.88409
372 0.0168457
109 0.00319672
201 0.0167084
194 2.86119
263 0.0139771
329 0.00775146
260 -0.000549316
359 0.0196838
181 0.00190735
203 -0.187241
141 0.0316772
167 -0.00187683
280 0.00622559
187 0.0329742
179 -0.00428772
265 0.0731506
239 0.0104675
131 0.010376
30 0.00888634
168 -0.0716248
186 0.718262
225 4.40799
338 0.01651
35 0.014534
362 0.000213623
248 -0.374588
240 0.0171509
79 0.0302811
190 0.0217438
128 0.0204163
206 -1.98787
240 0.0171814
286 0.0208435
208 0.0187683
182 0.0164642
250 -2.70271
298 0.0234985
100 0.0215149
181 0.12532
115 0.0325699
103 0.0212631
297 0.0259399
15 0.00342464
294 0.000915527
260 0.0010376
180 -0.0144196
231 0.0161591
113 0.0248489
175 0.0218658
149 0.0162811
171 0.107437
248 -0.374557
228 0.0269318
236 0.010788
258 -0.00146484
125 0.0130463
171 0.0302124
198 -0.413895
317 0.00643921
250 -2.69991
235 -1.88475
235 -1.83838
238 -1.69113
342 0.0209961
111 0.0176544
238 -0.693527
193 0.0508728
170 0.0182343
281 0.010498
100 0.0217667
222 0.0300293
368 0.0467224
359 -0.00311279
189 0.0628967
239 -1.70828
134 0.00500488
227 0.035965
52 0.0100441
188 0.0294342
214 0.0128479
89 -0.00305939
222 0.00830078
358 -0.0146484
328 0.0221252
286 0.0177917
272 3.84775
227 -1.79044
284 0.00827026
193 -0.00392151
240 0.0188599
352 0.00582886
199 0.00831604
204 -0.0441895
249 -1.62543
175 -0.00617981
180 -0.00952148
264 0.00250244
196 -0.0296783
226 0.00341797
330 0.0309143
290 0.0154114
177 0.219116
337 0.0278931
143 0.0139618
224 0.028244
247 0.000900269
181 0.00177002
217 0.0137329
178 0.00418091
187 0.0330963
302 0.0224915
186 0.455292
167 0.00228882
199 0.0525208
130 0.0275269
143 0.0135956
92 0.0175247
242 -1.70198
237 0.018219
175 0.000930786
159 -0.0294037
268 0.0111389
177 0.219162
295 0.0180969
342 0.0155945
96 0.00488281
197 0.0134888
204 0.00335693
310 4.01801
170 0.0182495
337 0.027832
125 0.0128479
195 0.0160217
337 0.0279541
276 0.020752
234 0.0169525
235 -1.88454
178 0.0453796
363 0.00827026
204 0.00309753
264 0.0168457
101 0.0112534
328 0.020752
262 0.0234375
223 0.258575
270 0.0167847
167 0.00256348
196 0.0443115
297 0.0125427
273 0.0085144
215 0.00198364
79 0.0305786
329 0.00775146
240 0.0172119
236 0.0109863
161 0.0524139
238 -1.76425
244 0.00517273
85 0.00946808
256 -1.91322
228 -2.19264
240 0.0281525
277 5.83066
179 0.0234528
90 0.0418625
75 1.04083
350 0.000823975
254 0.00209045
170 0.0290985
235 0.0202484
111 -0.00403595
352 0.0271912
132 0.0207825
105 0.00902557
363 -0.0179138
3 0.0154157
359 0.0316162
271 0.0211182
337 0.0278015
271 0.00518799
196 0.0449371
276 0.0210876
266 0.0103455
286 0.0272522
92 0.0175476
242 0.00465393
187 0.0169525
329 0.00769043
181 0.00195312
204 0.00314331
154 0.0548859
169 0.0370789
236 -1.68655
259 -0.0206909
129 0.0132751
265 0.003479
182 0.0101166
170 0.0266266
241 0.0119476
185 0.014679
197 0.0201111
310 0.00112915
197 0.0254974
127 0.0126953
200 0.0111084
155 0.0245514
290 0.0154419
191 0.255157
182 0.314301
182 0.508026
170 -0.000869751
274 0.00909424
214 -1.86998
260 0.000274658
363 -0.0177917
98 0.0104675
280 0.0177307
256 0.00454712
343 -0.0100403
160 0.0111694
170 -0.085083
326 -0.00112915
342 0.0167236
197 0.0142212
235 -1.83839
258 -3.56642
329 0.00769043
111 0.0242004
225 -14.7723
282 0.01828
161 0.0221863
247 0.00109863
267 0.0196228
252 0.0197449
262 0.00109863
167 0.00273132
173 -0.0022583
201 0.0151978
234 0.0455933
105 0.019249
340 0.0160522
219 0.0110474
329 -0.00415039
238 -1.78865
205 0.0305176
291 0.0246887
159 -0.02948
204 0.00317383
133 -0.137299
216 0.000595093
327 0.00784302
123 0.0214462
290 0.0155029
324 0.0559387
337 0.0279541
298 0.0264282
231 0.0160675
92 0.0174942
235 21.6091
140 0.0121918
355 0.013916
265 0.0022583
206 5.9807
267 -0.000488281
105 0.00904083
175 0.000900269
167 -0.000656128
227 0.0213623
235 -0.00933838
312 0.0259399
105 0.0192719
116 0.0135193
305 0.0187378
190 0.0471954
167 0.00271606
263 0.00952148
113 0.0247421
259 -26.2976
174 0.163666
126 0.0147171
160 0.0136414
333 -0.000946045
215 0.0410156
110 0.011879
199 0.0486145
304 0.0196533
165 0.0140228
262 0.000213623
201 0.0153503
182 0.0100708
109 0.0245514
305 0.0304871
126 0.014473
188 0.0267487
176 0.00712585
109 0.00328827
194 2.86278
159 -0.0293884
253 0.015564
96 0.00582886
219 0.013031
163 0.015625
198 0.0232697
237 -1.8687
105 0.00305939
329 0.0078125
252 0.0167999
87 -0.00666809
342 0.0141602
137 0.0202789
252 0.0220795
108 0.00317383
232 0.0115662
266 -0.00491333
170 0.0182953
143 0.00320435
118 0.0245285
354 0.0154419
131 0.0286102
293 0.0158081
96 0.024498
107 0.0135727
137 0.0201569
345 0.0380249
160 0.0135956
145 0.0193024
306 0.00762939
215 0.0112457
209 0.0279236
165 0.0118866
180 0.0137787
209 0.038147
126 0.0148087
327 0.0043335
285 0.0266724
345 0.0391541
305 0.018158
96 0.0300217
264 0.00408936
191 0.433929
315 0.00524902
337 0.027832
188 0.0294495
248 -0.374649
260 0.0169678
235 -1.83832
190 0.0532837
194 -0.0611267
350 0.00836182
328 0.0209351
320 0.0166016
308 1.60583
170 0.0183258
282 0.927795
224 0.39357
75 1.04063
307 0.019043
276 0.019104
116 0.013588
327 0.00408936
183 0.308807
103 0.00191498
282 3.23392
238 0.0802155
296 0.0065918
168 -0.00216675
247 0.00111389
137 0.0343628
323 -0.00012207
278 0.021759
318 0.0146484
243 0.0107269
90 0.0418701
126 0.014679
223 0.00561523
179 -0.021637
329 0.0107117
188 0.0154266
336 -0.0043335
345 0.0382385
131 0.0305786
148 0.0111237
282 0.00765991
302 0.0100708
243 0.0124207
173 0.0263367
316 0.0109253
204 0.00759888
203 -0.187271
203 -0.18718
285 0.0258789
358 -0.0143738
87 0.027832
201 -2.0331
329 0.010437
197 0.014328
125 0.0147858
216 0.00949097
143 0.0141907
140 -0.0407104
170 0.0154572
128 0.00212097
307 0.0375061
104 0.0025177
284 0.00814819
362 0.00537109
167 0.00254822
252 0.0193634
146 0.0320129
142 0.0458374
350 0.0330811
248 -0.374359
167 0.00270081
179 -0.00427246
113 -0.00860596
249 0.00782776
327 0.00820923
351 0.0148621
178 -1.15106
282 0.0124207
350 0.00857544
235 -1.83832
181 0.0900879
192 0.0467224
333 -0.00128174
265 0.00241089
160 0.0135956
327 0.00411987
357 0.00106812
351 -0.0182495
239 0.0811768
359 -0.00515747
113 0.0248108
125 0.0213547
363 -0.0174561
201 0.0153351
158 0.0416565
96 0.00563049
171 0.0385132
196 0.0449982
259 -0.000488281
206 5.98073
110 0.0117416
332 0.02948
222 0.00723267
317 0.0140991
357 -0.00463867
167 0.0025177
142 0.0301971
231 0.0160828
145 0.0270386
17 0.0126114
296 0.0071106
201 0.0305481
143 0.0137482
127 9.91821e-05
280 0.0142517
126 0.0141449
169 0.0228271
95 0.0317154
105 0.00357819
191 0.00448608
231 0.0261993
170 -0.000457764
275 0.0277405
324 0.0458374
194 2.86153
309 0.0170288
140 0.0354614
322 0.0128174
180 -0.00950623
276 0.0206604
264 0.00415039
167 0.0280762
90 0.0417938
339 0.0381775
180 -0.164627
177 0.0306396
341 0.0176086
253 0.0258026
137 0.0115051
321 0.00302124
99 -0.0268631
214 0.0127411
372 -0.0116272
268 1.69449
247 0.0175018
28 0.0271416
232 0.525497
96 0.0245056
174 0.0190735
312 0.0249939
252 0.0236664
109 0.012619
259 -0.000549316
214 -1.88885
143 0.0140076
265 -0.00311279
263 0.0197754
221 6.58459
171 -3.7764
362 0.0140686
247 0.0176544
277 -6.10352e-05
92 0.0249634
92 0.0174866
320 0.0191345
208 0.0068512
370 0.0340576
160 0.013504
35 0.0290527
238 -1.75735
135 0.0245667
324 0.0455017
199 0.0460358
278 0.00164795
163 0.00346375
354 0.0229187
141 0.0088501
200 0.0252228
237 0.00730896
177 0.0271912
79 0.0305252
106 0.0152206
247 0.000854492
194 0.278915
237 0.41864
92 0.0174942
149 0.0174866
113 0.0295181
208 0.00683594
168 -0.00209045
281 0.0104675
266 0.0187378
240 0.0156097
219 0.00621033
326 0.0299988
327 0.00698853
104 0.0219727
206 0.00912476
352 0.0126648
170 -0.000823975
298 0.0221252
165 0.0141907
284 0.0083313
352 0.0106812
277 -0.000854492
143 0.0135193
104 0.0043869
172 -0.0648804
332 0.0032959
182 0.113327
204 0.00323486
160 0.0137177
299 0.0200195
338 0.0350342
227 0.0117493
181 0.0109863
273 0.0145264
243 0.0106812
247 0.0178833
197 0.0135345
260 0.000213623
161 0.0524139
173 0.00604248
193 0.0507965
105 0.00889587
296 0.0343323
281 0.00491333
235 -1.83833
336 0.0176697
357 0.0506592
319 0.0331116
246 0.0264587
255 0.0205231
160 0.00680542
116 0.0134048
358 -0.0144348
171 -0.00178528
201 0.0153809
308 0.0224609
165 0.00993347
337 0.0279541
295 -0.0085144
165 0.00927734
219 0.00624084
197 0.0142365
282 3.23309
79 0.030304
248 -1.53018
180 -1.08656
308 0.0535889
145 0.0218506
89 0.0259552
126 0.0147858
203 0.0531311
200 0.00854492
326 0.0302124
282 0.0122986
275 0.0291138
165 0.0101013
137 0.0255127
159 -0.0295105
268 0.0164795
297 0.0125122
181 0.00186157
171 0.0133972
182 -0.00512695
138 0.0226135
159 0.013092
209 0.030838
216 0.00038147
135 0.0353088
360 0.0361023
322 -0.00335693
99 0.0170975
172 -0.00621033
264 0.00549316
247 0.000991821
298 0.0263672
191 0.180969
299 0.0195007
297 0.0279541
167 0.00242615
299 0.0202026
167 -0.00132751
208 -3.7903
256 -24.7688
241 -1.9657
225 -10.9667
308 0.024231
322 0.0175476
188 -2.33562
143 0.0140839
309 -0.0470581
256 0.0045166
198 0.0232697
221 -2.062
232 0.529053
296 0.0291748
328 0.0135193
219 0.0109863
305 0.0186462
164 0.298203
350 0.0325012
329 0.0102234
244 0.0137024
90 0.0417328
194 2.86079
184 0.0126343
330 0.0213318
260 0.0157471
235 -1.83839
327 0.013092
172 -2.28719
224 0.0230865
363 -0.0178833
100 0.0202789
167 -0.00485229
142 0.030304
328 0.0221863
151 0.0749664
355 0.00927734
278 0.0188293
344 -0.0240784
103 0.0153503
116 0.0134659
85 0.0289688
90 -0.000862122
327 0.00427246
352 0.00610352
91 0.0122147
189 0.333145
231 0.0161591
279 0.0201721
237 0.00549316
114 0.0311966
134 0.0519104
353 0.0201416
342 0.00790405
295 0.0261536
319 0.0515137
351 -0.00161743
179 -0.0043335
289 0.0172424
182 -0.00527954
241 -1.90749
282 0.0128479
292 0.01651
351 0.0151062
254 0.0133209
350 0.00430298
186 0.00692749
341 0.00115967
158 0.0434418
364 -0.0015564
177 0.219162
247 0.00100708
146 0.013916
178 0.140503
342 -0.00366211
123 0.0195084
125 0.0267181
255 0.0105286
252 0.0196381
209 0.030777
291 0.012207
301 0.0248108
219 0.00558472
170 0.0290375
111 0.0147858
84 -0.00075531
306 0.0213318
356 -0.0110474
357 0.0572815
177 0.0299988
289 0.0150146
135 0.0281219
199 0.0505219
170 0.0184631
290 0.0158997
327 0.00436401
204 0.00326538
284 0.0149841
255 0.036499
280 0.0142822
351 0.0148621
148 0.0333862
170 -0.000915527
175 0.000991821
194 0.0131683
330 6.10352e-05
245 -1.67
170 0.0266418
281 0.0122681
202 0.0214539
196 -0.000473022
105 0.00598907
137 0.0202179
179 0.0395355
133 -0.0112915
295 0.00765991
219 0.0160675
264 0.00531006
194 0.00228882
230 0.0162354
170 0.0267334
363 -0.0178528
372 0.00396729
235 0.0387573
159 0.0177002
285 0.0103455
158 0.0421295
280 -0.00247192
175 0.00120544
267 0.00253296
131 0.0133362
245 0.0344696
130 0.010376
199 0.0251007
307 0.0361328
317 0.0098877
345 0.0384827
294 0.000915527
361 0.0231934
247 0.00106812
170 -0.000289917
356 0.0436707
276 0.020874
363 0.0162659
142 -0.00550842
252 0.019577
342 0.0213928
237 0.0262299
372 0.0331421
290 0.0195618
236 -0.00177002
259 -0.000610352
295 0.0118408
273 0.0125732
170 0.0291443
142 0.0262604
182 0.0238342
176 0.00256348
231 -0.0335388
170 -0.000869751
271 0.0211487
350 0.0374451
224 0.0279388
247 0.000946045
339 0.0387573
247 -1.65894
148 0.0333557
328 0.0196838
244 -1.90376
48 0.0210609
369 -0.0584717
293 0.0100708
191 0.420364
311 0.0133972
317 0.0296021
372 0.0232544
181 0.083252
175 0.0216675
216 0.00880432
298 0.00418091
263 4.14844
202 0.0175018
24 0.0298882
321 0.00317383
270 0.00866699
188 -1.63301
106 0.0376358
223 -5.45207
58 0.00634384
262 0.000305176
342 0.0349121
328 0.0209351
163 0.00205994
196 0.0443573
168 -0.00218201
154 0.0224152
254 0.00311279
170 0.0290375
294 0.00805664
363 -0.0275879
259 -0.020813
235 -1.83836
126 0.0148315
362 0.0039978
316 0.0141296
267 0.0186768
353 0.0308533
173 -0.00224304
138 0.0237122
327 0.0128784
99 0.0100021
338 0.0235901
272 0.0105896
225 -11.1765
168 -0.00210571
172 -3.44041
223 0.0168152
370 0.019928
172 -0.00672913
203 0.0105133
263 4.14371
125 0.0403671
206 0.0460358
356 -0.0100098
251 -3.41049
173 -0.0130615
332 0.00933838
337 0.0278015
301 0.00112915
134 0.0137024
297 0.0126648
321 0.00320435
158 0.0624542
262 4.12653
328 0.0220337
306 0.0228577
197 0.0131073
327 0.0151367
214 -6.433
182 -0.00108337
327 0.0171814
352 0.0106812
168 -0.00219727
303 -0.026123
260 0.000183105
156 0.0607758
178 -0.575562
203 0.024231
172 0.0218506
240 0.964447
342 0.0158386
166 -0.139053
268 0.00640869
131 0.00657654
241 0.00959778
313 0.0178833
155 0.0585938
350 0.00842285
329 0.009552
123 0.017128
183 -0.0083313
243 0.0240021
142 0.0256195
158 0.0436096
350 0.0083313
250 -0.00126648
359 0.012085
241 0.00956726
193 0.0507202
196 0.0440979
235 0.0386047
364 -0.00195312
137 0.0202789
309 0.0134583
344 0.0169678
110 0.0119171
117 0.0244598
105 0.0193481
302 0.0107727
144 0.0378418
282 0.01297
235 0.0524139
175 0.0395355
178 0.0212097
302 0.0140381
173 -0.0019989
351 0.0149231
167 0.00247192
372 0.0196838
197 0.0169983
236 0.0109711
320 0.00906372
346 0.0282898
350 0.0314026
345 0.0387878
310 -0.0112
347 0.035553
181 0.00305176
225 -6.59677
146 0.0319672
298 0.0231323
316 0.0640259
297 0.0278931
170 0.0290833
178 0.144165
245 0.100555
236 -1.74731
240 4.39578
94 0.0153732
342 0.0298462
285 0.0241089
182 0.0100555
362 -0.00088501
372 -0.006073
280 0.0142517
194 2.8624
256 0.00424194
279 -0.00765991
90 0.0418091
281 0.00967407
335 0.0160828
283 0.0256958
368 0.0471191
85 0.00967407
195 0.0222473
361 -0.0015564
166 0.0214386
183 0.0163116
140 0.0306091
202 0.0141602
170 0.0182343
134 0.0580139
187 0.0154572
228 0.0270844
338 0.0252686
356 -0.00558472
276 0.0163879
127 0.019043
337 -0.0120544
240 0.0128174
157 0.00724792
247 0.000961304
178 0.028244
311 0.0174561
115 0.0210342
234 4.49934
329 0.00775146
349 0.0310059
170 0.0183411
159 0.0178375
281 0.00335693
363 -0.0179138
341 0.018158
241 0.00817871
158 0.0188293
84 0.0268402
281 0.00949097
169 0.0248871
214 -0.000869751
247 0.00105286
284 0.00668335
139 0.05513
338 0.026886
311 0.0179749
264 0.00695801
269 0.0133667
325 0.0355225
169 0.0419922
271 0.020752
358 -0.0145569
158 0.0423584
188 0.000869751
177 0.0158081
370 0.00534058
163 0.0198669
173 0.0373535
139 0.0351105
280 0.0140991
159 -0.0294495
121 0.0391006
353 -0.0164185
349 0.0307922
325 0.0370789
349 0.0306396
145 0.0284424
195 -0.578049
276 0.0246887
293 0.00323486
181 0.00765991
170 0.01828
156 0.0198822
168 -0.00215149
144 0.0283966
135 0.0170288
263 0.00949097
334 0.0302124
248 -0.374466
347 -0.0160828
311 0.00726318
320 0.0244141
169 0.0232697
336 0.0173645
182 0.0100861
356 -0.00531006
323 0.0127869
146 -0.0254974
352 0.00720215
302 0.0285034
50 0.0767021
280 0.00692749
167 -0.0182343
292 -0.0349731
105 0.0259628
113 -0.00866699
298 0.0237122
348 0.00476074
342 -0.012085
151 0.0475464
263 4.13
324 0.0446167
182 0.0101318
352 0.0246582
96 0.0120697
339 -0.00198364
182 -0.00518799
313 -0.0168152
199 0.013382
373 0.0436096
122 0.0312424
135 0.0116272
346 -0.0128174
256 0.0045166
167 -0.00180054
155 0.0175629
154 0.0220032
362 0
99 0.0127411
323 0.011261
332 0.000274658
196 0.0441284
135 0.00427246
133 0.0136414
190 0.0291138
259 -11.332
168 0.0332031
280 0.000793457
308 0.0242615
280 0.0145264
348 0.00473022
308 0.010376
297 0.0160828
369 0.0116272
342 -0.00418091
368 0.0469055
331 -0.00088501
164 0.00320435
145 0.0291901
114 0.0318985
370 0.0260315
97 0.0149155
201 0.011322
312 -0.0108337
327 0.00830078
296 0.0129395
164 -0.361465
351 -0.0128784
225 -11.1776
268 0.00909424
75 1.03843
196 0.0445862
372 -0.025238
316 0.0246887
203 -0.186798
134 -0.179321
271 0.0110779
265 0.0220032
329 0.00778198
308 0.0241089
368 0.046875
358 0.0484924
243 0.00871277
334 0.026947
263 -0.00219727
266 0.00143433
278 0.00149536
370 0.00424194
338 0.0254822
156 0.0405426
350 0.0259705
239 0.015686
311 0.0163269
370 -0.00634766
208 0.0580139
167 0.00233459
352 0.0126953
296 0.0107727
187 -1.66772
212 -1.79733
339 0.00613403
89 0.0258484
112 0.0204773
358 0.0179443
182 0.0293121
343 0.0248718
294 0.0253601
316 0.0184021
363 -0.0177612
333 0.00265503
368 0.0469666
202 0.0237427
372 -0.0609436
321 0.00323486
243 0.371689
158 0.0210419
166 -1.56686
252 0.0195465
277 0.0308228
332 0.00341797
309 0.0133667
123 0.0171127
252 0.019516
339 -0.0017395
168 0.0327606
326 -0.00134277
369 0.0155334
334 0.0128174
310 -0.00854492
294 0.00253296
178 0.00231934
308 0.020813
257 -27.8633
276 0.0164185
235 0.0374146
321 0.0401001
122 0.0371628
200 0.00964355
370 0.0248718
334 -0.0065918
186 0.455475
52 0.00980377
235 0.0374908
228 0.0271454
359 0.00961304
185 0.0110626
336 0.00369263
234 26.541
309 0.0109253
168 -0.0020752
352 0.0103149
332 0.00146484
304 0.0129395
198 -0.0436554
328 0.0364685
239 0.0186768
143 0.0141602
259 -0.000610352
291 0.00656128
183 -90.3544
332 -0.0102539
253 -0.0065155
296 0.0102234
276 0.0144958
256 0.00448608
177 -0.000411987
269 0.0133057
201 0.00823975
127 2.28882e-05
204 0.00325012
126 0.0300674
335 0.0194397
155 0.0432434
182 -0.401367
188 0.0294952
299 0.0210571
201 0.0556335
180 -0.00917053
350 0.0122986
187 0.103561
315 0.0238342
134 0.0273438
251 0.0244751
241 0.0454712
160 0.0186615
219 0.0314026
328 0.020752
167 -0.000701904
351 -0.0145264
370 0.0248718
342 -0.0102844
333 0.0226135
124 0.00511932
280 0.0142212
332 -0.00790405
342 0.0158997
329 0.00759888
269 0.0133972
58 0.00562286
239 0.00863647
215 11.1537
295 -0.0358582
326 0.0263977
363 -0.0178833
133 0.00881958
205 -1.74617
193 0.0508728
75 1.0383
248 0.0164337
88 0.0274277
346 0.0189514
164 -0.00149536
279 -0.00827026
260 0.00256348
355 0.0375366
159 0.00299072
126 0.011734
363 -0.0166931
318 0.0257263
266 -0.00244141
183 -90.3546
244 -0.000900269
159 0.0154572
165 0.0119019
93 0.0288162
362 -0.0180054
332 -0.00845337
244 0.0133667
362 0.00161743
352 0.0273132
203 -0.187027
263 4.13589
326 0.048645
218 0.124268
275 0.0178528
356 0.000823975
175 0.0279388
171 0.0177917
96 0.00746155
246 0.00424194
252 0.0130615
335 0.0187988
147 0.0149536
370 0.0362244
351 0.0174255
364 -0.0177917
350 0.0343323
100 0.0171127
346 -0.0110779
245 0.0132446
270 0.0116577
304 -0.0128174
305 0.0181274
236 -1.73407
309 0.0137024
206 0.0476837
147 0.00367737
368 0.0467834
344 0.0102234
241 0.0206909
75 1.03962
139 0.0106812
332 -0.0101318
285 0.0298767
238 -0.69194
181 0.0817719
182 -0.00717163
251 -0.00111389
252 0.0195007
159 -0.0296173
300 0.00405884
107 0.0480194
295 0.0107117
150 0.00752258
129 0.0220947
356 -0.00567627
207 0.0159149
345 0.0506287
324 0.0399475
251 0.013443
250 0.0141602
352 0.00692749
247 0.0155945
96 0.00907898
336 -0.0379028
311 0.0166016
254 0.0264893
97 0.0311203
273 0.0083313
295 0.0236206
35 0.0291023
249 0.0098114
263 0.00952148
180 -0.00932312
364 0.00488281
207 0.216461
349 0.0305176
333 0.00570679
122 0.00949097
351 0.0159912
368 -0.0098877
360 -0.0212708
154 0.0222168
332 -0.0100403
273 0.0101013
340 0.0210876
121 0.0272675
366 -0.026947
301 0.0322876
238 -0.693665
112 0.015686
280 0.0142212
207 0.0211334
251 -0.000259399
142 0.0168457
219 0.0102539
216 -0.744858
351 0.00598145
330 0.00613403
133 -0.0114594
193 0.050766
309 0.0176086
281 0.00497437
254 0.0232086
160 0.0462952
353 0.00546265
324 0.0371399
332 0.00317383
283 0.0341187
191 0.113632
351 -0.0180054
256 0.026123
126 0.0144501
269 0.0157471
321 0.0391846
220 -0.00222778
290 0.00540161
243 0.0190277
356 -0.00540161
140 0.032196
254 0.0112152
258 0.0038147
341 0.0213623
307 -0.00427246
338 0.0192871
309 0.0134888
315 -0.00888062
345 0.0378113
286 0.0191345
167 -0.00062561
364 0.0629272
322 0.0332031
305 0.018158
328 0.0210266
290 0.00585938
274 0.0193176
264 0.0083313
196 0.0447388
88 0.00676727
137 0.0240173
274 -0.00769043
147 -0.00700378
193 0.0507965
368 0.0469666
247 0.0010376
308 0.0242615
355 0.00424194
351 0.0148926
214 0.0155792
322 0.0334778
168 -0.00224304
111 -0.00400543
159 0.0179138
239 0.0134888
167 0.00280762
359 0.0371094
163 0.00700378
164 -0.00158691
127 0.0191193
174 0.333664
87 0.0010376
332 0.00317383
239 0.0457153
174 0.00143433
114 0.0311127
230 0.042511
305 0.0239563
109 -0.00668335
304 0.0180664
259 0.0247192
153 0.0223541
342 0.0231628
136 0.0220032
275 0.0219116
207 0.0152588
136 0.0348206
319 0.0161438
161 -0.0321503
239 0.0063324
302 0.0326843
150 0.0355988
332 0.00228882
259 0.0111084
254 -18.6322
190 0.0127411
103 -0.00483704
291 0.0157471
112 0.0136414
256 0.00439453
181 0.0483246
111 0.0130768
343 -0.00762939
182 -0.00511169
350 0.00448608
332 0.00311279
271 0.0158997
85 0.0139923
189 0.0268097
369 0.00994873
246 0.466705
234 2.64369
198 0.0233917
260 0.000152588
247 0.00102234
332 -0.00778198
328 0.0279236
298 0.00860596
322 0.0283203
368 0.00662231
281 -0.0010376
314 0.0138855
193 0.0411835
284 0.00845337
154 0.0144653
125 0.0242615
350 0.00418091
175 0.0274811
217 0.0190125
159 0.0177917
350 0.0316162
281 0.010437
309 -0.00839233
326 0.0300903
145 0.035553
352 0.0124512
364 -0.0131531
276 0.0209656
179 -0.00418091
344 -0.0122681
185 0.015976
174 0.350433
203 0.0175476
257 0.00164795
292 0.0123596
290 0.0138855
159 -0.0296326
142 0.0261536
290 0.00582886
115 0.0280914
282 0.0133057
131 0.625153
155 0.0551453
92 -0.000343323
350 0.0375977
136 0.00894165
306 0.0180054
238 -0.693695
356 0.0170593
5 0.00688028
316 0.0107422
154 31.9094
131 0.0134583
174 0.0188141
239 -0.0127869
269 -0.00878906
216 -1.86539
338 0.0231018
228 0.0270386
254 0.0115814
370 0.0353699
261 0.022522
301 0.0159302
342 0.00704956
264 0.00286865
238 -0.692627
89 -0.00288391
364 -0.00106812
356 -0.00570679
152 0.0618286
364 -6.10352e-05
94 0.00990295
346 -0.013031
275 0.0141602
114 -0.0039978
316 0.0331726
296 0.0179443
274 0.0263367
285 0.024353
252 0.0194855
173 -0.00212097
316 0.0282593
206 0.0310364
356 0.01651
280 0.0142212
345 -0.0107727
223 0.0322876
235 0.0376434
89 -0.00302124
342 0.0158691
314 0.019043
305 -0.0126343
352 0.00592041
314 0.000366211
252 0.0194092
327 0.00430298
261 0.00109863
269 0.0132751
141 0.0222931
172 0.405579
329 0.00772095
364 -0.0100708
260 0.0112915
237 0.018219
328 0.00604248
363 -0.0177917
336 0.0348206
320 0.0107727
114 0.0314636
324 -0.00921631
306 -0.00720215
303 -0.00762939
245 0.0279846
317 0.0162659
104 0.0289764
185 0.0170898
48 0.0763779
369 0.00985718
159 0.0179596
298 0.016449
175 -0.030899
301 0.014679
332 0.00341797
340 0.00939941
118 0.00923157
182 0.010025
349 0.0133667
163 0.0035553
339 -0.00216675
369 0.0160828
277 0.0220642
166 -0.0657043
313 0.00845337
286 0.0264893
148 0.0405731
321 -0.0314941
112 0.0159454
351 0.0129395
356 -0.0110779
280 0.00198364
298 0.02771
271 0.0207214
336 0.00805664
184 0.0414276
286 0.0209045
270 0.0258179
168 -0.00234985
268 0.0284729
350 0.0314331
168 -0.0020752
239 0.0092926
170 0.0270081
253 0.0101624
269 0.0032959
157 0.0196075
307 -0.00927734
220 0.0123291
250 -2.69791
323 -0.00308228
296 -0.0128479
172 -0.0349884
176 0.0492859
70 0.0149231
159 0.00384521
342 -0.00271606
173 0.0452728
349 0.0411072
315 -0.00012207
268 0.0158081
177 -0.0382233
269 0.0138245
159 0.0179443
359 0.0393066
318 0.00152588
351 0.0354004
168 -0.00215149
309 0.0351257
239 0.0187836
270 0.0159302
281 0.0132446
328 0.00421143
327 0.00442505
350 0.0349731
205 0.00930786
298 0.0262756
173 -0.0149384
144 0.0325012
185 0.0210114
247 0.0176392
262 4.12863
190 -0.00357056
240 0.0175934
307 0.021637
359 0.0373535
366 0.0223999
99 -0.0266037
235 0.0373383
248 0.0114441
254 0.018631
173 0.0164185
317 0.00991821
256 0.017334
340 0.0243835
184 -0.00849915
308 0.00790405
174 0.00205994
137 0.02034
206 0.0535583
172 0.0395355
35 0.0291443
338 -0.0218201
285 0.024292
153 0.00747681
311 0.0181885
320 0.0145569
198 0.0232391
338 0.0303955
244 1.17772
249 0.0139008
366 -0.00891113
321 0.00494385
180 0.00782776
239 0.0189056
358 0.960876
198 -0.0433197
342 -0.00250244
170 0.0291138
278 0.0272217
324 0.0364075
199 0.00262451
371 0.0121765
333 0.0264587
160 0.0136108
340 0.0184326
359 -0.00350952
325 0.0569458
359 0.03125
152 -0.0166168
325 0.024292
346 0.0508118
364 0.00408936
360 0.0325317
113 -0.0085907
324 0.00991821
170 -0.000518799
351 0.0130005
319 0.0208435
285 0.00842285
182 0.0100861
299 0.0192871
219 0.0111237
132 0.0336304
308 0.00634766
317 0.02005
251 0.0158234
313 0.0396118
248 0.0170288
147 0.00367737
366 0.0167542
165 0.00984192
92 0.0260544
140 0.0307007
286 0.0193176
156 0.0205383
175 0.0215607
359 -0.0497742
357 0.0546875
345 0.0106812
372 -0.0253296
362 -0.00827026
139 0.0365906
217 0.0059967
208 0.00709534
364 0.00305176
197 0.00363159
116 0.0137405
315 0.0355835
276 0.0170593
259 -0.000579834
184 0.0156708
180 0.0737305
205 -1.71925
324 0.0438232
167 -0.00105286
272 0.00866699
362 0.0620422
244 0.0098877
146 0.0136719
332 -0.00271606
123 0.0293427
326 -0.0507507
311 -0.0117493
240 -0.00860596
367 0.0171509
366 -0.0213318
351 -0.0171509
360 0.0143433
160 0.0100403
240 0.0171204
365 -0.0221252
198 0.0232544
187 0.0271759
157 0.00694275
222 0.00823975
192 0.0433197
240 0.0172119
352 -0.0088501
120 0.0243988
75 1.03812
175 0.0278625
327 0.00823975
49 0.00297928
204 0.00320435
165 0.00959778
295 -0.010498
222 0.00820923
269 -0.00213623
236 0.0114288
263 0.00949097
235 0.0374298
194 0.070755
221 0.0389557
352 0.00662231
140 0.0129089
124 0.00497437
351 -0.0219116
363 -0.0279541
263 4.13467
330 -0.0264893
362 -0.00805664
365 -0.00585938
346 -0.00134277
107 0.0155487
115 0.0284271
351 0.0160828
210 0.0359039
360 -0.0115967
275 0.00683594
294 0.0130615
140 0.0272675
178 -0.435974
244 0.010025
151 0.0305481
124 0.00215149
260 6.10352e-05
296 0.0305481
361 -0.00738525
292 0.0127258
368 0.0214233
284 0.00668335
250 -2.69438
363 -0.0135193
324 -0.00732422
364 0.000549316
341 -0.0197449
345 0.0388489
351 -0.0175476
274 0.0102844
244 0.0224762
243 -1.71208
372 -0.0255737
307 0.0197754
239 -0.0127411
359 -0.00543213
316 0.0400696
261 0.0184326
301 -0.0407104
177 -0.172989
351 0.0161438
155 -0.00791931
370 -0.0045166
350 0.0386047
144 -0.0223541
291 -0.0039978
174 0.0259247
361 0.00619507
329 0.00741577
185 0.0109406
333 -0.00616455
340 -0.00183105
356 0.0176697
363 -0.0270996
240 -0.00880432
134 0.0611877
311 0.0166321
170 -0.000762939
139 0.0108185
168 0.0118561
358 -0.0216675
181 0.00741577
171 -0.0723724
319 0.0276489
281 0.0107727
364 -0.013855
231 0.0169373
336 0.0307922
370 0
140 0.0356445
164 -0.16008
321 0.00396729
239 0.0133667
110 0.0119019
280 -0.00161743
366 -0.0212402
324 0.0152588
348 0.0427856
239 0.0133514
149 0.0523376
268 0.0122681
147 0.0455322
357 0.0263062
216 -0.753082
330 -0.026001
232 -0.00384521
98 0.0159683
301 0.0326233
260 3.05176e-05
165 0.0119324
133 -0.0195312
188 0.0218201
235 0.0374146
154 0.0269012
145 0.0122375
349 -0.012146
310 0.00305176
260 0.0140991
298 0.0270386
114 0.0312042
220 -0.00178528
173 0.02565
299 0.0182495
147 0.00378418
180 0.421921
173 0.00422668
173 0.0300293
322 0.0313416
306 0.0291443
303 -0.0170593
154 0.0453033
279 0.0114136
291 0.0102844
179 -0.0254669
355 0.0304565
371 0.0237122
287 0.0179138
158 0.0410156
279 0.0192261
115 0.02668
148 0.0495453
263 0.0249329
309 0.0181274
364 0.00558472
292 0.00842285
363 -0.0179138
309 -0.011261
239 5.65558
96 0.0300903
315 0.0112305
191 0.00167847
288 0.021637
182 0.0193787
110 0.0275497
371 0.0220642
350 0.0314026
330 -0.0229492
310 0.0222473
363 0.0158691
333 -0.0473022
337 -0.0366211
346 -0.0126648
339 -0.0117188
349 -0.0128479
136 0.0124969
249 0.0100098
290 0.0154114
365 -0.0218811
352 0.0333862
231 0.0161591
313 -0.00500488
346 -0.0128784
276 0.0208435
372 -0.0254211
239 -0.0126953
126 0.0301208
369 0.0104675
353 0.0371399
317 0.0249939
343 0.0115356
200 0.0110168
178 0.643036
373 0.0169678
249 0.0166626
344 -0.0180664
248 0.0142212
358 -0.0146484
153 0.0220642
365 -0.00854492
177 0.0149689
364 -0.0118713
317 0.0140686
313 0.00238037
123 0.0194702
329 0.0115356
350 0.0374146
351 -0.0172729
286 0.0205078
158 0.04216
336 0.00210571
358 0.000946045
323 0.00921631
180 -0.0222626
285 0.0241699
330 -0.0265198
292 0.0201111
301 0.00494385
165 -0.00314331
359 -0.00332642
303 0.0141296
154 -0.000183105
330 -0.0267029
296 -0.0370789
282 0.0159607
298 0.0262451
335 0.0240784
360 0.00314331
368 0.0195923
141 0.0294952
193 0.000320435
314 0.00241089
300 0.0262451
246 0.0180664
370 0.0246887
259 0.0247192
285 0.0358276
326 0.0299683
313 0.0358276
240 -0.00637817
150 -0.0135193
308 0.0243225
256 0.0134277
174 0.0604401
247 0.0281067
174 0.333481
278 2.4668
88 0.0273895
364 -0.0120239
282 0.0098877
161 0.0521698
336 0.00762939
262 0.0159607
365 0.0254211
118 0.0174789
179 -0.00823975
236 -0.0017395
153 0.00767517
190 -0.00230408
349 0.0296631
309 0.0180054
165 0.461868
219 0.00257874
359 0.0143738
351 0.0210266
359 -0.0032959
324 0.0151978
205 0.00926208
324 0.0447693
344 -0.0269165
318 0.025238
330 -0.0352783
167 0.0157166
145 0.0283966
324 0.0396729
298 0.0264282
288 0.0216064
341 0.023468
122 -0.0926666
192 0.0393219
189 0.0420685
154 0.019104
188 0.0107117
239 3.39272
343 0.0273743
140 0.0304871
112 0.0166779
363 -0.0177612
256 0.0232544
88 0.02742
165 -0.000427246
92 0.0195007
350 0.0283203
343 0.00393677
295 -0.0367737
361 -0.0143433
362 -0.00198364
368 0.0466309
139 0.0113525
368 0.00753784
101 -0.0157013
294 0.0245667
205 0.00932312
240 -0.00878906
170 0.486893
263 0.0250244
240 0.0158386
183 0.0186462
89 0.0258942
352 0.00695801
308 0.0242004
299 0.0194702
159 -0.0295105
369 -0.0549622
322 0.0109863
365 -0.0274658
237 0.0313721
321 0.024231
325 0.0313416
158 0.0433502
330 0.00952148
106 0.00278473
108 0.000434875
346 4.43561
332 -0.0458374
322 0.0150452
247 0.00102234
332 0.00317383
239 -0.0127106
338 0.0243225
244 -1.82242
347 0.0396423
169 0.02034
341 0.00762939
331 0.0218811
352 0.00668335
249 -0.000976562
351 -0.0176392
261 0.0349121
369 0.00991821
369 0.00985718
259 -0.00888062
215 0.0112457
362 0.000366211
351 0.0162354
246 -6.93179
282 3.22964
266 -19.9661
282 0.0132751
330 -0.00900269
167 0.0155182
247 0.00108337
352 0.0301208
359 0.0142517
231 0.0162048
329 0.0125732
295 0.0207214
324 0.0437622
196 0.00556946
352 0.0127258
239 0.0416107
361 0.00183105
326 0.0572815
145 0.0282135
369 0.0102844
341 0.0234985
324 -0.0173645
268 0.0926819
138 0.0055542
321 0.0317688
324 -0.00796509
175 0.0189514
319 0.0252686
357 0.0438538
345 0.0383301
290 0.0172729
359 0.0217896
292 0.0120544
174 0.333237
323 0.00961304
309 0.019165
256 -24.7622
325 -0.034729
108 0.0083313
240 -0.00761414
259 0.0140991
271 0.0133057
284 0.00805664
276 4.66211
350 -0.0174255
285 0.016449
332 0.00292969
158 0.0434875
175 0.0218048
170 -0.000823975
291 -0.00375366
105 0.0252609
366 -0.0212402
286 0.0204468
146 0.0150299
219 0.0312347
357 0.0287476
316 0.0218201
272 0.0180054
368 0.046936
368 0.0470276
259 0.0246582
349 0.0305481
290 0.006073
358 0.00195312
48 0.0211372
233 0.0100403
347 0.000610352
142 0.0299835
170 -0.000686646
159 -0.0119476
333 0.0290833
114 0.0317612
129 0.00897217
101 0.00906372
328 0.0202942
319 0.0405579
311 0.016571
153 0.00738525
328 0.0142822
235 0.0373993
332 -0.0101929
270 0.0203247
173 0.024704
329 0.00582886
182 -0.00527954
240 0.0126953
148 0.0537567
330 -0.0204773
158 0.0434265
281 1.58133
363 -0.0274963
175 0.0275574
186 0.0320282
310 -0.00241089
298 0.0200806
167 -0.000762939
149 0.0269775
167 -0.00177002
332 0.00323486
335 0.0133057
276 0.0209961
251 0.0275116
196 0.025177
186 0.0530548
140 0.0171204
301 0.0215759
372 -0.00152588
240 0.0128021
371 0.0197449
363 0.00775146
244 0.00840759
325 0.0370789
341 0.0234375
139 0.0422058
165 0.0118561
239 -0.00396729
188 -0.032486
166 -0.0533295
297 0.0220642
333 0.00259399
193 0.0510101
257 0.0161438
204 0.0032196
324 0.0438843
176 0.031311
352 0.0352173
324 0.0585327
336 0.00177002
347 0.0471802
275 0.0210266
176 0.0192413
308 0.0157471
290 0.00576782
318 0
130 0.0264893
326 0.0284119
135 0.0214996
364 -0.00137329
328 0.0300598
259 0.0616455
150 -0.00134277
244 0.0381317
137 -0.0111237
172 0.104233
325 -0.0339355
363 -0.0374451
362 0.0133057
313 0.0292969
328 0.039978
268 2.20715
147 0.0254822
140 0.0305328
364 -0.00769043
308 0.0170288
135 0.0116882
312 0.0279236
354 0.0274048
365 -0.0223083
131 0.629211
170 0.0183258
94 0.0240936
359 -0.0083313
178 0.0207367
285 0.0101929
333 0.0273438
339 -0.0020752
315 -0.01297
363 -0.0377502
371 0.00106812
332 0.00317383
341 0.0067749
184 0.014679
266 0.0115356
168 4.94475
330 0.00552368
251 -12.9469
256 0.00460815
283 0.0121155
257 -3.1619
334 0.00698853
144 0.0395966
358 -0.0131226
324 0.0213623
303 0.0152893
278 0.0043335
256 0.0173645
243 0.0106964
364 -0.0015564
191 -0.69928
357 0.0502319
174 0.0037384
148 0.0333405
235 -8.89664
128 0.00415039
331 0.0409851
347 -0.0145264
291 0.00811768
349 0.0412903
368 0.046936
253 0.0236053
150 0.0357513
342 -0.00494385
363 -0.0378418
224 0.0233002
107 0.0198593
360 -0.0142212
167 -0.107208
360 -0.000335693
218 0.0116577
250 -2.7027
284 0.038269
339 -0.00222778
285 0.00601196
334 -0.0491638
321 0.00482178
158 0.0431824
351 0.032196
364 0.0108032
357 0.0151672
373 0.0150146
324 0.0278015
356 -0.0101013
236 -0.00177002
363 0.00430298
196 -0.0322723
373 -0.000640869
363 3.05176e-05
267 -16.8764
332 0.00323486
372 0.00958252
315 0.0125732
133 0.0406189
351 -0.0171814
320 0.00445557
210 0.0193329
296 0.026947
99 0.0261765
248 0.0140381
372 -0.0253601
341 0.00280762
64 -0.0448837
365 0.0317993
243 0.0207367
263 4.14749
316 0.00592041
290 0.00793457
114 0.00668335
363 0.0184631
166 0.0242615
337 0.0279236
352 -0.0122375
286 0.0281677
291 -0.00393677
291 -0.00344849
364 0.00546265
105 0.0252686
292 0.0263672
221 0.0273743
353 0.0374146
300 0.0131226
202 0.0278015
325 -0.0328674
327 0.00726318
324 -0.0218506
168 -0.00209045
229 0.0197906
144 -0.0177612
192 0.0310669
333 0.0201111
139 0.0366364
365 0.0314941
268 0.00872803
177 0.040451
154 0.0403137
372 -0.025177
323 0.0381775
311 0.0303955
135 0.037796
142 -0.00543213
357 -0.0129089
151 0.00839233
166 3.05176e-05
355 1.81592
206 5.97987
118 0.0244217
239 -0.0132599
198 0.0233612
348 0.0427856
259 0.0247192
111 -0.00382233
333 0.0176392
173 0.0235291
235 0.0378876
304 0.0137634
357 1.76535
197 0.0197449
284 0.0143433
259 -0.000518799
328 0.00698853
259 0.0162964
341 0.0050354
362 0.00180054
99 0.0314865
368 -0.0368958
179 0.0277863
110 -0.034584
169 0.0233154
351 -0.0170898
329 0.0145874
145 0.052124
167 -0.0302277
311 0.016449
334 0.0319214
158 -0.00505066
237 -1.88916
326 -0.0189209
358 -0.0144043
101 -0.00344086
333 0.00827026
179 -0.0215607
173 0.00299072
234 0.0170898
325 0.0279541
309 0.0327454
252 0.0227356
244 0.0247803
116 0.0232849
349 3.98111
369 -0.0436096
212 0.00679016
359 0.00765991
173 0.0476074
283 0.0140991
95 -0.0137939
363 -0.0177917
144 0.0257568
345 0.0383606
318 0.00857544
371 -0.012085
164 -0.0015564
324 -0.00921631
143 -0.0193176
154 0.0214386
216 -2.02684
333 0.0448914
196 0.0446777
352 0.0128479
184 0.0155029
266 0.0224304
357 0.0463257
124 -0.0368195
310 -0.00366211
342 0.015686
167 0.00248718
330 -0.0090332
245 0.0146484
125 0.00504303
278 0.00799561
167 0.0303345
129 0.0274506
278 3.45493
327 0.00439453
182 0.0101166
284 0.035553
352 0.0271301
359 -0.00479126
363 0.0159607
230 0.0124664
370 0.0188904
324 0.0276489
309 0.032959
340 -0.00985718
296 0.00512695
348 0.00460815
109 0.0245056
310 0.0229492
259 0.00506592
220 -1.78522
165 0.044754
239 -0.0126495
315 0.00769043
116 0.0405731
307 0.0253906
184 -0.00611877
190 0.00233459
254 0.0193787
354 0.0093689
345 -0.0154419
240 -0.00869751
348 4.89008
343 -0.0246277
122 0.0358658
324 0.0450745
363 -0.027832
139 0.0104218
176 0.00361633
202 0.0207977
333 0.00289917
220 0.00202942
324 0.0449829
148 0.011734
359 0.0412903
356 -0.0102539
127 0.0148544
113 0.0248871
183 -90.3546
316 0.00265503
324 -0.0100708
192 -0.466293
141 0.0529022
164 -0.00149536
159 0.0163422
227 0.00611877
208 -0.000427246
332 -0.00799561
259 -0.000640869
363 -0.0179749
350 0.0314026
174 0.0266266
149 0.0475922
210 0.0596771
154 0.0380707
259 -0.000671387
131 0.028595
356 -0.0108032
332 0.00311279
353 0.0264282
166 0.187653
270 3.60202
344 0.0325012
135 0.0273743
365 -0.028656
319 0.0246277
341 -0.00506592
155 0.0211029
170 0.0080719
319 0.0117188
240 -0.0040741
351 0.0172424
290 0.013916
299 0.0193481
303 0.00692749
144 -0.0266418
129 0.0414581
347 -0.0145874
152 -0.000579834
329 0.00946045
303 1.47046
364 -0.00137329
140 0.0128632
133 -0.0115509
366 0.0127869
168 -0.00205994
274 0.00796509
342 0.0282593
131 0.00752258
316 -0.0151062
324 0.0276489
328 -0.0111084
309 0.0133972
134 0.0159302
255 0.013092
333 0.00271606
363 -0.00973511
299 15.5856
288 0.0146179
332 0.00332642
129 0.031601
353 0.0228271
359 0.0128479
351 0.01297
248 0.0225525
111 0.0202179
333 0.0222778
333 -0.000762939
245 0.0146637
137 0.0244598
52 0.00989151
295 0.0179443
198 0.00595093
150 0.0224915
372 0.000335693
306 0.0299988
335 0.0228577
295 -0.00747681
148 -0.0110931
266 -0.0043335
118 0.0207901
350 0.0224609
170 -0.000595093
263 4.13681
359 -0.00308228
358 1.05444
171 0.00689697
345 -0.00927734
134 0.015686
278 -0.0227661
347 0.0271301
352 0.0351562
167 0.00242615
256 0.00970459
189 0.000289917
149 0.0190887
314 0.00942993
366 -0.0213013
194 0.0707245
122 -0.0930328
208 -0.000473022
185 0.0165405
231 -11.0904
216 -2.08377
175 0.0216522
273 0.0163269
271 0.0110168
184 0.0150146
209 0.0303955
347 -0.0267029
307 -0.00915527
131 0.0349426
330 -0.0209045
362 0.00863647
278 0.0433655
133 0.0624237
257 0.00891113
350 0.0269775
324 0.0450134
267 2.20688
333 -0.00576782
67 0.00507355
196 0.0443573
372 -0.00805664
121 0.0268707
243 0.0106506
107 0.019371
367 0.00485229
142 0.025589
286 0.0129395
336 0.0228271
345 0.0017395
105 0.0193176
153 0.0294952
321 -0.0291138
324 0.0417786
173 0.0178375
281 0.0104675
172 0.0276489
276 0.0188599
324 0.021698
317 -0.0043335
363 -0.0375366
248 0.0219421
200 0.00827026
320 -0.00143433
175 0.0280609
124 0.00417328
124 0.00222778
333 0.01297
140 0.0155029
364 -0.00149536
356 0.0267944
280 0.0142212
191 0.0286102
139 0.0108948
322 0.0138855
290 0.0155334
333 0.0078125
193 0.0509033
209 0.0098114
356 -0.00256348
175 0.0278168
240 4.39485
252 -4.71654
314 0.0328674
330 0.00701904
154 -0.00193787
342 0.0291138
310 4.0289
336 0.00515747
111 -0.00390625
338 0.030304
336 0.0141907
345 -0.0162964
313 0.026825
35 0.0301132
263 4.0802
111 0.0183334
263 -6.92438
351 -0.019043
250 -2.69734
372 0.0603943
282 0.00204468
184 0.0300598
282 -0.00863647
201 0.0154114
286 0.020752
353 0.0397034
35 0.0302963
139 0.0301208
276 0.014679
299 0.0167236
333 0.0333862
280 0.0144043
359 0.0374451
196 -1.31134
109 0.0132904
331 0.000549316
215 0.00205994
261 -29.8638
338 0.0038147
295 0.0123901
105 0.0032196
182 0.0161591
359 -0.0218506
331 0.00546265
359 0.0297852
232 0.0121918
167 -0.0783844
115 0.053215
249 0.0138397
158 0.0132599
259 -0.00323486
325 0.00753784
335 0.0337219
363 -0.0017395
202 0.115738
179 -0.0214996
145 0.0358887
163 0.013092
163 0.0324097
151 0.00839233
108 0.000152588
365 0.0495605
341 0.0187988
260 0.00259399
142 0.0300293
314 0.0171509
310 0.0230103
300 -0.00692749
215 0.259506
267 0.0144043
143 0.0442505
135 0.0222931
269 0.0235291
326 0.0387573
246 1.13171
330 -0.0201721
219 0.00737
209 0.0121765
351 -0.0152283
333 -0.00100708
235 0.0376587
188 -0.0338898
373 0.00527954
111 -0.031868
284 0.0244141
256 0.00427246
360 0.0038147
350 0.00415039
353 0.0285645
134 0.0542908
194 -6.3278
303 0.0220947
170 0.0289917
297 0.00720215
331 0.0270691
282 0.015564
329 -0.00683594
47 0.0092392
265 0.00228882
132 0.0321045
333 0.00769043
351 -0.0153198
322 -0.0039978
364 -0.0131531
296 0.0217896
182 0.0212708
311 0.0301514
242 -2.0731
313 0.0232849
283 0.0325012
145 0.0356445
259 -0.000549316
282 0.0117188
323 0.00732422
373 0.0139465
364 0.00408936
169 0.0318604
135 0.0289001
358 0.0235596
295 -0.0185547
160 0.0135651
293 0.0155945
145 0.035553
231 0.0133209
362 0.0012207
323 0.0093689
332 0.0240784
267 -16.8057
302 0.0017395
352 0.00592041
290 0.0170288
152 0.0135498
337 0.0393372
42 0.0116844
315 0.0247192
266 -0.0012207
266 0.0180359
351 0.00158691
357 0.030304
312 0.0301514
343 0.0255127
305 -0.0195923
270 0.0253296
156 0.0369873
297 0.0124817
185 -0.00964355
314 0.0313721
178 -0.317993
351 0.0162659
186 -0.00889587
280 0.0143433
324 0.0216064
246 0.0109711
334 0.0088501
309 0.0131836
136 0.0284576
269 0.0132751
179 -0.0215607
128 0.0188446
332 0.0135803
241 0.0367584
108 0.016098
159 -0.0295105
310 0.0224915
365 0.0108643
133 0.00396729
153 -0.0288391
174 8.34244
192 0.600082
283 0.0338135
159 0.0288544
250 0.0151367
260 6.10352e-05
369 0.0165405
336 0.00384521
125 0.0306244
184 0.0159454
340 0.0267334
331 0.034729
362 -0.00408936
327 0.00802612
281 0.0144653
186 0.0117645
369 0.0104675
24 0.0300636
234 -1.87408
332 -0.0180969
247 0.0175629
345 0.00457764
184 0.0153656
170 0.0450439
178 0.546371
343 -0.00735474
210 -1.91696
353 0.0135498
239 -0.00401306
334 0.0160828
359 -0.00311279
142 0.030304
240 0.965775
373 0.012207
365 0.000274658
351 0.0141602
349 -0.0109558
267 0.00161743
152 0.0184784
351 0.000671387
255 0.0109558
209 0.0374908
177 0.259216
274 0.012207
364 0.00570679
309 0.00720215
350 0.022644
165 0.0141296
283 -0.00180054
290 0.013916
267 0.00588989
173 0.0307159
324 -0.00772095
239 -0.00398254
266 0.0206604
259 -0.000579834
178 0.0244904
110 0.0300446
280 -0.0175171
311 0.00949097
178 0.01828
365 0.0316467
214 0.0329285
98 -0.00891876
358 -0.0144958
125 0.0242157
333 0.017334
313 -0.0306396
219 -1.77127
344 -0.0112915
234 0.0409698
280 0.0142212
142 0.0302124
259 -0.000610352
165 -0.00131226
174 -0.0667725
359 -0.00299072
134 0.062088
280 0.0143433
296 0.00524902
335 0.016571
274 0.019989
212 0.0547333
191 -2.08081
370 0.0381775
359 0.0410156
195 0.0209656
270 0.0397949
324 -0.00616455
185 0.0623779
193 0.0508881
347 0.00424194
318 0.0241699
358 -0.0236816
164 0.000488281
270 0.0144653
251 0.0143127
246 0.0112
175 0.00100708
304 0.0240784
174 0.380447
324 0.0436096
327 0.0137329
352 0.0333252
294 0.0246277
359 0.0421448
105 0.025322
352 0.0195312
170 -0.128647
188 0.0434265
340 0.0357666
341 0.0325317
363 -0.0278015
170 -0.000396729
363 -0.0279236
351 -0.0184021
160 0.0227051
273 0.0100098
149 0.00811768
223 -0.22261
267 0.0179443
109 -0.0175705
193 0.0506897
368 0.00170898
360 -0.0167542
189 -0.000839233
301 0.0217285
343 -0.00378418
166 0.603806
364 -0.00216675
344 -0.0253906
236 -0.00167847
196 0.0443726
372 -0.0252686
169 -0.0983124
89 0.026535
136 0.0274658
257 -0.0324097
352 0.0126038
172 0.0431671
129 0.0228577
260 0.0213318
96 0.0246353
139 0.00901794
347 0.0309143
152 -0.0304565
305 0.0186157
293 0.0165405
126 0.0148315
370 -0.0179749
325 0.0101013
263 4.15164
175 0.010025
148 0.0333099
164 0.046402
308 0.0242615
197 0.00541687
323 0.011322
321 0.0109558
132 0.0644531
250 -3.1319
137 0.0110779
303 0.0324707
147 0.00370789
117 -0.00780487
186 -0.0891571
116 0.0273743
318 0.00949097
346 -0.0125427
366 0.00796509
161 -0.0326233
351 0.0129089
287 -0.00204468
143 0.0301514
204 0.00320435
131 0.0884094
290 0.0523376
372 -0.0255432
139 0.0107117
127 0.0330963
123 0.0675735
364 0.0113831
316 0.00292969
336 0.0252686
285 0.0194397
218 0.0387421
204 0.0152435
358 0.0210876
351 -0.02005
333 0.0085144
262 4.1265
78 -0.00112915
338 0.0154419
268 0.00271606
330 0.0195618
308 0.0274658
139 0.0184479
309 0.0289001
111 0.0163651
142 0.0439758
179 0.0357361
359 -0.00317383
247 0.0233612
267 0.0119934
343 -0.00177002
364 -0.00628662
348 0.029541
315 0.0276794
249 0.0289612
168 -0.00212097
149 0.0193024
343 -0.0149536
312 0.0110474
342 0.0141907
321 -0.0255127
171 0.621368
338 -0.00912476
160 0.0134125
346 3.20013
354 0.0230103
275 -9.65601
311 0.0299683
311 0.0187378
177 0.0139771
219 0.00624084
108 0.0250168
170 0.941345
196 0.00289917
127 0.000366211
323 0.0141602
195 0.0166931
358 0.003479
310 0.0274658
363 0.0120544
313 0.0576477
118 0.0142517
295 0.0230713
269 0.0132446
259 -0.000915527
196 0.0140533
348 0.00466919
109 0.005867
372 0.0203857
273 -0.00100708
350 0.00369263
138 0.00636292
271 0.0224304
304 0.0130615
275 0.0071106
140 0.0137177
324 0.0151978
259 -0.000549316
366 -0.0212402
324 0.021637
169 0.00144958
267 3.57697
164 0.0441895
338 0.0119934
344 -0.00680542
240 0.00177002
179 0.0100098
111 0.00688171
245 0.0148163
293 0.00750732
208 -0.000610352
234 0.00543213
158 0.0433502
146 0.0623779
363 -0.0281067
256 0.00427246
349 0.0308228
317 -0.00158691
256 0.0045166
262 1.5799
357 -0.00466919
305 0.0262146
351 0.00683594
244 0.0319061
165 0.0140991
276 2.07834
325 0.0198669
137 0.0202026
363 -0.0220337
273 0.00970459
314 0.00592041
167 0.393524
260 0.00012207
197 0.0237274
278 0.0154724
254 0.0198975
333 -0.0342712
318 0.022644
329 0.00756836
185 0.0269165
139 0.00952148
274 0.0114746
109 0.0246124
337 -0.0145569
371 -0.000793457
294 0.0275879
180 -0.0193634
246 0.0275726
193 0.00933838
277 1.1214
244 0.0322418
282 0.0238342
197 0.0195007
298 0.0151978
328 0.00198364
340 -0.0107727
346 1.70154
363 -0.0201721
145 0.0284424
358 0.0133057
157 0.0126495
278 -0.0180969
67 0.00520325
286 0.0205994
342 0.0158997
96 0.0297623
189 -0.025528
347 0.0413513
308 0.0242004
363 -0.0375061
361 0.003479
352 0.0103455
264 -0.00805664
270 0.0136108
239 5.6562
145 0.035614
218 1.24251
293 -0.0357971
254 0.0348511
351 -0.0136414
139 0.0662537
70 0.0149689
272 3.85333
232 -11.0506
142 0.0261841
219 0.0110321
170 -0.000808716
354 0.0020752
272 0.00912476
116 0.0179138
290 0.0140076
173 0.045517
162 0.000640869
340 -0.0136414
251 -6.34654
348 0.0412598
364 0.0118103
161 0.0153351
197 0.0172729
326 -0.0182495
358 -0.0131226
351 0.00268555
303 0.013855
262 -34.923
328 0.00973511
122 -0.0924835
213 0.019165
287 0.00177002
221 -0.000518799
251 0.0116577
358 0.0341492
359 -0.00317383
187 0.0391846
350 0.00436401
173 0.0149078
260 0.00238037
254 0.0362701
348 0.0342407
170 0.029007
259 0.00598145
280 -0.0139465
362 0.00888062
185 0.0262909
290 0.0171509
197 -0.0606079
172 1.73062
177 0.0404053
348 0.00463867
184 0.039978
363 0.0457458
311 0.00537109
335 -0.000274658
349 0.0160828
239 0.0188293
333 0.0219421
167 -0.018158
240 -0.00828552
283 0.00891113
139 0.0112457
333 0.0177612
310 0.0301819
355 0.0121765
319 0.0142212
266 0.0325928
179 -0.0266571
340 0.0150452
343 -0.0133972
190 0.0221405
262 0.0111389
260 0.00244141
211 0.0188751
275 0.00262451
342 0.0158386
160 0.0134888
165 0.00906372
203 0.0427246
309 0.034668
342 0.0155029
354 1.38501
371 0.0222473
168 0.00244141
240 0.0127563
202 0.00816345
138 0.0122681
241 0.0388031
178 -0.543472
308 0.0370789
307 0.0289612
363 -0.0278015
148 -0.0209961
326 0.0423584
368 0.0467224
357 -0.0280762
149 -0.0283661
246 -2.00446
358 -0.0143738
366 2.01343
161 -0.0169525
140 0.00357056
196 0.0224457
271 1.46664
341 0.025238
274 0.00894165
112 0.0186615
251 6.02432
360 0.0179749
369 -0.0509033
174 -0.0304871
198 0.00088501
195 -0.621399
355 -0.0214539
231 -11.7018
341 0.0335999
323 0.0136414
308 0.0198669
340 -0.010437
168 0.023819
307 -0.0136414
339 0.0334473
279 -0.00088501
329 -0.0085144
260 0.00250244
363 -0.0219421
254 0.0210266
354 0.0325623
286 0.0209045
219 0.0109711
193 0.0467072
275 5.12656
336 -0.0062561
305 0.0186462
224 0.00596619
359 -0.00360107
177 0.14595
359 -0.003479
296 -0.0117493
197 0.00473022
222 0.608276
364 0.0152283
281 0.0163269
113 0.0197372
236 0.0109253
269 0.0133057
302 0.0144653
351 0.00585938
339 -0.0131836
333 0.0267639
332 0.0269165
260 0.00244141
136 3.05176e-05
243 0.0106812
241 0.00582886
303 -0.0185852
297 0.00534058
310 0.0141907
163 0.00704956
136 0.0478821
174 0.333252
220 0.0124512
298 0.00982666
140 0.0368805
282 -0.0090332
92 0.00489044
262 0.00756836
346 -0.0125427
343 0.00628662
275 5.12497
269 0.0133057
351 -0.0172424
130 -0.000793457
290 0.0062561
164 -0.0531616
277 4.42218
151 0.0189972
142 0.0260162
314 -0.0272217
139 0.0182648
312 0.0513306
351 0.0159912
356 -0.010437
343 0.0134583
170 0.529404
333 -0.00119019
363 -0.00180054
277 4.99384
115 -0.0133438
364 0.00799561
273 -8.49203
340 -0.0116577
337 -0.00918579
339 -0.00192261
290 0.0154724
144 0.0304718
315 -0.00872803
250 -2.71222
133 0.022644
240 0.0130005
335 0.034729
242 -1.07594
308 0.0240784
317 0.0233459
364 -0.00109863
127 0.00757599
282 -0.000946045
193 0.050766
131 0.627426
196 -0.00231934
371 0.0449829
350 4.06799
365 0.0313416
343 -0.00100708
365 -0.0144348
215 0.272537
120 0.0213242
336 0.0508118
336 0.0355835
242 0.324341
364 0.00976562
312 0.0144958
173 0.0324707
253 1.44048
35 0.0292282
340 -0.00311279
250 -2.71741
321 0.00268555
356 -0.00994873
352 0.0151978
339 -0.0128784
327 0.00436401
137 0.0202484
352 -0.019104
352 0.00683594
125 0.0145416
136 0.0191193
157 0.00505066
179 -0.0258484
219 0.0312347
134 0.0247192
348 0.0263367
363 -0.0264587
324 0.0110779
196 0.010498
363 -0.0287781
163 0.0371704
241 -0.015213
267 0.0010376
234 0.0297394
111 -0.0497131
178 -0.00823975
287 0.0146179
364 -0.0136719
327 -0.0185852
290 0.0358276
179 0.00991821
311 0.0180664
330 0.0265808
174 0.0232697
183 0.0246735
308 0.024292
302 0.0245361
334 -0.0177612
331 0.0394592
308 0.0241089
165 0.0141449
285 -0.0231628
206 0.01651
132 0.0588989
329 0.053009
308 0.0240784
157 0.0177307
131 0.022583
336 0.0602112
160 -0.0042572
345 0.0379944
347 0.0325623
284 -0.0228271
356 0.00769043
181 -0.0153961
233 0.00845337
134 0.0620575
364 1.61362
194 0.0273132
266 0.021698
233 -8.65372
313 0.0164795
138 0.0284424
341 -0.0110779
194 -0.0924225
181 0.0173798
141 0.0452423
183 0.0415802
143 0.0255127
245 0.015213
286 0.0191956
305 0.0142822
330 -0.00296021
142 0.00436401
332 0.0221252
294 -0.0296936
164 -0.141342
297 0.00323486
316 0.0220642
200 -0.0151825
271 -0.00878906
371 0.0152893
279 0.616882
280 0.0194397
163 0.0236053
170 0.0266876
357 0.0469666
174 0.333771
150 0.0632477
190 0.0471191
190 0.0057373
370 0.0249634
365 0.016571
165 0.0118713
88 0.0246353
290 0.0139465
330 0.0283508
366 0.00891113
155 0.0201263
339 -0.00210571
369 0.0113525
281 0.000610352
321 0.0196228
271 0.0211182
368 0.0166016
326 -0.00927734
113 0.0254593
260 0.00299072
308 0.00961304
312 0.0297546
170 0.0183105
127 0.0191498
339 0.0171509
324 0.0454712
318 0.0239258
250 0.0155182
183 0.0354156
90 0.0279312
185 -0.0345764
290 0.0138855
362 0.00134277
244 -8.10646
337 0.0276794
269 0.00125122
160 0.0528259
359 0.0221558
248 0.020874
198 0.391266
245 0.0180054
324 0.0447693
303 0.0137634
177 0.130035
129 0.0718689
197 -0.00152588
332 -0.0101318
284 -0.0160828
240 0.0173798
238 0.0388184
108 0.0224991
363 -0.00585938
157 0.00708008
250 -2.69983
123 0.0152817
293 0.0210266
200 0.240997
359 -0.00332642
350 0.00735474
283 0.0342102
168 0.0144806
310 4.02463
346 0.0160217
332 -0.00787354
371 -0.029541
175 0.0124054
342 0.00662231
365 0.0218811
256 0.0170288
333 0.0175781
315 0.0118408
256 0.00473022
252 0.0171509
154 31.8719
154 31.8655
107 0.0200043
324 0.00891113
312 0.0284729
240 -0.00868225
330 -0.0190735
214 0.0259857
236 -0.00169373
302 0.0184631
265 0.0718994
239 -0.0126801
339 0.0226135
295 -0.00952148
306 0.0326843
111 -0.0039978
177 0.04039
301 1.03601
346 -0.0115662
356 -0.0114441
325 -0.0017395
139 0.0328979
366 1.47141
160 0.0243683
183 0.056778
295 0.0219421
193 0.0506439
298 -0.0381775
312 -0.00708008
303 0.0392761
266 -0.00189209
333 -0.00115967
297 0.0299377
269 -5.97522
224 0.0177002
200 0.00819397
371 0.0190735
329 0.0121155
364 0.00436401
128 0.0187683
248 0.0150299
77 0.00596619
140 0.0271149
296 0.0177612
330 -0.00656128
311 0.0316467
332 0.00378418
232 0.00994873
284 0.00820923
171 0.0353394
194 0.000274658
173 3.15933
158 0.094574
119 0.0295639
258 0.019104
189 -0.179611
296 -0.0117188
240 -0.00410461
347 -0.0174255
373 0.0311584
240 0.0354309
348 0.00473022
188 0.032486
324 -0.00967407
364 0.0283813
118 0.0411301
260 0.00234985
204 0.0407715
209 0.0258179
194 -0.00808716
263 4.13397
172 0.0395355
308 0.0230713
114 -0.00623322
349 0.0299683
365 0.021698
141 0.0318604
171 0.00135803
146 0.0450134
139 0.0126343
275 5.12634
192 0.0526733
126 0.019043
290 0.0141602
142 0.00668335
139 0.00143433
315 -0.00408936
262 4.14114
325 -0.00894165
264 0.00390625
173 0.00088501
358 -0.00552368
356 -0.0101624
103 0.00139618
349 0.00738525
169 0.0164337
23 0.0138245
287 0.014679
148 0.0518036
240 0.0129547
191 -0.0160675
344 -0.00531006
189 0.0249329
306 0.0328369
200 0.00802612
161 -0.0292816
160 0.0136566
305 0.0185547
175 0.021637
342 0.00695801
262 4.14243
151 0.0217743
176 0.768524
157 0.0430298
122 0.0222397
169 0.0448914
294 -0.0463257
368 -0.0487061
284 0.0140991
354 -0.0120239
266 0.0527344
209 0.0161438
324 -0.00582886
114 0.0204544
359 0.00747681
330 0.026001
355 -0.0184631
105 -0.0117569
196 0.044281
340 0.00897217
165 0.00982666
296 0.00418091
157 0.0139313
169 -0.0948181
276 2.56464
364 0.00671387
255 0.0157471
284 0.0139465
240 4.39609
345 0.0383911
366 1.47272
243 0.730347
165 0.0137024
324 -0.00732422
354 0.00408936
238 0.017334
338 0.0397034
261 -26.0807
343 0.00811768
274 1.74194
143 0.0498505
259 0.00762939
326 -0.00576782
306 0.00421143
194 0.0291901
330 0.0141602
234 -0.80983
186 0.00772095
336 0.0445862
318 0.0062561
137 0.0144958
317 0.0236206
89 0.0259094
364 1.74533
364 -0.0132751
130 0.081955
336 0.00219727
301 0.00540161
260 0.00793457
344 -0.0124512
191 -0.00421143
316 -0.00576782
277 5.8298
295 0.0137329
134 0.0623627
134 0.0622711
194 0.0493469
332 -0.0102539
236 -0.00158691
145 0.0355072
328 0.00228882
238 -0.693542
138 0.0302124
147 0.693115
142 0.026413
163 0.0180054
192 0.0239105
305 0.0342407
275 -23.9079
367 0.00765991
234 0.0171661
350 0.0218811
306 -0.000366211
207 0.0263062
323 0.02771
359 -0.00341797
99 0.0262909
28 -0.0459328
365 -0.00253296
272 2.58472
149 0.0176697
359 -0.003479
114 0.0462646
363 -0.0373535
175 0.000976562
364 0.00994873
145 0.0355988
186 -0.0709839
99 -0.0267944
356 -0.00369263
274 -10.2723
251 -0.00169373
252 0.0193939
124 0.0145874
365 -0.0222778
205 0.184921
340 0.00881958
149 0.0161438
275 0.862091
134 0.0621033
126 0.030159
220 0.0123291
295 -0.0219727
177 0.0402985
329 0.995422
334 0.00286865
250 -2.70183
301 0.0221252
175 0.0216675
305 0.0115662
266 0.0297241
284 1.76917
331 -0.00415039
373 0.0408325
257 0.0315552
292 -0.0558777
339 0.00268555
146 0.0442047
260 0.0212402
329 0.00930786
335 1.26532
214 0.0166168
145 0.0358887
329 0.00576782
152 0.0459442
329 -0.00177002
282 0.00292969
340 -0.0116272
365 0.0318909
334 0.0344543
366 -0.0214539
250 -2.71332
335 1.26523
309 0.00402832
239 -0.0045166
170 0.0182953
201 4.93469
141 0.0355225
299 0.0308228
308 0.0102539
255 -30.0377
363 -0.0217896
344 0.0346375
325 0.00723267
359 -0.0020752
337 0.0390625
358 -0.00323486
85 0.00575256
288 0.00613403
307 -0.00915527
262 0.00152588
232 0.00724792
362 0.00201416
331 0.0108032
308 -0.000610352
347 0.0496826
324 -0.00942993
269 0.00820923
306 0.011322
140 0.0170135
303 0.0123901
139 0.0187225
139 0.0110016
196 0.0135956
355 -0.0155945
191 0.0354004
140 0.0166626
262 -30.3298
322 0.00344849
120 0.0253525
366 2.01584
262 4.12637
362 -0.00244141
197 0.0197296
304 -0.0227356
167 0.0388794
158 -0.00744629
310 0.0265503
89 0.0259323
305 0.0180054
268 0.0920715
357 0.0475159
160 -0.0940704
108 -0.0129395
200 0.0110321
160 0.0137329
167 -0.0949249
252 0.0196381
333 0.00787354
365 -0.0223694
329 0.0132446
162 0.0456543
190 -0.00656128
325 -0.0309753
257 0.013916
355 -0.00308228
158 0.0433197
323 0.00985718
321 0.00967407
362 0.000946045
358 -0.00750732
348 -0.00650024
348 0.00479126
362 0.00357056
337 0.0279236
310 4.02444
103 0.0120926
324 0.043335
360 -0.00357056
167 0.0466919
205 0.00537109
181 2.72055
295 -0.0219421
149 0.0366211
308 0.0339966
359 -0.00305176
138 0.0330353
179 0.0156555
366 0.0135498
290 0.0142517
309 -0.0119629
296 0.00497437
263 4.14786
137 0.0111237
245 0.0144653
137 -0.0112457
253 0.0112457
133 -0.0170898
283 0.0342102
139 0.0346222
254 0.0159149
206 0.0149078
133 0.0623474
182 0.0341644
332 0.0128784
262 4.14111
352 0.00564575
236 0.0452881
246 0.0136871
350 0.00628662
174 0.0482483
322 0.0113831
352 0.00558472
292 0.0123901
363 -0.037384
342 0.0155334
259 0.00561523
238 -0.693024
178 0.143066
364 -0.0140381
326 -0.00845337
239 -0.0127106
255 -0.10437
182 0.043869
156 0.0385437
325 -0.027771
372 0.019928
259 -0.000671387
201 0.0152893
199 0.0128174
332 0.0185242
129 0.0316467
105 0.0254059
261 -3.9285
318 0.0090332
207 0.0158844
278 0.0266113
151 0.00834656
337 0.0090332
356 -0.00540161
193 0.0507355
181 -0.00723267
320 0.0271912
309 0.0368347
24 0.0301018
90 0.0268021
335 0.00506592
184 -0.107101
245 0.0253296
195 0.0222931
325 -0.0360413
364 0.00653076
177 5.64497
287 0.000427246
210 -2.64679
261 0.139618
