83 -0.243744
91 -0.179588
80 -0.24604
210 0.89949
77 -0.0030365
204 0.990616
77 -0.236221
204 0.990555
209 1.10851
85 -1.30247
80 -0.247192
230 1.12222
95 -0.892166
210 0.957596
131 0.531982
151 0.263031
82 0.0531998
208 1.11067
209 1.10793
85 0.0778122
85 0.0779419
117 0.381874
199 1.20425
217 0.87854
79 -1.3747
205 0.510025
190 0.68338
91 -0.179459
217 0.878464
139 0.0515137
139 0.0514374
209 1.10783
203 0.613953
151 0.262817
114 0.408989
85 0.0779037
210 0.878876
131 0.531357
50 -0.192677
104 0.0863342
76 -0.00520325
139 0.0514526
193 0.739868
137 0.52124
211 1.18523
85 0.0779419
187 0.62381
259 0.444183
128 0.280243
114 0.409592
77 -0.236198
111 0.137009
149 0.32373
80 -0.244514
111 0.285072
114 0.409836
213 0.896179
91 -0.173141
108 0.153152
117 0.592018
105 0.197266
108 0.153168
109 0.294533
102 0.418976
45 -0.232857
140 0.58078
192 0.650848
130 0.443588
114 0.409966
191 0.620773
250 1.42834
104 0.130272
76 -0.00547791
149 0.323669
130 0.443268
117 0.327484
216 1.23273
173 0.531509
129 0.322601
172 0.585342
115 0.512253
115 0.247757
189 0.624008
76 -0.0185852
310 4.50385
194 0.826004
189 0.623962
94 0.0788422
111 0.137093
215 1.08
124 0.365921
99 0.192596
108 0.175652
209 1.10852
216 0.844971
120 0.357307
85 -1.30251
114 -0.96434
340 6.33939
209 1.1078
120 0.357254
172 0.535248
108 0.175804
69 -0.0148392
130 0.44342
194 0.826462
79 -1.37659
194 0.822327
82 0.053299
125 0.334496
102 0.238213
130 0.443527
109 0.294342
204 0.990585
64 -0.0159645
76 -0.00531769
117 0.378571
120 0.378128
112 0.0256042
194 0.622925
126 0.0536728
231 1.28519
76 -0.00541687
115 0.24826
248 1.50499
82 0.0530624
114 0.409523
105 0.197067
130 0.443207
128 0.280258
207 1.08
231 1.1741
101 0.331337
230 1.12112
195 0.81366
104 0.365715
117 0.378616
195 0.799789
117 0.378769
182 0.600357
185 1.15993
85 0.0775604
131 0.532013
210 0.957565
96 0.345703
111 0.28643
205 0.510223
205 0.503952
128 0.306549
109 0.44516
114 0.409294
110 0.50695
100 0.183601
210 0.582458
85 0.0762177
172 0.615433
218 1.35049
130 0.44339
82 0.0532608
231 1.28333
105 0.1968
195 0.794296
115 0.512695
118 0.276161
116 0.482475
77 -0.236412
191 0.620392
82 0.0532761
199 0.594955
76 -0.00556183
183 0.709839
189 0.623901
183 0.710403
88 -0.827477
248 1.50496
212 0.901428
71 0.0245361
118 0.502541
91 -0.171921
223 1.08057
105 0.37262
182 0.564346
120 0.357338
117 0.378883
109 0.0931244
130 0.837265
230 1.1212
117 0.381714
117 0.381874
108 0.304619
128 0.379333
310 4.50949
70 0.0214539
126 0.473755
129 0.321075
101 0.158485
194 0.825562
225 1.14297
228 1.02393
199 1.20421
230 1.12163
195 0.796906
130 0.837219
111 0.507782
102 0.418152
101 0.158714
134 -0.31601
260 1.57275
64 -1.70539
104 0.0861511
294 3.50018
187 0.62294
103 0.373154
128 0.379074
134 0.00808716
129 0.692841
230 0.989685
129 0.335114
101 0.549202
250 1.43124
117 0.381569
187 0.622131
237 1.32784
256 1.875
63 -1.58766
100 0.358383
134 0.860977
231 1.28545
294 3.50137
199 1.20412
288 3.53082
195 0.796555
105 0.461891
119 0.341881
261 2.06421
212 0.894669
220 1.30482
191 0.631592
115 0.51194
211 1.14484
173 0.516418
128 0.306198
82 0.0532913
318 4.83362
130 0.443573
91 -0.173019
194 0.817795
55 -0.0932007
205 0.26619
210 0.754608
230 0.989655
114 -0.964249
130 0.443268
105 0.198212
230 0.989624
223 1.10458
149 0.323685
205 0.503494
112 0.0256271
220 0.678879
116 0.63942
249 1.46507
100 0.152962
210 0.87883
108 0.153046
198 0.424408
100 0.146866
85 0.0779037
324 5.03992
131 0.531891
100 0.312317
106 0.11615
214 1.21515
101 0.331482
224 1.18057
80 -1.25423
114 -0.960541
199 1.20421
261 1.73898
235 0.905258
112 0.0256577
204 0.990463
199 1.20427
85 0.0779953
127 0.498589
230 1.12692
267 2.00699
105 0.196999
182 0.56398
191 0.639145
248 1.50475
221 0.39328
79 -1.37582
211 0.747803
186 0.652756
248 1.50468
231 1.28372
84 0.223907
221 0.393265
230 1.14642
193 0.690659
188 0.713196
256 1.87488
183 0.709625
230 1.1324
118 0.502014
195 0.795395
209 0.815079
183 0.709351
172 0.586624
289 3.37683
102 0.237946
173 0.575241
111 0.136925
229 1.15269
120 0.312721
231 1.19521
114 -0.964729
99 0.00439453
195 0.796692
200 0.753326
117 0.358513
124 0.284782
230 0.989838
115 0.511986
294 3.50146
122 0.309395
85 0.0695572
82 0.0531998
248 1.69695
117 0.381554
325 5.12793
231 1.15923
203 0.615601
88 -0.818245
82 0.0531311
128 0.280334
115 0.512703
97 0.124229
258 0.420105
91 -0.173004
107 0.154892
139 0.588837
294 3.50192
221 0.393341
101 0.331589
101 0.305298
112 0.0255356
195 0.812271
65 -0.027092
127 0.240486
76 -0.00543213
102 0.418144
302 6.26013
231 1.1595
95 -1.12327
82 0.053154
105 0.19696
183 0.709869
137 0.519531
96 -0.552345
229 1.0842
186 0.652908
63 -0.0346336
203 0.721527
134 0.483734
136 0.560135
248 1.69467
221 0.393188
108 0.475792
130 0.837296
136 0.560181
231 1.1749
183 0.709274
278 2.73911
80 -0.244736
217 0.959335
194 0.825867
216 0.843597
100 0.346664
130 0.443253
185 0.560013
101 0.331566
194 0.82666
128 0.280304
260 1.56854
144 0.567276
229 1.16658
36 -0.363846
215 1.07986
280 2.79626
108 0.175697
278 2.51028
65 -0.0224915
250 1.65129
95 -0.892273
113 0.491989
372 23.8864
137 0.551727
240 1.32179
117 0.411987
182 0.565399
114 -0.960564
317 4.83032
114 -0.961121
183 0.70871
191 0.62001
208 0.728104
191 0.768738
120 0.315849
260 1.5386
115 0.326538
127 0.335693
237 1.33093
195 0.796677
195 0.798676
130 0.443253
268 2.23288
217 1.13208
133 0.484253
260 1.57028
167 0.562042
232 1.06429
353 7.81046
92 -1.24301
105 0.464256
105 0.197067
187 0.626129
124 0.0895996
216 1.3138
137 0.518661
230 1.12065
211 0.904617
310 4.50943
66 -0.0587845
184 0.384216
164 0.586685
209 0.784866
256 1.87509
131 0.411163
109 0.294418
215 1.07982
194 0.825623
325 5.12796
194 0.822723
294 3.48792
182 0.563309
234 1.31871
144 0.567322
168 0.536026
258 2.04425
107 0.337944
186 0.652969
161 0.520462
224 1.21169
296 4.15598
256 1.87503
172 0.579147
128 0.379257
50 -0.193096
294 3.49908
221 0.393127
193 0.738525
230 0.751831
144 0.567352
250 1.42824
218 0.879395
101 0.550751
182 0.561584
294 3.49979
215 1.07994
229 1.15381
240 1.32156
253 1.81065
131 0.531403
216 1.27803
291 3.25006
287 5.39661
109 0.294411
76 -0.0051651
128 0.280319
114 -0.964066
312 7.91754
222 1.06818
227 1.02509
344 6.49451
84 0.223816
127 0.351326
199 1.20418
108 0.153091
348 6.57584
213 1.35013
254 1.95395
211 0.910248
109 0.293114
249 1.47168
117 0.592064
110 0.388039
137 0.417847
109 0.515907
178 0.638199
285 2.9079
230 1.10852
109 0.294518
298 3.89972
137 1.01122
229 1.27853
128 0.379349
286 3.16861
213 1.26018
115 0.512543
227 1.03152
91 0.281631
300 4.2814
102 0.41925
133 0.418259
131 0.531555
367 8.43045
207 0.86232
181 0.593643
253 1.81062
77 -0.23613
215 1.26691
183 0.798981
372 23.7055
144 0.567337
136 0.558868
183 0.558746
253 1.81093
102 0.419128
248 1.69475
229 1.1666
47 -1.87186
66 0.0186157
112 0.0256424
100 0.150185
137 0.51973
250 1.4285
130 0.837234
199 1.20419
68 0.0164642
114 -0.964211
130 0.443222
193 0.706055
299 8.31186
196 0.850983
189 0.68988
294 3.48788
222 0.898636
217 0.906738
199 1.20424
217 1.30745
188 0.693314
263 1.95081
310 4.5105
278 2.73914
53 -0.17474
318 4.83694
117 0.467278
213 0.896469
139 0.514816
182 0.561615
134 0.0068512
144 0.567261
84 0.223747
216 0.843994
205 0.704788
100 1.1629
325 5.65042
207 0.584366
240 1.32094
128 0.280487
49 -2.01836
128 0.280914
143 0.562424
84 0.224564
144 0.567245
215 1.27844
219 1.4016
144 0.567169
82 0.0532684
230 1.12692
177 0.479126
137 0.520538
110 0.506966
114 -0.961296
288 2.99014
139 0.565094
182 0.418686
124 0.536331
259 0.442932
221 0.393112
310 4.51096
130 0.837112
96 -1.02189
102 0.419228
194 0.825607
100 0.312668
205 0.705582
290 3.57767
225 0.840454
262 1.95587
98 -0.445305
229 1.01248
85 -1.30218
212 0.741928
183 0.709824
216 0.947693
211 0.894699
129 0.407318
231 1.15959
260 1.56863
139 0.0513916
176 0.533646
210 0.878922
177 0.53299
115 0.463936
231 1.17407
84 0.226532
161 0.52063
239 1.32191
210 1.3461
185 0.63623
202 0.709122
85 -1.29243
191 0.62059
216 0.843719
213 1.20349
193 0.684799
76 -0.00546265
76 -0.00547791
104 0.418854
102 0.418861
319 4.94638
213 0.902786
185 0.63739
254 1.95424
203 0.373581
291 3.23193
111 0.332642
182 0.561523
362 7.76376
361 8.07715
196 0.587967
203 0.370331
108 0.153053
260 1.57336
36 -0.363979
195 0.552963
211 0.814209
144 0.567368
137 0.54895
230 1.14644
343 6.52469
143 0.562897
248 1.69469
95 -0.89238
250 1.43063
128 0.280334
198 0.403122
368 8.2717
199 1.11816
239 2.10719
286 6.42557
312 7.91742
183 0.573212
188 0.693298
90 -1.28805
131 0.359741
365 8.25049
102 0.238068
180 0.554123
215 0.98291
221 0.393326
367 8.44458
343 6.58926
117 0.378891
71 -0.0171585
115 0.512535
194 0.821274
251 1.82088
310 4.50391
181 0.549225
224 0.901215
231 1.17561
112 0.0255203
106 0.399773
118 0.502769
318 4.82803
219 0.777832
221 0.392914
95 -0.892227
88 -0.826904
185 0.635391
133 -1.01312
291 3.40918
368 8.27158
282 2.98593
326 5.69247
308 4.01944
109 0.444908
230 1.1324
193 0.750854
96 0.14167
36 -0.363708
132 0.489456
200 0.747177
194 0.82608
88 -0.828476
343 6.56042
203 0.372406
178 0.63765
212 0.843903
248 1.50502
197 0.399078
21 -2.44541
181 0.560577
193 0.6931
279 2.83813
108 0.152939
116 0.482315
244 1.38861
118 0.461845
101 0.550949
144 0.567261
232 1.06416
211 0.904617
100 1.16277
185 0.428894
203 0.372833
245 1.54706
250 1.42828
211 0.814301
118 0.326202
218 1.23033
211 0.904617
203 0.698502
99 -0.85936
298 3.69241
175 0.514236
211 0.814377
231 1.22017
200 0.684509
129 0.378845
177 0.559296
211 0.81427
161 0.520508
258 2.04434
187 0.623352
290 3.57434
102 0.238213
172 0.534286
366 8.24408
205 0.267395
100 1.16312
314 4.75342
140 0.54628
285 3.14981
125 0.334518
254 1.95363
35 -0.393337
101 0.304924
215 1.29811
198 0.660721
267 2.30298
223 0.988831
342 6.66016
112 0.0256195
210 0.945953
229 1.27867
199 1.20422
137 -0.320221
116 0.481354
120 0.412247
88 -0.818939
101 -3.01352
229 1.27858
330 5.77591
45 -0.232803
195 0.539719
301 3.7627
365 8.25333
278 2.73795
173 0.624008
249 1.46413
355 7.16891
137 0.549133
355 7.16888
114 0.410172
126 0.473862
200 0.680984
223 1.05241
85 0.0761719
173 0.59903
366 7.58072
196 0.765976
124 0.534859
211 0.904617
188 0.644852
84 0.224022
100 0.699699
249 1.46362
249 1.46437
188 0.713318
326 5.09323
188 0.712997
36 -0.363819
22 -2.13127
298 3.8963
251 1.82088
88 -0.81739
326 8.2254
128 0.280334
203 0.822418
343 6.56671
155 0.612595
362 8.10007
269 2.31015
203 0.629166
334 5.71759
125 0.546074
209 0.811142
216 0.12175
199 0.688995
216 0.843796
193 0.750198
95 -0.89225
186 0.650024
202 0.82019
291 3.40958
169 0.598053
307 4.14114
348 7.66031
347 6.88501
280 2.80029
99 0.353188
176 0.536102
337 6.16904
84 0.226669
84 0.227119
52 -0.190895
198 0.360519
277 2.66119
284 3.09653
199 1.20413
256 1.85004
250 1.64922
203 0.899841
176 0.453354
99 -0.323616
362 8.10721
88 -0.827858
215 0.982986
204 0.361374
183 0.709641
352 7.36093
245 1.69753
165 0.493027
340 6.33939
312 4.69254
213 0.922958
132 0.489609
109 0.40358
342 6.66022
296 4.15952
230 1.10864
294 3.48785
253 1.81056
326 8.23096
149 0.323853
367 7.76065
126 0.410042
299 5.82468
200 0.704697
173 0.599289
310 4.50391
250 1.71059
327 5.51038
131 -0.506378
116 -0.894058
161 0.55899
109 0.294479
278 3.3335
143 0.573959
318 4.8291
186 0.646851
335 5.91531
172 0.615784
205 0.27037
278 2.86441
230 1.10847
240 1.32306
248 1.69505
340 6.61295
100 0.69944
368 8.27753
330 5.77502
224 1.06305
88 -0.826897
101 0.551338
345 6.58707
238 1.22316
207 0.151978
174 0.539368
144 0.567444
340 6.33939
210 0.957474
125 0.546692
306 4.50226
139 0.515564
111 0.508118
264 2.08362
294 3.48798
187 0.618576
178 0.519989
368 8.27859
193 0.749741
148 0.407059
229 1.27843
204 0.990494
215 1.32977
230 1.12692
205 0.509918
111 0.50779
95 -0.892303
280 2.80032
293 3.55832
248 1.69513
224 1.19437
138 0.617859
210 0.957474
310 4.51022
302 7.78775
167 0.562347
198 0.752045
350 7.27969
186 0.616013
366 8.25531
300 4.27298
282 3.37842
283 3.65561
161 0.54863
248 1.50514
36 -0.144222
355 7.16888
216 0.839676
138 0.979752
178 0.638199
205 0.266541
334 5.73514
199 0.731613
138 0.6306
88 -0.827095
204 0.749008
246 1.69411
269 2.38742
236 1.14104
50 -0.192806
336 5.90756
324 5.30521
209 0.83902
372 23.8854
36 -0.363461
109 0.44445
193 0.682709
205 0.267975
134 -0.315857
187 0.624542
176 0.564178
136 0.559021
230 1.12154
155 0.605042
188 0.693085
173 0.532501
114 0.38652
80 -0.244644
177 0.533249
228 1.05424
188 0.713074
195 0.79863
204 0.990555
195 0.798569
210 0.186218
195 0.796631
234 1.34996
250 1.70938
313 4.60626
188 0.713257
319 4.98312
183 0.749634
102 0.238342
342 6.55667
347 6.88388
215 0.982834
324 5.30557
101 0.412781
361 8.05746
122 0.547867
21 -2.44541
175 0.514313
191 0.63092
345 6.59866
199 1.20421
217 0.878372
177 0.533249
205 0.883286
188 0.598328
178 0.638046
283 3.65536
192 0.581482
202 0.671585
79 -1.35045
118 0.457367
310 4.50998
343 6.55292
177 0.558487
286 2.47141
199 1.20407
183 0.710022
175 0.847168
188 0.713211
166 0.629898
331 5.7247
330 5.74405
310 4.51019
104 0.384674
203 0.289551
140 0.586319
143 0.562897
304 4.03137
282 3.043
267 2.53253
205 0.72496
202 0.688965
309 4.27655
330 5.306
345 6.57632
257 2.01666
185 0.429916
177 0.643173
229 1.21692
282 2.90268
95 -0.924812
137 0.56955
230 1.12141
290 3.298
345 6.71002
261 1.9946
207 1.26282
214 0.797256
177 0.561371
85 -1.24114
109 0.442719
238 1.38599
258 2.04434
178 0.638138
195 0.798676
269 2.38818
175 0.514374
203 0.632584
271 2.70483
189 0.623886
330 5.776
240 1.32246
144 0.586838
199 1.20422
116 0.482323
250 1.65085
177 0.533127
229 1.27811
112 -0.870476
337 6.1308
116 0.298599
226 1.60899
290 3.57718
226 1.60732
351 7.09488
137 0.519226
176 0.565353
136 0.559799
185 0.429459
280 2.77963
170 0.61377
191 0.639648
346 6.61719
254 1.95079
168 0.536087
182 0.560989
193 0.609741
110 -1.22648
276 2.69949
211 1.02965
191 0.629486
237 2.25572
84 0.227051
294 3.50198
298 3.89676
277 2.39929
330 5.74609
22 -2.13149
145 0.537888
243 1.45735
357 6.27213
208 1.17133
215 1.25099
190 0.72493
178 0.637558
177 0.47934
140 0.516632
251 1.82082
183 0.625259
193 0.681824
363 8.09412
135 0.624573
50 -0.193085
276 2.69986
330 5.36221
221 0.393158
98 0.664879
191 0.719604
183 0.749466
350 7.05902
127 0.393997
189 0.623688
103 0.125702
295 4.16199
203 0.628159
175 0.513809
201 0.332214
177 0.479385
280 2.79996
203 0.372665
211 0.924454
269 2.4888
319 4.94635
215 1.07994
267 2.53244
229 1.27821
209 1.10774
177 0.558502
210 0.95752
193 0.685532
357 7.32571
193 0.811615
335 5.93234
200 0.688278
156 0.543915
196 0.767639
108 0.326218
361 8.06812
324 5.30493
175 0.513565
310 4.81815
203 0.372208
114 0.481941
367 8.43335
336 5.33893
184 0.820572
136 0.559052
368 8.26999
208 0.793335
116 0.481705
326 5.69055
334 5.70905
326 5.47852
252 1.60083
109 0.442635
203 0.819611
281 2.74335
106 0.422745
22 -2.13146
348 7.65997
202 0.819626
176 0.601151
250 1.76643
239 1.35561
200 0.697159
160 0.493011
291 3.37521
111 0.2854
361 8.09128
343 6.59799
162 0.486069
275 2.70248
340 6.33908
289 3.32721
188 0.693253
149 0.636902
296 4.16043
176 0.602753
193 0.693237
350 7.06079
319 4.56461
262 1.16858
182 0.418716
296 4.16257
368 8.27094
258 1.91779
213 1.22723
149 0.323746
100 0.701584
245 1.10381
207 0.539047
183 0.709824
304 4.03516
258 2.91638
149 0.323624
175 0.513428
204 0.692108
250 1.76556
257 2.01688
250 1.76566
110 0.506989
193 0.689072
179 0.593048
282 3.23361
207 0.593414
144 0.567307
177 0.533279
176 0.564865
82 0.0541534
181 0.615936
193 0.647781
188 0.693298
283 3.65585
229 1.2784
128 0.379379
229 1.27814
305 4.25784
225 1.21411
221 0.393234
278 3.34344
357 7.6636
108 0.456268
243 1.49098
360 7.66116
278 3.33252
359 7.84912
124 0.535194
84 0.224655
177 0.47905
113 0.540901
187 0.633728
232 0.85524
100 0.699547
218 -0.101715
227 1.12973
149 0.323822
200 0.771149
367 7.86197
209 0.655899
364 7.39606
203 0.373016
114 0.409363
287 3.45541
294 3.54129
230 1.1084
221 1.0563
189 0.88385
363 8.07892
98 0.666679
267 2.53217
180 0.559052
290 3.57437
308 4.28403
196 0.645905
331 5.72562
199 1.20412
290 3.57431
246 1.69406
186 0.640686
241 0.28334
168 0.536148
213 0.896042
224 1.02493
215 1.26498
224 1.01617
257 2.01645
271 2.70682
137 0.519241
251 1.79875
232 1.14101
188 0.712906
268 2.40945
105 0.26226
280 2.98587
91 -0.173073
286 6.42554
307 4.53772
352 7.50757
366 7.54971
136 0.375244
117 0.258057
337 6.2002
212 1.33952
291 3.4838
177 0.533173
189 0.712494
106 0.347191
92 -0.341896
350 7.06085
271 -2.07666
372 5.64029
124 0.535202
291 3.41019
119 0.363724
111 0.137001
180 0.478149
150 0.598343
242 0.588593
204 0.341888
36 -0.144142
323 5.02072
260 1.57175
178 0.637711
273 -1.77863
101 0.550911
206 1.05286
131 0.326248
267 2.47934
279 3.12656
172 0.582123
144 0.567215
124 0.535103
205 0.568115
139 0.0514679
175 0.513336
209 1.08348
176 0.533875
175 0.497238
216 1.31003
167 0.562347
185 0.511856
307 4.53726
254 1.86122
250 1.4312
312 4.99405
201 0.712509
98 0.666618
324 5.63608
206 0.322128
169 0.637268
257 2.01691
278 2.86395
361 7.77307
185 0.581924
312 6.27591
186 0.590881
310 4.50946
296 3.67819
282 3.37848
182 0.67041
178 0.609116
181 0.594589
303 4.08667
181 0.614044
199 1.0114
308 4.44699
319 4.94644
230 1.14644
330 5.77698
247 1.82497
320 4.96536
310 4.50977
138 0.541122
111 0.286186
215 0.954758
330 5.77603
246 1.69406
215 0.982864
144 0.757721
296 7.72977
204 0.797256
196 0.638977
250 1.84077
111 0.136978
167 0.562195
215 0.96521
178 0.536636
356 7.61368
282 3.37653
298 3.89951
230 1.12141
175 0.51387
130 0.404419
267 2.16193
334 5.69131
215 0.983032
168 0.536011
135 0.502441
187 1.09132
223 0.944473
121 0.623306
134 0.641327
311 7.11169
98 0.666649
367 7.90463
349 6.95016
323 5.18628
246 1.69365
368 8.27509
204 0.990433
368 8.27161
226 1.37131
240 1.32159
278 2.73923
239 1.37254
326 5.47852
358 7.66055
361 8.07574
208 0.703979
200 0.747711
327 5.51059
366 8.29227
372 5.63907
354 7.48468
100 0.701431
206 0.870041
108 0.469711
144 0.567383
217 0.878235
253 1.52116
364 6.66278
360 8.0574
317 4.59012
195 0.641602
298 3.89978
189 0.693192
206 0.795547
230 0.990158
310 4.50342
295 3.47031
117 0.592026
218 1.28722
280 2.79999
267 2.53226
295 4.159
203 0.632233
346 6.77386
256 1.87503
210 0.957504
334 5.71722
221 0.393036
175 0.514114
309 4.27753
220 1.0076
277 2.66129
151 0.262772
326 5.02112
280 2.78467
334 7.39761
176 0.54454
271 -2.07568
321 4.71771
302 4.43161
355 7.54068
183 0.7099
169 0.63681
254 1.80637
331 5.7251
236 1.14142
290 3.577
142 0.545914
100 0.69957
205 0.718185
177 0.562592
242 1.26724
330 5.77609
250 1.43118
196 1.14606
300 4.27512
172 0.58287
175 0.513351
327 5.54416
97 0.687088
242 1.26178
356 7.61319
143 0.588333
353 7.35999
235 1.04181
342 6.6449
183 0.620117
183 0.544434
202 0.413483
249 1.77097
330 5.77734
282 3.10721
301 3.95319
369 8.16391
147 0.57579
314 4.54669
280 3.1272
266 2.04959
251 1.85223
230 0.989761
136 0.559906
206 1.09801
284 -2.37088
127 0.496216
177 0.55896
240 1.32166
290 3.40195
213 0.895874
363 7.87915
99 0.0649719
290 3.57788
307 4.53708
198 0.665619
325 5.59534
342 6.67627
310 4.55109
88 -0.827698
208 0.462357
329 5.24796
21 -2.44538
199 0.816025
177 0.533218
187 0.57872
226 1.00237
219 1.3611
268 1.96381
210 0.589142
360 7.66302
132 0.491043
199 1.2041
345 6.51382
286 6.42542
208 0.693314
112 0.0256119
105 0.333221
36 -0.144054
171 0.488876
152 0.590836
298 4.71747
304 4.03519
309 4.27731
178 0.637573
189 0.819458
267 2.53235
276 2.73309
194 0.646561
361 8.08963
119 0.575623
290 3.5181
350 7.05862
134 0.483749
256 1.87494
366 8.03812
153 0.610443
278 2.86444
347 6.8848
175 0.51329
343 6.52829
268 2.35577
277 2.66135
199 0.706985
167 0.515076
317 4.74603
149 -0.203979
271 -2.08286
325 5.34708
183 0.709976
296 4.19385
171 0.612305
355 7.5542
282 3.37839
111 0.136909
258 2.04712
148 0.791473
267 2.53226
179 0.829269
343 6.52826
183 0.709961
225 1.05113
272 2.23923
177 0.47908
361 7.77008
169 0.636734
183 0.709885
362 8.10077
175 0.847336
148 0.549225
174 0.539368
267 2.53232
253 1.7926
362 7.72131
287 3.0881
126 -0.532021
180 0.565857
188 0.713089
267 2.53229
265 2.49051
166 0.629684
246 1.69374
271 2.70758
327 5.51041
177 0.479172
260 2.06763
164 0.482437
134 0.59436
297 4.10086
205 1.17537
367 8.43234
272 6.43271
297 4.1749
231 1.17484
186 0.627167
169 0.619293
133 0.789398
366 8.24075
278 3.34341
134 0.4841
135 0.510254
295 4.16214
112 0.043335
190 0.685226
292 3.43762
174 0.542435
180 0.48967
144 0.567245
308 4.53198
289 3.14691
135 0.166351
150 0.612457
323 4.82565
244 1.478
174 0.539276
305 4.37994
267 2.42621
249 1.80122
172 0.584427
366 8.21085
263 2.32477
351 6.98267
295 4.13623
192 0.823074
244 1.40935
178 0.638031
283 3.26724
271 -2.07681
258 1.94464
167 0.562164
246 1.69385
199 0.703003
347 6.88434
316 4.57285
190 0.806473
361 8.08887
321 4.75119
320 5.03409
373 3.59497
367 7.96457
186 0.591812
215 0.846222
291 3.31134
194 0.809006
177 0.558548
305 6.94153
278 2.93683
345 6.7106
261 -0.749695
163 0.525864
211 0.814178
277 2.66089
302 4.32089
193 0.692261
155 0.418228
202 0.819901
330 5.77652
137 0.549271
220 1.04605
287 5.42441
166 0.629868
261 -0.183868
178 0.638321
155 0.612366
185 0.628845
176 0.534088
290 3.5744
193 0.692413
246 1.73747
357 7.4874
240 1.17308
278 2.73856
267 2.16495
366 8.24359
356 7.12521
250 1.70937
223 1.0686
129 0.338989
347 6.55688
372 7.81543
183 0.709793
320 4.96994
269 2.21649
286 6.42535
300 3.7782
335 5.96915
206 1.59746
199 1.20421
258 2.07431
183 0.710037
247 1.82443
331 5.50299
186 0.521439
366 8.10327
286 3.23395
206 0.720901
330 5.77725
175 0.513565
167 0.562103
138 0.465942
122 0.334648
257 1.88025
97 -0.49556
259 1.7363
261 1.90491
246 1.69386
277 2.40161
141 0.578659
190 0.642792
280 2.79984
121 0.677635
138 1.2619
212 0.886307
161 0.401031
182 0.592056
175 0.513474
361 7.38968
257 1.6622
193 0.68013
271 2.70111
194 1.16458
318 4.85141
231 1.1749
257 1.94843
330 5.73602
181 0.498276
372 23.8836
196 0.706253
175 0.548889
306 4.5289
221 1.02007
307 4.53717
364 7.39804
174 0.539536
259 1.73575
175 0.847412
234 1.05545
95 -0.0537186
246 1.69389
253 1.81061
193 0.619629
294 3.48785
277 2.66391
199 0.765472
262 1.87625
289 3.31177
318 4.83728
143 0.567429
216 0.862564
301 4.2052
129 0.394257
183 0.597427
216 -0.0229645
265 2.33722
212 1.13702
169 0.636719
189 0.623993
176 0.535355
148 0.559143
270 2.67899
224 0.823059
202 0.783661
297 7.80594
188 0.737091
342 6.55637
275 2.65485
192 0.804825
285 -2.39682
365 7.86636
299 4.22964
280 2.80023
199 1.20418
136 0.476059
197 1.14851
271 -2.07657
241 1.26862
361 8.0882
261 1.95221
97 0.695908
112 0.0256424
299 8.06284
307 4.53412
147 0.44281
198 0.641449
336 5.90942
245 1.58971
258 2.48193
101 0.12635
356 7.61856
365 7.9184
177 0.559601
176 0.534241
336 6.08264
349 7.66055
342 6.55627
184 0.384705
342 6.55615
180 0.627823
336 5.79205
146 0.327789
150 0.595978
372 23.7039
324 4.94937
177 0.47937
250 1.65118
367 8.44308
111 0.136909
127 0.295158
245 1.10353
193 0.692505
351 6.75464
258 1.67493
278 3.33264
123 0.297585
345 6.70993
355 7.62799
240 1.32181
366 8.26819
367 8.43216
176 0.536346
124 -0.199303
144 0.613602
310 4.50339
331 5.63904
183 0.749573
362 7.67609
177 0.533112
181 0.602982
255 1.98138
294 3.48785
330 5.77515
271 2.70129
171 0.606216
188 0.672531
202 0.713898
150 0.560654
278 2.73911
340 6.33942
132 0.491501
172 0.585251
231 1.1749
325 5.59518
115 0.193565
240 1.17332
364 7.39935
372 5.64529
268 2.27478
250 1.64923
165 0.493393
324 5.03983
330 5.7757
299 3.77707
346 7.02231
193 0.68042
143 0.562714
265 2.50381
184 0.822662
323 6.53955
216 0.86261
253 1.80678
362 7.77252
331 5.72549
364 7.93942
372 5.64282
280 6.73642
250 1.76544
177 0.567215
279 3.03619
357 7.78735
260 1.9306
148 0.600296
309 4.80911
139 0.366684
287 3.21997
174 0.566742
250 1.76553
245 1.1037
197 0.500061
281 3.05856
342 6.55615
248 1.75035
163 0.526306
207 1.0722
211 0.440903
344 6.6174
134 0.549713
365 7.58221
285 -2.42413
324 5.30582
203 0.325684
308 4.26437
119 0.545715
177 0.533249
203 0.629456
183 0.551849
271 2.70667
370 0.250458
321 5.09827
246 1.49062
156 0.497589
200 0.751099
196 0.558838
248 1.69562
350 7.02045
342 6.66583
339 6.10489
331 5.74963
290 3.69327
167 0.577545
141 0.573715
338 0.0133667
155 0.611618
203 0.631241
310 4.56464
324 5.28107
150 0.578079
250 1.70998
253 1.81061
296 1.50626
300 4.27628
275 -2.1929
325 5.60294
268 7.16486
264 2.06335
368 8.27328
185 0.63382
313 4.73828
331 5.72495
247 1.82462
224 1.06473
327 5.4407
189 0.695236
367 8.4444
362 7.75226
306 4.40683
180 0.554138
111 0.52729
283 3.38907
121 0.4076
274 2.75616
220 1.43852
167 0.518173
94 -0.098381
167 0.543945
307 4.53705
149 0.323807
234 1.19475
274 2.60239
290 3.57434
77 -0.236313
277 2.6611
191 0.687622
282 3.15219
267 2.53229
311 4.43317
141 0.569016
294 3.48792
354 7.01614
274 6.58438
198 0.933548
309 4.27646
280 3.00671
326 5.41046
267 2.53204
372 5.64334
143 -0.246521
310 4.83795
144 0.595978
361 7.79526
161 0.393204
303 4.30191
144 0.515152
309 4.27698
80 -1.25316
257 1.94873
186 0.640396
330 5.66949
219 0.70874
366 8.23959
124 0.536644
334 7.59036
327 5.51047
309 4.27798
314 4.75308
165 0.581528
210 0.821198
137 0.656799
175 0.502304
214 1.08107
292 3.7991
324 5.6373
230 1.14644
149 0.283386
261 1.99857
127 0.498642
125 0.311508
307 4.53732
257 1.94931
301 4.17725
275 2.63608
360 7.66281
244 1.38
331 5.65912
135 0.306763
342 6.55618
104 0.274391
173 0.474854
286 3.26505
183 0.551865
97 0.404602
309 4.2774
331 5.63977
251 1.70808
188 0.693329
359 7.77814
154 0.575363
362 1.34726
360 7.72321
136 0.55986
183 0.709961
189 0.623901
218 1.32666
91 0.281677
217 0.740311
177 0.558411
354 7.0434
260 2.02533
291 3.40985
133 0.449677
142 0.714142
171 0.519272
323 5.61917
358 7.8006
298 4.12994
342 6.53665
218 1.03462
327 5.51041
330 5.77704
199 0.373978
307 4.46484
204 0.990524
267 2.53207
360 7.76202
277 2.62189
274 2.64691
129 0.353302
199 0.789886
298 3.89975
265 2.08752
302 3.84067
267 2.53192
155 0.517883
343 6.52805
193 0.783295
257 1.94843
225 0.900375
163 0.495255
118 0.398041
295 3.64853
152 0.499542
280 3.0242
188 0.71315
229 1.08644
280 2.7789
283 2.83981
240 1.32164
246 1.63585
147 0.442612
230 0.95549
347 6.88477
298 4.1069
211 0.930496
321 1.70996
177 0.533249
140 0.548935
260 2.13831
50 0.453186
164 0.560974
372 5.64032
111 0.285683
204 0.540955
121 0.408676
335 5.81061
198 0.695419
290 3.57431
300 4.36313
193 0.74234
191 0.748581
193 0.768188
299 3.85535
202 0.710312
180 0.548721
231 1.03143
175 0.847183
353 7.17276
278 2.97067
136 0.859695
253 1.54172
304 4.03516
77 -0.236221
361 7.78815
308 4.21954
164 0.552429
231 1.19518
343 6.61279
244 1.61755
311 2.54913
220 0.745407
179 0.828476
342 6.66199
355 7.60837
329 6.68353
272 -1.9523
261 2.20825
191 0.7686
318 4.82913
362 7.76868
308 4.50861
177 0.558472
228 1.0719
185 0.415421
148 0.536392
209 0.376694
325 5.33731
283 3.25229
126 0.474289
344 6.48666
342 6.66162
117 0.381546
309 4.17212
147 0.38327
318 4.92453
278 2.86453
134 -0.315872
277 2.40189
149 0.603882
324 5.30566
370 7.89645
112 0.0254822
304 4.28299
88 -0.817978
345 6.67484
193 0.741364
267 2.5322
193 0.612625
270 2.6846
255 1.99716
296 3.27161
286 6.42548
186 0.627502
260 1.75537
181 0.609406
287 5.39767
141 0.561447
197 0.508362
326 8.19855
333 6.09518
282 6.69772
187 0.633789
284 3.33038
367 8.44427
277 2.68796
364 7.4007
189 0.613373
368 8.17892
268 2.68008
372 13.1917
278 3.33212
186 0.644028
301 4.36011
183 0.603638
352 6.92343
195 0.800018
356 7.61298
354 6.97888
121 0.409569
362 7.86655
257 1.94876
329 5.27347
97 0.687225
135 0.40593
358 8.10593
327 5.50986
296 3.64941
326 5.41714
306 6.35562
267 2.1871
177 0.475403
148 0.570816
309 4.2764
308 4.5181
260 1.84448
368 8.27371
183 0.777283
192 0.485962
357 7.24371
188 0.786987
130 0.837158
132 0.493912
91 0.281754
371 8.46619
343 6.63898
7 -2.53708
257 2.01645
244 1.37556
207 1.16963
311 6.68375
290 3.57672
368 8.27145
368 8.27408
282 2.80051
187 0.633713
115 0.382729
251 1.82082
331 5.6395
326 8.19995
337 6.16879
366 8.24109
186 0.496109
290 3.53354
310 4.50369
183 0.789368
175 0.610199
350 7.05862
111 0.50779
284 3.32294
275 -2.14929
250 1.70959
262 2.27814
300 3.89874
148 0.599365
290 3.57709
336 6.1875
366 8.24002
160 0.554199
253 1.81062
281 3.06985
188 0.715347
280 3.03702
105 0.41993
262 1.97818
182 0.723297
200 0.774124
137 0.518448
250 1.76566
346 6.79269
200 0.756622
345 6.67566
282 2.98538
36 -0.363552
249 1.70772
193 0.69342
146 0.326645
117 0.592033
331 5.51202
212 1.2993
260 1.53156
195 0.538773
278 3.33221
230 1.12135
319 6.99347
346 6.80923
256 1.87485
267 2.36771
261 2.00003
263 1.91925
282 2.75012
276 2.69879
277 2.84735
153 0.401825
295 3.91705
258 2.04407
175 0.513535
214 -0.195557
188 0.712982
175 0.847244
173 0.541779
366 8.16907
149 0.603455
193 0.627213
301 4.05023
253 1.72939
162 0.589447
188 0.783356
166 0.6297
184 0.583557
331 5.76151
116 0.436333
307 4.2179
183 0.681595
172 0.534424
183 0.710175
168 0.536087
330 5.5419
269 -2.02356
229 0.85849
253 1.80685
342 6.70728
154 0.624908
218 0.273209
177 0.552246
155 0.465225
349 6.54953
193 0.744476
343 6.52817
366 8.24512
343 6.49768
345 6.70944
270 2.67944
150 0.599487
372 23.8824
174 0.539413
122 0.389191
362 8.00842
208 1.24928
294 3.48792
122 0.416069
151 0.557831
276 2.40305
254 1.80643
182 0.559586
326 8.21606
144 0.543274
336 6.18735
100 0.701515
271 2.47943
362 8.10187
333 5.8418
215 1.08
271 2.3642
274 2.38852
127 0.496529
254 1.83202
159 0.578766
213 0.895889
217 0.878677
167 0.515289
180 0.577393
304 4.03137
179 0.828659
271 2.70718
297 3.90924
230 0.990173
283 3.38876
343 6.52811
77 -0.236404
182 0.710175
50 0.382145
357 7.65668
300 4.13708
279 3.00229
367 8.43216
310 2.55142
264 2.04297
320 4.81564
253 1.81061
154 0.574371
286 6.42557
128 0.379196
299 4.24298
287 5.42441
138 0.465851
363 7.91669
296 4.00568
124 0.38517
280 3.07053
148 0.492737
372 9.07208
348 7.66083
353 6.99579
351 7.20831
353 6.91016
330 5.77573
297 3.62576
361 7.7995
129 0.410675
364 6.57843
373 3.5947
101 0.556793
326 5.14441
101 0.196175
357 7.94919
188 0.502258
286 3.39758
291 3.40466
219 0.967773
356 7.46661
217 -0.300018
140 0.540405
290 3.29349
350 7.02448
245 1.20734
154 0.542099
192 0.585434
364 6.56552
356 7.46628
174 0.538666
295 3.70135
348 6.84573
316 6.82678
372 8.27216
262 1.8573
236 1.14134
156 0.591248
278 2.73889
309 4.27631
325 5.59518
177 0.533264
118 0.398102
157 0.513702
98 0.221184
359 7.27576
354 7.81439
328 5.5939
313 6.23218
231 1.18465
353 7.34305
278 2.88785
157 0.51384
167 0.515625
297 7.69876
310 4.41019
283 3.3891
280 2.77969
348 6.86777
261 2.09064
199 1.20424
365 6.57437
202 0.70488
164 0.607651
134 0.545441
320 4.9465
291 6.56387
365 6.51346
175 0.847336
121 0.408882
324 5.24918
266 2.33203
293 3.6344
331 5.65814
151 0.426865
104 0.199448
200 0.648132
182 0.537018
304 4.03488
267 2.37817
269 6.89554
202 0.67189
281 3.09271
240 1.17331
176 0.534195
82 0.0724335
172 0.531418
269 2.38779
270 2.67978
257 2.0191
314 4.75308
41 -1.96086
248 1.72021
171 0.586349
299 3.73157
183 0.70871
271 2.70834
356 7.42313
212 0.77063
55 -0.0930328
144 0.376373
161 0.520798
36 -0.143913
122 0.473587
364 7.98367
326 5.69043
200 0.75058
189 0.587265
203 0.705902
360 7.71085
139 0.511887
280 2.77927
121 0.408585
362 7.7543
177 0.491516
269 2.38687
355 7.35059
345 6.67508
261 1.66724
151 0.424637
339 5.96954
280 -2.31406
151 0.55751
193 0.693314
304 4.45801
205 0.310806
279 3.12152
321 1.71701
250 1.65096
99 0.1231
214 1.19707
361 7.87759
256 1.87491
297 4.23056
271 2.66214
193 0.718658
258 2.04431
196 0.720642
284 2.70105
366 8.24301
275 2.67535
256 1.87506
188 0.692993
142 0.613907
119 0.510727
191 0.690491
223 1.02074
310 4.33502
222 1.01788
152 0.591202
240 1.31976
189 0.62381
327 5.49146
138 0.425659
307 4.53751
307 4.16162
363 7.97571
284 -2.35556
249 1.4115
284 3.20996
184 0.743423
202 0.749298
289 3.23264
164 0.492249
173 0.590897
180 0.89772
166 0.629944
331 5.63901
369 7.9263
285 3.40469
203 0.629227
283 3.38913
365 7.58145
247 1.69167
258 2.04446
219 1.03685
259 0.442841
103 0.174149
203 0.83165
293 3.81158
372 23.8761
301 4.39111
269 -1.95529
280 2.77802
321 4.91437
183 0.709869
172 0.53511
186 0.611572
272 6.7901
317 4.74954
191 0.646774
213 0.907837
291 3.7836
271 2.70645
235 1.04488
142 0.653946
205 0.393723
315 6.70157
89 0.0677643
288 3.12354
283 3.22018
269 2.3877
325 5.66019
271 2.30643
360 7.69421
364 6.65945
254 1.95084
288 3.41037
363 7.93161
321 4.62396
258 2.04413
268 2.50479
191 0.768829
215 0.982971
307 4.53751
353 6.89532
261 1.95032
174 0.539413
295 3.98013
168 0.516052
192 0.588928
303 4.29562
248 1.35173
249 1.47133
170 0.559418
204 0.797211
371 12.6539
211 0.845535
97 0.695663
191 0.504532
271 2.70865
122 0.389015
366 3.61139
336 6.18784
143 0.445251
250 1.6503
362 8.00757
302 6.26074
333 7.89236
214 1.41547
355 7.36737
278 2.71234
252 1.77695
174 0.539276
253 1.81099
259 1.96387
283 3.38895
286 3.28186
182 0.660034
249 1.47276
156 0.543839
209 1.0596
273 2.59912
285 -2.42395
258 1.9256
174 0.555756
358 7.78021
168 0.536026
153 0.615524
336 6.18738
158 0.536621
182 0.560867
304 4.10022
328 5.46646
198 1.05916
163 0.525284
301 4.13443
258 2.04434
202 0.742523
361 7.80087
257 1.85294
282 2.50555
350 7.02264
148 0.600449
290 3.45157
344 6.64713
295 4.16193
335 6.26276
139 0.368698
343 6.08698
326 5.39319
271 2.4924
324 5.63651
304 4.0351
332 6.13474
119 0.223648
272 2.32672
289 3.6813
357 7.50244
368 8.27151
42 -1.95937
161 0.323914
334 5.77649
283 3.38916
298 3.72873
364 5.99698
274 2.61786
109 0.384827
348 6.8739
54 -0.172523
347 6.88483
217 0.789612
97 0.687218
155 0.580292
367 7.53864
177 0.533142
276 2.65668
185 0.537552
362 8.08191
267 2.37665
97 0.695648
364 7.39777
182 0.418488
90 -0.9729
265 2.12277
172 0.584137
251 1.81326
364 6.65939
229 1.16702
189 0.720337
267 2.43002
172 0.626892
194 0.65329
143 0.477295
295 3.66476
308 3.61691
172 0.571381
144 0.567947
220 1.01353
174 0.539246
140 0.47023
291 3.65628
206 1.05342
183 0.568573
188 0.630905
342 6.42023
279 2.62436
173 0.559814
362 7.75516
252 1.77155
362 1.34607
145 0.551559
267 2.53226
327 5.09265
354 7.31946
210 0.854233
304 4.03537
155 0.466339
183 0.59993
179 0.515533
201 0.756805
126 0.473709
247 1.82487
246 1.64447
251 1.82077
166 0.269928
342 6.66043
325 6.46115
342 6.67123
301 4.32776
156 0.578751
279 -2.07007
315 4.54947
215 1.07985
248 0.917587
148 0.321854
343 6.40604
217 0.878571
372 7.80045
273 2.6311
183 0.709808
256 1.54251
134 0.00811768
221 0.772064
203 1.0705
260 2.57312
248 1.69489
207 0.840897
300 4.12421
312 4.4191
117 0.270035
194 1.1143
326 8.21426
195 0.871857
152 0.592133
192 0.515533
130 0.443298
288 3.53049
123 0.808533
265 2.12595
291 3.64087
349 6.53107
369 7.67062
328 5.49753
172 0.531479
196 0.611664
303 4.41003
324 5.02625
295 3.72644
294 3.50131
144 0.567261
125 0.335152
288 3.5304
257 2.01645
141 0.174484
227 0.971191
182 0.532791
224 1.21764
183 0.69899
271 2.40222
115 0.473312
352 7.48087
155 0.4673
362 8.08264
364 6.66309
369 -2.44174
309 4.55081
147 0.444901
309 4.27737
247 1.65312
182 0.41861
179 0.573822
364 7.39816
167 0.56218
137 0.65126
254 1.8054
95 -0.621819
268 2.39963
169 0.596283
326 8.21671
269 2.54129
97 0.695724
189 0.62384
173 0.696228
283 3.38907
115 0.225166
283 3.38922
204 0.635788
329 4.91907
352 6.93399
310 4.5036
152 0.590866
342 6.66721
91 0.281425
155 0.612564
167 0.562271
342 6.66302
301 4.20895
115 0.198647
123 0.319565
139 0.481613
137 0.632385
359 7.63007
225 -0.0346222
373 12.068
361 7.79971
283 3.38904
166 0.633514
282 2.98541
127 0.496567
331 5.6398
253 1.79039
341 6.35141
364 7.93723
262 2.04706
307 4.53632
336 6.18787
154 0.486008
355 7.34802
291 3.35892
348 6.47003
299 4.24417
342 6.60776
254 1.95378
267 2.25439
126 0.474411
112 0.0256424
314 4.75311
181 0.588806
142 0.567307
173 0.637833
148 0.578674
300 4.21765
262 1.9986
361 1.61188
206 0.65274
122 0.548134
136 0.618149
257 2.01685
200 0.637756
283 3.38916
183 0.709991
254 1.80611
201 1.00337
189 0.345291
134 -0.315948
153 0.441818
184 0.623627
253 1.78964
361 8.08698
264 1.95419
352 7.48492
183 0.629044
258 0.41861
183 0.58609
187 0.633682
257 1.87216
133 0.595673
366 8.2442
195 0.713516
215 0.867004
228 0.943512
253 1.8107
342 6.20721
310 4.50055
197 0.628296
285 3.21338
165 0.547394
302 7.80338
270 2.42175
278 3.34366
132 0.494537
175 0.847122
269 2.54895
128 0.425934
324 5.30569
189 0.593658
273 -1.77859
206 1.13475
214 0.947952
364 6.66275
135 0.591339
217 0.794266
156 0.513931
367 8.44296
330 1.88443
303 4.0293
364 7.39883
261 1.85089
294 3.89319
337 6.16898
151 0.557159
217 0.878616
329 5.76123
36 -0.144314
253 1.78952
205 0.756302
288 3.10471
189 0.349197
279 2.62955
368 8.27054
361 8.07812
229 1.16656
354 7.46649
154 0.431396
148 0.616135
146 0.579529
150 0.580185
325 3.99493
231 1.16974
174 0.539459
261 -0.183838
119 0.450363
315 8.19986
223 1.06171
180 0.5186
360 7.74292
368 7.98654
263 1.95013
104 -2.6921
180 0.616791
161 0.379547
191 0.5914
147 0.451187
312 4.63855
313 4.54321
253 1.78572
345 6.54739
202 0.761246
204 0.71347
260 1.82776
351 7.15146
256 1.81897
199 0.720322
185 0.612564
202 0.809128
342 6.2674
364 6.66287
212 0.794983
207 0.742813
361 6.8793
281 3.16064
323 5.62106
285 -2.39648
108 0.313911
174 0.566574
327 4.22906
188 0.675018
312 4.40335
185 0.565216
364 6.6618
253 1.79974
161 0.504837
334 5.53259
366 7.98822
290 3.62686
342 6.66327
134 0.55011
304 4.03137
146 0.256332
283 3.65561
164 0.623611
146 0.327057
143 0.562927
331 5.48444
117 0.378563
279 5.23749
199 0.935333
187 0.554916
215 1.33022
283 3.12656
149 0.281815
160 0.675354
215 0.766205
212 0.732086
119 0.630402
189 0.590134
110 0.421326
324 5.30539
317 4.8396
354 7.81464
283 3.38913
177 0.533249
288 2.92627
191 0.635254
205 0.575531
253 1.78996
231 1.22015
207 0.435287
360 7.64355
358 7.74997
274 2.65048
140 0.539734
176 0.535355
256 1.77112
198 0.763885
185 0.625656
271 2.6716
210 0.649139
119 0.678566
227 0.983398
174 0.598358
309 4.27698
156 0.560181
134 0.546127
345 6.49683
339 5.9931
183 0.432632
80 -1.25377
228 1.34741
223 1.06511
361 8.08902
290 3.31784
190 0.683319
312 4.52609
366 8.16916
361 7.79163
141 0.454742
356 7.54153
201 1.24199
350 7.05902
343 6.28424
295 3.91443
131 0.638794
250 1.778
345 6.62088
310 4.50964
328 4.20383
278 2.73819
368 7.9866
364 7.39703
152 0.590775
308 4.45441
231 1.22018
230 1.12053
45 -0.232754
175 0.847076
337 5.92609
185 0.398849
217 1.29269
325 5.09561
186 0.573135
323 3.20999
216 0.527847
248 1.37009
203 0.324295
278 3.332
161 0.410477
260 1.94116
159 0.404755
298 3.89975
357 7.39398
118 0.349136
304 3.55807
273 2.5524
344 6.65988
310 4.5032
372 23.8702
64 -1.70541
227 0.98938
372 7.94379
215 1.30592
219 1.01978
312 7.91745
253 1.81062
361 7.42194
157 0.474533
151 0.599258
330 4.5361
281 3.17297
231 1.07228
325 5.59531
126 0.474106
361 1.44785
270 2.67944
320 4.30609
268 2.14755
311 4.4595
346 7.12073
189 0.623856
330 5.77585
279 2.91068
268 2.2674
155 0.612503
345 6.70923
178 0.482681
285 2.83682
340 6.1842
230 1.14641
291 3.49765
294 3.66119
175 0.593491
244 1.47806
193 0.783539
372 13.0486
127 0.36187
230 1.14641
354 7.48569
102 0.238205
285 -2.4032
273 2.56186
258 1.82605
309 4.17297
262 1.97269
267 -1.90356
181 0.597122
366 8.24405
269 2.38748
348 6.85028
45 -0.23275
215 1.02032
318 5.1897
337 6.44995
298 3.89694
337 7.73621
314 4.76419
165 0.492432
313 4.70752
366 8.24142
183 0.595322
364 7.39987
147 0.444275
297 3.59344
247 1.82458
338 5.88425
271 2.70697
325 5.66833
260 1.88885
147 0.603271
218 1.30487
347 6.55988
336 5.89911
122 0.296097
168 0.567566
254 1.80505
272 2.51663
309 4.27667
367 7.40323
156 0.458054
157 0.451752
309 4.29788
245 1.25789
360 7.35245
330 5.77802
365 7.58707
147 0.604813
203 0.628189
267 2.64343
312 4.44089
331 1.79245
250 1.68704
167 0.540573
157 0.514053
183 0.595245
280 2.93091
140 0.393875
183 0.54129
341 6.02332
147 0.447144
302 6.26059
157 0.549133
356 7.43988
310 4.49698
331 5.72485
326 5.23218
340 6.33926
280 2.78506
275 -2.19131
249 1.70773
349 6.86371
204 0.659454
256 1.875
229 1.08363
184 0.765701
309 4.27789
122 0.38913
257 1.94931
139 0.515442
193 0.374374
325 5.29449
360 7.66296
181 0.58728
337 6.16928
280 2.77927
373 8.46613
163 0.506454
162 0.474197
138 0.509415
123 0.47493
347 6.6669
139 0.0514984
182 0.67543
111 0.507767
268 2.38229
154 0.566711
140 0.541565
168 0.586578
361 7.85492
139 0.366898
331 5.63998
203 1.18556
361 8.08047
140 0.539383
321 4.80899
183 0.60733
326 4.25699
372 5.64185
163 0.525711
295 3.68201
296 3.84433
296 3.74765
117 0.285233
148 0.552765
285 6.77325
272 2.5379
320 4.94556
197 0.899292
134 0.00805664
364 6.56799
189 0.539948
278 2.7384
253 1.8011
351 6.75665
309 4.27652
160 0.420563
162 0.484726
201 0.542572
294 3.53723
331 5.63986
203 0.632965
327 5.50989
310 4.50049
367 8.44318
263 2.10953
163 0.525742
372 8.0127
310 4.50064
347 6.88477
268 2.46454
342 6.55621
216 1.05016
293 3.77213
154 0.610489
205 0.692215
227 1.16821
330 4.5361
330 6.74628
360 7.7265
295 3.97324
204 0.659195
274 2.51404
285 2.84155
268 2.26184
309 4.37186
187 0.990952
263 1.88751
308 4.19406
310 4.50931
304 4.03516
364 6.66345
325 5.16632
205 0.664688
176 0.653931
173 0.600891
343 6.69138
265 2.01392
310 4.50067
370 8.02295
285 3.23029
180 0.617157
361 7.57782
337 5.7771
254 1.80597
289 5.19556
338 5.99197
279 2.94492
326 5.72568
194 0.546539
275 7.02496
360 7.66241
144 0.567322
279 2.61652
343 6.41263
305 3.56326
173 0.609848
144 0.580215
322 5.03336
366 7.71085
92 -0.678543
282 2.90265
321 5.2699
104 0.0861893
345 6.71225
167 0.562164
171 0.585892
321 5.37558
302 6.26022
210 0.411621
353 7.3782
361 1.60956
300 3.42389
226 1.60719
223 0.958664
256 1.83673
120 0.199524
352 7.18359
263 1.90231
277 2.46933
143 0.538742
320 5.108
151 0.312698
353 7.56311
269 2.27039
286 2.60974
277 2.68527
353 7.30878
141 -0.292404
269 2.38705
168 0.620804
324 7.20886
327 5.60901
348 6.90283
276 -1.54221
148 0.545486
189 0.623886
302 6.25986
337 5.98749
360 7.62393
322 5.23679
250 1.76561
286 6.42532
290 3.42343
282 2.98584
147 0.452896
54 0.338112
193 0.603409
101 0.297478
202 0.908966
208 0.706207
229 1.16716
140 0.463303
160 0.456085
314 4.75342
329 5.61188
169 0.572418
182 0.563904
159 0.143494
187 0.641251
264 2.36798
351 6.70331
150 0.586655
203 0.738174
252 1.74802
172 0.531479
128 0.436554
213 0.895844
99 -0.216095
249 1.70787
166 0.629547
368 7.54083
191 0.768753
174 0.514297
302 6.26071
146 0.561813
280 2.78506
250 1.71054
217 0.854294
278 2.61523
185 0.533325
293 3.52963
306 4.09888
158 0.455444
101 0.296906
324 5.30524
261 2.12717
281 3.07858
360 7.84106
244 1.21465
280 3.00595
282 3.37833
221 1.38309
349 6.97446
310 4.8522
361 7.38297
238 1.44745
290 3.57684
209 0.794922
251 1.82771
313 5.06485
199 0.762115
251 1.8273
298 4.15558
263 1.98224
299 4.09061
92 -0.759514
234 1.29616
182 0.55954
301 4.39896
299 3.83136
183 0.602737
304 4.03174
339 6.07047
331 5.60104
191 0.68251
364 7.97827
257 1.87927
353 7.15961
326 5.14474
281 2.69287
363 7.71097
363 7.42163
114 0.363937
52 0.535255
254 1.8313
260 1.95721
151 0.263123
325 5.13025
206 0.743774
193 0.630646
278 3.34436
356 7.5365
356 6.99249
230 1.12233
177 0.532959
331 5.38583
280 2.7793
148 0.569916
268 2.47159
231 1.17412
327 5.67487
139 0.0513763
145 0.690948
202 0.703308
198 1.20656
156 0.544128
355 7.65741
226 1.01013
283 2.59232
282 2.68973
139 0.0514832
332 5.509
309 4.27689
178 0.545563
349 6.89038
295 4.11633
362 1.3476
224 0.982773
188 0.726593
295 3.67081
370 8.16757
310 4.78558
308 4.60239
366 7.82211
196 3.52405
271 2.41891
307 4.26328
205 0.862976
136 0.348862
285 2.64578
207 0.762329
275 2.29288
199 0.626526
137 0.464569
49 0.368034
108 0.175659
343 6.60294
180 0.619141
249 1.46448
179 0.542511
158 0.542862
187 1.07181
194 0.755234
341 6.16971
199 0.684082
354 7.81454
152 0.586609
330 5.44977
353 7.13327
245 1.10373
298 3.89941
136 0.586075
342 6.66034
310 4.50366
160 0.551147
261 -0.183716
125 0.259735
314 4.7533
205 0.754074
329 5.62732
112 0.0257263
294 3.48785
216 0.997742
170 0.527176
349 6.66144
211 0.754105
167 0.55719
364 7.93695
372 7.96823
286 3.33539
342 6.55612
338 -0.0485229
362 8.0054
282 2.90256
277 2.66144
284 2.90204
196 0.606598
336 6.1904
278 2.73849
329 5.45853
348 6.93039
285 -2.39319
240 1.20039
221 1.19144
151 0.575165
250 1.7099
219 0.994446
261 -0.183563
91 0.281487
215 1.07983
151 0.58223
345 6.60803
270 2.51819
338 8.71536
183 0.710068
358 7.53665
337 6.19229
226 1.60803
265 2.05151
260 2.14734
249 1.7077
331 5.7045
330 5.77536
98 0.68705
288 2.88882
134 0.425583
278 2.86435
331 5.80811
364 7.93701
304 4.03122
327 5.51044
231 0.940613
324 5.30582
314 4.7536
217 0.878662
139 0.366699
282 2.90207
282 3.31366
13 -2.26337
254 1.80658
245 1.1037
276 2.57285
182 0.617722
153 0.484558
330 5.77634
98 0.687141
330 5.77563
206 0.723679
130 0.392334
306 4.51346
110 -1.29539
267 2.53189
198 0.651016
164 0.537613
263 1.88596
200 0.796158
121 0.460426
230 1.32622
63 -1.58757
298 4.19659
162 0.582993
77 -0.236313
350 7.02246
306 4.05789
310 4.50064
296 3.27194
161 0.519424
353 6.9122
258 2.04425
307 4.33783
48 0.332279
250 1.4446
249 1.70749
358 7.95389
189 0.540421
314 4.75281
122 0.388863
147 0.447586
353 7.16
325 6.49017
203 0.62825
217 0.854965
373 3.59369
364 7.39938
342 6.66992
342 6.14874
316 4.67184
254 1.80643
143 0.562912
314 4.7533
342 6.02493
188 0.607239
202 0.746567
188 0.692993
185 0.568939
205 0.663757
156 0.533157
139 0.369125
226 1.17253
367 7.84955
246 -1.29744
232 0.890289
270 2.68463
229 1.27859
148 0.545624
275 -2.15158
129 0.408569
287 3.10614
271 -2.08636
116 0.398994
290 3.30835
303 3.89175
330 5.17892
210 0.64653
337 5.69992
163 0.525711
167 0.559647
290 3.5748
358 7.52628
313 4.45273
149 0.603683
322 5.13004
339 6.06686
326 6.68536
207 0.732666
181 0.648239
291 6.02829
167 0.540466
188 0.693314
146 -1.03717
183 0.595322
192 0.52153
173 0.554352
167 0.515869
156 0.446365
271 -2.0799
367 8.44394
117 0.170898
159 0.318863
371 7.82446
269 2.38815
267 2.26752
372 7.88864
166 0.629562
331 5.599
148 0.547226
113 0.279984
330 5.638
358 7.36713
276 2.53778
174 0.469635
356 7.82745
357 7.67459
167 0.556259
279 2.64569
102 0.238182
141 -0.278473
175 0.465408
331 5.76572
109 0.351692
227 0.972305
314 4.7532
123 0.307655
138 0.466278
187 0.584717
371 6.67404
198 0.734024
308 5.61905
357 7.67627
327 5.40466
193 0.693176
358 7.33517
149 0.610031
278 2.55878
289 3.25464
160 0.55394
372 7.81113
323 4.98105
317 4.58044
269 2.38702
371 7.67245
226 1.60762
314 3.93704
365 6.57626
183 0.59581
188 0.596466
364 7.73846
265 2.07578
177 0.480392
137 -0.292831
354 7.81473
294 3.65659
348 6.82181
246 1.24858
143 0.573883
309 4.27628
233 0.984192
315 2.66864
361 1.45264
233 1.21651
257 2.01685
283 3.38837
230 1.03732
220 0.818405
180 0.600281
134 -0.316086
253 1.79633
337 6.16895
172 0.58255
182 0.418716
266 2.44501
159 0.388657
308 4.45972
266 0.847534
139 0.515335
335 5.98929
313 4.63809
356 7.44717
164 0.306473
337 6.19199
296 3.6077
345 6.86505
183 0.552063
155 0.467926
202 0.720734
156 0.544022
263 1.89911
150 0.519775
287 3.29645
214 0.821335
251 1.82085
364 7.39972
199 0.672546
263 2.07617
149 0.303391
163 0.324936
154 0.579315
228 1.18823
342 6.66016
261 1.80707
277 2.8877
307 4.53708
189 0.623947
335 6.3436
275 2.7695
218 0.648483
253 1.81062
115 0.252373
326 5.68478
181 0.595886
156 0.604675
101 0.550667
362 8.03445
195 0.665298
288 2.93411
354 7.17395
355 7.5965
210 0.753021
115 0.512184
196 0.625336
177 0.424927
159 0.382507
157 0.460999
276 6.83884
193 0.441315
179 0.562927
293 3.60483
148 0.600235
132 0.48938
355 7.16849
340 6.32932
347 6.81775
342 6.26355
249 1.70776
202 0.715317
344 6.48438
362 7.86972
130 0.344833
195 0.556229
209 1.27644
302 4.14899
283 3.38919
306 3.59387
296 4.08768
148 0.600403
277 2.85614
205 0.747864
302 6.26074
257 1.83331
354 6.92102
168 0.4673
189 0.704117
149 0.61322
280 2.78125
354 7.35172
169 0.515594
143 0.531693
148 0.558945
138 0.388779
314 4.75345
344 6.65967
263 2.33051
167 0.514999
330 4.53476
215 1.25179
328 4.46762
353 7.27307
331 5.60092
361 7.60983
333 5.59061
295 3.62082
265 2.43686
330 1.4101
192 0.52356
266 2.2197
121 0.575714
369 7.94553
362 7.33582
320 4.98254
256 1.87503
292 3.38663
121 0.409615
340 6.33923
372 7.44849
283 3.65588
296 3.60019
253 1.78967
362 7.78033
290 3.40466
316 4.58499
344 6.86362
80 -1.25359
137 -0.302185
271 2.70685
177 0.505203
361 1.61237
217 0.813705
318 3.92606
162 0.306732
202 0.709091
314 4.7533
373 0.934448
142 0.63443
349 6.6709
323 4.80756
151 0.557724
192 0.658432
257 1.94894
324 5.0405
264 1.98785
326 5.68494
309 4.27762
257 1.76923
204 0.740784
362 8.03903
162 0.597
152 0.529282
362 7.754
373 3.59412
361 3.8537
167 0.582642
185 0.562744
134 -0.315933
205 0.832886
361 8.07578
168 0.570999
141 0.489502
357 7.47797
362 1.39258
146 0.0390472
317 4.09146
213 0.580841
256 1.7822
90 -0.953209
364 6.5618
289 3.61655
82 0.053299
147 0.47821
191 0.678482
141 0.495392
215 0.982864
337 6.14221
254 1.80644
156 0.46933
193 0.691299
231 1.22015
250 1.70972
254 1.83279
167 0.458633
345 6.71112
368 7.98508
199 0.667725
343 6.5676
355 7.4899
169 0.595963
263 2.34711
178 0.461456
144 0.567032
256 1.87488
218 0.984329
215 0.828522
309 4.69855
36 -0.14397
212 0.833511
271 2.4119
216 1.3954
208 0.748245
206 0.941223
278 3.33252
183 0.709991
181 0.556732
184 0.38443
153 0.534119
343 6.56644
210 0.821274
261 2.75385
145 0.705978
307 4.53735
201 0.922668
314 4.5322
212 0.725479
266 2.37585
303 3.61139
171 0.625046
148 0.349106
193 0.532608
167 0.510117
322 4.64151
360 7.66229
146 0.165344
166 0.238647
255 1.74664
205 0.302002
141 0.461121
185 0.575226
82 0.395752
149 0.592758
231 1.17404
360 7.54117
206 0.853104
208 0.721817
112 0.0255127
316 7.21152
287 5.4205
291 3.45059
366 8.24512
322 4.86917
205 0.510574
286 2.79788
331 5.60098
355 7.48944
358 6.66589
341 6.42682
310 4.5036
254 1.83076
260 1.88324
249 1.4716
262 2.21698
334 5.68274
266 2.14993
148 0.53389
125 0.334312
333 5.80225
150 0.385117
215 1.0798
149 0.395081
308 8.31693
205 0.74173
325 5.65042
331 5.63904
282 3.37906
268 2.5032
148 0.604706
138 0.397705
280 3.49835
254 1.80457
344 6.65222
156 0.495224
195 0.579086
202 0.724609
371 7.75089
365 7.58221
135 0.743256
183 0.709854
215 0.846313
309 4.27658
192 0.575882
196 0.593307
347 7.01831
245 1.10385
291 3.33676
152 0.591232
156 0.544037
148 0.452591
305 6.94031
200 0.674728
321 5.11725
204 0.9543
325 5.59531
207 0.794006
163 0.526581
298 3.89691
141 0.451889
369 7.72
207 0.704865
146 0.192093
220 0.737991
149 0.603546
373 3.59485
181 0.572891
218 -0.386734
347 6.88406
138 0.466492
137 -0.314423
183 0.626984
217 0.785217
308 4.19989
171 0.540268
189 0.62384
264 1.88452
213 0.744965
308 4.29785
254 1.80591
194 0.618851
150 0.586838
36 -0.363594
155 0.612335
252 1.70827
327 5.45148
364 7.40054
270 2.40723
225 -0.035141
257 2.04083
278 2.73917
145 0.154053
319 3.07553
197 0.704117
151 0.557281
146 0.328018
198 0.68457
148 0.559799
367 8.44458
281 2.9574
361 1.4541
373 8.17685
337 6.42529
138 0.466278
115 0.150047
142 0.576614
347 6.79642
149 0.281052
351 6.97906
354 6.94785
282 2.90256
351 6.74588
299 4.08578
296 3.66766
291 3.4899
209 0.763931
317 4.78601
165 0.573761
325 5.2027
280 2.78616
285 -2.39658
254 1.80606
316 4.77246
206 0.94696
97 0.687218
361 7.59088
310 4.50043
175 0.622437
117 0.479927
354 7.47278
262 1.90271
250 1.65102
180 0.894821
360 7.66245
219 0.967758
174 0.537537
302 4.12289
278 2.73856
128 0.367569
157 0.501923
98 0.68705
252 1.76639
179 0.828232
154 0.600769
122 0.280975
336 6.41071
154 0.636963
199 1.0218
148 0.546738
350 7.33762
216 0.784821
316 4.88046
327 5.68787
336 6.1593
198 0.657135
334 5.80936
366 8.24365
354 6.93457
176 0.5336
368 7.99182
354 7.81332
151 0.557236
327 4.63568
127 0.497284
288 3.33209
158 0.609146
168 0.672577
188 0.587692
188 0.875
230 1.12691
342 6.53427
310 4.50049
250 1.70947
195 0.709244
368 7.96799
326 5.04532
320 4.81598
356 7.16428
179 0.560913
276 2.69998
277 2.64029
364 7.40027
175 0.847076
346 6.96835
366 8.24377
197 0.594574
255 1.77234
170 0.597641
343 6.42786
217 0.794174
190 0.588898
310 8.55829
142 0.403946
315 4.76071
227 0.972275
285 6.30862
164 0.552444
348 6.77524
274 2.69754
137 -0.294174
180 0.505966
195 0.618011
268 2.34955
356 7.09753
246 1.69386
143 0.56282
362 1.3468
225 1.41196
326 5.39029
138 0.483536
324 5.02606
176 0.536362
257 1.94919
364 6.56207
205 0.612885
117 0.381737
201 0.655472
143 0.562866
200 0.88945
251 1.82076
364 7.40036
101 -0.380005
49 -2.01825
362 1.34531
163 0.526215
296 4.16309
331 5.63983
348 6.77029
250 1.6512
172 0.585083
326 8.21075
362 1.34576
251 1.77763
265 2.0856
369 -2.49384
205 0.766129
373 3.59167
151 0.520676
179 0.828522
265 2.10074
296 3.51215
310 4.50055
179 0.635712
310 4.50058
323 5.20691
122 0.388977
369 7.64905
171 0.584213
187 0.171341
130 0.434235
101 0.558578
344 6.41586
187 0.534851
171 0.494308
146 0.183533
124 0.536469
146 0.574295
343 6.547
362 7.89609
215 1.08011
161 0.406296
229 0.882568
331 5.6391
353 6.94394
340 6.28296
351 6.94839
244 1.15143
343 6.4198
216 0.862595
280 2.78497
253 1.8441
271 2.44479
121 0.314873
149 0.60376
343 6.52823
182 0.673828
354 7.46405
285 -2.42566
144 0.761719
283 3.60706
328 5.49261
181 0.476807
283 3.09375
134 0.659698
231 1.18465
157 0.515015
326 5.14471
169 0.596588
115 0.240639
98 0.678535
304 4.21332
164 0.573715
322 3.87042
367 8.01999
362 8.10196
335 6.39609
303 4.15631
325 5.60324
364 8.00555
354 7.47772
354 7.81442
366 8.25775
347 6.82855
50 -0.19281
314 4.75305
329 5.62656
340 6.33914
353 7.15903
143 0.496643
165 0.583496
324 5.30771
258 1.90353
210 0.789307
114 0.318306
338 6.01184
132 0.351074
260 2.09558
370 7.62991
331 5.63989
150 0.429306
327 5.56851
175 0.510193
252 1.77284
267 2.52606
130 0.61644
282 3.37842
368 7.57986
129 0.304535
348 6.88354
347 6.65387
283 3.60873
294 3.38638
340 6.35614
217 0.78508
366 8.24432
202 0.677002
271 2.40677
286 6.42554
126 0.309906
366 8.2012
306 4.03177
116 0.482384
214 0.923752
153 0.480042
343 6.4198
144 0.567383
117 0.221237
344 6.43417
257 2.05756
304 4.03531
325 5.1282
320 4.98618
337 6.12576
229 0.884781
265 1.94269
360 7.15894
174 0.539459
253 1.79001
138 0.509445
140 0.539322
226 1.60712
346 6.45868
205 0.503998
295 7.45764
175 0.847031
362 7.88525
104 0.130402
318 5.03101
286 2.91559
187 0.64122
183 0.462311
192 0.380264
368 7.95328
149 0.622406
182 0.557831
373 3.59161
109 0.207077
142 0.464798
360 7.34164
311 4.0874
174 0.539413
187 0.588745
285 3.39392
149 0.284103
273 -2.03336
252 1.76633
136 0.416733
199 0.647095
367 8.1853
149 0.284302
119 0.465134
288 2.84973
186 0.531662
328 5.4855
320 5.04779
321 4.63818
364 7.39966
254 1.80641
164 0.578293
292 3.25366
332 5.6286
330 5.77747
256 1.83575
316 4.62524
157 0.515762
361 35.7541
356 7.17935
365 7.49933
350 6.9772
343 6.5769
156 0.620651
157 0.466431
157 0.473312
252 1.76587
160 0.552841
253 1.78897
293 3.48108
261 1.88168
249 1.47163
268 2.4227
310 4.50043
237 1.36818
253 1.79643
355 7.4762
325 5.64517
145 0.713058
260 1.81311
137 0.549881
328 5.56726
262 2.12363
125 0.474213
286 6.42554
199 0.654709
254 1.76234
373 3.59308
202 1.00085
296 3.50354
312 4.50681
275 6.34259
330 4.53516
215 1.07178
270 -17.0824
128 0.444885
276 2.69992
99 0.674622
148 0.600479
186 0.56131
151 0.557144
245 1.70818
122 0.389053
155 0.516815
373 8.14221
290 3.30222
149 0.582001
261 1.93011
176 0.534378
111 -1.338
168 0.588562
361 7.68118
313 4.64249
196 0.599014
331 5.69321
219 1.40152
165 0.608871
332 5.90363
249 1.80634
200 1.20023
362 1.34537
296 3.6792
129 0.461212
213 0.445938
263 1.87436
144 0.458389
342 6.27887
312 4.49237
280 2.78513
118 0.533852
271 2.6012
150 0.578583
294 2.28333
139 0.480545
367 8.44296
287 3.32562
147 0.686981
367 8.09052
183 1.05391
136 0.558975
155 0.418289
350 7.0607
330 5.68134
168 0.536118
147 0.766953
321 4.66107
287 2.91891
356 6.98169
342 6.38425
278 2.73901
361 7.79086
195 0.535141
351 6.83203
154 0.404221
98 0.296455
352 6.45258
166 0.686539
145 0.185989
222 1.43208
116 0.63887
205 0.749496
250 1.6472
354 7.01538
137 0.521271
310 4.5007
299 6.84918
168 0.536316
227 1.08858
151 0.263794
283 3.65512
299 3.7551
340 6.54288
155 0.492218
262 2.31793
297 3.6832
191 0.595123
331 4.06616
364 7.39999
258 2.04428
330 5.81091
367 8.44147
242 1.16774
113 0.359894
174 0.800781
310 4.50259
324 5.25098
290 3.59625
266 2.34583
225 1.05144
164 0.521698
288 3.16006
317 4.20593
341 6.3501
255 1.67078
134 -0.316101
357 7.83682
182 0.559479
196 0.544754
348 6.85004
320 4.98611
368 4.51871
339 7.49335
183 0.595413
344 6.58594
276 2.47745
253 1.72652
143 0.533157
350 7.01959
296 3.49356
270 2.41254
116 0.480934
206 1.1218
104 0.141541
328 4.95245
127 0.497246
306 3.58783
233 1.6237
291 3.46753
312 4.41177
325 5.21451
324 5.03983
134 -0.315872
177 0.510864
340 6.33936
262 2.15662
240 1.26202
256 2.01331
363 4.77258
164 0.450439
135 0.488617
193 0.752014
331 5.63907
338 5.91183
365 7.07117
338 5.9342
295 3.6452
176 0.678818
254 1.80644
345 6.52145
258 1.95703
184 0.539078
193 0.611649
262 1.92172
308 7.63443
191 0.605835
256 1.78253
364 6.5658
186 0.507278
109 0.512932
364 6.56448
181 0.595764
276 2.69879
256 1.78256
314 4.75351
183 0.709808
350 6.70038
170 0.551086
368 7.98596
144 0.567444
231 1.28342
338 6.07776
273 2.44858
218 0.98439
350 7.01962
252 1.7719
202 0.862549
371 9.03467
105 0.260765
311 7.28659
102 0.237976
348 5.9317
331 4.23123
177 0.501022
284 3.0647
330 7.84644
168 0.576218
36 -0.14402
337 6.07159
298 3.89951
