85 -3.32098
47 -4.55138
214 1.23718
54 -3.14811
195 -0.158417
34 19.121
59 -22.641
68 -2.98405
68 -2.98444
214 1.2365
195 -0.158157
195 -0.158218
46 -4.08643
124 -0.909355
197 -0.324707
129 -32.914
214 1.23549
134 -0.717682
60 -3.21931
115 -1.66226
112 -1.98676
129 -1.23137
32 25.9539
112 -2.00812
129 -1.22235
105 -9.75833
195 -0.159561
115 -1.66459
134 -0.717773
54 -3.14822
83 -2.67361
113 -1.31916
68 -2.98435
92 -2.62541
90 -2.48614
102 -2.79953
54 -3.14833
54 -3.14834
90 -2.4864
214 2.73163
73 -3.0092
50 -5.5012
67 -3.02316
137 -3.93103
83 -2.6735
198 -0.355042
213 1.39359
115 -1.66385
107 -2.45914
68 -2.98441
83 -66.7056
318 23.2339
314 8.54089
192 -0.859329
230 0.320007
118 -27.0805
86 -3.37357
229 -0.0472412
71 -2.99245
214 1.23531
105 -1.86285
191 -0.551773
172 -0.393448
54 -3.14844
65 -5.08598
100 -1.19798
134 -0.717697
106 -1.42325
69 -2.99149
233 -1.64864
68 -4.96391
205 0.718246
54 -3.14853
115 -1.33678
129 -1.24522
231 0.114777
224 0.513596
54 -3.14816
107 -1.28342
100 -1.19876
276 3.91296
78 -2.76105
133 -0.634583
129 -1.24796
60 -3.21994
123 -1.6409
47 -4.55078
173 -0.418823
101 -2.2713
115 -1.66245
251 1.77391
44 -3.27716
74 -2.96689
72 -2.98717
214 1.22896
115 -1.8832
100 -1.19785
83 -2.67342
250 1.76172
115 -1.66244
90 -1.02139
121 -1.85204
50 -24.0238
225 1.66986
231 1.17732
188 0.351013
173 -0.623581
134 -0.717041
32 25.7151
229 -0.0473022
67 -3.05653
232 -0.38266
64 -3.02275
92 -2.59432
250 1.76013
195 -0.159454
54 -3.14834
6 -4.91006
95 -1.26994
106 -1.42625
173 -0.618561
225 4.01758
102 -2.3755
116 -0.855919
314 10.1487
130 -0.451797
88 -1.95345
101 -2.27102
100 -1.19901
112 -2.00819
90 -1.34121
45 -3.44633
233 0.309464
185 -0.866714
229 -0.0473785
213 1.38078
32 24.2346
107 -1.4234
195 -0.159119
230 0.224503
49 -3.34494
100 -1.19855
204 0.709259
213 1.39368
112 -1.98197
45 -3.41163
112 -1.99384
112 -1.99564
133 -0.066925
92 -2.62568
89 -2.46124
213 1.38112
196 -0.374847
133 -0.0692902
192 -0.859222
288 4.86774
90 -2.48643
197 -0.324753
6 -4.90976
185 -0.877884
92 -2.62589
92 -2.58977
13 -4.18472
91 -1.33203
185 -0.878403
67 -3.03828
89 -2.46148
67 -3.02402
244 4.83023
268 3.85739
90 -2.48615
89 -2.46128
50 -24.0237
92 -2.66544
220 -0.0552673
60 -3.21984
264 2.6741
110 -1.50517
138 -4.32693
210 5.04863
51 -24.1181
87 -1.23692
250 0.71402
84 -1.47632
112 -2.0088
89 -2.46152
100 -1.19769
291 6.7316
107 -1.28352
183 -0.263916
213 1.39368
39 -3.38375
191 -0.551971
129 -1.24387
251 0.843124
230 13.2751
110 -1.42768
218 3.45573
62 -5.15691
68 -2.98407
251 0.702286
37 -3.44561
254 6.78687
224 3.95659
105 -9.76069
214 1.2292
279 5.27478
240 1.09758
212 -0.333679
87 -1.38229
115 -1.66217
84 -2.77029
224 0.513611
115 -1.6642
104 -1.46336
68 -2.98434
118 -1.45788
133 -0.0672913
105 -9.74783
84 -1.47606
20 -4.05515
129 -32.9309
197 -0.376694
214 1.23738
230 13.6774
222 -0.545319
92 -1.94547
92 -2.62574
254 -1.64217
113 -1.31972
107 -1.28329
80 -1.47066
183 -0.2612
78 -1.6592
173 -0.62558
50 -5.50209
129 -32.9128
106 -1.58169
68 -4.61645
113 -1.92086
54 -3.14709
222 -0.54541
205 0.718872
106 -1.44492
134 -0.717636
82 -2.77834
132 -0.844421
204 0.707275
248 4.91748
273 3.40991
95 -1.2667
83 -2.74029
45 -3.40119
105 -1.86227
230 13.5707
115 -1.88333
110 -2.06651
282 5.72745
192 -0.859085
233 0.312088
204 0.708954
45 -3.35799
105 -9.75539
318 23.1765
80 -2.47395
112 -1.99415
129 -1.24899
119 -1.77434
336 14.3778
40 -3.44912
89 -2.46149
89 -1.65322
276 3.91229
92 -2.62679
64 -5.11779
68 -2.98443
92 -2.58985
189 -0.710632
93 -1.9493
104 -2.271
140 -1.13823
191 -0.664185
190 -0.595001
292 6.73874
172 -0.85788
173 -0.62558
218 3.45779
90 -1.02042
60 -3.16874
277 7.41748
231 0.568741
91 -2.66159
192 -0.859238
202 -0.917786
101 -2.27091
100 -1.1123
250 1.76022
115 -1.88181
118 -27.0804
110 -1.42768
173 -0.625702
233 0.313416
272 3.40979
197 -0.324921
311 9.76083
253 1.33795
95 -2.46742
213 1.38086
89 -2.46126
134 -0.667236
318 23.1793
60 -3.21888
91 -1.38329
113 -1.31927
261 3.51077
81 -2.73432
194 -0.894745
89 -2.46135
173 -0.603806
134 -0.717117
107 -3.4284
80 -2.46091
253 2.29974
90 -2.4864
90 5.54603
229 1.77438
209 2.36922
203 -0.950546
190 -0.720963
78 -1.60229
230 13.6603
228 1.56848
246 1.43935
249 4.97362
217 0.829895
54 -3.14815
86 -2.53458
60 -3.21907
100 -1.19767
91 -1.8119
291 6.73175
233 -1.64864
230 -0.416061
89 -2.46136
121 -1.85045
63 -1.7172
105 -1.86266
110 -1.42739
263 2.67404
231 0.567612
124 -1.29374
268 3.14084
11 -4.44212
113 -1.31964
134 -0.717102
192 -0.592041
228 3.58188
42 -3.44421
90 -2.48668
67 -3.02699
45 -3.45101
211 -0.504852
233 0.309021
95 -1.49413
177 -0.91304
251 1.23576
247 3.42125
291 6.73157
100 -1.11208
45 -3.3719
268 3.85681
114 -1.44036
209 2.36917
51 -24.118
45 -3.41559
133 -0.63681
292 6.19528
230 13.6078
68 -2.98441
72 -20.4263
79 -2.75819
248 4.91743
63 -3.0912
115 -1.4715
268 3.1409
205 0.719788
51 -24.118
230 -0.41777
250 1.76134
248 4.89745
67 -3.02613
110 -1.50504
137 -3.93198
213 0.362106
181 -0.825989
107 -2.45913
122 -0.873772
189 -0.710739
372 14.1503
60 -3.22001
106 -5.53265
230 2.83882
261 3.51251
115 -1.47145
78 -1.40091
119 11.4783
214 1.23619
203 -0.950592
91 -1.81358
214 1.23705
50 -5.50308
250 1.76126
258 2.1976
105 -9.75533
90 -1.02007
92 -2.59022
80 -2.84486
74 -1.45213
131 -0.77536
171 -0.881088
182 -0.904175
339 23.6317
115 -1.33736
205 0.64772
138 -4.32802
195 -0.159485
226 4.11853
285 5.58926
270 4.45551
181 -0.865997
88 -1.35484
83 -2.661
209 2.36913
191 -0.551773
90 -1.02003
100 -1.19867
119 11.487
54 -3.14865
6 -4.90969
180 -0.904694
131 -0.775421
188 -0.722809
206 -0.919373
112 -1.9934
281 4.17734
172 -0.858215
110 -1.50517
107 -1.28326
47 -4.55033
250 5.54733
90 -2.48634
106 -0.995918
137 -3.92769
191 -0.807816
136 -0.344971
273 3.40973
140 -1.13644
131 -0.775681
261 3.51239
68 -2.9844
244 0.213776
111 -0.988762
237 0.917542
231 1.17719
220 -0.0556641
171 -0.880325
138 -4.3295
191 -0.435455
247 1.81995
91 -1.81337
82 -2.75549
250 1.76274
303 7.914
91 -1.81142
130 -0.451874
261 3.50842
255 -1.65033
261 3.51181
115 -1.50548
242 0.559692
182 -0.885223
173 -0.623505
140 -1.13683
179 -0.585999
195 -0.158966
251 -12.1996
189 -0.730804
242 4.07689
119 11.4807
42 -3.33479
179 -0.906189
113 -1.31973
205 0.705002
68 -4.96381
142 -3.31895
121 -1.85191
192 -0.593948
106 -1.58087
269 3.44241
269 3.73654
119 11.4831
246 3.47516
327 12.0399
77 -1.44171
179 -0.521027
207 0.0796356
20 -4.05515
236 2.39732
220 -0.0552521
133 -0.637787
114 -1.44012
100 -1.19772
51 -24.118
107 -1.39267
195 -0.158234
260 3.42145
51 -3.18551
83 -2.64382
187 0.289307
173 -0.862549
173 -0.635483
76 -18.536
268 3.14081
228 1.56969
212 0.152527
284 4.60199
181 -0.826019
209 0.993652
86 -3.37492
87 -1.23687
115 -1.88333
98 -2.335
242 0.438705
204 0.70665
209 -0.832428
132 -1.67242
226 4.11839
112 -1.99528
268 3.14087
89 -1.57286
236 2.39796
245 4.34859
243 -0.0821075
291 6.73163
191 -0.551468
261 3.51233
261 6.28625
206 14.1847
69 -5.32743
140 -1.1398
230 -0.417313
365 16.3993
255 2.78522
222 3.49007
125 -7.65395
191 -0.551407
121 -1.85218
156 -2.11293
227 -0.0644379
370 15.9496
269 3.44397
203 -0.950531
100 -1.11226
247 -0.0176239
127 -0.667282
182 -0.910461
191 -0.665375
100 -1.19761
71 -1.51102
99 -2.021
47 -4.55053
189 -0.595398
218 3.45581
97 27.4066
176 -0.599274
168 -0.342316
137 -4.76115
138 -4.32626
202 -0.897385
250 1.76068
300 8.12756
107 -1.41685
195 -0.15947
360 9.77826
202 -0.871368
253 1.97566
231 1.17751
178 -3.57857
60 -3.21872
131 -0.775803
180 -0.904419
253 1.97498
250 1.76007
185 -0.866394
278 6.96661
314 10.1487
207 -0.0249786
269 3.73651
220 -0.201843
195 -0.15834
354 16.3542
270 4.45605
251 1.77391
279 -4.06125
71 -1.53625
190 -0.64151
257 2.61096
187 -0.648407
40 18.3361
112 -1.99452
182 -0.927902
250 1.76045
90 -1.02132
131 -0.776276
261 3.51205
80 -1.3449
354 16.3532
40 -3.31078
365 16.3988
180 -0.904617
226 4.11839
90 -1.02138
133 -0.62645
139 -0.48233
360 16.4102
121 -1.85082
191 -0.551453
231 3.74484
319 11.5161
189 -0.733749
131 -0.775543
121 -1.85076
214 1.22911
131 -0.776138
203 -0.95047
197 0.610703
91 -1.81327
315 10.7597
214 -0.386475
250 1.76109
134 -1.85757
259 2.73718
71 -3.02994
90 -1.02129
49 -3.32828
140 -1.13625
231 0.114944
339 23.6327
100 -9.58385
197 0.0861053
115 -1.33688
240 0.500305
134 -0.664536
72 -1.53508
214 -0.380249
197 -0.322037
240 0.434784
369 27.0084
90 -1.02055
92 -2.5893
100 -1.11248
272 3.4093
190 -0.319229
136 -0.578369
232 -0.38266
255 2.85991
182 -0.922928
96 -1.99805
209 0.729279
269 3.73587
231 0.0841064
115 -1.66406
231 0.417313
206 0.105865
202 0.802673
202 -0.93927
124 -1.29801
270 4.45618
115 -1.33666
202 -0.88649
213 1.39365
230 13.3921
32 25.7265
130 -0.451614
238 0.355804
133 -0.616699
119 11.482
46 -3.37135
245 4.8264
233 0.31337
88 -1.40024
16 -4.1439
204 0.0210724
230 -0.417847
110 -1.60767
231 1.17747
137 -4.76231
204 0.689743
228 1.56992
115 -1.3371
131 -0.776001
191 -0.552017
90 -1.02128
251 1.77397
234 0.361771
40 -3.31543
270 4.45642
184 -0.890259
105 -9.74585
123 -0.923058
251 1.77396
240 3.87476
115 -1.33695
335 14.4684
242 3.99484
107 -1.43873
227 1.75366
370 15.9477
180 -1.45921
250 0.713882
115 -1.66381
116 -1.51971
250 0.65181
137 -3.93269
229 1.81386
79 -2.76128
252 1.12125
185 -0.866135
351 16.0309
261 3.50986
222 24.0239
142 -3.3223
220 -0.0554047
242 -0.7099
134 -0.676895
126 -1.35478
248 0.549225
226 4.11839
195 -0.159607
90 -1.02027
214 1.22906
214 -0.385757
167 -1.22353
240 0.501038
89 -1.65321
257 2.15619
214 -0.235809
205 0.718887
197 0.236862
131 -40.5971
71 -1.511
141 -0.778198
47 -4.55125
117 -1.35683
167 -0.702011
250 0.473877
90 -1.02049
103 -1.47984
106 -1.42321
191 -0.664886
136 -0.352356
85 -3.32098
90 -1.02046
100 -1.11227
143 -0.571198
136 -0.548569
251 1.23389
88 -1.95335
318 23.2308
167 -0.704453
360 9.77963
191 -0.664856
227 -0.0643768
227 -0.0644226
131 -0.775803
64 -1.69777
248 -0.237213
257 2.15558
133 -0.621857
231 0.568756
60 -3.21875
192 -0.592224
209 2.36922
270 4.4556
224 0.513763
366 14.8583
202 0.0321655
80 -2.97164
106 -1.42312
16 -4.1438
270 4.45581
178 -3.70995
112 -1.98177
113 -1.31937
195 -0.159607
132 -1.67244
118 -27.0803
89 -2.46171
185 -0.866501
126 -1.80126
288 4.84885
261 6.28671
231 0.413437
148 -2.09013
214 1.22961
190 -0.341324
177 -1.32544
115 -1.33665
368 28.8986
261 6.2691
187 -0.645508
139 -3.54668
136 -0.345108
191 -0.551956
272 0.567291
207 0.805511
204 0.387695
209 2.36917
106 -1.42555
182 -0.269714
134 -2.00681
358 19.7288
144 -0.661041
339 23.6272
63 -1.71735
138 -0.37442
134 -2.25879
289 6.49969
261 2.57254
201 0.169418
205 0.719437
137 -4.76424
134 -0.665985
90 5.54642
258 2.19775
138 -0.552994
237 3.54764
360 16.4104
81 -1.43596
303 8.5899
251 1.7739
229 -0.0473175
84 -2.62118
157 -1.73015
228 1.56822
180 -1.45924
201 0.714081
230 -0.417343
270 6.04984
264 2.67078
180 -0.606781
232 3.45407
110 -1.42723
87 -1.23717
115 -1.33693
213 1.38193
250 1.76134
191 -0.706497
93 -1.50374
133 -0.0699921
248 2.37863
226 4.11827
276 3.91418
49 -3.35502
102 -0.98423
172 -0.858109
231 0.114853
252 -17.3589
168 -0.661072
181 -0.760925
230 -0.415878
181 -0.825455
197 -0.322098
79 -1.45106
266 7.20062
169 -0.338379
240 3.89215
276 3.91287
165 -0.744492
129 -1.24802
180 -1.45958
131 -0.775665
205 0.719986
139 -0.549271
136 -0.344971
137 -2.28749
144 -0.662674
107 -1.4456
262 3.46561
181 -0.825577
199 -0.890732
193 -0.900467
247 0.276688
173 -0.624542
157 -1.72499
281 5.15897
106 -1.42326
236 0.349396
178 -3.57855
83 -2.64362
200 0.669083
344 3.52222
121 -1.85087
197 -0.922348
261 6.28653
167 -1.22638
181 -0.82547
84 -1.47624
71 -1.51074
157 -1.9758
261 5.09387
115 -1.4718
191 -0.55072
137 -4.76242
172 -0.39386
241 1.60953
219 0.335846
177 -1.32532
144 -0.661987
144 -0.661133
141 -1.6794
182 -0.418076
240 4.96948
227 -0.0643921
140 -1.14026
351 16.0294
59 -3.16599
107 -1.28339
181 -1.26888
137 -2.28709
358 18.0525
121 -1.39092
6 -4.90965
91 -1.81139
234 2.42633
153 -1.55309
194 1.23378
202 -0.886673
251 1.77402
137 -3.92784
233 3.70889
63 -1.71734
234 2.42632
189 -0.488586
210 0.947617
204 -0.966141
125 -7.6538
186 0.224365
330 12.4392
11 -4.44253
250 1.76176
65 -5.37756
133 -2.03142
216 4.53001
250 0.474716
171 -0.881073
183 -0.968613
152 -0.37265
366 14.8051
176 -0.996048
210 0.179947
180 -0.935623
227 -0.0643616
125 -0.962669
369 17.5659
91 -1.81361
197 -0.325073
270 4.45657
99 -2.07268
209 2.36917
115 -1.50529
261 2.57227
268 3.85733
217 0.480179
327 11.9611
134 -0.717682
217 0.480103
125 -0.962677
211 -0.750732
244 4.87251
136 -0.59639
220 -0.0553131
125 -0.962532
268 3.1409
110 -1.5051
125 -0.962776
70 -3.03857
87 -1.23683
244 1.73096
135 -1.79805
360 16.9192
191 -0.665329
90 -1.02015
268 3.14084
339 23.6269
99 -12.0939
189 -0.733139
32 25.9313
198 0.182068
144 -0.661057
133 -2.07126
210 5.05028
170 -1.44022
217 0.479553
251 -12.209
181 -0.825287
206 9.11453
177 -0.34407
360 16.41
191 -0.662674
235 3.49908
253 1.97572
205 0.718735
128 -1.28783
123 -1.2747
270 3.41019
229 -0.0471802
249 0.751831
233 3.42868
90 -1.02158
188 -0.623062
211 -0.261017
87 -1.23703
133 -0.067337
107 -1.28339
176 -2.04681
223 -0.0485992
100 -1.11227
230 -0.418213
125 -0.962685
253 1.36194
318 23.168
360 16.9189
209 2.36923
212 0.173813
100 -1.01504
178 -3.5793
249 0.70224
192 -0.859055
368 9.03122
248 3.06784
285 5.58936
261 6.28506
276 3.91428
267 3.08105
217 0.797623
329 12.3555
205 0.718323
209 0.0665894
127 -0.667114
39 -17.4446
125 -7.65442
221 3.41707
285 5.50452
195 -1.0088
106 -1.42597
192 -0.859116
231 0.114868
327 11.3701
125 -7.65346
172 -0.393768
127 -0.667374
220 -0.391281
196 -0.958359
222 -0.387543
85 -1.41927
236 0.962234
195 -1.02698
180 -0.231659
211 -0.387421
246 2.07304
51 -3.32687
289 5.76141
149 -0.37854
217 2.90628
189 -0.590836
319 9.06235
176 -0.80925
247 3.42125
102 -7.74043
128 -0.881485
183 -0.683167
214 0.320511
197 -0.321899
232 -0.382675
178 -3.70692
249 0.662506
63 -1.71722
246 1.51358
179 -0.630798
165 -1.54778
195 -0.159103
145 -0.500839
191 -0.551788
279 5.23611
229 -0.0472717
54 -3.14835
234 4.04918
236 2.39841
177 -0.739883
213 2.59796
141 -0.545822
177 -1.32466
181 -0.825394
270 6.0484
371 8.03595
64 -1.69784
231 0.617752
270 6.0394
351 16.1503
148 -2.12415
139 -6.80241
230 0.224304
205 0.568298
115 -1.33689
11 -4.44218
195 -0.963242
185 -0.866806
349 16.4136
285 4.4165
141 -0.818268
308 -18.7939
211 1.21716
178 -3.71013
227 -0.0644379
259 3.01163
119 11.4778
329 12.3194
268 3.14093
242 5.54782
315 9.29291
132 -1.67236
252 -17.3578
212 -0.334702
192 -0.593842
189 -0.691742
368 9.49072
230 0.224442
208 -0.378433
137 -0.761963
141 -0.536011
177 -1.32472
100 -1.19788
218 -0.205643
11 -4.44225
144 -0.91713
107 -1.28349
192 -0.859131
195 -0.913452
101 -9.19727
137 -4.76495
160 -0.810989
248 2.87091
270 1.9693
171 -0.881073
100 -1.86608
145 -0.65593
125 -0.9627
210 0.112381
121 -1.8502
178 -1.55482
213 -6.02925
181 -1.26939
106 -1.58137
121 -1.85059
257 0.923706
283 5.17447
219 3.05997
269 3.38101
252 1.12077
368 9.03241
83 -2.64368
276 3.91263
207 0.793503
361 17.7947
318 23.23
192 -0.592361
176 -0.906219
181 -1.43988
213 1.39363
257 2.15573
244 1.02341
176 -1.58498
217 0.390244
330 22.9159
207 -0.198105
154 -0.394104
366 14.8612
247 1.48897
229 -0.047226
85 -3.32096
214 3.17447
189 -0.426743
143 -0.549896
151 -0.478424
192 -0.594101
368 9.03558
134 -2.25749
214 0.585953
193 -0.970764
275 3.72769
225 2.0396
258 5.04312
115 -1.66342
193 -0.975525
344 10.5562
153 -1.56007
340 15.7039
355 15.5821
137 -3.92743
180 -1.45947
170 -1.39278
213 -0.230072
239 3.41635
143 -0.442322
240 3.24908
217 -0.276154
235 4.19806
342 8.42215
246 6.31792
242 0.47052
204 0.708267
251 -12.2001
254 0.757385
118 -1.45907
213 1.38078
129 -1.22237
199 0.428513
192 -0.360458
358 -27.0915
178 -3.71062
369 7.90683
125 -0.962517
197 -0.324646
210 5.04253
115 -1.63703
210 0.369598
215 2.78969
201 0.654434
315 9.29941
248 4.91751
192 -0.593384
176 -1.58405
209 0.0954132
172 -0.860519
145 -0.608551
365 16.398
313 9.23386
197 -0.916199
202 0.525116
151 -0.714447
151 -1.35747
67 -1.50746
261 6.28537
100 -1.11227
328 11.9388
244 0.571991
368 9.57825
366 14.8783
372 24.0723
258 2.98004
137 -2.28716
153 -1.55844
252 -17.3616
171 2.81212
311 9.73404
138 -0.364685
137 -2.28754
211 1.21707
212 2.4115
197 -0.940689
230 13.3717
368 9.02322
247 0.690994
209 0.0666962
223 21.6783
137 -4.76418
365 16.3994
83 -2.64378
262 2.60773
182 -0.345917
145 -0.828537
126 -1.90987
317 24.2441
216 -0.364014
329 12.3199
134 -2.26286
191 -0.552078
322 10.0874
266 3.04315
372 22.2335
179 -0.750763
209 0.743607
349 15.4935
184 -0.65538
174 -1.54417
218 -0.212296
227 -0.0643768
194 -0.964645
268 3.14087
207 -0.243683
368 18.2986
289 5.77682
343 15.37
214 -0.414322
346 15.985
186 -0.46817
179 -0.616699
176 -0.567719
237 4.06566
109 20.3107
228 1.56953
192 0.312744
281 4.17612
185 -0.863205
140 -0.77301
180 -1.45966
349 13.1988
251 1.06233
261 2.57199
269 3.73651
233 0.308426
361 17.7662
133 -1.81854
151 -1.87459
370 6.89606
209 0.0666656
197 -0.32489
187 -0.911072
365 16.3996
351 16.0276
231 0.419968
366 23.9668
201 -0.471237
214 0.448395
121 -1.8502
229 -0.0473328
125 -0.962456
258 2.30225
269 3.44485
365 16.4002
191 -0.551834
143 -0.671417
51 -24.118
223 1.9837
315 8.11554
367 -3.48041
342 -61.8942
192 -0.591965
281 9.13351
366 14.8636
71 -1.51038
209 2.36914
205 0.281448
97 27.4309
251 -12.2095
181 -0.810013
257 3.03613
132 -1.67247
257 2.15555
313 9.23349
229 -0.0471802
192 -0.593613
224 -0.160767
227 -0.0643768
90 5.54633
123 -0.922447
189 -0.710388
181 -1.49303
135 -0.462265
365 16.399
261 6.28494
329 12.3222
132 -1.67238
118 -1.73073
292 5.5296
125 -0.96254
214 -0.377106
365 -24.9542
344 16.9938
192 -0.593704
331 12.6385
190 0.476913
219 0.335785
92 -1.96186
357 29.1399
133 -0.0665436
112 -2.27395
351 16.0299
270 1.9686
268 3.1409
328 11.6092
179 -0.326279
178 -3.57855
144 -0.536407
329 12.32
345 16.6707
211 1.21544
197 -0.283432
226 4.1185
121 -1.57652
232 1.56187
243 3.0325
64 -1.69592
188 -2.10217
204 -0.19989
97 27.4241
361 17.7976
231 3.65895
229 1.90942
100 -1.19794
137 -2.2867
138 -0.305725
365 16.3995
267 6.38034
222 24.0186
362 25.0078
361 18.2049
101 -0.858406
207 -0.206924
253 1.92265
192 -0.593872
146 -1.61659
176 -1.40465
335 12.9158
354 16.3624
178 2.90459
171 -0.392761
230 13.6842
227 -0.0643311
64 -5.11842
141 -1.66879
300 6.49869
314 9.33875
222 24.0303
189 -0.710236
137 -4.76447
181 -1.26938
373 17.9159
302 7.83762
187 -0.0057373
310 9.50217
308 -18.7964
294 6.29971
372 7.24197
265 2.58374
373 -9.47324
279 5.70276
340 13.6301
368 9.02246
218 3.46822
185 -0.392471
253 0.825882
51 -24.1181
177 -1.32579
170 -0.726654
253 2.81015
249 1.28113
163 -1.54292
365 18.2389
212 0.437958
210 -3.56303
219 0.336105
309 9.00613
140 -1.14011
229 0.156509
166 -1.57983
340 14.5648
178 -3.57965
177 -1.32458
242 1.55251
176 -1.58392
351 16.031
314 9.23703
368 9.02197
348 18.3481
125 -7.65379
187 0.001297
122 -1.80499
117 -2.26995
354 15.0459
293 8.37677
354 16.356
120 -1.54002
366 14.881
329 12.1087
230 13.5726
181 -1.98367
176 -1.58354
268 3.14084
83 -2.80125
308 -18.9859
257 0.933136
235 3.66772
315 -38.3852
140 -1.14014
102 -0.9841
181 -1.43994
365 16.399
327 12.0396
181 -1.2695
165 -0.743942
14 7.27627
222 -0.545471
215 2.67358
120 -31.8741
351 16.0289
327 11.9611
105 -2.58904
187 0.00964355
330 12.2292
341 14.65
315 9.29956
235 1.15828
225 1.74614
242 1.51001
307 7.87198
93 -1.50185
355 30.9816
332 12.7247
227 1.23711
329 11.6163
351 16.0283
133 -0.643723
299 3.77042
180 -1.35011
209 0.993759
191 -0.115219
167 -0.70401
285 5.58908
239 0.408905
181 -1.4008
261 2.57175
192 0.491516
331 12.1125
227 3.58278
369 6.94675
190 -0.363235
330 10.2974
291 3.28143
149 -0.65361
106 -1.58114
147 1.27394
211 1.21671
119 -0.833595
261 2.57166
142 -0.549988
303 7.91403
252 1.12094
272 3.40948
228 3.93071
261 3.51202
329 12.3196
176 -0.995773
345 16.223
168 -0.660797
222 24.463
356 14.8229
211 1.21736
207 -0.902176
315 9.29929
351 16.0302
268 3.52579
137 -2.2867
177 -1.38754
359 -0.829773
132 -1.67249
233 0.310974
228 1.57262
219 -0.53804
360 9.78006
251 -12.2097
248 3.06473
276 3.47693
230 -0.416092
213 3.38361
168 -0.373886
173 -0.805679
302 7.83588
220 1.78844
361 17.7892
115 -1.47124
152 -0.372574
302 7.17221
362 -9.93338
323 10.8668
354 16.3623
259 5.42172
342 11.8886
239 4.57677
177 -1.11996
276 3.54599
97 27.4462
335 12.9307
224 -0.494934
373 18.1439
261 3.51044
312 7.78455
261 3.51227
229 -0.0474091
272 3.40906
127 -0.667244
189 -0.389359
359 -1.59518
50 -3.3481
212 13.7021
146 -0.430649
153 -1.74178
187 -0.906006
173 -0.4189
65 -30.1432
319 9.07428
205 0.718491
181 -1.42609
261 6.28665
187 -0.00485229
204 0.709763
233 0.83812
147 1.27666
204 -0.358047
257 2.6521
257 2.15598
216 0.438797
315 8.11569
178 -3.71181
138 -0.578659
222 -0.545319
207 0.772125
172 -0.39415
192 -0.592453
365 17.0854
228 -0.212769
120 -1.8082
299 7.32855
154 -0.392212
337 13.5934
354 16.362
339 13.6999
202 -0.332626
231 0.114868
342 14.2949
365 -25.1816
164 -0.233887
102 -2.46655
363 -25.1679
204 -0.203445
177 -0.810394
368 9.02206
217 0.478165
174 -1.54434
254 2.66142
354 16.365
181 -1.26971
190 -0.160294
173 -0.361938
354 16.362
366 -17.86
361 17.7893
302 5.81223
368 11.7574
202 0.871185
253 3.06659
285 4.90109
16 -4.14385
183 -0.495178
210 5.04185
364 -24.8607
198 0.18251
293 3.10031
306 8.42105
153 -1.61745
218 4.26306
373 27.6631
190 -0.89122
251 -12.2093
354 16.3623
211 1.21986
167 -1.55974
252 2.00745
64 -4.67977
291 5.79373
192 -0.592209
176 -0.995728
261 2.33115
223 0.528946
358 -27.034
151 -1.35789
269 3.19525
196 0.112167
136 -4.36111
237 1.0952
261 2.57056
252 1.12015
365 17.7297
195 -0.292374
326 13.6696
181 -0.568665
361 17.7892
192 -1.21141
252 1.97177
198 0.587769
146 -0.365402
360 16.4111
250 6.43567
326 12.0836
194 -0.927673
353 17.3401
315 9.29202
203 -0.161392
284 6.92624
349 16.7672
354 16.364
179 -4.74081
173 -0.472229
250 0.713791
258 2.19778
293 6.77023
340 14.4473
142 -0.702209
368 17.6526
340 16.5786
365 16.399
248 3.06807
115 -1.66193
149 -0.37912
359 -1.25223
198 0.182419
189 -1.51668
118 -27.0803
154 -0.397079
153 -1.61787
182 -0.567291
164 0.0782928
114 -1.44012
221 0.537766
153 -1.61818
272 3.40933
177 -1.17693
247 5.81604
361 17.6803
304 7.62967
188 -0.926743
195 0.647552
257 2.15619
152 -1.62268
186 -0.716644
166 -0.494156
164 -0.722321
182 -1.47462
201 0.372986
179 -4.74313
184 -0.71257
138 -0.305679
100 -1.0083
313 9.24585
147 1.27432
153 -1.61794
219 0.335999
187 -0.345871
318 10.3504
141 -0.806931
13 -4.17772
167 -0.703995
136 -0.344986
174 -1.54434
294 6.24829
146 -0.541687
266 7.19913
338 13.7867
340 17.4966
140 -2.31174
340 14.5643
327 11.6396
211 0.153412
285 4.78568
64 -5.11826
297 5.26285
185 -0.866623
302 7.37704
257 2.15564
178 -1.52327
315 9.29941
212 -0.475204
315 9.32828
365 16.3995
239 -0.0483856
123 -2.21056
206 0.758469
148 -0.301285
242 0.518311
220 1.53911
345 13.6678
315 9.3959
157 -2.11252
93 -1.7449
344 3.52127
334 11.5305
194 -0.185165
222 -0.545303
142 -1.64148
268 3.36139
230 0.365845
334 12.953
365 16.3997
184 -0.219498
263 2.10568
373 9.81711
185 -0.877777
292 6.57361
349 15.4134
205 1.03767
133 -0.0697174
188 0.253876
329 23.3369
354 11.8497
294 6.3038
231 0.114944
252 1.12067
231 1.17778
351 16.0267
359 13.2619
356 15.8808
315 9.35077
263 2.38965
314 9.3389
222 0.706482
224 0.514191
181 -0.8806
244 -1.84961
201 -0.833954
212 -0.411469
336 13.8813
212 -0.334366
102 -0.984161
368 18.1166
277 3.72012
233 1.70883
315 9.36337
194 -1.36443
344 19.575
222 -0.449646
257 2.1557
173 -0.623657
151 -1.35539
344 10.5526
248 4.91754
320 10.4303
228 0.187927
335 13.6803
327 14.7967
348 12.8266
184 -0.206894
205 4.37042
323 7.35181
272 3.4136
213 -0.494766
188 -0.884247
197 -0.324738
363 8.18826
193 -0.922668
305 5.28189
335 13.0961
315 9.54633
356 9.9332
125 -7.6539
253 1.97574
206 -0.744934
258 1.88556
296 5.53232
190 -0.91423
315 -40.1366
342 19.9321
335 13.0468
189 -1.35922
365 16.3991
173 -0.41893
340 14.6057
191 -0.383072
167 -1.10674
179 -4.74355
314 9.26767
170 -0.724792
251 0.842911
106 -1.44283
6 -4.90982
311 9.52917
20 -4.05495
212 2.48195
120 -1.09624
347 14.4793
156 -1.30614
330 12.2943
218 0.343018
117 -2.29351
192 -0.293198
340 14.5643
185 -0.878021
174 -0.998718
351 16.0309
370 16.1099
366 14.869
373 10.5595
337 14.2819
79 -2.52585
64 -1.6979
102 -1.85063
184 -0.619263
228 1.89993
178 -3.70795
195 -1.27629
340 14.5636
305 7.75204
143 -0.375885
217 -0.230225
182 -1.25226
365 16.3993
361 17.6501
361 17.7906
218 3.46832
229 0.0687408
350 15.0013
218 3.45641
165 -0.523026
218 3.46928
217 -0.249481
184 -0.977585
178 -3.58029
366 14.8829
114 -2.34039
369 19.9462
339 13.7255
187 -1.35356
241 0.719742
229 -0.0473328
135 -0.617325
307 -21.5943
354 16.3619
258 2.07953
145 -0.37648
346 1.27975
126 -0.906441
280 4.0582
201 -0.416809
340 15.7017
276 4.84189
359 4.84653
270 6.04773
125 -0.962585
314 6.4198
174 -1.54405
228 1.75984
67 -3.43796
303 7.647
330 -56.9769
365 16.4002
343 14.8268
207 -0.201874
294 6.30237
138 -0.303802
11 -4.44165
224 0.514145
185 -0.948105
327 11.528
328 58.4657
314 9.23932
349 13.8429
230 1.9798
175 -0.877136
329 23.4659
370 15.945
314 9.43222
340 14.5663
327 11.6063
254 -1.64027
246 -1.84447
97 0.0804367
178 -0.792038
179 -0.475525
270 1.96979
190 -0.931992
281 4.33118
224 0.514038
253 2.04063
187 -0.943771
245 2.14067
146 -0.661057
343 15.8399
371 19.59
340 14.5654
354 16.3618
292 5.85828
344 10.5545
220 -0.484772
238 5.14842
258 2.19766
336 -66.4159
361 4.03058
177 18.6429
350 15.3537
216 -0.385147
186 -0.925995
342 30.6252
332 55.4124
185 -0.862289
271 3.49347
212 0.163559
288 5.85489
340 15.7001
365 18.0504
314 9.33875
97 -1.28798
351 16.0284
293 6.66327
353 -9.05579
365 20.0155
177 -1.32552
179 -4.74294
351 16.0298
93 -1.50381
258 2.19778
339 23.632
143 -0.855789
210 5.05775
365 16.399
97 27.4215
176 -0.995773
344 14.042
204 0.706467
349 12.7749
153 -1.63094
120 9.75278
294 6.12668
192 -0.593872
269 3.44534
167 -0.730759
97 27.4342
292 5.57242
336 18.5938
359 5.31906
325 11.552
327 11.9611
174 -1.5443
200 3.28699
146 -0.541458
347 17.3719
191 -0.664978
344 19.2286
189 -1.46346
340 14.5654
356 18.8983
211 1.21751
371 7.17114
174 -1.54439
106 -5.54233
270 6.04984
130 -0.988998
131 -1.25208
373 7.85516
141 -0.813354
216 -0.531097
73 -3.54501
365 16.4001
140 -1.55162
151 -0.480988
121 10.3188
174 -1.54428
245 2.14404
314 10.1487
186 -0.434769
168 -0.375824
342 15.6894
143 -1.76657
109 -1.58797
318 10.3503
137 -1.63196
185 17.3531
298 6.04941
270 1.96994
93 -1.50364
297 6.87271
287 5.27356
313 8.47641
178 2.90442
340 14.5648
335 11.2829
222 0.493835
20 -4.05439
218 1.09724
136 -0.352936
329 11.4528
357 15.632
318 10.3498
117 -1.66068
358 31.2244
336 13.8129
302 7.83826
181 -1.26886
184 -1.48943
117 -1.6423
261 3.34424
126 -1.23137
171 -0.880829
192 -0.859192
269 3.19501
242 -1.75758
207 1.07996
112 -2.42885
216 -0.510727
172 -1.71991
215 -0.353836
208 -0.215897
74 -1.49389
184 -0.953323
336 14.408
318 10.3513
156 -1.30894
210 -0.349869
272 3.4093
351 17.0421
360 16.9193
222 12.4848
141 -0.808624
230 2.84364
121 -1.32181
366 14.8686
140 -0.180313
333 12.7097
258 2.05304
295 4.18576
360 9.77737
208 0.345963
202 -0.418488
315 9.29193
218 3.46581
343 -64.1857
352 15.8992
158 -0.668869
219 0.335938
86 -2.71789
277 5.1474
51 -26.2242
181 -1.43983
302 6.27988
223 0.0345764
220 -0.218246
170 1.05957
312 7.78271
351 16.0289
228 5.7648
207 -0.199066
315 9.39453
219 0.471146
314 9.35687
150 -0.388626
174 -1.54413
120 -1.09541
329 12.1069
195 -0.540054
303 5.02396
132 -0.844345
363 -16.8641
334 13.9531
285 5.58899
181 -0.82579
331 12.299
293 6.66339
195 -0.159546
336 50.3827
234 2.42624
304 7.95258
253 2.06712
117 -1.58997
323 10.8425
156 -2.11278
314 6.34137
174 -1.54399
178 -0.918991
188 0.896408
354 16.3621
167 -0.704041
315 9.36359
174 -1.54416
174 -0.735718
144 -0.660706
218 3.46564
224 1.7818
195 0.537979
329 12.1062
351 16.0296
174 -0.696869
188 -0.721695
300 6.00891
164 0.0779724
338 15.4583
213 -0.627441
346 6.17661
315 8.11526
161 -1.11067
148 -0.431854
175 -1.08604
166 -0.601944
335 -56.1989
341 14.6496
342 14.0152
175 -0.345398
354 16.365
213 2.73756
285 5.58923
218 3.46695
273 7.03152
210 -0.658386
122 -1.31422
210 3.01651
167 -0.0283051
143 0.263748
192 -1.26361
310 9.36914
333 -56.9694
330 12.2212
248 4.91747
256 3.55142
214 -0.629974
313 9.24863
137 -0.549988
315 8.11475
194 -0.920349
245 -1.14236
331 15.9956
206 -0.521667
102 -0.984299
85 -3.32098
369 -11.184
361 17.116
232 -0.137466
353 16.1961
313 8.47531
207 11.6982
342 15.6685
166 -1.8902
360 16.9195
350 9.61456
312 9.08508
342 13.9697
178 -0.5383
145 -1.53764
317 10.3419
330 57.1743
350 14.7133
350 16.9852
199 -1.06488
336 52.0913
104 -1.66573
348 16.6263
12 -4.44633
167 -0.704361
358 16.0366
325 6.26672
336 -62.5991
348 0.0387573
233 -1.64836
180 -0.865753
230 13.3536
372 11.5034
224 0.514038
326 5.87891
185 -0.86702
302 7.83774
333 38.2449
318 23.2318
164 -0.722961
195 -0.159409
315 8.11639
314 9.23596
36 -13.4313
40 -16.0794
277 3.94229
347 -6.05875
332 11.506
177 -0.835297
218 1.93176
209 3.40686
301 5.54657
279 5.21222
137 -0.923462
373 17.6732
341 14.6502
135 -0.320602
356 14.1564
339 23.6319
182 -0.242172
222 -0.10054
342 15.5952
348 12.5734
204 -0.997971
296 5.56082
165 2.70891
313 9.23325
314 9.33896
12 -4.44395
269 3.19507
341 14.6508
330 12.294
110 -26.6395
223 -0.178406
265 2.86115
328 59.3057
308 -20.9633
354 16.3623
369 17.6266
219 0.426422
368 15.4297
332 -56.635
150 -0.374496
105 -1.37173
354 16.3618
146 -0.541397
201 0.665405
36 -5.28988
331 -57.6075
241 0.675598
342 15.6922
222 1.70711
372 19.778
220 -0.0557861
204 -0.207504
337 11.0111
357 -21.2255
318 10.3504
199 -0.327072
144 -0.661179
351 16.0261
368 11.7154
340 14.4388
168 -0.341064
339 13.9364
335 11.2692
370 17.0088
269 3.19492
159 -0.230438
257 2.54926
133 -1.20895
219 -0.217361
369 18.5141
317 9.81241
348 13.2169
144 -0.661224
159 -0.409302
164 -0.234039
211 1.21873
177 18.653
178 -3.57979
181 13.2728
218 -0.23172
213 -0.603943
251 0.787933
172 -0.39386
340 14.5667
259 1.34064
318 10.3515
257 2.15616
206 -0.324677
330 18.4186
269 3.42484
347 5.67093
165 2.70514
295 5.06729
144 -0.788864
340 15.3129
111 -1.48863
201 0.665268
286 4.92978
358 -3.52713
202 -0.753693
339 11.2153
266 2.59827
154 -0.376724
288 0.708466
366 13.0693
373 -0.29541
325 11.5112
141 -1.25327
200 -0.732101
268 3.14084
275 4.44797
247 1.06323
338 49.3704
194 -1.27477
136 -0.352722
362 12.3858
249 1.3127
184 -0.899246
283 5.43863
327 11.9611
329 11.6279
255 2.40097
104 -2.34955
302 6.36252
215 2.91872
314 9.33902
198 0.182343
324 10.7992
258 1.90594
268 3.14078
340 15.6979
176 -1.58344
219 0.335861
106 -1.5808
340 13.0789
368 13.659
362 13.7635
249 6.42308
244 0.80603
140 -0.14563
104 -1.31235
325 10.1661
200 -0.629303
354 17.3901
227 -0.0644836
340 14.5651
360 13.4273
240 3.04738
185 -1.12738
347 -25.4601
192 -0.881897
243 -1.853
231 -0.586884
340 15.2025
212 -0.58905
192 0.181976
315 8.11481
163 -1.70226
329 12.4597
137 -0.474335
315 9.29266
143 -1.76599
211 -0.47847
280 3.99854
314 8.40015
130 -0.69696
327 12.0562
315 9.29813
304 7.95868
269 3.19513
194 0.283707
212 2.79601
176 -1.58389
329 12.3317
350 15.7546
204 -0.797592
213 -0.672226
181 -1.43991
125 -7.65401
327 12.0396
130 -1.32297
105 -1.38012
350 13.73
333 12.2233
344 14.5334
247 6.41829
342 15.4528
174 -0.711151
272 3.4097
195 2.02068
344 14.4961
207 -0.903091
303 7.92496
358 11.5882
335 13.5808
268 3.25189
334 11.4967
353 14.7932
290 6.05988
85 -3.32129
201 1.0647
210 -0.645782
106 -1.42318
182 -0.880356
354 16.3644
314 9.78937
252 1.84412
155 -0.551559
314 9.28589
208 14.4007
217 0.479279
178 2.90405
367 -24.7693
230 0.320145
326 -5.78705
185 -1.12717
219 -0.216766
373 17.39
239 -0.028244
334 -64.0792
255 -1.67267
341 10.5161
181 -1.24274
315 9.29852
216 1.4043
137 -3.92671
159 -0.288498
194 16.5632
354 16.3541
293 6.02353
230 0.00704956
341 15.9146
318 10.3521
209 2.52892
6 -4.90956
229 2.24571
106 -1.42587
89 -1.41668
233 0.309509
178 -0.75531
334 12.5484
168 -0.659546
107 -2.51451
314 9.26257
335 13.0398
305 8.43643
160 -1.69092
219 0.336136
97 0.266975
373 24.5843
260 2.21533
356 21.901
128 -0.975716
197 17.393
315 7.62152
222 1.84538
358 19.972
203 -0.863281
100 -0.951653
327 11.9613
363 -18.3603
209 -0.711075
340 14.4884
213 -0.293427
257 2.15567
236 4.51979
275 3.57608
314 9.33853
306 8.45737
187 -0.349365
189 -0.940201
251 5.54327
272 3.22412
166 -16.1455
354 16.365
219 2.89107
196 -0.613129
92 -1.95929
101 2.02537
365 13.0215
260 2.31116
274 2.73489
346 15.2751
293 -2.11938
263 2.4079
197 -0.321945
142 -3.3224
314 9.23657
321 11.6215
318 7.78568
133 -1.01712
261 2.57257
246 2.29411
198 2.26898
364 17.5234
154 -0.571945
272 3.16849
115 -1.82925
150 -0.150818
263 2.38251
218 6.62024
339 25.0732
257 -8.38022
213 -0.623779
258 2.19781
156 -1.30829
362 17.871
145 -1.53493
116 -1.11275
116 -13.6324
170 -0.714066
295 6.66656
349 14.588
177 7.52242
151 -1.35536
294 6.29977
359 11.1022
129 -1.2283
315 9.29901
153 -1.55278
203 -0.950485
342 15.2354
289 4.87198
236 0.00563049
326 11.8516
362 13.7467
300 -5.55896
233 0.308319
339 14.6226
208 -0.292908
268 2.78336
152 -0.372253
349 15.4865
176 -0.803024
339 23.6327
213 -0.599869
153 -1.61839
217 -0.45488
165 -1.54182
340 14.367
177 -1.32542
252 1.79745
338 23.4556
373 7.04752
261 2.57178
344 14.8809
195 -1.02461
329 -40.4634
320 6.13251
358 -26.4556
253 1.53136
167 -0.314819
342 14.0977
309 -20.1742
284 5.58408
196 -0.903717
273 7.18536
307 7.67307
140 0.18132
327 11.8727
199 3.19505
236 2.97215
329 12.3334
233 0.30896
313 9.23129
163 -0.312363
180 16.0705
164 -37.4121
208 -0.0342102
301 6.78235
315 8.11563
249 1.72244
179 -4.7426
366 14.2048
205 0.718613
333 38.226
274 3.39694
176 -0.914413
368 11.7234
146 -0.541458
183 131.624
303 7.91406
165 2.70573
326 11.3162
332 12.4668
339 23.7669
184 -2.3806
313 9.2478
363 17.487
285 4.94501
347 12.715
261 6.28384
190 21.5903
261 2.57211
339 14.7055
314 7.82547
130 -0.451935
338 10.7577
204 -0.785995
305 -5.31339
165 2.70557
363 -18.3573
208 -0.797791
144 -0.661179
209 -0.453171
329 12.4064
86 -3.3747
202 -0.286285
351 16.0309
204 -0.241531
292 6.09467
337 9.3656
146 -0.541489
181 -1.24414
138 -0.516159
118 -1.4475
284 54.8618
253 6.68182
224 -0.17099
129 -1.24493
176 -1.58502
341 9.20087
219 0.336182
355 3.7933
270 6.0509
185 -0.866562
284 5.07779
164 -18.1083
335 23.1561
168 0.0578918
198 -0.877502
361 17.7907
285 5.5892
207 1.0858
254 2.66017
332 11.3308
223 -0.46347
198 0.92395
360 9.77856
210 2.52328
319 9.83698
40 -16.3863
203 -1.01421
302 6.43387
219 0.0476074
232 -0.38266
195 2.0217
104 -1.49543
173 2.53348
177 18.5834
116 -0.809494
336 14.7203
327 11.961
300 6.84021
314 6.4389
105 0.12397
313 7.82294
195 -1.31895
371 25.9844
212 0.172913
198 2.54448
292 6.1012
307 7.59604
323 10.8368
140 -1.57042
178 -3.58086
334 12.887
160 -1.57852
168 -1.58542
351 16.0274
317 10.3323
251 1.36369
352 16.3046
360 16.41
256 1.60828
329 12.2312
173 -0.696396
358 15.7148
221 -0.265564
222 -0.350296
120 -1.09575
192 -0.592285
244 0.729126
84 -2.62112
240 1.36058
208 0.330597
193 16.3848
355 14.555
349 7.76389
166 -2.23479
115 -1.47118
311 7.7312
216 -0.479141
146 -1.61702
314 9.23669
209 0.994003
185 -0.878326
187 0.000396729
97 0.380928
338 14.0109
258 2.19778
314 7.74268
164 -1.77235
50 7.01828
222 3.52097
269 3.19519
357 2.96021
177 -0.156158
187 0.0010376
179 -4.74237
164 -0.233948
235 1.89124
154 -0.395111
305 8.24536
355 14.814
329 12.1883
324 11.3589
149 -0.38707
352 17.0868
187 -0.240952
107 -2.49548
339 23.6279
360 16.4111
134 -2.25902
313 7.78693
301 6.47665
372 17.7766
198 -1.00029
345 16.5661
356 -0.959625
181 -1.26981
192 -0.593491
216 1.3777
321 10.8721
157 -0.594971
288 5.95099
217 2.70729
105 -2.54541
334 12.8359
65 -4.2248
367 17.2854
366 5.53174
335 13.0228
292 6.09302
362 13.7466
333 27.1919
148 -0.464432
246 5.37157
268 2.98904
306 7.44562
241 -1.828
341 15.5045
285 4.94528
363 22.2589
168 -1.3213
198 -0.50856
196 3.20261
342 15.1474
64 -5.11853
213 -0.427322
216 -0.509323
231 1.17761
371 -1.02661
172 -0.87085
313 9.22919
329 12.3228
165 2.70555
229 -0.0472107
313 8.46152
196 -1.90761
213 1.39357
282 4.10184
213 -0.593887
199 -0.468536
191 -0.665787
254 1.77522
246 1.43259
263 2.08612
181 -0.85051
331 11.6642
79 -2.52584
181 -1.26941
192 -0.859222
331 10.1975
313 7.82361
289 4.80304
102 -0.9841
329 12.3197
209 0.0666656
340 11.9872
216 -0.584991
328 11.7707
239 -0.0404205
98 -0.198662
352 16.184
160 -1.32945
216 1.28596
215 -0.937714
293 6.18613
40 -24.2815
290 6.03812
361 17.5189
168 -0.698822
71 -3.82587
110 -1.42768
105 -9.76418
163 -1.23013
213 -0.625168
195 22.5777
164 0.0779724
232 -0.38269
342 14.4327
168 -0.344437
152 -0.372421
253 1.97585
358 23.6057
362 17.5675
358 -0.375366
299 7.20657
365 16.399
260 2.19376
175 3.86517
205 -0.922516
213 1.94165
326 11.989
309 -20.1682
333 -5.75711
210 -0.637161
145 -1.53503
354 16.3543
315 9.40735
342 12.378
315 8.11554
353 3.91217
257 2.15613
131 -32.2987
180 -0.486084
204 -0.812576
318 8.87872
177 -1.32559
287 3.41879
163 -0.155746
97 0.250481
315 8.11551
316 9.56296
230 0.224182
155 -0.577484
333 29.0561
259 1.91028
363 21.9665
279 5.27475
187 -1.35281
257 2.15619
346 16.0613
363 17.8009
195 0.708679
330 12.6541
347 15.4337
373 18.7825
329 12.3197
175 -1.39572
365 0.167206
305 -5.14651
341 14.6501
308 -19.8558
127 -1.35435
313 9.27136
173 1.93958
288 1.93723
293 6.18665
161 -0.651489
330 12.3741
364 17.7696
281 4.4823
265 7.32254
334 12.4875
346 16.8878
208 0.329544
156 -1.3006
287 3.41888
192 -0.593521
339 12.5971
172 -0.394196
339 14.7195
342 15.509
167 -0.704727
315 9.35999
315 8.11731
360 16.9196
315 9.2977
206 -0.759277
333 37.894
207 -0.190598
303 7.96317
355 15.2437
195 0.707077
222 -0.100464
188 -1.29814
209 0.993759
285 5.58893
146 -1.49644
293 6.66318
329 12.1079
351 16.0299
202 -1.15628
251 1.45602
313 9.32922
184 1.67142
350 14.759
197 -0.543579
293 5.14218
260 2.31302
187 0.0140991
342 12.2268
177 18.6352
175 -0.631424
160 -0.327682
341 14.6407
332 10.0471
286 5.00098
292 6.51291
305 7.44046
292 6.1282
360 16.92
335 11.2544
290 6.12729
347 13.8976
164 0.076004
366 14.8589
331 12.6239
346 14.9805
306 7.66077
346 15.8601
223 1.93347
336 -63.0027
260 1.08206
133 -0.066803
292 6.10587
202 -1.26141
231 -0.586517
225 0.332443
340 12.7652
144 -0.662598
204 -0.94426
175 -0.95369
191 -0.117538
122 -1.60404
314 9.27261
147 -1.11127
115 -1.88364
231 -0.58728
350 14.5484
313 7.97223
157 -2.10031
361 17.7903
251 -12.1734
285 5.58893
204 -0.739853
353 15.8631
214 1.23531
362 12.42
306 7.05792
349 14.3865
351 13.4525
242 3.06879
150 -0.538467
193 0.593979
214 1.23598
364 12.7655
218 -0.231644
221 -0.29454
97 -2.26003
308 -19.1653
236 2.3969
259 1.88681
340 15.693
154 -0.615372
176 -1.58382
107 -2.45904
167 -0.330872
326 8.74704
344 15.457
165 2.70616
335 11.2601
302 7.83826
360 9.77963
163 -24.9232
118 -2.12639
196 -0.55687
366 19.182
147 -0.299438
129 -1.22566
282 4.28226
309 -20.1478
225 1.58316
289 6.16266
291 6.73154
193 0.668869
193 -0.633942
205 -0.569031
313 9.2308
315 9.29715
144 -0.661224
261 2.57208
92 -2.58975
97 0.250488
268 3.35944
318 10.3215
187 0.149902
340 44.5365
361 17.797
313 8.47668
100 -1.1123
299 6.96567
243 -1.86032
303 6.97125
289 5.7836
363 1.901
298 5.742
275 2.79196
340 13.5992
207 -0.22757
270 6.04761
333 17.6203
321 9.72772
327 12.0397
315 7.81064
270 1.97192
272 0.592804
298 5.63715
298 7.18521
353 17.3438
116 -1.42991
340 13.1423
316 7.33478
312 9.26373
261 2.28522
207 2.34953
217 -0.444244
115 -1.39163
318 23.1681
315 9.32925
319 9.72198
251 1.45924
151 -0.271942
177 18.502
214 -6.5927
177 -0.840668
60 -3.21833
281 4.18646
330 12.4086
162 -0.685837
355 14.8111
333 13.2814
163 -1.44258
308 -20.1223
358 -1.155
313 8.46039
192 -0.885696
352 -8.34113
261 2.57196
318 9.00351
136 -1.28452
181 -0.745651
281 4.87158
213 -0.0921631
351 16.0289
342 16.152
251 -12.2068
292 6.10553
165 2.70673
104 -1.73965
194 -1.0397
50 -24.0238
117 -5.88303
312 7.7858
150 -1.65503
230 2.84991
330 12.2304
356 16.2809
203 0.730789
149 -0.270309
329 11.8735
314 9.50284
337 14.0272
274 3.34247
360 9.77884
164 -0.233917
137 -2.28517
165 2.7063
269 3.19531
172 -0.393967
118 -1.47923
226 -0.0812531
210 5.03862
176 -0.995575
295 6.39011
351 16.0309
92 -1.22664
187 1.25417
320 -10.3143
361 17.7935
327 9.19696
261 2.57202
236 0.29953
191 -0.114136
146 -0.514175
233 3.52919
333 37.747
155 -0.621231
304 6.43451
141 -1.67871
339 19.7726
211 -0.830444
360 16.4102
196 -1.01909
336 13.8776
136 -1.32266
309 -20.1426
329 12.3221
251 1.23288
309 -20.1676
203 0.780396
282 4.2825
206 1.77364
315 9.36029
330 -57.654
362 17.4469
209 0.993713
361 -26.4905
208 -1.08771
152 -1.31868
336 -8.75717
252 2.03822
107 -2.45946
190 21.5805
181 -1.24863
151 -0.487213
288 5.83942
165 2.70633
315 8.06219
268 3.14093
150 -0.310501
315 9.29306
362 17.8456
161 -0.965973
173 -0.617386
350 17.5857
98 -2.27888
164 -2.14368
342 15.6343
254 1.93788
115 -1.43163
327 11.961
312 9.24066
233 -1.64886
335 12.5874
288 5.7085
181 -0.600464
312 9.91656
351 16.0283
224 0.147781
360 13.8655
339 13.5878
220 0.00201416
318 7.78357
174 -1.54437
180 -1.45967
311 6.68613
68 -3.04233
260 2.31143
312 9.14938
200 -0.915543
230 -0.415909
251 1.23395
215 1.2262
317 10.0529
175 -0.883591
350 -3.70584
328 12.2755
323 11.0228
323 11.177
318 10.3506
266 3.04303
171 -1.05367
373 -0.295502
267 2.71707
312 9.09418
244 0.962646
142 -0.777634
201 0.66507
353 13.2532
217 -0.509354
328 12.3069
199 -0.459229
177 18.5139
196 0.571335
361 -15.7852
218 -0.221634
341 15.4956
266 3.04379
324 11.482
242 1.12169
218 -0.231689
358 18.6306
252 -10.4653
357 16.4031
145 -1.53474
321 8.25256
115 -1.88377
270 1.97125
146 -0.560425
333 37.84
344 -26.0567
348 15.5326
140 -0.377075
135 -0.320724
198 6.37279
343 13.4943
194 0.819611
100 -2.648
288 5.83261
301 7.81851
368 9.02197
351 13.9821
102 -0.984337
209 0.99379
278 3.80829
322 11.4175
279 5.04837
333 37.894
360 16.9195
202 0.771362
210 -0.791122
354 15.5097
181 -1.24843
142 -3.32184
353 12.5188
140 -0.782639
361 11.2528
185 7.84117
207 -0.0832367
176 -1.58511
206 -0.842178
354 -17.79
201 -0.929001
84 -2.6212
275 3.52069
252 1.11887
145 -1.5383
100 -0.544182
214 0.720779
73 -3.69357
135 -1.27644
259 1.96771
197 -0.387924
192 0.590988
334 -56.5435
189 -1.33913
206 -0.270325
155 -0.598511
297 -10.739
360 16.9193
251 1.77397
131 -0.536896
104 -0.28746
213 0.654709
318 10.3503
325 11.2205
370 15.9431
306 7.73233
169 -1.09189
305 6.90948
278 4.03564
231 1.9044
356 -15.8456
317 10.3034
335 11.278
205 -0.929855
350 15.8383
212 -0.483353
292 6.10236
168 -0.659424
220 -0.238861
296 6.92398
359 25.9699
348 12.9565
341 13.3015
174 -0.970184
322 10.9549
340 14.1853
269 3.44565
331 9.76181
115 -1.60281
331 11.2307
68 -2.98457
219 -0.249054
371 26.7909
260 3.29175
348 14.9748
145 -1.53883
340 14.8578
205 -0.926453
211 -0.463165
293 6.3443
368 9.02994
335 12.7486
295 6.3497
341 15.3856
296 4.9841
341 15.9153
200 -0.966934
293 6.18729
298 -15.2128
83 -2.67357
223 -0.186172
106 -1.581
319 5.71298
339 12.1082
252 1.12045
244 0.590805
286 5.36267
349 14.5412
122 -2.21917
360 16.9191
283 4.64963
153 -1.5605
344 10.5692
141 -1.68153
214 -0.208893
153 -1.55316
340 15.705
362 13.7469
261 6.2865
252 1.91043
330 12.4882
222 -0.11145
58 -5.59266
269 2.81744
364 12.7887
133 -0.532654
315 8.1156
325 -94.2818
212 0.301804
92 -2.62574
276 3.60587
318 10.3502
318 10.3506
336 14.1767
334 18.7878
139 -0.62529
218 -0.225784
216 1.30551
265 3.36615
321 10.7585
219 0.427994
317 9.81741
215 -0.551331
244 -1.84579
134 -0.755707
155 -28.4199
254 1.85591
373 21.0389
333 37.7607
42 -34.445
340 14.3551
324 10.6081
84 -2.90666
348 29.0011
364 -0.288086
199 3.91176
330 12.369
140 0.181107
314 9.38303
333 12.2438
314 9.51279
274 3.32239
290 6.25409
77 -2.97659
274 4.13293
305 6.23343
212 -0.140335
359 19.1946
281 3.80707
363 -18.363
333 12.5768
315 9.40051
314 9.20697
156 -1.30898
134 7.44748
170 -1.4124
303 5.31668
293 0.91925
315 8.11557
210 1.16107
166 -0.850876
230 13.6853
329 12.4634
331 11.2386
283 4.61212
329 12.4628
213 1.00308
329 12.9689
334 12.3481
304 8.1431
167 -0.314041
315 10.0804
294 6.64169
252 1.97148
340 11.8655
333 37.5537
129 -1.32036
340 14.6096
302 7.01062
335 24.5464
333 37.8679
113 -1.31924
220 0.108337
272 0.571808
365 14.9604
339 15.2686
267 2.65225
216 0.114151
133 6.92679
281 4.17487
207 0.0336609
220 -0.481155
318 10.329
334 11.4986
353 12.9836
315 9.29913
179 -4.74315
294 4.46509
336 14.3778
217 -0.26355
209 0.0667572
269 3.44235
312 7.23602
296 1.42807
156 -1.30893
294 4.94885
181 -1.43983
281 4.0629
173 -0.418854
185 -1.35669
159 -10.9861
278 5.08688
338 13.8433
153 -0.356613
129 -32.9128
372 -1.86008
311 4.92911
233 1.71036
164 -0.234268
194 -2.46587
309 -20.1448
351 16.1789
257 2.15558
273 7.0412
256 1.43427
197 -0.871124
210 14.686
144 -1.79337
334 23.5368
315 8.1156
319 7.73615
264 -1.99176
302 5.9993
360 11.999
188 -1.29816
303 6.93661
290 6.1416
243 1.20512
152 -1.319
216 -0.134277
46 -18.9335
331 56.6114
329 6.14398
135 -1.36839
250 0.597977
304 7.15115
346 15.4199
216 -0.470215
110 -1.50518
106 -1.42319
222 -0.545258
138 -2.05875
285 4.94666
180 -1.45935
335 -1.4335
153 -1.27136
368 11.7271
143 -1.78593
328 11.7948
345 15.8166
329 12.4725
190 -1.58925
314 9.60437
230 13.7211
316 9.71814
282 4.2825
299 7.55878
335 13.3578
251 0.842728
316 9.69922
349 14.5585
177 -1.32474
358 15.3358
257 2.86438
293 6.05191
357 15.2139
368 11.7243
115 -1.88319
226 4.1185
293 6.02103
369 13.4497
258 2.33832
158 -0.39389
242 -1.83449
124 -1.0834
214 -0.0821381
273 2.86865
284 5.77188
272 3.50885
343 9.9071
363 12.4212
307 8.51913
313 9.22748
207 3.80679
335 12.8403
369 16.1723
327 11.9611
112 -0.694504
312 9.13629
248 1.29524
255 1.55557
165 2.70599
289 6.17416
248 1.81494
127 -2.14033
358 13.8061
154 -0.294174
259 3.11542
151 -0.374084
315 9.39624
357 16.964
299 -3.94162
187 -1.12378
303 5.55344
213 -0.635513
350 11.7796
181 -1.24503
320 8.42804
358 -26.712
291 6.73166
346 16.5591
251 0.843292
113 -0.551765
351 13.6893
307 9.04776
302 8.05737
362 17.9712
214 1.27788
320 10.6141
299 7.5593
304 5.51437
63 -1.7173
155 -0.322495
207 -0.200439
156 -1.306
253 1.71317
316 9.71808
327 12.0396
293 6.66376
315 8.11554
358 -1.09653
289 4.90686
313 9.32953
255 -1.67288
91 -2.66025
333 12.2189
193 3.19769
366 14.8142
318 23.1644
332 10.1256
120 -0.878357
284 4.39783
334 9.76291
316 9.71353
292 5.8233
283 4.56052
313 8.47589
349 -21.8053
351 12.9484
110 -1.60464
292 6.10397
181 -0.319397
196 13.9241
334 13.854
217 -0.501083
14 19.4048
328 12.0046
92 -2.60195
154 -0.397064
6 -4.90976
167 -1.08987
159 -1.33505
354 17.3308
159 -0.410339
174 -0.744339
178 -0.0799103
303 7.76251
345 -6.14767
127 -2.41788
281 4.28336
212 2.67329
368 18.9513
364 12.7629
249 4.97054
298 7.19754
292 5.78549
215 -0.786835
84 -2.62118
361 -6.69562
372 -5.03632
204 -1.04402
207 -0.780228
153 -1.27158
344 15.1861
100 -1.78146
285 4.94513
207 -0.926331
316 10.6985
180 -0.69133
153 0.437927
331 9.72247
211 -0.942566
172 -0.394089
316 7.23727
200 -0.862656
328 1.21628
231 -0.721954
333 12.2227
334 12.0916
148 -0.476532
192 -0.593475
145 -0.104507
176 -0.995651
365 16.3997
218 -0.242264
315 9.29379
324 -14.828
44 -16.2799
171 -0.695831
217 -0.261383
356 15.0156
319 10.0975
165 -1.3145
351 35.0736
322 10.5165
204 -0.825424
343 13.1924
360 16.9196
135 -0.658386
360 9.77881
338 14.549
350 12.5339
301 -5.08292
154 -0.386841
231 -0.587357
333 37.7425
336 10.5228
180 -1.45964
356 13.2745
313 9.32831
215 -0.495056
283 4.65817
209 -0.782074
214 -0.598526
311 9.36047
281 4.00751
298 3.53333
346 15.858
354 16.0479
141 -1.62836
255 2.44601
338 13.8395
281 3.7579
244 -1.74689
314 9.96494
169 -0.431458
313 9.23831
201 -0.922852
245 1.34865
310 6.39728
350 13.7283
347 15.4233
250 1.55327
222 6.77008
341 14.6538
346 15.4586
84 -2.62117
350 13.7199
334 11.5049
149 -0.342407
363 -16.8988
109 -1.92007
317 10.1447
167 -0.228867
146 -0.541428
314 6.43634
234 2.18314
325 12.5713
314 9.3576
267 7.76468
152 -0.343094
283 5.88184
293 6.24893
299 -4.30322
332 19.9552
181 2.42558
316 9.71841
277 3.66467
270 6.04938
362 17.9411
356 -0.870392
141 -1.31834
220 -0.261948
191 1.17126
314 9.5426
331 11.8964
213 -0.408035
154 -0.395615
309 -20.1479
285 5.58939
331 12.7113
187 -1.87862
203 -0.874207
182 -0.922058
371 17.2233
192 -0.594177
304 6.13614
166 -1.13467
177 -1.32532
342 15.6227
187 -2.69121
253 1.97614
212 1.07417
304 6.27753
185 -1.12735
275 4.36908
330 10.8973
235 1.89713
250 0.714188
179 -0.919434
349 14.6021
129 -32.9255
255 2.25273
296 3.58578
361 17.4545
363 12.8039
262 2.30988
153 -55.5415
276 3.522
231 -0.721817
255 2.086
351 13.4259
101 -0.896858
312 7.78293
331 -55.7474
140 -24.0213
349 16.7542
275 3.58643
332 11.2372
158 -1.63696
208 0.0645599
302 7.83765
285 4.95361
293 6.18655
314 9.34833
116 -2.01244
200 -0.57814
299 8.27618
294 2.22427
83 -2.67352
215 -0.304718
255 1.95636
276 3.63257
224 6.08649
115 -1.88364
353 13.2486
241 -1.82779
345 13.1644
264 8.15134
158 -1.38654
330 12.4707
346 16.5993
269 3.19522
363 -18.3603
186 -1.14114
346 15.517
189 0.309937
219 0.333633
291 3.97668
363 16.5015
307 8.17584
312 9.30634
359 16.4084
333 53.694
216 -0.551086
142 -1.6082
315 9.33139
144 -0.813263
315 7.70251
315 9.29196
207 0.71077
134 -0.71756
361 -12.5981
338 15.4694
278 3.68097
257 2.15625
317 9.80496
78 -3.5374
207 16.6733
298 3.24606
342 16.1453
373 17.5152
211 2.96878
363 16.5603
341 15.9149
162 -1.53728
190 -1.73978
344 13.574
115 -0.881203
263 2.6741
272 2.85281
239 1.85106
345 15.3775
318 7.24222
179 -0.311096
158 -0.891418
266 3.04309
353 16.5575
178 -0.900177
308 9.7334
247 1.81339
314 9.33902
60 -3.2198
183 -1.38339
295 7.5072
103 -1.7116
225 -0.174896
299 7.18506
173 -0.616272
340 14.2602
332 13.1074
344 15.2431
294 5.58029
307 6.23923
293 1.27545
363 -18.3573
208 0.0542908
351 19.0361
99 -2.69393
338 13.9734
298 -7.06366
261 2.5715
363 21.7476
338 12.0176
227 0.193939
214 0.628036
247 0.927338
348 16.0027
368 11.7058
135 -0.320374
131 -18.0733
343 15.1472
314 9.25687
92 -2.58973
168 -0.599014
261 2.5719
146 -1.61731
235 0.923477
355 17.0376
124 -1.06767
218 2.38431
198 0.48584
198 1.386
331 13.5476
218 3.46878
333 12.5232
355 -12.7742
241 2.81694
269 3.44601
352 7.59558
193 -1.24196
363 21.7732
145 -0.102859
172 -1.03345
310 9.03796
248 1.80939
214 0.576294
167 -1.11006
360 25.212
127 -0.626228
356 12.3203
207 -0.284851
175 3.5011
305 8.6235
226 2.27515
361 17.7871
329 12.4653
216 -0.240433
228 -0.0203705
161 -0.581299
332 13.2493
178 -0.0802307
335 12.2595
315 9.328
117 -2.30529
150 -0.318115
156 -1.30602
329 -82.2611
345 14.4385
208 -0.751953
86 -2.727
363 12.7185
247 -1.85184
151 -0.297043
310 5.0459
274 3.44806
205 -0.461761
173 -0.418915
344 15.2059
276 -2.64719
250 0.713791
312 9.12152
338 15.3841
298 6.85727
285 5.58936
292 -4.22504
311 9.36386
293 6.05994
292 6.09317
333 13.3487
217 0.261353
116 -2.21636
314 9.30365
243 3.41586
334 14.8232
99 -1.15436
229 -0.554077
197 0.0511169
168 -1.30373
316 9.74921
321 11.3332
201 1.10254
352 16.8421
170 -0.661484
362 17.9599
303 4.8576
329 14.5871
280 3.52396
156 -0.674484
165 2.70889
329 12.4659
269 3.44232
354 26.2269
314 9.9588
149 -0.459656
212 2.77196
312 8.04874
362 13.3309
239 0.485031
213 0.451385
329 12.4653
205 -0.807831
352 11.9654
290 5.05603
302 7.83817
261 2.57138
315 9.41022
317 9.80389
296 3.31586
221 4.06903
370 12.3941
285 4.94556
357 10.4858
218 -0.3022
165 -0.372879
139 -0.509521
165 -0.721527
156 -1.32149
111 11.9899
331 12.5903
220 -0.0805817
364 17.7933
293 6.66354
359 12.504
241 -1.82791
283 5.8324
287 5.15106
293 5.09531
171 -1.11522
305 8.45743
190 21.5839
366 14.8724
181 -1.44
362 23.2097
219 -0.273682
168 -0.845474
345 13.9762
302 6.50104
156 -0.328659
150 -1.65495
220 -0.0554047
107 -0.3423
183 131.562
314 10.085
255 2.25169
323 10.2805
360 9.77692
313 9.22833
173 -0.418793
195 2.01848
221 -0.478592
271 3.37509
315 9.32712
314 9.35724
109 -0.533501
38 -3.46062
310 5.08823
315 8.2674
295 7.06586
302 7.83762
306 5.72815
212 -0.122375
336 13.8834
185 -1.12755
229 -0.0472107
83 -2.67361
259 3.21036
353 13.2581
135 -0.319
368 17.4362
345 15.4479
125 -1.28033
211 2.63399
369 -1.14322
193 -1.245
164 0.0762024
152 -0.358658
303 7.914
231 -0.401672
138 -0.599182
327 40.6344
363 12.8008
140 -1.59096
371 25.9493
155 -0.372223
206 -0.790649
221 -0.264511
329 12.3224
321 9.94699
330 12.2186
209 -0.0171509
292 6.1221
153 -0.0762482
144 -1.79382
281 4.83279
138 -1.34702
293 6.17349
256 -9.73804
302 7.83795
349 16.01
253 1.9402
325 11.7293
327 11.8616
313 7.80902
279 5.27484
271 3.21747
361 17.7599
235 -0.0685577
118 -0.0536346
223 2.21294
263 2.37793
168 -0.34639
325 11.7283
251 1.3125
314 9.23944
270 2.71988
313 9.23709
373 45.226
177 7.72488
360 16.4099
205 -0.394028
299 7.5592
314 9.46664
338 15.2797
233 0.309631
293 6.29214
303 -4.65488
224 3.85356
179 -8.52112
291 2.29407
95 -2.89585
266 3.04376
334 14.5546
286 4.92975
199 -1.00597
115 -0.74839
243 2.39584
220 -0.0953064
306 8.16528
204 -0.810638
138 -0.471466
177 18.4896
344 15.0899
285 4.94717
198 -1.15962
115 -1.33633
152 -1.31924
156 -0.928772
220 5.16382
275 3.83771
163 -0.675476
329 12.4501
346 13.3204
140 -1.1387
367 18.3476
329 12.4591
102 -1.74585
325 10.8878
373 23.3228
273 3.05646
250 0.714218
294 6.65765
212 -0.487808
312 9.18594
302 7.83755
271 3.82004
225 3.78766
317 10.3296
256 3.55148
231 -0.586624
321 11.319
336 13.0234
330 12.4234
358 16.3691
269 3.19583
367 13.7909
89 -2.71674
60 -5.36967
329 12.4517
259 2.30176
373 17.8519
282 5.29715
266 2.77286
315 8.11639
167 -1.22346
188 0.903015
187 -1.71591
147 -0.359451
196 -0.90387
327 11.9612
347 15.5539
317 10.3711
178 -1.04279
333 13.0603
325 11.7285
295 6.80499
231 2.42801
318 6.92175
311 9.35751
289 12.7275
350 -20.3064
327 11.6941
325 16.7439
370 15.9486
125 -1.48305
330 13.1702
36 -1.17812
330 -170.947
239 -0.0456848
292 6.09384
321 11.3282
293 6.05264
233 -1.64864
147 1.27414
302 5.89886
311 9.35907
244 2.6526
182 -1.89264
293 6.07312
313 7.82187
280 4.34259
308 8.57617
338 13.8459
344 15.1263
353 13.2517
346 15.6267
341 14.6506
241 0.667587
157 -2.09741
348 16.8
252 1.12033
335 11.2732
183 -0.742584
314 9.29877
84 -2.6212
264 3.11642
156 -1.30782
364 12.7943
172 -0.314102
340 15.701
225 0.324677
307 6.07578
96 -2.92747
249 0.856705
287 5.52365
165 -0.742752
308 7.45834
211 -0.437042
246 1.56332
341 13.5069
219 -0.237
211 -0.684448
316 6.99313
327 12.0398
297 6.49655
97 0.588127
281 15.3929
225 -0.152374
307 5.26099
339 15.2806
300 7.77344
151 -1.35492
282 4.21561
330 11.9367
218 -0.252289
322 10.5767
152 -0.240967
203 -0.863388
242 0.708954
264 3.14288
145 -1.53572
207 1.51878
291 3.52069
317 9.55743
351 13.4853
326 11.7866
218 -0.2314
328 12.2233
363 20.4586
203 -0.707901
339 23.6306
296 6.41058
218 4.66888
185 -1.34409
314 9.36758
368 11.7267
327 12.1857
205 -0.790512
230 4.67592
285 4.9549
270 3.03009
143 -0.805649
311 9.36639
344 10.5499
227 1.88861
169 -0.723648
150 -1.65498
257 0.942261
308 -20.624
354 14.7005
331 12.2631
196 -0.990646
325 8.92706
368 11.7278
221 -0.266373
352 14.1778
163 -1.54842
249 1.24004
349 15.5553
255 1.64856
271 3.43906
338 14.4126
357 15.0342
283 5.49765
282 5.17337
110 -2.06638
210 -0.812302
261 6.28766
210 5.03651
362 17.9466
169 -0.42598
176 -0.995926
161 -0.520859
203 -0.834702
67 -3.37236
260 3.14093
332 -25.3376
314 7.04431
229 1.84914
211 -0.976425
252 1.97186
334 11.718
351 16.0306
353 14.2628
266 3.04352
334 12.9091
302 8.05679
201 -1.15085
225 -0.437805
304 8.93509
333 12.2502
315 9.99371
269 3.1954
272 3.1633
135 -0.319061
115 -1.65664
297 5.97144
364 20.7363
183 131.757
137 -0.550644
302 7.68033
244 -1.83835
271 3.15729
119 -1.96674
334 13.5099
317 4.91138
120 -2.29958
95 -2.46071
363 38.2237
360 9.77701
332 10.9034
273 3.38925
332 12.569
336 13.4782
204 -0.804565
301 8.70416
155 -1.31203
293 6.66336
206 -0.462051
290 5.00272
199 -0.931122
343 12.8019
336 14.4081
190 0.10257
289 3.88602
177 -0.84906
333 13.5056
336 12.4284
293 6.1871
329 7.93869
356 18.2927
139 -1.49016
314 9.48486
368 11.7254
141 -20.5065
274 3.01886
350 11.8745
327 11.9044
178 -0.0796661
356 30.7567
195 -1.01793
80 -3.52744
217 0.698837
142 -1.65723
294 7.22171
257 2.1557
293 7.81491
325 10.9504
293 1.97784
365 8.80557
313 8.47632
347 8.14404
146 -0.476883
342 15.5521
355 11.8945
371 -21.0225
235 -0.0942078
331 12.1447
129 -0.549301
295 5.58279
219 -0.24736
321 6.00705
159 -0.409164
240 0.388916
246 -1.84496
207 -0.210648
317 10.2959
293 6.6633
168 0.0575562
318 7.73175
176 -0.995987
118 -0.0542374
140 -1.13858
311 9.34802
323 10.7754
238 5.20828
320 10.8126
217 -0.544861
321 11.33
368 33.6322
349 14.2699
352 16.1674
181 2.69032
311 9.36371
354 17.8823
145 -1.43448
198 -0.838242
209 2.36916
214 -0.0693207
280 4.30768
317 9.41711
350 13.9296
294 6.70685
346 16.6472
370 15.9482
142 -3.32216
363 38.355
177 18.4504
293 6.04941
145 -0.106201
224 -0.23291
282 -5.66418
284 5.06302
363 12.4962
252 -17.3581
223 -0.201965
244 5.31737
139 -1.71902
142 -1.59543
37 17.0519
178 -0.716354
239 0.144958
201 0.74382
365 8.80469
231 -0.0112
322 10.9484
168 -0.305466
333 12.2415
197 11.1822
313 8.47864
257 2.2677
328 11.8076
278 3.65506
294 4.81314
164 -0.234253
348 13.8539
268 2.82904
212 -0.647934
293 6.07208
292 6.0936
292 6.07101
362 13.6863
257 2.96591
373 0.291138
258 1.84741
327 11.8621
332 12.4967
181 -0.834824
226 2.9987
219 -0.276428
190 21.593
314 9.23804
201 -0.90564
328 12.041
314 -228.253
236 2.39735
192 -0.592361
118 -34.6429
241 -1.82773
349 14.5231
325 11.7225
165 -0.360672
135 -1.99394
213 -0.654495
345 16.838
370 15.3529
342 14.0053
352 15.5503
287 5.87943
314 9.24509
297 4.62643
341 15.9156
121 -1.45951
164 -1.58853
356 29.7004
324 16.4074
178 2.90607
192 -0.629807
352 7.17896
366 16.5839
329 6.14444
330 10.681
258 1.59033
295 7.47961
146 -1.61748
269 3.44391
312 7.7789
231 4.07675
362 17.9389
301 3.59998
355 16.924
183 -1.94264
272 0.581055
292 6.45404
137 -0.358276
293 3.70151
195 -0.849777
187 0.00112915
275 3.53427
352 15.9178
125 -7.65347
135 -1.40402
339 17.0708
293 6.18677
251 1.49454
186 17.4384
354 16.3615
361 16.4729
105 -1.2218
203 -0.301926
333 10.1512
325 11.1368
285 5.58932
293 6.1759
342 11.4451
194 -1.27863
321 9.93317
185 -0.678116
327 12.0397
156 -1.3075
349 15.0722
293 6.66357
292 6.10675
246 0.792374
363 16.2534
209 0.993698
348 16.9413
118 -0.0538406
315 9.32788
222 1.99823
146 -1.49586
362 17.9591
298 3.29315
292 6.11032
358 13.245
268 4.08447
284 5.13474
230 -0.416733
160 -0.845764
281 4.17462
366 14.8732
320 7.4339
115 -0.529434
243 -1.85304
327 12.0398
165 2.7086
292 6.0029
137 -0.676727
355 9.0394
207 -0.725693
153 -1.35201
313 9.22644
187 -2.68132
199 -0.874161
309 -20.1448
139 -0.658997
359 14.4069
213 -0.811584
285 4.36639
308 6.61267
330 12.3048
292 6.15817
309 8.84073
225 -0.135986
338 13.8367
189 29.9706
346 14.8767
237 0.25766
366 14.8783
346 17.0471
175 -0.341187
366 19.4424
363 12.3695
341 15.1168
145 -0.105728
115 -0.749763
149 -0.470016
273 -5.08932
349 13.4844
209 0.993896
347 13.9409
293 6.66348
285 5.30505
208 3.49232
122 -1.71246
366 13.8501
340 14.342
195 0.0997467
256 2.3338
307 5.29858
364 24.0228
348 16.08
141 -20.4767
363 -18.3648
243 0.681503
289 5.99042
238 -0.0645752
346 34.2152
292 5.17526
292 6.09839
195 -1.08817
216 -6.18622
327 11.6766
332 2.1637
294 6.27728
127 -2.04598
302 7.83771
295 4.91281
187 16.2301
230 0.224869
217 7.43184
318 7.7749
336 14.4081
285 5.58911
131 -0.535965
216 2.58966
195 -1.0322
222 24.0158
221 -0.236023
125 -1.83347
153 -0.83876
86 -2.7255
356 16.1569
349 15.5404
144 -0.66243
331 12.9438
353 6.38657
92 -2.38004
344 14.027
331 13.0335
178 -0.079834
281 4.62714
331 13.0419
224 -0.303299
302 6.47244
149 -0.837189
172 -1.04002
313 9.24365
301 6.58344
329 12.493
368 16.6041
306 9.18567
346 16.6042
87 -1.28786
153 -1.61818
258 2.19739
357 19.6891
132 -0.893402
359 12.7402
321 11.3316
332 -165.288
270 1.97037
148 -0.654846
251 3.52686
311 9.34457
278 3.59494
150 -0.260712
369 12.6451
213 -0.0721893
201 -0.395294
314 9.38077
98 -1.99808
150 -0.538071
315 8.11508
336 13.8421
322 9.3103
146 -0.44928
329 12.5197
308 -19.9434
143 -0.805603
191 -1.16568
316 9.75949
333 12.224
292 6.104
322 14.7469
206 -1.03136
345 15.4203
362 17.9602
257 2.1557
207 -0.930298
167 -0.33168
179 -0.294983
351 16.0287
300 4.36914
276 3.6221
362 36.7843
153 -1.61806
164 0.0761261
344 15.3515
297 3.21689
193 -3.04416
349 -5.99719
159 -0.546188
161 -2.05171
167 -0.31572
123 -1.39467
368 11.7403
297 3.37878
155 -0.864685
318 10.1708
328 11.9055
287 5.08008
240 0.538437
361 -0.477234
302 7.55685
220 -0.0795593
311 9.37381
359 17.4783
297 5.99506
277 3.71893
370 26.3601
293 6.66357
181 -0.919327
224 0.334625
350 14.9586
334 14.4531
165 -0.42392
106 -2.13379
193 -0.675598
211 -0.475906
288 5.62814
363 12.5207
178 -0.0805054
318 9.00333
152 -1.319
211 -0.107864
353 13.4845
317 10.2416
123 -1.66258
338 13.8388
279 4.37155
292 -9.77344
297 6.90988
176 -0.773453
294 6.52176
355 15.1576
363 21.6835
342 16.081
367 16.462
136 -0.536804
369 13.4027
170 -1.0898
241 0.821304
344 14.4355
224 -0.251801
203 -4.10983
145 -0.10173
346 15.6919
346 16.5595
207 1.57341
241 0.651016
313 9.23041
153 -1.6178
326 11.7703
363 14.5228
250 0.712524
302 5.44739
313 8.45966
342 14.0218
274 -2.24472
312 9.19473
128 -0.598228
351 13.7762
