122 -0.803291
170 0.320984
234 7.45638
225 1.92622
198 0.631378
183 0.486694
129 -0.406662
212 1.03336
146 -0.111328
150 -0.898849
157 -0.587997
150 -0.0972748
195 0.704407
149 -0.075119
165 -0.4711
122 -0.803093
224 1.92285
80 -1.2198
198 -0.864639
168 0.193054
180 -0.122452
165 -0.152802
116 -0.239616
146 -0.0999298
54 -3.63145
178 0.450607
189 0.0114594
195 0.655624
157 -0.588821
174 0.36795
134 -2.03337
133 -0.645584
62 -1.48902
101 -2.92833
149 -1.0732
165 -0.176834
164 -0.190872
63 -3.84311
154 -0.32132
151 -0.0781097
51 -2.42219
195 0.630829
133 -0.645691
157 -0.587448
172 0.399902
133 -0.645569
63 -3.84413
194 0.584793
126 -0.436554
316 14.384
105 -0.292542
201 0.395676
133 -0.645691
65 -1.41742
158 -0.279068
163 0.0228119
145 -0.520203
162 -0.148163
154 -0.321518
126 -0.436966
166 0.108093
131 -0.154327
105 -0.293251
157 -0.588608
164 -0.218048
41 -2.60402
133 -0.691132
143 -0.781937
156 -0.320251
43 -1.72005
161 -0.0475616
172 -0.169296
156 -0.292786
154 -0.321808
181 0.529663
106 -0.289894
171 -0.226334
165 -0.189911
167 -0.340256
198 0.730316
80 -1.2104
217 1.19977
124 -0.533188
154 -0.321671
41 -2.60423
212 1.0276
149 -0.0971375
176 -0.641922
161 -0.0464172
149 -1.07361
218 1.70943
161 -0.0477753
126 -0.436615
166 -0.0751648
129 -0.405655
93 -1.38982
186 0.708008
44 -5.19093
56 -4.5983
54 -3.63125
132 -0.141754
209 -5.80536
62 -1.49091
228 1.90431
186 -1.21692
149 -0.535812
119 -0.843773
117 -0.868416
260 6.81842
105 -1.35144
172 -0.172379
93 -1.38963
175 0.142593
163 0.0236511
224 1.92393
162 -0.148026
157 -0.732803
166 -0.0751343
172 0.400192
171 -0.217056
221 5.15717
80 -1.2308
153 -0.845566
149 -1.07333
172 0.399811
80 -1.20563
183 0.492996
221 1.09061
45 -5.06802
244 7.40373
157 -0.587265
61 -4.06888
183 -0.447876
161 -0.0463562
221 5.15669
192 0.457748
19 -6.80617
62 -1.49187
101 -1.26695
172 0.400208
165 -0.151642
292 11.9625
228 1.88551
104 -1.66164
62 -1.49377
13 -0.784394
189 0.410416
109 -1.54813
166 0.236221
136 -2.26382
194 0.211075
49 -3.33499
176 0.159195
214 0.827896
134 -1.79745
124 -1.29021
244 7.84979
172 0.400162
134 -1.97141
258 6.81522
13 -7.48664
221 5.15717
148 -0.463623
170 0.252136
172 -0.167435
48 -2.86515
146 -0.0969696
163 0.0235443
126 -1.53031
134 -1.80721
80 -1.23122
110 -1.23591
136 -2.29095
129 -0.405609
170 -0.38118
56 -1.80758
183 -0.447266
171 -0.216934
46 -2.299
227 1.78554
157 -0.587204
134 -0.681824
134 -0.681702
189 0.0103149
94 -1.37407
154 -0.321213
142 -1.21445
57 -2.01601
80 -1.23114
64 -3.8205
212 0.65004
83 -1.17128
201 -1.63474
172 0.399918
131 -0.871399
62 -1.49355
174 -0.229004
186 0.433426
136 -2.29085
162 -0.141556
110 -1.23634
54 -4.41019
185 0.463364
123 -0.72184
20 -6.88548
211 1.14285
199 0.963287
363 33.6184
54 -2.09364
142 -0.107986
136 -1.41928
235 2.36461
150 -0.899063
118 -2.54698
142 -0.108231
181 0.492508
28 -1.91935
238 6.72491
199 0.963043
191 0.0678406
189 0.410355
221 1.71745
116 -0.248619
39 -2.55182
126 -0.436989
107 -2.35809
35 -6.35403
183 -1.65511
98 -1.33408
233 1.59749
106 -2.34113
189 0.0103455
18 -3.97997
136 -2.26405
190 0.227676
198 0.658951
218 1.09158
100 -1.32815
153 -0.845642
189 -0.310501
316 14.3846
170 -0.401489
149 -0.536026
207 1.11002
133 -0.691086
232 7.15118
229 18.423
199 0.96315
129 -1.46629
122 -0.943008
129 -1.34637
116 -0.968361
199 0.963562
133 -0.64563
172 0.400192
173 0.339706
16 -2.69661
184 0.981033
105 -1.30309
116 -0.968834
219 1.65947
177 0.538101
145 -0.588089
97 -1.06289
24 -6.52404
201 0.395462
200 0.590866
131 -0.505524
28 -3.11266
190 0.227859
182 0.303909
170 0.217346
186 0.879517
242 2.4263
12 -7.1485
203 0.281479
166 0.108063
157 -0.586884
149 -0.893799
132 -1.48073
224 1.90704
51 -2.42217
154 -0.316193
120 -1.01885
186 -1.21687
124 -0.578423
187 -0.107758
172 0.30632
184 0.983215
225 0.485367
116 -0.968643
183 0.296661
183 -0.0839081
183 -0.0824738
213 0.602158
180 -0.155853
134 -1.80573
146 -1.56924
64 -3.83157
199 0.962921
181 0.523438
113 -0.262077
14 -7.19291
101 -2.94676
214 0.828918
161 -0.0444641
149 -0.893921
203 0.281464
64 -1.72543
184 3.55759
181 -0.216751
182 0.41185
296 12.3666
180 0.288651
149 -0.192856
169 -0.230606
291 8.35355
166 -0.605469
228 1.88574
142 -0.108246
163 0.0234833
166 -0.254486
35 -6.35877
218 1.71489
133 -0.283569
51 -2.42198
181 0.5233
105 -2.25529
170 -0.156204
218 1.09137
232 7.15131
30 -3.47895
63 -4.75916
113 -1.43566
241 10.0212
132 -0.141647
110 -1.2363
28 -1.91909
201 0.395493
204 0.833847
162 -0.141739
153 -0.300156
143 -1.21754
198 -0.880386
107 -2.35797
110 -1.23169
172 0.400391
129 -1.34729
216 0.686386
116 -0.968666
164 -0.64447
234 8.04305
27 -1.92598
121 -1.28265
122 -0.521156
56 -4.15048
145 -0.477905
190 0.228073
116 -0.248207
184 0.9655
174 0.25
316 14.384
172 0.400238
36 -5.92244
145 -0.478073
126 -0.437042
92 -0.478912
174 -0.246552
136 -2.26395
171 -0.216995
201 0.395493
93 -1.38979
140 -0.364334
166 -0.430634
244 7.40379
116 -0.968285
153 -0.84549
90 -3.15726
192 0.164948
64 -3.82483
173 -0.221878
168 0.209702
35 -6.35502
225 1.92607
150 -0.899155
211 1.1071
177 0.430267
254 2.81277
148 -0.366898
167 -0.50531
295 12.2182
172 -0.167389
180 0.288651
165 -0.366608
186 0.739883
125 -1.16669
128 -1.50032
68 -1.69601
59 -2.82187
163 0.0227966
273 10.5068
196 0.128479
162 -0.148422
161 -0.0477295
305 13.6191
178 -0.241837
243 7.84755
6 -8.10916
28 -1.91936
126 -0.437302
200 0.589569
181 0.52359
80 -1.21335
116 -0.968285
41 -1.71774
6 -7.77258
134 -0.282852
194 0.196289
107 -0.293793
133 -0.733124
157 -0.587173
164 -0.618256
370 26.42
30 -3.47923
83 -1.17088
183 -0.138168
59 -2.82188
18 -6.53364
41 -2.26109
232 7.1512
110 -1.23644
45 -5.06909
220 1.71939
64 -3.83024
199 0.279922
176 0.435638
182 -0.26001
163 -0.221893
145 -1.19707
190 0.227997
147 -0.244202
211 1.10696
172 -0.167404
167 -0.189926
162 -0.142136
168 -0.139999
169 0.299713
56 -4.17736
110 -1.23499
94 -1.35399
136 -2.29089
70 -1.72287
125 -0.792221
36 -5.96283
55 -4.24429
168 -0.247849
116 -0.968117
158 -0.213516
35 -6.35802
189 0.0101318
54 -4.41049
161 -0.0466003
163 0.263641
105 -1.64795
63 -1.76685
43 -1.72126
220 1.26707
196 0.128326
3 -7.86984
183 -0.138123
192 0.45784
132 -1.47269
291 8.35349
129 -1.34744
43 -1.7079
183 -0.447449
92 -0.478096
116 -0.239815
161 -0.0488434
209 0.751221
198 -0.882568
78 -2.41549
25 -6.65947
30 -3.47899
183 -0.085495
211 1.82535
164 -0.353119
106 -0.289894
132 -0.141769
91 -1.43347
179 0.574326
211 1.82506
41 -2.60439
106 -0.289948
113 -1.43573
133 -0.646057
168 0.389877
137 -0.227707
198 -0.149246
92 -0.479065
127 -1.21334
52 -4.1419
48 -2.86338
184 4.01028
183 0.485901
63 -3.84979
219 0.265808
187 -0.107819
80 -1.21334
244 2.57143
26 -0.916021
232 12.7888
105 -0.293152
221 5.15723
107 -2.35831
27 -1.30975
105 -2.62189
70 -1.71364
178 0.0231934
110 -1.23647
134 -1.80563
43 -1.72143
167 -0.376709
344 4.12354
224 0.541946
93 -2.48119
62 -1.49189
141 -1.48238
167 0.284744
107 -1.03394
224 0.530991
132 -0.142166
30 -3.47916
157 -0.587402
200 0.506699
106 -0.289886
219 1.65894
184 0.96666
110 -0.801575
169 -0.132797
170 -0.168488
136 -2.28954
136 -1.47919
153 -0.30011
95 -1.31799
217 1.20084
110 -1.23641
171 -0.263809
35 -1.81073
151 -0.561966
183 -0.0840607
13 -4.07819
184 0.967148
143 -0.369614
126 -0.437172
54 -4.41004
44 -5.19103
43 -1.72128
191 0.492508
61 -1.77213
164 -0.354919
168 -0.759415
52 -3.78066
305 13.5983
241 10.0207
206 0.250305
132 -0.680176
116 -0.96843
180 0.288559
161 -0.0473785
183 -1.66028
179 0.572906
237 2.20273
35 -2.3289
27 -1.3099
56 -4.20322
134 -1.80579
180 0.287155
228 5.26872
27 -1.31003
142 -0.108261
27 -1.92594
61 -4.06927
313 11.3225
208 0.404648
232 7.15105
105 -1.35152
112 -1.33164
27 -1.31101
95 -1.31748
175 0.24469
235 2.36682
38 -1.77825
216 0.686478
113 -1.43567
172 0.400375
200 0.50737
50 -1.96769
35 -6.35867
36 -5.96269
164 -0.250214
180 -0.324463
138 -0.544464
97 -1.06621
27 -1.92605
236 0.166
134 -1.80751
143 -0.482971
192 0.249405
64 -3.8273
93 -1.38866
169 -0.288223
134 -1.80743
27 -3.6141
188 0.0722351
47 -2.58549
106 -0.289841
51 -1.6398
192 0.584686
124 -0.52034
146 -1.56876
35 -6.35434
101 -2.94592
179 -0.242538
153 -0.845657
54 -4.41056
92 -1.23373
90 -0.321159
151 -0.571198
59 -2.82618
61 -4.06884
241 10.0017
35 -2.32783
140 -0.536285
129 -1.46455
130 -0.504501
142 -0.622177
255 2.99789
129 -1.34624
29 -6.48055
129 -0.406296
78 -2.41753
171 -0.218277
212 0.649933
161 -0.494049
188 0.0714722
15 -7.16637
313 11.3226
220 0.740738
132 -0.141647
183 -0.44693
62 -1.49273
113 -1.43579
157 -0.586929
255 2.99783
146 -1.56883
75 -1.3966
149 -0.893906
129 -1.46391
212 0.649948
151 -0.0731812
68 -0.941559
142 -0.108139
166 0.107986
183 -0.0842438
221 0.914948
91 -3.23718
42 -1.68212
56 -1.79958
116 -0.968712
240 6.39319
199 0.963562
186 0.707565
232 7.1508
219 1.6497
57 -1.88073
186 -1.21657
75 -1.39725
181 0.523422
126 -0.437027
107 -2.35783
6 -7.7723
189 0.010376
36 -5.96323
20 -6.88559
217 0.739899
63 -3.8429
61 -4.06925
61 -4.06883
237 6.30803
163 0.0741882
40 -1.38266
248 9.15485
146 -1.5705
25 -6.67919
27 -1.31122
122 -1.67163
61 -4.18678
175 0.241791
64 -0.258926
20 -0.933804
66 -1.72838
93 -2.43935
217 1.19943
93 -1.38792
184 0.967133
55 -3.6798
148 -1.12061
61 -1.99729
171 -0.217117
126 -0.437119
150 -0.588394
35 -6.35899
142 -0.941193
13 -7.48439
202 2.28069
200 0.507294
244 2.72752
27 -1.92604
107 -2.358
78 -2.4151
192 0.35524
44 -2.26658
168 -0.411392
198 -0.874237
149 -0.536011
102 -2.58394
228 1.32515
146 -1.56995
219 1.64983
45 -5.06852
244 2.72751
124 -1.6841
199 0.241974
28 -3.11255
200 0.5914
177 0.233124
13 -7.48643
45 -5.14099
119 -2.39413
244 2.72758
189 0.375549
51 -2.42099
150 -0.587967
199 2.91428
188 1.40738
86 -1.30253
189 0.375839
204 0.347916
213 0.487793
13 -7.48679
167 0.572266
196 4.15643
290 6.86496
20 -6.88552
65 -0.453262
62 -1.42706
147 -1.19325
57 -1.9809
224 0.54184
181 0.523773
6 -7.77257
97 -1.06699
244 7.40338
260 6.81833
65 -4.30324
191 0.240494
205 0.199051
296 12.3514
94 -1.34836
219 1.6535
203 0.281525
107 -2.35844
59 -2.82629
59 -2.8261
219 0.253937
97 -1.06615
214 1.93291
217 1.47581
199 0.242294
224 0.507874
167 0.577637
193 0.590637
103 -1.32442
146 -1.57036
61 -4.06884
194 0.335312
296 12.357
179 0.572144
211 1.82529
150 -0.590439
171 -0.143311
211 1.22697
203 1.58792
101 -2.92848
13 -7.47569
154 -0.00378418
20 -6.8863
28 -3.11382
183 -0.0817413
165 -0.15274
191 0.0678558
190 0.228119
234 7.45639
44 -5.19167
34 -6.00532
183 -0.456223
194 0.336166
175 0.241547
121 -0.892685
172 -0.16777
217 1.19981
97 -1.06665
296 12.3511
176 -0.642563
180 0.286377
336 18.4309
28 -1.91957
187 -0.107666
179 0.573608
151 -0.566315
153 -0.845673
255 2.99799
32 -6.30534
195 0.476837
36 -1.39619
210 0.408478
85 -1.3877
232 7.14963
171 -0.187576
100 -2.51421
143 -0.372055
46 -2.7053
211 1.82503
44 -5.19097
189 0.375473
344 4.1246
216 0.68692
27 -1.30974
187 0.557297
136 -2.29097
58 -4.74644
192 0.300232
147 -0.676147
229 17.6811
170 -0.110611
54 -4.41088
237 2.14423
142 -0.108109
217 1.20076
106 -0.289932
219 1.65944
182 0.278549
198 -1.76424
122 -0.860176
49 -2.48887
28 -3.11239
27 -1.92591
220 1.72678
147 -0.117401
134 -0.498779
203 0.365662
239 0.157394
185 0.66716
162 -0.187103
200 0.589569
149 -1.0732
172 -0.922394
234 2.2048
120 -0.323181
48 -2.86556
195 0.501801
172 -0.167679
124 -1.29047
27 -1.92581
7 -7.79575
173 0.719391
213 0.601944
178 -0.241531
134 -1.80568
133 -0.645706
121 -0.515465
97 -1.90147
244 5.9969
133 -0.645599
124 -0.568703
212 0.577744
122 -2.22386
225 0.484497
200 0.520538
168 -0.235214
106 -1.22153
223 4.2765
241 -0.0280609
171 -0.162552
184 0.980133
223 4.27631
27 -1.92603
171 -0.0815735
86 -1.303
211 1.10684
192 0.457947
187 -0.107697
131 -0.729919
225 0.487
170 -0.355194
183 0.486923
91 -1.43359
316 14.3837
219 1.14249
217 1.19983
27 -1.92613
184 0.980759
220 1.2677
180 0.289032
72 -2.20647
10 -7.78672
118 -0.278885
54 -4.40808
97 -1.90411
171 -0.217117
13 -7.4756
150 -0.210083
35 -2.32953
197 0.759689
145 -0.478195
273 10.5065
162 -0.236221
179 0.571808
116 -0.240295
22 -6.60593
55 -1.68032
127 -0.499184
186 0.707565
13 -7.48599
63 -4.15872
106 -1.03145
220 1.26324
106 -0.388222
104 -0.274094
54 -4.4086
204 0.348358
230 0.0419617
52 -3.73585
180 0.287079
28 -3.11212
211 1.10712
295 12.2182
198 0.761749
23 -0.915104
198 -0.860443
28 -3.11213
217 1.20114
167 0.572723
180 0.288605
145 -0.477646
295 12.2178
149 -1.07399
176 0.205887
244 2.72768
28 -1.9196
137 -1.21146
34 -5.98153
193 -0.166428
273 10.5068
149 -0.197159
218 1.70654
13 -7.47617
91 -3.23724
171 -0.217163
234 7.45641
166 0.108063
193 0.584915
74 -1.69114
210 0.46759
258 9.83521
220 0.742111
129 -1.46609
106 -2.35986
223 1.21609
316 14.3849
169 -0.184845
162 -0.147598
180 0.00982666
6 -7.77495
24 -6.52594
122 -2.29118
183 -1.65808
35 -2.32926
119 -2.38972
126 -0.43679
146 -1.56871
241 10.0211
51 -2.42238
145 -0.773712
54 -4.41063
216 3.33127
205 0.415756
171 -0.218796
224 0.53688
153 -0.845673
229 1.74696
149 -0.196899
176 -0.642792
184 3.78181
173 -0.135788
59 -2.82644
23 -6.59522
166 -0.243622
63 -4.76024
183 -0.445282
30 -3.47899
159 -0.424042
189 0.536407
86 -1.35886
144 -1.04984
233 1.5948
256 9.00204
66 -1.75195
221 5.15678
67 -3.59244
213 0.530945
200 0.507263
118 -2.38353
201 0.395416
92 -0.288551
191 0.0680084
162 -0.122162
116 -0.968315
63 -3.83706
168 -0.249939
237 0.135345
52 -2.58484
116 -0.968208
68 -1.701
241 -0.0331268
35 -6.36081
183 0.164246
15 -6.57488
199 0.918777
150 -0.588364
149 -0.0751343
62 -1.49062
180 0.28894
31 -3.47528
199 0.27951
162 -0.202377
166 -0.362991
13 -7.47947
105 -1.25527
78 -2.41766
107 -2.35782
180 0.288574
220 0.741531
122 -0.356743
296 12.3509
202 2.28087
78 -2.41753
59 -2.82181
258 6.81512
91 -1.43221
66 -2.31274
196 0.128479
30 -3.50769
183 -0.0812836
91 -1.23052
107 -2.35813
65 -2.11768
184 0.981216
46 -5.7724
161 -0.0471802
49 -4.33441
161 -0.358231
207 0.846054
116 -0.239777
199 0.280487
180 0.288574
6 -7.77264
27 -1.31072
124 -0.253258
167 0.595627
171 -0.217041
184 -0.215622
173 -0.226593
117 -0.869347
84 -1.21115
149 -0.535782
240 0.151459
173 -0.355179
221 5.1572
244 5.99426
121 -2.33154
262 4.24393
186 -0.0720367
199 0.963348
122 -0.509224
13 -7.47671
67 -1.64786
118 -2.54683
142 -0.783981
35 -0.863861
189 -0.0419006
196 0.244415
88 -2.10851
202 2.28091
27 -1.92595
160 0.0572205
124 -1.67181
113 -1.43571
209 0.751343
232 7.1494
366 5.47159
183 0.48671
107 -2.35775
45 -5.06964
15 -7.12136
130 -2.0101
232 7.14934
75 -1.39643
35 -6.36007
193 0.00712585
149 -2.67339
35 -6.3574
125 -1.90095
269 5.02951
24 -6.52262
179 0.140656
54 -4.38355
221 1.09647
129 -0.521576
177 0.0261536
244 2.7276
20 -0.933689
72 -0.585617
27 -1.31104
64 -3.83128
56 -1.80769
367 95.9895
143 -0.78624
134 -0.681381
224 0.538269
110 -0.748405
23 -6.43499
181 0.223053
119 -1.4922
78 -1.35921
212 0.612747
186 0.707687
115 -2.59805
346 17.6752
59 -2.82529
48 -2.86426
171 -0.112366
118 -0.91301
175 -0.488373
92 -1.23923
195 4.09999
106 -0.28994
232 0.577042
180 0.288895
181 0.523407
199 -2.55148
5 -11.3021
174 0.66362
65 -4.1329
181 0.523697
33 -5.49631
228 1.8856
28 -1.91963
179 -0.29039
142 -0.108063
149 -0.1922
122 -2.22274
6 -8.1158
193 0.546051
190 0.650208
92 -1.23557
75 -1.39651
13 -4.07783
68 -2.30276
166 0.108582
122 -2.22241
45 -5.06872
35 -2.32952
50 -1.96743
125 -1.89381
138 -0.417511
51 -2.42146
173 0.323898
200 0.591354
57 -4.22974
193 0.183578
218 1.09148
167 -0.257385
185 0.259125
52 -1.59551
172 0.399918
172 0.400238
191 0.0679321
239 0.136871
151 -0.351364
150 -0.60791
13 -7.47595
290 6.87845
101 -2.94678
91 -1.43343
76 -1.35262
92 -0.479805
97 -1.05883
157 -0.587921
241 10.0042
174 -0.0716705
5 -11.3012
116 -0.248497
119 -1.8445
220 1.26346
167 0.312424
199 0.963394
118 -0.803162
68 -1.72548
184 0.966812
183 0.534698
117 -0.869133
13 -7.47652
163 -0.222397
189 0.010025
244 7.4034
181 0.523514
229 4.28456
180 -0.395828
97 -1.06657
180 0.288498
126 -0.436806
180 0.591492
155 -0.335709
172 0.400391
370 26.4857
203 0.987244
198 0.713455
6 -7.77265
101 -2.94687
171 -0.475845
193 0.536667
149 -0.192062
30 -3.48043
28 -1.91927
203 0.365601
232 7.15099
56 -1.80766
87 -1.17379
64 -3.83114
169 -0.170914
347 17.2627
118 -0.822655
204 0.344696
296 16.8494
193 0.00720215
181 -0.446167
118 -1.87883
227 1.63887
102 -1.59746
105 -0.930168
240 0.169434
224 4.73766
186 -1.21834
199 1.41318
28 -1.91948
166 0.108505
59 -2.82547
203 0.365738
160 -0.208786
98 -3.05582
13 -7.4759
5 -11.3025
296 12.358
279 6.37787
244 7.40364
215 3.38356
329 14.0175
164 0.14064
29 -6.4799
228 1.87982
283 7.08624
106 -0.28997
229 1.38745
236 2.1189
181 0.523758
215 0.782928
193 0.00733948
97 -1.05399
209 -5.70906
83 -0.0521698
220 1.2635
189 0.410278
105 -0.292862
203 0.281448
195 4.31653
129 -1.34657
193 0.58461
284 13.7446
53 -1.38077
321 14.9779
192 0.457779
50 -1.35464
204 1.00877
154 -0.321121
146 -0.121887
163 -1.45222
35 -1.8083
149 -1.0705
41 -2.26134
246 0.285843
204 0.64238
110 -1.23649
187 -0.107681
202 -0.121109
199 0.279663
91 -1.4317
81 -2.35113
125 -0.841339
51 -2.42272
30 -3.47914
171 -0.216995
44 -5.19095
6 -7.77478
110 -1.23652
136 -2.29163
111 -0.444412
174 -0.245636
244 5.99548
181 0.523346
347 14.1056
185 0.0571136
64 -4.0349
23 -6.435
167 -0.376404
101 -2.92857
179 0.424133
24 -6.52626
151 -0.492737
122 -2.24729
134 -1.79771
43 -6.12612
145 -0.477554
177 -0.19101
259 3.81476
5 -8.71674
229 1.9809
64 -3.8241
188 1.42116
180 0.465454
137 -0.227646
91 -3.23711
151 -2.76053
231 4.879
181 0.523712
144 -0.802734
166 -0.170731
222 1.8242
171 -0.216644
372 6.40683
162 -0.14859
241 2.41136
183 -0.0813599
241 -0.0289764
207 1.85387
199 0.28154
224 1.33643
172 0.399872
211 1.10709
241 -0.0282593
41 -1.71631
244 2.72771
151 -0.161163
220 1.31839
107 -2.35809
178 -0.237778
187 -0.10759
53 -1.95729
48 -1.60196
110 -0.735985
230 0.564224
198 -0.150925
77 -1.67341
151 -0.563431
122 -2.22233
224 1.75906
184 0.980652
35 -1.07197
164 -1.67906
211 1.10716
13 -7.48591
216 0.808777
63 -3.84307
193 0.00733948
54 -1.85138
132 -0.784302
16 -7.0679
36 -5.92961
232 0.57637
153 -0.845718
35 -6.35872
216 0.686234
162 0.11853
234 2.20477
129 -0.406418
190 -0.0262756
13 -7.48606
207 1.24892
149 -0.197098
200 0.59169
198 -0.867249
80 -3.89446
51 -2.42244
220 0.741852
24 -6.5219
101 -1.29578
20 -8.07936
229 1.83752
49 -3.74771
132 -0.515518
70 -1.69434
220 0.741943
102 -1.59747
188 0.071579
43 -6.09299
191 0.0679169
262 4.24951
157 -0.992569
162 -0.142044
366 5.47308
173 -0.1147
91 -3.23749
182 0.519974
90 -1.73199
91 -1.43335
72 -0.585808
367 96.0059
344 4.12503
164 -0.354935
190 0.21814
252 3.05005
188 3.61206
84 -1.37276
54 -3.63142
30 -3.47912
254 2.81267
137 -0.911057
80 -1.23083
295 12.2104
110 -1.62211
75 -1.39663
101 -2.94679
188 0.0714569
56 -1.80759
195 0.0232849
137 -0.227859
209 -5.72488
101 -2.9466
9 -6.15856
203 0.910828
105 -2.25106
139 -1.53244
170 -0.2901
143 -0.370331
187 -0.36261
217 1.20084
153 -0.29985
196 0.128479
123 -0.859962
110 -0.324112
149 -0.723831
189 -0.105698
211 1.82491
6 -7.77243
98 -3.05563
185 0.449402
122 -0.803215
133 -1.84853
90 -1.73161
181 0.0814514
140 -0.85025
204 0.348022
82 -1.20718
105 -2.24992
203 1.45831
149 -0.19162
120 -0.286713
155 -0.240723
208 0.602005
43 -2.31306
157 -0.587265
20 -2.55659
69 -0.0121231
188 0.0731812
350 21.1146
57 -1.88079
136 -2.26373
234 5.58624
122 -2.2225
105 -2.25084
241 3.40111
181 0.117981
178 -0.241516
20 -6.88578
164 -1.52661
167 0.0748138
147 -1.31613
107 -1.40818
24 -6.55942
174 -0.0353851
209 -5.7133
143 -0.491272
65 -4.00198
352 2.94162
244 2.6644
241 10.0216
198 -0.867493
48 -2.8632
152 -0.586136
97 -1.90417
108 -2.13392
183 0.707687
162 -0.14798
190 0.214737
147 -0.330994
165 -0.0999908
233 2.19305
150 -0.588898
50 -1.96742
178 -0.241333
344 4.11972
134 -0.146423
13 -7.6507
65 -4.00159
96 -1.0686
138 -1.96902
224 0.538483
180 0.317261
54 -4.40997
180 0.288467
360 7.62347
44 -2.05869
159 -0.202728
10 -7.51057
31 -3.45972
166 -0.347031
180 0.621857
15 -7.12314
13 -7.47636
34 -4.29942
215 3.4166
56 -1.80954
192 0.458023
241 10.0205
260 6.81787
217 1.28062
29 -6.46364
60 -3.11903
262 4.60373
241 2.08423
327 13.5599
43 -1.69357
186 0.70816
136 -1.45105
153 -0.845566
236 2.35246
162 1.60529
150 -1.23479
184 0.966568
220 0.741867
41 -2.26115
6 -7.77243
124 -0.555389
197 0.31781
193 0.0071106
275 5.31363
179 0.57251
10 -7.64314
187 -0.661575
33 -5.50044
192 0.0610504
23 -4.24171
69 -1.66443
63 -3.84104
235 0.178604
118 -1.8008
90 -1.18965
52 -4.95367
47 -1.60978
110 -0.747948
51 -1.56434
136 -1.3674
198 -0.151215
84 -2.78338
365 5.90939
167 -0.186111
111 -1.10493
192 0.458069
56 -4.21268
344 4.12006
133 -1.8483
190 -0.126755
174 0.418259
244 7.4037
117 -0.265541
336 18.4308
367 96.0555
43 -6.12712
127 -0.388184
110 -1.22797
262 3.75287
96 -1.11087
168 0.202484
178 0.138229
49 -2.09914
178 0.172943
190 0.207352
183 0.486679
151 -0.564865
122 -0.803093
244 2.72768
45 -6.47114
132 -0.141571
147 -0.338745
85 -1.54953
195 -0.150833
67 -4.05519
53 -1.61529
97 -1.06707
157 -0.587677
124 -0.534233
86 -1.30276
42 -1.36089
119 -1.81908
178 -0.241425
175 -0.230576
62 -1.48593
164 -0.21759
187 -0.107529
244 7.40353
194 0.736191
46 -1.53038
142 -0.939575
172 0.0258179
339 17.9081
146 -1.56883
60 -1.58801
183 0.102264
63 -4.75109
180 0.216171
37 -2.38062
103 -1.45332
90 -0.0289459
122 -2.22211
284 13.7422
194 0.335983
83 -1.63448
262 4.24274
198 -0.15062
35 -2.32885
124 -0.577248
107 -0.424248
202 0.268005
188 0.0711365
138 -1.37416
147 -0.440231
178 0.76416
183 -1.66098
165 -0.774338
149 -0.0749969
53 -1.37938
266 4.73483
145 -0.478195
20 -0.0573769
31 -0.773476
60 -3.09953
15 -7.11345
138 -0.210266
90 -1.7315
190 0.381577
109 -0.966217
60 -1.34457
184 0.221695
213 0.602066
241 10.0214
20 -6.88871
116 -1.06912
186 0.707687
28 -1.89478
186 0.707703
23 -6.59474
72 -0.586319
187 -0.107666
162 0.123642
122 -2.22308
148 -0.461823
256 3.74023
126 -0.437111
54 -1.6269
23 0.328072
184 0.421616
64 -3.83097
161 -0.0471954
69 -5.51408
147 -0.33876
115 -0.542221
233 11.0593
138 -0.609131
271 4.93604
309 10.3871
72 -0.586441
339 17.9079
77 -1.40507
100 -1.38848
264 4.66873
188 0.157272
227 5.19
125 -1.08006
344 4.12509
188 0.0713501
367 96.0555
275 5.3157
86 -1.34055
166 0.107986
204 0.110443
139 -1.53226
184 0.979874
78 -2.41759
261 3.90112
79 -1.21664
75 -0.0409088
217 0.74472
100 -2.04411
284 11.2131
236 7.79631
346 17.675
226 46.439
236 2.38527
212 1.50732
113 -0.577156
132 -0.435638
67 -1.6817
191 0.504501
108 -1.64636
231 1.83923
184 1.05901
62 -1.48927
41 -1.29802
47 -1.2145
198 0.496948
194 0.207535
258 9.83612
224 1.33617
143 -0.12944
226 5.08989
188 0.0713654
227 1.24817
327 13.5598
79 -1.43593
20 -6.88558
134 -1.80583
84 -2.78368
275 5.31473
350 8.78427
137 -0.947968
88 -2.13484
136 -0.406815
344 4.1203
275 5.05875
220 0.741257
83 -1.17139
158 -0.215866
153 -0.46521
179 -0.343109
196 0.128616
184 0.983124
113 -2.75877
349 19.1661
274 5.04993
206 1.06287
27 -1.92601
27 -1.31026
95 -1.47083
95 -1.27688
115 -0.254578
218 1.0901
188 0.071701
72 -1.52951
318 11.8926
189 0.764771
199 -2.74327
34 -4.29801
304 12.2584
195 0.501755
13 -7.47589
124 -2.15984
149 -0.534515
61 -4.36285
78 -3.71544
219 1.65971
273 7.29767
73 -3.98038
63 -3.84299
90 -1.18925
184 4.01024
107 -0.847504
146 -0.101624
255 2.99799
27 -1.926
126 -0.436363
205 1.09047
70 -0.654373
30 -3.47913
183 0.486618
47 -4.98481
106 -1.35081
183 0.485703
137 -1.41386
70 -1.2894
188 0.197723
193 0.41983
179 0.0979004
77 -4.6697
132 -0.784073
364 31.8501
97 -1.43895
124 -0.632774
105 -1.25114
269 4.88031
131 -0.781967
15 -7.10122
97 -1.46381
225 0.487137
43 -1.29296
187 -0.107727
269 9.01276
186 0.707611
145 -0.371216
114 -0.322769
27 -1.31097
188 1.41606
188 0.123108
45 -1.1946
231 1.7728
100 -1.5005
120 -0.814865
20 -8.07921
65 -4.07732
58 -4.23823
211 1.82436
229 1.83772
78 -3.69336
186 0.70816
15 -7.44456
213 0.95752
118 -0.786415
140 -0.419983
201 0.39563
193 0.205414
110 -0.749023
83 -1.1713
231 0.572418
158 -0.266998
305 9.724
183 -0.447754
183 0.48584
225 0.485367
137 -0.515213
276 5.01358
194 0.255249
135 -1.01974
157 -0.58725
78 -2.41771
241 10.011
153 -0.300247
40 -1.19183
18 -3.98156
71 -1.55048
225 0.486435
289 7.7616
91 -1.2303
334 4.76462
202 2.8497
66 -3.76501
179 0.297119
91 -3.23738
134 -0.658249
51 -1.55748
257 3.1456
48 -2.86304
185 0.125229
222 0.611847
57 -2.33027
183 0.0358124
183 -0.0824585
112 -0.337654
95 -0.851173
189 0.00999451
182 0.170944
106 -1.37826
97 -1.06615
110 -0.571335
181 -0.287933
55 -1.65482
192 0.300827
118 -2.54662
160 -0.733093
188 0.0718536
79 -3.95818
180 0.288574
13 -7.47618
304 9.81262
153 -0.0608826
199 1.21597
179 0.241562
152 0.135788
94 -1.36395
257 3.14548
150 -0.597458
217 0.746613
133 -0.402893
183 0.485855
105 -0.191933
55 -1.65941
177 0.298264
234 5.37444
110 -0.884911
191 0.394073
110 -1.28204
200 0.263626
180 0.297897
341 16.6269
242 6.76689
121 -0.999832
346 19.4287
195 0.272903
210 1.17833
318 11.8926
46 -1.40482
86 -4.20931
110 -1.28491
65 -1.679
96 -1.09161
79 -1.58212
143 -0.373459
73 -1.31218
165 -0.209671
113 -0.462601
108 -2.13378
194 0.336563
214 1.93005
198 0.585373
209 -5.70831
344 4.11856
121 -0.272743
105 -0.330673
198 -0.149933
124 -0.876083
91 -1.43268
142 -0.940277
189 0.0718536
76 -1.36631
181 0.502579
95 -0.855888
19 -2.56316
195 2.97134
196 0.128632
135 -1.00613
219 1.65912
50 -1.58112
58 -5.77782
192 0.457977
131 -1.78606
57 -1.66257
71 -0.480476
27 -1.92603
165 0.245712
57 -2.93641
110 -0.750999
201 0.719131
120 -0.753799
41 -2.26125
60 -4.26412
210 1.14934
194 0.336441
91 -1.43423
199 0.240677
151 -0.609604
101 -2.94501
126 -0.77198
313 11.3227
305 9.78812
132 -0.141632
137 -1.96887
132 -1.51332
221 5.35051
115 -0.301765
142 -0.939468
218 1.09029
183 -0.0766754
144 -0.42601
106 -1.39821
132 -0.784195
363 33.7782
95 -1.48473
115 -0.538841
143 -0.901581
212 1.04062
78 -4.34279
157 -0.602737
247 7.13295
81 -2.89854
36 -1.80375
139 -1.3035
82 -4.39082
166 -0.0750427
166 -0.0254974
91 -3.23706
51 -1.40242
152 -0.0532684
92 -0.292648
90 -0.0260849
105 -2.25056
179 0.572021
75 -1.7549
69 -1.51981
186 0.70813
124 -2.48393
104 -1.35833
110 -0.750572
41 -1.67405
192 0.458038
148 -1.09079
147 -0.339706
335 17.4607
224 1.92288
214 0.829056
56 -1.37717
127 -0.664696
69 -4.14333
68 -4.65506
102 -2.80233
13 -7.48617
241 -0.038681
116 -2.83992
22 -6.5719
149 -0.186203
373 26.2454
170 -0.208328
85 -1.38807
54 -3.63103
193 0.197388
111 -2.38203
119 -0.42511
133 -0.604843
76 -1.68913
132 -0.784393
188 0.195679
248 7.37709
80 -1.23113
35 -6.35375
328 5.56427
122 -0.814713
194 0.335907
83 -1.57388
269 5.02957
232 7.1494
232 8.22372
183 0.281845
247 7.13365
188 1.40781
149 -0.893845
59 -2.82675
157 -0.196579
186 0.366684
58 -5.76527
199 0.240555
105 -0.319885
110 -0.720116
117 -0.725761
167 -0.231735
188 1.4201
50 -1.96754
199 0.735184
182 -0.0614166
74 -2.00342
118 -0.823006
204 0.532059
60 -3.03404
92 -0.478065
172 0.400238
215 4.34799
65 -3.4167
63 -4.23861
119 -2.43902
101 -2.94692
249 7.50368
322 15.1554
35 -2.32721
95 -0.515549
67 -1.61664
56 -1.34677
229 4.26297
209 0.437286
169 -0.209518
194 0.335831
343 19.9513
56 -1.71822
248 7.12816
104 -1.43478
131 -1.51672
315 14.3589
50 -1.96516
126 -0.58374
163 0.167038
138 -1.70972
115 -0.25441
57 -3.76601
66 -2.75867
316 6.22177
131 -0.684418
258 6.20236
59 -2.82178
43 -2.161
198 -0.15065
189 0.410187
142 -0.679428
56 -1.80742
90 -0.0256882
105 -1.34927
55 -1.66211
224 1.87379
157 -0.279221
101 -2.94664
134 -1.79791
52 -1.66116
354 1.67905
269 9.01254
363 33.6269
321 14.9777
146 -0.463516
103 -2.63759
61 -4.39781
39 -1.72664
79 -1.40182
59 -2.82161
149 -0.197281
178 0.419861
18 -5.88257
163 -0.278458
90 -1.24206
189 0.307449
127 -0.329147
148 -0.124222
95 -0.458557
249 7.50394
121 -1.58862
319 12.3421
137 -0.44455
227 1.9084
115 -0.254509
192 0.457825
69 -5.51315
351 21.0775
180 0.371506
81 -1.18745
175 -0.347809
187 -0.107727
178 0.203781
88 -3.45472
39 -1.44202
83 -1.14287
124 -0.798683
67 -4.73232
72 -1.74371
80 -1.8524
40 -3.29861
81 -1.61043
220 0.741104
211 3.57431
182 1.12128
79 -1.14873
163 0.260529
193 0.549713
122 -0.80307
47 -1.61246
202 0.437775
103 -1.43362
92 -2.7232
318 11.7933
20 -8.0792
85 -0.41993
97 -1.45382
53 -2.92764
129 -0.301849
247 7.13298
364 33.5332
90 -1.73171
50 -1.84077
347 96.5387
63 -2.00862
148 -0.601242
97 -0.914886
99 -0.951645
147 -0.331818
73 -0.0729599
331 17.3576
160 0.0850983
203 0.281494
201 2.71759
345 0.926208
188 1.42595
167 -0.378174
27 -1.92602
147 -0.331223
262 4.24921
163 0.162201
27 -1.92601
82 -1.7633
97 -3.91222
118 -0.823639
124 -0.326653
53 -1.3801
45 -1.26096
59 -2.82179
183 0.486542
189 0.410172
15 -7.43588
43 -1.71954
278 5.83722
36 -1.80445
109 -0.678055
20 -0.0576153
37 -6.59453
119 -0.87397
122 -0.830856
99 -1.93619
249 7.50386
57 -1.88339
193 0.0266113
122 -0.611977
247 7.13341
134 -1.79799
166 -0.254532
82 -1.838
162 -0.1241
200 0.745026
137 -0.491226
258 9.83612
344 4.12076
61 -4.23518
249 7.50348
351 21.077
200 0.479752
77 -1.21587
360 7.62076
20 -8.07924
122 -0.803154
88 -2.13503
101 -3.56902
167 -0.429031
193 0.00810242
91 -3.02826
148 -0.462006
277 5.72345
76 -1.39089
191 0.0678558
86 -1.29322
330 5.8844
241 -0.0292053
112 -0.341118
115 -0.301498
117 -0.794991
179 0.286743
116 -0.968689
148 -0.341766
78 -1.56575
214 0.829224
357 21.1747
356 21.6571
237 2.10345
181 0.790939
49 -3.84444
322 15.1554
355 21.538
73 -1.58989
178 -0.241272
190 0.436218
195 0.440979
217 1.20111
197 0.806046
218 1.18672
190 0.100479
364 31.8191
28 -3.11257
112 -2.9129
224 1.92276
76 -1.69738
91 -3.04491
199 0.343094
139 -1.53223
132 -0.784302
56 -3.31908
69 -3.16473
125 -1.89356
35 -6.34377
13 -4.07787
198 0.643967
147 -0.750946
92 -0.679047
76 -4.18632
195 0.501663
115 -0.254509
195 -0.370087
179 0.5009
99 -0.827995
189 0.259583
232 5.60103
63 -2.12277
97 -0.688538
226 0.116089
79 -1.23328
139 -0.321671
183 -0.0826569
110 -0.74823
335 14.8118
127 -0.929558
56 -1.80751
191 0.0679474
103 -1.4334
97 -1.90203
92 -3.02081
70 -2.77866
78 -2.95332
188 0.072876
201 -6.0199
220 1.26329
319 12.2197
334 2.53366
6 -7.93316
212 1.08328
220 1.26247
107 -0.331673
143 -1.38802
178 0.0115662
261 4.23532
249 7.50351
366 1.45117
74 -2.68506
97 -1.05897
41 -2.26308
233 1.87823
126 -0.895164
333 6.06497
82 -1.74147
329 6.75388
110 -1.28514
234 0.42337
131 -0.340729
205 0.421967
344 4.12021
185 0.321854
118 -0.786888
91 -1.27464
142 -0.94043
177 0.544327
163 0.0235596
42 -1.51009
178 -0.0218048
68 -4.02694
180 -0.239548
118 -0.801857
356 8.71777
135 -0.631531
84 -0.0394745
148 -0.000640869
281 5.87778
79 -1.23895
164 -0.197006
289 7.76215
83 -1.17072
262 4.24933
255 2.99802
130 -0.475616
187 -0.107651
117 -2.6962
104 -1.39935
217 0.739868
147 -0.426178
310 10.6115
194 0.366135
127 -0.28019
95 -0.45752
354 1.67862
69 -5.51209
108 -2.13061
110 -1.28481
356 21.9399
136 -1.82422
124 -1.04316
281 5.81879
171 -0.036499
203 0.751648
200 0.55809
44 -5.19104
129 -0.592743
57 -1.8833
372 6.4122
138 -0.532593
318 11.7936
226 0.13121
90 -1.73502
100 -3.76235
161 0.0072937
258 9.8353
163 0.168747
94 -3.717
113 -0.879333
39 -1.7635
124 -0.935234
163 0.167984
364 5.91556
56 -1.69592
101 -2.94598
151 0.0657654
132 -0.58194
264 3.29141
194 -0.489944
277 9.83704
61 -4.06927
5 -11.3116
215 0.928009
189 0.410431
186 0.352707
94 -3.70882
83 -2.41776
99 -1.86319
42 -6.41553
95 -4.0126
144 -0.0762024
217 1.20068
189 0.410767
247 7.12724
82 -1.82425
99 -0.941376
165 -0.0952606
135 -0.21698
142 -0.778336
78 -2.41534
86 -3.29601
192 0.655533
339 17.9084
171 0.0473785
85 -1.48913
132 -0.784286
112 -1.14581
105 -1.40792
199 0.962875
92 -2.45828
214 0.828903
95 -0.457237
126 -0.886147
93 -4.06328
122 -0.270401
158 -0.371017
97 -1.90134
126 -0.12339
39 -3.22247
373 26.2437
289 7.76221
56 -3.02637
145 -0.122437
51 -6.11552
154 -0.320984
118 -2.54669
83 -1.17079
186 0.450073
20 -0.0576229
91 -1.27764
88 -4.03732
124 -0.576332
61 -1.57783
73 -2.54712
132 -0.784027
108 -2.13328
240 2.33736
139 -0.417648
251 0.602875
251 3.55159
67 -3.36441
182 0.214218
218 1.09163
73 -1.52722
258 6.12979
360 2.30933
48 -2.86561
118 -0.477104
249 -0.206696
145 -0.477951
258 9.83612
123 -0.240746
227 0.33519
43 -1.71801
205 -0.233185
92 -2.7289
83 -1.17138
269 9.01184
191 0.236801
254 2.81261
82 -4.39052
90 -1.73197
201 0.395676
48 -2.86308
63 -4.76006
21 -7.70867
174 0.31749
216 1.57483
213 0.953766
90 -1.73418
337 5.94122
169 0.18222
343 1.65015
148 -0.00117493
365 2.16858
125 -0.860695
280 6.31125
133 -0.658142
65 -2.89463
88 -2.13335
304 9.8179
136 -1.37259
162 -0.186783
250 3.31268
244 2.70178
88 -2.13325
136 -1.57666
82 -1.68708
90 -0.899353
173 0.2845
193 0.648468
91 -1.27425
134 -1.61955
248 7.36871
110 -0.748314
290 7.65726
50 -1.96752
101 -3.58715
45 -5.06882
348 19.7683
190 0.15004
127 -0.329651
181 0.210419
126 -0.626373
256 3.71295
78 -1.22821
110 -1.28535
79 -1.23465
205 -0.215347
143 -0.7742
7 -3.90139
354 1.67923
363 22.0331
46 -5.14429
248 7.36963
83 -2.18335
255 3.37015
69 -2.01517
111 -2.37025
249 7.50427
99 -3.75748
132 -0.797211
113 -0.577377
234 2.20482
82 -4.38991
241 10.0217
259 9.13446
373 26.2388
76 -1.68586
138 -0.668182
344 4.12457
331 17.36
127 -1.1439
180 0.286606
116 -2.35612
167 0.0912781
126 -0.824013
168 -0.0322266
110 -0.749397
183 -0.0822144
58 -5.78026
81 -2.89572
234 2.2048
78 -4.42754
221 5.15691
90 -1.25082
217 0.746185
347 20.2192
92 -2.72685
344 6.39145
195 0.503174
301 9.46957
139 -0.320938
331 17.3596
215 1.17863
207 1.85503
128 -0.38002
52 -1.71454
335 14.6155
199 0.962997
35 -1.78432
131 -1.0925
192 0.615921
248 7.37546
263 9.79889
99 -0.678619
159 -0.0549469
82 -0.101151
75 -3.83113
131 -1.99411
257 3.40955
143 -0.775162
224 4.73764
163 -0.221939
202 2.28085
135 -1.37714
276 5.66998
193 0.582825
115 -1.69687
21 -4.56371
111 -0.756744
58 -5.76676
347 2.93286
115 -0.254402
95 -0.458595
17 -5.94707
241 3.99734
330 6.8428
214 0.829086
182 0.00759888
228 1.88399
162 -0.383606
304 12.2585
241 -0.0271301
76 -1.74744
161 -0.0472565
148 -0.464066
118 -3.16636
145 -0.478088
128 -0.380112
121 -0.969589
118 -0.802132
244 2.72765
276 9.98532
65 -4.00134
145 -0.692078
103 -1.45634
269 5.02954
139 -0.321045
84 -0.0397263
97 -1.90111
95 -1.35233
132 -2.18271
70 -1.43593
242 2.62379
186 -1.2168
87 -3.13902
84 -1.24742
132 -1.94952
168 -0.240936
62 -3.82438
247 7.13322
248 7.36917
54 -2.46315
224 1.51353
221 1.06783
216 0.688171
278 11.1613
40 -2.33534
152 -0.667511
171 -0.00846863
154 -0.015976
13 -0.784621
145 -0.477386
165 -0.136383
212 0.649933
52 -8.12672
85 -1.75565
249 7.50879
67 -1.74971
179 0.57225
176 0.910767
153 -0.300171
62 -1.4912
94 -3.7087
103 -2.73334
54 -3.63108
95 -0.514999
90 -1.735
157 -0.00595093
110 -0.736732
207 0.0452576
197 0.134964
234 2.20477
174 -0.272583
359 18.2064
363 33.6123
366 30.1509
61 -1.6868
93 -0.78299
213 1.23148
41 -2.2615
116 -0.239311
62 -1.49144
145 -1.18098
54 -3.63129
356 21.6505
81 -3.58523
149 -0.893875
144 -0.842606
101 -2.94681
373 26.2461
232 7.14912
81 -2.86469
97 -1.90143
139 -0.321045
342 5.42798
165 -0.14151
366 20.7623
110 -0.734512
147 -0.471527
99 -3.76736
232 7.15111
344 1.09521
249 7.50398
149 -0.0750427
35 -2.32884
36 -6.96
85 -1.48974
248 7.37108
165 -0.00228882
135 -0.646133
303 12.4709
211 1.14297
61 -4.06917
217 1.19928
144 -1.31563
157 -0.183945
147 -0.105988
191 0.0679626
91 -3.00978
248 7.36954
81 -1.41024
131 -1.37613
64 -1.92685
88 -2.13306
108 -2.13065
318 11.8926
280 7.88986
145 -0.333832
167 0.217697
300 9.04913
116 -0.968269
367 22.0392
69 -1.19955
165 -0.15242
239 2.2959
36 -6.8906
103 -3.43272
53 -1.38132
59 -1.3788
213 1.175
219 0.251953
217 0.745972
104 -2.3228
13 -4.07822
121 -1.12106
197 0.781799
278 10.2611
350 7.94183
104 -6.8617
90 -3.91914
353 1.4133
252 3.46404
189 0.375717
15 -8.31698
198 -0.151505
118 -1.54774
91 -3.04443
61 -1.52874
177 0.301605
318 11.7937
28 -3.11365
83 -1.17094
29 -5.5239
163 0.167664
137 -0.227875
72 -1.59943
316 14.3847
105 -2.0444
135 -1.42844
130 -0.68782
187 -0.107758
118 -2.54649
85 -1.48896
101 -2.92845
363 21.884
166 -0.253662
18 -8.23662
344 6.39465
35 -6.34542
118 -0.801895
13 -4.07788
307 10.0463
203 1.14519
102 -1.5976
228 1.36322
363 33.8115
213 0.95401
223 1.11008
316 14.3848
35 -6.35875
157 -0.302917
302 9.8306
278 10.2618
177 -0.0962982
342 14.8132
244 2.72766
120 -1.52802
100 -1.65275
165 -0.152115
246 2.66351
157 0.00669861
360 15.9075
156 -0.513214
151 -0.560333
362 22.7904
345 19.3772
81 -1.60177
119 -2.0542
193 0.214432
130 -0.665466
70 -1.34848
194 0.336044
222 -0.32016
80 -2.3345
91 -3.04372
82 -4.39068
155 -0.476257
53 -1.37955
372 6.41589
128 -0.377159
154 -0.639465
97 -3.89773
331 17.357
139 -0.321243
356 29.1743
214 3.74759
64 -4.27916
140 -1.757
87 -1.77583
90 -1.73112
66 -1.87525
96 -3.28724
84 -2.78319
78 -1.68013
20 -8.07929
318 11.7937
94 -3.71694
203 0.281601
136 -0.405869
126 -0.544983
186 2.77231
321 14.5528
182 0.289612
42 -1.13563
87 -3.54163
332 6.54062
76 -1.74383
139 -1.53168
220 1.26329
74 -1.97501
137 -0.228317
364 20.6511
247 3.14569
187 0.0690308
118 -1.80021
194 0.334518
139 -1.5321
331 17.3594
87 -3.13914
184 0.982117
27 -5.65348
132 -0.784363
249 7.50923
8 -6.57462
362 22.7463
354 20.8429
34 -2.63402
277 6.19675
190 0.203842
47 -1.65979
368 -2.37802
328 16.9195
198 0.398895
29 -6.79363
352 17.4569
93 -1.42827
73 -4.07433
51 -1.46484
354 -2.55908
180 0.286972
80 -1.34187
226 0.129654
241 -0.0332794
264 4.74783
78 -1.59417
248 6.6228
92 -1.68022
339 17.9082
176 0.0532684
244 2.72745
82 -1.2373
85 -1.48895
328 16.9264
173 0.00753784
258 9.83588
327 13.5599
157 -0.491119
86 -2.84423
155 -0.13118
80 -1.83304
58 -5.76678
88 -3.20255
114 -0.824379
217 0.745361
217 4.58545
177 0.0907593
98 -3.51846
202 2.28087
97 -1.90082
213 0.956863
80 -1.02435
186 3.26271
191 0.353668
333 5.02887
127 -1.82334
188 1.40796
125 -0.953499
346 20.0774
181 -0.12709
56 -1.80771
154 -0.321686
15 -2.50833
144 -0.848068
58 -5.76805
43 -6.46918
212 0.708084
89 -2.29347
94 -3.70746
211 1.10703
118 -1.05067
112 -1.28909
57 -3.70257
122 -0.80323
278 5.14807
186 2.89224
28 -6.38306
224 0.660583
163 0.168137
254 3.62326
115 -2.78417
216 3.33176
257 3.14493
110 -0.748695
234 2.20485
5 -11.3107
366 1.45651
15 -7.13788
62 -5.37438
99 -1.65019
141 -0.766113
143 -0.460739
203 0.632675
78 -4.14095
137 -0.227737
6 -7.77545
246 2.66728
107 -1.03606
318 11.7937
20 -8.07917
101 -3.58737
20 -8.07914
343 19.9514
18 -3.98077
82 -0.107895
148 0.00466919
236 2.38719
343 18.6786
75 -1.73686
177 -0.295486
58 -5.77958
18 -3.97989
161 0.302597
142 -0.584595
93 -0.0543213
133 -0.593018
17 -5.9463
194 1.69519
88 -2.1349
318 11.8927
184 0.965515
72 -2.03252
55 -3.77967
363 33.6125
91 -1.23004
242 2.48167
19 -3.26383
112 -0.720619
192 0.184326
227 1.88347
134 -1.79785
284 13.7431
229 4.30316
259 4.31989
118 -1.80155
175 0.244751
229 1.83841
239 2.18199
354 19.7459
117 -0.768707
248 7.36926
229 4.29124
109 -2.10078
76 -1.73997
163 -0.222076
344 6.39978
118 -1.80166
177 0.114212
208 1.8788
57 -1.88067
359 -0.336212
59 -2.89951
358 -0.307922
293 7.8176
177 -0.293243
62 -1.55724
269 10.3461
118 -1.80176
152 -0.362427
68 -1.61465
155 -0.0624847
153 -0.300323
204 3.16022
357 0.104034
25 -7.97095
208 2.14233
133 -1.04866
102 -1.59653
176 -0.231293
360 7.6235
229 1.98068
337 4.74811
190 0.20433
318 14.8806
247 6.29889
192 0.457947
99 -3.34364
261 4.58386
104 -2.73288
103 -1.81839
258 3.80133
231 1.83249
128 -0.380554
124 -1.29035
73 -1.80952
365 92.5695
227 0.128052
141 -0.431854
230 0.62915
236 2.17346
241 2.42368
48 -2.86308
118 -0.830154
373 3.44388
369 -3.03769
38 -2.37176
104 -2.72998
107 -2.55634
138 -0.710785
347 17.2625
85 -2.14601
115 -0.935776
176 1.03156
137 -0.227982
110 -1.27974
363 21.8825
55 -1.67846
11 -2.5108
35 -1.78647
2 -3.17968
339 16.3999
227 0.128723
142 -0.597717
143 -0.17543
85 -0.366867
186 3.87425
164 0.407318
239 2.11716
71 -1.36098
177 0.204041
56 -4.21218
76 -5.17007
360 7.62448
296 16.8361
110 -1.28048
132 -0.784241
72 -1.75537
98 -3.05579
206 1.22066
148 0.004776
191 0.0679321
252 3.50172
175 -0.0113678
127 -0.816261
344 4.1174
20 -8.07904
355 19.0932
47 -6.10422
353 18.4782
93 -1.29128
97 -1.90421
48 -5.99787
29 -6.79385
321 2.71887
85 -1.48973
71 -4.94704
331 16.5898
115 -0.983963
111 -1.66998
166 0.0642853
147 -0.514069
146 -0.555481
148 0.00482178
157 0.295181
164 -0.217865
116 -1.26756
51 -6.11628
118 -1.06718
222 -1.15329
183 -1.65469
97 -1.05898
347 14.099
198 -0.15152
97 -1.90395
36 -6.96061
124 -0.326569
304 9.81665
144 -0.532471
96 -1.49923
266 4.72961
289 7.47629
184 4.0072
194 0.713852
132 -0.784271
138 -0.379547
108 -2.50506
163 -0.22197
345 17.6868
55 -0.880898
122 -0.803207
69 -1.54527
157 -0.586899
146 -1.16045
152 -0.130692
105 -3.38132
72 -0.586174
48 -2.86315
331 17.3599
319 14.4821
211 1.1069
224 0.104156
273 9.75092
54 -2.01959
195 0.183762
43 -6.09291
141 -0.605026
165 -0.152527
66 -3.94532
110 -1.2808
26 -7.04812
134 -1.8054
95 -1.23094
139 -1.67886
371 -5.13525
142 -0.499969
343 19.9513
110 -1.28078
51 -6.11604
229 1.36525
95 -1.12811
38 -6.42744
229 1.98073
318 11.7936
192 0.555557
357 27.9935
119 -1.14761
127 -0.624405
164 -0.202194
315 13.951
90 -1.73544
360 15.9081
187 0.407211
150 -0.473083
213 3.8858
88 -2.13338
135 -0.35997
50 -5.12709
184 -0.033844
304 12.2583
78 -2.56742
122 -0.803207
132 -0.648468
177 0.549149
132 -0.784058
95 -0.458435
102 -2.58377
277 5.09747
107 -1.03416
41 -2.60412
129 -1.1312
353 20.767
154 -0.069458
219 1.65833
51 -2.42228
84 -4.39123
137 -0.219879
153 -0.211349
43 -1.72161
254 0.964981
229 1.91727
105 -1.06217
101 -1.42979
96 -3.95124
112 -2.93737
217 1.19954
141 -1.15213
351 21.0769
344 4.11966
133 -0.645584
214 0.828735
85 -0.895477
128 -0.348015
262 4.23959
213 0.601868
148 -0.00221252
356 20.0055
252 3.46964
118 -1.80016
291 8.35358
119 -2.63279
20 -8.07938
202 0.791122
336 18.4316
124 -0.532654
143 -0.778717
234 2.2048
156 0.204468
301 9.43152
187 0.147171
351 20.6088
166 -0.253708
80 -1.81825
283 6.56967
84 -2.78409
46 -6.33906
234 2.20476
163 0.167618
124 -1.05044
364 20.6348
70 -1.47799
366 20.7615
141 -1.14211
133 -0.778748
216 0.686432
219 1.65959
15 -8.27667
249 7.50885
225 0.115616
65 -4.00094
13 -0.784629
97 -1.05859
97 -3.86839
78 -1.17903
9 -5.01979
153 -0.2995
353 -0.901978
87 -1.21797
110 -0.737396
224 -0.0309296
276 9.98334
98 -3.05465
78 -1.56947
127 -1.54107
146 -0.897812
241 -0.03302
137 -0.511368
219 1.65759
82 -1.1999
83 -1.17088
272 9.23337
201 0.932755
171 -0.00892639
5 -6.63266
142 -1.2253
132 -1.45966
51 -4.61934
43 -2.92533
132 -1.50748
314 12.0081
350 18.2814
187 -0.107712
74 -2.7017
50 -3.79092
15 -8.27277
358 20.574
99 -2.53143
234 1.67801
175 0.258865
28 -1.91942
78 -2.41721
91 -3.04263
133 -0.705994
51 -6.1161
139 -1.44862
6 -8.10996
331 14.9837
152 -0.326584
290 6.86246
100 -1.77782
353 18.4785
98 -3.84348
56 -3.22357
275 5.31674
75 -2.83581
45 -1.66002
226 0.133911
131 -0.809601
158 0.0509491
136 -0.376144
217 1.1996
232 7.40723
73 -2.01278
179 0.298279
194 0.0385284
90 -1.73312
254 2.81256
224 1.92288
154 -0.197891
141 -0.600021
110 -0.745453
103 -1.28304
197 0.213379
214 0.828873
93 -3.85252
157 -0.260574
187 -0.51297
138 -1.35791
118 -2.60906
322 5.33408
77 -1.71436
8 -7.79419
67 -5.34843
297 8.36765
140 -1.22475
148 -0.463821
244 7.40321
218 1.23532
147 -0.493042
206 3.28914
35 -5.08181
110 -1.71121
80 -1.72724
163 0.383179
97 -3.90482
5 -11.3098
139 -1.53186
134 -1.79797
354 1.67874
90 -1.73183
148 0.00361633
55 -1.65965
166 -0.0752411
76 -2.57304
323 5.30887
46 -1.64407
122 -0.803223
107 -1.34063
157 -0.588364
106 -0.289825
350 19.8874
108 -2.13407
204 2.41663
126 -0.436699
70 -2.69069
149 -0.236847
88 2.10565
115 -1.24214
341 16.6267
73 -1.34052
280 7.29071
345 1.77362
18 -5.88427
64 -3.24626
168 0.109283
356 8.73553
120 -0.984642
152 -0.254471
373 20.5973
293 3.88901
39 -6.67911
169 -0.227097
115 -1.18687
54 -3.63176
261 4.23526
67 -3.39467
124 -1.29051
307 10.0432
312 10.0287
323 12.5936
243 2.68166
293 7.87881
24 -6.52247
118 -1.80152
353 20.7006
349 -4.58734
79 -3.74199
129 -1.46413
355 19.0796
110 -0.72319
78 -1.70984
118 -0.802933
13 -0.784106
341 18.436
78 -1.70882
184 4.00687
100 -1.03678
136 -0.566162
37 -6.56843
363 1.80029
88 -2.26688
112 -1.66206
346 17.6749
101 -1.36574
205 0.762497
237 5.62071
271 9.33841
119 -0.424622
138 -0.523285
289 7.13705
124 -0.326675
211 1.14287
53 -5.94211
97 -1.90109
2 -7.66667
219 1.6599
98 -1.45654
83 -2.58041
49 -6.25784
20 -8.07943
105 -2.78825
136 -0.404266
75 -0.51519
198 -0.152069
131 -0.562653
366 1.44708
32 -2.55515
69 -5.51255
132 -0.784225
89 -2.49928
99 -1.22526
344 4.13495
79 -4.49564
236 2.11974
319 11.4059
18 -3.97986
148 -0.46347
262 4.24979
258 9.83636
258 6.19156
176 -0.271286
154 -0.0545044
192 0.457901
68 -3.61215
123 -1.21898
95 -0.121407
58 -5.87843
191 0.0679626
50 -1.68858
61 -4.06881
57 -1.88309
278 10.974
182 0.341049
59 -1.7013
118 -0.803352
129 0.149933
127 -0.349556
130 -1.49704
48 -3.30286
70 -1.6923
150 -0.59906
185 0.373566
68 -0.808464
189 0.00984192
18 -3.97934
11 -5.10073
249 7.50336
337 5.42621
102 -3.66041
30 -1.87411
223 0.0510559
362 22.7575
169 0.517578
345 5.93863
62 -2.51323
41 -0.975105
80 -1.25166
178 0.109741
350 20.414
78 -2.2943
350 15.7058
109 -3.14506
107 -0.754471
61 -4.06902
363 33.6183
181 -0.0232391
129 -0.655396
241 2.1411
163 0.0227356
61 -0.861839
228 0.13324
366 1.4502
365 2.1662
98 -2.62688
179 0.57196
143 -0.364746
305 13.4035
330 4.77374
115 -0.254303
82 -4.39072
257 4.18948
140 -1.28714
162 0.0941772
85 -1.38766
26 -7.43847
122 -0.803101
14 -2.09781
74 -1.4747
68 -3.63171
90 -0.0253906
100 -2.37775
310 10.6112
176 0.0246582
139 -0.321014
230 1.53879
193 0.00798035
79 -2.34406
258 10.0801
111 -1.44341
118 -1.80061
259 4.2424
334 17.6981
314 5.42197
97 -1.05647
240 2.33968
137 -0.227982
114 -0.629646
163 0.0233765
18 -4.65513
258 9.83524
90 -0.0288315
167 -0.375809
113 -3.17944
99 -1.65703
144 -1.12143
54 -3.63135
109 -1.38547
331 17.3568
250 3.40262
188 0.0682831
26 -1.8387
343 19.9513
43 -6.12681
110 -0.727402
77 -1.7526
249 7.24384
371 18.3886
177 0.288773
45 -1.15703
246 7.68286
122 -0.803314
101 -2.37994
198 -0.867264
158 0.0671997
134 -0.551849
357 2.94861
371 14.666
108 -2.13017
343 19.9513
51 -6.11492
320 5.25571
216 1.81746
84 -2.7839
85 -1.48975
65 -1.84137
134 -0.530029
162 -0.147934
113 -2.15232
77 -1.92429
78 -3.0425
87 -3.13875
233 1.59512
29 -4.53817
371 3.26056
67 -2.00031
365 -2.50516
100 -0.547783
197 -2.22165
140 -1.23747
358 22.3191
96 -1.10556
199 0.963425
16 -4.73382
145 -0.487503
67 -3.2827
41 -0.855865
234 7.45636
282 6.50546
124 -1.29063
105 -1.84373
119 -0.423836
103 -1.54992
103 -0.35006
122 -0.803078
143 -0.149368
322 -3.68057
352 19.6398
107 -3.39864
345 2.76492
371 14.6667
115 -0.254395
13 -5.83119
83 -3.26559
257 4.19046
117 -1.16554
41 -2.26093
94 -3.71689
143 -0.560562
25 -3.11119
110 -0.948166
354 19.1057
202 2.28072
241 -0.0332947
221 1.04855
282 6.46692
350 8.91214
344 6.39966
69 -5.18214
88 -2.13613
92 -2.54797
344 4.12039
103 -0.338219
161 -0.347
101 -1.2346
355 6.95627
61 -4.06925
316 14.3847
57 -2.27531
99 -1.33591
111 -0.772652
50 -1.96717
147 -0.703766
257 6.8541
141 -0.197174
143 -0.717285
70 -2.43304
372 6.41812
94 -2.35329
85 -1.38758
137 -0.227951
219 0.258606
77 -2.7973
97 -1.90207
64 -1.6102
143 -0.363708
78 -2.45096
167 0.312149
85 -0.378815
39 -6.33657
97 -1.27892
354 1.6785
66 -1.927
84 -2.78377
122 -0.803093
296 16.8345
5 -7.92575
132 -0.784241
148 -0.640533
106 -1.82323
107 -0.55378
223 1.70311
146 -0.235199
142 -0.392853
372 24.1029
346 -2.55829
99 -1.08475
345 20.6328
102 -2.4028
75 -1.24941
200 0.507919
115 -1.20016
277 9.40677
0 -0.122188
20 -4.65084
124 -1.0343
275 5.41351
208 1.8792
99 -3.51955
219 0.943329
188 0.0711823
164 -0.0861511
132 -0.784256
161 0.111038
215 0.644913
29 -4.52574
98 -3.73026
34 -4.29906
126 -1.38142
181 0.492462
60 -4.21638
186 0.707565
210 -4.92624
127 -1.65057
83 -1.68589
104 -2.37528
214 1.93253
81 -1.20023
92 -2.72878
15 -3.79487
75 -2.42509
112 -2.90376
67 -3.84249
241 2.54247
225 1.92587
68 -3.64468
105 -3.35504
54 -3.63123
79 -1.28199
339 17.9081
76 -1.74572
113 -2.89425
199 0.410904
369 -3.69809
55 -2.5485
99 -3.75759
131 -0.574615
367 96.0304
228 1.22597
227 1.78804
242 2.75862
230 0.129349
86 -1.29603
194 0.334534
20 -7.97729
101 -1.4455
229 0.128159
5 -6.63777
21 -3.54916
141 -0.0740356
353 18.4789
28 -0.931965
59 -3.06289
137 -0.22789
304 12.2584
332 5.21823
189 0.201416
124 -1.29061
45 -4.16612
101 -1.46364
118 -0.804024
134 -1.61917
357 16.9629
227 1.78955
264 4.41382
268 9.30286
30 -3.47922
118 -1.52028
317 5.18671
13 -0.784811
26 -7.34208
316 12.0712
28 -3.11379
372 100.584
242 2.42871
110 -0.550827
117 -1.71076
253 0.62178
208 0.622131
357 2.19336
245 2.59306
105 -1.08686
139 -1.53207
269 5.02945
69 -5.51212
20 -8.0793
69 -2.24667
122 -0.803162
301 9.65939
269 4.84222
189 0.41037
245 8.37193
29 -5.51855
63 -1.70575
315 11.8267
40 -0.967804
80 -1.8184
184 0.983521
188 0.0830841
212 0.634247
250 3.39478
280 6.39828
110 -0.748596
143 -0.365265
129 -1.46622
36 -6.96025
257 4.19452
139 -0.321365
51 -5.90038
194 0.336044
4 -5.83268
364 15.347
35 -2.32901
210 0.496231
135 -0.574738
76 -1.68829
77 -1.69125
137 -0.227982
194 0.142044
322 15.1554
94 -3.71673
179 0.571426
140 -1.26134
345 18.4365
229 0.123901
106 -1.41086
266 0.40976
184 0.45723
16 -8.32727
355 -1.02286
59 -1.43093
91 -3.0447
133 -1.698
148 -7.62939e-05
102 -1.49597
133 -1.44093
127 -0.343323
103 -1.40294
266 4.79556
203 2.41055
278 5.46359
129 -1.33633
160 0.103317
91 -1.22266
41 -7.65429
204 2.81258
146 -0.10347
180 0.111847
58 -5.77874
138 -1.19675
316 11.2863
51 -6.11598
71 -3.8734
108 -1.41915
121 -0.470375
102 -0.141518
51 -6.11554
244 7.40274
350 19.8342
115 -0.254501
267 4.99414
122 -0.803276
54 -1.37067
137 -1.28816
199 0.241089
68 -3.66443
24 -7.9374
87 -1.43634
153 -0.0737915
365 2.15204
92 -2.72185
244 7.29164
196 0.246735
48 -2.86319
318 11.8927
183 0.585587
169 -0.0883942
68 -3.63675
339 17.9081
145 -0.487701
107 -1.03648
245 2.33961
201 0.645126
318 11.8926
363 33.6155
363 21.8914
366 20.7619
37 -6.66472
312 5.55466
37 -6.58369
234 2.20451
145 -0.47789
364 -0.215271
136 -0.406555
139 -1.53232
132 -0.78421
351 20.3949
80 -1.21465
266 4.22351
288 7.23038
107 -0.551651
159 0.356201
93 -1.00084
102 -2.10784
166 -0.254074
144 -0.298462
258 4.11523
123 -0.799156
101 -1.69222
46 -4.20615
217 2.21307
191 0.314285
348 19.7457
219 1.74669
140 -1.29062
104 -2.28745
94 -3.70898
236 2.38599
192 0.65538
335 15.0187
90 -1.13273
334 1.46841
302 9.8287
367 96.0956
8 -4.99337
248 7.12825
108 -2.12984
124 -1.04739
90 -1.73265
34 -4.29917
211 45.1428
124 -1.29051
113 -2.28439
320 5.75452
129 -0.438721
127 -0.555084
194 0.798981
101 -3.60008
149 -0.0751495
340 18.1248
342 14.8185
18 -3.97988
92 -2.72314
224 1.92288
157 -0.410446
124 -0.387573
36 -6.9554
72 -3.1342
19 -7.88106
359 98.2996
281 8.09793
370 90.5123
150 -0.899094
277 5.9942
137 -0.227875
370 -11.4493
79 -1.87607
237 5.92314
103 -2.73347
246 2.65866
110 -1.27317
94 -3.7168
217 0.921768
154 -0.0336761
303 9.96136
162 -0.0223846
124 -1.02869
172 -0.0548553
364 20.6323
61 -2.28854
258 9.83609
200 0.159637
37 -0.949917
21 -4.57322
55 -4.42062
226 1.31319
41 -0.945999
277 8.17007
118 -1.80083
102 -2.66158
6 -8.09961
222 0.834946
349 19.776
310 11.0986
134 -0.681946
103 -2.89031
355 102.939
118 -1.80145
9 -2.32292
136 -0.406433
142 -0.20311
81 -0.940781
163 -0.221802
137 -0.127808
204 0.731354
96 -1.09958
156 -0.226257
124 -1.00469
65 -4.03482
242 2.42648
208 16.1019
220 0.741806
248 7.1235
239 6.96437
339 17.9081
25 -7.80854
214 0.828506
245 7.23375
283 7.08627
250 9.80499
103 -2.68977
115 -0.305885
59 -4.10442
73 -4.14864
55 -1.68198
132 -0.784195
142 -0.940369
75 -1.87526
283 7.08655
278 5.27084
132 -0.320755
115 -0.305916
68 -3.58121
102 -1.59776
132 -1.47734
74 -4.03622
317 12.6212
98 -0.133461
64 -2.46028
96 -1.9724
373 26.2485
242 7.0383
370 26.415
358 111.904
80 -2.51991
307 10.5409
141 -1.22017
49 -3.74578
116 -2.85876
236 2.16803
368 92.3656
117 -2.75141
230 1.29387
74 -4.70477
228 5.27243
99 -1.84475
91 -3.03855
216 1.32793
360 15.9095
10 -2.29556
121 -2.47199
7 -2.30354
160 -0.175491
129 -1.46368
136 -0.476776
265 4.33017
100 -1.44738
347 14.1056
318 11.8926
59 -2.97091
139 -0.321732
360 15.9107
192 0.457825
90 -1.20911
127 -0.663551
80 -1.61466
139 -1.53165
180 0.00195312
310 10.6096
96 -3.93541
79 -3.69715
286 -0.858093
316 14.3847
149 -0.213745
161 -0.154129
247 7.11241
124 -1.29047
125 -1.89585
95 -1.00507
269 9.01181
179 -0.290527
105 -0.92704
232 1.636
95 -0.458549
29 -6.79212
110 -1.28535
35 -2.32937
73 -2.9509
349 17.5946
335 5.59222
48 -1.19719
147 -0.6689
216 3.33112
88 -2.10661
78 -2.41766
36 -6.96468
291 8.35352
84 -2.78405
107 -0.998734
217 0.740021
352 21.2455
258 9.83621
94 -0.581718
101 -2.41745
3 -5.0808
229 4.29683
256 4.21985
78 -3.57514
289 7.76172
18 -3.97989
81 -2.89707
104 -0.508209
239 2.1817
304 9.81784
84 -2.78306
132 -1.53998
83 -1.17139
125 -0.447327
59 -1.25402
95 -1.0825
179 0.570877
117 -1.09635
106 -1.30789
88 -1.25442
88 2.10686
364 20.6375
346 17.6748
97 -3.86572
281 6.50089
91 -1.24353
121 -1.0069
255 7.19827
254 3.85754
233 1.595
8 -14.7578
90 -0.0289536
181 0.173859
84 -1.79874
99 -3.78753
65 -8.91693
90 -1.70014
72 -0.586205
108 -0.390823
51 -6.11642
266 0.40976
363 21.884
78 -2.7866
106 -2.67422
354 -2.55972
20 -8.03664
99 -1.51046
161 -0.337891
48 -1.57192
132 -1.6427
220 0.741394
175 0.318069
363 21.8898
205 0.479752
146 -0.674332
322 -3.68875
79 -3.69434
166 -0.0753479
94 -3.71425
164 -0.0755768
92 -1.28859
311 11.0818
97 -1.05907
369 88.3661
217 0.801392
97 -1.06609
273 9.29095
88 2.11005
133 -0.847488
69 -4.30444
335 1.33636
102 -1.59753
50 -6.31524
73 -1.5526
254 3.74359
360 7.6199
86 -1.46109
38 -2.29098
257 7.56171
356 21.3963
249 3.33229
71 -1.62574
142 -0.262405
370 0.450806
113 -1.4358
143 -0.3647
82 -2.40697
148 0.0035553
72 -1.64662
149 0.0148621
120 -1.08682
56 -1.80741
18 -3.98161
314 10.262
37 -6.59285
132 -0.784241
118 -1.80145
17 -5.94712
85 -0.369965
309 13.4729
261 3.65964
370 20.4225
91 -1.27512
136 -1.2616
117 -2.22636
259 4.41205
203 1.64967
69 -2.2865
108 -0.469635
199 0.249191
224 0.129074
156 -0.944092
84 -2.78352
59 -1.83154
101 -3.58714
29 -6.71757
119 -1.83298
190 0.175613
341 18.9061
88 2.22379
243 7.18387
124 -0.283142
19 -2.77371
152 -0.900391
94 -3.71667
350 8.82303
90 -0.743156
222 17.0467
62 -1.55896
28 -0.928619
67 -1.74771
119 -2.66713
34 -4.2996
101 -0.0869827
367 20.3114
289 8.45697
124 -0.326843
340 18.1247
264 4.84061
88 -2.10651
134 -0.681412
25 -2.18101
249 3.72346
337 2.07697
363 21.882
13 -4.07787
330 5.85193
271 5.30466
104 -0.103737
57 -1.24701
129 -1.46677
277 6.00198
223 -0.0510559
145 -0.306351
34 -4.29952
108 -0.467659
364 5.91873
13 -4.86495
184 0.965744
329 5.37625
189 -1.8219
91 -3.04282
91 -3.00253
16 -2.54144
340 3.00885
137 -0.227798
307 10.0463
339 17.9083
357 19.8792
18 -3.98185
105 -0.884125
128 -0.377731
249 3.45073
141 -0.645493
61 -4.06883
181 0.493866
366 20.7411
94 -3.71686
92 -2.03606
111 -3.07064
257 8.41632
114 -1.52486
105 -2.57928
64 -1.63896
131 -1.37157
127 -0.350777
20 -4.71883
100 -1.04649
347 17.2668
90 -1.73527
95 -0.457489
143 -0.369308
360 25.2088
307 10.0498
209 0.918655
102 -2.5843
219 4.61986
78 -4.46811
207 1.80943
144 -0.803757
95 -0.458588
69 -1.74751
75 -2.33943
214 4.22696
93 -2.04568
149 0.0435181
218 4.64615
18 -3.98115
79 -3.69647
139 -1.532
64 -3.357
263 4.76788
371 14.6667
213 1.42299
145 -1.16759
129 -0.189148
91 -1.43365
209 -5.82037
99 -0.898445
54 -3.63128
325 13.8492
369 -1.29996
61 -4.35241
59 -2.82636
230 1.38692
370 91.3908
139 -1.53236
87 -4.06496
270 4.98187
111 -0.665695
286 6.78439
281 7.09741
352 -4.50006
122 -2.4762
224 4.73776
110 -1.37796
104 -1.33047
363 21.8838
84 -2.7833
236 7.79752
190 0.227707
97 -1.98188
65 -1.48143
278 4.80591
112 -1.50478
366 20.7611
152 -0.197464
13 -0.784462
168 -0.120087
6 -8.09753
71 -1.61193
354 -2.31833
248 3.25954
136 -0.407196
373 95.9302
302 9.77869
116 -0.556183
56 -5.81867
88 -1.43528
163 0.16861
266 0.410461
241 2.63625
90 -1.73529
70 -3.8846
102 -2.58423
88 2.21896
92 -1.41573
224 4.73761
104 -1.67496
349 9.89413
344 6.41837
149 -0.075058
188 0.467819
96 -1.10995
90 -0.0288162
118 -0.803856
140 -0.564423
85 -2.47343
107 -0.770561
246 2.66853
357 17.9743
22 -3.11443
94 -2.01079
96 -1.0693
369 87.6081
119 -1.58936
56 -4.53767
163 0.0228882
104 -2.73315
91 -0.397667
372 15.3041
90 -0.0289536
245 6.83318
88 -1.11679
347 14.0988
352 9.38925
278 5.53143
117 -1.15505
305 11.6501
69 -2.0274
321 12.8986
9 -4.66556
254 4.1983
143 -0.77182
68 -4.55095
261 4.23544
366 23.8658
371 -6.2832
105 -2.34145
258 3.66754
119 -0.425781
163 0.168106
115 -0.985786
142 -0.921631
353 20.3718
232 8.01797
5 -5.67042
192 0.457993
342 -11.506
20 -8.07961
351 19.7244
139 -0.238602
141 -0.100006
84 -2.78419
276 9.98441
371 -5.89517
261 4.23532
96 -1.16576
129 -0.818481
353 17.2198
145 -0.488983
100 -1.42222
131 -2.10825
23 -4.24152
335 18.157
233 1.59766
83 -2.36552
363 32.7652
249 7.22192
272 -0.752136
73 -1.43817
290 6.86099
71 -0.91394
2 -8.34723
344 6.41296
184 0.98349
79 -1.75658
128 -0.194145
112 -2.90279
324 16.6807
323 12.6273
264 4.84079
124 -1.29055
91 -3.04359
94 -3.71763
72 -0.586334
302 9.55817
175 0.236206
57 -4.48049
35 -2.32733
157 -0.12764
216 1.65855
135 -2.00473
99 -1.09193
323 12.6029
197 0.245239
62 -1.55508
106 -3.34431
216 3.33148
232 2.21631
167 0.613174
247 7.12576
331 5.41953
306 9.62161
304 9.81668
308 13.5436
110 -1.56678
116 -1.62074
46 -7.589
274 7.38199
245 2.74063
112 -1.71064
88 -2.10425
17 -5.94662
354 -2.32544
266 0.412231
164 -0.632187
102 -3.62923
325 12.8326
358 98.6629
266 0.410706
252 3.51514
340 0.733093
245 2.33533
78 -2.41519
139 -0.405106
163 0.167007
101 -1.82668
133 -0.368011
275 5.3212
156 -0.311676
69 -2.81363
33 -1.6995
257 4.0343
219 1.8297
304 12.2586
149 -0.116119
105 -0.987244
358 22.3325
264 4.84082
139 -1.32809
272 5.08704
79 -3.6972
48 -2.86313
25 -4.67345
135 -1.70929
183 -0.44696
284 8.0076
38 -6.2823
370 26.4962
357 27.9744
353 17.4473
74 -1.35651
65 -3.81788
57 -1.88311
293 7.87619
288 8.2341
221 2.76106
135 -0.260864
364 5.92502
343 19.9512
373 5.42535
341 3.75006
366 12.945
122 -0.798813
217 1.20061
113 -0.320786
103 -1.82383
123 -0.240585
128 -0.377892
229 1.83795
195 0.50174
199 0.242355
238 6.43185
275 9.60324
140 -0.593918
7 -6.52325
86 -1.36758
324 14.333
210 3.04037
101 -1.07578
139 -0.658112
120 -1.01115
84 -1.99832
108 -0.981018
99 -1.45314
15 -2.11149
289 7.76172
232 8.04865
127 -0.328453
140 -1.49471
362 23.1473
92 -0.478439
362 102.628
347 16.9949
353 18.4783
152 0.13504
129 -1.46373
52 -1.91331
370 26.4867
78 -2.47067
255 3.5318
80 -1.87773
54 -1.68288
224 4.73781
54 -3.63153
57 -4.24664
78 -2.56136
137 -0.227905
46 -4.01907
16 -5.6886
241 -0.0332031
197 0.831406
366 5.47052
291 8.35345
14 -3.36049
363 21.8841
330 5.42801
189 0.0101929
97 -1.90399
352 19.5901
36 -6.96214
115 -0.254608
254 3.66052
284 13.7429
18 -6.13855
129 -0.698242
103 -1.2869
96 -3.42336
153 -0.341049
148 -0.518784
109 -2.12103
248 3.30385
124 -1.02924
191 0.324738
129 -1.46507
175 -0.274216
133 -0.9151
166 -0.254333
72 -0.586586
104 -2.2897
123 -1.42168
156 -0.599045
184 4.00644
199 0.963135
85 -0.36364
142 -1.1353
354 -2.47009
183 0.509247
88 -3.26706
78 -3.81326
202 2.28105
355 20.5304
17 -9.30386
239 2.18141
79 -3.69707
337 4.74951
85 -2.35503
211 3.83517
8 -6.63589
90 -0.321754
53 -1.61401
139 -1.53242
356 20.1607
307 11.3465
76 -4.48167
87 -3.13403
43 -6.12678
147 -0.339111
126 -0.672058
181 0.132828
258 6.20926
118 -1.80182
118 -1.8008
354 -1.07782
157 -0.129547
47 -3.90778
124 -0.576294
59 -2.23632
62 -3.86845
323 12.5939
97 -1.09131
72 -3.95393
87 -3.13388
142 -1.26634
118 -1.56366
273 11.2507
117 -0.727875
254 3.69904
133 -1.27206
152 -1.31387
99 -3.7499
366 23.8709
59 -1.16924
22 -2.92785
135 -0.905518
113 -1.43588
59 -4.33308
54 -3.21488
129 -0.269699
80 -3.31649
84 -2.78393
71 -2.68575
332 3.21082
199 0.648163
58 -5.77973
232 0.575882
347 14.0996
122 -1.42731
347 14.0984
139 -0.409439
326 16.5718
267 4.80661
192 0.458084
91 -3.04637
152 0.135651
91 -3.04234
108 -2.12995
175 0.234329
360 15.9081
19 -7.87971
228 0.130402
97 -3.90486
288 7.49985
102 -2.44173
266 4.88132
234 1.47591
342 15.0998
247 7.1147
207 1.85475
50 -1.62493
240 6.61942
113 -0.576653
144 -0.331345
275 5.32138
140 -0.404419
62 -1.15515
64 -1.3534
104 -0.433319
108 -2.13074
23 -7.74808
195 0.705276
16 -4.01437
283 7.08649
116 -0.968712
101 -4.28589
331 17.4295
44 -1.43816
280 7.81287
59 -1.66542
216 2.0238
166 -0.0753326
126 -0.223877
218 0.44046
51 -6.1163
117 -0.771088
181 0.079422
95 -1.03481
129 -0.52298
304 9.81735
263 -0.622955
80 -3.61868
49 -3.90941
20 -8.07922
122 -0.803215
30 -7.31368
59 -4.33438
308 10.0614
89 -3.17242
85 -1.49044
94 -3.81048
332 17.5821
356 17.6645
62 -4.1012
150 -0.303146
136 -0.4077
275 5.31476
124 -1.29051
234 2.20483
139 -1.80653
371 14.6893
109 -1.70094
91 -3.04209
1 -5.45272
158 0.0087738
363 95.1507
106 -1.30684
323 12.6356
100 -2.16298
156 -0.604523
369 87.5679
252 3.49615
229 4.29138
230 1.27556
130 -0.297363
131 -0.34375
50 -2.55096
131 -0.342255
264 4.84076
91 -1.23132
83 -1.1712
91 -7.37769
366 20.7428
200 0.503357
358 22.3524
93 -1.19646
262 4.51309
346 17.902
108 -2.12984
355 1.39111
91 -3.23737
291 8.35352
51 -5.94249
33 -5.49652
365 31.4203
318 11.7937
33 -1.69954
57 -5.82683
78 -3.72008
266 0.412872
253 8.14294
241 6.08638
61 -1.24133
102 -1.53338
96 -1.10574
47 -1.6496
25 -0.939281
370 0.449554
142 -0.940445
76 -2.67362
57 -1.88335
79 -2.88454
5 -7.85207
345 18.4432
354 -2.31522
25 -6.79499
188 1.40639
181 0.0794525
260 3.37051
313 12.45
125 -0.422699
159 -0.334763
231 6.22992
301 9.51743
338 14.1126
89 -1.21147
61 -0.678799
284 8.18228
49 -3.87219
348 19.5625
117 -1.88311
67 -5.46944
358 0.378418
20 -4.66625
165 -0.15303
135 -0.252975
159 0.508163
102 -2.58355
347 17.2664
143 -1.08937
265 4.71832
297 7.79922
369 19.6507
124 -1.2134
69 -3.20799
79 -0.412773
360 17.0651
92 -2.72906
108 -1.5873
240 2.35663
113 -1.70272
358 99.498
301 9.54486
65 -8.92081
193 0.0312347
357 103.052
146 -0.449829
112 -2.90295
109 -3.18649
276 5.61264
358 17.9607
210 0.578323
113 -1.43575
247 3.12631
19 -4.63258
228 1.1123
112 -2.90276
203 1.59497
91 -3.23711
6 -2.21342
303 9.96194
106 -1.20343
323 12.5948
298 9.198
100 -0.961182
367 20.2866
113 -1.43571
124 -0.578453
363 33.6224
229 1.28513
125 -1.89501
316 14.3847
90 -3.11777
156 -0.128754
9 -5.00915
150 -0.571564
195 0.184845
369 27.0083
146 -0.285797
318 11.7938
255 6.91229
60 -1.23485
287 7.91687
269 11.5409
234 2.20482
259 3.59543
67 -3.30207
97 -1.0579
86 -3.19577
56 -3.61322
29 -6.79222
30 -6.38541
229 4.30196
155 -0.578964
7 -4.63884
107 -2.46499
350 19.4342
118 -2.59795
86 -1.41909
16 -1.74713
99 -1.31345
345 20.6516
145 -0.215271
323 12.6372
217 0.918961
370 0.450378
334 5.2366
142 -0.939865
100 -3.10304
99 -0.936249
179 -0.377289
121 -1.78049
233 1.59456
108 -1.57289
5 -2.62238
105 -2.05951
137 -0.255585
23 -4.49661
246 9.24109
199 0.355286
280 6.17282
127 -0.329956
296 16.8369
93 -2.51111
101 -3.60101
34 -4.29804
50 -2.61321
193 0.00811768
86 -3.20076
281 7.98822
3 -8.84835
69 -2.67891
264 4.84076
54 -5.83458
288 7.15833
37 -6.58019
117 -0.743179
340 18.1248
171 -0.0584259
133 -0.32338
262 4.30551
30 -1.78202
78 -2.88747
140 -0.644135
138 -1.16289
42 -2.30141
123 -2.25881
177 2.15109
101 -2.50363
59 -3.20375
136 5.4323
39 -3.60557
269 4.93265
287 6.85358
91 -3.03548
124 -1.29052
330 15.7288
356 39.8979
366 21.4685
257 4.19598
361 19.1722
28 -7.61315
344 23.3361
5 -4.72355
140 -1.29796
303 9.96466
344 4.76608
127 -1.42839
65 -2.88655
363 21.8866
290 6.88486
366 20.7411
104 -2.51685
1 -5.30944
366 23.8985
15 -7.43108
340 19.6066
253 3.6835
150 -0.253326
56 -6.10673
131 -1.01054
103 -0.409622
59 -2.82642
24 -5.80639
351 17.7499
354 19.8118
146 -0.499268
77 -0.486183
323 12.6385
104 -1.49439
285 9.36761
163 0.226593
63 -4.75719
129 -0.549408
15 -3.43511
37 -6.54217
142 -0.137375
41 -2.60476
135 -0.641388
117 -1.14926
100 -2.75264
70 -3.20502
79 -1.51888
137 -0.150879
214 1.93358
19 -4.61613
260 3.3707
57 -3.79147
142 -1.15862
180 -0.032074
372 19.8709
88 -2.13337
296 16.8546
234 7.45647
367 20.2293
54 -4.69625
25 -4.7885
114 -1.52972
335 15.0706
322 16.2071
135 -0.354065
229 1.17831
198 -0.859909
18 -3.98152
109 -0.573433
106 -0.283623
2 -8.02271
238 6.27066
204 0.601349
77 -3.06626
238 1.25609
183 -0.0824432
276 9.93628
8 -7.79492
102 -2.58401
68 -4.54992
130 -1.30756
73 -1.54337
94 -2.25426
212 0.649857
354 -2.35388
92 -2.67628
78 -2.41747
357 99.1028
112 -2.90276
323 5.23215
18 -4.61313
159 -0.245728
205 2.52812
148 -1.28696
99 -3.76776
124 -1.1002
154 -0.0336456
340 18.1249
99 -3.76142
358 20.4648
233 2.03517
43 -3.27021
84 -2.78346
366 4.98126
300 10.8515
315 12.466
24 -5.45481
101 -3.60372
365 21.5031
293 3.88892
363 21.8836
262 4.24081
78 -1.57309
104 -2.45664
236 7.80347
114 -2.87974
25 -7.98759
260 4.46149
89 -1.6565
51 -4.02921
360 19.5683
35 -5.08168
278 5.41611
24 -4.51229
8 -6.57466
276 9.71521
232 0.575439
68 -1.30235
100 -3.77641
233 1.18962
91 -1.23067
373 0.314758
201 0.674118
339 18.2509
341 19.6781
96 -2.32896
81 -2.50956
353 19.6456
135 -0.492249
219 0.252182
37 -6.58883
143 -0.37352
35 -5.08172
273 5.48315
198 -0.151855
35 -5.08164
234 1.46245
268 4.89578
102 -1.26804
310 11.643
35 -6.82138
275 5.23956
177 1.30363
228 0.778412
103 -0.294807
110 -1.28192
181 0.000488281
169 -0.0579224
342 -11.5266
41 -6.27982
359 19.4975
20 -8.07925
221 1.09978
201 0.42981
37 -6.48933
297 9.13773
154 -0.429749
218 0.849472
258 6.16608
160 0.0832062
232 0.575531
91 -3.23722
85 -1.49018
129 -1.46597
54 -4.49699
67 -4.50608
312 12.3602
211 1.82507
74 -3.12181
342 14.7978
352 21.246
277 7.58447
67 -3.35941
80 -3.63272
300 9.42715
129 -0.744461
342 15.1019
305 9.76324
156 -0.780167
329 13.0384
357 19.1519
5 -6.63829
204 0.348495
154 -0.582321
115 -0.982689
365 20.1652
14 -2.09542
139 -0.276825
342 15.1
106 -0.535675
358 22.3365
258 6.14725
146 -1.56996
326 16.5216
205 2.02193
43 -6.08886
202 0.59549
113 -0.577469
73 -1.75351
356 19.5328
43 -6.08886
105 -2.8956
77 -3.28583
121 -1.56056
5 -8.01152
184 4.00534
287 6.77045
317 12.6113
366 5.47043
126 -0.847084
111 -0.855774
240 0.770432
370 26.411
258 6.19727
93 -2.48676
214 0.82843
109 -1.76291
72 -0.290894
58 -4.14841
258 6.2066
219 1.64983
49 -6.47266
166 -0.0753937
106 -1.30686
370 26.1365
25 -6.97347
69 -1.9752
5 -6.64445
65 -2.90921
157 0.106827
339 17.9083
344 19.3597
44 -1.08867
32 -0.659016
82 -4.5238
308 9.96909
113 -2.94283
68 -3.81482
21 -4.53894
171 -0.0413513
165 -0.0943604
257 4.19022
312 10.6368
226 1.04243
104 -2.26732
44 -1.5327
184 0.509827
87 -3.13911
129 -1.34749
176 -0.175323
274 5.64325
128 -1.34062
313 11.3227
347 96.538
54 -3.63118
342 15.0967
353 19.7344
234 2.20474
350 8.78445
303 9.38495
133 -0.734283
244 7.40262
257 4.2962
56 -1.61733
92 -0.478706
111 -1.46883
299 7.81448
346 17.6752
169 0.488403
99 -0.609795
275 5.31552
72 -3.92547
128 -0.457718
87 -3.13451
71 -3.25487
90 -1.24649
239 6.96407
142 -0.940292
53 -1.61364
224 1.71532
287 8.88953
48 -5.92054
54 -1.58711
124 -0.562866
321 13.0211
131 -0.260284
254 3.28305
358 1.8392
124 -0.578575
330 15.1307
217 1.1993
8 -2.72301
255 2.99809
108 -1.74551
67 -1.35963
353 18.4789
86 -1.29614
264 4.33636
291 8.35312
360 18.9439
104 -2.73314
78 -0.0238419
308 10.5132
338 15.7354
257 3.14548
352 21.2458
124 -1.29054
84 -2.78348
268 4.53613
343 19.951
279 8.54611
339 17.9078
5 -8.49142
234 5.44061
151 -0.24791
338 16.1285
103 -0.238632
336 18.2828
251 3.39131
90 -1.24883
88 -2.11023
163 -0.116913
318 11.8927
341 -11.2222
195 0.501755
266 0.412048
104 -2.51899
358 22.3167
331 17.3451
193 0.00730896
3 -6.11705
86 -1.45982
253 4.21683
107 -0.438431
201 0.395691
31 -5.63634
24 -3.41352
341 17.9704
110 -2.41195
68 -4.54997
163 0.0228882
108 -1.05547
133 -1.84842
277 5.43259
190 0.204956
165 -0.153397
371 26.8972
345 17.5052
104 -0.271706
254 3.02847
80 -0.366142
87 -3.13261
304 9.81662
139 -0.32132
82 -0.108002
163 0.166962
98 -2.14325
139 -0.584412
87 -3.1338
247 7.13289
359 1.22623
265 4.37939
323 5.54697
53 -2.86688
143 -0.371216
226 0.692322
65 -4.00142
263 4.30737
166 -0.0753174
163 0.16803
343 19.951
182 -1.65491
345 18.4464
137 -0.227814
277 5.85468
360 15.9098
247 7.11487
363 21.8824
82 -4.39079
108 -1.1993
127 -0.668404
29 -7.61135
5 -6.84399
296 16.8336
153 -0.0885162
336 3.12744
175 0.631454
92 -1.24157
361 0.794434
123 -0.240639
110 -0.842911
274 -0.733429
291 8.35339
109 -2.28441
230 1.28088
298 9.02689
358 2.37354
322 12.9315
90 -0.0289459
343 19.9511
339 16.3993
154 -0.169373
340 15.8186
334 15.4846
308 10.0036
125 -0.95211
167 -0.374725
284 6.91614
134 -0.750641
59 -3.97425
95 -2.48409
132 -2.12486
323 12.7695
347 17.2661
90 -0.321266
359 10.3474
361 1.46896
104 -2.52199
44 -1.48248
353 19.6271
189 0.0103455
25 -5.94394
96 -1.76484
90 -2.13916
4 -7.96948
256 4.01486
353 17.882
115 -0.99054
63 -1.47858
53 -3.75806
347 96.5228
15 -8.31668
82 -0.104782
51 -4.55865
301 8.71289
7 -5.15264
189 0.0110168
283 6.91949
100 -2.77647
86 -3.1972
152 0.135117
274 9.28238
163 0.0228577
129 -1.46664
245 3.04234
30 -7.30725
97 -1.90472
285 6.72668
326 11.9899
344 19.4642
125 -1.53757
95 -1.54646
36 -6.95826
74 -1.24203
134 -1.42667
368 -6.72662
38 -0.934734
244 3.02249
123 -0.819679
130 -0.626526
233 -0.275879
69 -2.71781
340 19.6423
82 -0.103462
112 -2.74339
347 96.536
10 -2.78568
241 -0.0289307
234 1.87787
79 -3.39204
43 -6.12972
40 -5.97913
371 14.6667
357 27.9714
148 0.0035553
37 -3.54528
92 -1.23382
52 -1.1277
323 12.0867
350 19.157
80 -3.67522
113 -3.23145
141 -1.47971
264 4.82101
367 20.3127
183 0.0731812
144 -0.456757
366 2.75513
345 20.6207
54 -4.49929
286 5.60089
55 -4.33778
105 -2.5763
362 21.5112
286 7.11801
104 -2.73209
103 -2.73299
169 0.414413
91 -2.98293
282 7.87131
26 -5.95977
117 -1.18739
261 4.23529
91 -4.32544
74 -1.38132
18 -7.49562
330 5.06003
153 -0.244965
140 -1.21745
47 -4.99506
166 -0.254349
1 -5.50113
276 5.24292
343 19.9513
264 4.36432
22 -3.76803
259 4.28937
89 -1.65761
135 -0.191071
24 -4.30199
370 0.436249
36 -5.54812
218 1.24712
273 10.5042
51 -6.11627
260 3.37057
212 1.04289
136 -1.60146
52 -5.89325
287 7.92786
75 -2.69356
86 -3.19624
76 -0.484299
16 -9.30047
76 -4.50282
149 -0.0752411
291 8.35349
73 -3.66547
359 19.4945
342 15.1094
18 -3.98148
329 12.3555
138 -0.271973
97 -1.067
16 -5.51433
146 -0.103302
149 -0.893784
81 -2.94254
269 5.31647
261 4.23523
143 2.20192
334 5.05649
98 -2.41344
256 -1.11458
341 16.6271
286 6.35699
274 5.14957
99 -0.858841
55 -2.54002
234 2.2048
115 -0.254807
304 12.2585
205 0.164459
92 -0.477898
118 -1.09352
95 -1.16113
5 -11.3114
73 -3.24745
251 3.23288
103 -1.04176
327 13.56
124 -0.568237
169 -0.229584
350 18.2794
240 2.37965
17 -5.94611
103 -2.33718
275 5.68454
183 -0.0845337
359 12.8629
79 -3.69466
36 -6.94856
128 -0.315361
73 -2.81535
102 -2.58379
273 4.93689
354 -2.31332
114 -1.96269
235 1.68626
361 1.85547
88 -2.11073
363 21.8837
310 11.636
273 10.504
301 9.42911
312 11.5882
108 -0.323357
342 15.1038
353 -7.15204
47 -6.43422
27 -5.76861
18 -8.05024
125 -0.425163
91 -1.43379
58 -5.77841
34 -4.29797
246 3.0983
299 10.7409
52 -3.8249
34 -4.29825
255 3.80762
219 27.1035
366 21.5877
347 7.71844
368 27.4223
264 7.3902
153 0.0219727
341 16.6268
350 1.67453
71 -3.89887
56 -3.69456
304 9.8172
329 13.5789
257 4.20425
271 3.37384
157 0.439606
273 3.95825
258 9.83524
272 5.06522
82 -2.55812
87 -3.13384
101 -3.069
56 -6.0781
269 5.0296
262 9.14621
283 7.08643
71 -4.75877
225 0.281845
75 -1.80476
91 -3.04247
325 15.1566
239 6.68228
268 5.16269
115 -1.19398
8 -6.57278
238 1.71997
209 2.75723
278 9.01971
137 -0.227997
112 -2.90394
97 -1.90135
113 -0.319496
170 0.313828
366 20.7421
360 18.2041
92 -1.07323
41 -7.65458
61 -5.76761
291 8.14774
53 -5.96627
55 -4.41571
234 2.20464
347 14.0969
356 8.83371
255 6.73004
360 15.9081
254 3.60663
207 0.696167
149 -0.204285
149 -0.198288
23 -6.65011
149 -0.214661
129 -1.46571
295 9.02432
75 -2.80669
326 13.0239
71 -3.77205
207 1.43517
151 -1.14853
273 5.29486
94 -3.3682
249 3.4772
276 5.19
54 -6.17269
20 -8.07898
358 -4.97464
8 -7.7947
35 -2.32654
69 -1.55824
363 21.8834
101 -2.39598
90 -0.0290146
204 0.781662
291 13.1878
243 7.03773
143 -1.4967
32 -6.26717
107 -2.24211
117 -2.75065
54 -4.49924
77 -2.44521
80 -2.36974
310 10.6111
135 -0.13414
265 4.40659
72 -2.73215
344 6.4126
110 -1.22704
231 1.77698
238 5.91901
96 -1.1031
365 3.56165
149 -0.0750427
331 15.7852
278 10.9732
241 -0.0329895
82 -0.111702
368 27.4784
92 -2.7216
33 -5.49664
84 -2.78324
199 0.280701
71 -3.10378
83 -2.35085
231 1.28885
160 0.478775
170 0.703735
364 20.6449
44 -6.15448
97 -1.90411
93 -2.95186
99 -0.242477
352 -2.05093
216 4.00386
124 -1.29057
367 96.0876
91 -3.23743
34 -4.29932
356 39.7621
36 -6.95949
291 8.35345
102 -2.58398
125 -1.89298
367 20.2863
251 3.25372
274 5.40994
128 -1.42352
276 5.53772
341 14.4835
342 -8.40939
48 -6.13128
203 2.18806
72 -0.585541
346 4.67215
322 11.7788
88 2.22961
102 -3.66051
47 -4.37998
244 7.40318
134 -1.79767
108 -1.41305
277 5.32742
372 -2.2453
141 -0.52179
83 -2.56329
257 4.22913
246 7.68031
273 5.401
229 0.937836
257 4.18912
274 5.35333
236 2.1188
91 -1.43282
231 0.124146
110 -1.22695
212 -0.792786
366 19.6102
278 10.9731
347 18.6871
112 -1.58047
107 -1.03387
297 8.04321
144 -0.549347
273 5.40088
55 -0.914722
296 16.8329
209 1.47813
97 -1.57927
295 7.5885
363 33.797
15 -5.40589
232 0.57666
69 -5.51752
296 9.37473
123 -1.41898
47 -5.01847
129 -1.4668
191 0.281235
298 9.18692
124 -0.326698
369 19.7408
331 6.11069
100 -0.858727
82 -4.50687
127 -0.569527
168 -0.0648499
259 4.55225
90 -1.2478
110 -0.342216
302 9.03894
300 10.4136
148 0.00349426
90 -0.0289459
291 8.35355
365 19.2164
20 -8.07918
51 -1.14912
110 -2.46953
93 -2.50911
234 2.20482
35 -5.08201
75 -1.88621
363 21.8809
153 -0.272034
280 8.84915
111 -0.441376
73 -4.89521
347 7.62506
111 -2.77903
130 -0.293274
368 -5.99393
346 20.7589
102 -2.58331
277 5.8548
18 -3.98077
323 12.6359
65 -8.917
88 2.23666
79 -3.6399
343 6.12918
210 0.671494
338 13.966
297 8.7056
26 -1.83878
13 -0.784279
211 0.518127
355 19.0792
137 -1.351
321 13.0392
187 -0.107666
115 -1.25011
260 3.37057
141 -0.254593
297 4.47012
29 -6.79158
85 -1.48988
119 -1.6403
190 0.587448
96 -1.12034
11 -4.02382
367 19.805
113 -1.27183
321 13.0198
102 -1.59756
49 -3.85674
203 0.88002
96 -2.13231
253 3.50156
3 -2.01308
181 0.681961
172 -0.218872
277 5.89096
283 7.08603
175 0.243637
156 0.0480652
5 -8.2396
62 -3.86864
139 -0.321198
53 -1.38054
48 -4.49858
147 -0.529877
128 -1.16823
113 -1.51773
137 -0.447479
296 8.83075
361 22.9201
140 -0.361115
5 -6.63931
322 10.8344
139 -1.31485
353 18.4788
104 -0.961937
147 -0.144501
32 -6.71733
358 2.45749
20 -0.0573978
91 -7.37817
369 22.5053
356 105.605
132 -0.78421
146 -1.56894
324 14.9009
32 -7.29619
4 -5.93225
146 -0.247192
150 -1.08752
43 -5.26955
230 2.11404
275 5.42059
371 21.0606
132 -0.14183
273 4.60599
304 10.0332
298 7.79282
101 -3.60316
239 2.43369
367 -3.26868
5 -6.63416
82 -4.39059
373 22.4583
51 -4.64338
252 3.64992
35 -2.32806
70 -5.33096
69 -5.51765
15 -7.43134
76 -2.51163
71 -3.1895
129 -0.756012
16 -5.92651
271 3.58942
97 -3.40694
79 -3.69479
303 9.95563
75 -2.96442
241 2.2979
354 17.2691
307 13.0041
348 19.807
365 5.90692
323 12.6441
334 4.77576
350 8.82776
365 31.2088
284 6.71378
363 22.1432
353 18.4788
153 -0.0371246
250 4.17339
183 0.255356
149 -1.19249
84 -0.0396881
369 -4.91983
272 5.18094
288 7.79227
92 -0.479156
34 -6.95
81 -0.144211
344 18.7922
57 -3.43721
91 -3.23741
126 -0.22908
104 -2.96381
358 99.4376
87 -3.13442
113 -2.20837
153 -0.823196
54 -3.63143
307 10.045
68 -2.64328
350 9.05945
55 -4.41105
95 -1.24218
108 -1.79632
176 22.1125
256 4.06396
143 -1.20844
109 -2.93625
302 9.50006
72 -0.586227
372 19.9912
326 13.7746
366 19.5526
15 -8.32452
127 -1.30454
45 -5.09034
184 4.007
125 -0.951309
42 -4.89624
347 96.5307
128 -0.819397
56 -1.8079
366 23.8959
47 -1.65157
242 1.19836
175 0.242645
112 -0.665382
300 9.57001
79 -1.799
248 2.94734
125 -1.89466
43 -5.0817
13 -4.07805
277 5.37961
80 -4.93671
147 -1.10567
369 87.6081
43 -6.126
72 -0.585808
88 -2.11481
310 11.7389
350 17.1199
162 0.403336
345 18.4367
184 4.00694
262 4.31131
320 7.71677
72 -0.586273
364 1.82559
345 20.6492
88 -2.5961
370 0.449707
68 -4.6535
244 2.68318
133 -0.216888
85 -2.1068
348 17.7049
69 -5.51754
149 -0.0749054
120 -0.824234
293 7.87692
104 -2.44495
350 8.79465
263 4.76883
83 -0.406464
288 5.64417
340 15.666
100 -3.75999
142 -0.940857
319 12.2198
49 -5.93219
151 -0.144592
53 -2.51383
371 20.3083
290 6.85938
122 -1.44726
360 15.9094
367 96.0884
80 -1.17558
99 -2.44016
330 14.4531
370 0.450073
56 -1.80741
227 6.39496
288 6.40179
318 14.2986
352 -3.44809
244 6.53436
57 -2.359
284 6.93826
206 2.04274
97 -1.17355
106 -0.289925
306 9.91531
312 12.0096
77 -1.39844
286 6.81525
344 6.39642
144 -0.153168
53 -4.03623
111 -0.57473
138 -0.196625
90 -0.321877
319 4.84726
107 -1.74499
313 11.6962
68 -4.55096
148 -0.000167847
78 -2.41523
321 13.0439
91 -3.23719
139 -1.53206
360 19.4601
94 -1.18394
5 -7.93798
110 -0.734924
335 15.8165
149 0.0240021
76 -2.59212
323 12.0157
364 20.6435
106 -1.78634
285 6.36301
82 -4.41916
125 -0.952583
153 -0.057663
5 -2.06389
141 -0.173157
146 0.0888519
354 18.8637
371 28.222
239 2.18158
279 9.73544
4 -2.14251
223 0.911301
86 -3.19511
358 -0.578888
346 9.83841
252 3.17178
291 8.35321
289 6.72473
52 -6.28116
234 2.20486
86 -3.08048
324 12.6785
125 -1.89436
66 -3.98758
125 -1.4452
129 -1.46411
355 20.665
112 -1.23553
155 -0.418518
74 -4.67673
356 39.5159
30 -6.67503
59 -3.05038
101 -1.51739
31 -6.56442
296 16.8361
354 19.9387
353 19.6304
233 1.59769
57 -5.81141
98 -1.20159
56 -1.80709
335 4.83496
362 18.5888
15 -6.02542
116 -0.51487
18 -5.55008
347 14.0986
154 -1.11838
66 -2.87778
255 3.90067
64 -3.86607
308 9.89261
345 17.0496
361 13.5254
92 -2.72436
33 -5.49676
367 20.3127
356 8.74567
321 13.0396
152 -0.658401
347 19.4264
103 -0.793488
59 -5.76408
364 20.6446
117 -1.86449
88 -2.10481
364 -0.0116577
142 -0.108215
333 6.28934
36 -4.64748
373 23.1162
339 7.75436
323 12.5945
180 0.217453
109 -2.26733
132 -0.73056
292 6.79468
343 19.9512
358 22.3532
300 10.5675
201 0.404755
231 1.48105
49 -3.40049
106 -0.653679
366 20.7177
369 21.3109
367 20.3557
83 -1.17078
104 -2.73002
55 -3.96944
137 -0.228058
332 14.4767
236 7.80191
27 -4.58934
93 -2.49824
275 5.25046
291 13.3284
67 -4.50841
341 -3.30206
334 13.6507
207 3.21576
68 -5.05687
304 12.2585
132 -0.784271
38 -0.721554
351 1.67847
108 -2.13316
132 -0.142242
308 10.1256
93 -3.42176
185 0.479416
113 -1.03178
275 5.31485
276 9.98169
89 -3.24278
123 -1.70329
336 18.4302
110 -0.874718
80 -2.44988
79 -3.69994
211 1.11014
132 -0.638
88 2.23821
82 -2.37604
74 -2.67747
288 7.28976
95 -1.78362
351 21.0774
216 1.71408
107 -3.21831
246 3.06709
347 96.5345
289 7.76236
62 -0.709373
28 -6.97334
88 -2.10793
283 6.30051
131 -1.43256
69 -5.51316
366 21.5762
119 -2.70999
245 2.22816
236 2.11916
92 -2.16589
359 -4.78003
300 9.54166
137 -0.227875
4 -5.30709
11 -4.44451
88 -2.42365
30 -5.71623
360 1.89905
30 -3.47908
328 16.3582
78 -2.58657
305 9.52118
268 4.46753
244 7.40331
296 16.8355
311 14.0568
290 8.28
223 1.24715
353 0.887085
147 -1.73543
50 -1.96772
194 -2.33604
196 0.128632
29 -6.79168
299 8.67664
355 20.6128
347 4.21976
105 -1.13153
35 -2.32851
73 -4.00833
163 0.0235138
270 5.22977
235 1.97932
75 -2.79923
199 0.467026
327 14.3658
369 19.1782
35 -5.08178
72 -0.586052
352 9.80511
342 -5.3302
156 -0.0333862
93 -1.53463
83 -2.59736
93 -4.06907
132 -0.618561
77 -4.92296
33 -1.77889
341 3.70065
289 7.74048
164 -0.0733643
280 10.5573
244 2.6377
67 -3.31376
18 -3.97975
38 -3.87698
369 0.0305481
313 11.914
281 6.19873
372 15.3073
125 -1.84539
231 1.8313
173 0.390274
304 8.69354
59 -1.41911
137 -0.468658
282 9.65158
68 -5.3546
116 -0.906601
232 4.78485
351 17.8139
354 18.8639
91 -3.04451
307 9.69342
115 -0.302284
332 5.37289
17 -5.94676
100 -3.09124
340 18.1251
336 16.2452
140 -0.650787
324 15.4556
19 -7.60172
322 13.0484
66 -2.24963
210 3.18538
188 1.41348
19 -7.3158
164 -0.259964
313 10.602
43 -6.12626
200 0.519379
153 0.204834
34 -0.939991
353 18.4789
290 7.63062
88 2.23434
125 -1.50489
248 2.90855
283 7.08633
91 -2.47791
90 -1.19057
77 -3.71089
286 7.11356
123 -0.995598
322 12.8351
344 17.1578
354 18.8631
282 6.03064
76 -0.472977
34 -4.29932
240 2.5798
214 0.69429
240 2.39403
34 -4.29785
257 6.52185
154 -0.0344849
348 18.5829
368 27.4647
93 -3.40366
363 21.8891
352 16.163
167 0.219162
359 19.4917
353 20.3742
290 6.86099
358 -0.582184
268 4.64667
354 20.2455
250 3.7164
45 -6.34543
338 6.16953
84 -0.0396271
156 -0.119965
221 44.6132
99 -1.51897
345 18.2802
91 -3.23725
360 -6.83237
180 -0.0282135
356 20.8434
366 20.7604
67 -3.32329
146 2.71986
106 -0.289917
365 20.732
89 -6.52937
15 -7.43186
202 2.28084
323 12.5821
336 15.4076
253 3.45691
226 1.20532
247 3.302
263 4.32175
318 15.3252
48 -2.86536
225 46.333
124 -0.577606
350 20.2622
33 -3.5408
352 20.4824
200 2.31029
189 0.410538
5 -6.63426
239 6.96425
92 -1.53464
68 -3.9413
334 17.7271
32 -6.68165
112 -2.90037
72 -0.586311
113 -1.41355
171 -0.143646
163 -0.222107
112 -3.12344
343 19.951
342 14.784
332 2.90543
69 -3.29009
92 -0.287422
321 13.0199
107 -1.21455
345 19.5585
310 13.2947
33 -3.08455
106 -1.30722
25 -5.93171
125 -0.250252
81 -0.175476
358 8.94138
62 -1.50602
64 -3.3117
257 4.18741
155 -0.591202
286 6.44135
99 -3.82788
356 19.9018
305 9.77527
25 -4.1969
247 2.96504
81 -0.138245
356 104.946
343 19.9514
88 -2.03903
366 23.9021
330 13.7813
124 -0.326622
369 20.3919
87 -3.1343
246 7.87836
323 12.481
7 -3.0671
366 23.8952
197 1.74811
92 -3.13484
348 17.6697
362 2.4252
63 -3.30168
354 -2.55948
353 19.6446
13 -5.25877
347 17.2646
203 0.360962
41 -1.249
319 13.2109
357 -0.776123
231 1.83321
206 0.517487
112 -1.38302
157 -0.168137
233 1.59511
6 -5.36736
354 20.3564
136 -1.3154
218 1.09148
55 -3.69706
16 -6.84441
186 0.025177
105 -0.950813
270 5.21512
71 -1.53918
236 0.282516
80 -2.44186
274 5.38028
70 -2.77863
153 -0.123764
128 -1.47986
46 -6.52765
166 -0.0693512
56 -1.42392
330 13.4336
353 18.2412
244 2.94775
189 0.410385
239 6.96432
327 13.5596
317 5.01624
266 0.412445
99 -2.48715
367 30.2702
350 19.5423
257 3.14523
132 -0.750946
8 -14.7882
341 6.27747
368 17.9315
7 -2.42394
68 -3.26152
34 -5.59676
55 -4.41833
258 6.20227
89 -1.5948
254 4.37195
252 8.99249
208 1.48163
15 -7.43587
276 6.00519
363 -2.2066
287 8.05655
33 -5.5001
234 1.17999
96 -1.76581
55 -4.41774
13 -6.22238
119 -2.59177
48 -4.69732
303 8.72699
247 2.95361
353 18.4795
87 -3.13433
225 1.02457
288 7.34329
54 -4.4263
361 14.8528
139 -0.432983
12 -6.40365
207 3.40909
246 2.76025
219 0.134033
324 10.8548
261 4.76797
10 -7.66231
149 -0.118759
97 -1.94455
350 8.78497
156 0.853729
360 19.433
216 1.00726
218 1.27475
49 -2.54285
295 8.19476
119 -2.60674
354 -2.36279
255 3.99585
21 -8.3134
356 -0.030365
246 3.11372
350 2.14429
73 -3.20795
17 -5.93589
200 0.521667
88 -2.10622
119 -2.56921
169 -0.219513
181 0.224426
102 -3.66145
361 23.8921
313 11.1623
280 6.59946
370 0.44693
360 0.580505
349 18.9898
152 0.135071
192 0.175476
102 -2.58321
12 -2.79135
224 1.3358
325 14.0421
247 3.04083
205 0.164215
368 2.09979
50 -6.35745
105 -2.72535
65 -3.42376
102 -2.08195
136 5.41396
6 -6.04222
91 -2.51247
33 -5.49641
103 -0.31456
355 -8.44324
300 9.51785
88 2.23624
334 4.82181
211 1.31784
192 0.458008
346 17.4717
15 -7.43277
125 -1.35534
347 7.63947
89 -2.27167
96 -1.97969
58 -0.9025
80 -2.35251
281 6.27713
155 -0.0832367
354 -2.31836
322 -3.67697
3 -6.4316
67 -4.73045
350 -9.57291
349 101.772
86 -1.34084
354 17.6041
289 7.76236
298 9.1972
91 -7.37943
219 0.909729
91 -3.23715
124 -0.32663
96 -2.49751
359 19.5016
71 -2.1518
264 4.95676
89 -6.53083
249 7.42014
278 5.43518
142 -0.322662
342 -11.5276
352 19.9384
88 2.23434
209 0.758408
127 -0.664223
245 2.68494
263 4.66595
353 18.4782
97 -1.90363
352 19.5875
353 19.6438
79 -3.74444
197 0.202866
56 -6.59567
100 -2.46379
345 18.4577
353 18.4786
293 6.60745
329 14.0177
283 6.39444
311 11.0473
309 11.5884
278 6.02768
295 8.21475
328 15.463
341 -3.30792
369 30.6008
328 17.6653
337 8.70154
58 -5.7798
353 19.6575
132 -1.47226
47 -1.58427
277 6.20709
355 40.633
66 -3.38012
86 -1.29603
280 10.2962
156 -0.00831604
317 12.6164
124 -0.326759
283 7.08643
363 33.8345
28 -7.4394
359 38.8362
139 -0.649445
231 1.83307
366 20.1102
79 -3.69696
88 -2.51001
178 2.48532
55 -0.88282
343 4.19839
356 20.5804
135 -1.42017
267 4.18762
13 -6.10453
347 17.2642
17 -5.94617
326 15.1064
353 19.4848
88 -1.05276
307 12.5424
42 -6.27533
117 -0.742348
316 14.6287
59 -5.77578
112 -2.28458
373 -1.31335
315 10.7301
103 -2.73366
249 3.59099
353 18.4782
343 16.4551
358 1.37054
84 -2.78329
261 4.23523
263 4.58313
215 0.946274
261 3.24899
312 11.989
211 2.99055
269 4.92761
163 -0.0486603
313 11.3225
146 -0.501221
334 15.3365
118 -0.809242
260 4.13031
249 3.14548
369 6.43845
325 12.6898
310 10.0297
116 -0.505219
75 -2.22249
159 -0.34346
369 19.8363
4 -7.67533
110 -1.71095
264 4.30948
261 3.64169
273 5.29474
363 18.6399
106 -1.15587
326 13.8985
325 13.4713
285 6.87262
248 2.851
69 -5.51803
41 -2.91998
22 -5.50158
79 -3.73963
148 -0.352463
327 13.5599
72 -0.586121
75 -2.59834
359 19.4978
298 6.85825
41 -2.60351
136 5.43021
15 -7.59597
149 -1.1261
234 1.79863
220 1.26242
70 -5.09922
103 -1.4624
29 -5.69922
125 -1.89478
331 17.357
108 -2.13377
216 1.72316
246 3.10255
80 -1.16243
65 -8.92569
300 10.8509
351 2.02267
79 -3.78209
173 0.0466156
272 4.95038
364 33.5524
135 -1.87033
69 -1.61128
353 19.7331
243 0.164764
327 13.5595
287 8.1142
106 -1.06042
58 -5.77833
226 1.06053
341 1.87759
63 -5.63892
233 1.93143
343 16.2747
170 -0.0585022
55 -1.66151
25 -5.94571
56 -1.46698
359 19.4999
318 11.8928
219 0.258682
343 16.4065
261 3.52005
31 -5.50094
122 -1.19196
50 -1.5094
345 -3.8183
232 1.58855
252 3.52
214 0.829224
343 19.951
133 -0.411285
373 -2.23785
336 3.05557
328 13.5311
281 6.6174
243 6.94479
361 -2.6347
357 -0.0154114
342 -6.60794
32 -5.64466
64 -1.82891
199 0.313217
143 -0.363449
257 4.21176
102 -1.70213
283 5.21051
103 -0.657127
249 -0.207489
45 -5.25739
370 0.449829
139 -1.53191
278 6.33475
364 15.1383
358 20.933
306 9.44617
327 4.02844
25 -5.93111
234 1.7677
217 0.532745
119 -0.490936
69 -2.7342
71 -2.70223
106 -1.35431
130 -0.687439
