169 0.00810242
191 0.554459
145 0.0183258
186 0.307861
158 -0.0488434
145 -0.560379
147 -0.243652
249 5.58849
98 -0.320312
109 -0.820831
121 -0.329086
178 0.419891
201 1.58107
169 0.00820923
114 -1.33949
118 -0.406334
177 2.276
140 -0.0483551
5 -6.0019
118 -0.0145493
162 -0.0744934
123 -1.2177
158 -0.0653687
107 -0.844742
201 1.58121
145 -0.559921
156 -0.127853
158 -0.0488892
93 -2.03415
146 -0.929199
249 5.58372
142 -0.63063
93 -2.03386
147 -0.247177
112 -2.00735
122 -0.729889
100 -1.42526
83 -3.09812
118 -0.401764
118 -0.0152588
156 -0.267899
171 0.431763
49 -1.78509
83 -1.40774
179 0.908264
223 2.24928
108 -0.319336
59 -2.03168
211 1.84013
156 -0.125549
264 6.44275
106 -0.772614
85 -2.05309
117 -0.427048
145 -0.559845
170 0.0330048
201 2.28741
129 -1.20857
142 -0.215622
139 -0.339798
234 2.81204
158 -0.0478668
140 -0.0484924
168 0.343872
180 0.165695
145 -0.559921
158 -0.0482178
100 -2.72026
122 -0.729927
75 -0.837502
156 -0.121887
201 1.58167
220 2.46577
166 0.203461
201 1.57893
206 2.06514
156 -0.266022
128 -0.491898
189 0.30661
124 -0.724281
184 -0.162384
122 -0.730133
21 -1.25471
97 -0.27018
129 -1.20862
121 -0.328659
164 -0.256027
157 0.2789
118 -0.0141449
122 -1.37128
201 1.57614
79 -2.00766
93 -2.03378
193 1.69141
108 -0.31916
264 6.46707
88 0.682487
133 -1.57756
83 -1.83545
129 -1.2086
106 -1.44165
112 -2.00713
147 -0.267624
220 2.46761
145 -0.559982
227 2.4536
185 1.8035
123 -0.458099
156 -0.12822
159 0.208618
150 -0.938538
34 -1.56214
208 1.0562
206 4.12802
171 0.456238
206 1.73839
157 -0.0557861
40 -2.39721
94 -2.03118
228 7.43874
156 0.0997772
76 -4.55474
100 -1.42484
158 0.0415192
71 -1.85017
156 0.103012
156 -0.265427
59 -1.86218
16 -2.6861
136 -0.40834
239 4.59036
129 -1.20865
117 -0.427193
188 0.781677
108 -1.70722
159 -0.181213
182 0.191147
98 -0.320915
108 -0.319069
228 7.43631
173 0.457245
170 0.0135956
82 -3.32481
93 -2.03281
163 0.257553
93 -2.03437
184 0.0869751
156 0.123795
186 0.2845
244 3.14508
133 -0.370361
118 -0.014183
123 -1.21786
8 -3.03644
122 -1.3711
65 -1.38082
140 -0.345245
112 -2.01262
109 -1.06182
169 0.00823975
228 7.42722
112 -0.643913
94 -2.03102
137 -0.0299988
242 4.81036
159 0.208176
161 0.126801
185 1.80528
140 -0.344864
117 -0.499535
147 -0.720703
140 -0.0483246
108 -0.319092
82 -3.32529
108 -1.70625
243 3.36937
142 -0.272354
166 -0.138855
105 -0.300308
76 -2.57111
222 2.12886
123 -1.21722
129 -1.20862
148 -0.6492
165 0.0422668
164 0.279007
159 -0.181702
180 1.24219
201 1.425
79 -3.26883
145 0.0171204
186 0.289383
156 -0.264679
166 -0.0492249
165 -0.404984
49 -1.78395
124 -0.723579
227 2.50365
107 -0.259224
144 -0.928375
121 -0.328651
156 -0.130737
147 -0.245804
59 -2.0269
151 -0.792404
122 -0.729935
129 -1.2086
76 -4.55511
40 -2.39726
134 -0.854889
49 -1.78394
48 -1.80877
83 -1.40666
156 0.099823
167 -0.242813
118 -0.42115
239 7.59651
122 -0.730042
205 1.3119
192 1.76691
151 -0.858185
249 5.58958
43 -2.16008
234 2.81094
180 -0.373489
148 -0.649261
250 9.77202
173 0.479141
165 0.0379791
191 0.552216
178 0.419876
181 -0.401535
143 -0.0500336
159 0.193207
133 -1.57805
165 -0.400894
123 -1.21783
40 -2.39725
215 2.00938
240 1.99094
59 -1.86217
40 -2.39738
40 -2.50578
165 0.0420837
65 -1.38128
147 -0.245941
180 0.163513
137 -0.0301208
184 -0.162674
83 -3.10125
75 -0.837532
157 0.280975
145 -0.559891
157 -0.0591583
190 0.582672
210 2.60565
265 6.56079
98 -0.320976
107 -1.4541
203 2.02469
126 -0.944504
234 2.81114
188 0.781662
166 0.373947
122 -0.390923
106 -1.44313
75 -0.837433
180 0.53421
242 4.81039
161 -0.33847
34 -2.13314
188 0.684799
240 2.92471
191 0.240723
197 0.294754
240 4.55379
259 5.08972
159 0.208542
123 -1.21732
349 24.9069
166 -0.0533752
95 -1.25991
118 -0.393692
156 -0.121964
165 0.041626
191 0.184616
98 -0.321068
114 2.10931
161 0.127151
34 -3.20186
143 -0.0499878
156 0.145477
114 2.1066
129 -1.2085
238 2.87935
186 -0.156174
184 0.532944
212 2.79253
127 -0.94529
111 -0.504608
124 -0.679871
158 -0.0655975
203 2.00787
83 -1.81777
180 0.165787
157 0.00267029
59 -1.86225
158 -0.0652618
49 -1.78527
108 -1.06487
121 -0.328835
146 -0.697479
149 1.55301
189 0.78569
34 -1.56184
184 -0.162781
112 -0.663933
27 -2.06176
157 -0.0590668
226 2.58965
59 -1.86219
158 -0.048172
179 0.908005
264 6.43692
89 -2.85186
88 0.862206
158 -0.0478516
118 -0.393898
251 9.68922
263 5.33286
161 0.0366058
184 -0.162338
243 7.24954
41 -2.01068
165 0.0408325
118 -0.394417
147 -0.70816
49 -2.0263
158 -0.0655212
157 0.283432
126 -1.4957
163 -0.0326538
40 -2.39723
193 0.517776
17 -2.64739
75 -0.837555
169 0.00775146
192 1.603
46 -3.84062
184 0.737259
274 5.90341
32 -2.22491
186 -0.156219
184 -0.162643
83 -1.40726
112 -2.01286
98 -0.320946
169 0.00817871
167 1.017
167 1.01685
253 4.62628
212 2.79478
124 -0.72683
61 -1.09298
167 1.01935
130 0.87854
189 0.786392
178 0.419785
94 -2.02973
123 -1.21722
186 -0.156128
220 0.66069
149 1.55299
190 0.319916
146 -0.696716
89 -2.8456
152 -0.616013
159 0.208603
184 0.532227
157 -0.0588837
118 -0.0151825
215 2.03694
31 -1.10341
9 -5.38372
139 -1.05667
80 -2.1004
89 -2.8513
210 2.19234
69 -1.59121
118 -0.42205
57 -5.16528
17 -5.95732
122 -0.72998
158 -0.0389557
134 -0.855042
243 7.26132
61 -0.75415
191 1.17686
100 -2.72025
31 -1.10329
146 -0.567932
184 -0.16272
180 0.534485
124 -0.725922
231 0.637283
156 -0.264267
98 27.4184
203 2.46536
190 0.304504
49 -1.784
5 -2.14473
36 -2.41756
34 -1.79309
109 -1.04205
94 -2.03035
228 3.92763
59 -1.86214
134 -0.50882
215 2.05089
164 0.343048
28 -2.54975
76 -1.46993
125 -0.689262
207 0.73024
8 -3.03605
118 -0.0152283
159 0.208603
112 -2.01306
114 2.10725
243 8.8432
36 -2.06772
133 -1.57771
201 1.58118
129 -1.2086
10 -5.41243
26 -5.55723
186 0.26268
107 -0.259285
210 2.51469
156 0.122925
122 -0.73011
143 -0.301117
31 -3.13083
143 -0.301163
17 -2.64842
93 -2.03383
183 0.439697
151 -0.850266
89 -0.401108
175 0.451538
114 2.09987
162 -0.000747681
114 2.10032
140 -0.0482941
127 -0.945091
130 -0.397186
190 0.594421
183 0.670868
60 -2.63165
225 0.559158
220 2.46576
134 -0.56749
184 -0.163559
17 -2.6477
146 -0.928848
196 0.119385
264 6.41577
167 0.129456
42 -2.17014
178 0.385635
156 -0.123398
94 -1.23619
111 2.0236
241 3.02699
112 -0.412743
234 2.811
191 0.550568
130 0.877609
184 0.0858459
186 0.257736
155 -0.589981
95 -1.25959
180 0.166092
90 -1.95977
128 -0.532387
129 -1.20862
106 -1.44946
208 2.02995
224 2.77054
180 0.535034
121 -0.329041
158 -0.0653534
159 -0.199173
240 2.92471
275 6.81
181 -0.408386
16 -2.686
167 0.15834
133 -0.477707
193 0.772934
202 0.621323
64 -0.703136
171 -0.00440979
146 -0.929031
175 0.267761
194 0.81955
40 -2.39732
114 -1.33966
117 -0.429741
95 -1.25954
224 2.82008
244 4.54674
225 0.559525
115 -0.463905
161 -0.338867
145 -0.559921
180 0.534286
188 0.767044
137 0.991333
182 0.461105
231 2.9668
179 0.40152
94 -2.67049
162 -0.103394
48 -1.80865
200 0.359146
146 -0.698334
137 -0.0300751
166 0.250671
149 1.54845
48 -1.80755
224 2.30342
240 2.92485
34 -1.56163
98 -0.320915
177 0.0363617
200 1.83255
46 -3.84339
80 -0.985268
229 4.03856
191 1.17738
191 0.55127
232 3.91583
119 -1.43539
237 7.26178
39 -9.46981
112 -2.01289
156 -0.123108
170 0.0147858
153 -0.827621
169 0.405075
186 -0.156021
190 0.594452
186 -0.289246
240 4.55389
112 -2.01292
162 0.00234985
220 0.6604
250 5.74232
215 2.04507
137 -0.0301666
119 -1.37979
170 0.0137482
201 1.57941
100 -1.43487
225 0.559662
159 0.20813
133 -0.476913
137 -0.717682
191 0.557739
128 -0.494583
35 -4.26163
137 -0.0303345
153 -0.581039
183 0.401672
79 -0.51918
179 0.910065
49 -1.78375
65 -1.38077
156 0.102295
34 -2.127
156 -0.264862
180 0.166672
158 -0.0654144
122 -1.39185
132 -0.422729
91 -0.359138
122 -1.39127
159 -0.297668
172 0.244446
162 -0.204086
80 -2.25246
149 1.54691
34 -2.20352
122 -1.39167
125 -0.533401
208 1.74928
253 4.6217
111 -0.446861
232 3.91574
165 0.0423126
95 -1.26037
109 -0.143311
93 -2.03402
122 -0.72934
157 -0.0589752
74 -1.84258
23 -2.63929
34 -2.13087
176 0.201004
225 4.94296
186 0.228714
123 -1.54675
151 -0.858063
89 -2.84642
166 -0.0502777
366 24.6188
201 1.58002
123 -0.530502
93 -2.30399
151 -0.858078
67 -2.82461
158 0.0631409
156 0.103088
9 -2.93258
194 0.601151
35 -2.0835
148 -0.796951
129 -0.169189
183 0.232178
237 3.16129
96 -0.23246
182 0.462158
157 -0.702301
33 -20.4792
8 -3.03634
366 24.6964
190 0.319519
9 -2.93338
165 0.0280609
164 0.325272
231 6.11237
55 -1.23995
134 -0.854767
208 2.03003
190 0.322098
161 -0.337219
80 -1.80493
186 -0.155899
76 -1.84681
158 -0.0655212
42 -2.16389
133 -0.476166
14 -3.1959
133 -1.57695
193 0.866226
242 8.52255
151 -0.858261
139 -0.461105
149 1.55235
230 0.900085
189 -0.312271
56 -1.36984
182 1.53668
27 -2.06675
234 2.81105
189 -0.312729
161 -0.337601
190 0.465088
37 -11.597
93 -2.0342
127 -0.525581
184 0.73735
242 7.72148
126 -0.944931
121 -0.328674
232 3.91461
126 -0.945595
27 -2.06168
225 0.559677
185 0.211121
3 -3.24614
177 0.359787
233 3.93211
102 -0.980812
113 -0.963272
126 -1.46818
215 2.01173
120 -0.481781
212 2.79227
148 -0.649796
96 -1.7195
124 -0.723862
138 -0.716278
39 -0.985191
164 0.187622
159 0.208176
219 1.64859
48 -1.80848
137 -1.04474
190 0.72319
134 -0.85704
206 6.02071
109 -2.15139
167 1.03426
192 0.636871
161 -0.338882
156 -0.122284
203 0.584412
45 -2.12029
106 -1.44933
127 -0.274376
108 -0.31913
46 -3.84356
202 0.621262
162 -0.103424
194 0.317719
150 -0.803207
106 -1.45069
207 1.52127
126 -0.525368
200 1.83228
157 -0.0641937
226 8.28456
122 -1.37119
9 -2.93264
178 0.913101
137 -1.02347
93 -2.0341
15 -4.63054
84 -2.93879
219 1.58687
190 0.620926
163 0.144669
133 -0.477921
140 -0.034256
162 0.00650024
165 0.191696
184 -0.160446
186 -0.156021
118 -0.422905
95 -1.25985
48 -1.80804
10 -1.22474
26 -2.86772
218 2.07692
184 0.085495
65 -1.38093
134 -0.556808
60 -1.33899
36 -2.41747
193 0.697769
28 -3.20928
184 -0.162537
93 -2.31114
41 -2.01083
237 3.16074
68 -1.67143
56 -0.763165
14 -3.19591
5 -3.0388
144 -0.777069
189 0.785339
189 0.786972
189 0.788223
56 -1.6688
118 -0.732933
75 -0.837471
149 1.5527
110 -1.44884
15 -4.63621
158 0.0643463
110 -1.69486
189 0.785706
12 -6.06596
151 -0.201385
26 -5.55727
157 0.278824
186 -0.156036
203 2.02454
46 -3.84129
178 0.457672
265 6.56006
36 -2.41714
49 -1.78407
162 -0.103394
228 2.0014
94 -2.02972
157 -0.0588531
203 1.30585
10 -1.22464
189 0.786972
118 -0.422829
235 3.91437
157 0.286407
157 -0.0528717
82 -2.68042
98 -0.310295
149 1.55234
49 -1.78384
253 4.62213
220 0.660675
237 3.16089
206 0.71756
191 1.18602
58 -1.59609
225 0.559937
150 -0.941299
178 0.838211
98 -0.320976
228 7.42818
118 -0.42112
179 0.910385
232 3.91591
111 -2.76342
191 0.55838
46 -3.84097
91 -0.0541534
190 0.596573
145 -0.559998
189 0.350143
108 -1.70536
239 7.58371
280 7.08481
157 0.279144
197 0.570221
197 1.49577
183 0.386734
250 4.74571
154 -0.439056
205 1.31348
161 -0.300751
45 -0.913715
79 -2.5004
60 -2.63148
240 -0.691193
52 17.8847
125 -0.517891
76 -4.55491
36 -2.41698
75 -0.057724
89 -2.84707
64 -0.343632
103 -1.71317
56 -1.36982
157 -0.0590973
233 3.92281
36 -13.0732
215 2.04817
138 -1.00479
180 0.163956
126 -0.945518
148 -0.649277
134 -0.853195
49 -0.866684
39 -2.16554
234 2.81108
130 0.877838
231 6.11226
228 7.40738
89 -1.18382
179 0.907944
117 -0.428947
228 7.43874
42 -2.15987
252 3.19617
252 3.19617
206 2.55748
29 -1.6187
157 0.0030365
40 -2.39738
118 -0.0144501
228 7.43895
112 -0.643822
94 -2.67014
148 -0.649719
84 -2.36862
164 0.055069
118 -0.0145416
10 -5.41149
183 0.308472
121 -0.449516
89 -2.84721
174 1.89639
105 -1.33701
228 1.92509
74 -3.25535
123 -1.20499
68 -1.67168
125 -0.610641
183 0.233734
95 -1.72442
162 -7.62939e-05
127 -0.945488
126 -0.246292
5 -2.18291
205 1.31284
244 8.98969
243 7.2524
240 2.92484
120 -0.703575
239 3.04285
65 -4.49836
98 -0.396973
4 -3.0414
162 0.00128174
233 3.92191
169 0.00784302
220 0.662888
66 -1.69199
98 27.4316
140 -0.599915
65 -1.38066
349 24.7184
88 0.686157
149 -0.281876
259 5.0563
110 -0.454491
143 -0.301086
166 0.0841217
107 -0.204102
81 -2.22164
194 0.317581
56 -1.66864
5 -2.04079
89 -1.1842
149 -0.284119
134 -0.857239
234 2.81038
180 1.24652
143 -0.0505066
240 7.17822
198 2.38161
230 0.893921
218 1.61275
230 6.91205
175 0.0346527
51 -3.38688
198 0.703934
57 -5.16532
178 0.4198
163 0.068924
189 -0.311737
8 -3.03609
59 -1.86036
157 -0.05896
5 -6.0021
203 0.584534
14 -3.19984
59 -2.03156
15 -4.63186
140 -1.38736
159 -0.244095
188 0.772095
76 -2.18977
89 -1.22947
157 0.00309753
83 -1.40736
198 0.594193
11 -1.94209
85 -2.05534
193 0.516815
247 3.45081
134 -0.855209
210 2.43889
32 -1.08549
141 -0.637405
122 -0.729149
59 -1.86194
194 0.501587
193 0.511169
179 0.910187
162 0.000595093
70 -1.53322
188 0.770767
111 -0.124512
151 -0.858047
191 0.887161
134 -0.852753
93 -2.3127
123 -1.21738
158 -0.0480652
64 -0.703247
57 -5.16512
234 6.31174
49 -1.78413
231 2.96664
76 -4.5547
158 0.0631256
190 0.319519
165 0.0378723
112 -2.01266
8 -3.03609
191 0.429474
180 0.166275
128 -0.161263
180 0.163391
340 6.73132
205 1.31215
104 -0.561295
156 -0.269684
203 1.19801
208 0.684143
182 0.462158
35 -1.14128
224 3.49745
188 0.770889
83 -1.40736
204 2.40244
9 -5.3841
182 0.190964
178 0.419922
202 0.621841
27 -2.0617
210 2.43863
118 -0.728874
89 -1.22466
12 -3.05051
170 0.124207
165 -0.403671
193 0.516876
15 -4.63112
149 1.54897
154 -0.506149
89 -1.18334
41 -2.00436
34 -1.56194
136 -0.618637
147 -0.720032
297 10.3069
32 -1.09269
156 -0.270248
55 -0.765942
89 -2.84641
192 0.720276
94 -2.02966
133 -1.57771
124 -0.946053
52 17.8792
242 7.7213
190 0.596649
190 0.597229
121 -0.328537
21 -1.25491
183 0.537491
185 1.80397
225 0.55928
190 0.596359
236 0.269257
175 0.352783
96 -1.12212
39 -9.45546
134 0.731812
159 0.18718
206 1.16028
15 -4.62984
62 -0.973747
225 0.559387
206 6.03523
118 -0.421059
137 -0.0299835
112 -0.643845
252 3.1962
220 2.46434
161 0.195801
148 -0.292297
102 -0.979912
133 -1.57761
23 -2.80278
243 8.35866
179 1.05966
49 -1.78425
274 5.90311
1 -12.6719
75 -0.837448
40 -2.3973
105 -0.533646
111 -2.76196
57 -0.746063
182 0.460892
225 0.559387
26 -5.55724
53 -2.40359
274 5.9039
9 -5.38377
218 2.07756
275 6.80984
190 0.597107
114 2.10001
53 -1.91435
220 0.662704
157 -0.0512695
241 7.85803
190 0.594421
75 -0.837555
10 -1.22423
311 12.847
200 0.726624
188 0.476425
16 -1.93769
180 0.166611
36 -0.551064
308 12.3139
130 -0.368317
85 -2.05544
175 0.497589
112 -2.01232
31 -1.10321
149 1.54858
220 0.662857
196 1.34677
108 -0.319168
94 -1.04288
124 -0.953484
158 -0.0654907
180 0.166428
59 -0.728386
190 0.594772
51 -3.39035
75 -0.837349
182 0.190964
60 -0.873455
175 1.42738
189 0.787827
162 -0.103424
200 0.360519
27 -2.06779
46 -3.84188
51 -0.846165
99 -0.90329
237 3.16093
194 0.317673
158 0.0643768
156 0.102875
198 2.38138
202 0.621307
242 4.81039
130 0.878815
120 -0.401161
140 -0.442459
61 -0.721672
126 -1.74168
162 0.00114441
253 4.62198
236 0.274597
106 -1.44143
23 -2.80206
192 0.771027
222 6.03232
64 -0.703007
10 -1.22679
192 0.717941
180 1.24651
129 -1.20856
182 1.53603
194 0.31778
150 -0.533539
181 -0.0379181
183 0.233994
126 -1.72773
127 -0.522614
21 -1.25498
174 1.61395
184 1.99797
191 1.18579
138 -0.541016
135 -0.956024
134 -0.857132
137 -1.36232
60 -2.63155
158 0.0644226
73 3.47673
125 -0.261551
76 -4.55492
69 -1.56686
186 0.309982
31 -1.10373
99 -0.225365
143 -0.0515137
195 0.44136
189 0.785187
193 1.26643
338 18.1199
184 0.175537
113 -0.250595
159 -0.181641
159 0.205795
220 2.46292
185 1.80954
179 1.00616
76 -1.47005
85 -2.05542
180 0.534103
253 4.62234
162 -0.000869751
157 0.274429
108 -0.878609
93 -2.03399
118 -0.0150986
173 0.267883
93 -2.30384
225 0.559265
34 -3.16437
208 2.02992
185 0.183289
166 -0.0535583
156 -0.0469971
80 -2.10229
253 4.62207
134 -0.566574
140 -0.0481873
106 -1.451
66 -1.50882
103 -0.927818
112 -0.495293
160 -0.246201
8 -3.04585
169 0.127609
59 -2.03162
193 0.511292
151 -0.858078
92 -1.18714
149 1.56114
98 27.4241
61 -3.04556
205 1.31723
180 0.163513
158 -0.0487213
79 -2.80437
184 0.538971
53 -2.55355
220 3.11624
232 3.61388
156 0.0995331
229 7.49048
193 0.518417
32 -1.09269
177 0.468124
123 -1.83054
340 6.73062
27 -2.06726
205 0.567596
192 0.507645
85 -2.05532
230 7.65331
204 -17.2048
10 -1.22737
176 0.290344
259 5.05069
8 -3.03632
49 -1.78381
180 0.53418
190 0.596451
34 -1.56247
183 0.518967
204 -17.2508
207 1.5213
100 -1.43466
10 -1.22412
89 -1.17928
73 -1.48485
124 -0.934532
162 -0.103333
2 -13.7671
238 0.571747
108 -1.70523
178 0.419968
69 -1.56906
181 -0.455719
49 -1.78401
189 0.785324
138 1.90741
23 -2.80271
85 -2.05563
230 0.885742
162 -0.103409
207 0.351334
112 -2.01283
183 0.337112
165 0.209808
159 -0.772003
5 -2.18695
157 0.276245
191 1.18558
218 2.07695
93 -2.31121
63 -1.12368
232 2.96173
165 0.0380554
213 1.7346
124 -0.944031
190 0.594864
49 -1.784
48 -1.80858
124 -0.378029
251 4.76732
184 0.369873
130 0.877533
68 -1.45987
156 -0.12883
184 0.737183
5 -2.14401
336 17.8495
34 -2.13346
143 -0.0504608
56 -1.66872
40 -2.39735
207 1.52113
124 -0.727242
17 -2.64834
27 -2.06128
89 -2.84702
255 5.1675
165 0.038681
175 0.352875
4 -3.24586
204 2.30858
129 -1.20854
210 2.43863
118 -0.475502
151 -0.85817
105 -0.463188
175 2.68642
322 15.0245
196 0.672043
89 -2.84624
48 -1.80853
315 10.7647
225 0.559326
173 0.520782
231 6.11287
9 -5.38382
10 -1.22464
75 -0.837517
221 0.845367
185 0.166382
233 3.92036
210 2.43861
142 -0.305573
178 0.495377
326 16.5477
213 1.74683
189 0.786789
126 -1.72865
203 1.30577
8 -3.0453
126 -1.7253
249 5.58311
156 0.103958
198 8.55135
10 -2.0421
106 -0.566284
252 3.19615
35 -2.10026
126 -1.71073
205 2.5164
9 -2.93273
127 -0.945892
205 1.31226
61 -3.17637
158 -0.648346
146 -0.697266
75 -0.837585
194 0.321213
32 -1.09269
167 1.6091
238 2.90506
297 10.3208
8 -3.04621
232 3.91129
184 -0.162399
21 -1.7042
190 0.318085
98 -0.800301
145 -0.402939
39 -2.53433
185 -0.172745
124 -0.72683
191 1.18597
30 -3.23034
36 -2.41719
150 -0.308853
255 5.16756
228 7.43916
295 10.3232
371 25.1649
189 0.604065
146 -0.93103
243 4.36006
356 20.4199
237 3.16144
157 -0.05867
123 -1.21782
158 0.0646057
162 -0.102386
156 -1.14986
96 -0.212196
184 0.560104
157 -0.0513153
27 -3.16237
198 0.878616
185 -0.0269623
46 -3.84134
100 -2.72017
129 -0.610367
193 0.866074
193 0.557556
283 10.3724
297 10.3206
346 18.4771
178 0.588547
118 -0.015152
317 14.1635
192 1.82083
128 -0.478271
194 0.985825
192 0.827301
103 -0.34333
260 5.155
192 0.507355
123 -0.64769
113 -0.882515
122 -1.37122
40 -2.39738
3 -1.41177
64 -0.703247
19 -18.157
95 -1.25975
151 -0.234604
98 27.4265
253 4.62636
111 -0.581924
208 0.872177
228 3.00824
103 -1.94466
26 -5.55718
197 0.401291
205 1.31236
133 -0.368179
138 -0.541733
242 7.72183
193 1.20457
5 -1.46168
189 0.78714
111 3.36346
114 2.10129
122 -1.39134
221 2.52682
242 3.1787
253 4.62219
206 6.01964
225 0.559525
331 16.778
15 -4.63185
122 -0.729134
88 0.682968
134 -0.855682
76 -1.4711
218 1.55124
48 -3.6344
157 0.00294495
17 -2.65189
157 0.00300598
179 0.908035
114 -1.34
183 0.234207
51 -2.39427
107 1.34772
98 -0.321228
192 0.549866
185 1.80977
212 1.07162
148 -0.649002
113 -1.03154
162 -0.000732422
1 -12.6738
204 0.977112
320 15.0885
92 -0.386414
60 -1.60014
349 24.7183
157 0.00294495
339 20.0005
118 -0.421471
253 9.8786
184 -0.161148
26 -5.5572
169 0.00785828
244 9.30194
188 0.744446
107 -0.182091
138 -0.476166
101 -2.27989
283 10.3724
51 -3.47588
205 1.31418
5 -2.14456
90 -3.23338
152 0.169891
39 -9.47033
150 -0.244415
276 6.82303
242 7.72202
32 -1.09269
133 -0.369064
64 -0.70274
100 -1.42263
181 1.51077
39 -9.44584
51 -3.32348
64 -0.702644
148 -0.122223
63 -1.05523
158 0.0628967
149 1.54904
86 -2.45102
253 4.62253
46 -3.84234
52 -3.34731
11 -1.94226
197 0.294815
79 -2.04063
45 -0.925491
200 1.33766
156 -0.241653
169 0.00776672
130 0.878281
142 -0.215683
57 -1.8717
182 0.460785
88 0.685211
9 -5.3838
112 -0.66394
147 0.0167999
211 1.84016
180 0.163757
130 0.877945
51 -3.35951
253 9.87721
351 20.0517
89 -1.18312
190 0.597046
136 -0.910919
240 1.99234
64 -0.703552
162 0.000854492
122 -0.72966
129 -1.20854
167 1.19435
234 2.81093
100 -2.14736
15 -2.80676
93 -1.25324
8 -3.03613
88 0.686134
57 -5.16515
136 -0.456238
129 -0.0919342
202 1.77824
192 0.507187
260 9.23776
116 -1.633
197 0.836456
366 49.271
211 3.7366
224 2.90578
188 0.771362
241 3.43547
136 -0.618561
265 6.54822
182 1.53636
177 0.172363
336 17.8507
111 -2.76124
110 -1.44836
162 -0.00038147
15 -2.04265
184 -0.162399
274 5.88434
27 -2.06162
176 0.142136
60 -3.07617
110 -1.44871
326 17.7852
46 -3.84039
210 1.72958
92 -1.27597
211 1.84018
134 -0.557831
64 -0.702927
186 0.285233
169 0.433228
13 -3.71246
51 -3.35961
228 2.40353
105 23.2499
125 -1.60741
292 11.0954
46 -3.84476
194 0.317734
51 -2.43874
74 -3.25526
37 -1.87965
96 -1.11268
78 -2.74718
137 -0.030014
206 2.30342
182 1.53641
75 -0.837646
118 -0.015152
148 -0.64975
200 0.359238
8 -3.03625
155 0.72879
67 -2.78741
75 -0.837456
364 33.0246
76 -2.86143
326 17.7865
205 0.58812
15 -4.62995
173 0.130692
76 -2.87459
161 -0.337219
129 -0.462372
198 2.38129
228 7.42761
48 -1.80775
228 3.72667
5 -2.18309
133 -0.36824
138 -0.538757
145 0.0163879
76 -2.86072
199 1.55333
139 -0.694595
183 0.234085
110 -1.43094
191 0.18454
148 -0.610489
168 0.893402
192 0.693359
90 -3.22733
205 -16.9553
173 0.207031
155 0.741898
151 -0.790894
104 -1.63144
189 0.786789
143 -0.0518036
182 1.53726
226 2.55721
134 -0.85527
110 -0.367363
191 0.18457
90 -0.550072
336 17.856
182 0.462036
198 2.26785
201 1.15341
178 1.20393
200 1.68027
173 0.253754
178 0.314499
301 12.4773
148 -0.0591125
33 -4.38984
48 -1.80865
27 -2.06152
261 11.2068
218 1.55133
207 2.54337
201 1.36179
336 17.8511
210 2.60573
5 -2.1818
212 2.79208
48 -1.64585
153 -0.0428772
166 -0.0493927
225 0.559738
147 -0.719193
116 -1.6327
17 -2.85018
108 -0.319397
96 -0.206322
12 -3.05053
98 -26.8796
112 -2.01254
23 -1.49236
34 -1.79308
32 -1.09265
103 -0.839073
184 -0.162613
114 -0.961418
203 0.509399
292 8.34122
24 -3.10115
157 0.279266
191 0.551819
118 -0.394005
63 -1.20774
253 4.62628
95 -1.09792
242 -1.3493
183 0.23056
321 14.6723
242 4.34651
178 0.91954
183 0.772461
145 -0.353561
23 -2.80273
23 -2.63887
110 -1.44894
318 14.6975
210 2.43864
16 -2.68592
81 -0.469048
140 -0.551544
192 0.509247
161 -0.258209
15 -4.63547
122 -1.39137
77 -2.68227
65 -1.38072
309 12.5077
185 0.339661
8 -3.02706
274 5.90094
49 -2.91218
49 -1.78406
221 6.14757
349 24.7186
116 -1.63312
192 0.718018
42 -4.75542
191 0.184586
209 1.56799
167 0.801117
94 -1.11495
157 -0.0513916
50 -3.38154
131 -0.287399
276 8.15256
159 -0.181366
187 0.742752
223 7.35312
197 0.835266
217 3.39111
228 4.05197
282 7.80908
252 3.19626
66 0.169273
214 0.787109
231 2.96709
199 0.884933
112 -0.993958
17 -2.83544
192 0.507416
114 -1.33955
294 13.5207
110 -2.19642
9 -5.38375
177 0.161911
66 0.167816
168 0.298355
325 15.3888
33 -1.90878
57 -5.16508
142 -0.272858
191 1.18596
177 0.330704
35 -2.08522
220 3.09933
25 -2.92566
206 6.01979
17 -2.85833
50 -3.37885
162 -0.103394
163 -0.101715
75 -0.837326
193 0.520462
224 9.12595
110 -1.70937
180 0.772858
162 -0.103394
152 -0.776474
280 6.83319
83 -1.38451
73 -1.48486
64 -0.702751
253 9.87601
193 0.511551
206 6.03502
67 -2.7888
213 1.92963
133 -0.478928
152 -0.0969238
16 -2.93512
35 -4.47705
233 0.398407
271 11.1258
194 0.581161
206 6.02156
63 -3.19663
63 -3.10968
194 0.317749
197 0.837296
306 13.8762
33 -1.07047
175 1.35304
116 -0.936401
178 0.437881
182 1.53729
184 0.539719
82 -1.4706
70 -1.28824
212 2.79243
234 2.81079
179 0.152725
12 -4.05127
158 0.0630188
10 -1.22466
109 -1.26826
29 -0.0179253
189 0.786407
104 -3.9325
121 -0.226295
255 5.16739
204 2.32109
56 -1.96646
69 -1.54414
123 -0.530968
147 -0.560776
157 0.276428
35 -2.10403
158 0.0632782
326 16.5488
190 0.620453
130 0.878326
161 -0.0720215
56 -1.36993
260 4.70209
173 0.497238
232 2.4334
247 3.44931
112 -0.656601
182 0.170227
301 12.4774
124 -0.680588
74 -3.24952
177 1.6922
51 -2.60656
97 -1.13863
182 1.53612
207 1.52113
243 7.24947
193 0.516922
356 -0.178772
221 0.845428
301 11.0647
53 -3.3581
182 0.969971
105 -2.0419
290 9.23779
217 3.37056
43 -3.61501
217 1.73619
329 17.0192
86 -2.4511
190 0.31778
184 1.99765
24 -2.84524
122 -0.687187
200 0.475677
156 -0.13002
210 1.72972
193 0.554764
19 -18.1203
126 -1.72787
67 -2.78717
129 -0.0526886
146 -0.699219
122 -1.37123
201 1.5816
165 -0.209366
134 -1.1371
51 -1.86409
197 0.837448
129 -1.25444
112 -0.64386
23 -2.63843
8 -3.04595
157 0.349213
39 -2.22255
340 20.248
136 -0.144653
265 6.56088
51 -3.47652
157 0.00312805
159 0.153046
207 1.21736
79 -1.97215
260 5.16495
204 -17.2511
52 17.8744
180 0.423508
127 -1.5912
100 -2.72016
184 0.414383
147 -0.718155
68 -1.67151
105 -0.386986
208 2.03056
182 0.462265
15 -4.63066
116 -0.352028
210 2.4386
101 -0.433662
112 -2.01289
157 -0.059082
97 -1.13797
162 -0.000350952
147 -0.706985
46 -3.84492
97 -1.14182
162 0.00109863
208 2.02991
156 0.123718
35 -2.52209
66 -0.863907
323 15.3385
73 -0.486496
86 -2.45023
192 0.507416
80 -0.984467
96 -0.495354
240 2.9248
335 -11.6539
0 -23.0206
9 -2.93339
59 -1.86221
307 13.4267
66 -4.08565
48 -1.80793
105 -1.75497
96 -0.415749
147 -0.71994
121 -0.329025
182 0.462051
33 -3.55769
144 -0.403671
18 -2.77933
21 1.58281
43 -0.953663
15 -1.54423
190 0.594757
310 13.0471
70 -3.02518
306 12.3611
100 -0.385971
245 3.45532
93 -1.19722
280 7.70538
184 0.403961
162 0.112686
105 -0.96209
89 -2.84688
278 7.50461
312 12.9063
124 -0.72654
193 0.514359
0 -23.0113
32 -2.22483
183 0.393616
147 -0.224655
182 1.53731
354 19.8707
228 7.40668
140 -0.151749
153 -0.0187531
51 -3.42259
182 1.44315
14 -3.20028
39 -3.44186
103 -1.9752
1 -8.71882
133 -0.141098
86 -2.61762
336 18.372
98 -26.8686
163 -0.101318
36 -2.05836
79 -2.80183
103 -1.97316
140 -0.0493927
253 3.69067
146 -0.697739
192 0.507614
60 -2.6315
113 -0.995872
184 0.539566
156 -0.117447
202 1.36546
162 -0.0744476
130 0.877457
182 0.352997
275 6.80991
82 -2.71228
5 -2.14504
133 -0.370682
231 2.96666
221 2.45482
210 2.51477
65 -2.69184
18 -2.76883
30 -2.42127
14 -3.19986
146 -0.516922
256 11.5804
10 -1.22723
104 -3.92259
184 0.536438
177 1.09596
2 -4.1545
199 2.38573
150 0.0615082
197 0.294693
5 -2.18392
349 24.7186
32 -6.17868
192 0.290237
231 0.594681
253 5.32288
32 -1.09256
198 1.9012
76 -2.36819
7 -2.96992
7 -3.31277
127 -1.18161
67 -2.79361
183 0.230148
154 -0.0761719
187 0.506897
154 0.104935
109 -2.21333
60 -1.46386
299 12.5373
106 -0.311501
240 1.99211
75 -2.81834
336 18.3348
139 -0.37001
333 18.8161
224 0.288101
77 -2.91402
283 10.3723
123 -0.646797
266 5.16605
179 0.91095
46 -2.65232
193 0.515411
126 -0.944183
205 4.67586
107 -0.889732
49 -1.78386
211 1.76642
26 -5.55733
273 7.54306
260 9.23773
108 -1.70558
173 0.10318
89 -1.2308
240 1.98961
107 -0.443802
187 0.236649
51 -2.49939
112 -0.643799
123 -0.977707
32 -2.22487
101 -0.430412
208 2.03006
180 0.27417
264 5.03299
184 0.737167
362 34.0348
221 0.845734
183 0.23056
33 -2.01942
123 -0.947678
106 -0.311035
165 0.0198059
71 -3.40453
254 3.91153
82 -3.32481
86 0.0589066
212 2.79599
188 0.551575
179 0.91008
343 20.7517
96 -0.212204
228 4.05249
210 1.39105
17 -2.77534
165 0.0288239
51 -3.31621
142 -0.215424
66 -3.31676
115 -1.24876
87 -3.40449
159 -0.181061
30 -2.15037
100 -1.14931
132 -1.03568
132 -0.225281
151 -0.231445
221 0.845383
192 0.734024
19 -2.13867
178 0.206848
8 -3.0458
206 6.02156
134 -0.557556
188 0.75705
188 0.861877
220 0.66124
140 -0.159409
210 1.99515
54 -3.50135
131 -0.235535
312 13.2603
69 -3.43899
322 14.1334
200 2.53413
126 -1.0172
67 -1.48227
74 -3.48199
290 8.314
104 -3.91767
278 7.96811
35 -2.0893
275 6.72064
66 -1.69371
29 -0.0539188
35 -2.08775
352 20.016
67 -2.82491
263 5.40201
371 25.1586
174 0.279099
59 -1.86219
321 15.1837
295 8.79047
24 -5.12934
111 -2.00215
25 -3.47705
86 -0.431686
159 0.0860748
139 -0.340591
79 -1.51415
79 -0.364639
29 -3.12441
102 -1.34446
92 -0.393982
362 34.0361
274 7.53891
61 -2.27167
320 15.0881
76 -2.86069
54 -3.39585
86 0.0567932
65 -4.08092
86 -0.431541
147 -0.270294
83 -1.40746
204 1.48862
343 20.7498
37 -3.56849
193 0.528152
219 2.10956
115 -1.62036
252 3.6519
98 27.429
123 -0.646133
210 1.72948
134 -0.557846
66 -1.69514
99 -2.2196
203 1.30591
323 14.9626
25 -2.25142
248 4.6519
311 12.6625
143 -0.591156
109 -1.7299
95 -1.03328
55 -4.03567
109 -0.933716
4 -13.0429
366 16.4927
31 -2.10768
220 1.18817
101 -0.260994
79 -2.11183
197 0.836594
130 -0.234238
164 0.00331116
307 13.26
87 -1.92471
122 -1.39154
44 -2.08347
109 -1.6119
103 -0.927559
12 -15.7296
148 -0.809418
138 -0.32251
167 -0.148422
46 -3.8448
50 -3.38234
301 12.7561
237 3.16138
175 0.203476
175 0.287537
186 0.688171
66 -1.69503
335 18.4746
359 28.012
175 0.308273
64 -0.703247
228 7.41154
212 2.79153
297 10.3207
193 0.866211
5 -21.1311
133 -0.477036
58 -1.91631
101 -0.902802
14 -3.2003
23 -2.80219
183 0.230362
64 -4.49601
43 -3.5895
228 3.92043
258 11.2315
185 1.80028
194 1.05334
92 -1.24603
178 0.426086
76 -2.86064
180 1.24138
197 0.294357
184 1.99567
28 -5.3117
120 -0.834404
175 0.834076
143 -0.222458
136 -0.128311
127 -1.33392
36 -5.02365
15 -4.63193
142 -0.450317
86 -2.4511
39 -9.44947
141 -0.188278
90 -2.49502
118 -0.0152893
238 2.65291
158 0.0640259
27 -1.70717
205 1.31229
27 -3.29918
112 -0.973534
131 -0.499237
346 18.4758
175 0.353149
121 -0.225349
40 -2.39727
87 -1.82166
140 -0.345673
55 -3.38147
333 18.5192
76 -2.8606
182 1.44171
22 -2.71957
110 -1.44934
116 -1.63291
118 -0.932648
100 -2.72032
313 13.3625
69 -1.03867
188 0.771057
46 -3.84407
51 -3.42295
53 -3.27822
107 -1.71321
67 -2.8259
21 -1.99448
22 -2.69049
125 -0.668579
53 -3.37658
111 -1.72794
42 -2.16772
204 1.13828
67 -2.79945
353 15.9672
221 0.84523
132 -0.179092
221 2.48103
69 -1.52863
39 -1.51781
48 -2.6366
168 0.212402
254 5.16943
370 25.7623
46 -3.8449
80 -2.33453
104 -0.494469
203 0.584244
22 -6.15417
82 -2.71113
88 0.864349
337 -24.223
228 3.92082
217 3.39079
105 -0.459541
210 2.24434
238 2.84068
237 3.16133
122 -1.39132
22 -1.81787
164 0.0085907
210 1.1483
66 0.164413
117 -0.191185
138 1.02464
116 -1.63307
233 3.53227
17 -5.56135
85 -2.05527
34 -2.13277
140 0.195648
117 -1.08279
65 -3.31384
331 16.7779
140 -0.158524
322 8.70932
10 -1.2247
202 0.644714
180 0.422073
46 -3.84458
94 -1.23249
86 0.0570221
79 -0.362686
39 -3.58231
50 -3.62185
262 6.13956
73 3.46342
101 -3.01606
98 -0.243462
66 -1.30596
177 0.773773
271 11.2703
138 -0.538605
202 -8.20474
161 0.127167
106 -0.752182
99 -2.18423
218 1.55133
206 -8.61009
57 -6.63063
247 3.44707
311 12.7339
250 4.02551
257 4.84119
109 -1.73016
350 23.0541
73 -0.54808
65 -1.38083
110 -1.44899
178 0.551132
93 -0.371788
227 1.68491
96 -2.16801
149 -0.211929
156 -0.430298
365 31.9035
8 -3.04579
67 -1.47192
93 -2.30948
66 0.191696
24 -2.47563
37 -2.48689
191 0.557816
357 38.6536
109 -0.433075
65 -1.3809
321 15.1844
51 -3.35981
142 -0.215759
310 12.5782
175 0.0681915
195 3.01009
259 4.6286
188 2.87491
276 8.15259
70 -3.2584
206 6.03374
218 2.64185
77 -2.91969
179 0.82666
86 -2.45136
5 -2.14508
118 -1.30146
45 -0.961727
205 2.19351
67 -2.79307
184 -0.16275
116 -0.286743
46 -3.67189
134 -0.23793
192 0.527924
106 -0.310997
20 -2.81142
203 1.30568
23 -2.80212
63 -1.60046
186 0.359528
303 10.6939
131 -0.270554
124 -0.939072
192 2.02756
247 3.45119
12 -15.7182
175 0.480408
46 -1.81919
14 -3.20022
253 4.62627
331 16.7062
40 -4.13582
137 -0.99057
79 -2.80436
191 0.551941
180 1.24493
109 -1.73032
244 2.9536
336 18.3323
151 -0.020813
40 -2.39722
129 1.15598
99 -5.83977
103 -1.99667
264 5.03293
110 -1.44918
191 0.852051
253 4.62637
20 -2.74055
279 11.0176
146 -0.699142
128 -1.33355
251 5.07816
23 -2.80195
86 -0.431511
40 -2.3972
86 -0.431519
175 0.237839
315 14.7992
192 0.689697
217 3.39305
134 -1.12009
31 -2.11679
313 12.8702
122 -1.37125
97 -0.907539
141 -0.182968
83 -4.11419
59 -3.39248
202 2.78749
175 0.12941
219 10.7164
201 1.08128
94 -1.71137
109 -1.66151
135 -0.735413
326 16.5493
59 -2.53576
85 -2.05529
171 -0.0373535
14 -3.19958
108 -1.70648
195 1.45107
83 -4.12293
89 -1.22504
240 1.47182
60 -2.63175
103 -1.97296
208 2.58337
167 1.03966
138 -0.533188
273 7.54474
56 -2.33569
273 5.862
249 4.76006
166 -0.0535736
138 -0.524857
140 -0.345169
179 2.06607
363 33.5544
46 -3.84321
187 0.242157
224 12.8806
314 13.1268
140 -0.158844
45 -3.58467
86 -2.45098
26 -5.55728
214 2.39336
116 -1.63326
39 -9.44587
140 -0.385254
121 -0.224823
366 24.6941
207 -9.2021
21 -1.95061
167 0.0475922
63 -1.11236
22 -1.81785
141 -0.562866
199 0.794678
93 -2.31094
45 -1.92393
197 0.294754
200 -8.1494
32 -6.18891
92 -1.27111
269 8.57104
100 -0.325722
296 11.3555
36 -3.61102
110 -0.310822
310 12.5237
9 -3.0558
241 3.32684
95 -0.273621
80 -0.9851
70 -3.02559
126 -1.72499
210 2.56462
98 27.429
179 0.524185
106 -0.311501
99 -2.60456
336 18.3345
167 0.0588684
53 -0.801735
113 -1.74413
281 8.4278
75 -0.83754
248 4.69417
16 -2.68613
129 1.23581
227 1.92703
82 -2.28703
32 -2.22462
206 6.02042
156 0.123642
128 -1.90726
103 -0.927757
22 -2.70466
110 -0.318665
254 3.78931
81 -1.21388
158 -0.049118
86 -2.45211
142 -0.21402
12 -3.05061
121 -0.224541
128 -1.28358
102 -1.64864
308 12.3729
158 0.0630035
15 -4.63088
145 -0.33313
83 -1.38486
49 -3.60083
180 1.24194
45 -4.2123
221 0.845718
128 -1.25689
16 -2.68613
232 3.9119
203 2.02461
162 0.00112915
145 -0.265427
251 4.83609
49 -1.78407
233 2.80226
164 0.00846863
123 -1.36461
123 -0.647461
228 4.05241
203 1.30571
242 7.72311
60 -2.63173
63 -1.0652
101 -0.432472
225 1.33911
145 -0.371582
27 -4.89566
316 16.7847
312 14.5155
112 -2.44979
160 0.236343
311 14.2896
4 -3.02332
110 -1.70769
134 -0.747284
26 -11.9743
165 1.31209
228 3.78677
192 0.602905
142 -0.272552
356 -0.190918
264 6.37909
336 17.8552
139 0.744751
66 -4.08357
113 -1.08659
103 -0.92765
217 3.39365
177 0.998291
224 3.44849
39 -9.45871
51 -3.38242
214 0.947464
297 10.3207
31 -1.61687
169 0.00823975
128 -0.525063
111 -2.76115
124 -1.19577
53 -0.796715
181 0.109818
227 2.65941
115 -1.73313
5 -21.1293
132 -1.22891
162 0.00102234
179 0.398773
49 -3.62348
86 -2.45143
164 -0.026947
133 -0.817001
110 -1.70734
124 -0.681396
340 19.3947
113 -1.43132
60 -2.63152
285 7.68826
42 -2.55952
95 -2.02624
98 -26.849
86 -0.431557
206 6.01974
5 -2.13929
42 -2.15971
53 19.6649
156 -0.122299
25 -3.26319
326 16.5487
73 -1.48488
82 -2.7076
199 0.6371
121 -0.328712
67 -2.82457
121 -0.224617
215 1.12727
228 6.24013
108 -0.391418
66 -1.67886
218 2.07707
73 -3.3379
298 12.5853
63 -1.07362
96 -1.1235
190 1.41794
40 -4.01527
61 -3.04866
110 -1.4492
106 -2.04562
217 1.02168
299 10.6804
137 -0.437149
281 8.42438
73 -3.37016
98 27.424
229 2.72604
356 -0.178864
118 -0.835625
149 -0.212006
23 -2.80207
225 0.347717
88 0.871498
166 -0.0493164
121 -2.1037
51 -3.42251
108 -1.70541
246 4.48976
133 -0.477127
310 13.0462
12 -2.91518
340 19.3943
158 0.0631561
111 -0.920906
51 -3.47664
128 -0.507477
115 -1.82422
185 0.113388
273 7.54346
39 -3.89077
98 27.4284
61 -2.04771
138 0.0465851
230 1.30791
23 -2.9773
151 -0.231476
92 -1.23001
330 2.87665
156 0.393234
175 0.320618
60 -24.3835
297 13.8307
81 -2.71931
192 1.33929
79 -1.46715
274 5.90356
218 1.55128
127 -0.639305
63 -3.40229
98 -26.8662
24 -1.10812
184 1.99768
247 3.44695
158 0.0631866
40 -2.39752
105 -1.89055
121 -0.224571
273 6.77371
265 6.55991
182 0.191055
129 -1.18789
182 1.4458
357 38.6996
313 14.086
179 0.387161
43 -0.959942
136 -0.878113
9 -19.7609
35 -7.06658
10 -5.41424
111 -0.721077
167 0.532806
224 12.8777
4 -13.0401
264 6.70804
254 3.75885
34 -3.64001
114 -1.64932
195 1.46515
14 -3.1964
194 0.828461
301 12.4775
307 13.4267
164 0.00646973
146 -0.697815
4 -9.96213
309 12.5763
11 -2.11113
60 -2.6318
103 -0.841522
299 10.5854
132 -0.230301
49 -2.08965
319 14.8002
311 12.8672
243 3.36983
318 13.3522
212 2.79144
51 -3.45581
49 -2.70191
51 -3.3905
277 7.39868
223 2.89471
87 -1.8453
127 -0.94548
198 1.21558
253 4.62585
208 1.68137
142 -0.214157
178 1.50879
122 -0.673607
321 14.2927
182 1.45865
306 13.875
17 -2.12264
103 -1.96827
146 -0.69722
356 -0.180176
91 -2.35796
240 4.40402
60 -2.63164
349 24.7184
184 1.99789
249 5.58209
360 14.4993
194 0.321152
331 17.0662
134 -0.177505
321 15.99
366 24.6196
303 11.8587
154 -0.0126953
12 -15.7163
133 -0.392731
269 8.56555
221 0.845642
211 1.84026
44 -1.77949
288 9.2532
39 -9.4593
118 -0.394302
178 0.271088
157 -0.123245
16 -2.32354
53 -3.36513
49 -1.78382
76 -2.86085
110 -1.70775
343 20.743
315 13.3883
306 13.8752
123 -0.645737
356 -0.190826
76 -2.97675
128 -0.162659
203 1.30574
9 -19.773
130 -0.501709
343 18.6959
224 0.321609
134 -0.567841
116 -0.352448
21 -1.25472
197 0.294769
83 -1.40739
138 -0.556824
89 -2.47089
188 0.458435
60 -2.63172
319 15.0203
313 12.7642
173 -0.125946
210 2.3835
42 -3.81391
269 5.37076
97 -1.79414
364 22.1304
23 -1.10637
80 -2.10025
157 -0.575394
127 -1.43151
301 12.7344
107 -0.259315
82 -2.71455
180 0.112579
37 -2.9763
159 0.290665
315 14.6024
46 -3.84038
210 2.60574
356 -0.190887
290 8.95087
201 1.00713
114 -1.34471
17 -6.15781
47 -3.63156
34 -1.79312
25 -11.7736
197 0.848846
145 -0.377899
134 -0.229401
310 13.0467
307 13.2853
30 -1.05978
32 -1.75363
220 2.72305
133 -0.377213
253 4.85709
109 -1.54984
86 0.0593491
240 1.99361
218 2.07872
139 -0.273132
313 12.7341
26 -2.83158
243 5.07312
161 -0.339127
192 0.461746
265 6.56201
150 -0.220444
178 -0.05159
23 -2.63892
51 -3.4758
51 -3.40172
94 -1.11491
350 6.01038
47 -3.03927
73 -1.48453
172 1.02693
224 0.230942
83 -1.38397
177 0.142715
73 -1.44695
51 -3.47681
14 -3.19949
319 13.4362
302 13.7022
54 -2.18461
40 -12.8212
64 -1.48371
25 -1.73955
74 -0.360146
59 -3.92628
221 1.64862
92 -1.23885
326 16.5492
140 -0.171509
203 1.3058
150 0.297012
197 1.69196
116 -1.0686
39 -9.45667
366 10.2692
147 -0.704285
167 1.03035
113 -0.785477
26 -5.5571
82 -2.7044
67 -2.82455
110 -0.318634
134 -0.480591
110 -1.4492
323 17.9955
147 -0.179626
87 -1.83651
89 -2.30781
53 -2.17448
65 -1.38089
70 -3.38855
8 -2.91655
126 -1.72519
60 -1.65221
94 -0.348755
121 -0.943695
275 11.0713
165 0.0387726
223 2.5112
148 -0.0722504
34 -7.13142
94 -1.11575
31 -3.5969
300 11.3549
149 -0.281418
331 16.7777
126 -0.529228
322 16.36
182 1.4462
282 8.28699
205 1.4644
113 3.72897
130 -0.272644
189 -0.312637
76 -2.83957
259 11.1623
203 1.12465
134 -0.177185
144 -0.928665
349 24.9067
176 0.802582
47 -3.0975
86 0.057312
104 -2.06225
326 17.7991
342 20.1252
225 0.337097
81 -2.72544
220 0.66069
262 5.38687
203 0.787292
171 0.134888
134 -0.521729
13 -3.25433
70 -3.02548
100 -0.329712
90 -3.22747
299 9.72205
36 -3.77658
227 2.50671
253 9.88687
76 -2.88715
107 -0.447235
306 13.4097
19 -18.0929
23 -2.63901
129 -1.33056
134 -0.202606
47 -3.0379
36 -2.41621
337 18.331
92 -2.40201
224 12.8781
20 -2.70591
27 -2.25561
43 -2.31083
156 -0.282822
52 17.8842
40 -3.61605
277 7.89383
278 8.5813
73 -3.34136
51 -3.40607
201 0.700836
340 20.2339
158 0.063324
59 -3.70418
57 -1.84071
158 -0.0480499
232 -1.65108
221 0.845367
107 -1.03748
26 -5.55712
129 -1.24326
91 -2.78368
48 -5.55234
138 -0.199524
9 -1.02904
207 1.74028
122 -1.37122
145 0.79274
91 -2.77972
168 0.976059
237 3.16135
283 7.25946
117 -2.17862
110 -1.44903
168 0.136414
315 12.5925
281 8.42453
311 14.2876
363 32.6992
286 10.4884
113 -1.60601
246 3.48688
106 -1.44189
290 9.23846
337 19.6103
124 -0.349854
166 -0.0505829
79 -16.0713
75 -0.0578461
110 -1.42482
76 -0.689949
138 -1.31546
118 -1.36309
116 -0.351723
274 6.37122
77 -2.16548
291 9.89359
338 18.9759
47 -3.04111
148 -0.420471
52 -3.28165
66 -4.08376
116 -0.351822
160 0.185837
191 0.550537
51 -3.38659
354 17.9437
109 17.6212
172 0.262909
330 17.0591
42 -2.16289
134 -0.554794
157 0.00308228
326 17.5872
142 -0.215424
98 -2.11903
85 -1.80513
223 5.90961
65 -4.52207
215 1.92155
134 -0.839691
305 11.7272
372 29.2083
86 -0.431625
77 -3.55112
302 12.4055
228 4.05197
213 2.71783
190 0.319489
282 8.14566
76 -1.30743
65 -2.33678
321 14.2927
215 1.92166
130 -1.46442
285 8.82889
61 -3.04819
170 0.125824
118 -0.408127
231 6.11227
66 -4.08418
49 -1.78436
44 -1.47495
221 2.78239
61 -1.54183
26 -5.55738
139 0.153427
60 -2.63163
362 34.0335
87 0.137009
215 1.92163
16 -2.686
295 12.9612
348 21.2066
123 -0.645889
325 16.8162
79 -0.364578
108 -1.75216
50 -1.77634
25 -1.21113
121 -0.224808
196 0.507477
109 -0.923737
306 11.4037
268 5.65286
312 14.5765
130 -1.62944
228 4.05191
365 26.4369
86 0.0590591
87 -2.43716
106 -1.72204
131 -1.05371
42 -1.81802
228 3.92087
247 3.44966
176 0.128036
247 3.54839
332 18.5962
368 20.6263
119 -0.323631
45 -3.62103
139 -0.430038
110 -1.4486
204 1.88942
149 -0.298035
38 -3.4283
137 -0.406464
51 -1.65208
180 1.24173
322 16.3299
122 -0.914383
121 -0.224663
368 7.39755
28 -3.0587
321 14.2921
34 -1.79308
333 18.0506
23 -2.80223
69 -1.528
122 -0.603844
189 -0.311859
59 -4.76846
193 0.870102
202 0.428085
60 -3.04149
144 -0.163971
131 -0.269928
280 7.39664
110 -1.44948
80 -2.53323
210 2.51402
114 2.1032
1 -12.6688
302 12.4062
113 -1.11237
93 -2.26052
72 -2.39366
110 -1.44901
165 -0.403397
326 17.8092
67 -2.82451
294 13.5209
314 16.2901
325 16.7732
370 -0.328735
85 -2.97802
242 7.72232
269 7.31906
151 0.163406
322 16.3609
207 0.492111
97 -1.99466
293 9.28625
174 0.278305
314 16.4913
46 -3.84367
321 15.0616
162 -0.000747681
221 3.04221
178 0.214951
1 -12.6718
232 3.91328
346 20.3356
90 -3.39352
310 13.0489
276 8.15234
92 -1.18715
61 -1.58869
103 -1.97533
14 -1.28031
122 -1.32854
19 -18.0965
302 11.6146
159 0.208084
133 -0.295486
81 -1.75518
186 0.246155
249 5.58287
35 -1.61868
185 1.80498
21 -2.85237
67 -2.79892
18 -9.3736
69 -1.52879
280 11.0156
32 -5.75617
362 18.3351
112 -0.75045
341 19.0191
226 1.55602
54 -2.8878
337 17.8746
61 23.5756
326 17.7978
160 -0.215576
151 -0.231064
336 18.3721
169 0.16246
97 -2.59318
251 4.82727
206 1.53551
95 -1.10076
72 -4.6943
278 8.58026
210 -10.1066
274 7.53915
67 -2.79645
67 -2.82454
109 -1.73042
123 -0.0251312
314 12.3261
69 -1.47634
97 -1.88698
116 -1.44079
162 -0.134964
131 -1.62878
5 -6.00203
186 0.309387
208 1.26372
110 -1.44868
185 1.80428
170 0.152756
124 -0.923943
152 -0.356735
122 -1.52344
228 4.05202
67 -3.03082
61 -3.05172
159 -0.588181
77 -2.68094
127 -1.29742
129 -0.469269
84 -3.10852
77 -2.14474
130 -0.428375
116 -0.350739
54 -3.1681
356 -0.190826
134 -0.721481
19 -18.1026
350 23.0786
110 -0.318893
110 -1.44856
242 4.81046
358 38.3283
372 24.6288
231 2.96666
343 20.7018
209 0.794998
145 -0.600098
326 17.7903
202 1.18048
215 1.92148
148 -0.168808
220 2.72307
308 11.3596
47 -3.03979
165 0.0386658
5 -2.18287
50 -3.9381
218 1.55124
168 0.162125
225 0.559525
42 -1.8126
122 -2.14976
356 -0.190948
70 -1.71236
336 17.8551
131 -0.284027
340 20.5201
85 -2.97964
144 -0.958817
316 13.6741
224 0.307297
93 -2.3109
315 14.8108
70 -3.45126
116 -0.351761
307 13.5208
250 3.63802
105 -0.464996
121 -1.46274
27 -2.96888
126 -1.72495
200 1.38622
33 -1.99046
118 -0.0151138
80 -0.984329
75 -0.962555
120 -1.22918
19 -4.89897
188 0.683533
37 -4.03023
62 -3.61016
32 -1.09458
313 14.7824
109 -1.03294
117 -0.426956
22 -2.67496
56 -1.36986
350 23.0712
270 5.89017
49 -3.60801
340 19.3942
79 -2.80735
115 -1.63049
193 2.44812
139 -1.23428
21 -3.09982
158 -0.0493927
69 -1.53064
78 -1.50738
212 2.79265
93 -2.30415
323 17.8979
228 4.05196
206 6.02049
32 -6.1875
64 -2.35362
135 -0.186066
304 12.2161
110 -1.43639
263 4.39566
70 -1.86774
45 -3.52237
203 0.739822
92 -2.39462
323 16.963
45 -5.45647
359 28.0283
41 -3.66174
98 -0.796135
145 0.0117645
274 7.53809
337 19.6107
326 16.5492
39 -3.76048
64 -4.49505
49 -3.20337
91 -2.6505
319 15.1645
338 20.4525
16 -2.68619
373 1.60748
152 0.0488586
203 1.30565
145 -0.559921
89 -1.37334
74 -1.44855
173 0.176346
194 1.28323
236 4.41116
52 17.889
130 -1.4566
83 -2.58509
77 -2.93721
190 0.59671
84 -1.28869
51 -3.40914
161 0.127182
319 5.36945
87 -1.87954
322 13.6387
68 -1.67152
209 2.00726
51 -3.31653
133 -0.376663
68 -1.48374
172 0.130875
256 4.69305
89 -3.80624
51 -3.39283
83 -2.48454
330 17.3687
133 -0.374817
228 3.9212
158 0.0634003
318 14.325
137 -0.466873
123 -0.0190277
64 -3.48146
133 -0.375366
123 -0.646606
311 14.2899
154 -0.176407
274 5.90085
360 26.7852
133 0.0584412
365 26.4347
136 -0.223221
114 -1.65301
5 -6.00174
326 16.5472
17 -2.81375
67 -2.80122
144 -0.716629
197 1.55499
79 -1.53183
134 -0.542328
312 19.0084
133 -1.15616
178 0.200668
130 -0.333099
75 -0.0577698
184 0.737274
212 2.79497
134 -0.566467
71 -1.48667
252 3.62305
313 12.7187
131 -0.269562
319 15.1644
344 23.2962
367 22.7823
32 -2.22488
23 -3.12325
113 -1.69191
186 -0.155273
41 -3.72986
121 -2.57836
80 -0.985336
109 -0.423111
109 -1.73012
86 -2.90784
80 0.0925446
34 -1.56182
101 -0.430756
142 -0.215408
323 16.4959
240 4.85501
287 9.90958
349 20.8717
372 24.4685
214 1.25041
177 0.617371
128 -0.491318
93 -2.31059
94 -2.28545
133 -0.197479
250 5.36961
74 -3.01956
21 -2.83179
48 -2.36636
48 -1.80763
27 -1.70746
99 -0.206856
104 -2.08821
51 -3.40765
140 -0.185745
326 17.7871
80 -3.04865
135 -0.779312
243 3.42712
9 -1.18598
212 2.79265
37 -3.20953
311 14.2893
82 -2.63329
43 -3.71957
51 -3.47681
165 0.00187683
363 5.09128
112 -0.663963
295 10.4843
202 0.428406
272 5.71863
284 8.5983
297 13.8158
148 -0.256775
242 4.81032
96 -3.5658
23 -1.07164
270 5.91812
53 -2.65244
45 -1.71854
101 -0.427917
112 -2.41903
280 9.28198
134 -0.568375
297 13.8593
68 -2.86418
48 -3.71848
50 -1.78651
63 -1.1137
49 -3.6372
12 -3.05054
270 7.33951
62 -3.62252
310 14.0077
312 14.4597
340 20.5209
31 -2.02506
340 20.5214
112 -1.56399
290 8.16986
23 -2.80222
100 -1.43279
128 -0.491196
81 -2.7595
224 1.34344
325 18.2702
122 -1.37122
180 1.24188
84 -1.28748
128 -1.01579
151 -0.235306
37 -3.78016
155 0.0288544
317 13.3463
326 16.549
27 -1.70702
327 18.3232
319 15.144
148 -0.649155
340 20.3011
75 -2.69173
99 -1.40202
111 -1.46335
138 -0.203918
337 18.3259
306 13.8752
112 -0.184296
4 -13.0412
110 -1.44865
302 11.2958
111 -2.76265
117 -0.533226
9 -5.38354
83 -3.10113
93 -2.30414
116 -2.09132
302 13.7021
66 0.164436
76 -1.47102
184 1.99564
242 3.40755
225 0.559174
200 1.83301
43 -1.97459
46 -1.85195
131 -1.78555
100 -2.72025
278 8.10785
112 -0.663895
265 5.36902
138 -0.417511
79 -2.80943
122 -0.69812
117 -0.427292
67 -2.82572
295 11.5075
240 11.2765
110 -1.22056
178 1.55875
35 -4.77284
61 -3.70253
34 -1.79298
114 -1.59931
49 -1.78408
32 -6.17953
124 -0.681335
355 18.808
167 -0.0253143
31 -3.44576
157 0.00306702
332 17.4343
113 -0.492165
334 19.1259
252 3.19632
20 -2.08518
144 -0.932495
43 -3.50548
220 0.662842
318 14.4907
362 34.0345
318 15.1392
147 -0.708069
33 -3.29769
47 -3.03799
288 8.41052
152 0.132584
261 6.75305
180 1.24625
112 -0.951523
69 -3.2258
191 0.557358
321 16.3624
310 12.991
206 -2.45235
307 12.2211
22 -2.89531
86 -2.45164
54 -3.12072
141 -0.385315
321 14.2923
129 -0.326691
83 -1.07413
57 -2.88158
87 -1.39779
24 -1.84592
89 -2.85021
110 -1.44848
142 -0.00900269
361 24.7301
64 -1.13372
47 -3.03886
136 0.123978
1 -12.6725
52 -3.34123
201 0.682251
95 -3.62072
122 -1.50695
14 -2.81899
69 -3.53168
338 20.4435
319 15.9513
133 1.70483
148 -0.60437
216 1.94058
60 -2.63194
71 3.86906
193 0.863983
215 1.92152
114 -0.898453
57 -5.16549
116 -1.63293
312 14.3982
310 12.3474
100 -1.59061
308 12.5856
58 -1.70815
44 -3.56932
98 -2.08173
105 -0.351974
188 3.74139
281 7.43823
223 2.89471
134 -0.567917
80 -1.33271
125 -0.530907
65 -4.52262
149 -0.194839
192 0.705933
333 17.5848
340 20.2483
366 29.6047
162 -0.0487366
105 -0.464874
371 46.0349
111 -1.73985
65 -4.50204
125 -0.53669
44 -2.20771
208 -7.9101
3 -23.6695
280 11.0151
134 -0.568573
228 3.9205
297 10.8086
125 -0.662796
210 2.19215
287 9.24979
135 -0.684082
366 24.6937
86 -0.431686
225 0.559189
147 -0.595398
157 0.00294495
136 -1.42285
102 -0.980843
240 4.55391
109 -2.71426
232 2.88269
158 -0.065567
25 -6.67294
23 -1.14622
52 -3.22567
203 0.829453
106 -2.16579
147 -0.199493
21 -2.88514
340 20.2385
337 19.6107
220 2.72293
86 0.0575485
228 7.43883
157 0.00361633
304 12.0158
57 -5.16545
214 3.38437
191 0.422394
326 18.3635
48 -3.6148
332 18.5974
340 20.522
55 -2.48846
66 -1.87772
119 -1.57899
6 -1.04952
24 -2.19598
308 15.2509
101 -2.12796
280 7.36536
97 -3.06854
143 -1.25662
351 19.9701
286 6.30118
204 -5.74451
358 25.0773
46 -3.47456
122 -1.37111
39 -2.76441
184 0.540237
153 -0.109268
156 -0.430801
110 -2.11906
296 6.79239
78 -1.1128
291 9.79047
68 -0.341324
122 -1.37125
125 -1.4864
90 -3.26347
49 -1.78406
63 -1.06342
36 -3.92591
350 23.0044
114 -1.65083
280 7.22418
54 -3.30669
313 14.8849
286 8.91531
164 0.0660553
274 5.88409
110 -1.44949
19 -2.84476
14 -4.63312
74 -3.25742
141 -0.203659
333 18.0875
42 -3.69825
123 -0.543388
274 7.54013
311 13.5246
245 2.05037
39 -9.72267
165 0.192444
60 -2.63134
93 -2.30395
90 -2.33601
47 -3.0948
324 16.5788
240 3.59949
117 -1.8737
48 -3.60723
179 0.910248
157 -0.123001
301 11.6167
5 -2.13908
47 -3.04384
67 -1.56923
179 0.463348
335 17.6035
130 -1.54489
61 -2.79414
57 -5.16543
349 24.9067
297 9.35818
12 -15.6974
234 2.89397
203 0.649246
255 5.40771
42 -1.73907
300 11.6249
5 -2.13854
115 -2.36417
124 -0.681007
184 1.99767
329 18.1108
52 -3.48904
12 -3.05051
197 0.83493
100 -2.05421
92 -2.37038
106 -1.45069
90 -3.22746
71 -1.299
232 3.91508
240 1.9937
131 -0.559814
323 2.11313
76 -2.88473
155 0.18129
100 -1.06142
238 8.86989
16 -1.55636
39 -9.46703
362 34.0361
280 6.88593
143 -0.936203
128 -0.162857
184 -0.340027
340 20.5215
90 -2.35844
111 -0.446983
225 1.33917
93 -2.31073
36 -1.96076
115 0.821922
108 -2.64265
338 20.4441
115 -10.6625
79 -2.80087
157 0.893265
42 -3.5435
49 -3.65787
110 -1.44922
100 -2.72031
302 12.4059
359 28.181
37 -1.71376
289 8.54156
93 -2.29985
280 7.65836
93 -2.30403
218 2.07741
129 -2.26134
182 1.43591
333 18.05
75 -0.837624
158 -0.0488129
122 -0.576736
358 38.0919
172 0.0988464
72 -2.11356
360 15.122
148 -0.0480804
51 -3.51345
50 -1.78886
261 4.93878
335 17.5634
217 2.26134
47 -3.11521
223 2.89471
57 -3.38742
65 -0.026062
93 -2.30389
107 -0.334778
192 1.07219
139 -0.689209
144 -1.21654
114 -1.3395
35 -2.97125
124 -0.681198
51 -1.76291
147 -0.116837
343 22.3996
146 -0.697769
122 -1.37114
86 -2.45111
232 7.26639
79 -16.0757
109 -0.362114
97 -23.8172
338 20.4543
52 -3.48789
59 -1.58466
133 -0.75621
128 -0.493164
45 -3.7861
112 -0.663849
133 -0.375107
27 -1.71349
308 13.5788
26 -6.60112
320 17.5021
346 18.4026
343 19.3612
116 -0.351448
249 5.58273
329 16.9695
284 8.60324
48 -1.80799
55 -3.82654
59 -3.3116
54 -4.22311
242 4.8102
93 -2.30959
43 -1.95034
129 -0.563538
122 -0.220726
269 11.2371
283 10.3724
350 23.059
183 -0.580429
321 15.8497
185 1.80478
359 22.633
138 -0.382355
228 0.312531
270 5.58734
313 12.9033
44 -3.59484
81 -2.74226
356 -0.179291
234 5.91995
119 -0.818512
288 9.14008
368 29.1711
110 -1.44939
195 0.984436
276 8.15265
40 -2.39742
210 2.36063
326 16.5489
198 2.38116
199 2.6922
91 -3.2612
256 4.06366
128 -1.92965
137 -1.19449
90 -3.22835
280 9.28979
117 1.1259
65 -1.381
1 -12.6687
127 -0.10791
249 5.58815
69 -1.54556
334 -11.2455
225 7.1915
145 -0.560318
49 -1.78403
150 -0.54393
73 -4.34593
122 -1.3712
120 -0.306366
342 21.9657
371 25.1387
121 -0.224632
350 23.0637
40 -3.58971
158 -0.0655823
355 15.1107
306 13.4199
52 -3.36618
289 12.4888
303 1.05737
140 -0.154144
255 5.69342
156 -0.129379
79 -3.04717
348 23.0983
12 -15.7182
48 -3.62915
100 -2.04658
315 14.7714
110 -1.70787
372 5.32361
74 -2.38297
293 10.6096
83 -1.38412
353 27.9569
114 2.09977
276 8.15231
123 -0.681328
278 7.44531
18 -0.900963
88 -2.41029
112 2.81548
210 2.51465
110 -1.44901
86 -2.49554
102 -1.96675
14 -7.23992
158 -0.0656738
213 1.02379
49 -5.45191
187 0.330902
127 -0.945236
126 -0.527779
66 -3.02599
159 0.208313
320 15.088
28 -2.19006
369 25.9059
48 -1.80796
5 -16.4976
247 5.7448
310 13.0499
359 25.6149
147 0.447708
341 18.7944
63 -1.58554
27 -1.72991
122 -1.37124
57 -5.16518
321 17.9377
28 -5.30928
97 -2.35543
192 0.19986
76 -2.83878
93 -2.31115
302 11.6142
232 3.91315
130 -0.10054
367 28.8053
106 -0.311165
40 -5.47453
62 -1.47775
302 11.6127
364 18.3546
207 0.692459
79 -3.70999
119 -1.57327
61 -3.6427
5 -2.30817
130 -0.445831
134 -0.0555115
106 -0.310768
210 2.51483
63 -3.21612
315 14.7986
368 20.4984
311 14.4353
289 9.09372
247 3.44568
325 17.007
113 -1.60759
100 -1.43368
40 -2.3975
118 -1.89558
81 -2.66539
110 -1.44891
195 3.71539
185 0.113541
51 -3.47175
359 39.0417
213 2.10361
69 -1.54485
4 -13.0343
289 10.2585
142 -0.0120392
36 -3.77957
315 14.7991
21 -2.74853
75 -2.04761
327 16.7749
126 -1.72507
52 17.89
155 -0.104813
104 -0.506508
152 -0.883392
317 14.9613
75 -0.837395
26 -2.21873
176 0.200897
66 -4.08469
73 -3.40546
89 -2.30453
232 7.11555
264 5.03271
94 -1.18705
170 1.58179
128 -0.162247
349 24.7184
371 28.652
25 -4.91634
91 -0.054306
122 -0.689865
91 -0.0543213
112 -0.663933
297 10.3207
240 1.99275
75 -2.74283
203 0.68306
156 -0.122543
359 20.6172
74 -2.13724
86 -0.431557
177 0.79747
178 0.28096
48 -1.90582
56 -1.68283
5 -7.12613
159 -0.325165
80 -0.984238
276 6.77112
349 24.9068
218 2.07733
72 -2.28947
42 -1.81116
107 -1.87432
312 19.0062
278 8.03513
172 0.411957
92 -1.21833
263 5.46597
121 -0.596489
340 6.73618
100 -1.42109
123 -1.44363
101 -0.529716
365 32.1669
140 -1.14877
287 7.77319
212 -0.258545
110 -0.315742
69 -4.65982
238 8.54082
228 3.92085
298 12.4677
297 13.869
249 5.56734
19 -2.78666
43 -3.73904
115 -1.06321
315 13.1231
121 -0.224869
166 0.212662
161 0.237228
327 16.961
46 29.7323
125 -0.519737
320 14.5996
132 -0.190399
112 -1.07776
302 12.623
343 20.2325
372 0.977448
246 3.37242
191 0.184601
361 17.3131
280 11.014
326 16.549
212 2.23376
186 -0.155945
250 3.99753
82 -1.46027
238 4.85229
280 10.9218
203 2.0244
366 24.6998
134 -0.567322
57 -5.16534
130 0.0894775
62 -3.24525
304 12.5534
194 0.317657
155 0.0296173
305 12.098
351 14.6032
128 -1.78746
142 -1.11653
147 -0.268997
19 -2.03665
63 -1.0594
200 1.68372
302 13.4751
337 17.6166
348 20.7049
9 -19.7602
104 -2.16737
143 -0.301102
133 -0.896851
51 -3.47305
285 10.0279
195 0.484879
75 -1.49056
92 -2.14835
54 -4.73609
307 13.253
31 -4.60836
184 1.99478
5 -2.17981
17 -8.15289
203 0.764587
91 -0.0542068
136 -0.494781
359 20.6244
112 -0.663841
29 -3.08678
319 13.1028
194 2.20934
69 -1.54764
318 14.522
8 -3.04592
165 -0.403809
91 -0.736755
48 -4.99731
70 -3.01701
244 3.29892
69 -1.54694
37 -3.21697
91 -1.20448
108 -2.2548
93 -2.31136
363 5.09177
32 -2.45078
66 0.16452
79 -10.1572
75 -0.0577698
12 -15.702
315 14.3682
5 -6.00197
13 -0.975802
48 -1.80796
51 -0.857796
100 -0.538673
28 -5.31143
150 -0.533951
363 32.7117
269 5.41486
105 -1.90314
174 0.278
136 0.0215759
371 25.1586
350 23.0479
76 -3.13979
130 0.0821838
152 -0.191483
301 12.3003
183 0.233124
56 -3.12522
57 -2.72851
316 12.9697
29 -2.85402
79 -0.339699
284 7.95575
4 -13.0373
161 0.12706
315 14.8128
143 -0.360138
5 -2.13755
128 -0.506271
352 22.8483
82 -3.32549
158 0.0647125
103 -1.76777
130 -0.225739
140 -0.00370789
131 -0.285126
81 -2.73344
336 18.3316
157 0.276154
125 -1.60738
47 -3.01656
121 -0.225014
75 -1.7207
120 -2.37778
105 -0.575256
74 -3.2612
85 -2.10731
182 0.46225
21 -1.17258
320 14.9658
326 16.5475
171 0.624146
105 -1.27074
55 -5.07152
327 16.5586
365 26.4339
93 -2.27002
120 -0.356445
353 22.4244
350 18.8622
300 12.2455
213 1.92944
157 0.00352478
230 2.6743
133 -1.57709
79 -2.80403
32 -2.22486
125 -1.60732
96 -2.12642
199 2.1586
302 13.7022
191 0.184494
303 1.52731
126 -1.44012
309 12.4977
81 -1.3674
88 -3.09423
22 -6.45252
193 0.866119
137 -0.480484
205 -10.4949
32 -6.17813
95 -2.43174
103 -0.491272
98 -2.18491
179 0.0537415
193 0.864441
325 -2.47003
57 -1.70356
160 -6.10352e-05
14 -3.20024
284 9.96378
116 -0.351799
98 -0.571396
224 12.8772
342 20.3761
90 -2.94664
297 10.9756
148 -0.0138245
371 25.1583
365 19.3023
129 -1.20859
5 -21.1255
94 -1.11482
89 -0.797729
141 -0.207245
341 18.3122
325 16.9809
57 -5.16527
207 1.21751
76 -1.47841
119 -0.362686
180 0.398163
61 -2.11908
119 -1.55304
288 8.95102
311 14.2895
55 -4.02447
22 -1.8179
52 -3.30911
83 -1.4752
65 -4.08068
112 -0.664024
56 -1.37004
60 -3.88916
287 9.99606
332 18.5961
90 -3.22755
193 0.518311
121 -0.23542
232 0.257629
142 -0.213669
50 -3.91841
33 -1.7086
184 0.0858765
56 -6.59463
358 18.7293
117 -2.65551
88 -2.86533
13 -1.28724
35 -7.11286
76 -2.88391
6 -24.4438
91 -2.29049
338 20.4432
109 -0.929871
213 1.92987
296 7.90759
109 -2.06304
53 -1.73109
77 -2.81451
85 -2.05536
207 -10.3993
43 -3.67395
357 14.7306
80 -1.50875
313 14.9944
46 -1.52833
303 13.9805
335 17.5641
83 -1.09066
16 -2.89669
337 19.3838
131 3.38521
43 -1.50224
155 0.0292358
66 -4.0828
123 -1.29025
165 0.274612
311 14.2846
134 -1.03973
54 -1.59602
333 17.585
303 12.4833
343 -23.1871
122 -0.0537338
54 -1.87129
311 12.8937
69 -2.58784
250 5.3696
208 1.26405
79 -2.17947
371 46.2657
150 -0.0752563
306 13.8748
93 -2.3039
184 1.99574
272 6.03406
119 -1.37277
287 9.01346
47 -2.96235
71 -4.1026
127 -0.414291
340 20.5213
346 22.9606
334 19.8571
321 1.29257
303 13.7018
202 0.428894
100 -2.84976
289 10.8619
97 -2.53696
97 -0.677162
322 13.792
229 0.317581
286 8.7124
103 -1.97266
228 3.92047
329 17.9445
89 -1.22527
207 1.52118
127 -1.29159
337 19.5591
284 8.07248
307 13.426
56 -1.66888
280 9.28253
185 1.80324
327 17.3452
110 -0.316109
346 18.6136
228 3.92078
129 -0.35733
118 -0.0141907
42 -1.821
165 -0.404739
302 12.4382
47 -1.83827
75 -2.73839
221 0.845398
78 -6.10378
175 0.429108
109 -1.16472
32 -3.37655
94 -2.24431
278 8.00391
315 14.3485
72 -2.60133
112 -2.36976
109 -2.69585
308 13.3
93 -2.67652
77 -3.76488
76 -1.4701
300 9.83392
52 -1.83128
284 8.32205
126 -1.72488
91 -2.36325
144 -0.801819
273 7.3006
94 -1.1449
128 -1.62586
93 -2.30374
158 0.0642548
353 17.2014
66 -4.08605
23 -6.65832
166 -0.0503387
55 -3.3821
299 10.6531
232 3.68341
185 1.06694
353 22.4264
41 -2.76514
182 0.329956
74 -3.2566
69 -1.54836
205 0.763962
177 0.618927
19 -18.1068
52 -1.80755
197 0.837616
95 -2.32297
344 -0.685547
184 0.733932
312 14.6718
39 -1.02032
133 -0.37529
143 -0.0505371
105 -2.82729
42 -2.16144
241 3.43546
56 -1.6687
157 0.279312
126 1.95702
80 -0.984055
358 38.7156
42 -1.80886
65 -0.782166
307 13.4263
228 3.92094
70 -3.0267
302 12.1736
111 -1.87929
76 -2.71994
144 0.109177
88 0.682571
206 6.02002
358 28.1229
69 -1.53024
186 0.393616
290 8.34732
83 -3.10081
225 0.329468
230 2.51056
103 -3.21824
357 19.7236
280 7.19275
43 -3.63944
115 -0.775307
70 -3.01787
228 4.0524
273 7.54529
253 3.99866
356 21.4716
310 13.7809
361 -3.81296
210 1.72949
72 -2.34412
150 -0.5242
161 -0.338547
151 0.0394135
180 1.24199
90 -2.56107
100 -0.347534
370 26.4748
338 20.4542
335 15.541
283 10.3724
228 4.05241
138 -0.542923
108 -1.70901
358 38.1602
369 22.4575
257 4.84146
70 -3.01615
140 -0.442703
142 -0.875977
57 -4.10458
33 -3.4372
326 16.5542
86 0.0589142
312 15.8811
125 -2.11713
289 10.3329
180 1.868
297 13.816
334 16.4559
12 -15.7017
127 -1.31902
228 7.43895
130 -0.594788
225 1.6945
124 -1.29443
345 18.4865
286 8.80954
150 0.137619
124 -2.09011
142 -0.21402
53 -3.3673
110 -1.75096
148 -0.0131989
203 1.30568
310 12.9904
16 -15.5658
87 -2.78506
51 -3.36683
47 -3.00645
105 -1.03607
128 -1.38055
45 -3.65556
33 -3.75649
47 -3.09739
63 -1.11362
81 -1.4815
79 -0.519058
286 8.19156
45 -3.56567
248 4.66359
183 0.121872
121 -2.55349
207 1.52124
326 16.1399
372 24.8234
15 -2.29751
321 16.3605
145 -0.559967
103 -0.927803
210 2.43863
122 -1.39246
165 0.337158
125 -2.0578
74 -2.1486
27 -7.43687
58 -1.68476
149 -0.599777
67 -3.55069
332 -10.8676
295 8.34579
32 -3.93236
118 -0.53257
329 -16.053
93 -2.30575
19 -18.1067
210 1.13573
310 13.8491
118 -0.562851
116 -1.82517
278 10.697
17 -6.48379
369 29.3487
68 -1.83735
373 5.18484
73 -1.49284
349 24.7183
346 22.6585
300 11.1643
105 -1.0263
95 -2.26982
65 -3.60001
303 13.7037
321 14.2929
25 -2.56537
253 4.62274
34 -1.56276
133 -0.13559
370 26.4216
82 -2.5016
361 27.4854
240 8.45016
281 8.42526
160 0.0713654
80 -3.25517
51 -3.35814
56 -1.5656
128 -0.26445
186 0.221664
126 -2.08141
54 -1.69939
92 -2.11291
240 0.479156
10 -2.5041
82 -4.4181
61 -3.55675
7 -6.49834
291 5.77402
93 -2.30389
158 -0.0374146
241 3.43616
35 -3.65063
340 6.7345
194 0.84375
274 7.14771
191 0.184464
82 -2.35775
38 -1.6262
224 12.8748
123 -1.21771
312 14.0116
362 32.7372
308 13.7093
329 16.9589
359 28.1576
144 -0.400177
21 -14.4059
122 -0.224953
312 16.0118
316 14.3103
173 1.328
321 14.2925
10 -1.22679
221 0.845642
87 -1.84778
142 -0.272232
278 7.98773
310 14.3702
180 0.485886
15 -4.6364
69 -1.5471
87 0.140419
80 -0.985115
51 -3.32187
170 0.345825
228 4.05185
252 3.98912
105 -1.0359
133 -0.37175
308 14.5574
92 -1.24197
57 -3.26921
28 -5.31193
360 15.6197
62 -2.9535
301 12.4771
351 20.17
291 8.37277
1 -12.6763
320 17.7578
110 -0.415543
298 10.2993
179 0.373123
96 -2.64634
52 17.8725
329 16.8064
105 -0.459412
162 -0.0744171
336 17.8353
110 -1.79696
328 -19.3702
214 2.30219
264 5.17432
151 -0.234482
27 -1.70707
298 10.9258
228 7.43887
144 -0.209625
227 0.315125
199 0.297592
163 -0.420578
306 13.8747
280 7.19324
33 -3.47557
161 0.127121
62 -3.33889
99 -1.08733
122 -1.40203
98 -0.320839
13 -6.77522
7 -12.0573
112 -0.412155
74 -1.4473
76 -3.81863
61 -3.18763
301 12.8371
86 -2.4511
176 2.98387
68 -1.67181
291 10.3667
308 13.3817
363 32.6795
99 9.6722
280 9.18073
294 9.22443
56 -1.66119
82 -1.7902
283 7.73798
325 17.0204
370 46.5179
144 -0.933151
45 41.3248
85 -2.05571
142 0.325455
96 -2.32867
371 25.1581
340 19.3943
66 -1.6947
326 15.9711
285 9.04544
5 -6.00176
304 10.7049
365 27.5717
349 24.907
311 12.4185
165 -0.404587
15 -4.63168
338 18.2999
1 -1.10627
32 -6.17737
300 11.3896
356 -0.179016
322 17.7656
58 9.46999
128 -0.490509
315 14.0608
97 -3.06855
123 -0.954231
54 -0.756744
350 23.0665
307 13.4392
169 0.48024
333 18.4921
264 2.8598
205 1.07361
297 5.58563
352 20.1566
174 0.281998
126 -1.72488
364 18.2642
92 -2.31024
351 21.893
182 0.583084
307 14.4912
91 -3.2776
75 -2.11438
142 -0.215546
101 -3.0054
99 -2.6526
60 -3.30592
136 -0.514038
312 12.6799
123 -1.03059
104 -1.492
56 -6.57894
355 0.184845
59 -2.9551
67 -0.639801
89 -2.34594
208 -8.53329
224 3.27345
105 -2.94798
308 12.8864
75 -2.65648
309 13.4931
224 2.26767
251 4.10542
15 -1.37666
63 -1.39714
288 9.14102
76 -1.47559
203 2.0247
323 14.9305
303 13.7019
67 -3.61347
29 -9.82037
111 -0.385544
358 38.1324
269 6.96735
321 14.3044
74 -3.25581
263 6.67661
110 -1.70791
197 0.83699
128 -0.305382
67 -4.43445
205 -16.9559
73 -2.20164
245 4.6153
183 0.237289
115 -2.58346
2 -13.7676
309 15.6941
123 -1.03142
121 -0.226364
359 25.6213
83 -2.63043
85 -2.1902
345 22.4457
36 -11.5437
218 2.07774
373 33.1128
93 -2.3884
65 -4.0811
294 10.5817
276 7.38367
133 -1.40163
161 0.0887299
303 13.7859
299 13.6099
126 -1.7252
82 -2.56598
333 19.7397
35 -3.68996
349 24.9066
319 15.6744
296 8.56598
314 14.5295
7 -1.48339
314 14.5442
19 -18.0933
8 -3.02703
303 12.3888
280 8.02066
126 -1.72535
137 -0.39328
261 5.15656
69 -1.5475
28 -5.31158
148 0.0202026
175 -0.138519
80 -2.54922
340 21.3219
292 10.5085
12 -3.05058
49 -3.939
133 -1.57761
186 -0.156006
73 -1.48469
63 -3.52377
302 13.702
184 0.737305
124 -0.681236
313 18.752
368 20.6015
297 13.8152
282 8.39053
126 -1.72496
119 -2.38931
60 -2.63141
348 21.5828
5 -3.87411
126 -1.48907
122 -2.37807
102 -3.22113
336 18.372
320 14.9853
189 0.153732
289 9.83011
325 18.0165
290 10.1236
10 -5.41228
212 2.79109
313 13.6842
304 14.0656
41 -2.00743
36 -6.39149
47 -3.03143
86 -2.46743
171 0.584351
80 -2.10257
60 -2.63178
286 8.07654
41 -3.62398
44 -6.13515
204 0.728989
106 -1.02243
13 -15.2173
326 16.5476
321 17.7188
34 -1.56247
324 16.8196
38 -3.89275
126 -0.945534
118 -0.199432
70 -3.01748
70 -3.01783
298 10.9742
21 -2.82208
340 20.2895
205 0.763565
227 2.50351
129 -1.20857
340 6.73557
281 7.76279
337 18.4238
307 13.2332
312 19.0132
127 -0.28875
93 -0.708923
164 0.00337219
18 -1.30007
9 -15.6161
34 -2.13288
373 26.7741
227 2.50354
59 -1.61953
77 -2.37139
8 -2.33553
6 -2.07316
47 -3.09538
311 12.6085
185 0.450577
34 -6.45881
15 -1.287
337 22.8758
112 -0.976273
14 -7.24711
98 -0.320854
321 1.29434
60 -3.07832
206 6.02141
337 19.6106
72 -1.46328
136 -0.820709
86 -2.4509
280 8.35641
76 -1.47659
319 15.8593
370 16.8201
362 32.7328
101 -2.65667
302 11.6137
311 12.0703
242 3.24544
127 -0.944748
92 -1.18707
296 11.9634
334 17.9076
54 -5.06996
365 21.9379
43 -4.84921
65 -3.48401
365 32.3496
99 -2.5769
289 9.19821
79 -2.04773
281 8.42786
51 -3.48559
313 14.4168
161 0.033371
73 3.47817
114 -0.785645
227 2.50711
41 -0.998894
97 -0.578445
114 -0.166435
218 2.07715
108 -2.68683
217 14.0332
370 21.6385
281 8.36469
160 0.140488
115 -2.59544
93 -2.69073
373 43.1783
113 -1.64709
82 -2.88548
299 9.27588
117 -0.426979
80 -2.85111
285 9.1109
137 -1.10434
38 -3.7728
42 -1.78581
42 -2.15843
56 -1.71304
102 -1.58159
36 -2.41243
149 -0.027359
35 -3.95217
89 -1.18378
199 2.19331
105 -0.464951
62 -3.34696
14 -7.24728
37 -6.22533
228 4.05211
39 -2.06198
297 10.6512
55 -4.00977
94 -0.301537
367 28.8564
92 -2.71102
35 -1.65847
146 -0.132065
292 10.9232
218 2.07782
49 -1.65596
342 19.0434
159 -0.199356
200 1.13391
255 5.16751
364 22.7293
115 -1.18674
53 -3.28541
225 0.559753
166 0.220184
301 12.4791
142 -0.21524
133 -0.591354
313 13.2578
91 -3.26135
285 13.9754
271 5.54218
331 16.778
289 9.19415
83 -3.09999
190 0.150314
109 -1.12129
121 -0.32872
89 -2.27501
271 11.0885
198 1.6696
130 -1.46767
5 -10.8761
69 -1.54646
135 -0.0764465
74 -2.78304
299 12.2438
299 11.6689
120 -1.09967
340 21.4096
40 -5.48446
148 -0.0990601
278 8.02884
127 -0.274887
123 -1.23306
370 26.2745
80 -0.985451
214 -4.87082
16 -7.58186
304 12.9939
151 -0.517395
245 3.37003
69 -1.52715
98 -2.07684
40 -3.63153
97 -3.06855
133 -0.370407
206 0.741379
167 0.135117
117 -1.56676
300 12.4487
122 -2.09103
21 -2.83037
300 12.5067
323 17.4653
106 -2.15759
142 -0.215424
313 14.0859
203 2.0081
332 18.596
112 -2.64462
318 15.6674
94 -1.16673
207 -0.849487
93 -2.3596
96 -2.33096
320 14.9659
161 0.127151
105 -1.03658
253 5.646
113 -2.53026
191 0.184509
325 17.9431
6 -24.4478
348 21.5431
75 -2.11137
279 12.1303
87 -1.8095
313 18.7202
65 -3.65834
39 -9.86381
5 -1.18029
358 22.3589
303 12.4792
359 20.6223
133 -0.374344
322 16.3668
55 -4.01759
345 20.0983
141 0.743011
142 -1.06413
17 -8.1502
65 -4.52195
326 18.0917
51 -4.86722
313 14.0859
98 -1.65092
193 0.243469
66 0.169342
238 2.95982
231 2.96654
259 5.04739
97 -3.30847
147 0.147034
297 10.4024
125 -0.555222
171 0.0911713
106 -0.311424
105 -0.509308
317 14.1635
307 14.2667
149 -0.0186768
126 -0.427124
331 17.3946
326 16.7328
281 8.42532
123 -1.83818
48 -0.890984
185 1.69659
172 0.134491
191 2.78421
360 2.09561
73 -7.20766
308 13.4564
12 -2.65273
51 -3.35965
180 0.450089
267 7.40942
183 0.233429
17 -2.64863
101 -0.400749
54 -1.70916
311 13.1573
327 18.33
79 -16.1149
241 3.43614
293 10.4105
277 9.27863
353 22.4355
106 -0.311775
370 26.2916
130 -2.12222
252 3.19604
76 -2.03096
47 -1.78939
48 -3.33594
129 -0.269348
264 7.15909
16 -2.68645
161 0.127121
296 11.3945
370 25.7653
91 -1.21259
372 25.4908
60 -2.63131
64 -3.64278
142 -0.214142
99 -0.198692
77 -2.91747
58 -1.89366
24 -2.69056
28 -5.31152
63 -1.11364
317 14.3227
365 26.4365
89 -3.01717
309 8.71094
126 -1.62102
110 -1.42086
66 -1.6918
94 -2.69029
304 13.1805
171 0.0308838
317 16.8676
190 0.597534
301 11.3106
94 -2.59555
130 -1.28026
276 7.57596
287 9.06433
114 -1.34376
302 12.4554
232 3.90575
359 31.666
349 24.7184
79 -0.519218
268 2.94885
364 18.3399
271 6.79001
193 0.353256
241 3.43544
40 -5.5023
280 7.19116
206 6.02979
132 -0.369583
113 -0.841003
99 -1.06686
308 14.3332
96 -2.28757
300 11.3542
337 22.9752
293 12.8539
115 -1.66647
362 19.5627
368 29.1466
80 -2.10249
355 22.4622
24 -12.4848
345 -14.6037
12 -15.6897
133 -0.197418
115 -0.798294
303 13.705
65 -1.38075
121 -0.224693
191 1.17598
35 -4.58631
283 7.83023
84 -1.40642
257 4.99377
124 -0.22998
128 -1.15936
82 -1.44299
68 9.45558
81 -1.36948
110 -1.70788
309 12.6809
42 -0.979126
358 27.1324
269 7.34592
83 -3.10055
369 28.5599
46 -3.84487
261 5.0423
169 0.26062
297 13.8152
364 18.3414
347 22.8163
361 23.3622
276 8.15262
351 18.9039
81 -2.01875
51 -3.39545
96 -1.81493
218 2.07751
190 4.35759
240 1.99257
127 -0.944984
42 -1.80875
272 6.45642
354 20.4656
362 16.0156
353 22.4357
336 17.8568
310 11.8512
181 -0.407059
187 1.2511
79 -16.1551
132 -1.26424
265 5.12982
134 -0.555573
299 12.244
127 -2.23846
202 2.44858
157 0.275833
89 -1.22573
362 34.0349
276 7.44678
308 12.26
43 -4.63144
69 -1.54868
108 -0.31916
302 12.4062
32 -2.18704
286 9.14832
27 -1.70526
354 23.4544
62 -1.57667
44 -1.8607
313 18.716
324 15.2936
200 1.56671
109 -0.969009
1 -12.6741
252 4.87717
106 -1.44255
59 -3.87486
159 -0.199234
34 -2.13067
88 -2.45786
310 12.9908
119 0.468254
144 0.636673
101 -1.06166
371 25.1219
161 0.127106
302 12.4161
302 11.7903
73 -0.925476
9 -2.9326
312 19.0136
28 -1.72983
172 0.377991
65 -4.08167
140 -0.347153
363 24.9113
358 38.3199
110 -0.315834
96 -2.84531
304 12.2104
287 9.67429
18 -10.6829
372 19.002
229 0.818115
355 16.7911
96 -0.214996
91 -3.25806
143 -0.62236
47 -3.09944
310 14.6404
181 0.373947
134 -0.993011
68 -1.98766
167 0.100632
358 27.2842
123 -1.03022
83 -2.4643
313 12.9035
307 13.4264
157 0.275909
56 -3.06464
326 16.5524
109 -2.59171
149 -0.0979004
146 0.0121613
193 0.197952
180 0.463638
366 24.6175
117 -0.145721
266 7.31235
330 18.9304
130 -0.767868
58 -3.33339
365 32.1255
356 29.3007
42 -4.80766
343 19.3604
51 -3.35959
128 -0.0203323
306 14.7651
2 -14.0442
302 12.4059
91 -1.21218
109 -1.7299
297 10.6539
329 18.9807
311 13.9476
65 -3.77573
302 11.7191
330 23.1974
1 -12.6677
175 1.52603
293 10.2927
132 -1.12512
122 -0.0698776
367 26.3293
324 16.1765
63 -3.69762
311 13.1985
370 25.76
4 -8.79097
349 24.9069
86 -2.45456
229 0.817581
158 0.0783234
182 0.191315
283 9.39581
333 19.6894
83 -3.09943
97 -3.06823
77 -2.68008
87 -2.67365
96 -2.21729
321 15.5946
180 1.24519
297 13.8629
359 28.0279
273 7.5448
116 -0.351677
17 -1.37303
330 18.5081
55 -4.02354
10 -5.41172
121 -0.224846
36 -6.39211
278 7.96582
287 9.67258
53 -3.85992
362 32.7388
79 -3.28391
305 12.5553
148 0.446472
15 -4.599
316 13.0087
249 3.43768
344 20.0736
52 -1.49844
262 5.18256
313 12.9025
255 4.95886
325 16.6428
71 -0.143776
285 7.7438
349 20.3389
140 -0.345398
124 -1.4043
340 19.3943
45 -1.85256
301 12.3194
287 9.86835
287 9.82605
52 -3.86665
159 0.208633
174 24.3159
266 4.52588
162 -0.0744171
300 9.64249
276 8.15253
364 18.3611
321 16.374
46 -0.950897
52 -3.2906
27 -1.70672
70 -4.77658
58 -3.54062
93 -0.757141
106 -2.14049
343 20.75
203 1.30592
255 5.16733
319 15.1652
72 -2.59936
42 -4.68076
103 -2.78849
320 15.0871
125 -0.376663
42 -1.81493
327 16.8133
141 0.726059
125 -1.38737
121 -1.19714
315 19.3819
362 34.035
110 -1.33732
248 5.33417
67 -0.409889
260 5.07935
56 -4.90057
123 -1.03049
14 -3.20043
5 -6.00226
290 10.3884
62 -3.88586
94 -0.524246
307 13.4262
294 9.46771
120 -1.36576
81 -1.29913
42 -1.77519
345 20.8751
74 -3.27041
86 -0.431496
117 -0.9991
281 8.4277
68 -3.34509
280 7.65845
312 13.6608
248 5.33401
48 -1.65585
317 13.3721
39 -3.31145
356 21.4722
98 -1.83807
112 -2.28988
304 9.98428
280 7.75461
98 -0.486633
5 -1.97591
165 0.476257
285 13.7625
330 17.6599
85 -2.05248
113 -2.50965
329 16.9602
145 -0.571808
65 -1.23208
322 9.535
349 24.9066
89 -1.22849
306 12.3378
311 14.2873
65 -4.08102
140 -0.170837
53 -3.26427
365 26.4321
121 -0.328606
197 0.836411
354 19.8028
118 -1.55367
100 -2.72034
351 22.9374
14 -7.24783
92 -1.81453
118 -0.0141068
253 3.99612
148 -0.0131836
279 7.62204
356 18.1793
48 -4.39772
307 14.0248
327 16.8271
315 14.8051
112 13.3597
301 12.5408
14 -2.12061
52 1.80934
316 15.2499
164 0.11412
117 -0.42704
199 1.67516
148 0.445633
105 -1.90658
11 -2.07416
166 0.200699
316 15.8238
86 -2.45539
195 0.253769
117 0.210037
55 -4.02332
227 0.352402
16 -2.00982
371 25.3217
257 4.83975
37 -4.86808
256 10.2158
13 -6.38147
179 0.0726013
284 7.72589
233 1.98134
104 -1.48967
358 22.1994
131 -0.942413
217 3.39015
314 15.0741
83 -6.57589
206 6.01979
358 38.2799
116 -1.63374
184 1.99542
350 20.9473
88 -3.28958
69 -1.54386
92 -2.7951
140 -0.0480804
136 -1.19679
325 16.4274
283 10.3724
286 9.19128
294 8.38104
297 8.99869
114 -1.33981
68 -1.48294
339 17.5668
114 -1.3444
315 14.8064
157 0.275803
139 -0.408768
36 -1.81755
151 0.159653
19 -14.405
284 8.36072
343 19.3605
62 -3.32648
90 -1.92451
208 1.38547
337 18.3309
330 17.2493
314 17.3253
256 4.87585
300 11.3548
337 19.2753
361 49.0302
75 -1.57454
19 -18.1589
303 13.7252
89 -2.50667
141 -1.7292
34 -2.13036
144 -0.990265
227 2.50697
56 -3.77414
1 -12.6737
112 -0.664032
55 -4.02174
294 9.98322
359 23.2199
58 -1.5951
79 -2.58095
66 -1.69398
359 25.7116
81 -3.25143
15 -7.30497
326 16.5492
358 38.0149
142 -0.215439
280 8.44138
313 17.6842
280 7.65829
272 7.29968
304 12.5351
27 -2.28809
296 11.3395
296 9.60016
79 -2.80744
63 -1.11871
98 -0.794205
292 10.5536
316 17.4388
362 34.0353
115 -0.771622
83 -1.40733
342 18.8879
324 16.5784
123 -2.33557
298 12.7146
340 19.3941
124 -0.893906
350 20.9483
4 -7.24757
6 -2.17611
293 12.8674
100 -2.72018
248 5.33325
43 -2.01785
296 13.2148
165 0.0730896
301 13.1175
365 26.4341
133 -1.58017
351 20.0866
292 8.33429
307 12.6235
94 -0.26693
300 17.4004
103 -1.82238
14 -3.19638
114 2.10835
68 -1.67169
47 -1.89282
219 3.76404
354 23.8007
209 0.570877
359 25.7455
62 -3.70662
343 22.0185
64 -4.49429
276 7.57968
329 18.1574
335 18.4471
110 -1.70538
65 -4.52222
278 8.5802
143 -0.757858
308 13.296
353 22.426
123 -1.03175
3 -7.28903
343 22.5407
335 17.7033
49 -5.00407
105 -0.4645
277 8.37967
88 -2.50167
349 24.907
358 38.2679
4 -10.9396
257 7.29919
126 -1.73879
190 0.321747
80 -2.10061
264 4.29742
207 1.91039
282 8.49313
61 -4.69704
313 12.9033
6 -2.47797
43 -2.04133
90 -2.29681
268 5.87186
338 20.444
121 -1.47272
64 -1.6043
182 1.43896
336 18.3348
101 -0.620796
234 2.81163
280 7.19513
282 8.47107
338 20.3582
9 -1.35545
129 -1.32349
42 -2.16803
343 20.7434
91 -1.21126
57 -5.16526
86 -0.971489
336 18.3722
206 0.796432
346 20.8225
182 0.191406
320 17.1342
137 -0.401978
337 19.6107
50 -3.34583
315 16.6972
12 -24.6418
104 -1.93495
293 10.4159
106 -1.24712
47 -5.5988
113 -2.60974
21 -2.85558
149 -0.0293274
79 -3.61485
262 5.20813
365 19.3036
200 0.964935
142 -0.214722
106 -2.01665
229 2.42554
48 -4.64238
310 13.0493
297 10.403
104 -2.13462
198 2.10254
17 -8.15387
133 -1.57703
21 -1.25477
310 13.0172
22 -2.6388
318 17.6107
356 40.8967
285 8.89819
32 -6.18299
354 17.9597
241 3.43512
239 3.25824
315 13.2355
4 -10.9814
370 25.7645
315 13.159
33 -6.42226
134 -0.55658
8 -2.19365
277 7.10831
66 -1.69418
331 16.7784
151 -0.699753
125 -1.73398
309 15.563
356 41.8368
317 12.8478
286 10.0792
278 8.57999
75 -2.37323
121 -0.22464
301 11.5692
278 7.51196
309 15.0885
35 -4.48921
302 11.2692
125 -1.60743
207 1.21724
345 15.2114
27 -9.62601
141 -0.952087
294 10.9321
142 -0.425354
294 8.78329
353 23.3367
20 1.7671
266 5.70251
134 -0.232101
5 -6.00177
23 -2.63881
340 20.5185
227 2.507
238 8.54158
142 -0.163544
338 18.1198
29 -4.8131
348 21.8201
153 0.238754
29 -4.81247
1 -1.14994
329 16.9604
19 -2.74619
321 17.4812
11 -2.22065
361 -36.3211
339 18.2686
255 6.08112
261 8.43271
92 -1.18707
281 8.42798
38 -4.66946
157 0.275909
242 7.72809
296 11.7455
326 15.2654
298 11.6161
366 29.6025
281 8.21725
35 -2.08718
85 -2.05326
242 3.37709
94 -3.2822
171 0.253159
259 4.82513
106 -2.15023
35 -1.11253
352 17.3838
92 -2.70562
41 -4.65598
324 16.5893
329 16.2845
366 31.3143
84 -1.80202
133 -1.57791
367 26.4407
285 13.9844
161 0.127014
344 -26.9485
36 -2.06589
280 7.65829
221 1.93309
266 7.28329
284 10.089
184 1.99472
101 -0.435173
87 -2.19763
281 8.42789
49 -1.87739
54 -3.84807
157 0.00405884
156 0.122803
336 18.3719
286 11.1447
281 10.199
193 1.22296
351 23.0706
192 0.506195
209 0.76564
76 -1.47324
203 -1.71745
315 14.8103
66 0.164009
322 17.3996
79 -0.364372
312 14.0114
351 19.4611
144 -0.932678
89 -0.36058
313 16.3192
69 -1.51497
293 9.71497
8 -2.168
310 12.283
280 7.18991
85 -1.1834
286 8.63138
324 15.49
322 14.4666
124 -0.680573
351 20.0857
336 18.372
326 15.7392
152 -0.212112
340 20.2495
356 21.3258
37 -5.71525
109 -1.73009
189 2.89975
23 -6.46458
177 0.780502
292 10.8012
81 -4.40619
364 18.3394
51 -3.47387
61 -1.7584
143 0.0111084
27 -1.70634
119 0.629913
274 10.5892
95 -0.501862
240 2.9248
315 14.8101
308 11.877
184 0.403992
329 16.9656
36 -4.91697
82 -3.32526
92 -1.9485
65 -4.52281
281 8.42749
345 22.4248
14 -3.19643
14 -6.8032
205 0.825989
320 14.9901
175 0.350616
239 5.3371
56 -6.59781
43 -4.00712
92 -1.84144
85 -5.61832
340 19.3943
3 -7.28815
46 -3.84423
358 20.194
88 -3.36337
36 -6.39281
91 -2.04311
157 0.0756836
89 -1.18314
182 0.338074
87 -2.81867
21 -2.70728
281 8.42517
257 4.84021
144 -0.180176
370 25.7652
287 8.57596
53 -2.20226
324 16.5884
42 -1.81298
131 -1.17265
330 17.131
332 19.7924
115 -1.61445
64 -1.60409
340 6.73447
317 15.3122
367 21.9343
56 -6.57848
311 4.8252
145 0.2435
306 14.4409
318 15.5882
182 0.337036
247 3.44972
119 -2.24055
115 -1.83161
224 1.79871
117 -1.47677
130 -0.190582
126 -0.398651
311 12.8663
65 -4.08123
323 17.646
265 5.98816
102 -0.434738
288 9.85074
319 13.2637
126 -1.73988
334 3.24643
258 5.17548
198 11.9052
87 -0.286362
309 14.0595
315 14.4448
334 -7.67062
208 1.45444
200 2.28815
136 -1.6969
151 -0.229141
142 -0.793243
69 -4.39939
6 -2.54656
25 -9.36405
310 13.05
303 13.7013
366 25.726
338 20.454
185 1.80705
273 7.54486
361 24.234
310 12.9911
76 -4.55508
280 7.19138
331 3.21417
281 8.42435
353 21.545
62 -1.62828
144 -0.7565
285 7.80453
130 -1.26486
251 4.77321
52 -3.2585
301 12.4774
357 19.7189
356 22.0867
228 1.77225
190 0.59549
110 -0.318489
151 0.147675
4 -15.4853
58 -1.59481
56 -3.7351
87 -1.46575
36 -6.39137
25 -7.06283
326 17.7854
342 -27.5207
132 -1.91771
343 20.5053
298 10.3244
284 7.83328
85 -2.05571
35 -2.75391
280 8.22556
34 -5.03627
358 21.0872
301 12.4775
354 23.6143
293 10.7806
316 15.6568
84 -4.20661
89 -3.06669
105 -1.03185
273 7.37885
283 8.65295
104 -1.49012
299 12.2437
300 11.3549
261 4.75098
88 -0.755013
36 -11.3173
113 -0.854828
19 -3.53106
69 -2.46634
65 -3.67837
301 11.4744
250 4.75482
7 -2.2845
299 12.2436
37 -2.10345
100 -2.72038
60 -3.36909
333 17.7149
84 -1.37421
132 0.194077
83 -3.53458
367 49.0046
264 5.8226
258 5.46802
297 13.8625
153 -0.348541
373 4.58862
294 13.5209
55 -4.04699
94 -2.09086
324 17.7735
121 -1.4645
83 -3.09983
351 19.7176
159 0.208557
294 13.5206
93 -2.30306
78 -2.38097
74 -3.13968
23 -1.74503
208 2.02992
338 20.454
79 -0.362442
227 1.32144
100 -1.73412
305 13.1271
6 -24.4461
291 9.89426
321 14.1068
62 -3.28666
112 -2.00734
52 -1.94487
331 17.3138
295 9.37643
91 -2.85727
13 -14.3214
162 -0.0743866
308 14.9719
289 8.63058
325 14.8243
276 7.57834
104 -2.85365
35 -2.08838
33 -1.92973
360 -0.185547
83 -3.10118
333 18.8221
92 -2.69962
34 -1.56218
114 -1.64137
101 -2.56175
56 -6.59851
364 24.9539
370 27.9148
303 14.4624
215 2.36816
123 -0.643784
304 12.601
23 -2.80283
349 24.9066
29 -3.19178
332 18.6306
147 0.00907898
297 8.40247
126 -0.943779
228 3.91783
36 -10.8445
54 -1.69944
53 -11.856
356 41.551
268 9.95032
108 -1.70557
134 0.0118561
310 13.0491
12 -3.05053
46 -5.56642
24 -12.4835
91 -0.247917
210 0.70314
300 13.2306
252 3.1962
368 47.4069
289 10.7292
367 28.846
115 -1.64944
206 3.97412
102 -2.01089
90 -2.46523
256 6.00439
131 -0.212189
274 7.53879
317 14.1634
362 5.59695
145 -0.502747
275 7.44516
347 40.041
328 15.6724
237 8.15504
1 -15.9089
66 -1.32721
337 20.4926
300 11.3403
326 17.7871
294 8.42484
126 -1.72511
141 -1.85037
278 8.58035
306 13.8765
79 -0.267929
100 -2.72018
340 6.73602
150 -0.177429
299 9.9928
363 23.8968
266 5.29352
299 12.4395
278 8.58029
327 16.8131
357 18.1716
36 -2.41607
77 -1.5578
365 23.0766
7 -2.52126
75 -0.0575867
255 5.1674
310 13.0503
267 5.87549
151 -0.234818
327 14.9172
274 5.88568
208 2.53537
166 -0.0534821
85 -0.470108
349 24.7184
229 1.98003
252 3.24675
118 -0.571762
317 14.1635
16 -5.42305
334 19.2376
128 -0.250999
3 -6.24293
295 10.0188
227 0.308014
120 -1.68877
63 -3.00104
289 8.78735
156 -0.121841
274 7.54138
124 -0.455902
106 -1.45369
163 -0.00105286
298 10.7214
4 -10.5496
315 16.2091
313 15.0001
211 2.97609
357 38.8985
137 -0.0300598
291 10.0963
240 1.99069
359 20.6181
365 19.3045
28 -1.72804
218 1.55135
239 2.99718
223 3.1843
358 -11.2412
35 -7.07928
333 19.7123
125 -0.545189
284 10.1717
300 11.3542
128 0.0226593
305 12.5714
369 26.3175
101 -1.70835
83 -3.10128
198 2.02237
193 0.663345
137 -1.25977
131 -1.36566
182 1.51353
365 19.304
122 -0.583138
157 0.188889
17 -8.14237
87 0.14312
371 26.1356
73 3.47817
368 20.5098
74 -0.358948
308 12.7826
309 12.6759
286 8.91757
308 13.7105
317 17.2889
108 -1.70876
274 7.39694
66 -1.69462
315 13.9352
94 -2.6902
281 8.42767
43 -4.12553
277 7.95688
128 -1.43361
165 -0.403732
308 13.5891
30 -1.18581
368 20.6068
114 -2.71373
106 -0.960083
19 -18.093
68 -1.49591
79 -3.79371
133 -1.5769
23 -12.686
254 4.35327
358 38.0726
12 -15.7189
128 -0.497421
145 -0.560165
361 21.4461
62 -3.35963
337 20.5473
251 4.78725
122 -1.54369
260 4.14093
95 -2.06912
102 -1.744
328 16.222
293 11.5452
354 23.4522
361 24.7429
112 -0.643715
158 -0.376404
264 3.08911
262 5.21072
336 2.92545
60 -0.599697
333 18.0583
340 18.7555
229 0.818268
327 18.8994
362 22.9172
294 13.5207
297 10.7406
72 -4.38757
344 -23.612
65 -1.38087
33 -5.69753
316 14.8769
305 14.5881
35 -2.10064
347 20.9314
150 -0.420227
185 1.16914
40 -4.75811
273 7.5437
291 9.89389
332 18.5125
285 8.638
110 -0.318741
294 10.8102
66 -3.02438
124 -1.78169
32 -4.61745
303 15.5962
271 11.14
363 5.71121
207 0.797318
335 4.49539
336 20.1163
105 -0.464432
76 -2.71981
79 -2.38343
205 1.31412
43 -3.41651
345 20.7565
303 12.4814
242 7.72823
5 -2.35793
357 19.7192
81 -1.34995
327 16.827
251 3.2471
184 1.99666
300 12.2534
371 25.1613
54 -4.4425
147 -0.54158
321 15.9936
175 0.353119
309 11.9918
313 12.9033
130 -0.768173
317 14.2212
32 -6.17735
31 -1.81554
313 4.43939
140 -0.619354
359 20.6194
280 7.65811
322 14.3214
157 0.00465393
299 11.8335
66 -4.08246
294 13.3428
277 9.08856
248 3.46027
325 16.9646
116 -0.118538
316 14.4231
45 -4.27649
273 10.9357
204 -0.265228
313 12.9034
291 7.56143
313 14.7899
325 17.6285
302 11.6149
279 9.34125
270 10.6432
95 -0.442459
248 5.33441
276 7.52841
206 0.87001
136 -0.00149536
310 12.9911
184 0.737259
320 9.39502
106 -0.311195
39 -1.81596
254 5.70602
126 -1.74423
291 9.89447
191 0.184555
287 10.0278
134 -1.03169
56 50.2917
366 21.403
142 0.202484
314 16.9615
32 -2.2248
2 -7.40225
80 -2.09986
67 -2.80246
236 8.61287
366 22.9021
127 -1.63806
68 9.85534
148 0.192184
254 5.6769
231 2.66081
56 -1.36982
265 9.0278
350 22.9789
171 0.0307007
324 3.85324
88 -2.74072
308 15.0295
66 -1.69457
86 -2.45205
307 14.4975
226 4.39653
355 19.016
78 -3.58179
22 -3.48446
44 -4.44254
355 21.5186
366 24.697
90 -2.58903
303 12.4808
76 -1.47858
337 19.8226
336 18.4284
92 -1.22887
35 -4.26126
4 -10.9556
220 0.661209
97 -0.886192
141 -1.17389
179 0.771942
291 9.89386
7 -6.54018
298 9.69083
307 12.6553
269 7.21292
309 13.1277
299 8.78925
321 17.6848
353 23.4325
36 -2.04749
231 6.11163
180 1.24263
116 -1.63223
143 0.134705
109 -1.7291
173 0.258377
83 -4.12436
370 26.6289
185 0.397293
300 11.4937
317 14.345
276 8.15228
351 22.067
272 10.1437
337 18.1501
244 3.59517
149 -0.281616
89 -1.22514
161 0.12709
359 28.1399
320 13.2808
274 7.67255
124 -1.38593
284 8.91754
320 15.0873
333 18.616
134 -1.02599
302 13.3859
340 6.73181
214 1.80237
282 8.09637
312 14.0218
92 -3.24498
134 -0.556931
28 -1.19892
328 15.1137
205 3.55513
121 -0.329147
30 -1.15895
291 8.41113
322 15.3669
82 -0.264458
264 5.64389
90 -2.3545
309 13.1433
49 -3.64193
140 -1.21373
206 2.38661
316 16.504
285 9.21899
351 23.063
265 7.38721
124 -1.06136
38 -2.11156
169 -0.0966797
370 26.5397
321 17.7365
371 26.7296
287 8.47968
137 -0.434906
125 -1.88356
287 7.98386
308 12.8888
121 -0.371147
256 10.2157
134 0.0162048
46 -4.52983
302 14.4131
105 -0.46505
314 14.6845
295 10.4697
363 32.8376
164 0.0802612
161 0.127121
174 0.468292
176 1.51964
314 17.3092
126 -1.37437
267 6.0394
312 15.1099
145 -0.162827
111 -0.811821
340 18.0192
58 -27.2424
337 19.5164
110 -1.70683
297 10.1187
359 28.2064
69 -2.58894
291 11.279
302 12.3573
50 -4.33205
314 14.5705
80 -2.10014
297 10.698
96 -0.51001
144 -0.783997
120 -0.00062561
317 14.1635
67 -3.4351
331 17.3569
353 19.138
321 15.1869
144 -0.111633
76 -2.71999
63 -11.3261
306 13.8743
300 11.3546
349 24.7187
210 1.39079
249 3.48296
160 0.827637
324 16.5785
265 5.48752
284 6.66843
119 -0.561966
257 5.1817
276 7.45648
279 11.7491
23 -2.22161
211 1.77419
301 -0.397797
366 29.6021
42 -5.37778
285 7.84802
107 -0.259293
126 -1.72506
10 -23.575
290 9.3931
111 -2.56892
221 0.845612
350 -13.9028
308 14.9798
309 12.6765
364 18.0635
51 -3.51597
10 -14.2393
126 -1.23852
352 21.1475
88 -1.8904
64 18.1657
121 -0.224915
268 7.9783
79 -0.519142
109 -1.23293
359 27.5357
304 11.9599
67 -3.44653
358 40.2435
79 -2.80782
236 2.89401
190 0.31955
66 -4.05194
55 -3.96084
221 0.845413
319 15.1649
284 9.8707
114 2.10094
96 -2.33228
270 6.70337
126 -1.33221
338 19.7147
234 19.993
180 0.534302
250 9.77356
156 0.2668
150 -0.941925
322 15.1872
247 3.44568
311 14.4247
362 34.0362
55 -26.5557
169 0.116333
311 14.3085
350 20.0804
211 0.820953
346 -28.2238
122 -0.440063
349 23.062
308 12.456
280 7.18939
321 1.44794
327 16.8142
237 8.4622
265 5.7085
5 -1.94201
47 -2.03628
127 -1.35362
42 -20.5824
71 -0.316589
320 14.9672
299 9.17807
86 0.0591736
217 3.39098
289 5.18185
287 8.50461
331 17.5584
204 -8.6144
264 5.87723
350 20.4216
122 -0.729973
313 12.8346
144 -0.349518
276 8.10489
59 -1.62652
291 9.19235
280 9.28732
56 -1.66853
367 20.8864
56 -6.58844
305 13.271
17 -8.17648
52 -5.11009
292 10.7288
175 0.350632
68 -1.67163
318 14.4284
368 20.6526
5 11.2968
128 -0.492584
161 0.127136
213 1.9259
68 -1.67159
347 18.6718
277 6.3378
38 -7.40299
336 17.9064
77 -0.0656738
280 7.6601
138 -0.255096
68 -0.775215
55 -0.813084
308 14.7134
83 -3.40201
287 9.30783
297 10.4333
348 18.5826
258 5.09259
75 -3.19053
325 -16.2218
317 14.7023
368 27.4602
298 11.3324
117 -1.46058
135 -0.231842
229 3.86613
349 24.9068
321 14.2924
89 -0.338791
250 3.58105
312 14.1065
314 14.6692
371 25.8365
258 5.14157
301 11.8173
62 -1.60786
317 12.7307
13 -7.18716
133 -1.57716
151 -0.0242157
281 7.6691
6 -22.5226
326 17.7854
322 17.4616
349 20.3443
265 6.99149
114 2.10901
342 -6.90958
331 17.4671
1 -8.79282
110 -1.42725
224 7.10803
89 -1.22897
322 14.5964
265 5.89383
300 10.1623
96 -2.32615
40 -2.39739
289 9.21899
349 20.7192
28 -5.31142
313 14.6669
286 7.71741
89 -1.2274
280 9.18069
349 16.0583
329 16.9708
264 5.6813
285 5.64685
276 7.5795
145 0.0116882
105 -0.364784
333 18.1254
68 -3.14549
349 24.9067
237 3.1609
45 -5.13253
20 -8.8654
315 14.0973
305 14.1818
112 -0.643799
143 -0.00524902
310 12.6533
243 3.39804
87 -3.44659
51 -3.32211
53 -2.50882
366 24.6931
206 6.02003
66 -1.69374
176 0.289581
78 -2.68954
280 8.08698
349 24.907
36 -1.13501
296 8.55963
329 18.8451
87 -2.30827
307 13.5222
148 0.47905
298 11.8749
55 -4.02937
254 4.87183
42 -2.04618
347 20.6256
77 -2.82716
104 -1.48992
180 0.61351
276 8.15216
166 -0.0534515
42 -4.53752
57 -6.60543
183 0.402817
21 -1.25492
302 12.413
361 36.4613
340 19.3942
111 -2.76307
245 4.60037
322 16.5575
318 13.3336
111 -2.76286
3 -6.13793
290 10.8723
38 -4.77024
337 16.8489
298 10.9021
232 2.01068
147 -0.44487
295 9.91492
14 -7.26046
240 1.99063
124 -2.49625
158 0.0279846
240 4.55392
70 -3.01434
345 -28.4467
330 17.1299
355 22.2199
51 -3.35857
271 11.0831
256 10.2141
75 -3.80624
82 -3.23607
283 10.3724
180 1.24141
119 -0.64547
323 17.8981
320 13.5801
321 13.5229
332 15.3825
365 26.4352
359 21.9943
93 -2.30818
354 23.4536
85 -2.0532
299 11.3344
317 14.0854
353 19.826
36 -6.39301
318 15.0557
45 -4.91449
305 12.3903
154 -0.039505
315 13.5118
371 25.1549
320 16.5589
76 -2.84044
229 2.45189
28 -5.31178
57 -6.63316
78 -1.52936
306 12.392
148 -0.852478
37 -2.51342
337 19.6113
309 12.6759
190 0.317627
297 11.1011
339 20.7473
363 50.202
119 -0.839508
28 -5.30948
293 11.3896
99 9.6583
153 -0.32785
32 -1.09221
256 10.2139
75 -1.44662
280 7.6582
262 5.55643
64 -3.51562
272 7.29041
340 19.3943
330 17.6597
339 18.8836
313 15.7321
178 0.326889
6 -1.69321
144 -0.436615
252 3.19583
139 -0.791992
326 5.41064
48 32.3569
174 0.266251
359 25.6159
305 12.95
262 5.70819
112 -2.44598
276 8.15237
243 2.96848
8 -5.30057
218 1.55133
79 -2.08917
47 -4.106
225 1.33818
30 -5.79062
86 -0.431549
57 -5.16523
276 8.15228
370 -0.328003
256 10.2139
9 -12.939
51 -3.86268
287 9.67142
338 18.1151
105 -1.03745
357 38.6645
290 9.4827
101 -3.1282
356 26.5076
4 -7.25083
273 7.25024
365 31.9118
352 19.5107
315 14.3021
262 5.34189
235 0.309586
351 20.0026
299 10.1953
137 -0.0299072
83 -3.10091
50 -3.54337
14 -6.64275
10 -2.47578
366 29.6085
41 -3.46879
306 14.187
285 8.0542
55 -4.02391
137 -0.0301361
99 -0.326256
276 8.15265
136 -0.73027
259 5.18976
83 -3.46313
370 22.8481
255 4.49173
78 -3.80669
278 8.1062
259 5.09033
175 0.350449
341 -13.6746
324 16.6157
278 8.58102
152 -0.320343
254 4.05603
91 -1.21107
142 -0.215714
145 -0.10141
280 9.18069
46 -1.56642
91 -5.75887
137 -0.0302124
44 -4.95074
309 12.6756
157 -0.512329
54 -3.79785
46 -3.80567
295 9.09079
143 -0.298447
126 -0.250183
275 7.302
142 -0.214233
72 -4.19881
315 14.231
311 12.6125
365 26.5551
338 19.2845
185 0.387817
85 -4.59306
132 -1.03094
276 8.15259
246 3.57628
159 -0.181686
115 -2.22896
66 -1.5332
325 -9.54764
357 38.8995
201 15.7424
10 -2.44039
201 1.57921
354 20.6637
83 -3.09895
297 10.484
22 -2.90652
121 -0.224968
322 17.4528
226 3.68481
55 -5.16837
311 12.6098
210 1.20845
338 -14.734
97 -1.99615
4 -6.18653
192 1.43175
271 7.17404
358 39.2646
133 -1.0994
349 24.9068
302 12.3641
195 1.24997
7 -5.72956
64 -3.48853
102 -0.80204
295 11.4883
12 -15.7021
333 18.7542
152 -0.251633
56 -1.83838
287 11.5135
74 -3.25027
32 -21.7033
146 -0.578552
308 13.5802
373 44.1595
104 -2.09074
182 0.462219
265 9.00699
180 1.24193
359 -1.10141
68 -1.6716
15 -2.33041
39 -4.91013
269 9.01874
305 13.5749
157 0.220322
351 20.0863
325 17.0065
346 -28.5638
255 2.92526
175 0.272095
196 0.456192
268 10.6992
68 -1.67162
276 8.1048
102 -2.03477
291 10.4242
307 12.4045
323 15.2883
284 8.72318
167 0.0597382
288 9.14566
47 -4.44946
359 25.6219
330 17.659
33 -2.08846
348 18.6673
5 -2.1461
293 10.1218
332 18.2843
192 2.68823
334 17.2292
90 -1.67297
49 -4.50412
369 26.3385
283 10.3732
90 -1.9689
294 11.2699
91 -0.0542297
358 21.5994
190 0.317322
312 14.446
230 1.13632
63 -3.87988
243 10.949
75 -0.0574951
356 -8.40189
260 12.0509
68 -4.71339
275 6.81003
85 -2.74262
79 -0.519089
160 -0.335495
156 0.122665
368 20.5174
303 11.6614
306 13.1615
69 -0.887589
254 4.29944
364 18.0153
295 10.2995
282 10.9446
281 8.42764
286 8.91705
62 -2.98355
327 15.1024
6 -2.1767
189 0.41777
64 -4.49389
300 16.9291
37 -6.36295
80 -2.33768
149 -0.599289
159 0.208633
309 11.3016
176 1.40903
317 14.1634
304 15.0031
354 23.5158
340 20.2628
43 -5.5872
130 0.0162964
339 19.9932
21 -2.34926
287 11.1323
79 -0.519081
356 40.6854
255 10.0234
75 -0.0577545
41 -8.24854
89 -0.424942
55 -4.03067
292 6.47272
56 -1.74736
364 18.3601
366 29.6049
315 15.2123
245 3.19675
203 2.02457
90 -2.56257
50 -3.46193
82 -1.94407
368 48.6975
69 -1.52773
63 -3.89475
270 8.65338
283 8.60056
257 5.19751
159 -0.196274
10 -1.22642
71 -3.3107
6 -11.6435
38 -4.76393
297 9.56522
259 5.5307
282 8.14673
13 -2.28108
99 -0.307991
297 9.3797
309 12.7404
333 18.048
355 21.3334
362 16.4369
195 1.17407
307 13.42
197 0.294769
324 16.5893
57 -1.67708
135 -1.4646
311 14.452
214 1.91905
181 0.351395
30 -16.2416
312 12.6152
83 -1.38432
340 20.2402
131 -0.270309
104 -1.70948
92 -3.22849
253 4.13771
222 3.12068
354 20.88
64 -3.51415
17 -1.26404
335 17.5637
216 2.5224
141 1.27165
77 -1.4188
317 17.5681
357 4.66681
198 16.8779
51 -2.34683
310 12.9904
303 12.4794
94 -3.23215
150 -0.463181
69 -1.53025
12 -14.9378
179 0.405151
281 7.75577
200 8.74747
106 -1.07735
287 11.1717
267 10.906
257 4.84155
12 -6.97742
364 18.3386
368 48.6935
11 -1.44625
120 -0.222939
222 1.69312
371 29.104
105 -1.03138
338 20.3581
362 -36.7485
299 12.2438
298 11.472
85 -2.05301
329 16.9693
134 -1.20926
82 -0.224365
329 16.8595
26 -5.55707
337 19.1116
335 16.8524
371 45.2049
5 -21.1307
288 8.97021
304 15.404
366 29.6051
77 -1.4404
308 12.8321
116 -1.46815
151 -0.230301
294 7.09229
119 -0.375916
296 10.2105
358 19.4762
346 20.3181
240 1.99249
289 7.21851
83 -1.40654
266 6.25699
20 -6.43517
98 27.4248
252 3.23151
171 1.18961
39 -9.45262
191 1.00114
370 23.0795
336 18.7005
308 15.1565
92 -1.94891
254 5.70601
343 19.3604
370 -0.169861
42 -1.55208
373 28.3988
274 10.5945
332 18.596
287 9.22733
309 14.6029
317 17.3832
290 9.25262
42 -1.80883
265 5.46301
310 12.9944
335 4.81348
292 10.2609
365 27.043
86 0.059227
332 18.5983
6 -1.37546
262 5.09399
359 34.6735
320 15.1702
84 -2.8454
21 -1.60931
361 36.2594
76 -0.747093
45 -5.05952
224 12.8819
338 20.4425
23 -1.22234
44 -0.99892
367 26.273
186 0.263474
75 -0.837502
294 5.37509
292 10.0305
145 0.624634
27 -2.06153
37 -3.21693
159 0.208374
226 7.12389
108 -1.07289
280 8.1358
129 -0.407501
320 17.2419
228 2.17424
139 -0.420364
315 14.7993
271 7.28757
338 20.4023
251 5.07816
17 -8.1485
370 46.0965
4 -13.0408
299 11.0546
36 -4.57281
279 11.9038
54 -5.06769
63 -3.59026
356 26.7236
55 -2.71417
261 5.17102
351 23.0555
78 -2.73353
123 -1.42464
317 14.1635
302 10.841
4 -21.5795
367 29.3838
276 8.38721
105 -2.79686
96 -2.61851
235 2.71574
44 -17.7712
46 -5.52024
278 8.58005
287 9.16873
55 -4.81213
291 7.41013
255 5.16739
349 20.2687
180 0.583069
176 0.678558
49 -4.07274
304 14.0091
256 5.86069
63 -4.52141
324 16.589
321 17.7611
73 -2.38112
294 13.521
44 -4.7524
359 26.2265
112 -0.643524
230 1.2205
89 -4.05038
261 6.74405
205 1.31296
62 -1.45649
315 16.603
181 0.769669
159 -0.243607
111 -2.76068
359 25.7402
299 11.7401
146 -0.274048
28 -4.78475
34 -4.81336
257 4.58966
275 7.35062
35 -7.07979
29 -4.81891
335 17.564
365 31.0899
55 45.9689
344 19.0415
284 8.52621
128 -0.32444
333 16.8989
365 26.4356
344 21.4379
359 29.8893
95 -2.47387
55 -0.809296
32 -6.17908
96 -0.607193
71 -3.43001
5 -7.12514
182 -0.074585
370 25.7666
274 7.4115
287 7.83118
51 -3.26332
80 -0.982346
61 -1.73783
35 -4.26123
281 7.96341
58 -1.68354
13 -2.32593
76 -4.55501
316 14.5173
43 -5.83171
303 13.1215
122 -2.46287
270 7.59778
72 -2.53696
305 15.3689
69 -1.54758
294 8.40289
368 20.6271
116 -0.721405
340 18.4392
148 -0.112946
233 2.21895
146 -1.13222
64 -1.26055
142 -0.427979
283 9.69272
73 -3.19692
307 12.7911
325 17.0079
304 14.1833
15 -13.6902
278 8.58142
364 24.8196
278 8.58029
137 -0.984924
152 -0.226379
79 -2.81322
82 -1.38908
364 -24.9889
337 18.9627
32 -6.17615
163 0.271378
147 0.117569
337 19.4915
284 10.1941
242 7.7269
254 4.7124
131 -0.192245
345 22.3606
341 -21.3099
314 14.5787
240 1.99243
332 19.3351
128 -0.506226
287 9.02692
321 16.3609
331 16.7784
133 23.7328
134 -0.221085
199 0.94931
100 -0.112015
363 20.5273
287 11.0716
69 -3.41061
327 20.131
368 20.5127
150 4.4593
323 14.9353
351 5.32147
240 8.47539
206 2.35666
51 -3.34806
256 4.38007
285 11.0127
351 0.74408
85 -2.0531
126 -0.35733
313 12.5534
345 18.5269
349 24.907
305 12.5634
12 -15.6966
354 22.1529
297 13.8159
303 11.921
98 -26.8858
261 6.74423
321 14.2923
367 28.8056
310 12.9907
364 -24.9522
59 -0.69109
85 -0.267708
157 -0.21817
262 5.58026
23 -2.80279
34 -1.14651
260 8.28665
307 14.966
71 -4.96051
296 8.64514
365 31.0418
184 0.224548
354 6.08911
332 18.598
332 15.8566
72 -1.28132
50 -1.56457
285 8.26086
191 3.40451
59 -3.854
173 0.202881
247 2.62584
361 24.0032
360 24.4393
366 14.4367
277 6.77835
6 -24.444
357 38.6457
51 -3.36012
73 -1.48465
17 -8.17524
322 16.5101
344 21.9759
263 6.41327
143 -0.875366
88 -2.32354
181 0.346298
285 9.11972
316 13.7557
359 16.8022
46 -1.9033
308 14.4207
157 -0.1194
133 23.6879
281 8.46347
299 12.5656
57 -5.16534
283 10.8307
271 11.2071
253 3.62164
223 2.89476
36 -10.8367
310 12.4596
312 14.014
37 -3.21673
297 10.4029
190 0.161819
349 -23.0888
105 -0.98613
60 -3.1416
69 -1.54584
65 -0.190445
332 18.2957
65 18.3942
290 8.9238
113 -0.937523
348 21.3113
132 -0.644775
29 -2.67735
38 -3.64262
348 21.1596
310 12.9995
43 -2.04616
340 18.1303
319 14.7935
331 16.5941
186 0.0927734
300 11.5015
99 -0.911766
73 4.76003
331 17.1379
340 19.8684
201 -0.131012
241 3.43584
368 30.0655
332 17.656
336 17.932
102 -2.87663
364 -24.9529
299 11.7401
271 11.1281
134 -0.181168
35 -2.08367
349 24.9064
156 -0.122589
63 -3.22578
203 0.764557
347 5.35806
201 0.662201
264 5.88666
288 8.02002
321 2.49963
115 -0.865883
274 7.22885
208 2.02992
348 19.9336
251 7.21509
271 10.7275
359 47.7515
210 0.824478
75 -0.057457
55 -3.97144
34 -2.13847
91 -2.6674
346 18.4747
109 -1.00839
311 7.40701
362 32.8672
336 17.8512
294 10.2186
308 12.7317
42 -1.81548
27 -10.4478
64 -1.55522
64 -2.88301
300 13.7261
331 16.9339
305 13.4109
97 -2.63251
346 18.586
281 7.87613
300 13.1341
42 -1.81627
83 -3.09927
81 -3.80496
339 19.1682
244 5.2878
323 17.8981
272 11.2148
356 22.0583
40 -4.31713
315 12.7693
278 8.58038
349 24.7186
161 0.157211
240 4.55377
349 -9.88425
320 20.6931
307 12.138
287 9.67151
88 -3.811
268 6.6449
348 20.6528
1 -12.6757
310 12.9914
56 48.6577
338 19.7156
300 12.013
360 25.8583
369 19.1317
340 19.3444
282 8.28699
134 -0.261719
101 -0.432991
256 10.216
257 9.54504
128 -0.362297
364 24.8206
330 16.6351
288 8.42502
262 5.54691
299 12.5595
137 -0.0301361
351 21.1166
272 8.29056
318 15.1072
368 22.516
76 -2.88435
