183 0.7491
173 0.610947
188 0.65979
166 0.610077
161 0.565323
167 0.696274
200 0.93309
232 4.79079
170 0.723038
86 0.185249
170 0.586578
185 0.81723
136 0.647629
229 5.10452
174 0.773193
124 0.208466
94 -0.342842
164 0.622101
190 0.947891
199 1.06595
114 -0.0930939
158 0.60878
200 1.3045
202 1.14023
183 0.825119
179 0.950699
195 0.778748
139 0.478394
157 0.589767
173 0.800781
164 0.622726
135 0.268402
89 0.189178
170 1.23399
179 0.950699
179 0.950729
206 1.26047
171 0.610855
155 0.654114
170 0.628387
169 0.621735
185 0.985321
193 1.06665
171 0.607391
165 0.960327
164 0.626099
167 0.67746
87 0.202995
211 1.18546
205 1.18724
172 0.724701
192 0.838638
181 0.670654
167 0.677856
167 0.677582
85 -0.251816
162 0.592728
157 0.669418
72 0.151176
122 0.040802
186 1.02818
163 0.531387
181 0.772232
130 0.32486
136 0.619446
170 0.72319
60 -0.0543594
181 1.04968
200 1.27969
157 0.599716
167 0.617142
177 0.756378
179 0.950287
169 0.621902
139 0.473892
192 0.689011
165 0.960449
165 0.605423
165 0.959335
171 0.609802
139 0.47438
170 0.597504
169 0.609375
171 0.718704
95 0.156769
229 5.39781
301 5.86829
146 0.591187
146 0.456009
332 9.38425
188 0.661697
90 0.196167
187 0.854935
133 0.358963
181 0.670776
148 0.648239
198 1.18918
178 1.54105
133 0.357407
183 0.752991
198 0.946228
190 0.819031
135 0.250565
160 0.642654
171 0.513763
182 0.958344
130 0.324844
186 0.948608
165 0.605576
68 0.0945206
176 0.836517
174 0.772736
148 0.668045
159 0.654099
196 2.63036
188 0.659897
200 1.29434
87 0.202385
169 0.628464
155 0.667526
186 0.948639
185 0.820908
187 0.680344
173 0.641251
137 0.616806
152 0.480103
172 0.701599
139 0.44458
121 -0.02668
173 0.677261
173 0.799561
155 0.651077
127 0.0910797
180 1.55254
159 0.473663
157 0.613998
146 0.591125
187 0.679001
171 0.610413
212 1.33949
121 -0.0268402
87 0.197388
173 0.799774
150 0.445206
188 1.36992
134 0.194305
165 0.605484
166 0.701965
205 1.28914
188 0.660522
188 0.915771
206 1.15146
173 0.608917
229 3.16817
31 -0.643621
81 0.18206
139 0.477753
206 1.15297
176 1.27303
171 0.723846
182 0.671738
139 0.474304
171 0.607162
294 5.71759
172 0.645859
215 1.34856
165 0.605377
206 1.25961
181 0.772293
148 0.650452
200 1.28069
163 0.489243
181 0.772354
171 0.718658
131 0.286774
311 7.17819
94 -0.342575
181 0.671204
165 0.605438
188 0.661774
135 0.469238
125 0.547569
85 -0.251953
139 0.388199
186 1.57185
133 0.285965
102 -0.293442
167 0.688889
182 0.674286
187 0.855865
193 2.10683
152 0.479919
143 0.456955
173 0.800018
170 0.649475
276 4.22415
166 0.703445
159 0.616867
188 0.662262
63 -0.421844
172 0.715622
196 0.969498
138 0.537292
196 2.63792
205 1.13075
185 0.703873
71 -0.43911
179 2.88615
210 1.26317
136 0.628433
181 0.670837
114 -0.0931625
143 0.445831
203 1.17693
192 1.13924
298 5.98529
178 0.7995
165 0.605453
125 0.553795
133 0.351089
73 0.182426
173 0.63179
189 0.922836
167 0.67746
170 0.592209
196 2.63618
139 0.386826
145 0.449982
181 0.670471
136 0.464478
174 0.668503
187 0.681091
206 1.26025
58 -0.112007
171 0.718567
174 0.668411
98 0.328278
173 0.6465
190 1.08899
87 0.204475
189 0.646835
156 0.513596
57 -0.605885
188 0.661713
165 0.959305
46 -0.754307
87 0.19429
192 0.900986
132 0.378357
142 0.430267
239 1.94357
88 0.183044
192 1.138
73 -0.270638
180 0.770935
294 5.91888
165 0.662598
199 1.05261
173 0.634247
156 0.51384
181 0.772385
127 0.0915222
164 0.656586
76 0.140892
25 -0.987265
31 -0.642094
295 5.86224
181 0.772263
155 0.659607
136 0.589111
176 0.820862
179 0.9505
189 0.899139
158 0.634079
115 0.272606
232 4.7903
194 0.98996
173 0.79985
232 4.79034
149 0.504089
131 0.308716
187 0.679642
97 0.214653
139 0.474213
96 0.217308
109 0.00479889
211 1.18547
179 0.950821
151 0.488998
132 0.387009
127 0.091301
203 1.17679
147 0.560394
214 5.11826
179 0.724747
157 0.597427
181 0.772324
188 0.661087
138 0.539993
188 0.916092
200 1.28014
183 0.9375
125 0.55426
296 5.9964
156 0.512466
57 -0.661499
84 -0.180527
85 -0.250153
200 1.30412
146 0.397568
60 -0.548538
173 0.799667
82 0.0787582
125 0.547951
61 -0.530212
173 0.79953
127 0.0917511
73 -0.270615
135 0.498444
169 0.623749
72 0.192291
9 -1.00148
152 0.46817
61 -0.533241
76 -0.319221
179 0.950729
89 -0.177704
250 2.79237
153 0.500259
69 0.32972
85 -0.261261
63 -0.588936
199 1.1925
184 0.782318
188 0.660355
127 0.0914307
63 -0.492603
229 5.39799
196 2.63805
224 1.47955
229 1.76375
155 0.651642
164 0.492691
111 -0.0078125
187 0.855682
181 0.772354
160 0.68251
92 0.178436
68 0.0960541
192 0.906601
25 -0.987032
44 -0.808945
194 0.903214
61 -0.467766
218 1.4856
89 -0.17897
165 0.960266
139 0.478226
127 0.091217
130 0.333496
204 1.147
116 0.371017
211 1.18536
188 0.662018
85 -0.25135
24 -0.222242
73 -0.376648
101 0.228065
27 -0.928379
197 3.03734
139 0.389175
139 0.478943
206 1.26054
84 0.209686
202 1.17046
188 0.660873
69 0.328903
99 -0.125008
200 1.29706
146 0.592163
81 -0.305962
65 -0.529099
172 0.716583
201 1.21593
63 -0.640182
172 0.714249
156 0.515533
165 0.683258
122 0.0411835
232 4.7903
76 -0.179024
96 -0.18116
182 0.673706
76 -0.397446
186 0.948502
74 0.153076
141 0.494354
102 -0.0425034
176 0.83873
86 0.236694
198 0.946686
61 -0.488453
125 0.546402
153 0.639648
172 0.709656
62 -0.426128
157 0.597534
63 -0.640568
178 1.54321
61 -0.597225
196 2.63828
172 0.687439
198 1.16158
156 0.513733
137 0.523758
133 0.362183
229 5.39799
47 -0.758919
173 0.62854
111 0.281029
75 -0.29361
61 -0.530315
85 -0.263817
173 0.895584
199 1.07356
192 1.13887
33 -0.863907
188 0.66095
142 1.65065
51 -0.626339
226 1.67676
107 0.298225
166 0.652054
73 -0.270645
76 -0.263519
13 -1.1539
81 -0.352295
11 -0.890857
179 0.950821
188 0.916138
116 0.370209
194 0.917999
208 1.23209
173 0.651428
123 0.232521
53 -0.521923
156 0.562851
148 0.653564
226 1.64436
72 -0.325684
200 1.30226
114 0.182892
91 0.0156021
178 1.54308
87 0.192131
148 0.648666
28 -0.643787
143 0.455795
47 -0.749882
168 0.679001
31 -0.631126
54 -0.57547
64 -0.639202
63 -0.652004
214 5.12621
61 -0.509403
179 0.95076
66 -0.360847
151 0.546432
85 -0.262291
137 0.463806
206 1.15536
60 -0.0554161
179 0.776474
179 0.950485
182 0.674911
114 0.0481644
157 0.59491
82 -0.314743
205 1.13078
164 0.662003
272 3.92404
63 -0.651932
156 0.514938
41 -0.72105
101 -0.0930939
45 -0.809517
170 0.723694
181 0.77243
69 0.329514
296 5.99658
26 -0.968533
10 -0.958341
57 -0.549946
73 -0.27076
192 1.14023
215 1.42993
180 0.669235
195 1.1306
332 9.38458
214 4.34972
136 0.636459
180 1.55254
89 -0.185478
170 0.592453
27 -0.928389
154 0.535202
129 0.0878906
86 0.247528
149 0.668976
61 -0.385452
139 0.474121
66 -0.445564
63 -0.489376
106 0.27948
57 -0.542664
175 0.839432
69 -0.537971
125 0.546028
75 0.248199
246 2.19026
108 -0.00769043
17 -1.03804
149 0.597687
89 -0.151474
101 -0.0537567
188 0.860275
21 -0.945446
113 0.259422
183 0.702484
42 -0.816963
200 1.16171
165 0.965775
50 -0.451572
187 0.855026
132 0.472778
43 -0.452137
178 1.54163
160 0.660538
101 0.150505
249 2.71098
52 -0.517136
126 0.301765
188 0.659515
222 1.49335
204 1.22987
43 -0.633003
126 0.474991
214 1.41849
74 0.22187
61 -0.438118
141 0.433746
229 1.76399
10 -1.10483
84 -0.268692
7 -1.11914
170 0.740219
18 -1.02506
208 1.23335
73 -0.270561
77 -0.448555
233 1.95279
105 -0.307976
136 0.634872
205 1.07426
130 0.4534
176 0.691589
89 -0.181778
171 -0.190994
201 1.02039
294 5.91891
208 1.17719
226 1.67917
145 0.451126
92 -0.130455
172 0.68631
204 1.22543
22 -0.897156
61 -0.45652
52 -0.647568
193 0.80336
61 -0.506359
103 -0.0562668
73 0.245628
139 0.388
3 -1.19027
54 -0.571243
11 -0.890678
167 0.721375
83 -0.290092
201 0.963745
41 -0.812374
35 -0.749977
215 1.42609
172 0.687271
82 -0.23893
179 0.950851
136 0.464539
147 0.55545
171 1.03233
188 0.916138
181 0.772217
89 -0.186905
181 0.772415
13 -1.14526
13 -1.14506
136 0.657242
208 1.18629
136 0.464432
195 2.06555
66 -0.365662
232 4.79044
53 -0.512012
234 1.82672
172 0.71904
345 10.2314
168 0.583496
229 1.76378
63 -0.604378
120 0.296448
147 0.559143
53 -0.570217
179 0.950714
121 -0.0268936
114 -0.147079
9 -1.02711
78 -0.275543
42 -0.813023
43 -0.452053
201 1.03586
39 -0.774071
172 0.801163
60 -0.0544434
60 -0.500729
107 0.296822
89 -0.185768
58 -0.527294
61 -0.485336
16 -1.0248
132 0.714752
89 -0.167946
81 -0.309715
7 -1.0762
147 0.555328
133 0.721085
232 1.94638
156 0.512085
63 -0.652
173 0.606354
12 -1.14827
54 -0.575279
208 1.27689
89 0.186501
169 0.621536
86 0.236702
102 -0.0426331
60 -0.37101
85 -0.263779
11 -1.12382
203 1.23576
25 -0.987011
88 0.247002
19 -1.03379
75 -0.549156
51 -0.637833
62 -0.460449
193 1.06744
61 -0.467445
27 -0.927956
25 -0.98694
115 0.150642
169 0.622131
165 0.666519
179 0.950775
176 0.82164
252 2.76762
61 -0.569935
127 0.0917587
59 -0.656254
208 1.23306
63 -0.651932
187 0.85582
192 1.13959
72 -0.360962
82 0.0787888
171 0.781845
206 1.15616
77 -0.415932
10 -0.952106
42 -0.751484
63 -0.423386
54 -0.538025
63 -0.639565
26 -0.968489
187 1.04063
153 0.609726
162 0.623322
63 -0.408363
27 -0.854403
176 1.27327
76 -0.192711
294 5.77451
193 1.0676
13 -1.14526
42 -0.750122
55 -0.56422
89 -0.176804
178 1.54225
82 0.279144
187 0.812805
169 0.637375
103 0.0111084
200 1.10579
76 -0.462051
61 -0.549984
294 5.77426
40 -0.779259
110 -0.00701904
155 0.654266
11 -1.13929
188 0.906982
62 -0.532532
230 1.79884
76 -0.215668
173 0.607117
12 -1.02549
42 -0.815441
26 -0.950722
63 -0.442513
140 0.490433
58 -0.639877
41 -0.70623
85 -0.251999
208 1.18652
63 -0.640141
40 -0.805393
162 1.07826
181 0.772354
147 0.559952
29 -0.882891
61 -0.529957
54 -0.553921
41 -0.640572
74 0.223648
84 -0.428955
165 0.959686
208 1.18687
157 0.589783
11 -0.890553
141 0.49234
173 0.80162
133 0.185181
188 0.66188
68 -0.440636
201 1.105
169 0.580414
109 0.205948
13 -1.02165
276 4.22427
88 -0.158951
88 0.36692
49 -0.707741
61 -0.400253
187 1.17247
101 -0.0537109
159 0.644669
122 0.0410004
61 -0.454468
84 -0.256371
25 -0.986845
166 0.703705
184 0.797882
148 0.650635
13 -1.16086
202 0.788712
139 0.388184
89 -0.176773
50 -0.495388
175 0.838242
173 0.801208
10 -0.958743
27 -0.701855
154 0.532608
75 -0.478569
28 -0.516201
61 -0.453377
24 -0.791935
63 -0.589802
57 -0.575649
73 -0.451172
148 0.648285
114 0.251823
173 0.800156
135 0.331268
41 -0.799656
49 -0.554222
98 0.32711
133 0.374374
61 -0.388538
58 -0.619587
179 0.950775
255 3.09706
174 0.638336
26 -0.680651
153 0.69902
171 0.607773
205 1.25656
196 2.63628
42 -0.816517
24 -0.944237
182 0.671249
15 -1.02494
165 0.593063
24 -0.876431
65 -0.486374
51 -0.55714
49 0.0837593
173 0.678467
74 0.221649
69 0.3302
194 1.02969
230 1.85637
177 0.720505
165 0.648911
15 -1.14436
69 -0.467926
63 -0.381851
114 0.327583
147 0.555328
22 -0.897518
102 -0.311592
74 0.221718
65 -0.530396
45 -0.572971
47 -0.749992
76 -0.290161
77 -0.215874
130 0.325592
145 0.450699
27 -0.928144
140 0.34227
19 -0.98946
101 -0.0537491
138 0.536835
13 -1.14503
74 0.229492
55 -0.631062
72 -0.458969
13 -1.15113
165 0.605499
137 0.511139
25 -0.987078
12 -1.14818
192 1.13899
58 -0.627083
21 -0.959246
81 -0.30497
177 0.720505
92 -0.305702
171 0.718491
68 -0.427238
31 -0.991346
67 -0.314896
122 0.0410461
147 0.559372
12 -1.05998
71 -0.455521
86 0.247627
27 -0.938637
165 0.959366
27 -0.928459
21 -1.11293
142 0.458511
21 -0.943281
185 0.735672
206 1.25993
61 -0.460026
167 0.662659
211 1.24863
70 -0.577118
140 0.436798
203 1.17973
49 -0.607449
35 -0.682308
47 -0.631176
192 1.13971
47 -0.641964
229 1.73605
12 -1.14727
129 0.482422
64 -0.497723
166 0.649414
76 -0.20797
169 0.751953
47 -0.754883
83 -0.335701
61 -0.0644913
155 0.686386
218 4.65715
74 -0.380585
181 0.772141
152 0.493835
77 -0.2164
101 -0.110344
73 -0.442642
192 1.13957
175 1.44386
63 -0.652405
76 -0.291847
29 -0.549459
170 0.095871
106 0.31472
105 -0.11071
47 -0.763737
142 0.44455
86 0.23851
86 0.286697
85 -0.263916
47 -0.734215
154 0.535736
63 -0.522266
208 1.18613
123 0.309799
145 0.52916
63 -0.624912
13 -1.14498
51 -0.644932
69 -0.499161
89 -0.178917
29 -0.863565
48 -0.67725
136 0.633865
41 -0.808666
165 0.767288
83 -0.30172
74 -0.434273
61 -0.483997
19 -0.939247
85 -0.272774
200 1.2997
146 0.435104
19 -1.00932
201 0.940567
179 0.666153
128 0.473755
108 0.450851
60 -0.387421
35 -0.841942
138 0.413879
11 -0.892829
141 0.493027
163 0.548431
114 0.501839
88 -0.184708
95 0.156921
57 -0.62252
24 -0.222321
136 0.632629
139 0.385757
114 0.182678
183 0.706497
42 -0.630241
12 -1.14738
34 -0.855202
142 0.364441
131 0.868073
63 -0.417019
186 0.951431
25 -0.987036
42 -0.807953
157 0.492371
80 -0.250809
66 -0.362137
76 -0.290833
83 0.164619
127 0.243385
170 0.716202
83 -0.282425
9 -1.14393
170 0.662979
78 -0.275414
56 -0.677147
67 -0.468918
229 1.74554
9 -1.00228
17 -0.78157
86 -0.192139
218 4.68425
65 -0.543999
97 0.0337601
165 0.958923
251 2.75563
84 -0.268974
63 -0.430279
172 0.673721
107 0.304726
113 0.0186691
21 -0.903564
180 0.579315
88 0.308952
210 1.34064
192 1.13957
108 0.170403
203 1.15967
11 -1.08491
103 -0.11544
163 0.542496
13 -1.14521
12 -1.03011
209 3.25803
13 -1.14551
130 0.456619
63 -0.642284
139 0.345673
135 0.416641
12 -0.911461
148 0.65094
167 0.682968
182 0.485275
29 -0.950775
76 -0.341049
183 0.702118
110 0.469543
31 -0.446537
83 -0.290031
171 -0.191971
86 -0.144943
187 0.854813
121 0.295357
117 0.211243
74 0.224709
147 0.559372
181 0.772247
193 1.06726
177 0.720444
6 -0.71676
26 -0.597219
177 0.914246
188 0.916031
63 -0.451363
209 1.32773
157 0.674957
175 0.926498
58 -0.530178
25 -0.987083
102 -0.311424
74 0.221474
206 1.26076
77 -0.215599
102 -0.311699
174 0.638763
77 -0.270927
27 -0.692949
116 0.261421
103 -0.0565948
81 0.201759
115 0.150597
92 0.379745
32 -0.552111
168 0.627563
74 0.221443
255 3.09737
89 -0.185776
34 -0.549545
127 0.243713
153 0.639648
43 -0.45245
189 0.921127
147 0.554886
175 -0.090744
188 0.662201
60 -0.410721
53 -0.541214
166 0.703201
39 -0.774456
71 -0.540703
17 -0.972588
22 -0.993996
92 -0.190842
95 0.156738
128 0.108047
169 0.636169
69 0.327789
27 -0.690332
126 0.505211
55 -0.59042
94 0.00266266
142 1.68842
133 0.37294
84 0.381371
84 -0.268639
49 -0.713757
196 2.63828
76 -0.220497
179 0.799683
13 -1.02115
9 -1.07565
105 0.226074
295 5.86221
159 0.71489
25 -0.986734
107 0.208504
14 -1.05536
233 1.86925
63 -0.372791
130 0.391388
12 -1.08411
81 -0.286758
188 0.660126
77 -0.208694
173 0.641312
61 -0.432865
138 0.459045
181 0.718338
86 0.247658
61 -0.520237
209 1.32764
202 1.02042
85 -0.263199
81 -0.375015
85 -0.244545
75 -0.421417
13 -0.734335
21 -1.15073
61 -0.483776
41 -0.8032
97 0.396347
60 -0.0551682
97 0.211792
147 0.537125
204 1.08252
69 -0.346146
124 0.445244
65 -0.516922
55 -0.634903
82 0.0786362
64 -0.388031
41 -0.887417
54 -0.571232
230 1.85651
33 -0.641918
64 -0.64489
172 0.608551
137 0.448914
11 -0.890524
78 -0.285698
188 0.916489
34 -0.696793
7 -1.18371
27 -0.928497
79 0.374809
81 -0.290085
82 -0.458458
31 -0.519257
89 -0.17878
170 0.744156
177 0.720551
63 -0.430424
208 1.23312
99 -0.03936
124 0.312737
193 1.09793
198 1.02968
60 -0.609566
165 0.603088
141 0.582077
69 0.114105
89 -0.178795
127 0.0912857
19 -0.93339
283 4.45172
11 -1.13608
24 -0.986155
78 -0.292366
104 -0.0789032
52 -0.615356
37 -0.650002
13 -0.956858
116 0.136978
26 -0.86611
78 -0.324951
48 -0.527596
13 -1.14507
63 0.183548
128 0.116791
60 -0.403725
8 -1.11123
170 0.631821
56 -0.497597
73 0.378014
178 1.54225
163 0.542511
61 -0.0795441
48 -0.523987
298 5.98538
90 -0.0674973
9 -1.15481
116 -0.108521
179 0.656403
53 -0.50885
117 0.212204
53 -0.544426
113 0.262146
77 -0.291077
37 -0.63496
42 -0.845692
201 1.19316
64 -0.533676
57 -0.405697
206 1.25859
78 -0.272972
125 0.547882
204 1.01826
11 -1.13022
12 -1.14815
49 -0.469711
69 0.326614
43 -0.647537
54 -0.528984
22 -0.925056
158 0.686295
121 -0.0269012
11 -1.14948
14 -0.852218
43 -0.451679
43 -0.451771
214 5.11655
2 -1.2292
69 0.328087
223 1.56071
72 -0.457214
193 1.1236
73 -0.437126
226 1.6797
77 -0.145538
64 -0.35281
56 -0.604561
85 -0.262596
218 4.66747
230 1.69771
73 0.238945
26 -0.967947
144 0.322174
11 -1.12252
54 -0.575611
53 -0.571049
164 0.626205
197 1.08156
171 1.28091
189 0.824524
6 -1.1922
19 -1.00895
23 -1.08556
148 0.651138
190 0.735382
73 -0.0697327
155 0.524979
13 -1.13813
3 -1.07882
56 -0.604832
61 -0.0687485
183 1.60167
66 -0.548859
174 0.77684
203 1.17584
181 0.670502
193 1.06757
106 0.176674
82 -0.207588
86 0.376106
70 -0.553635
64 -0.644203
116 0.420647
49 -0.616798
106 0.313637
80 -0.206848
130 0.457611
65 -0.421585
103 -0.056633
78 -0.272362
36 -0.729473
175 0.83934
43 -0.92931
31 -0.476294
87 0.201408
217 1.31099
107 0.296791
57 -0.552555
136 0.444534
192 1.14143
61 -0.47155
75 -0.29454
130 0.456497
173 0.799377
61 -0.444347
114 0.186226
69 -0.305344
57 -0.383385
232 4.79086
116 0.137047
51 -0.604179
191 2.14563
170 0.0963287
80 -0.257172
176 0.619965
173 0.637054
105 -0.140343
5 -0.762434
227 1.76326
144 0.490936
163 0.542877
12 -0.94151
88 -0.0387039
317 7.42184
42 -0.785664
65 -0.524124
142 0.444183
163 0.497772
44 -0.608944
60 -0.409088
24 -1.06432
229 1.66794
101 0.149811
60 -0.424129
157 0.484146
233 1.96812
127 0.326134
155 0.52533
27 -0.937304
64 -0.388451
345 11.0248
121 -0.0266342
90 0.363167
89 -0.155006
68 -0.572098
78 -0.278656
48 -0.516266
85 -0.261795
188 0.915924
117 0.216286
41 -0.884785
77 -0.204773
13 -1.14983
84 -0.274506
138 0.417709
43 -0.865387
81 -0.164261
114 0.452965
193 1.06744
20 -0.948803
63 -0.367939
74 0.221313
220 1.42273
108 0.218552
114 0.183014
135 0.402374
11 -1.1118
234 1.8084
63 -0.652615
25 -0.986906
126 0.475677
11 -1.13609
53 -0.620533
85 -0.260811
155 0.653198
82 -0.363571
150 0.444321
101 0.167404
116 0.37252
16 -0.683834
20 -0.655083
163 0.492096
194 1.02974
27 -0.937849
188 0.727264
102 -0.311424
134 0.401733
3 -1.2154
88 0.240417
124 0.473045
171 0.719177
112 0.0420685
74 -0.385193
187 0.923584
148 0.650803
203 1.17801
229 5.39792
14 -1.0045
192 1.14067
144 0.519562
84 -0.268791
65 -0.533356
43 -0.451897
203 1.17685
197 0.957977
186 1.02788
79 -0.469116
193 1.06747
114 0.410141
12 -0.941514
120 0.346298
163 0.645859
161 0.515427
24 -0.978819
13 -1.1455
70 -0.455124
119 0.422218
11 -1.13643
87 -0.220612
52 -0.645561
133 0.369324
127 0.0914078
163 0.497665
21 -1.00681
114 0.19239
150 0.600204
165 0.959152
13 -1.1456
162 0.687653
127 0.0914078
50 -0.587856
80 -0.250542
41 -0.92107
48 -0.469784
114 0.411995
56 -0.687237
65 -0.508163
181 0.772217
24 -0.879557
11 -0.890138
50 0.114273
116 0.274132
98 0.0197372
105 -0.307838
127 0.091568
116 0.370926
77 -0.205978
12 -1.07236
41 -0.806919
114 0.446602
269 3.82999
27 -0.92835
145 0.450363
75 -0.357811
186 1.02806
75 -0.221199
60 -0.499397
41 -0.887371
167 0.727951
127 0.0799789
89 -0.196678
66 -0.364471
66 -0.30661
14 -0.962234
108 0.233391
33 -0.321896
49 -0.605164
106 0.168922
78 0.252823
50 -0.687885
171 0.610855
66 -0.260437
22 -0.640015
2 -1.17859
18 -0.929121
225 1.5208
34 -0.844608
42 -0.69838
189 0.920349
43 -0.452404
79 -0.467216
84 -0.285187
43 -0.451756
200 1.11159
176 0.822311
6 -1.20744
47 -0.459351
41 -0.876129
145 1.44569
160 0.576904
233 1.85982
36 -0.654568
116 0.278427
89 -0.17025
141 0.494308
34 -0.683414
88 0.305931
77 -0.210159
80 -0.250748
110 0.22097
130 0.457291
129 0.104889
11 -0.891891
47 -0.484966
102 -0.00943756
205 1.25523
115 0.156151
206 3.22379
12 -0.941505
226 1.58548
77 -0.233437
8 -0.621216
45 -0.52206
103 0.0712814
179 0.641846
137 0.563019
44 -0.80862
67 -0.311203
27 -0.684404
118 0.250946
65 -0.496407
28 -0.731819
116 0.367371
136 0.60318
202 1.01006
12 -1.14843
203 1.1752
142 1.68781
186 1.08919
13 -1.15206
44 -0.794289
202 0.810104
43 -0.451771
25 -0.607407
103 0.0110626
188 0.661804
69 0.32766
48 -0.676247
83 -0.220314
70 -0.439308
31 -0.636692
164 0.604675
215 1.43837
33 -0.84967
52 -0.573261
142 1.64313
39 -0.77338
153 0.654648
132 0.315521
12 -1.03983
127 0.243866
47 -0.631592
200 1.18845
78 -0.487091
156 0.513641
73 -0.356934
18 -0.808062
94 0.199165
75 -0.497612
24 -0.984415
41 -0.869339
197 1.06981
46 -0.761337
73 -0.510582
19 -0.876591
91 -0.0650558
42 -0.815029
30 -0.910912
229 5.39778
63 -0.652721
63 -0.274776
119 0.423553
25 -0.913303
11 -1.11334
54 -0.669811
52 -0.105133
19 -0.942028
119 0.423485
46 -0.469952
160 0.683701
57 -0.482334
60 -0.414181
199 1.16573
70 -0.529495
84 -0.646263
56 -0.591908
52 -0.545242
242 2.02562
188 0.660751
24 -0.972538
40 -0.814919
113 0.456787
53 -0.610703
306 6.27902
78 -0.272278
135 0.309143
1 -1.18639
186 1.02797
57 -0.14122
121 0.306099
209 1.32758
155 0.641556
206 1.26051
119 0.422211
19 -1.09372
124 0.0633774
190 1.07254
4 -1.74795
24 -0.984119
206 1.15852
116 -0.105232
75 -0.294487
181 0.716461
11 -0.89074
24 -0.918432
126 0.415871
79 -0.492615
47 -0.632202
81 -0.13028
63 -0.508087
21 -1.01429
23 -0.915714
6 -1.14866
150 0.602173
181 1.04456
170 0.593094
199 1.01248
103 -0.056572
182 0.958389
208 1.18692
41 -0.846085
7 -1.23868
24 -0.980972
132 0.458374
67 -0.311462
131 0.68631
2 -1.09429
21 -0.945261
12 -1.14732
25 -0.589626
6 -0.703807
98 0.269844
89 0.0214005
26 -0.950943
86 0.245995
106 0.250938
91 -0.0874252
42 -0.624825
169 0.615555
5 -1.17406
107 0.302574
174 0.666275
61 -0.460289
41 -0.798626
261 3.1123
43 -0.703083
216 1.38742
41 -0.887257
138 0.322128
158 0.560791
36 -0.756287
183 0.706604
185 1.05679
166 0.702667
126 0.474953
156 0.560577
84 -0.268913
113 0.263733
42 -0.847092
63 -0.43943
188 0.802704
47 -0.617611
73 0.241867
96 0.0466385
154 0.677933
230 1.6956
185 1.05701
9 -1.002
12 -1.14809
145 0.451279
39 -0.92131
99 -0.156158
167 0.676468
196 2.63786
82 -0.289635
201 0.816772
64 -0.492126
96 -0.142761
136 0.444077
142 0.444336
206 1.2594
41 -0.828224
36 -0.81702
39 -0.774498
188 0.661896
145 0.561981
43 -0.8671
166 0.694489
34 -0.837276
6 -1.2071
42 -0.469547
5 -1.18587
58 0.149567
10 -0.683676
107 0.302216
26 -1.01326
184 0.814636
85 -0.141747
84 -0.274452
72 -0.340149
26 -0.860722
234 3.707
11 -1.13977
34 -0.844288
106 0.249428
76 -0.270363
72 -0.420135
229 1.76558
127 0.0915985
171 0.71434
92 -0.225014
102 -0.311249
129 0.0821075
218 1.32607
149 0.545914
48 -0.526352
114 0.228271
130 0.457153
119 0.42334
128 0.444763
47 -0.754917
127 0.512131
78 -0.302841
130 0.457489
33 -0.972458
43 -0.508171
143 0.505173
144 0.402466
110 -0.0889206
136 0.326111
99 -0.12886
142 0.444443
112 0.0961075
25 -0.985119
25 -0.986229
47 -0.762577
141 0.48465
114 -0.0934982
180 1.55226
76 -0.27356
94 -0.342674
76 -0.306686
18 -0.499084
23 -0.983467
36 -0.842682
63 -0.563816
73 0.245636
75 -0.294426
172 0.714752
153 0.649765
6 -1.18823
187 0.679657
45 -0.562363
14 -1.03927
164 0.072403
35 -0.883572
73 0.186417
135 0.469788
15 -1.06932
123 0.323395
52 -0.0106239
12 -1.02826
54 -0.467964
193 1.06758
60 -0.411678
12 -1.08341
193 1.0674
8 -1.17871
11 -0.890562
141 0.492004
7 -0.67623
147 0.559647
103 0.0110092
34 -0.466599
61 -0.458538
64 -0.644753
130 0.439056
34 -0.87035
170 0.654266
26 -1.38975
170 -0.0660553
256 3.18729
74 -0.455925
178 0.796509
126 0.475403
62 -0.50489
42 -0.581352
112 0.255981
12 -1.14861
41 -0.924698
79 -0.372322
68 0.167084
71 -0.369949
206 1.25999
201 1.19296
159 0.684891
373 -0.151855
44 -0.533817
15 -0.814436
4 -1.21175
121 0.386261
26 -1.56233
13 -0.919792
25 -0.588133
41 -0.874142
31 -1.005
22 -0.900549
139 0.395813
101 0.101677
154 0.535324
140 0.29129
90 -0.190086
47 -0.557293
17 -1.04333
13 -1.16849
115 0.278145
109 0.206635
64 -0.326923
84 -0.646263
11 -1.13691
130 0.473206
62 -0.943268
205 1.25023
26 -0.968292
47 -0.756882
20 -1.15603
65 -0.428391
118 0.275757
34 -0.591362
42 -0.753891
106 0.359161
79 -0.165672
152 0.480515
73 -0.069603
89 -0.205437
33 -0.669998
77 -0.271362
232 4.79028
192 1.13879
32 -0.624077
200 1.11148
44 -0.616192
33 -0.657452
224 1.464
80 -0.260071
48 -0.497463
8 -1.18697
9 -1.10104
39 -0.773933
25 -0.616407
112 0.0943909
188 1.08437
47 -0.484104
39 -0.774078
21 -0.947094
133 0.42981
316 7.4238
206 1.1584
34 -0.844685
6 -1.22071
19 -0.782169
82 -0.31488
98 0.0175247
332 9.76587
56 -0.589077
107 0.304268
41 -0.889698
145 0.179413
161 1.43631
114 -0.0929108
86 0.10305
34 -0.590385
97 0.112793
19 -0.772602
229 4.99898
32 -0.855968
146 0.41806
67 -0.355469
12 -1.02928
169 0.646622
46 -0.762543
158 1.68561
90 0.2677
182 0.672928
84 -0.455711
30 -0.45365
48 -0.471123
154 0.533783
149 0.526001
32 -0.835638
11 -1.13592
95 -0.183014
348 11.8251
13 -0.891967
200 1.09395
25 -1.04695
166 0.703293
171 -0.191177
197 0.941635
74 -0.396767
22 -0.732212
181 0.772125
19 -0.911041
78 -0.273415
80 -0.250572
46 -0.714573
91 -0.121826
43 -0.933823
14 -1.04131
42 -0.816723
12 -1.15383
179 0.843262
125 0.548332
60 -0.064827
201 1.10689
2 -1.11949
46 -0.757374
45 -0.604275
89 0.184776
128 0.385315
43 -0.870518
14 -0.940597
156 0.51178
123 0.418854
14 -1.09163
122 0.0224991
101 -0.0533524
12 -1.05237
148 0.616394
193 0.804352
101 0.102318
56 -0.458633
75 -0.293503
25 -0.999828
11 -1.13659
84 -0.646339
97 0.129677
138 0.368027
141 0.429993
75 -0.293571
195 1.01732
142 1.64384
77 -0.37236
3 -1.18406
94 0.0530319
105 -0.307938
112 0.253563
76 -0.268196
73 -0.27047
18 -0.783319
117 0.133781
41 -0.800243
34 -0.844139
19 -0.939869
43 -0.937393
110 0.406036
11 -0.890845
83 -0.274513
89 -0.0207138
155 0.664764
53 -0.470234
36 -0.716446
11 -1.13079
174 0.776367
52 -0.513245
65 0.148071
165 0.960297
41 -0.537121
25 -0.589075
136 0.403809
84 -0.278664
142 1.68794
71 -0.285255
294 5.71796
70 -0.439598
176 0.822128
79 0.143173
77 0.116722
53 -0.628731
207 3.02899
121 0.368034
324 8.02832
27 -0.78754
106 0.309059
63 -0.562714
201 1.10684
83 0.370834
45 -0.566349
136 0.444412
181 0.726807
238 1.88675
12 -1.14505
167 0.677673
151 0.53595
227 1.56699
47 -0.625397
77 -0.341759
217 4.59978
24 -0.680588
137 0.339386
167 0.582642
70 -0.439529
85 -0.306221
63 -0.296913
73 0.24189
182 0.958435
22 -0.967955
29 -0.638958
81 -0.154305
163 0.496292
277 4.21585
76 -0.27285
94 0.148308
195 1.20695
154 0.533554
142 0.469559
39 -0.777935
125 0.391495
114 0.0843201
113 0.262497
73 -0.241226
26 -0.752819
114 0.453026
240 2.01083
11 -1.13538
81 -0.290489
5 -0.655494
187 0.80368
138 0.462418
89 -0.2164
142 1.68936
306 6.27905
60 -0.370201
114 0.0654831
2 -1.23076
50 -0.644527
201 1.07263
76 -0.348755
145 0.450989
48 0.0911827
26 -0.668718
45 -0.57613
34 -0.847637
36 -0.742283
146 0.423126
184 0.688034
98 0.0112381
114 0.257828
186 1.01797
181 1.04314
81 -0.170189
160 1.474
166 0.667114
81 0.0973206
3 -1.11497
107 0.369728
142 0.503983
36 -0.526505
62 0.12273
79 -0.324478
6 -0.716779
56 -0.45932
218 4.94398
167 0.676926
215 1.34865
69 0.327721
64 -0.644218
34 -0.593529
17 -0.769264
5 -0.992253
148 0.651093
11 -1.13626
233 1.74841
201 0.940582
2 -1.21102
229 1.76541
182 0.674545
80 -0.250526
33 -0.95467
165 0.959488
204 1.26753
80 -0.329056
61 0.134022
7 -1.08581
53 -0.483379
58 -0.676159
182 0.958252
142 1.64481
125 0.464096
45 -0.577744
10 -1.03631
73 -0.0688858
66 -0.387672
12 -1.09703
170 0.0955658
119 0.0339737
116 0.345985
12 -0.911379
85 -0.251007
195 0.914246
179 0.85524
12 -0.911409
22 -0.920296
205 1.25487
16 -0.917557
47 -0.485764
189 0.921524
43 -0.451752
176 1.27287
61 -0.424839
47 -0.47224
199 1.09442
63 -0.494068
6 -0.716967
54 -0.726242
101 0.149704
50 -0.459465
10 -1.03621
26 -0.658215
104 0.171692
81 -0.200073
227 1.78023
84 -0.191925
61 -0.497948
34 -0.589622
16 -0.978373
229 4.99913
12 -0.943509
139 0.483292
94 -0.342758
198 1.01634
221 1.44328
84 -0.4375
101 -0.367294
200 1.30067
154 0.576538
25 -0.590107
140 0.682083
117 0.213028
176 0.838593
63 0.161076
21 -0.660164
230 1.87019
11 -1.13759
86 -0.195015
136 0.45697
13 -1.09308
175 0.747223
11 -1.13662
169 0.616196
13 -0.904531
33 -0.667747
80 -0.25061
6 -0.67885
142 0.555222
27 -0.442669
48 -0.47316
197 1.06613
47 -0.482971
14 -0.938766
120 0.345192
31 -0.631477
215 1.34865
40 -0.813282
141 0.492706
102 0.050148
49 -0.599224
136 0.479263
40 -0.597984
75 -0.147667
189 1.43715
111 0.0965195
19 -0.591784
12 -1.14818
3 -1.08145
98 0.328461
47 -0.481567
251 2.75623
5 -1.10698
35 -0.809624
113 0.453194
13 -0.593147
181 0.671509
19 -1.02295
91 -0.329445
34 -0.682724
47 -0.470852
28 -1.01668
103 0.125069
83 0.317238
10 -1.03592
108 0.169525
101 0.0721283
38 -0.626534
131 0.489609
91 -0.0710602
102 -0.0423126
39 -0.431107
11 -0.890525
188 0.661713
11 -1.08014
136 0.44426
93 -0.205132
187 0.682739
11 -0.89054
32 -0.735252
229 3.16592
173 0.800934
229 1.76534
126 0.34391
141 0.57753
64 -0.155949
134 0.710205
101 0.152184
24 -0.876793
96 -0.177353
14 -1.06607
27 -1.01878
133 0.365219
184 0.682617
5 -1.05299
12 -1.06093
180 1.55324
87 0.253014
113 0.0467987
78 -0.277
92 0.262291
1 -1.22989
52 -0.541275
60 -0.252815
102 0.0507355
150 0.491013
159 0.721191
141 0.491837
142 0.551819
31 -0.631428
32 -0.8083
13 -1.14345
76 -0.21524
19 -0.939615
134 0.768433
61 -0.460213
46 -0.545494
177 0.640808
89 -0.185699
189 0.870804
202 1.17957
208 1.19244
103 -0.0566406
182 0.958328
117 0.212036
73 -0.363876
3 -1.26534
121 0.316742
153 0.794159
36 -0.639366
158 0.64035
82 -0.485138
214 5.12645
12 -0.911352
140 0.457748
44 -0.603188
39 -0.643311
43 -0.936859
1 -1.15278
182 0.958435
54 -0.55648
103 -0.0556641
204 1.26703
12 -0.911262
101 -0.053566
142 0.444351
101 0.155327
47 -0.752102
277 4.21545
9 -1.00165
43 -0.96323
21 -0.765457
11 -1.13618
145 0.574112
154 0.580978
141 0.492538
36 -0.758835
60 -0.055584
11 -1.13406
37 -0.51619
46 -0.761627
97 -0.0174866
196 1.06323
65 -0.390099
233 1.96902
193 1.06735
165 0.605209
164 0.566162
43 -0.451931
189 0.897507
2 -1.25242
145 0.492447
116 0.351501
61 -0.438641
205 1.15036
101 0.15049
226 1.48544
129 0.372284
73 -0.649506
137 0.53949
47 -0.468483
28 -0.939528
248 2.70071
225 1.47855
136 0.444244
12 -0.842129
226 1.67509
154 0.638123
189 0.956848
25 -0.984831
114 -0.0935059
149 0.609497
269 3.8649
285 4.86505
84 0.0816269
149 0.546051
313 7.35904
180 1.55251
176 0.822327
34 -0.720314
27 -0.453709
61 -0.477699
73 -0.0775452
61 -0.361744
106 0.195969
70 -0.214325
214 4.23117
75 -0.29451
78 -0.277985
101 0.105812
163 0.542053
27 -0.89332
49 -0.583553
42 -0.685806
69 -0.295876
109 0.13324
72 -0.303551
64 -0.335312
39 -0.596184
61 -0.518391
140 0.342377
96 -0.0190125
81 0.008255
89 -0.310959
12 -0.941573
130 0.425476
38 -0.529266
127 0.0914841
184 0.681671
72 -0.299431
116 0.0795822
21 -0.941626
342 10.977
101 0.217171
63 -0.639675
356 11.7349
181 0.772369
13 -1.145
9 -0.99402
343 11.0739
218 1.43077
185 0.921219
80 -0.251366
179 0.755829
8 -1.15597
47 -3.31193
26 -0.790625
72 -0.309036
205 1.2849
47 -0.642635
81 -0.189598
141 0.49472
127 0.516678
191 0.994522
12 -0.941511
171 0.640808
167 0.677078
59 0.139221
100 -0.127693
67 -0.463821
203 1.06758
35 -0.384468
63 -1.11831
182 0.673737
294 5.64175
181 0.670624
143 0.578552
63 -0.179756
136 0.632629
34 -0.844067
43 -0.452042
72 -0.303009
6 -1.05396
222 1.5145
70 -0.390907
15 -0.99539
58 -0.593922
12 -1.02715
240 2.00708
50 -0.559475
63 0.150696
11 -1.12237
25 -0.620134
137 0.0988159
149 0.614044
19 -0.79077
16 -0.578947
63 -0.562702
61 -0.446472
25 -0.681681
38 -0.353523
47 0.0705223
61 -0.460327
64 -0.614178
90 -0.0418777
49 -0.559971
23 -0.749634
53 -0.495316
47 -0.486141
12 -0.911308
313 7.19308
122 0.378372
274 4.05804
45 -0.605461
216 1.30424
190 0.79364
188 1.25308
164 0.551956
107 0.195763
19 -1.00845
130 0.333466
27 -0.925484
103 -0.0280609
68 -2.42113
189 0.898361
77 0.374283
60 -0.53159
137 0.366623
82 0.0786362
11 -0.890526
15 -0.711128
83 -0.0462494
167 0.677139
31 -0.722343
11 -1.07993
12 -0.911318
29 -0.549347
117 0.212692
69 0.19223
74 -0.324432
123 0.33149
36 -0.6623
14 -0.894724
19 -0.939192
26 -0.657785
73 0.232147
96 -0.240181
149 0.546814
354 11.6812
85 -0.26506
64 -0.644794
33 -0.680084
36 -0.665752
174 0.776352
84 -0.0770416
332 9.76532
227 1.71362
56 -0.671978
6 -1.20296
225 1.48584
20 -0.817406
182 1.08206
11 -1.13579
65 -0.530388
58 -0.617718
174 1.16997
120 0.133209
12 -0.904047
54 -0.551365
26 -0.887228
170 0.716675
43 -0.59127
39 -0.593887
11 -1.15027
168 0.757355
4 -1.19473
226 1.59103
160 0.652832
142 0.444382
11 -1.11456
61 -0.437183
150 0.601501
48 -0.497395
25 -0.765129
26 -0.592291
157 0.49115
12 -0.94169
188 0.662155
36 -0.752419
26 -0.596376
163 0.54007
144 0.514267
43 -0.592644
33 -0.670418
203 1.25238
146 1.85612
102 0.00119019
204 1.06032
142 1.68959
87 -0.0200958
101 -0.0378265
50 -0.557423
43 -0.594528
101 -0.0374908
86 -0.0939102
222 1.56097
34 -0.832706
28 -0.571585
96 -0.016983
91 -0.315979
153 0.502319
56 -0.444992
26 -0.600496
46 -0.596325
126 0.474876
114 0.19297
65 -0.422127
22 -0.9981
74 -0.107735
103 0.148819
46 -0.747448
117 0.211052
201 1.14322
178 0.774017
22 -0.710489
53 -0.471088
38 -0.804291
95 0.0899506
198 0.987152
31 -0.818817
114 0.206566
130 0.453384
157 0.589798
88 0.360382
27 -0.936506
197 1.10609
62 -0.348644
41 -0.761196
230 1.85646
35 -0.50544
14 -1.0594
103 -0.0567322
127 0.504501
9 -1.06811
164 0.622467
157 0.78064
26 -0.657743
156 1.29971
96 0.0754242
54 -0.554302
98 -0.0165176
75 -0.583969
255 3.09752
15 -1.12826
108 0.17041
269 3.83011
58 -0.021862
62 0.105961
75 0.110329
39 -0.832764
158 0.614731
69 -0.596069
205 1.25461
160 0.616943
13 -1.13834
61 -0.43013
127 0.443939
84 -0.155678
193 1.0594
215 1.28682
27 -0.69116
155 0.51297
15 -1.05772
341 10.2258
7 -0.676098
56 -0.449818
332 9.21466
20 -0.494122
107 0.302322
51 -0.489338
134 0.353561
63 -0.322063
73 -0.15155
32 -0.924416
9 -1.15885
25 -0.612934
70 -0.108307
22 -1.04377
78 -0.31913
4 -0.777432
58 0.123066
112 0.307495
136 0.419022
106 0.279388
101 0.10112
19 -1.02584
34 -0.832321
27 -0.650726
148 0.413223
34 -0.832973
158 1.68675
7 -1.1262
18 -0.810734
107 0.388687
107 0.30912
61 -0.433979
11 -1.10778
181 0.671814
46 -0.46627
211 1.18542
68 -0.139511
229 3.16386
146 0.591171
61 -0.445415
32 -0.524986
72 -0.328293
164 0.70929
46 -0.469883
76 -0.360771
31 -0.798174
158 0.619339
62 -0.221119
106 0.308731
85 -2.02271
71 -0.290207
98 -0.012085
37 -0.65461
79 -0.180573
89 0.348633
63 -0.65226
50 -0.572952
79 -0.183846
71 -0.295204
113 0.262077
95 -0.182457
112 0.37558
142 1.68892
92 0.232231
19 -0.94006
176 1.27306
114 0.32058
111 0.0777588
228 1.67844
78 -0.298126
229 1.68172
3 -1.21599
248 2.7007
107 0.302605
10 -1.01834
48 -0.474892
176 0.820908
139 0.584854
215 3.97517
25 -0.461695
225 1.63525
80 -0.251152
80 -0.250771
12 -0.911653
192 0.818481
105 0.18441
114 -0.0932922
255 3.09697
6 -0.71685
220 1.33556
200 1.06793
148 0.651505
1 -1.03784
132 7.56564
156 0.512436
218 3.62949
235 0.049881
43 -0.629093
22 -0.663158
34 -0.683788
94 -0.342819
27 -0.683943
2 -1.07582
17 -0.90712
175 0.840775
108 0.170158
77 -0.203423
21 -0.90892
200 1.11119
80 -0.251472
158 0.593079
107 -0.554863
136 0.455582
114 -0.0930328
11 -1.13616
131 0.808411
229 5.1044
108 0.169312
7 -1.12658
62 -0.513916
13 -0.898671
61 -0.460373
48 -0.514458
67 -0.346771
75 -0.294609
139 0.595657
98 0.376907
29 -0.751144
299 6.17804
52 -0.441483
195 0.981995
222 1.46272
59 -0.49601
210 2.90677
142 0.494354
98 0.148895
25 -0.612537
95 0.083519
337 10.3888
118 0.245277
136 0.632202
2 -1.09934
96 -0.989052
6 -1.16194
200 1.11143
13 -0.921848
195 1.21014
171 -0.0882111
58 -0.462387
47 -0.475109
166 0.570404
62 -0.282429
8 -1.11242
107 0.30246
91 -0.0647812
52 -0.442535
85 -0.142136
89 0.376045
83 -0.431427
149 0.619492
15 -1.02704
97 0.398087
177 0.95871
85 -0.133202
103 0.0107727
135 0.251846
188 0.677429
122 0.19265
62 0.128376
107 0.21727
26 -0.673281
42 -0.815403
24 -0.982777
106 0.466667
252 2.7905
73 -0.0696793
54 -0.472603
8 -0.621478
23 -0.51601
26 -0.594587
73 -0.271034
78 -0.26313
167 0.689728
216 1.32103
100 -0.123398
80 -0.13903
34 -0.832706
17 -0.607567
14 -0.829182
73 0.235512
121 -0.0265884
41 -0.636299
69 -0.35778
158 1.40974
33 -0.900555
8 -0.621296
175 0.839188
136 0.464554
248 2.70084
91 0.00800323
73 -0.270813
356 11.7354
85 -0.14193
7 -0.858526
33 -0.681393
20 -0.783455
127 0.515045
276 4.22485
84 -0.241257
184 0.641342
39 -0.521725
193 1.00505
127 0.124657
299 6.17807
47 -0.486057
176 0.822311
89 -0.187248
109 0.103256
107 0.217796
74 -0.103149
97 0.0656052
64 -0.383381
149 0.545929
74 -0.107452
142 1.64499
151 0.561417
142 0.472198
86 -0.160393
160 0.641739
126 0.341705
25 -0.622486
40 -0.702629
2 -0.9064
125 0.554146
24 -0.222155
101 0.10215
97 0.39798
2 -0.83662
139 0.388107
206 1.26048
200 1.29211
96 -0.0195465
97 -0.0259552
185 0.984039
2 -1.18104
174 0.77713
24 -0.569988
114 0.203239
43 -0.452808
71 -0.417633
36 -0.758106
24 -0.805534
75 -0.294586
100 0.0665588
38 -0.637657
139 0.394699
167 0.564682
189 0.922318
74 -0.10318
8 -0.614528
87 0.36721
171 0.726929
12 -1.06473
19 -0.939829
110 0.184059
13 -1.05413
52 -0.854057
16 -0.815205
112 0.310249
3 -0.810151
7 -0.676315
147 0.518936
311 6.5535
12 -1.15129
126 0.440918
61 -0.499489
52 -0.471889
178 0.799545
36 -0.667095
61 -0.460396
101 0.150375
7 -1.12631
96 0.146332
129 0.454651
6 -0.716866
73 -0.270454
35 -0.673027
67 0.000610352
64 -0.643749
107 0.203094
6 -0.878681
128 0.337555
25 -0.589819
12 -1.0763
80 -0.25132
176 0.821014
150 0.462967
73 -0.138351
239 1.94916
299 6.17822
199 1.00212
224 1.66519
1 -0.797939
23 -0.724579
148 0.562958
145 1.44591
80 -0.250587
59 -0.482716
14 -0.962977
105 -0.307755
165 0.688599
3 -1.10916
10 -0.884754
182 0.958435
98 0.437553
26 -0.571857
89 -0.330208
85 -0.147217
121 0.363632
60 -0.365368
48 -0.545849
46 -0.465885
92 -0.0160675
26 -0.527746
76 -0.291588
47 -0.544327
45 -0.455589
75 -0.321548
183 0.800171
26 -0.55191
114 0.416435
112 0.0435715
147 0.496582
167 0.928604
96 0.044342
18 -0.987535
51 -0.535877
136 0.439468
80 -0.250664
12 -1.02829
150 0.463791
6 -0.549948
125 0.553062
106 0.194962
130 0.42485
107 0.3125
11 -1.13695
11 -1.13615
63 -0.652496
145 0.479019
3 -0.910525
40 -0.533569
66 -0.349808
171 0.0952911
77 -0.185776
219 1.41803
203 1.18137
277 4.21564
183 0.91301
28 -0.598845
350 11.6271
8 -0.615499
113 0.203926
117 0.553917
11 -0.903317
56 -0.327
356 11.7344
181 1.20044
12 -0.941828
184 0.677002
189 0.84259
31 -0.555523
221 1.47899
61 -0.327595
25 -0.510406
101 0.155792
10 -1.03633
164 0.656494
141 0.492279
248 2.7005
98 -0.0232773
208 1.23357
112 0.041893
113 0.436867
91 0.100288
136 0.385895
150 0.4814
4 -0.913601
144 0.605927
102 0.368713
17 -0.923418
39 -0.601257
40 -0.671642
85 -0.145798
149 1.2596
46 -0.473019
341 10.2255
54 0.124249
210 1.2382
21 -0.92967
114 0.41143
153 0.488632
101 -0.0537033
71 -0.290688
29 -0.735605
7 -0.550817
145 1.44536
21 -0.768785
81 -0.511787
22 -0.828407
337 10.1594
91 -0.0656586
149 0.546036
75 -0.350761
145 0.501694
3 -0.878195
79 -0.115959
45 -0.601337
49 -0.588303
39 -0.864719
115 0.444496
37 -0.64502
301 5.86801
126 0.301804
39 -0.602009
107 0.296944
85 -0.251732
33 -0.673882
230 1.81912
154 0.485809
11 -0.890444
115 0.340057
41 -0.615555
206 1.20903
25 -0.833397
38 -0.565075
80 -0.251396
150 0.600937
136 0.456177
224 1.66473
4 -1.15787
12 -0.941533
171 0.610962
94 -0.342796
74 -2.23389
39 -0.573273
149 0.545425
61 -0.460808
21 -0.913168
26 -0.66704
25 -0.967159
165 0.581299
9 -0.862472
112 0.218674
96 0.422165
183 0.937531
60 -0.396194
115 0.379662
109 0.282372
150 0.481384
24 -0.716618
277 4.21564
67 -0.433304
70 -0.433167
8 -0.614384
26 -0.658056
162 0.637344
72 -0.30806
28 -0.603413
116 0.448494
34 -0.83498
11 -1.15752
119 0.474586
27 -0.735605
51 -0.546562
105 0.179077
112 0.242836
41 -0.873775
142 0.444565
44 -0.808964
44 -0.808796
299 6.17819
48 -0.501225
25 -0.731419
299 6.17816
335 9.83218
50 -0.532413
8 -0.613653
161 1.15733
1 -0.781217
24 -0.595253
30 -0.88859
95 0.156746
119 0.423111
106 0.186981
10 -1.03627
189 0.897797
122 0.0407791
233 1.77309
69 -0.147308
197 3.1011
80 -0.241943
85 -0.058876
4 -0.913637
126 0.496979
192 1.22162
178 0.774002
150 0.600998
8 -0.738916
80 -0.101212
166 0.451614
56 -0.225544
84 -0.646034
14 -0.88784
36 -0.758411
53 -0.512478
34 -0.732704
34 -0.433617
177 0.720459
16 -1.34511
18 -0.919733
50 -0.357975
257 3.01819
29 -0.713936
139 0.469559
315 7.50089
146 0.591248
91 -0.00193787
180 1.55159
34 -0.451775
91 0.0147858
27 -0.49827
106 0.410675
45 -0.606148
110 0.403694
176 0.942108
354 11.6792
43 -0.451725
80 -0.138245
149 0.318924
95 -0.144913
104 0.0236893
9 -0.919837
182 0.958405
91 0.0149765
129 0.419281
26 -0.677784
141 0.441818
156 0.706543
195 0.991272
209 1.32771
27 -0.936369
89 -0.21962
154 0.533325
320 7.64603
84 -0.158943
224 1.45154
41 -0.481293
45 -0.535294
104 0.419594
54 -0.556274
10 -1.03616
141 0.49292
126 0.353416
140 0.383987
294 5.64273
42 -0.59166
51 -0.206863
84 -0.369698
65 -0.532509
295 4.9801
103 -0.0562439
189 0.8134
44 -0.382008
215 1.34857
152 0.567703
35 -0.884922
214 3.44643
99 0.0774384
11 -1.13057
215 1.34767
178 0.774002
20 -0.992302
82 0.0788574
63 -0.652363
28 -0.601269
143 0.446716
55 0.109028
299 6.17801
319 7.69312
68 -0.450439
79 -0.180229
22 -0.709448
72 -0.326355
40 -0.809319
188 0.742722
56 -0.225479
130 0.452805
41 -0.822071
193 0.728363
3 -0.588555
175 1.00587
1 -1.20143
171 -0.19133
205 1.29082
67 -0.442345
65 -2.7879
136 0.448959
215 1.42415
96 -1.3564
107 0.30323
33 -0.667168
206 1.16664
141 0.49202
5 -1.1605
53 -0.450535
131 0.0235291
24 -0.788689
96 -0.0634918
229 4.99915
208 1.19376
61 -0.460476
99 0.141022
188 0.984741
29 -0.885883
73 -0.0700989
49 -0.498783
181 0.732986
218 1.44669
72 -0.361519
31 -0.713413
114 0.411278
149 0.537308
91 -0.0815887
88 -0.250381
192 0.934189
30 -0.505884
85 -2.01644
127 0.0913162
34 -0.706547
114 0.413292
34 -0.70755
47 -0.486034
67 -0.128349
131 0.480377
121 0.204597
134 0.0612335
90 -0.0500412
10 -1.10639
117 0.213196
19 -0.939945
36 -0.672508
2 -1.14976
62 -1.1161
47 -0.446289
19 -0.939995
10 -1.03584
29 -0.828295
183 0.610809
218 1.42242
114 -0.0930099
103 0.0111542
46 -0.492344
186 0.948257
106 0.466957
112 0.302994
125 0.54805
215 1.42383
164 0.633499
27 -0.494781
128 0.43573
50 -0.412724
126 0.347252
78 -0.133308
56 -0.226711
58 -0.41296
148 0.56398
149 0.545609
10 -1.03643
188 0.716095
4 -1.09117
75 -0.355339
170 0.723755
7 -0.676191
189 1.19438
186 0.828079
168 0.656357
20 -0.738529
2 -1.13157
114 0.410233
19 -0.94137
54 -0.472649
24 -0.773361
61 -0.501629
38 -0.628693
80 -0.251328
129 0.313797
208 1.22394
248 2.70074
12 -0.92635
34 -0.707439
142 0.569824
148 0.222336
23 -0.760666
109 0.20649
141 0.210648
232 4.79091
146 0.592026
206 1.26027
136 0.62323
66 -0.578957
50 -0.563347
23 -0.719799
30 -0.602125
42 -0.809021
12 -0.942913
54 -0.558273
111 0.317413
36 -0.731953
277 4.2157
32 -0.834276
95 -0.435959
85 -0.13636
26 -0.594553
17 -0.934832
85 -0.142242
68 -0.195351
91 -0.0645752
2 -1.14849
119 0.363876
190 1.0618
125 0.0685883
130 0.457123
58 0.091259
208 1.17938
97 -0.0150681
15 -0.549219
112 0.313164
78 -0.274818
87 -1.43875
7 -1.12673
2 -1.11542
146 0.452469
57 0.0960617
102 0.27314
26 -0.605766
63 -0.45607
106 0.428513
168 0.729965
356 11.735
126 0.432442
98 0.0135345
12 -0.941604
199 1.22906
102 -0.312134
25 -0.624111
199 1.04004
26 -0.595585
45 -0.509151
31 -0.708834
8 -0.614059
203 1.17796
47 -0.596565
341 10.2258
47 -0.476757
27 -0.683523
30 -0.732342
26 -0.657963
127 0.0916138
67 -0.436974
121 -0.0271606
53 -0.600529
170 0.0958405
17 -0.67868
16 -0.991944
12 -1.06151
52 -0.362766
15 -0.803427
57 -0.422745
101 0.0464783
218 1.43733
66 -2.71771
48 -0.441063
91 -0.107315
189 0.921692
103 0.0111084
17 -0.679613
106 0.279633
119 0.423439
37 -0.629532
91 0.219337
114 0.411064
34 -0.589584
158 1.68675
136 0.466156
13 -0.9143
228 1.74051
71 -0.144379
64 -0.387672
186 1.02802
27 -0.735693
39 -0.664787
75 -0.303383
136 0.467026
178 0.773911
77 -0.278046
54 -0.556221
33 -0.658169
17 -0.81019
74 -0.357864
80 -0.253967
73 -0.381401
47 -0.569298
36 -0.642174
154 0.52005
106 0.465202
189 0.782486
150 0.495697
170 0.74292
96 0.266479
97 -0.0243683
186 1.08905
57 0.0953102
8 -0.613579
165 0.917221
299 6.05182
200 1.16589
137 0.397049
208 1.1792
100 -0.155098
85 -0.142227
115 -0.520554
269 3.82993
46 -0.58654
143 0.465378
56 -0.519394
30 -0.593578
216 3.58304
45 -0.605888
10 -1.03611
111 0.396545
86 0.18055
112 0.310219
54 -0.482891
2 -0.630044
67 -2.62555
189 0.814926
99 -0.0205154
81 -0.285202
162 0.647156
8 -0.621902
52 -0.853882
300 6.43344
133 0.286011
272 3.92462
222 1.45369
104 0.185608
2 -1.02905
107 0.302422
27 -0.747892
39 -0.602268
53 -0.513508
25 -0.596766
232 1.70946
22 -0.770332
164 0.623566
170 0.72377
166 0.703247
127 0.0916748
138 0.544891
126 0.301712
176 1.27293
55 -0.631649
21 -0.863132
107 0.0684204
84 -0.164474
94 0.0247269
62 -0.375805
217 1.41827
121 0.131737
80 -0.252876
10 -0.558571
312 6.96228
157 0.601151
12 -1.07573
85 -1.87601
60 -0.516037
189 1.12387
373 10.1647
10 -1.03601
193 2.54164
130 0.456711
92 -0.136086
159 0.226364
145 0.503159
89 0.232887
47 -0.555676
241 2.01112
50 -0.517715
187 0.81488
105 -0.30806
31 -0.719584
159 1.58177
117 -0.211693
78 -0.192848
185 1.0569
30 -0.706575
26 -1.3875
54 -0.5564
2 -1.10464
52 -0.409565
226 4.97318
14 -0.87793
70 -0.434326
63 -0.321995
94 -0.00261688
241 1.98811
22 -0.835585
149 0.545593
71 -0.170639
170 0.723862
179 1.04019
171 -0.191376
24 -0.840048
157 0.494644
149 0.545639
6 -0.54932
190 0.82225
62 -0.280445
82 -1.78262
29 -0.725939
143 0.380737
248 2.79092
181 0.671219
14 -0.835217
65 -0.313904
142 1.66408
228 1.67863
73 -0.0763702
25 -0.624794
37 -0.687363
82 -0.186531
252 2.76733
3 -0.969353
337 10.3889
113 0.420837
146 0.592117
159 0.614853
12 -0.911217
165 0.605469
141 0.494476
107 0.233292
123 0.320435
81 -0.155762
100 0.218971
142 1.73299
140 0.656555
136 0.491852
84 -1.66399
209 1.24333
102 0.0429916
25 -0.588978
121 0.364037
313 7.21005
337 10.0137
30 -0.699812
10 -1.03583
126 0.475914
208 1.24353
28 -0.703493
216 3.51443
7 -1.12381
58 -0.425995
10 -1.03598
371 10.3928
224 1.66467
106 0.464676
29 -0.592537
14 -0.877534
29 -0.762798
147 0.524612
186 1.08925
47 -0.481575
109 0.360657
221 1.45374
113 0.420059
12 -0.911382
127 0.515053
32 -0.652485
156 0.562866
39 -2.91127
28 -0.702919
19 -0.790848
6 -0.86139
66 -0.995621
80 -0.100494
67 -0.794571
127 -2.65949
218 1.43709
117 0.196968
150 0.48967
95 -0.436096
12 -0.941343
8 -0.62105
209 1.272
61 -0.292542
355 9.49011
150 0.476883
68 -0.354401
113 0.42186
174 0.666
49 -0.708908
70 -2.7421
86 0.0149918
202 1.05339
45 -0.516548
150 0.462097
26 -1.55507
78 -2.10497
45 -0.605927
96 -0.0159378
149 0.388321
89 -0.26841
145 1.40993
277 4.21567
74 -0.133072
164 0.602341
61 -0.482891
12 -0.911383
39 -0.598572
84 -0.466408
56 -0.22628
36 -0.72718
119 -0.411896
103 0.0112686
184 0.753006
59 -0.52433
16 -0.919073
94 0.252739
62 -0.360119
10 -0.723151
270 3.81192
25 -0.838011
309 7.22894
84 -0.371735
85 -0.141884
117 0.201355
41 -0.619869
109 0.208588
114 -0.0932999
52 -0.352512
75 0.111702
78 -0.24147
229 3.1675
172 0.359344
133 0.506592
38 -0.643085
91 -0.0019989
187 0.813019
20 -2.33853
149 0.545944
88 -0.0363007
45 -0.606869
61 0.055088
150 0.531158
297 5.80804
259 3.04761
203 1.371
52 -0.854149
226 1.51907
49 -0.599518
15 -0.869358
14 -0.907293
67 -0.470421
96 -0.0831909
91 -0.0678635
257 3.12354
39 -0.60244
181 0.924103
3 -1.27093
62 -0.648029
3 -0.567632
3 -0.936725
337 10.389
14 -0.636598
258 3.06824
101 0.154724
86 0.247978
284 4.62381
285 4.8649
297 5.81213
166 0.63768
287 4.69312
294 5.64194
296 5.73694
195 0.982361
208 1.24406
25 -0.617409
126 0.46183
248 2.70088
54 -0.39986
98 0.327179
76 -0.179337
74 -0.107826
10 -1.01728
101 -0.367607
31 -0.698381
77 -0.467781
62 -2.44616
10 -1.01762
102 0.0916061
121 0.131783
223 1.45514
69 -0.306671
148 0.545609
146 0.591187
178 0.900391
36 -0.673267
196 2.63809
33 -0.658222
29 -0.696947
29 -0.712204
300 5.47528
24 -0.686047
198 1.1209
34 -0.70647
7 -1.1265
235 1.84665
53 -0.539886
47 -0.765781
5 -0.969706
29 -0.886541
190 1.06055
2 -0.999753
181 0.772217
136 0.404678
108 0.413635
85 -0.14222
26 -0.635139
125 0.482208
87 -0.536537
47 -0.32481
285 4.86484
113 -0.048912
299 6.17801
7 -0.910516
181 0.671417
24 -0.899479
151 0.523468
20 -0.896582
196 1.00398
227 1.55795
113 0.426933
54 -0.558411
205 1.39969
106 0.0753784
38 -0.667679
58 -0.268482
85 -0.164543
42 -0.500156
123 0.439644
108 -0.0124054
102 0.412605
2 -0.946314
130 0.42543
142 0.20842
96 -0.0235901
127 0.51651
81 -2.35027
171 0.611343
151 0.562546
41 -0.799511
67 -2.66319
81 -0.192039
34 -0.61116
71 -0.140831
96 -0.0165634
284 4.69269
79 -0.187401
27 -0.695612
228 1.71297
211 1.18547
80 -0.251389
149 0.524216
158 0.649124
12 -0.91122
97 -0.011879
152 0.544098
127 0.0916138
39 -0.494839
36 -0.757652
59 -0.305298
189 0.742126
101 0.149742
92 -0.064476
199 1.1703
57 0.109627
77 -0.187859
105 -0.308136
80 -0.0838013
85 -0.148964
8 -0.936832
24 -0.844833
71 -0.29361
85 -0.148323
296 5.68286
1 -1.18083
127 0.774643
195 1.11452
157 0.640945
146 0.434372
39 -0.602016
44 -0.689003
26 -0.677612
248 2.39287
120 0.445305
62 -0.284916
159 0.537903
13 -1.01053
37 -0.678574
48 -0.479694
64 -0.645016
53 -0.52932
218 1.43729
35 -0.573708
151 0.705139
36 -0.686882
86 -0.151558
116 0.199532
1 -0.824287
34 -0.727825
134 0.54248
34 -0.686214
154 0.668793
138 0.462601
127 0.243469
103 0.0108871
75 -0.150406
136 0.466766
84 -1.93977
1 -1.02389
215 4.31467
170 0.0947571
103 0.12204
108 0.170052
157 0.470367
2 -10.5994
38 -0.644348
39 -3.29494
87 -1.9478
84 -0.368134
130 0.473526
10 -1.03589
7 -0.551313
218 1.43732
129 0.736221
26 -2.2438
98 0.0146713
104 -1.00055
171 0.724792
320 7.99982
7 -0.79016
4 -0.891161
75 -0.1315
56 -0.2257
72 -0.343903
128 -0.420723
140 0.481537
156 0.597229
122 -0.0617294
8 -0.851617
77 -0.155609
25 -0.824444
8 -0.614419
39 -0.598679
121 0.131897
222 1.48502
75 -0.28717
72 -2.3224
128 0.69104
56 -0.225456
109 0.110992
98 0.39814
53 -0.485279
264 3.02017
134 0.465393
229 1.58527
20 -0.816479
350 11.1254
23 -0.85017
342 11.4121
78 -0.258644
138 0.540787
4 -0.818404
113 0.42411
149 0.555252
88 0.371239
124 -0.113342
117 0.119179
136 0.500977
45 -0.605919
96 0.419754
121 0.547096
211 1.21851
211 1.18536
21 -0.668894
7 -1.11445
130 0.4254
172 0.693146
78 -2.14313
122 0.0411148
24 -0.877731
109 0.111061
80 -0.250656
141 0.65744
99 0.4114
62 -0.441502
26 -0.717632
53 -0.574993
61 -0.378918
65 -0.143372
212 1.23494
32 -0.697647
6 -0.956807
6 -0.716918
84 -0.278282
136 0.466522
203 1.39848
149 0.609283
15 -1.0217
76 -0.16024
73 -0.0691299
183 0.825134
115 0.164604
137 0.452286
72 -0.312851
103 0.0578613
31 -0.698175
8 -0.614948
107 -0.0483322
54 0.0446892
24 -0.734837
199 1.16989
191 0.90007
195 0.981857
205 1.29008
96 -1.35715
139 0.473999
111 0.00984192
35 -0.69265
145 0.508423
20 -0.656721
107 0.298248
31 -0.553581
69 -0.141655
101 -0.130547
63 -0.441578
1 -0.723348
222 1.44769
102 0.0648422
139 0.373367
14 -0.90196
96 0.145378
65 -0.403152
8 -0.837892
150 0.565018
112 0.311996
7 -1.09957
129 0.491302
115 0.150681
223 1.66434
136 0.452454
26 -0.658012
54 -0.558208
77 -0.290749
84 0.220337
85 -0.212898
32 -0.714058
107 -0.650291
127 0.516457
64 -0.151848
138 0.559906
10 -1.01787
85 -0.133842
227 1.65988
255 3.09627
80 -0.251137
170 0.585175
10 -0.832777
208 1.24406
140 1.77835
206 1.26112
138 0.54982
97 0.397957
43 -0.45211
299 6.17825
9 -0.966522
125 0.463112
10 -0.99605
6 -0.763646
283 4.45172
220 1.42732
170 0.0937195
191 0.844833
138 0.491379
62 -0.292511
294 5.71765
109 0.205719
34 -0.708954
92 -0.502991
299 6.17819
159 0.227295
86 -0.253593
41 -0.809219
255 3.097
295 5.86218
368 15.5002
184 0.59938
206 1.15291
205 1.55171
151 0.736267
163 0.470642
67 -0.90123
96 -0.159256
158 1.68639
22 -0.739571
75 -0.162956
76 -0.266983
104 -0.063385
14 -0.947483
96 0.393394
54 -0.555782
81 -0.15564
242 2.08508
154 0.535217
114 0.488785
208 1.1803
103 -0.301735
180 1.55325
109 0.212868
97 0.39798
137 0.535904
18 -0.836937
94 -0.146965
118 0.275093
78 -0.283539
98 0.369629
174 1.6514
150 0.488892
141 0.494186
57 -0.299267
146 0.601318
127 0.513855
146 0.549759
205 1.25528
137 0.0983124
137 0.402603
233 1.79935
124 0.429955
4 -0.912875
13 -0.929956
239 2.35411
7 -1.11251
154 0.612656
131 0.216827
232 1.94658
74 -0.718796
91 -0.0181732
269 3.82993
361 9.1655
356 11.735
114 0.409843
91 -0.0706329
44 -0.809719
10 -1.03598
99 0.309746
215 4.40091
13 -0.917932
81 -0.187729
99 0.415146
183 0.94014
17 -0.929459
302 6.33206
104 -0.345695
190 0.83345
57 -2.93801
186 1.08902
97 -0.0237732
102 0.411697
8 -0.623149
85 -0.146347
29 -0.765659
15 -0.841962
136 0.329727
133 0.516464
26 -0.665102
161 0.655396
15 -1.02705
48 -0.567589
170 0.0956116
208 1.24406
19 -0.857157
104 0.184891
61 -0.460701
54 -0.415272
34 -0.712315
33 -0.932266
83 -0.203239
200 1.28346
55 -2.97154
149 0.531036
270 3.81171
299 6.17792
166 0.624603
177 1.64548
13 -0.964857
36 -0.687847
27 -4.65086
242 2.22029
107 0.0623169
14 -0.70172
299 6.17813
10 -1.01756
62 -0.375156
208 1.23257
205 1.22079
30 -0.637943
145 0.449966
102 -1.29501
1 -0.961022
92 -0.196625
34 -0.767673
65 -0.432091
208 1.19403
9 -0.899975
101 0.101128
102 0.0127792
141 0.493454
167 0.83316
166 0.150543
214 5.12233
9 -0.806707
55 -0.54274
98 0.0720291
7 -0.551734
47 -0.549133
48 -0.404522
7 -0.551494
85 -0.197411
10 -0.80173
113 -0.0489807
152 0.578979
46 -0.46846
142 1.64505
229 5.39789
150 0.548874
91 -0.0667191
126 0.301781
65 -0.166031
146 0.640198
298 3.62286
179 0.846954
60 -0.36517
294 5.64163
47 -0.747169
130 0.481125
84 -0.163834
341 10.2334
147 0.489395
5 -0.907732
55 -0.5308
51 -0.594475
318 7.43216
7 -1.12618
9 -1.02515
147 1.23938
20 -0.606159
119 -0.411797
59 -0.290642
203 1.17955
125 0.469254
50 -0.210693
126 0.473267
141 0.283859
107 0.0819244
96 0.0389099
85 -0.146309
103 0.348526
26 -2.24335
67 -3.24853
34 -0.627602
72 -0.17437
74 -0.116356
80 -0.25145
4 -0.963881
139 0.586487
54 -0.340282
203 1.17567
81 -2.35042
92 -0.0287552
27 -0.683876
28 -0.697212
176 1.27306
248 2.70076
186 0.948669
7 -0.551566
70 -0.327026
98 -0.0281219
234 2.07784
96 0.067894
133 0.285782
237 2.00804
141 0.433105
204 1.22108
127 0.706848
165 0.604782
203 1.18176
61 -0.0643997
247 2.45912
108 0.216873
349 11.3311
81 -2.04862
241 1.89522
4 -1.01407
84 -0.177689
222 1.47351
182 0.65416
48 -0.353832
255 3.09711
100 -0.117462
135 0.430176
103 0.0110016
133 0.26503
39 -0.60165
91 -0.014267
101 0.101692
248 2.70085
158 1.68681
121 -0.026947
130 0.00935364
67 -3.2486
182 0.958359
38 -0.668419
186 1.35893
29 -0.790777
36 -0.673817
81 -0.197906
176 0.649918
86 0.235603
24 -1.08366
251 2.75644
68 -0.430595
91 -0.0656738
25 -0.61227
193 1.06705
139 0.474564
36 -0.703907
368 15.5001
158 1.6859
208 1.24066
178 0.774017
233 2.14584
219 1.44756
103 0.0111313
78 -0.192787
131 -0.163895
55 -0.45282
149 0.388901
84 -0.297203
15 -1.02707
310 7.29532
89 0.0262909
244 2.35526
97 -0.0256195
218 1.4366
136 0.60849
270 3.81183
120 0.440834
62 -0.307083
31 -0.934776
38 -1.37518
124 0.331238
95 0.407982
43 -0.813332
54 -0.55724
59 -0.417416
19 -0.762234
1 -0.933948
36 -0.669815
16 -0.846842
107 -0.639633
139 0.4953
153 0.609177
6 -1.10492
299 6.18286
85 -0.263474
150 0.445129
199 0.864594
84 -0.371384
99 0.100449
151 0.499954
203 1.14024
173 0.799683
170 0.0958252
193 1.09641
130 0.425323
199 1.17055
372 10.3153
164 0.0700073
86 0.624031
62 -0.443417
139 0.484314
355 9.49152
141 0.519272
183 0.702408
189 0.897949
51 -0.31403
240 2.27066
47 -0.476856
39 -0.601753
26 -0.666267
215 1.3649
85 -0.142357
62 -2.44698
367 -0.571289
110 0.336426
324 8.71616
84 -0.164818
102 -0.0629807
54 -0.556644
15 -0.967958
21 -1.49038
143 0.489456
138 0.563644
135 0.403198
185 0.985504
62 -0.281601
213 3.57465
188 0.916
11 -0.890484
300 6.27734
123 0.576996
35 -0.7547
81 -2.35033
372 -3.07727
131 0.352386
150 0.486496
132 0.647003
114 -0.0932541
80 -0.101494
138 0.463409
34 -0.691971
174 0.974716
308 6.72009
151 0.520889
69 -2.63203
36 -0.673214
347 3.10541
12 -0.9113
70 -0.185379
39 -0.598434
299 6.17786
69 -2.77815
26 -2.24289
104 -1.00063
95 0.0277023
173 0.895737
139 0.609055
151 0.608398
139 0.51889
13 -0.93744
135 0.758209
161 0.650314
101 0.0724258
45 -0.516056
28 -0.806103
85 -0.142281
144 0.494781
186 1.08925
182 0.708908
155 0.588547
53 -0.501781
138 2.10484
170 0.622269
25 -0.835814
85 -0.142181
311 6.85916
216 1.34807
142 1.68816
119 0.29493
190 0.94783
117 0.238403
95 -0.436646
40 -0.897675
199 1.16989
78 -0.282089
85 -0.250031
128 0.474396
362 0.187164
311 6.82489
185 1.53452
27 -0.684261
157 0.575333
112 0.418869
114 0.411705
231 1.8548
96 -0.0803299
47 -0.474014
135 0.746216
45 -0.580013
10 -1.03583
54 -0.556545
227 1.67216
45 -0.539715
114 0.107826
144 0.535126
137 0.498047
162 0.525177
98 0.018158
145 0.409332
181 0.882507
11 -0.830414
115 0.165215
99 -0.104362
182 0.958389
102 0.0505142
63 -1.11868
69 -0.303024
2 -0.953773
231 1.69844
249 2.54124
15 -0.978309
152 0.537262
69 -2.77811
8 -0.83227
93 0.393593
13 -0.563101
6 -0.716805
208 1.24426
258 2.7691
111 0.316833
25 -0.895805
19 -0.788067
69 -2.74573
368 15.4982
120 -0.469391
299 6.17783
85 -0.160484
114 0.248138
306 5.70779
150 0.489975
74 -0.108063
208 1.23471
145 1.44604
30 -0.435526
366 12.2953
125 0.554131
35 -0.580566
131 0.514618
184 0.687943
25 -0.869572
141 0.492447
15 -0.88153
63 -0.822723
153 0.557953
96 -1.35407
297 5.81174
138 0.366104
218 1.4373
92 0.115883
85 -0.142303
150 0.489624
113 0.450943
26 -0.968576
291 5.84717
77 -2.09509
10 -0.872206
63 -2.98565
199 1.16991
40 -0.587891
297 5.80688
174 0.762848
85 -0.133484
84 -0.156059
81 -2.35036
324 3.23938
169 0.712799
353 10.3469
154 0.472992
135 0.556702
82 -0.198471
120 0.294922
95 -0.436005
195 0.991211
14 -0.871405
34 -0.70742
149 0.408493
17 -0.926327
69 -2.78349
166 0.651688
193 1.06714
101 0.0167084
205 1.25484
268 3.68677
91 -0.177841
75 -0.169312
114 -0.0933075
171 -0.176834
230 1.80649
309 6.87961
95 -0.435501
112 0.0698547
149 0.37677
71 -2.38412
4 -0.933933
187 0.830856
60 -0.199383
149 0.545013
97 0.420631
11 -1.0461
193 1.007
12 -0.941511
314 7.72476
7 -0.914436
50 -0.532776
153 0.350021
333 9.37476
333 9.37433
37 -0.632202
248 2.69986
54 -1.6128
103 0.010994
209 1.32794
12 -0.911419
354 11.6775
86 -1.65495
355 10.8768
112 0.106071
24 -0.710495
95 -0.435745
166 0.149658
215 1.34367
121 0.263863
63 -0.151058
208 1.24428
149 0.388351
350 10.4208
136 0.389755
84 -0.367683
101 -0.367538
54 -0.547024
114 0.411652
294 5.64182
26 -2.24357
225 1.61513
36 -0.708637
60 -0.30238
316 7.02429
104 -1.00059
69 -3.25581
25 -0.851435
229 5.39783
85 -0.145721
203 1.18265
5 -0.857512
98 0.417793
167 0.677567
255 3.16876
112 -0.0850601
270 3.81174
73 0.244431
23 -0.858887
120 0.118622
1 -0.944588
254 2.92987
107 -0.639221
158 0.714127
26 -2.24341
51 -0.562664
152 0.540634
123 0.368797
56 -0.315109
218 1.39816
50 -1.68815
175 0.761307
343 2.3418
370 -2.57977
193 1.01672
80 0.292007
277 3.9444
26 -0.89188
61 -0.460522
112 0.46627
6 -1.11207
131 0.513229
89 -0.151672
299 6.17792
199 1.17049
176 1.04636
153 0.680191
199 1.16982
251 2.75587
321 7.97348
115 0.268555
67 -0.142937
244 2.21086
39 -0.598312
64 -3.09082
170 0.638138
183 0.625839
56 0.12302
133 0.497894
132 0.222351
142 0.292175
35 -0.86676
233 1.9536
70 -0.185318
86 -1.5811
356 11.7343
239 2.1776
33 -0.606194
65 -0.485313
146 0.592102
42 -1.91601
231 1.73479
101 0.115425
85 -0.119339
7 -1.12498
127 0.374092
128 0.483749
151 0.350449
11 -0.772831
85 -1.67287
199 0.876404
113 0.402367
62 -0.212605
64 -0.542599
312 6.9046
154 0.533691
81 -0.197975
84 -1.72008
95 -0.435829
80 -0.250664
197 1.31195
94 0.100136
163 0.540726
43 -0.452621
10 -1.03605
193 1.0676
101 0.0162964
24 -0.865549
319 7.70898
91 -0.0639725
270 3.81192
121 0.280045
248 2.70064
113 0.259216
26 -2.31131
76 -0.35762
55 0.130604
254 2.90393
174 0.894257
103 0.0111084
49 -0.580818
326 7.9931
188 0.86467
24 -0.840687
98 0.0177612
116 0.116951
123 -0.585289
62 -1.01907
130 0.352005
81 -0.206261
25 -2.24307
101 0.410233
21 -1.49041
17 -0.931292
10 -1.09974
232 1.7471
256 2.54575
219 1.49617
146 0.524246
30 -0.738733
252 2.78171
44 -0.574406
67 -0.359589
303 6.68335
208 1.24455
102 -0.311623
57 -0.437057
118 0.130608
215 1.42392
8 -0.614446
125 0.477074
211 1.18546
156 0.547623
322 6.29718
12 -0.791616
298 5.92462
181 0.670944
79 -0.475502
22 -0.844778
27 -4.65096
98 0.0193329
126 0.726273
91 0.100044
182 0.775894
83 -1.79368
150 0.523193
154 0.533447
73 -0.766029
248 2.69998
54 -0.557606
58 -0.409313
95 -0.436066
130 0.359604
146 0.513412
12 -0.911408
125 0.40715
190 0.946945
140 0.562973
294 5.77448
8 -0.890821
190 1.28148
83 -0.201813
167 0.757751
269 3.83005
23 -0.705133
108 0.170181
58 -0.29937
176 1.02512
357 0.359528
47 -0.404415
268 3.94885
133 7.18033
87 -1.9481
149 0.54567
237 2.16888
242 2.18591
148 0.518478
62 -1.11628
85 -0.15728
102 -0.311592
141 0.501694
38 -2.05926
157 0.740845
46 -0.762112
52 -0.853027
123 0.349197
2 -0.903817
84 -0.155777
137 0.0985718
53 -0.37957
256 2.88541
81 -2.35019
113 0.188858
119 0.439888
118 -0.0087738
154 0.525482
150 0.598267
247 2.49942
61 -0.460407
89 -0.119873
115 -0.157661
266 3.6011
118 0.417831
201 1.10414
45 -0.570614
74 0.23983
61 -3.10327
100 -0.134865
103 0.011116
108 0.4925
78 -0.183304
209 0.883835
82 -1.70226
96 -1.36034
129 -0.301712
49 -0.604572
135 0.530914
17 -0.911657
104 -1.0006
213 1.24062
342 10.5633
166 0.451843
309 6.88721
299 6.05219
33 -0.709751
55 -0.533253
115 0.15049
66 -0.433296
46 -0.49604
23 -2.63605
165 0.821152
125 0.377693
246 2.38171
162 0.642426
86 -0.198837
361 11.8542
107 -0.556145
54 -0.555866
215 1.34845
280 4.57303
95 0.428207
116 -0.262177
189 0.68306
164 0.733337
44 -0.171772
178 0.79837
315 7.72198
193 0.803207
119 -0.414841
276 4.22467
22 -2.24105
39 -0.598709
246 2.15643
270 3.81192
299 6.17813
122 0.275467
184 -0.242325
67 -3.09289
127 0.568436
97 0.444504
354 6.02463
113 0.299805
139 0.538589
132 0.223862
56 -0.589867
126 0.531334
276 4.22491
60 -3.29443
260 2.98889
95 -0.436043
188 0.867889
178 0.796906
69 -0.146881
301 6.56766
310 6.13156
108 0.170601
125 0.545486
7 -0.916528
294 5.77454
165 0.679901
183 0.771057
74 -0.399048
110 0.183456
176 1.34479
355 9.49005
59 -0.486389
136 0.393784
35 -0.716766
361 10.6647
166 0.151703
63 -0.43063
197 0.902206
150 0.268921
308 7.24191
203 0.759399
185 1.66443
84 -0.371544
27 -4.65086
46 -0.766651
54 -2.99036
6 -1.11877
193 1.06644
298 5.89767
37 -0.633678
199 1.17012
168 0.616898
108 0.170914
49 -0.5741
200 1.21916
8 -0.888604
206 1.15633
244 2.35545
101 -0.24231
7 -1.07292
47 -0.735634
116 0.190163
255 3.09717
365 12.4253
62 -0.333405
230 1.19165
128 0.537689
105 0.0602112
269 3.80658
186 1.08907
4 -0.654206
85 -0.138329
162 0.836853
84 -0.368141
128 0.273041
269 3.79636
119 0.422241
237 1.94814
8 -0.822886
68 -3.09802
206 1.15863
7 -0.551043
117 -0.133293
109 0.0652847
209 1.32771
176 0.72554
262 3.53012
49 -0.535831
125 0.554031
182 0.659943
1 -0.650355
205 1.25505
143 0.490021
34 -2.15329
17 -0.606867
171 -0.191086
69 -2.78377
96 -1.35601
142 1.68808
246 2.32326
127 0.476044
45 -0.512283
285 4.8649
74 -2.78302
119 0.268967
163 0.667297
215 1.10353
57 -0.497452
116 0.43103
117 0.366272
187 0.679596
117 -0.724358
85 -0.133324
232 1.69243
98 0.0131607
122 0.0408173
220 1.50772
274 4.04337
300 5.4761
201 0.608109
42 -0.514591
60 -0.0545311
62 -1.11633
26 -2.24364
80 -0.0984344
98 0.0762558
121 -0.00292206
76 -0.328667
56 -0.357224
355 9.48856
343 1.0549
149 0.388351
89 0.956985
74 -0.115036
13 -0.823895
23 -2.28904
119 -0.0800781
196 0.713776
204 1.26688
4 -0.895529
84 -0.646416
186 0.782913
297 5.85449
63 -3.12482
244 2.21069
75 -2.6777
195 0.991287
150 0.616531
297 5.87128
340 -0.192749
152 0.480331
154 0.632233
237 1.76697
9 -0.602494
147 0.484512
5 -0.79068
211 1.16437
24 -2.24261
50 -0.496475
9 -10.1303
278 3.95792
59 -2.92213
65 -0.412766
71 -0.494034
52 -0.852638
114 -0.0932388
73 -0.0704651
366 -2.00299
194 1.01222
149 0.496735
51 -0.520317
83 -0.294365
84 -0.378647
41 -0.585098
355 9.48926
133 0.285843
294 5.64178
171 -0.191406
356 11.7341
92 -0.50621
74 -0.873123
85 -0.142273
110 -0.117561
235 2.10652
118 0.322815
112 0.405045
116 -0.637642
178 0.864609
117 0.235336
287 5.10895
146 0.592102
235 2.09489
65 0.126511
125 0.195007
124 0.319122
93 -0.434967
68 -0.414024
279 4.06036
64 -3.01154
125 0.164551
138 0.461594
344 11.7776
48 -0.63512
28 -0.808517
7 -1.1167
108 0.393867
37 -0.667587
251 2.45685
23 -0.892397
26 -2.24333
105 0.445244
62 -0.337429
82 -0.0742035
126 0.301872
118 0.459999
328 9.16785
47 -0.484486
122 0.295219
57 -0.61161
75 -2.5619
167 0.837143
92 -0.0529556
54 -0.556484
56 -0.369164
142 1.64371
152 0.869781
226 1.62054
126 0.337227
207 1.23651
132 0.506073
42 -0.475945
191 0.962799
96 -1.35022
67 -3.24854
130 0.371674
33 -0.619869
29 -1.69139
63 -0.336205
87 -1.43854
208 1.27133
34 -0.589607
77 -0.155617
134 2.21884
112 0.0783691
24 -0.222321
50 -1.6657
231 1.77675
166 0.170731
337 10.3887
63 -2.78984
108 0.170677
268 3.72748
113 0.393837
244 2.21083
255 3.12689
50 -0.566006
159 0.639603
77 -0.11306
37 -0.836502
144 0.373093
97 0.136742
190 1.22472
189 0.922821
229 5.39799
84 -0.371819
63 -3.06008
147 0.596893
342 10.2838
114 0.0224609
21 -0.881098
8 -1.07582
78 -0.156029
250 2.97031
299 6.17804
127 0.243805
216 1.42061
121 -0.0958328
294 5.64182
339 9.90396
123 0.230019
104 -1.00076
280 4.147
17 -0.832832
104 0.104095
37 -0.729267
39 -0.598507
44 -0.765858
34 -0.711292
97 0.0442352
126 -0.00880432
195 1.46404
7 -0.80949
65 -3.02253
208 1.31206
108 0.169151
228 1.51535
59 -0.356255
51 -0.550915
62 -0.32584
191 0.975296
122 -0.0621033
103 0.0109406
197 1.43062
42 -0.764061
228 1.53041
197 1.07277
297 5.83792
353 1.0285
125 0.548157
7 -0.551491
26 -0.733231
128 0.125519
62 -0.229088
135 0.473541
215 -150.721
120 0.433578
51 -0.519028
88 -0.506683
125 0.445404
13 -0.666501
91 0.0148926
136 0.668396
71 -1.43987
187 0.681656
182 0.854187
270 3.81189
126 0.308205
60 -0.365974
33 -1.40842
269 3.82999
129 -0.302734
130 0.452179
237 2.00781
209 1.25952
145 0.493439
145 1.44664
373 -0.151886
45 -0.513832
109 -0.611389
254 2.73898
134 0.3396
118 -0.460945
355 9.49103
7 -1.12648
101 -0.367538
248 2.70079
356 7.89633
190 0.947891
23 -0.573404
305 5.98331
91 -0.0010376
25 -0.31044
138 0.554535
185 0.838654
14 -0.560922
6 -0.549653
252 2.76726
263 3.69992
46 -0.764313
56 -2.9767
185 0.864487
265 3.53809
154 0.535309
46 -0.472504
365 9.36371
68 -2.64288
4 -0.900217
163 0.58522
124 0.45417
141 0.230743
185 0.981857
300 4.85086
280 4.35046
35 -0.702522
280 4.67712
156 0.424606
256 2.73749
63 -0.371243
85 -0.578255
87 -0.985634
94 -0.0700607
7 -1.11589
352 10.6114
26 -0.797428
207 1.24144
347 1.52237
147 0.539856
273 3.91843
50 -0.53516
216 1.45735
214 1.46547
172 0.912003
149 0.595825
312 6.32391
171 0.607254
285 4.86502
96 -0.00924683
195 0.981827
343 0.136871
242 2.09009
107 -0.639137
299 6.18262
198 0.524368
125 0.660156
130 0.424866
178 0.797333
242 1.9171
207 1.52794
52 -1.62691
149 0.377075
25 -0.833305
169 0.591263
215 1.34392
252 2.76767
166 0.182419
118 0.125328
354 9.61914
170 0.723694
41 -0.655472
112 0.313988
195 0.982224
40 -4.51442
88 -0.167526
300 4.29321
229 5.10457
325 8.80115
136 0.453918
88 -0.239906
76 -0.323341
358 12.4083
112 -0.174301
71 -1.45188
365 12.3508
138 0.537476
108 0.169548
330 2.1774
339 9.35559
89 -0.172295
166 0.167557
115 0.498657
269 3.95532
26 -0.593689
104 -1.00063
7 -1.12626
299 6.05209
117 0.207848
110 0.225006
145 0.546356
149 0.383057
216 1.29326
254 2.92978
152 0.479858
126 0.301796
24 -0.222319
93 -0.015831
150 0.600037
342 10.3045
345 1.62213
269 3.82993
108 -0.18232
98 -0.643967
196 1.26016
206 1.15785
309 6.44836
111 0.317047
337 10.389
44 -1.16912
294 5.64157
136 0.209641
245 2.37587
157 0.462646
208 1.23262
50 -1.66596
130 0.457306
203 0.77771
150 0.601242
133 0.286011
85 -2.02257
133 0.286057
269 3.86481
151 0.552216
338 9.84772
127 0.124191
360 11.5722
184 0.764008
128 0.236786
144 0.425552
88 -1.52631
127 0.514244
34 -2.15355
252 2.75346
203 1.32306
112 -0.120102
184 0.876755
102 0.338287
109 0.247498
233 1.95143
83 -0.294632
169 0.615662
55 -0.311806
220 1.59846
367 12.015
156 0.467529
123 -0.584694
126 0.368507
76 -0.142677
96 -1.35619
37 -0.635113
124 0.0732651
144 0.604065
153 0.361664
252 2.78993
81 -0.188087
46 -0.762791
116 -0.820274
316 7.0235
45 -0.569592
71 -2.66896
113 0.418594
228 1.52925
169 0.616455
80 -0.176994
294 5.64157
130 0.453018
159 0.296738
276 4.22424
51 -0.471424
174 0.77179
133 0.285904
139 0.482803
125 0.133606
213 1.33766
125 0.419685
228 1.79323
321 8.0264
107 -0.555733
74 0.243118
114 -0.0931015
177 1.11525
50 -0.483006
123 0.539619
145 1.44591
239 2.05605
109 0.411949
338 9.84967
257 2.55701
131 6.74557
345 0.173706
215 1.40311
75 -0.15657
24 -0.896702
84 -0.367897
131 0.576813
156 0.557144
157 0.575012
116 0.373009
340 10.0701
73 -1.78207
253 2.66576
140 0.486176
65 -3.12977
120 0.0627823
353 11.3516
251 2.75595
255 2.91156
208 1.24316
180 0.84053
209 0.975662
161 0.542877
354 11.6778
85 -0.142334
119 0.184677
115 0.194481
134 0.0594025
258 2.9892
315 7.08517
198 1.16504
52 -0.424286
126 0.301849
293 5.85907
93 -0.041687
155 0.59967
110 -0.0917282
332 9.36005
149 0.539368
136 0.453705
86 -0.0928421
200 1.11121
97 -0.0458908
130 0.474976
92 -0.175232
235 1.79497
229 5.39786
352 11.2054
148 0.505661
112 0.182991
33 -0.611664
194 1.16769
360 11.6699
362 7.59521
352 11.4464
189 0.963058
339 -0.210602
31 -0.795422
119 0.00552368
31 -0.583174
103 0.0110474
28 -3.40553
348 -1.93652
292 4.69528
258 2.7818
160 0.631927
76 -0.501854
108 0.23365
69 -0.278839
200 1.05266
95 -1.37547
36 -0.691639
15 -0.822852
98 -0.816986
182 0.893982
27 -0.780592
192 0.77298
133 0.285782
358 12.4088
319 6.88614
91 -0.0745163
130 0.332825
188 1.05861
154 0.535507
130 0.332733
38 -0.557632
297 5.70865
184 0.885544
75 -0.307625
142 0.564987
116 0.371681
204 1.17824
46 -0.562241
335 -0.135406
171 -0.192032
326 8.52188
109 0.207405
355 0.56192
222 1.64366
32 -1.14181
61 -0.605541
110 0.343414
294 5.64133
108 0.104301
170 1.0477
313 7.26053
136 0.659164
160 0.585068
131 0.543701
274 4.05804
266 3.7215
308 5.88275
39 -0.599022
200 0.959793
305 6.10275
189 0.827759
134 0.224503
85 -0.136131
177 0.655273
45 -0.568268
227 1.80522
189 0.921875
270 3.81177
358 0.184753
85 -0.114281
364 -0.0728455
62 -0.211639
116 0.371094
96 -0.0157471
326 8.52258
101 0.116371
63 -2.71616
345 5.07513
24 -0.222322
365 8.80597
266 3.99554
196 1.03041
76 -0.109459
47 -0.747608
269 3.83011
1 -1.05768
47 -3.31186
62 -0.312096
159 1.00304
57 -0.524105
265 2.74338
123 0.285934
359 8.57028
111 -0.732162
170 0.723755
265 3.77328
271 4.0231
178 0.773911
365 12.4174
237 1.98293
34 -0.697231
258 2.76871
314 7.72638
116 -0.0497208
274 3.96707
346 0.958344
123 0.539825
315 6.20282
80 -0.101357
118 0.222656
358 11.8265
94 0.400093
130 0.42543
86 -1.64944
88 -1.6207
345 4.99899
294 5.63943
127 0.124168
285 5.51227
145 0.514145
337 10.3889
129 -0.30127
234 2.07701
142 0.503738
197 0.997101
96 -0.011322
124 -0.542053
186 0.780777
123 0.315895
247 2.18788
163 0.624191
188 1.7505
2 -0.98765
356 11.7342
140 0.475067
36 -0.729286
327 7.44077
120 0.517738
21 -1.49055
63 -1.11835
198 0.923889
97 -0.777763
102 0.00848389
267 4.00986
108 0.170883
205 1.19275
249 2.71101
81 -0.187271
114 0.231873
314 6.66422
226 1.66873
139 0.474701
252 2.76411
260 3.10419
371 13.11
110 0.0878143
232 1.69171
370 11.9867
26 -0.724236
248 2.39294
183 0.702332
127 0.490944
98 -0.378258
61 -3.28991
9 -1.7333
146 0.592163
178 0.796051
26 -0.668468
255 2.88947
270 3.87842
113 0.421539
227 1.54449
75 -0.165604
19 -0.78392
339 9.79706
326 8.52423
206 1.1497
19 -0.790833
174 1.1281
94 -0.0337677
99 -0.29821
106 0.0694809
50 -0.550289
177 0.705887
218 1.6431
121 0.304512
175 1.07187
189 0.646729
358 12.4089
266 3.93283
347 0.326508
159 0.692429
13 -0.941518
45 -0.604324
143 -0.091568
103 -0.644173
326 8.78107
364 -1.18295
75 -0.145554
133 0.285858
62 -0.344063
230 1.81754
138 0.148666
218 1.43739
246 2.15585
150 0.489349
46 -0.496773
372 11.1013
214 1.29509
267 4.01138
189 0.884308
108 0.248436
285 3.43604
85 -1.08747
2 -0.844459
131 3.09117
157 0.699646
108 0.260536
241 2.03522
17 -0.899883
189 0.646912
215 1.34885
127 0.421417
226 1.67224
209 1.3287
117 0.186272
151 0.552307
39 -0.59845
146 0.592072
95 -0.78643
106 0.263672
343 10.5941
87 -1.54324
79 -0.140686
215 1.34874
164 0.063324
64 -0.396641
61 -0.460194
61 -3.29845
232 1.79245
63 -0.414204
117 -0.438408
199 1.17023
85 -0.245926
116 0.165314
207 1.23419
368 14.2991
70 -0.182045
14 -0.867596
266 3.72052
135 0.418915
331 6.61163
365 12.2767
260 3.4201
27 -2.25444
115 0.255615
368 15.47
126 0.301949
62 -3.25076
185 0.98555
72 -0.555466
286 4.55826
59 -0.325573
87 -1.94778
222 1.64395
337 3.44354
83 -0.115334
364 12.3817
205 1.28432
269 3.86496
85 -1.63889
16 -1.34555
58 -0.47982
241 2.17123
130 0.332825
98 -0.015274
294 5.64185
258 2.76202
196 2.63873
119 0.302452
208 1.24301
232 1.6302
343 1.95755
109 -0.588989
267 3.15707
26 -1.38711
149 0.92395
90 -0.164574
69 -0.851044
146 0.590973
248 2.1543
125 0.099472
147 0.258713
311 6.36261
369 -0.327209
37 -0.725861
44 -0.516647
36 -0.658073
227 1.67754
50 -0.140881
354 11.6774
63 -0.166656
342 9.76187
215 1.30067
88 -1.6144
355 9.49042
326 9.12512
6 -0.853652
156 0.394028
208 1.24336
217 4.61388
138 -10.9982
190 0.973785
84 -0.371735
73 -2.64851
299 5.56494
80 -0.251266
178 0.796234
241 2.00555
67 -1.4291
152 0.479156
62 -0.296947
294 5.64169
173 0.502243
112 -0.691978
253 2.44424
170 0.723816
109 0.175056
95 -0.435966
112 -0.716171
213 1.30711
7 -1.12643
260 3.05042
171 1.06932
57 -0.634193
