182 0.230743
167 0.183487
177 0.192429
174 0.258347
86 0.0185242
160 0.289978
181 0.134277
182 0.22998
139 0.180908
236 8.54774
181 -0.506516
171 0.26561
158 0.204865
201 0.322174
171 0.265366
171 0.311249
178 -0.0486908
155 0.10347
124 -0.021637
195 0.263428
154 0.187775
199 0.412064
168 0.193771
187 0.29715
189 0.201248
175 0.224472
201 0.321426
164 0.24527
188 0.201279
176 0.234573
90 0.00610352
194 -1.25441
181 0.266617
171 0.306702
219 0.401535
177 0.0972443
206 -0.726227
272 -7.54819
79 0.0742645
187 0.297974
160 0.290421
143 0.266006
171 -0.107559
181 -0.507751
182 -0.541687
138 0.0933685
191 0.585175
158 0.204834
206 -0.446884
183 0.218475
174 0.277374
201 0.322205
176 0.19838
201 0.144638
38 -0.0812531
225 0.375534
196 0.32988
82 0.00478363
201 0.31955
55 -0.0577888
141 0.148682
95 0.0546188
154 0.177032
215 -2.66014
228 1.261
124 -0.021637
223 -5.2588
111 0.0475616
129 0.172531
158 0.204987
175 0.3452
129 0.170395
167 0.165161
197 0.329086
171 0.17659
158 0.204971
125 -0.0281372
77 0.0372696
155 0.155197
124 -0.0215073
214 1.3212
91 0.00314331
139 0.104309
157 0.03862
139 0.180817
210 0.493912
182 -0.541718
82 0.00479126
95 -0.000114441
193 0.304535
152 0.117188
297 19.1568
201 0.319855
171 0.176361
197 0.359116
131 0.17804
199 0.302887
184 -0.620377
198 0.374725
199 0.345795
228 1.25943
82 0.0128326
173 0.119797
232 5.53633
171 0.176529
170 0.287781
155 0.157013
189 0.203003
155 0.172394
173 0.120575
185 0.268265
172 0.314346
182 0.229996
236 -6.52116
178 -0.0500183
199 0.302856
95 0.0381088
171 0.31041
195 0.313995
217 0.385544
111 0.0469513
186 0.246887
82 0.0125809
171 0.264709
188 0.200928
176 0.196213
182 0.230804
194 0.245758
134 0.0611267
186 0.247116
236 8.55101
172 0.242172
189 0.217926
126 0.00496674
178 -0.0484467
184 -0.620468
141 0.075592
216 -0.699051
178 -0.0483246
157 0.0849304
204 0.257492
213 3.81305
98 0.114975
156 0.192398
195 0.24086
142 0.0809479
171 0.306152
158 0.205124
155 0.103302
177 0.101074
153 0.173813
194 -1.25624
45 -0.136169
178 -0.0483704
178 -0.0500793
198 -0.0283813
97 0.0804443
147 0.0787964
183 0.188171
135 -0.0402985
140 0.16806
186 0.246872
98 0.03965
174 0.193619
217 0.383698
18 -0.235252
154 0.189209
211 -3.13394
212 0.197388
194 -1.25632
66 0.0030899
200 0.352737
143 0.272049
139 0.104279
171 0.176773
274 17.2166
145 0.0733032
189 0.476013
222 -5.42354
215 0.533218
145 0.0859528
266 7.53873
92 -0.00489044
138 0.092926
18 -0.236708
183 0.189423
82 0.0132904
186 0.246353
138 0.0929565
174 0.160278
96 0.0351334
51 -0.069973
153 0.215805
141 0.148804
66 0.00323486
138 0.0913239
166 0.117142
189 0.202911
173 0.11972
166 0.0397644
286 0.345032
297 18.9837
228 1.26265
172 0.250412
219 0.401382
195 0.314392
171 0.175919
158 0.130661
195 0.233948
172 0.149918
82 0.0131378
139 0.104309
149 0.168701
138 0.0928955
24 -0.109123
139 0.104797
212 6.12263
140 0.168381
222 0.51181
200 0.327179
188 0.201477
139 0.104935
172 0.149506
186 0.246262
114 0.101517
171 0.176529
178 -0.0486755
131 0.178131
215 -2.65776
221 0.537018
204 0.257523
140 0.16806
285 -7.21649
297 18.9845
174 0.25827
144 0.224625
93 0.0237122
185 0.268158
198 -0.270782
187 0.238144
222 -5.42851
153 0.162399
200 0.346359
201 0.319778
187 0.297485
211 -3.13179
195 0.313461
157 0.0385132
180 0.0176086
28 -0.139492
131 0.178146
200 0.346298
65 -0.0485229
194 0.339539
167 0.183746
181 0.116043
175 0.145172
46 -0.0488396
165 0.44838
138 0.0930023
177 0.32132
173 0.120865
208 0.444489
83 0.14772
155 0.0446167
203 -0.56073
288 -27.4441
176 0.261551
151 0.193588
147 0.0774689
89 0.0158157
66 0.00327301
20 -0.140457
70 -0.146149
165 0.448349
169 0.207718
229 7.49895
46 -0.119057
200 0.319916
198 -0.254105
236 -6.61377
77 0.0372467
131 0.177994
180 0.447388
195 0.327744
189 0.366989
178 -0.0483704
139 0.172852
199 0.302841
185 0.268311
222 -5.34996
176 0.155807
214 -2.74083
189 -2.05676
143 0.272049
81 -0.0118637
171 0.299515
183 0.207321
15 -0.122828
152 0.117233
172 0.148834
66 0.00331116
30 -0.0863953
96 0.136429
228 1.26129
8 -0.198202
225 0.508591
188 0.200546
211 -3.13428
206 0.191437
194 -1.25615
155 0.103134
72 -0.161194
87 0.00695038
132 0.148727
189 0.477707
199 0.302979
282 1.0907
47 -0.0977287
301 -22.5445
184 0.226028
206 -0.750458
189 -2.05731
189 0.476135
199 0.302643
250 -7.71376
138 0.0928345
184 0.104202
182 0.144928
42 -0.0915909
295 1.22955
188 0.204346
183 0.207321
266 7.5336
103 0.11969
119 0.0947113
139 0.104416
151 0.180222
215 -2.65875
286 20.3954
177 0.230209
188 0.200607
158 0.205032
200 0.347061
154 0.189667
155 0.103363
266 7.6409
301 -22.5503
212 0.197784
78 -0.0775223
140 0.129532
199 0.302902
119 0.0944214
44 -0.124058
305 22.8513
114 0.0801086
184 -0.620544
171 0.264328
181 0.411758
165 0.447968
152 0.117508
199 0.302887
228 1.26173
79 0.0746078
171 0.300766
232 5.53566
266 7.57776
154 0.19072
143 0.199539
251 -7.98174
225 0.512741
174 0.148239
187 0.252182
153 0.0463257
187 0.193787
174 0.150909
171 0.176224
50 -0.0720634
166 0.258148
100 0.0194168
65 -0.00852203
189 0.271973
52 -0.0910416
181 0.411118
199 -0.326431
189 0.476013
91 0.0624847
266 7.6506
73 -0.130196
119 0.0278473
154 0.190369
66 0.00331116
52 -0.0360718
199 0.302597
153 0.21727
183 0.183929
237 0.490753
180 0.35556
189 -1.98717
31 -0.0963783
232 0.464111
43 -0.0845184
47 -0.100384
189 -1.99174
155 0.160095
199 0.302902
181 -0.505997
82 0.00487518
184 0.47522
144 0.226501
154 0.187531
188 0.228882
143 0.264206
52 -0.0944023
42 -0.0874786
132 0.148514
222 -5.42607
84 0.0331192
197 0.514328
189 0.203079
241 -4.39417
156 0.145935
98 0.0190048
200 0.039978
194 0.337769
114 0.13446
18 -0.236071
241 -4.43077
160 0.29007
171 0.265228
178 -0.0485535
319 1.58072
214 -2.73703
214 -2.73607
263 0.653809
9 -0.220958
66 0
178 0.274414
186 0.289246
212 1.71489
55 -0.115326
174 0.150879
216 0.193054
18 -0.0508518
199 0.302689
77 0.0372391
174 0.144684
160 0.289856
66 0.00311279
180 0.447021
214 -2.73747
297 18.9845
219 3.92747
189 -2.05577
53 -0.0575371
214 1.32118
210 0.954834
186 0.247421
110 0.128456
167 0.183701
153 0.207855
176 0.226685
174 0.32457
82 0.00480652
176 0.504395
138 0.17981
66 0.00305939
142 0.0480652
101 0.0533905
60 -0.0494003
184 0.186203
155 0.240158
266 7.53546
167 0.176331
181 0.118698
200 0.347305
253 0.602615
81 0.124435
173 0.121094
241 -4.4351
174 0.148697
53 -0.0789413
272 -7.54825
300 -6.72137
123 0.120407
215 0.351227
113 0.121307
68 0.0461426
56 -0.0655594
51 -0.0763893
55 -0.0770683
186 0.191971
120 0.148628
111 0.0475006
70 -0.0472641
82 0.0128098
154 0.189194
138 0.092865
180 0.378479
60 -0.135483
43 -0.0672951
178 0.250305
159 0.0745239
185 -0.56041
293 21.4949
225 0.375488
69 -0.053833
197 -0.247818
46 0.0250931
86 0.112221
191 0.436127
52 -0.0351486
71 -0.0354004
126 0.148247
31 -0.0858841
126 0.147301
300 -6.7262
55 -0.0795631
230 -6.15227
41 -0.11261
234 -6.60757
66 0.00302887
215 0.285538
41 -0.0513229
36 -0.15773
95 0.00222778
42 -0.0669098
59 -0.0193825
174 0.143967
143 0.263885
178 -0.0477295
65 -0.0646133
153 0.219696
74 0.0974884
113 0.132607
31 -0.0962048
200 0.269699
178 -0.0480957
199 0.250198
159 0.202728
181 -0.31749
222 -5.42355
205 1.74693
228 1.26164
55 -0.0803146
153 0.217972
167 0.184647
132 0.26561
7 -0.170991
46 -0.133411
201 0.319717
183 0.207367
56 -0.0320053
189 -2.05716
200 0.352585
201 0.319778
135 0.199249
10 -0.108501
215 0.160217
194 0.339111
2 -0.185263
15 -0.0981245
186 0.291031
30 0.000270844
214 -2.73674
152 0.117386
272 -7.54871
235 8.49922
18 0.00785446
178 -0.0497437
233 -6.08926
156 0.177109
35 -0.0993347
228 7.63429
31 -0.0968151
212 1.65622
148 0.263092
2 -0.196936
162 0.298187
206 0.475555
199 0.302795
24 -0.0968971
71 -0.0346222
139 0.178513
171 0.265396
110 0.127922
173 0.119614
194 0.213333
155 0.186523
15 -0.105213
189 0.451157
49 -0.111378
297 18.9853
156 0.163879
60 -0.0497589
71 0.051384
59 -0.00882339
159 0.326324
215 0.533279
251 -7.98178
241 -4.43649
211 1.35788
273 16.482
201 0.336441
68 -0.0549469
211 0.459274
41 -0.108685
62 -0.0306931
181 0.366058
174 0.255692
72 0.0214767
72 0.0211945
46 -0.0489655
139 0.181335
305 22.8513
42 -0.0995598
65 -0.0198059
182 0.290436
215 0.209549
56 -0.0933151
241 -0.427231
185 0.0790558
200 0.35231
65 -0.135864
11 -0.170053
143 0.272171
205 -1.1051
305 22.8513
46 -0.120975
185 0.248734
174 0.147781
191 0.436142
77 0.0372849
31 -0.0976219
45 -0.0788956
90 0.0657806
233 -6.08127
184 -0.620316
138 0.0931396
65 -0.0671387
114 0.101273
7 -0.170579
174 0.225311
43 -0.0894814
114 0.134476
221 -0.284271
114 0.101784
176 0.330444
13 -0.164887
101 0.0268021
9 -0.200388
80 0.101913
200 0.331635
199 0.350159
82 -0.0342789
197 -0.239731
93 0.0872116
218 0.82962
180 0.17804
77 0.0373459
216 -0.677948
250 -7.74753
187 0.285995
273 16.4836
142 0.0485687
74 -0.0224152
237 0.487259
8 -0.198426
195 0.243011
180 0.360611
45 0.0338478
111 0.0469742
119 0.0943985
47 -0.107723
185 0.0791931
79 0.120399
7 -0.170471
77 0.033905
179 0.33078
226 0.507309
127 0.16066
45 0.0283318
49 -0.114529
30 -0.0893974
47 -0.100677
77 0.0372543
201 0.424652
304 22.1537
211 0.482864
65 -0.0624237
62 -0.0368042
84 0.0793304
154 0.189651
125 0.147163
55 -0.0577049
153 0.219772
31 -0.0916138
43 -0.0674019
180 0.354568
96 0.144699
43 -0.0475845
91 0.0786743
50 -0.0728416
47 -0.102947
55 -0.0979881
176 0.224976
144 0.204773
71 -0.0362244
271 7.26639
178 0.272217
96 0.151459
78 0.100586
189 0.4832
79 0.0870667
114 0.0800476
200 0.320877
82 -0.0187225
227 -4.18268
270 16.2098
153 0.217865
26 -0.126326
181 0.411804
8 -0.198509
174 0.256088
42 -0.0598526
12 -0.134469
235 8.49748
184 -0.620804
183 0.188522
61 -0.118176
215 -2.66486
56 -0.0949974
13 -0.165698
248 -7.63121
114 0.102539
62 -0.132893
15 0.0326633
141 0.148819
26 -0.12657
185 0.265076
68 -0.107742
153 0.21965
41 -0.0391426
278 -33.1412
179 0.349121
291 20.4212
197 0.204407
297 19.1575
139 0.172714
114 0.1026
61 -0.0626488
214 -2.73674
110 0.127586
106 0.107224
22 -0.108816
50 -0.0727882
182 0.117096
191 0.436157
58 -0.00390244
52 -0.0359383
215 0.285614
46 0.0289917
18 -0.236431
82 0.00483704
215 0.220673
52 -0.0820541
98 0.114426
201 0.275452
142 0.0479736
115 0.110329
189 -2.05548
228 1.26273
35 -0.116013
119 0.0946045
189 -1.97929
253 0.602676
202 0.428482
46 -0.0492859
176 0.271744
176 0.141174
80 0.104294
199 0.302933
189 0.121948
71 0.0513077
114 0.102333
215 -1.83112
142 0.0481873
72 0.0210037
180 0.0869141
90 0.0122681
166 0.256607
92 0.0963211
225 0.375519
184 0.485611
8 -0.198497
272 -7.54822
141 0.148651
69 -0.171127
142 0.0479736
73 0.0237122
156 0.117874
174 0.151337
65 -0.0185013
200 0.332443
271 7.26505
164 0.251907
224 0.496521
199 0.302856
55 -0.0576515
90 0.147797
50 -0.073143
165 0.447769
98 0.114342
214 -2.7368
87 0.0986938
197 0.25238
22 -0.188519
46 -0.0488434
2 -0.20175
281 -5.2821
232 0.881943
174 0.148758
72 0.0209656
72 -0.127258
71 0.0512009
44 -0.125195
160 0.228394
127 0.147629
128 0.192581
136 0.183411
229 -3.9783
65 -0.0625458
350 19.2211
269 16.0565
83 0.0358429
251 -7.98128
259 0.609741
75 0.089859
118 -0.0141983
52 -0.100796
155 0.155701
187 0.23143
190 0.458862
35 -0.116768
72 0.0215149
181 0.362595
80 0.101852
138 0.191727
178 0.14473
83 0.145149
201 0.319717
174 0.273712
145 0.182343
266 -7.25366
72 0.0211029
196 0.316193
30 0.00125504
171 0.176056
49 -0.0733337
72 0.0212708
73 0.080246
185 0.265076
62 -0.0445099
24 -0.17207
185 0.276321
56 -0.0609589
355 2.28775
155 0.177353
58 -0.139629
199 0.259628
186 0.247314
38 -0.110111
213 1.73134
135 0.194229
7 -0.170943
44 -0.139507
83 0.0678787
215 0.183289
222 -5.42332
74 0.0973129
47 -0.0374718
8 -0.197819
205 -1.11165
45 -0.117813
168 0.186615
118 0.11718
189 -1.99138
286 19.2537
266 7.51639
95 0.0382843
73 0.0998535
146 0.181824
143 0.265213
31 -0.0945091
87 0.0185013
206 -0.62915
201 0.319885
205 -1.11217
183 0.193741
79 0.124107
51 -0.0394821
47 -0.109173
158 0.24231
232 5.53557
185 0.265121
154 0.190109
152 0.258163
79 0.0742645
50 -0.0728722
82 0.00498199
188 0.207001
223 0.996048
57 -0.164513
355 2.28571
58 -0.0289383
184 -0.620453
215 0.358124
83 0.124603
65 -0.017807
164 0.215347
204 0.493546
232 5.53618
111 0.0475006
65 -0.0621338
146 0.216476
65 -0.0622635
65 -0.0648651
114 0.129402
67 0.0274658
197 0.642593
215 0.486816
51 -0.0573502
114 0.080162
215 -2.6595
43 -0.0992393
200 0.318924
55 -0.0807266
66 0.00302124
83 0.148605
13 -0.24424
7 -0.170121
44 -0.132896
172 0.247299
152 0.290176
139 0.104797
44 -0.0437241
96 0.0353012
186 0.246613
134 -0.046524
83 0.19828
222 -5.42346
90 -0.0490646
70 -0.045929
32 -0.0140533
46 -0.0490837
174 0.25853
50 -0.0287743
80 0.100708
122 0.115562
1 -0.250217
60 -0.0494232
46 -0.102982
40 -0.0750999
174 0.14798
161 0.350327
141 0.148819
189 0.48996
181 0.115799
190 0.412399
207 -0.0812073
143 0.266266
58 -0.020092
157 0.264038
197 0.26004
139 0.104767
222 -5.29379
45 0.0338058
87 0.0701065
65 -0.0203323
114 0.0800247
224 0.594742
39 -0.0768967
89 0.126968
50 -0.0718842
42 -0.0371094
215 0.547699
180 0.447342
68 -0.00774384
212 1.39836
184 0.252411
293 20.4625
71 -0.0351868
273 16.4813
65 -0.0645905
66 -0.0772934
213 -1.04726
50 -0.0850754
141 0.237381
215 -2.66161
132 0.14859
50 -0.0729408
189 -1.98624
190 0.320633
95 0.0458145
46 0.0136108
7 -0.17205
40 -0.0964699
70 0.0426788
272 -7.54858
65 -0.01754
208 -0.850311
50 -0.0726624
147 0.0693359
29 -0.147947
31 -0.0949097
194 -1.25632
76 0.102264
133 0.173737
18 -0.125736
181 0.303543
41 -0.0315781
12 -0.179972
28 -0.0206451
34 -0.0478897
74 0.0972595
56 -0.063282
107 0.117821
67 -0.127319
71 0.0514679
125 0.185356
185 0.267395
173 0.148926
225 0.375412
18 -0.236319
66 0.0668488
164 0.386948
196 0.266586
64 -0.0613785
51 -0.0396996
102 0.112152
223 0.997849
46 -0.119865
107 0.101585
50 -0.0728226
148 0.224426
131 0.178314
81 0.124466
63 -0.0507584
172 0.177307
96 0.144493
52 -0.0359917
19 -0.174715
53 -0.0874405
77 0.0375214
82 0.00485992
81 0.124474
64 -0.0937195
40 -0.0842819
180 0.197983
62 -0.162941
156 0.192673
80 0.121994
125 0.17659
127 0.153282
180 0.19072
85 0.102165
224 0.59433
109 0.0623245
127 0.141563
69 -0.0365982
272 -7.54816
177 0.0973206
103 -0.0595093
218 0.829391
180 0.452927
30 -0.0872192
46 -0.102242
201 -3.39223
44 -0.12114
273 16.4823
189 -1.9895
154 0.189941
272 -7.54807
174 0.147461
111 0.0472946
44 -0.125275
93 0.233719
174 0.25592
65 -0.0178375
25 -0.104021
215 -0.570679
23 -0.114738
204 -0.617157
24 -0.102573
214 -2.73744
162 0.221222
200 0.352127
40 -0.0646782
44 -0.0796089
55 0.337627
8 -0.198485
114 0.10154
47 -0.035778
84 -0.0695038
44 -0.123062
182 0.461578
50 -0.0732651
65 -0.017868
45 -0.134483
213 0.180695
46 -0.0743561
31 -0.0952911
87 0.0702591
171 0.299957
145 0.33432
28 -0.0159473
20 -0.144318
300 -6.72586
139 0.181229
28 -0.0179291
253 -7.8896
102 0.0860901
164 0.258133
54 -0.154987
187 0.298203
71 -0.0343781
228 1.26152
122 0.168137
27 -0.0308933
215 0.533386
60 0.057579
98 0.114906
46 -0.0489655
103 0.121185
10 -0.132517
10 -0.100925
278 -4.15604
259 0.560608
246 -3.53384
81 0.12439
135 -0.0244751
211 -0.861282
50 -0.0888519
18 0.00789261
10 -0.106633
15 -0.105342
80 0.101852
103 0.0492935
54 -0.0577583
60 0.0574379
214 -2.08556
74 0.0974197
104 0.113914
41 -0.0622711
19 0.00695992
181 0.00363159
279 0.796417
142 0.205994
221 0.608276
180 0.360703
56 -0.0306931
128 0.144592
140 0.170013
50 -0.0727768
82 0.0926666
139 0.104752
27 -0.023613
243 7.26529
29 -0.043375
110 0.128494
46 -0.0824013
31 -0.0963974
48 -0.0878448
15 -0.0999641
274 17.2195
48 -0.0618782
83 0.14872
65 -0.0181122
56 -0.0926018
50 -0.10788
161 0.290283
37 -0.118668
66 0.00302124
216 -0.689377
65 -0.0624084
221 0.608231
164 0.38652
89 0.171768
185 0.265198
153 0.217316
246 -7.40007
228 1.2616
50 -0.0725327
218 0.829376
166 0.429413
80 0.101875
74 0.0971375
63 -0.145287
19 0.00694466
132 0.140686
170 0.225769
62 -0.0284042
213 0.468719
106 0.107605
271 -8.55899
8 -0.197931
71 0.0513306
80 0.108421
58 -0.104458
40 -0.0745773
184 -0.62001
94 0.100029
16 -0.156555
278 -33.1104
216 -0.688324
139 0.172943
129 0.229858
129 0.231537
30 -0.0918941
200 0.320099
59 -0.155231
46 -0.119804
127 0.100159
71 -0.0343399
50 -0.102043
56 -0.0302544
84 -0.0244064
215 0.533249
272 -7.54858
78 0.105316
57 -0.124199
160 0.235855
194 -1.22601
248 3.93823
60 -0.0494843
51 -0.0395546
7 -0.0386333
101 0.10247
176 0.275787
147 0.149902
28 -0.0310173
30 -0.142527
143 0.164734
127 0.145493
80 0.101509
63 -0.111687
14 -0.0995674
180 0.35434
77 0.0375061
70 0.0456161
132 0.140823
313 22.6283
55 -0.0787201
106 0.0834732
195 0.314362
204 2.83356
56 -0.0630531
153 0.216888
12 -0.150652
213 0.492218
52 -0.0461121
96 0.0352249
273 16.4827
113 0.135979
8 -0.197777
74 0.0971756
101 0.0657654
243 5.52711
153 0.216003
166 0.169815
255 -8.431
13 -0.147813
51 -0.0418358
56 -0.0332565
200 -1.36919
30 -0.0893707
19 -0.181581
42 0.0462151
182 0.461533
57 -0.0183563
141 0.148788
3 0.021616
241 -6.78725
23 -0.112133
132 0.148605
13 -0.212597
153 0.219513
13 -0.146456
47 -0.0601196
309 1.35815
195 0.649323
63 -0.0194893
56 -0.0304985
103 -0.0643082
74 0.0973129
274 17.2212
27 -0.0135994
51 -0.0268517
186 0.203903
2 -0.0806389
46 0.130096
4 -0.14713
75 0.074913
273 16.4818
190 0.302689
22 0.0251465
42 0.0453835
10 -0.110413
27 -0.0253372
91 0.135033
80 0.122917
189 0.488007
116 0.163361
182 0.461578
73 0.112808
73 0.105873
47 -0.0952797
159 0.250397
189 -2.05719
216 0.281281
64 -0.0864372
211 0.378525
175 0.286346
141 0.236969
75 0.184769
88 -0.0503693
164 0.342026
74 0.0971527
139 0.172165
46 -0.049324
52 -0.035305
44 -0.125687
223 0.995178
47 -0.0366478
163 0.40242
180 0.192322
198 0.446655
275 16.6987
228 1.26027
115 0.128014
281 18.5076
241 -4.43044
28 -0.128447
109 0.0626984
154 0.18956
46 -0.117798
10 -0.106712
139 0.178864
207 0.270691
264 -12.9555
95 0.0420227
160 0.317322
33 -0.0939713
290 20.2033
117 0.0907745
182 0.145721
71 0.0512238
34 -0.0820389
79 0.0993881
13 -0.16381
42 -0.0847702
35 -0.113686
119 0.0943222
140 0.170135
8 -0.110436
154 0.189651
273 16.4817
107 0.117676
46 -0.127697
215 0.337677
31 -0.110565
9 -0.205373
155 0.15564
212 0.197952
24 -0.129217
160 0.290329
189 0.475769
119 0.0954132
145 0.165207
171 0.327271
199 0.513977
7 -0.0365891
74 0.102737
65 -0.0174637
81 0.10643
273 16.5079
66 -0.147202
27 -0.151114
37 -0.0877686
45 -0.111172
109 0.0619202
20 -0.128563
187 0.174072
286 19.2544
10 -0.105399
185 0.330643
129 0.179871
140 0.169922
67 0.00706482
116 0.116119
13 -0.149326
148 0.177261
65 -0.0178223
160 0.28894
118 -0.0142365
132 0.148682
19 0.00690269
36 -0.138359
134 -0.0472717
172 0.21521
240 -6.89478
172 0.247467
34 -0.1474
81 0.12455
189 -1.98827
191 0.275986
232 5.53569
71 0.0514374
58 -0.125973
55 -0.106949
209 0.481812
131 0.178101
127 0.16301
29 -0.147861
41 -0.0826187
246 -7.53354
95 0.039093
120 0.144081
78 0.0989685
165 0.16011
45 0.0330391
262 0.536774
110 0.128456
71 -0.114517
28 -0.119856
46 -0.0504913
107 0.117798
132 0.265656
204 0.502792
13 -0.158261
26 -0.127426
18 -0.0508385
61 0.0663261
76 0.122231
188 0.200562
11 -0.196584
87 0.0678177
36 -0.0143967
96 0.03508
52 -0.0355415
210 0.319168
83 0.147995
195 0.314087
152 0.195236
32 -0.13887
8 -0.198303
26 -0.12878
142 0.0486145
64 -0.0343704
187 0.245682
164 0.346252
56 -0.0625191
42 0.0463142
30 0.0242043
165 0.447922
64 0.0855255
107 0.118111
3 -0.19479
38 -0.0823822
126 0.10405
173 0.201111
181 0.270462
56 -0.0300217
59 0.063839
74 0.0975571
9 -0.0950823
9 -0.206417
216 1.71573
45 -0.0957031
81 0.104355
65 -0.014595
108 0.0936813
261 -0.151489
256 0.551544
100 0.0763168
178 -0.0485382
235 -6.23671
56 -0.030304
71 0.0514374
19 -0.186977
60 -0.0821533
96 0.0352859
23 -0.107853
153 0.217361
21 0.0422192
111 0.0476608
195 0.274628
189 0.203354
189 -1.98576
295 0.950073
75 0.0907669
308 1.44592
209 0.25383
45 -0.0816002
84 -0.0271378
154 0.285995
186 0.161972
90 0.15197
87 0.167267
132 0.140503
131 0.178177
143 0.272278
181 0.317322
132 0.141174
76 -0.0550537
270 16.064
102 0.0929108
107 0.11776
230 2.24982
89 0.073494
62 -0.0378571
252 0.527527
61 0.115543
194 0.342148
56 0.0799217
141 0.237244
101 0.0892639
51 -0.0295525
7 -0.170068
114 0.129402
199 0.326523
53 -0.126526
235 -6.23799
7 -0.234591
48 -0.124302
263 0.613281
4 -0.0930486
132 0.208908
212 6.12285
142 0.168564
139 0.172867
83 0.113602
278 17.0835
68 0.0257187
141 0.239014
215 0.26741
46 -0.11974
74 0.0971451
56 -0.0630035
37 -0.00787354
33 -0.165443
64 -0.0312386
33 -0.114388
194 0.475479
9 0.0747643
24 -0.0676498
46 -0.0488091
77 0.0854797
30 -0.0892334
15 -0.0926962
85 0.10376
31 -0.0918217
67 0.0342331
279 -19.3708
72 0.109909
131 0.178116
76 0.17775
5 -0.174662
1 -0.0584335
77 0.0958557
177 0.0973663
7 -0.0314012
118 -0.0141907
81 0.108528
59 0.121464
270 16.064
41 -0.0534477
127 0.155815
72 0.0214767
106 0.215393
222 -5.42355
43 -0.0882034
100 0.0825119
251 -7.98135
28 -0.0313988
111 0.0472565
7 -0.0117793
139 0.137711
106 0.0997772
131 0.178085
6 -0.103938
160 0.289978
134 0.330597
9 -0.205961
50 -0.0728645
45 0.0152054
141 0.236908
74 0.0878143
189 0.485565
278 -32.4746
222 -5.42827
89 0.0390015
295 21.6775
80 0.109352
29 -0.196959
215 -2.66507
65 -0.0647583
229 -5.14404
98 0.115486
155 0.10321
31 0.0517616
61 0.112644
72 0.0682297
12 0.0492678
153 0.21785
22 -0.0262299
10 -0.114729
193 0.463943
192 0.315079
70 0.0114746
18 -0.228449
44 -0.125423
30 0.0220737
312 22.6083
65 -0.0617981
43 -0.0880508
49 -0.0267639
76 0.107719
13 -0.184633
95 0.0383987
290 20.2034
119 0.0279846
44 -0.12154
38 -0.0406342
111 0.0474777
277 0.711121
184 0.47522
172 0.255554
235 -6.34129
187 0.291626
236 8.55045
127 0.181076
104 0.0891571
199 0.360611
189 0.476486
139 0.177338
19 -0.166615
239 -8.92058
283 21.8999
160 0.289948
213 0.468536
57 -0.156597
77 0.0662308
18 0.0501175
181 0.408585
71 0.0512772
222 0.497421
154 0.190704
197 0.340485
29 0.0146732
53 -0.0664139
51 -0.134529
61 0.00241852
222 -5.42551
185 0.0791779
216 -0.690811
42 -0.0661049
76 0.104019
96 0.0521774
158 0.256439
187 0.198059
55 -0.107098
9 -0.0934172
19 -0.204052
98 0.0968094
171 0.264771
153 0.218109
172 0.205643
98 0.0990143
46 -0.0323868
139 0.104919
85 0.15947
274 17.2168
199 0.302917
242 0.0535889
223 -0.174408
178 -0.726074
102 0.0877991
76 0.0852585
60 -0.153278
242 0.424911
174 0.144913
216 -0.321564
212 0.197937
162 0.236023
232 5.53525
217 1.17482
64 -0.0647507
102 0.087326
139 0.172836
66 -0.0239716
171 0.265671
60 0.0585022
192 0.334885
136 0.195663
115 0.186424
153 0.21582
19 -0.131954
194 0.253265
133 0.225998
6 0.00545883
225 0.489166
83 0.106628
27 -0.0206909
55 -0.0578003
50 -0.0583954
195 0.27153
272 -7.54919
144 0.204285
9 -0.0810919
235 -6.23682
123 0.164261
74 0.0973511
268 0.675812
82 0.126587
44 -0.128136
78 0.107498
21 0.0378647
40 -0.0753288
255 0.802307
214 1.32114
9 -0.0939598
32 0.0212135
71 -0.0345154
28 -0.11191
68 0.0971375
24 -0.135841
163 0.333832
232 0.882416
6 0.00454855
194 0.301025
29 -0.107294
212 6.12733
19 -0.0158157
7 -0.127126
118 0.114349
60 0.0575142
56 -0.099453
110 0.12767
99 -0.02034
27 -0.0301113
167 0.183716
204 0.243317
121 0.163658
263 0.613342
178 -0.0486145
80 0.103172
171 0.176544
95 0.162514
69 0.126007
194 0.302597
245 0.413177
8 -0.11448
64 -0.08321
47 0.0589294
45 0.133999
244 5.42812
322 1.69824
196 0.403854
241 0.615555
37 -0.0577774
73 0.122208
12 -0.13273
155 0.155655
55 -0.10664
102 0.0877533
38 -0.099884
35 -0.110497
140 0.156921
74 0.129021
139 0.172729
320 1.62244
19 -0.140625
19 0.00711823
300 -6.72021
255 -5.15176
134 0.216217
62 -0.0473328
202 -0.372528
57 -0.153141
299 21.8115
184 -0.620438
149 0.248276
189 0.338394
31 -0.0963039
39 -0.106159
26 -0.111889
132 0.175385
15 -0.158902
98 -0.0103378
8 -0.197924
215 0.533035
1 -0.242854
299 21.7986
18 -0.104296
102 0.0767136
181 -0.506256
66 0.0448456
29 0.0619164
42 -0.120102
83 0.0149078
100 0.118721
34 -0.131348
181 0.411514
30 -0.091547
70 0.0393524
20 -0.121828
98 0.102936
278 17.3811
8 -0.0686245
29 -0.148172
82 0.118019
28 -0.133762
82 0.0268707
183 0.206985
151 0.303543
197 0.234955
153 0.219559
89 0.185768
139 0.104858
192 0.360825
141 0.237274
178 -0.0487366
165 0.211182
331 24.1756
7 -0.147991
26 -0.118818
43 -0.0985603
198 0.74736
90 0.0838928
25 0.0196686
35 -0.0914879
173 0.119781
73 0.103683
157 0.325256
114 0.22834
26 -0.127497
189 0.485855
42 -0.0745087
9 -0.113267
148 0.242889
15 -0.104622
45 0.119564
64 0.121475
253 0.543228
201 0.345413
8 -0.197879
50 -0.0728073
113 0.118912
66 0.132332
107 0.124329
68 0.127464
114 0.102104
58 0.0874329
199 0.341385
213 0.468613
30 -0.0286369
47 0.0590973
56 -0.0967636
174 0.147614
81 0.142265
157 0.282257
300 -6.71854
55 -0.110378
202 0.100586
159 0.3181
118 0.236481
33 -0.157139
39 -0.107883
84 -0.0271378
186 0.211853
110 0.120331
172 0.256348
88 -0.0504608
160 0.401367
184 -0.28627
28 -0.0955677
43 -0.107132
177 -0.32724
90 0.135818
228 1.26202
69 -0.133133
5 -0.215764
200 0.323685
194 0.52063
171 0.457092
46 0.0306396
197 0.50145
100 0.102661
48 -0.135998
53 -0.0714912
7 -0.170747
65 -0.1064
175 0.155045
110 0.128365
276 0.678894
81 0.11956
33 -0.147926
30 -0.0865097
13 -0.135733
200 0.319809
30 0.000593185
118 -0.014328
42 -0.0709038
55 -0.111069
174 0.245773
33 -0.152588
164 0.293884
65 0.0125732
175 0.275208
113 0.136383
74 0.0974884
304 22.1532
59 0.13311
178 0.276291
83 0.147263
87 0.070015
23 0.0366116
8 -0.197974
65 0.137573
201 0.350601
184 0.16748
183 0.191162
10 -0.108734
114 0.129288
140 0.169968
225 -3.38573
28 -0.0197983
261 -0.151489
213 0.49176
52 -0.035038
143 0.265396
139 0.172913
21 -0.0184021
48 -0.109917
102 0.0791855
153 0.218048
159 0.250443
13 -0.0966015
56 -0.0609512
309 1.35767
228 1.26173
5 -0.0244474
208 0.445023
283 17.7107
45 -0.0497475
72 0.0212021
110 0.127907
96 0.0652695
241 -4.39265
19 0.00708389
163 0.3526
304 22.1539
66 -0.0511703
46 0.0300751
272 -7.54852
140 0.310593
195 0.743164
216 -0.685303
110 0.107231
72 0.0215149
60 0.0598717
139 0.324509
132 0.265121
174 0.258209
71 0.0513458
14 -0.156834
47 -0.0620728
89 0.0512314
106 0.106873
29 0.0100403
135 -0.0242615
105 0.122475
102 0.0763855
278 0.783173
42 -0.0902023
44 -0.0913353
181 -0.507263
105 0.122414
260 -0.173676
93 0.124458
41 -0.108784
7 -0.0121546
271 -8.55884
30 -0.0900879
243 7.2589
102 0.0850296
11 -0.113533
81 0.124046
215 0.267273
23 -0.207577
164 0.386749
308 1.40799
348 2.04214
47 0.0456429
72 0.0347366
115 0.152061
115 0.15274
184 -0.619949
195 0.314331
44 -0.0942841
26 -0.11904
9 -0.145879
49 -0.0814095
192 0.308884
150 0.211319
30 -0.0763321
93 0.122681
185 0.26799
13 -0.164299
9 -0.0930147
20 -0.0413208
10 -0.0293274
334 21.6349
11 -0.206458
93 0.141914
331 24.1694
185 0.268723
11 -0.032712
50 -0.0526352
215 0.53331
99 0.076973
42 0.0448875
74 0.0976486
140 0.243439
72 0.0212021
96 0.0352173
31 -0.14669
108 0.0717926
60 0.115448
39 -0.166664
148 0.219666
17 -0.122122
76 0.0545654
70 0.0306015
30 -0.07794
6 -0.1943
19 0.00707054
160 0.328873
65 -0.0177002
114 0.128288
31 0.0233688
215 0.450516
80 0.102135
166 0.275711
106 0.214722
114 0.127449
256 11.0422
174 0.25795
65 -0.0180283
217 0.561966
47 -0.103401
114 0.228081
128 0.199448
32 0.0227318
38 -0.0804291
257 -3.81299
10 -0.122122
251 -7.98114
99 0.0964432
70 -0.0331726
42 0.0455284
48 -0.067234
26 0.0199146
66 0.014946
187 -0.349487
14 -0.186861
90 0.0758972
23 -0.115488
177 0.453049
83 0.271263
199 0.387161
102 0.0738678
130 0.0892639
18 -0.118881
198 0.255508
30 -0.0902443
32 -0.0925293
53 -0.0239639
69 0.13649
205 -0.0576477
24 -0.128193
27 -0.144459
65 0.123848
9 -0.0934572
154 0.238297
186 0.529526
214 1.32126
9 -0.129746
60 -0.0165062
28 -0.139082
21 0.0285816
263 0.613525
17 -0.157772
189 0.523361
118 -0.0142136
189 0.367294
171 0.175888
64 -0.1912
213 0.468582
114 0.102173
103 0.134842
104 0.115898
71 0.106522
47 0.0610161
60 -0.0505638
118 -0.0143204
13 -0.0782804
106 0.106781
73 0.0802307
103 0.121162
182 0.461899
21 -0.0785046
51 0.0842819
178 -0.0499878
136 0.150635
244 5.39642
47 0.0609245
44 -0.127102
68 -0.151413
142 0.172043
34 -0.0834808
82 0.109055
8 -0.198617
210 0.319931
43 -0.0764236
13 -0.186752
26 -0.12611
151 0.320892
179 0.176041
183 -0.595047
107 0.117592
65 -0.0623245
15 -0.175046
19 -0.158024
160 0.290131
255 -5.55098
134 0.166092
124 0.196846
213 0.468536
141 0.237213
125 0.234589
80 0.101753
107 0.128754
34 -0.142967
80 0.102089
99 0.133049
168 0.0461578
46 -0.131989
46 -0.12178
147 0.080246
81 0.116768
83 0.124763
229 -9.56273
236 8.54987
109 0.134277
215 0.548477
58 0.060955
294 21.5097
198 -1.86317
38 -0.156406
30 -0.0911465
132 0.301422
198 0.459641
129 0.0713501
76 0.17775
189 0.338333
51 -0.0770645
8 -0.192024
223 0.995804
161 0.279495
137 0.312378
9 -0.0812922
128 0.106506
92 0.129356
172 -0.0873871
145 0.355804
139 0.110031
39 -0.1493
125 0.160553
96 0.0522995
2 -0.128652
15 -0.0841427
115 0.156036
14 -0.108093
104 0.153595
46 -0.119934
51 -0.0403786
71 0.136002
71 0.147797
41 0.180599
83 0.106506
56 -0.0662804
107 0.117676
87 0.163651
161 0.35025
153 0.22937
24 -0.00681496
186 0.457764
277 -0.311707
150 0.177917
153 0.217972
71 -0.0342712
162 0.270737
66 -0.193237
203 -0.0434875
58 -0.0927887
60 0.057724
142 0.16539
189 -1.98633
189 0.367828
59 0.0549545
160 0.290131
6 -0.0594106
83 0.134071
230 2.24655
129 0.204208
221 0.6082
57 0.0331955
186 0.211853
259 0.53595
45 0.0265617
157 0.0385437
163 0.248581
245 0.423706
102 0.0422897
162 0.221817
271 2.91315
255 0.802307
109 0.140663
189 0.32605
31 -0.101822
76 0.177711
22 -0.0330849
98 0.114639
53 -0.142235
118 -0.0142365
95 0.0381851
4 -0.19875
68 0.0222168
122 0.156845
142 0.038681
118 -0.0142059
156 0.146057
18 0.00794601
27 -0.152199
5 0.0152678
308 1.40732
232 5.53682
9 -0.0881262
129 0.221405
171 0.265625
75 0.100723
72 0.022583
102 0.0754013
117 0.133499
139 0.172836
96 0.143158
134 -0.0471344
201 0.52507
46 0.0219879
197 0.180649
12 0.0488071
196 0.451523
19 0.00614548
12 -0.00966358
253 -7.23488
102 0.0928268
261 0.626038
32 -0.0746059
308 1.40619
197 0.204422
174 0.258331
102 0.0904007
17 -0.0339851
98 0.112778
129 0.20459
2 -0.196645
109 0.0617523
199 -2.57018
54 0.0867157
252 0.532974
55 0.0161476
144 0.114273
65 -0.0646515
58 0.102528
33 -0.154419
65 -0.0648575
21 0.0669727
31 -0.151926
8 -0.197926
115 0.150986
295 0.969208
109 0.109787
100 0.10257
61 -0.111134
256 11.0422
92 0.134735
11 -0.094223
197 1.1599
5 -0.141083
103 0.114586
28 -0.188639
256 0.551453
82 0.110672
66 -0.0222244
121 0.243553
125 0.14727
19 0.00712395
20 -0.147781
53 0.141289
260 0.525269
199 0.234329
15 -0.0959702
18 -0.1728
31 -0.0864086
124 0.187576
9 -0.107937
31 0.0272121
62 -0.0683823
45 -0.0765381
264 0.869904
18 0.00829315
43 -0.0648956
33 -0.0159302
278 -32.6408
304 22.1537
58 0.123756
232 0.881348
61 0.0639114
133 0.0945435
82 0.111855
93 0.249664
147 0.25528
41 -0.109131
164 0.177948
60 0.0599785
8 -0.086133
280 18.0396
271 7.26672
110 0.140289
11 0.0369635
216 -0.691833
102 0.0932541
29 0.0147381
354 35.3144
187 0.397736
246 0.415298
34 -0.134544
94 0.138229
3 -0.180112
100 0.102684
165 0.216995
6 0.0374517
290 20.204
165 0.448669
169 0.390625
189 0.171387
281 18.368
91 0.154694
45 0.0176163
156 0.164047
114 0.129562
69 0.0642166
12 -0.222322
171 0.264648
8 -0.198413
190 0.233215
45 -0.140247
4 -0.0514975
125 0.093811
195 0.311935
104 0.116821
69 -0.0166931
119 0.136353
251 -7.98117
39 -0.110435
133 0.0979309
195 0.313919
72 0.146599
132 0.141388
132 0.140808
71 0.0513077
191 0.341888
82 0.117775
42 -0.090477
114 0.126999
120 0.263718
223 0.995605
114 0.101768
101 0.103745
51 -0.0225563
9 0.0128546
215 -2.66173
96 0.143272
181 0.431396
179 0.257828
189 0.218155
125 0.0872574
100 0.0693512
165 0.139954
137 0.185059
126 0.202797
104 0.115677
83 0.00595093
47 -0.143459
200 0.436615
177 0.220932
53 -0.0355301
17 -0.16637
189 0.36467
57 0.126202
22 -0.0325146
9 -0.0789986
255 0.564774
52 0.108017
6 -0.00318336
68 0.0359573
128 0.196655
9 -0.0906982
217 0.341415
117 0.151718
27 -0.0125027
9 -0.0158234
189 0.338165
87 0.0700455
64 -0.167469
46 -0.0484276
204 0.312881
274 17.2191
62 -0.00598145
267 0.702515
195 0.175858
14 -0.180462
168 0.21109
102 0.0765076
32 0.0300636
9 -0.0823736
188 0.291122
9 -0.0942602
195 0.262115
44 0.0378036
6 0.00572681
278 -33.1306
78 0.0703583
168 0.0462646
189 0.36879
29 -0.0440292
8 -0.207902
2 -0.177678
84 -0.0273666
1 -0.0352211
84 0.102066
186 0.211548
251 -7.98096
225 0.375519
114 0.129738
82 0.13575
32 -0.142056
207 -0.0718994
303 1.12869
308 1.4093
96 0.142174
309 1.35776
212 0.198044
44 -0.125668
112 0.0862808
6 -0.179577
189 0.217819
35 -0.0909462
101 0.102295
20 -0.0950451
196 0.23793
160 0.290161
15 -0.0983858
370 27.8957
15 0.033534
244 -3.86714
100 0.104485
109 0.0616074
93 -0.0162964
20 -0.122877
34 -0.089592
40 -0.0745735
212 0.197708
165 0.448654
87 -0.00798798
82 0.13485
140 0.147675
71 0.0511475
139 0.121811
27 -0.0959759
67 0.0939331
189 0.337631
22 -0.0324593
60 -0.0497055
101 0.129639
67 0.0038147
228 -9.89694
138 0.125854
9 -0.0923319
174 -0.188828
61 -0.0936241
152 0.250381
6 -0.207797
211 -3.1087
5 0.0320764
263 0.613434
5 -0.190087
80 0.0772247
171 0.264572
100 0.0468292
176 0.19577
147 0.157623
180 0.359695
29 -0.147932
195 0.314148
84 -0.0271835
71 -0.0341644
55 -0.1185
22 0.0352345
274 17.2292
12 0.0484142
105 0.121918
210 -0.787628
8 -0.13875
309 1.35733
243 7.22206
256 11.0411
40 -0.0622101
25 -0.104443
26 -0.126387
65 0.0339203
49 -0.101746
65 -0.000396729
114 0.10228
4 -0.22037
132 0.138596
189 0.336578
263 0.671143
129 0.205811
124 0.177933
222 2.67427
5 -0.113408
52 -0.0508537
212 -2.69151
12 -0.149824
133 0.17865
72 0.0737228
166 0.175369
168 0.0466309
252 -7.13742
161 0.350021
97 0.0186081
70 0.112427
54 0.131886
187 -1.43712
77 0.152733
207 1.01854
12 0.0523691
5 0.0152078
344 1.99991
163 0.387634
203 0.0279694
132 0.140686
27 -0.0287914
75 0.185585
88 -0.0503464
182 0.230896
247 0.452789
126 0.151047
215 0.547424
100 0.0896988
26 -0.118662
241 -6.74382
129 0.203613
32 0.0212173
175 0.395309
100 0.102539
83 0.0968018
143 0.20993
61 -0.0818901
180 0.353775
114 0.122627
212 0.197952
77 0.0373001
178 -0.492111
34 -0.144089
20 0.123806
6 -0.01265
9 -0.0833426
120 0.113251
297 0.983002
15 -0.0970335
90 0.141998
9 -0.092905
83 0.131386
210 0.453522
158 0.174164
83 0.149246
198 0.238464
144 0.214722
15 -0.178777
46 -0.0352478
32 0.0408134
195 0.23999
186 0.246719
27 -0.0987911
19 0.00603867
86 0.11927
20 -0.126781
99 0.0991669
35 -0.121098
192 0.481216
244 4.14714
15 -0.110124
7 -0.011322
10 -0.173093
107 0.0918961
35 -0.147202
143 0.266388
120 0.248131
71 0.118553
23 -0.134882
12 -0.152824
4 -0.224272
241 -6.72937
139 0.172729
263 0.630798
22 -0.144882
30 -0.178871
68 0.0838776
243 7.22263
41 0.153503
198 0.179474
181 0.419434
106 0.0774536
225 -3.23483
104 0.0918732
69 0.147095
54 -0.151474
14 -0.161423
308 1.44565
9 -0.0829172
69 0.0584717
156 0.261826
11 -0.0896006
146 0.176102
109 0.13932
203 0.463074
53 -0.287182
53 0.106346
138 0.110809
10 -0.187263
136 0.19252
215 -2.66153
19 -0.158497
100 0.102829
95 0.120224
67 0.0977325
71 -0.0387115
66 -0.0851746
65 -0.0647507
81 -0.166565
201 0.334991
82 0.112892
167 0.389664
29 -0.127815
147 0.256378
241 -4.47095
111 0.0471649
52 -0.260765
201 0.207306
113 0.139359
260 -0.173706
4 -0.173419
197 -1.75041
9 -0.092123
83 0.133011
43 -0.1106
279 -19.3741
72 0.0212326
109 0.140419
9 0.0119267
3 -0.0727458
170 0.161652
147 0.255142
215 0.285873
42 0.0462341
153 0.219864
262 0.533051
13 -0.118649
171 0.141083
131 0.303665
104 0.0942307
232 5.53651
12 0.0493259
141 0.237015
22 -0.0310402
168 0.239456
143 0.111862
186 0.211853
232 0.882874
65 -0.050972
181 0.436905
110 0.127586
52 -0.0350876
55 0.0802231
195 0.311539
95 0.0366669
97 0.107193
154 0.278275
20 -0.14562
107 0.116249
12 -0.0889254
184 0.181366
62 -0.00964737
22 -0.164152
43 -0.0714874
114 0.120583
169 0.208527
55 -0.0640717
91 -0.263016
7 -0.17021
320 1.62323
244 1.90398
168 0.0458374
153 0.25676
181 0.413742
48 -0.0575218
151 0.322357
82 0.0744629
101 0.10231
273 16.4816
38 -0.120899
189 0.336548
45 -0.0368805
142 0.0713196
65 -0.0630798
136 0.192612
5 -0.241821
84 -0.0271912
29 0.014698
69 -0.0300446
30 -0.0843639
189 0.362778
33 0.0126801
156 0.146011
30 -0.134911
6 2.90871e-05
189 0.33699
91 0.0761261
151 0.384766
40 -0.074192
71 -0.0345917
33 -0.126846
62 -0.148281
182 0.460892
44 -0.1157
198 0.281021
256 14.5788
352 2.26501
212 6.12328
42 0.0462532
158 0.215179
219 0.401505
42 0.0462532
56 -0.029953
156 0.146118
172 0.139038
42 -0.509495
174 0.463776
155 0.256042
80 0.101768
60 -0.0130005
97 0.0189972
125 -0.0281982
37 -0.432259
37 -0.145088
272 -7.54849
195 0.481644
228 1.26163
239 -6.67517
100 0.102997
28 -0.100456
216 -5.80119
115 0.151192
44 -0.142696
137 0.107544
345 2.064
12 -0.0523977
27 0.0331211
6 0.094985
218 -2.53082
8 -0.037343
145 0.165588
127 0.153549
215 -2.66566
55 -0.0406876
75 0.185585
211 -1.54848
35 0.0587311
48 -0.0154839
28 -0.0207977
129 0.0436401
364 2.50281
56 -0.088295
189 0.368225
25 0.0938702
246 -2.90018
239 -6.68932
278 13.1016
60 -0.0483208
62 -0.0125046
54 -0.0610962
292 1.05582
63 0.0768013
111 0.0302505
214 0.30275
122 0.126122
162 0.333115
29 -0.185511
309 1.35757
117 0.147591
366 2.78342
14 -0.105356
55 0.120972
261 -0.154449
264 0.87027
90 0.147377
29 -0.190378
331 1.79221
5 -0.0195522
189 0.3367
148 0.292236
107 0.117554
28 -0.191002
69 0.151535
56 0.100903
66 0.00980377
155 0.275665
216 -0.694199
234 -6.24678
35 -0.104668
79 0.0685425
29 -0.0440598
187 0.297623
86 0.124519
50 -0.00163269
121 0.319855
60 -0.0502815
98 0.0279236
44 -0.120419
266 7.64493
186 0.246033
28 -0.0215111
278 -33.1445
9 -0.101068
186 0.325775
8 -0.235826
186 0.187698
79 0.0837021
277 0.854828
47 0.0606956
124 0.145889
60 -0.0297508
133 0.10199
126 0.210625
102 0.0874939
94 0.141479
186 0.207672
169 0.352997
26 -0.125616
222 -5.42339
90 0.132919
14 -0.17165
54 -0.0771751
18 0.0712566
82 0.125786
274 17.2128
53 -0.0732155
1 -0.204683
102 0.117142
174 0.146851
215 0.307373
245 0.484039
143 0.220062
163 0.201721
222 -5.42332
204 2.57088
127 0.153275
54 0.137375
102 0.0871658
8 -0.142708
263 0.613312
56 0.10096
36 0.079113
261 -0.150909
34 -0.116753
55 -0.12944
126 -0.0853348
187 0.258926
259 -1.40942
124 0.196846
131 0.303574
55 -0.0576553
26 -0.120159
175 0.393463
111 0.0471649
292 0.935944
147 0.256149
62 -0.00645828
129 0.205948
60 -0.0499458
149 0.182144
22 0.0245304
75 0.185432
256 0.580933
304 22.1531
135 -0.040451
99 0.0485535
292 1.05109
29 -0.0442314
140 0.167877
320 1.6228
143 0.265839
59 -0.0971603
160 0.289764
126 0.202492
65 -0.0625153
186 0.246948
9 -0.0165005
44 -0.12476
145 0.251389
30 -0.175623
260 -0.173401
136 0.113754
104 0.0440063
141 0.290176
223 0.999649
195 0.220367
77 0.143112
157 0.265503
248 0.439331
305 22.8512
122 0.100639
249 0.479141
147 0.255325
96 0.0521851
257 -4.6337
72 0.135826
97 0.0579758
136 0.192535
182 0.263794
38 -0.177525
89 0.121246
30 0.0219345
136 0.192291
213 3.81699
194 0.353424
192 0.341782
106 0.127586
132 0.264908
13 -0.186164
177 0.434036
37 -0.130043
1 -0.211135
31 -0.156105
35 -0.0185547
124 0.14576
102 0.0849915
70 0.158569
30 -0.191593
235 8.49727
83 0.143013
54 0.136837
81 0.105042
129 0.204453
73 0.158539
54 0.101952
38 0.0751801
165 0.396286
176 0.199692
37 -0.0974083
12 0.0485821
5 0.0155821
141 0.229172
17 -0.164019
89 0.0360718
240 -6.74495
108 0.12896
170 0.241837
111 0.103683
189 0.217682
122 0.114532
31 -0.0918636
243 7.26501
180 0.291611
161 0.371979
353 2.34854
111 0.147125
121 0.306419
293 0.967041
103 0.222816
6 -0.206256
86 0.112267
280 0.784119
31 0.0707245
76 0.106812
151 0.320602
19 -0.0855732
15 -0.00124168
25 -0.120541
96 0.0351944
135 0.191772
187 0.300873
171 0.230988
109 0.0622253
88 -0.0504837
102 0.296494
335 1.80661
97 0.0197067
104 0.115952
30 -0.157753
30 -0.194614
207 -0.0237122
214 0.5345
68 0.127556
91 0.0935898
68 0.0976334
117 0.352982
83 0.101189
84 0.120087
33 -0.149147
11 -0.106704
6 -0.00304937
118 -0.0142593
45 0.0278549
321 1.45465
222 -5.35098
18 -0.125376
144 0.129745
45 0.024437
19 0.0258064
168 0.0458221
62 0.104744
213 -0.846695
34 -0.130035
114 -0.0493317
120 0.235718
91 0.121399
362 34.9625
62 -0.0122604
267 0.703949
141 0.148468
4 0.0113163
280 -8.71518
131 0.218781
55 -0.0574188
66 -0.0618439
75 0.184639
182 0.4608
132 0.148773
10 -0.106318
81 0.0765533
113 0.156296
172 0.148285
131 0.131958
38 -0.19112
297 0.967743
150 0.272705
155 0.103241
64 -0.0887794
245 -2.93791
286 0.344971
13 0.00507927
12 -0.155267
228 1.26199
96 0.144814
50 0.0510216
165 0.447662
158 0.204681
100 0.147034
24 -0.0840664
147 0.196808
370 53.6246
3 -0.248266
27 0.0326099
119 0.126671
13 0.0515938
189 0.217789
71 0.0583496
162 0.310287
136 -0.0930023
100 0.102722
278 0.782104
59 -0.0836525
86 0.112282
162 0.356339
33 -0.125877
30 -0.177727
136 0.0533752
48 0.0665932
76 -0.0173187
71 0.0620346
166 0.210144
17 0.066185
241 -4.4369
217 0.561798
174 0.256226
109 0.140205
24 0.0249329
101 0.10231
41 0.150894
97 0.0670166
131 0.104141
87 0.0861282
256 11.0426
182 0.460968
146 0.370758
231 -4.70555
59 -0.0466423
78 0.168541
230 2.26599
65 -0.0191956
15 0.0504322
217 0.394409
223 0.530685
171 0.264175
13 -0.441447
147 0.256073
15 -0.0937138
113 0.141632
56 -0.118069
30 0.0158348
90 0.119949
8 -0.197935
96 0.0352249
152 0.269745
141 0.236923
14 -0.112086
9 -0.199625
170 0.223389
17 -0.019619
155 0.15416
63 -0.201805
195 0.314377
252 0.664108
38 -0.179798
27 -0.168715
189 0.336899
9 -0.0834398
114 0.228447
295 1.13367
22 -0.032526
215 0.497025
189 0.359726
125 -0.0283813
55 -0.0577049
85 0.0945206
74 0.111801
10 -0.0963869
130 0.164703
207 0.372421
197 0.248779
22 -0.0313606
194 -1.2561
20 0.0363541
94 0.177834
127 0.153206
134 0.256104
160 0.237289
18 -0.163147
103 0.140381
103 0.134544
145 0.261612
37 -0.106949
212 0.47435
179 0.32869
88 0.0634308
41 0.180206
87 0.237053
213 0.445709
155 0.283813
88 0.119904
12 -0.0675945
309 1.35803
252 0.669785
202 -0.587433
193 0.333084
159 0.302124
320 1.46045
284 0.785522
89 0.125053
211 0.468719
50 0.114471
147 0.256195
130 0.154114
214 -3.73413
110 0.12764
26 -0.118433
213 0.468521
60 -0.0481186
60 0.00302124
276 0.691437
34 0.0872192
79 0.109703
78 0.178001
158 0.290329
218 0.829712
11 0.044673
13 -0.441668
188 0.312622
1 -0.0700808
11 -0.118258
11 0.0360365
258 12.107
97 0.0185623
49 -0.0612144
63 0.00320435
268 0.699646
132 0.316116
224 -2.7258
267 0.702484
60 -0.0494194
124 0.146706
132 0.284424
218 0.292084
25 0.0938549
355 2.34726
63 -0.0412979
189 0.338669
97 0.114845
288 -27.3914
132 0.301468
248 1.59128
186 0.211777
292 1.05014
260 0.518677
263 0.670166
114 0.124496
117 0.144051
267 0.702118
60 0.0576859
36 -0.141365
155 0.275024
305 22.8514
266 -130.546
19 0.00601006
139 0.178253
62 -0.0346756
20 0.0315418
20 -0.150246
187 0.253677
41 0.152874
239 -5.26096
93 0.186798
59 0.0154762
290 20.2039
78 0.117218
20 0.0576019
122 0.139267
139 0.173019
6 -0.103172
190 -0.612228
44 -0.13382
27 0.0523586
16 0.0330906
54 0.131466
32 -0.00477409
102 0.0878601
102 0.116348
262 0.626007
18 0.00833893
139 0.104797
84 -0.0271225
172 0.147675
183 0.219467
81 0.124458
244 3.94585
118 -0.0142059
226 -1.40971
11 -0.111691
50 0.0584755
63 0.082058
153 0.217529
134 0.307327
8 0.0347891
88 0.137932
223 0.99559
22 -0.0322323
120 0.140816
196 0.843872
154 0.376266
16 -0.0174952
263 0.613281
243 7.2522
217 5.14928
15 -0.0988607
8 -0.0370884
60 0.057148
37 -0.0569916
118 0.125023
30 0.000946045
190 0.264374
201 0.144531
131 0.106598
194 0.457794
19 0.00716972
131 0.301315
42 0.112316
78 0.125992
78 0.0704575
74 0.0159988
178 0.343246
286 19.5272
232 5.53564
141 0.240433
153 0.219101
127 0.153587
200 0.207321
102 0.0864792
34 -0.110359
25 0.0937805
252 -7.14349
195 0.313629
150 0.211166
65 -0.0268555
218 0.829636
217 0.561646
291 -38.1392
52 0.130516
83 0.132462
171 0.243591
18 0.00789642
186 0.37175
128 0.102905
215 0.267319
131 0.107971
27 -0.169008
121 0.154762
232 0.882355
23 -0.212898
297 1.08881
213 -3.60316
136 0.160263
50 0.0788536
358 38.6348
23 -0.155746
67 -0.0964355
62 -0.0117912
68 0.0972672
242 0.422394
86 0.120956
210 0.320404
119 0.164909
156 0.282318
139 0.180954
210 0.273148
103 0.120537
93 0.185089
53 -0.286457
72 0.120064
334 1.8082
139 0.180893
12 -0.173914
147 0.258194
131 0.303741
3 0.012486
184 -0.619965
140 0.167236
29 0.0458851
29 -0.126434
171 0.241913
82 0.200623
195 0.311798
206 0.324738
60 0.0574532
4 -0.143501
154 0.189865
108 0.115639
105 0.0711517
31 -0.147213
128 0.183716
68 0.127457
261 -0.699829
31 -0.138645
32 -0.0136547
122 0.157333
147 0.199615
37 -0.238029
60 -0.110134
260 0.542694
372 45.1434
132 0.106461
52 0.0315933
343 1.97549
258 12.1075
340 1.95273
362 34.7853
141 0.236938
60 -0.0516739
102 0.073555
83 0.106453
197 0.180359
222 -5.29381
200 0.346939
9 -0.101329
117 0.159653
262 0.50415
359 38.4262
213 0.447891
285 -9.92017
34 0.0628242
49 0.0910378
103 0.0991898
65 0.137802
163 0.308243
15 0.0319424
213 0.468918
7 -0.119817
77 0.0103531
102 0.0882874
12 0.0478306
301 -22.5442
196 0.423264
7 0.0277166
47 0.0619507
14 -0.0238361
50 0.121471
66 -0.135208
75 0.136009
55 0.13163
201 0.19516
42 0.0462875
55 -0.0576439
68 -0.11171
26 -0.104156
113 0.13929
37 -0.00617981
113 0.15329
88 0.24379
139 0.180862
164 0.531754
51 -0.0226288
101 0.102516
98 0.102737
294 0.977295
20 0.0369186
23 -0.201668
97 0.124153
8 -0.0257277
217 0.561783
97 0.01931
72 0.00110626
68 0.127495
253 -0.481033
117 -0.0269089
109 0.0619736
52 -0.102283
4 -0.0375509
141 0.237274
21 -0.00245285
27 -0.108253
108 0.0350723
343 1.92731
282 1.09235
118 0.140648
322 1.69742
40 -0.0746727
147 0.380798
210 0.324768
152 0.117859
60 0.0573044
104 0.135704
17 -0.0987949
88 0.274452
200 -2.58943
165 0.448395
68 0.0973587
129 0.204086
87 0.0705643
191 0.0513611
75 0.185158
350 19.2259
287 20.307
194 0.344055
150 0.362717
62 -0.0118675
21 0.0281219
256 11.0425
25 -0.115099
17 0.0744705
276 0.856018
58 -0.0784836
319 1.58093
136 0.192123
198 0.633484
217 0.503021
98 0.105057
93 0.233482
163 0.126404
346 35.2869
373 54.2288
150 0.209305
2 -0.108143
9 -0.0965118
200 0.240143
48 -0.0374184
364 33.3577
201 1.50888
214 -2.73628
91 0.111908
152 0.296539
9 -0.109146
22 -0.0336018
182 0.46106
103 0.30777
203 0.514114
232 0.463928
54 0.0881195
44 -0.0667572
62 0.00406647
60 -0.0304909
159 0.200943
31 0.0254116
147 0.186661
366 31.8552
158 0.28067
14 -0.0690403
222 -5.29385
140 0.137222
136 0.160278
126 0.170532
106 0.119453
217 5.16907
309 1.2912
139 0.180893
171 0.176605
12 0.0498257
364 32.0745
7 0.0203648
80 -0.0417328
300 21.9208
182 0.313553
335 1.92651
35 -0.00116348
60 -0.0505409
20 0.00812721
132 0.140564
20 -0.216354
15 0.098382
109 0.0621567
141 0.348969
322 1.48889
20 0.0201569
33 0.0755692
309 1.35947
194 0.499344
159 0.198166
85 0.091217
97 -0.360542
325 1.6243
215 0.533279
132 0.328674
293 1.10947
342 2.03116
20 -0.203587
258 0.53717
218 0.829559
268 0.821045
30 0.100756
232 0.881699
131 0.303497
352 49.3919
230 2.24474
219 -3.45198
147 0.322571
131 0.192734
93 0.233574
193 0.522751
152 0.117493
1 -0.19219
319 1.61279
150 0.212387
145 0.230484
373 49.3143
308 1.40509
25 0.0938797
159 0.252411
150 0.211166
94 0.0759811
206 0.29541
35 0.0635147
225 0.375565
162 0.23085
35 -0.194817
9 -0.0136242
9 -0.103648
143 0.31665
142 0.171265
183 0.207138
139 0.158264
72 0.109352
266 7.64868
144 0.217102
2 -0.0729132
88 -0.0506058
201 0.164444
54 0.135937
156 0.248077
43 0.0689011
242 0.423157
24 0.0276833
100 0.102562
79 0.0754929
197 0.422241
229 0.345001
5 -0.117254
87 0.151588
10 -0.167864
222 -5.29399
25 0.0938072
51 -0.0117683
269 0.62677
169 0.314819
204 0.23671
320 1.44415
22 -0.02845
151 0.266144
198 -0.0909882
352 33.4994
15 0.0379152
371 24.387
371 24.2332
84 0.00659943
168 0.380997
139 0.172195
42 -0.0446396
288 -27.3612
82 -0.0325851
257 11.6627
131 0.301132
167 0.319626
46 -0.0491676
350 19.2209
331 1.78415
62 -0.00643158
227 -2.61118
214 0.390717
305 1.2359
201 0.144531
2 -0.193616
27 0.0326099
44 0.0950508
12 0.0224514
85 0.0253372
189 0.492935
132 0.148804
151 0.224258
16 -0.0570602
46 -0.119335
131 0.278168
210 -3.0304
189 0.47673
48 -0.0567703
171 0.324951
256 16.6244
93 0.233574
11 -0.0371561
93 0.138748
34 0.0683708
206 0.5121
256 11.0423
62 -0.0117874
200 0.345001
136 0.160217
73 -0.259468
178 -0.0489197
26 -0.452402
38 -0.133465
314 1.45914
179 0.443497
16 0.0712128
158 0.189606
62 0.014637
10 -0.140553
84 -0.0271683
64 -0.128708
119 0.126686
167 0.132446
195 0.141602
62 -0.0119667
131 0.177979
199 -2.84148
247 0.447647
66 -0.101494
119 0.11203
68 0.0967102
137 0.197876
144 -0.0736237
79 0.0497894
82 0.126785
22 -0.0284729
103 0.219162
358 38.5698
350 2.21112
190 0.329498
130 0.127991
136 0.190689
301 22.0735
91 0.148392
151 0.315735
90 0.191017
88 -0.0504379
295 1.08377
185 0.267654
198 0.216354
250 0.494827
47 0.0365868
371 24.5018
145 0.339935
215 -3.99182
190 0.483521
29 -0.198641
220 6.79584
208 0.458618
102 0.0866089
147 0.255051
17 -0.0571728
136 0.0978394
75 0.18483
88 0.125084
112 0.129135
332 23.8038
347 2.12506
310 1.4519
6 0.093554
155 0.103043
6 -0.211714
93 0.233727
82 0.0941467
321 1.698
149 0.397003
147 0.20932
44 -0.0736809
76 0.177696
359 37.5572
335 1.84375
96 0.142258
356 45.2866
125 -0.0283432
132 0.148758
132 0.264954
26 0.0979557
95 0.145004
168 0.225693
42 0.0463448
200 0.672928
125 -0.028244
68 0.0973129
137 0.140381
44 -0.0504303
261 -19.1332
91 0.138847
43 0.101582
127 0.211212
19 -0.151901
87 -0.0572815
25 0.0938549
100 0.102295
345 43.359
297 1.01453
46 0.124065
213 -3.15286
139 0.104843
179 -0.319946
124 0.14576
147 0.255264
161 0.161423
44 -0.0192528
255 0.566772
304 1.12543
337 37.4691
276 0.788757
101 0.102463
13 -0.136863
128 0.119766
105 0.137733
170 0.101776
129 0.141464
129 0.243439
228 0.504837
16 -0.130486
102 0.112419
341 1.93698
136 0.194809
251 -7.98491
188 0.201569
242 0.620789
91 0.163727
135 0.137009
136 0.151062
364 3.06964
152 0.207031
1 -0.0298796
371 24.4549
41 0.0845032
2 0.0167432
292 1.05292
279 -19.3784
130 0.143463
13 0.0986996
14 0.116732
167 0.319717
62 -0.0114365
256 11.0423
29 0.0739708
189 0.336533
131 0.178116
371 26.4029
11 0.0129213
132 0.32991
9 -0.0833473
263 0.613617
147 0.255402
87 0.0674286
242 0.50766
95 0.0801544
29 -0.00718117
119 0.106316
15 -0.0757236
305 22.8513
69 0.131332
5 -0.0273533
5 0.0149522
214 1.32127
193 0.328293
13 -0.0612745
201 0.144531
108 0.163925
64 0.115891
203 0.490692
145 0.0323334
21 0.0283909
126 0.281418
185 0.26796
43 0.0901337
41 -0.377575
131 0.242981
165 0.44783
194 0.44725
148 0.190933
190 0.268265
136 0.151123
201 0.144531
17 -0.131271
212 0.197937
69 0.14743
18 -0.235113
42 0.151039
26 -0.125744
254 5.53351
186 0.21167
111 0.102615
148 0.378525
84 0.0792999
2 -0.127151
177 0.0973816
172 0.357681
76 0.0231476
28 0.0987415
274 0.679688
123 0.103241
147 0.324417
140 0.173203
253 0.56012
83 0.147339
139 0.298019
354 35.3075
10 -0.0970573
165 0.448517
98 -0.0102539
199 0.0930939
53 0.0939827
100 0.102798
219 0.539581
132 0.156845
40 -0.127213
36 -0.145229
75 0.185425
167 0.30632
75 0.185692
232 0.464096
70 -0.207756
131 0.301117
203 0.453903
76 0.13047
9 -0.0931101
207 -0.0763092
196 0.354477
225 1.73347
79 0.0185547
61 0.123215
294 1.13297
92 0.159309
190 0.312408
10 0.0454149
143 0.19368
17 0.0375671
120 0.165733
310 1.33789
61 0.11554
22 -0.033968
18 0.00788879
180 0.360367
85 0.113113
160 0.462631
151 0.299835
195 0.242218
84 0.275055
184 0.535507
201 0.144501
138 0.173599
356 50.5417
101 0.102448
299 22.0695
205 0.556717
138 0.13475
95 0.0746155
203 0.251678
295 1.22998
190 0.286392
186 0.246811
98 0.112579
70 0.0967331
49 -0.0549965
128 0.230087
27 -0.0198708
134 0.148178
73 -0.259422
17 -0.105215
252 -7.13211
5 -0.0365539
159 0.250168
11 0.0318003
173 0.196777
268 0.819824
236 -4.37498
342 23.2
224 0.567078
123 0.268921
126 0.291656
331 1.83694
98 0.102837
371 25.3909
301 21.9811
135 -0.0403137
56 0.0270309
181 0.250366
153 0.219925
1 -0.243623
227 1.03636
326 1.75412
308 1.44547
322 1.65442
120 0.166115
78 0.17366
356 38.8982
84 0.161331
284 0.830597
125 0.188446
157 0.180603
223 0.995117
134 0.30661
221 0.608459
151 0.322128
141 0.148819
349 2.08823
196 0.487076
270 0.729858
12 -0.158319
190 0.447662
111 0.0473328
299 21.7978
213 0.468628
45 0.0324593
358 38.58
93 0.233765
115 0.163643
35 0.0011673
106 0.167412
51 -0.0312309
186 0.245834
269 16.0002
66 0.104721
17 -0.139214
24 -0.0164375
315 1.41895
44 -0.121983
282 1.09125
39 -0.187759
201 0.319672
6 0.0947838
169 0.33551
140 0.153076
131 0.137222
368 2.81406
286 0.778259
16 -0.0680542
3 0.010335
81 0.156052
213 0.471725
46 -0.0286446
179 0.0832214
32 -0.602911
169 0.315094
149 0.412186
308 1.32632
9 -0.0764074
160 0.402328
370 53.6264
200 0.166367
20 0.123793
160 0.194534
109 0.141396
75 0.185562
147 0.256149
198 0.213806
246 0.685394
151 0.193924
114 0.102051
96 -0.000587463
203 0.362152
39 0.00680923
370 53.6485
204 0.257874
140 0.137299
199 0.50563
223 1.42062
69 0.12738
13 0.0464182
191 0.242355
183 0.205338
41 0.150875
9 -0.0151186
7 0.0372519
310 24.0951
191 0.3349
196 0.605423
195 0.670486
6 -0.00322151
167 0.300079
35 -0.146271
171 0.238754
166 0.121811
298 0.986938
132 0.140656
215 0.30777
352 2.23502
71 0.177216
249 3.85985
64 0.00245667
136 0.192642
119 0.1567
197 0.204514
113 0.181923
76 0.177628
139 0.0637512
197 0.180313
150 0.210785
332 1.7207
125 0.236084
20 -0.229603
78 0.123497
243 7.26263
55 0.130867
138 0.131073
320 1.61298
256 11.0423
105 0.228477
169 0.335693
185 0.301498
215 0.547546
116 0.177963
126 0.173698
114 0.124336
10 -0.0160847
37 -0.0778275
304 1.15173
88 -0.0505981
183 0.365463
25 0.0937328
29 -0.0445862
73 0.124969
144 -0.0263367
199 0.245956
189 0.209656
103 0.122108
190 0.256363
116 0.0786438
161 0.484528
311 17.7161
25 0.0938435
198 0.253189
194 0.535553
189 0.47699
14 -0.143244
160 0.402115
222 -5.29053
171 0.176682
178 0.139923
79 0.124062
90 0.172279
151 0.417465
108 -0.0497589
147 0.405228
42 -0.514744
125 0.129028
108 0.121933
206 0.526337
165 0.191559
256 11.0422
3 -0.160575
21 0.0286064
229 7.54033
271 0.583313
99 0.283707
151 0.225571
217 -3.32037
244 1.34195
85 0.14164
73 -0.259956
372 13.226
109 0.160133
125 0.162643
32 -0.118279
15 0.0347757
317 1.4411
36 -0.00654602
51 0.112373
59 0.294292
101 0.116096
285 17.1701
113 0.271339
153 0.380188
52 -0.0271797
25 0.0937901
321 1.61795
28 -0.098423
334 14.2964
40 0.0864334
228 -6.71423
334 1.78165
53 0.141266
198 0.228226
141 0.180939
309 1.41785
337 1.87021
71 -0.052002
319 1.58038
119 -0.116768
131 0.301315
182 0.292603
138 0.0934143
17 -0.0117378
251 2.00365
368 31.1899
27 0.0336113
215 0.547836
5 0.0152702
210 0.437485
72 -0.00932312
343 23.0517
335 1.8252
317 1.42032
69 0.127312
118 0.275528
25 0.0937996
107 0.0795593
134 -0.189453
82 0.101486
105 0.121727
24 -0.00364113
260 -16.367
100 0.145927
116 0.163483
142 0.0477295
178 0.430664
8 -0.0371752
9 -0.0125227
191 0.0657349
82 0.176338
246 0.42392
205 -1.11212
131 0.178146
353 2.34848
63 -0.032505
250 0.682083
14 0.107862
47 0.084919
126 0.135529
31 -0.183811
85 0.0866394
33 0.0873871
15 -0.0355253
136 0.160126
166 0.497086
1 -0.0731754
141 0.148544
371 24.3768
159 0.471207
125 0.235535
114 0.312965
266 0.651154
334 1.89914
46 -0.105019
107 0.174263
118 0.247581
166 0.23967
43 -0.12075
172 0.348465
5 0.0153146
137 0.146881
223 0.995804
334 1.80981
301 -22.5428
109 0.061676
182 0.460876
164 0.0763092
2 -0.0653687
1 0.0178499
372 13.1509
335 1.86853
320 1.62308
371 24.42
2 -0.0299139
232 0.881409
73 -0.765343
114 0.131088
165 0.124664
370 27.9449
66 -0.0564728
226 -1.97226
300 22.4074
150 0.212402
54 0.135712
144 0.198975
334 23.4931
368 28.0844
83 0.106232
261 0.67218
147 0.195786
24 0.0539837
46 0.0521469
179 0.161591
108 0.129753
370 27.9427
212 6.12465
80 -0.0393829
335 1.82526
62 0.0735855
225 0.375427
84 -0.0271454
48 -0.0263138
103 0.121178
15 0.0363197
126 0.0990219
66 0.0984192
342 2.10632
101 0.102371
34 -0.156792
85 0.222961
114 0.13591
105 0.110725
349 2.11188
247 0.441116
195 0.243118
319 1.58075
113 0.113358
371 24.2803
87 0.000770569
202 -4.80319
169 0.30127
109 0.130768
60 0.060154
119 0.296638
210 -3.53569
334 1.87405
360 3.1507
136 0.160049
21 -0.197239
261 0.672028
73 0.0971222
62 0.0426216
146 0.246262
260 -0.176208
160 0.471481
71 -0.109543
350 19.2286
105 0.121559
141 0.181763
143 0.165253
335 1.86337
148 0.254349
362 2.70465
253 0.602768
138 0.340851
292 0.962311
152 0.246597
33 -0.130455
34 -0.188377
26 -0.111542
135 0.0602875
139 0.15686
199 -1.07872
156 -0.0042572
44 0.124088
155 0.10321
109 0.0645981
178 -0.0496826
165 0.322113
109 0.0635529
151 0.0108795
188 0.200989
44 -0.125683
50 0.089859
197 -1.01215
127 0.125526
138 0.0790558
84 0.121735
371 24.3647
143 0.0160828
330 1.83438
73 0.173309
139 0.296387
232 0.47113
128 0.20369
207 1.21461
311 22.0317
144 0.155228
370 27.9505
139 0.143936
334 1.8107
35 0.0400314
297 21.7624
146 0.368484
98 0.12101
143 0.201584
22 -0.0326099
225 -6.92809
125 0.23616
317 1.40665
260 0.606079
28 -0.120323
351 33.5533
26 0.0805531
29 -0.0436249
120 0.454231
260 -0.173584
270 0.639221
99 0.124825
193 0.475388
228 1.25722
268 0.594147
127 0.153534
222 -5.29051
118 0.299843
189 0.217758
355 2.36172
173 0.119537
15 -0.0369644
119 -0.00959778
212 -0.401154
166 0.216324
341 2.06409
122 0.189575
197 0.190628
197 -0.0139008
62 0.0536575
218 0.505615
218 0.291946
199 -1.23073
339 1.99039
42 0.090992
233 6.78044
125 -0.0281982
55 -0.0578156
40 -0.0678787
76 0.177429
334 1.87701
135 0.171265
240 -6.70078
7 -0.0315218
118 0.09095
162 0.247803
146 0.36937
73 -1.45055
9 -0.0304604
323 1.66049
21 -0.0362797
8 -0.0171547
136 0.193481
144 0.173889
20 0.118919
141 0.166443
92 0.273041
12 0.0487804
104 0.141594
41 0.154358
136 0.193558
139 0.105652
287 18.4205
44 0.117523
349 2.3439
274 0.725952
333 1.84186
73 -1.44991
251 3.231
103 -0.478813
142 0.152313
145 0.235336
107 0.141792
342 2.03271
1 0.0950508
59 -0.11451
313 1.36401
370 27.8563
30 0.0158424
230 2.24825
77 0.0375519
18 0.0192757
42 0.124283
217 0.561951
223 0.999008
121 0.318283
139 0.140991
43 -0.0944557
189 0.331161
14 -0.070466
100 0.102608
325 1.72455
72 0.139404
41 0.152626
148 0.341278
372 3.7934
355 41.901
112 0.0794525
232 5.53589
235 8.49763
98 0.144928
334 1.88681
117 0.294075
189 -1.98907
59 -0.404221
130 0.142288
327 1.75583
131 0.15921
206 0.470596
78 0.177132
92 0.247192
2 0.0942183
7 -0.031733
361 24.2401
87 0.147415
152 0.117249
340 1.95288
162 0.175934
327 1.75888
249 7.32343
147 0.255356
63 0.135441
319 1.58075
111 0.0666885
305 22.8514
125 0.234398
106 0.169319
145 0.230667
366 23.7244
334 1.77005
1 -0.000464439
336 14.9483
354 32.2863
343 2.03168
136 0.156342
236 -3.05167
189 0.477768
44 0.00823975
189 -1.98416
254 -8.33597
117 0.143036
316 4.82291
21 -0.116848
217 0.561874
101 0.106758
125 0.235886
56 0.114544
192 0.160065
205 1.12564
51 0.129795
54 0.136917
197 0.23967
49 0.254284
334 1.80945
13 0.0264082
301 22.4654
286 0.811096
207 0.617828
195 0.232819
113 0.0519562
53 -0.286613
190 0.00131226
154 0.266068
94 0.25222
132 0.141068
17 -0.0186329
192 0.225021
196 0.242126
93 0.185898
6 0.094511
252 -7.14445
103 0.120461
230 2.24927
350 2.24301
99 0.113342
65 0.0927582
151 0.242142
214 1.32541
251 0.512527
252 0.661774
141 0.148834
206 -0.727921
323 1.63913
95 0.0364914
109 0.0623093
5 0.0153508
197 0.0030365
169 0.177567
116 0.0182571
117 0.0501175
96 0.110992
279 -19.3741
371 24.4464
356 29.806
308 1.40695
41 0.18005
105 0.12307
157 0.0385284
6 -0.0530996
51 -0.122684
122 0.275131
338 2.02979
115 0.172539
176 0.146408
101 0.102119
104 0.151962
186 0.246048
88 0.0762939
123 0.249336
350 19.2106
113 0.023819
324 1.68738
80 0.0747147
109 0.0631866
285 20.4218
245 5.37617
357 28.9062
332 1.78973
232 0.882751
142 0.271912
166 0.274277
15 -0.095336
62 0.162014
6 0.0923028
150 0.183792
201 0.319611
165 0.393799
5 0.00489616
182 0.529892
83 0.234787
189 0.291595
349 2.17474
168 0.131073
334 1.90027
135 0.14502
358 32.3373
141 0.23703
44 0.0131645
61 0.0911102
336 1.92038
331 24.1742
109 -0.186577
69 0.209885
153 0.202576
9 -0.0122299
44 0.129162
232 0.882446
341 2.06107
95 0
262 -17.6256
178 -0.0489807
334 1.85886
147 0.184189
128 0.177246
340 1.95273
344 2.08249
135 -0.0240784
48 0.0511551
118 -0.0141907
213 0.494965
177 0.372559
193 0.392868
108 0.235207
86 0.103676
132 0.264801
76 -0.0506134
331 1.8082
154 0.316513
243 0.675278
286 0.855103
150 0.0658264
167 0.257553
340 1.95285
132 0.137421
342 2.04483
182 0.283066
156 -0.00405884
139 0.0657501
354 2.31619
167 0.183594
121 0.292229
322 1.68585
114 0.0695114
359 27.6187
160 0.281906
372 13.1448
320 1.62238
368 29.1959
290 -11.1073
28 -0.100376
111 0.0873718
152 0.0645142
140 0.27124
241 -6.70366
96 0.0523453
215 0.549973
226 -3.32085
147 0.255325
131 0.178101
304 22.1531
208 0.493179
156 0.192474
108 0.0497589
274 17.2052
1 -0.0847492
155 0.221481
43 0.141617
18 -0.0509129
98 0.0251617
111 0.125305
88 -0.0504837
352 34.5929
189 -1.04353
60 0.181313
152 0.117279
71 0.0127106
93 0.266373
70 0.120728
163 0.533264
136 0.151123
339 1.94879
103 0.119171
160 0.242355
334 1.80957
215 0.549652
150 0.211731
176 0.327927
47 0.0585175
158 0.204483
107 0.164101
119 0.188675
364 2.85757
305 22.8512
357 41.7022
269 -5.40057
97 0.0754929
200 -2.65242
91 0.110497
353 41.1118
103 0.299332
7 0.0275431
93 0.173286
152 0.117569
140 0.326019
311 1.38602
358 38.5764
69 0.0605011
49 0.12426
215 0.351242
154 0.21846
230 -13.5208
18 -0.168877
8 0.014102
212 -4.30281
115 0.224152
334 1.80942
256 16.6248
29 0.0619564
36 -0.105679
314 1.43802
175 0.212524
349 2.1116
74 0.117317
88 0.247391
134 -0.174622
92 0.122818
298 1.1553
369 47.7331
278 0.894623
82 0.0798111
288 -27.4441
264 0.760681
68 0.0971909
335 1.7883
227 -13.3049
279 0.738922
207 -2.98944
41 0.154221
44 -0.0750389
88 -0.288086
137 0.0392761
67 0.143768
218 0.829514
226 0.354584
13 -0.441095
87 0.05616
89 0.0988312
21 0.0866451
179 -0.279526
150 0.261368
229 7.53497
266 0.615356
73 -0.130737
115 -0.320724
118 -0.504875
286 0.345337
158 0.208618
197 0.506714
124 0.293816
218 0.501572
20 0.118795
371 24.4872
145 0.156418
52 0.118839
244 5.35017
362 2.89594
284 0.743073
8 -0.107464
82 -0.0326462
318 1.52728
198 0.366409
155 0.315781
101 0.287392
180 0.436142
77 0.106583
128 0.180603
70 -0.134186
262 0.66922
14 -0.015522
315 -36.3602
200 0.362808
97 0.0272598
45 0.00649261
338 2.03241
64 -0.0940208
6 0.0928249
127 -0.106636
348 35.5947
134 0.202545
11 -0.14131
333 25.1976
223 -5.25899
339 22.3111
105 -0.133507
277 0.71875
121 -0.00173187
320 1.54926
217 0.383041
256 0.544067
75 0.132004
42 -0.114571
334 1.84906
350 53.7008
334 1.89944
141 0.216324
350 2.3757
2 0.0392942
189 0.338837
372 13.4578
98 -0.0099411
151 0.311996
333 25.1563
75 0.191696
25 0.0937557
60 0.0799026
138 0.152298
199 0.108902
138 0.0786133
149 0.186615
10 -0.0210285
20 0.11902
280 -8.71323
87 0.115913
41 0.152359
126 0.132278
324 1.70554
252 3.98682
41 0.152153
67 0.0985413
226 0.354279
19 -0.211481
94 -0.235512
178 0.251556
371 27.2348
253 0.52002
67 0.0838928
300 1.09396
251 0.654327
136 0.196014
115 -0.0459595
68 0.0480576
361 37.1798
136 0.160141
53 -0.0556641
130 0.215073
155 0.103073
22 -0.0336113
347 38.016
328 1.74536
331 24.2422
42 -0.0960541
335 1.82428
88 -0.0504837
127 0.155762
7 -0.172407
77 0.0501022
110 -0.153061
36 -0.0857544
14 -0.015645
188 0.177216
12 -0.902555
356 30.4203
23 -0.176342
266 0.610382
132 0.316986
369 21.8063
7 0.0534415
188 0.201126
119 -0.116806
44 0.139763
336 1.90509
286 0.344879
286 0.844177
51 0.0619049
88 -0.288025
11 -0.085228
156 0.186523
33 0.0536156
60 0.101234
336 25.0602
209 0.265671
164 0.228424
5 0.0151768
367 9.08661
56 -0.052227
21 -0.146421
104 0.245171
169 0.202454
144 0.352829
188 0.318619
263 0.613251
60 0.118217
100 0.0764923
217 0.60672
370 53.6411
357 39.6143
370 27.9645
303 0.985535
135 -0.0386963
155 0.0320435
166 0.239197
70 -0.206871
134 0.307281
319 1.48883
349 2.17993
103 -0.231148
56 -0.151989
119 0.207321
51 0.116299
335 1.75317
225 0.402618
193 0.55838
42 0.0470009
292 1.05148
33 0.0410919
321 1.65381
178 -0.0491791
214 1.32117
88 0.239632
229 7.55556
199 -2.93758
335 1.99362
52 0.084156
126 0.294167
7 -0.087801
236 0.770233
38 0.124962
284 0.781433
209 -3.6463
186 0.205887
135 -0.0404205
337 1.88675
92 0.210388
68 0.084549
109 0.0635529
358 2.51865
336 21.626
170 0.254425
181 -0.506073
155 0.00961304
152 0.221237
109 0.134201
8 -0.0262403
7 0.0274005
318 1.5
261 -19.1335
28 0.074625
131 0.178329
24 0.0704918
349 2.36316
364 10.8105
158 0.38681
16 -0.0741577
212 0.197464
210 0.290207
158 0.205231
240 -7.00601
315 1.41663
178 -0.0493011
91 0.0886841
295 21.5928
77 0.174019
225 0.375366
24 -0.0113888
340 2.07721
27 -0.186701
317 1.42169
183 0.316116
177 0.172531
124 -0.341827
152 0.117325
331 1.9093
68 0.0977173
327 1.75751
329 24.6997
297 1.15808
366 2.6655
132 0.139023
119 -0.153725
141 0.148575
74 0.0799789
261 0.573273
73 -0.259636
339 1.86212
211 -4.67422
267 0.737854
332 23.8662
261 0.799133
136 -0.0930328
222 0.334717
368 17.9596
113 0.0163651
344 25.4076
331 24.1753
136 0.151077
21 -0.0351219
133 0.0165405
23 -0.109657
370 53.5978
307 1.24365
172 0.767105
185 0.26506
344 25.8083
204 0.375687
37 0.036068
202 0.58046
160 0.111115
335 25.1733
45 0.104771
253 0.510788
154 0.269745
52 0.109573
82 0.212669
140 0.16954
66 0.0513077
336 2.01361
119 0.152237
340 1.95285
335 1.82477
58 0.217152
115 0.297867
83 0.147461
129 0.141418
82 0.18026
340 1.96887
358 38.6182
155 0.360321
360 32.5968
349 2.19376
331 24.1707
253 -5.85361
123 0.288391
219 0.606873
209 0.512619
331 1.91882
308 1.40805
93 0.175949
93 0.236099
366 4.23795
241 -6.66869
161 0.099823
182 0.4608
249 0.705139
76 0.0962982
310 1.38586
207 0.428223
274 0.708099
322 1.68723
15 0.0343819
112 0.104858
75 0.0984268
280 0.730469
110 0.161232
358 38.3658
135 -0.0404816
142 0.263824
226 0.35321
353 2.34848
143 0.266541
144 0.185364
368 31.1427
353 2.26828
250 0.645706
61 -0.128357
15 -1.0062
131 0.178085
266 7.64383
368 3.09146
101 0.0720444
368 3.30914
371 25.228
157 0.274902
291 -6.5701
118 0.252815
65 0.0415344
68 0.0969467
114 0.129539
371 48.0339
164 0.291718
326 1.75397
161 0.19072
33 0.163456
309 1.40359
351 47.4004
104 0.145149
132 0.148773
333 1.84433
169 0.148499
242 0.415634
241 -4.39305
135 0.0169067
54 0.13065
151 0.269791
124 0.199226
32 -0.119287
210 -4.29401
131 0.159866
352 49.389
83 0.0634613
360 36.2439
350 19.2216
204 0.257614
144 0.351608
127 0.176552
18 -0.0508118
263 -140.49
260 -16.3696
330 1.78967
238 0.517532
5 0.0240655
56 0.19759
115 0.0289917
147 0.494629
291 19.8691
228 0.539032
332 1.94003
73 -0.259514
190 0.212082
112 0.230949
329 1.78012
5 0.00871325
142 0.282578
332 1.71576
129 0.205887
82 -0.0326004
373 -0.0445251
229 7.63947
357 39.7847
351 2.37314
150 0.21225
322 1.66382
198 0.243179
27 -0.16581
73 -1.44984
241 -6.69424
100 0.102684
87 -0.568359
344 24.2747
297 19.1573
262 0.700012
358 39.2044
109 0.0621414
147 0.279526
331 24.1732
277 0.855072
309 1.28192
318 1.45474
132 0.152451
90 0.201378
104 0.22863
147 0.372543
372 13.4625
212 0.438385
103 0.118134
350 19.228
320 1.62335
356 29.3906
103 -0.47406
43 -0.0826149
201 0.144516
83 0.0731888
136 0.00796509
11 0.106588
119 0.128235
9 -0.0709753
232 0.464355
109 0.176651
323 1.51794
321 1.68536
129 0.192291
228 -3.22168
335 1.83496
315 1.44855
127 0.182762
222 -0.77861
9 -0.0950155
221 -5.24445
128 0.193756
205 0.36554
129 0.244049
340 1.95343
28 -0.156902
134 0.307022
102 0.038063
125 0.234726
324 22.1655
189 0.202759
204 0.257614
114 0.129005
31 0.0763092
323 25.6378
70 -0.0277634
56 -0.137772
269 -6.83398
273 16.5071
248 0.69574
362 5.04666
236 0.564255
292 1.05212
11 -0.0473785
23 0.0582504
367 11.3088
353 2.34811
70 -0.207916
363 34.0163
39 0.133045
367 21.8728
134 0.274048
16 -0.134947
278 0.438324
6 0.0933018
231 -5.2558
337 1.98853
121 -0.312065
49 -0.0351028
352 27.9596
110 -0.202667
31 0.159599
10 -0.153023
347 31.6072
31 0.200571
287 -11.2197
26 -0.204403
86 0.172081
242 0.417313
319 1.50781
353 2.34845
125 0.235786
354 26.6753
111 0.081398
370 27.8901
216 -5.06367
371 24.3703
255 7.36533
216 0.439133
340 2.04562
252 -7.13643
212 0.198059
220 0.82016
67 -0.0435257
334 1.88644
371 25.4115
343 2.02316
335 1.85168
73 -0.259766
121 -0.383186
145 0.315155
124 0.133499
280 16.4413
70 -0.207787
347 2.16888
340 1.96051
370 2.81815
150 0.315781
152 0.117325
6 -0.0445967
199 -0.183044
9 -0.038476
165 0.448578
217 0.615601
54 0.0448761
26 -0.151318
218 0.829605
68 0.0976334
189 0.476166
233 7.14995
116 0.0882797
273 0.772156
135 -0.0252838
49 0.0619125
371 24.3413
68 0.0959244
260 -16.3685
326 22.6406
286 1.02701
314 1.39188
117 0.210045
74 -0.341698
346 2.09528
209 0.481079
346 2.09219
338 1.8396
287 -11.22
170 0.403351
209 -2.51077
187 0.48764
3 -0.0495434
147 0.265137
109 0.0637817
313 1.38736
353 44.9646
353 32.02
133 0.27594
150 0.211868
154 0.301331
55 0.340454
340 1.95279
26 -0.150093
20 0.124241
350 19.233
166 0.238068
139 0.180908
128 0.0941772
264 8.02371
13 0.0518351
340 1.95361
201 0.221115
211 -5.22493
134 0.307007
353 45.6221
117 0.226044
236 8.54742
298 21.7675
88 -0.0504913
321 24.5206
101 0.322174
321 1.62161
276 -11.8316
27 -0.137009
266 -77.2983
92 0.257751
186 0.168289
91 0.296043
86 0.255264
101 0.102142
352 56.9783
340 23.2403
119 0.313454
18 -0.156853
143 0.165497
212 -5.27803
20 -0.582069
111 0.135277
336 1.94302
212 0.497925
258 12.1071
93 0.176758
320 1.56824
166 0.478012
226 0.534866
163 0.15155
372 13.218
318 1.47287
149 0.259293
193 0.281906
201 0.144608
28 0.056406
366 2.78339
261 0.709717
211 0.216324
370 27.974
37 -0.0960159
341 2.10272
212 6.12373
168 0.476837
165 0.289185
133 0.0273438
364 2.92343
372 55.916
347 2.18213
85 -0.292618
128 0.106583
370 27.9955
111 0.157166
141 0.148453
142 0.277985
102 0.125549
143 0.272095
353 2.34848
85 0.0450516
132 0.138657
129 0.196564
334 1.90109
148 0.190842
7 0.0273857
185 0.425812
187 0.297409
137 -0.202209
156 0.314346
103 -0.232033
20 -0.12652
101 -0.0307617
174 0.392685
324 1.68964
71 -0.0347366
30 -0.0740414
153 0.0326233
124 -0.0216904
230 2.24658
372 26.2958
160 0.198486
116 0.263748
136 0.16008
88 0.0723267
232 0.47084
224 0.275314
166 0.188202
8 0.105906
341 2.01123
144 0.132797
254 0.510117
236 6.52518
146 0.371063
134 -0.054306
126 0.137825
331 24.1728
66 -0.123093
16 0.0932102
285 18.1525
36 -0.151077
91 -0.263138
131 0.0146484
354 35.3195
98 -0.0102997
164 0.50148
167 0.183731
140 0.170151
180 0.386597
19 0.00735283
25 0.0938244
269 2.21484
331 1.77524
68 0.0972443
132 0.191925
282 0.825531
267 0.619171
114 0.31739
203 -4.40286
129 -0.359116
360 36.3292
128 0.238647
350 2.23419
258 12.106
113 0.297005
218 0.610809
127 0.153564
243 0.49556
347 2.03293
97 -0.360954
170 0.446609
215 0.547394
19 0.0527
174 0.447617
350 19.2281
30 0.0993671
253 0.672562
28 -0.00328827
73 -0.259079
5 0.0792413
171 0.263916
154 0.246994
73 -0.25882
1 -0.230324
67 0.0995483
360 2.75433
73 0.123688
64 0.0892715
320 1.65265
347 53.7628
321 24.5179
101 0.102081
264 -10.1591
59 0.136322
129 -0.35672
46 0.0723343
197 0.341751
339 1.91644
225 0.375504
59 0.188778
100 0.102592
115 0.340721
274 0.75824
285 0.904205
50 0.0392151
119 -0.36882
109 -0.152359
262 0.667419
15 0.0713749
304 1.29202
138 0.078537
100 0.103035
40 -0.148209
200 0.346268
350 19.2275
123 -0.113838
271 0.755249
352 49.3717
86 0.187637
275 -7.27087
62 -0.0125885
3 0.0273314
261 0.671906
169 0.157471
309 1.29309
80 0.17524
312 1.42642
6 0.0945315
110 -0.48304
219 0.60405
166 0.222824
13 -0.040451
40 0.456886
146 0.069397
90 -0.27919
347 35.6955
92 -0.30986
371 24.8629
143 0.0126953
302 1.28714
361 2.81488
198 0.407394
73 -0.25782
285 0.799377
338 1.82446
341 2.11932
309 1.25528
141 0.316391
241 6.75668
181 0.293396
142 0.274429
371 24.6902
83 0.191261
308 1.44604
319 1.5137
344 2.0683
350 2.40152
360 2.48666
66 0.095787
277 0.659149
138 0.0784302
83 0.27597
297 22.2749
120 0.102669
125 0.209915
134 -0.174469
114 0.0292282
317 1.46585
117 0.20005
275 0.788208
223 0.99791
370 53.6279
204 0.44812
189 0.338303
244 -7.05008
295 1.0762
73 -0.258667
28 0.0335503
366 3.44595
320 1.62936
82 0.0595703
149 0.350204
371 24.4826
322 1.69763
91 -0.719688
372 24.2402
95 -0.262413
335 25.3061
114 0.225769
99 0.0597687
147 0.0335388
123 0.125977
125 0.235374
42 0.0456047
359 38.6739
194 -1.25609
119 0.226967
97 -0.475639
75 0.00318146
358 2.52103
175 0.277527
101 0.102486
261 -19.1343
183 0.111465
218 0.829819
177 0.245209
98 0.105049
353 32.9729
193 0.464188
190 0.115891
329 1.72708
343 2.00317
188 0.173813
116 0.114349
129 0.204773
37 0.0682945
134 -0.0223846
112 0.00195312
53 -0.0591011
135 0.244308
255 0.587891
266 7.62637
26 0.0279884
373 52.3752
135 0.29126
301 1.18027
61 0.0702591
101 0.16906
148 0.25679
303 22.2006
206 -1.43095
371 27.0399
171 0.139175
267 0.766479
340 1.9534
261 0.59198
80 0.213768
286 0.778412
93 0.233536
314 1.50061
121 -0.129166
320 1.62259
87 -0.568565
308 1.20966
206 0.226349
225 0.375412
53 -0.384293
210 0.516418
323 24.56
104 0.16584
334 1.88596
116 0.00537109
350 46.1227
127 0.153145
104 0.0892029
265 0.613098
82 0.179291
218 0.830246
225 0.59314
152 0.0352478
135 -0.0404663
296 21.4801
285 -12.1006
129 0.204422
157 0.0383606
174 0.306152
358 38.6078
98 0.105865
144 0.155106
243 -9.91284
262 0.628906
263 0.650635
351 2.11996
343 23.0016
321 24.5212
295 1.23026
109 0.140366
282 0.78299
190 0.156525
45 0.187965
337 1.82684
348 49.9048
241 -5.46124
352 49.4078
329 1.74283
114 0.300987
113 0.146935
197 -0.248627
128 0.22435
123 -0.109581
236 6.28566
228 1.26199
107 0.117592
353 2.26389
357 40.8471
312 1.44357
314 1.43265
286 0.965271
209 0.52803
105 -0.325012
211 0.574036
322 1.66983
240 7.86241
254 -8.23032
335 24.8415
331 24.1732
12 -0.00352478
139 0.182205
164 0.180191
15 -0.034976
25 0.0936832
18 -0.0508461
20 -0.0193233
160 0.094162
16 -0.0361605
168 0.117081
311 1.43204
364 10.3221
161 0.274277
105 -0.324959
297 18.9796
227 0.488937
135 -0.040329
204 0.257553
263 -8.14867
68 0.0895309
23 -0.212418
7 -0.55099
146 0.242874
172 0.346039
97 0.182396
68 0.0960922
343 33.5523
68 0.127663
74 -0.340561
36 0.100662
129 0.167328
347 2.29736
265 0.769348
115 0.186142
143 0.292145
356 2.27762
317 1.43546
340 21.7505
327 25.2195
110 0.154892
261 0.578278
363 2.97079
177 0.343002
125 0.235435
262 0.58432
358 38.5657
333 1.83453
6 -1.11075
115 -0.310974
346 35.9186
187 0.300003
352 40.5634
313 1.38992
265 0.721191
136 -0.0926056
273 16.4839
329 24.6744
73 -0.258644
5 0.01513
284 0.83844
262 0.667511
156 -0.0043335
319 1.50058
42 -0.509705
216 0.335175
241 7.87865
288 18.4408
350 51.7405
116 -0.495117
97 -0.648376
98 0.105743
353 2.34845
15 0.0317411
160 0.215179
105 -0.324707
365 10.3203
147 0.0533142
289 0.812561
234 -6.24937
110 0.101357
118 0.269699
38 0.308056
354 2.31058
73 -0.258873
286 0.0067749
29 0.011013
134 -0.19696
346 25.6915
42 0.046814
353 44.3255
315 1.46603
360 2.4313
130 0.17099
158 0.306335
199 0.302582
320 1.61246
218 0.829651
40 -0.588783
160 0.418472
165 0.330139
145 0.0766907
251 0.693222
365 10.0011
141 0.23735
351 47.439
335 1.91138
61 -0.525074
348 2.3353
362 2.66534
314 1.4003
371 24.5734
232 0.464371
145 -0.314209
276 -5.32907
350 35.9745
49 -4.32623
310 1.17813
199 0.353973
212 0.197723
340 1.95282
125 0.140045
1 -0.0572319
265 0.71521
141 0.148483
150 0.212524
186 0.403778
161 0.136078
79 0.0585403
184 0.168243
131 0.178131
205 4.88896
29 -0.043417
184 0.475388
337 21.69
332 1.95801
370 -0.769043
53 -0.384834
353 34.4267
155 -0.0433807
260 -16.3695
125 0.234428
152 0.117401
186 0.366348
156 -0.00416565
338 2.07718
290 -1.81885
306 1.3194
350 19.227
234 -6.3367
98 -0.55162
156 0.0574646
350 2.29498
27 0.0342827
135 -0.0403595
14 -0.559048
140 0.143265
340 25.689
261 0.800323
101 0.116188
189 0.33847
203 0.385742
329 1.77661
231 1.76933
290 -4.45541
159 0.267578
232 0.533951
371 25.4464
358 38.9198
256 16.6264
177 0.138138
193 0.464828
197 -1.07651
156 -0.00389099
262 0.565125
331 24.1709
360 3.14407
212 0.458878
322 1.69638
5 -0.641293
45 0.208858
104 0.0448303
352 48.1588
264 -7.83038
193 0.288467
291 19.7557
46 -0.118198
331 24.2812
155 0.399872
109 0.063591
73 -0.258575
102 0.191704
112 0.181107
354 35.3264
349 49.6361
267 0.703583
24 -0.169195
189 0.203064
205 -1.31335
345 2.1131
193 0.464157
26 0.0850792
367 9.82443
202 0.209457
367 3.04843
125 0.134819
347 2.21176
98 0.103493
282 0.746704
269 0.704254
46 0.080761
325 23.3677
16 -0.0258532
340 1.95276
165 0.217041
71 -0.0443268
34 0.032383
30 -0.146616
352 2.45108
39 -0.119034
340 1.96033
245 0.621948
232 0.881424
215 -2.66577
365 10.1418
334 1.87878
218 0.29184
366 2.62881
261 0.591034
3 0.0726638
244 5.42511
342 1.81763
105 -0.118599
204 0.257706
352 51.0083
268 0.688416
264 0.704926
340 1.95282
286 -3.4971
6 0.094346
236 8.54871
331 22.4612
98 0.285362
98 0.123795
316 12.5179
213 0.290894
23 -0.96603
185 0.37236
139 0.306335
252 -7.13737
214 0.504745
93 0.268433
225 0.375381
184 0.475677
47 0.0977783
126 0.144424
367 21.722
195 0.335663
31 0.0103016
309 1.35815
62 -0.0962906
263 0.665283
324 1.44583
183 0.341888
241 -7.05681
284 0.78775
352 33.1624
227 4.95941
352 49.3899
132 0.324738
184 0.475281
355 23.8402
92 -0.610039
261 0.672028
138 0.092865
346 35.9763
308 1.44626
271 0.697113
265 0.621704
353 2.34854
313 -4.99774
283 9.9006
155 0.103516
344 2.08304
140 -0.023819
264 -12.24
73 -0.259331
121 0.131218
311 1.25018
143 0.28746
266 -11.2722
350 19.2333
348 48.3833
66 -0.119438
264 0.733276
145 0.353012
222 -3.68936
19 0.0125599
274 0.63269
253 0.648987
251 5.05292
366 2.75168
352 49.4314
103 -0.202049
135 -0.0165253
108 0.14003
91 0.18586
353 2.34839
282 1.09189
137 -0.0110626
221 -5.24367
116 0.294975
334 1.89215
119 0.126602
352 45.7391
101 0.102509
203 -1.18546
170 0.327927
324 1.72504
112 0.222847
129 0.204117
325 1.68188
272 14.42
150 0.212433
112 -0.150635
373 17.3034
349 49.6591
148 0.30304
308 1.40735
261 0.66156
362 2.42682
149 0.0037384
340 23.2458
129 0.206161
98 0.104889
18 -0.105663
157 0.377762
221 0.608337
145 0.229645
338 24.3716
261 0.582306
