248 4.07054
97 0.301636
253 5.0643
180 4.29167
147 0.272217
180 2.56474
48 0.149498
115 0.481529
45 0.331894
96 0.323578
58 -1.00266
205 -3.24895
76 0.269936
83 0.262619
48 0.145771
197 19.3802
113 0.435898
97 0.29985
9 -0.655994
17 -0.931963
266 4.21112
116 0.534637
184 0.728317
96 0.323586
82 0.32502
147 0.271667
76 0.269981
96 0.323624
116 0.532555
180 4.29149
69 -0.0427856
103 0.403557
205 -3.24774
96 0.28302
97 0.31884
48 0.14946
89 0.361687
9 -0.883391
200 2.96193
184 0.721695
255 5.15128
95 0.349106
87 0.324837
9 -0.866906
205 -3.24791
336 5.93469
93 -0.0216675
97 0.322227
117 0.535591
183 0.659805
202 1.88847
95 0.350151
97 0.321579
94 -0.63549
184 0.720795
86 0.341591
115 0.467148
31 -1.16023
58 -1.00143
212 0.962402
58 -1.00287
49 -0.223942
11 -0.590105
184 0.72879
193 0.755905
9 -0.652597
180 1.41853
191 0.745911
69 -0.0429077
137 0.295441
94 -0.633438
119 0.459564
14 -0.59457
201 0.908081
24 -0.966928
148 0.433456
95 0.350143
95 0.349724
93 -0.6175
95 0.349838
189 0.768051
188 0.684769
95 0.348137
95 0.350395
95 0.351143
147 0.272095
124 0.501625
47 -1.19251
123 0.481361
9 -0.652274
201 0.90712
103 0.403488
36 -0.583912
209 1.53619
183 0.659912
6 -0.337077
185 0.717651
212 0.962372
10 -0.904946
53 -1.04893
95 -0.640175
71 -0.748169
14 -0.410537
95 0.350281
49 -0.223515
115 0.145424
127 0.562279
180 1.4209
123 0.481766
93 -0.0257339
67 -0.183441
197 16.3714
93 -0.652191
82 0.297585
97 0.316925
123 0.481331
41 -0.473209
69 -0.0428925
187 0.78624
28 -0.814482
232 1.39116
184 0.729034
336 5.93451
18 -0.753765
311 4.30438
45 0.338604
162 0.455841
9 -0.970161
69 -0.0428009
71 -0.747108
187 0.895721
187 0.650253
122 0.526726
82 0.297546
94 -0.631813
206 0.93187
45 -0.227936
209 0.629257
45 0.338188
183 0.659607
45 0.338131
276 -21.612
123 0.480499
45 0.330185
189 0.768082
8 -0.444282
35 0.341251
189 0.768005
58 -1.0029
33 -0.5989
11 -0.696126
70 -0.884018
8 -0.969829
137 0.295563
2 -0.400829
45 0.338463
93 -0.679909
48 0.149883
205 0.923035
119 0.459488
126 0.256622
25 -0.360294
119 0.480095
13 -1.9689
45 0.338238
50 -0.911884
82 0.325714
31 -0.497723
189 0.766556
15 -0.805929
119 0.459
202 1.88364
188 0.686371
248 4.07076
106 0.422241
9 -0.652382
76 0.270187
14 -0.409896
202 1.88443
43 -0.493393
6 -0.735877
61 -0.952278
117 0.53627
323 5.02682
211 10.614
263 7.01077
194 1.09274
2 -0.398568
204 0.267044
93 -0.635551
211 10.6148
64 -0.116833
48 0.149387
82 0.324715
137 0.295639
49 -0.762989
5 -0.946662
123 0.480515
232 1.37158
189 0.812469
71 0.249695
196 0.924454
10 -0.906328
190 0.839844
77 0.239151
115 0.487503
33 -0.242908
24 -0.76568
11 -0.378238
103 0.403549
9 -0.971248
24 -0.967073
194 1.09196
45 0.331238
46 0.179554
96 0.324112
83 0.32029
190 0.839981
4 -1.33665
194 0.735474
45 0.338375
108 0.429634
11 -0.696145
196 0.924667
85 0.366592
123 0.481575
49 -0.223724
6 -0.681134
4 -2.13196
107 0.457924
184 0.719833
32 -0.796459
11 -0.696508
190 0.839905
184 0.720078
123 0.480331
70 0.028511
31 -1.16587
202 1.8869
189 0.767975
235 4.5999
30 0.142307
15 -0.350208
123 0.481163
4 -1.33612
116 0.246948
204 0.919357
16 -1.38817
8 -2.06874
9 -0.87622
123 0.481728
147 0.271698
48 0.00527191
64 0.0815201
77 0.239235
25 -0.392771
14 -0.410769
28 -0.815174
109 0.465263
58 -1.00285
28 -0.816008
202 0.917038
53 -1.04898
70 0.0285339
8 -2.06845
28 -0.815006
129 0.0979156
188 0.817017
130 0.434448
165 0.750183
1 -0.772437
43 -0.325066
196 0.924927
69 -0.0428543
188 0.685043
64 -0.992764
205 -3.24834
181 2.75232
5 -0.946779
194 1.09401
96 0.323433
276 -21.6195
92 -0.602638
31 -1.14046
37 -0.166824
312 4.38571
211 8.41208
35 -0.0899887
190 0.83989
189 0.750275
17 -0.932362
94 -0.63401
276 -21.6327
24 -1.72574
188 0.824783
113 0.404602
107 0.458405
25 -0.363003
126 0.270119
130 0.428436
235 1.45357
18 -1.75028
13 -0.887333
16 -0.920708
188 0.825043
30 -0.45709
84 0.369484
64 -0.988049
200 0.88089
88 0.243416
49 -0.2178
8 -0.968978
189 0.750214
48 0.00522232
262 1.93661
58 -1.00278
196 0.924957
6 -1.02592
205 -3.24812
169 0.683823
37 -0.400681
6 -0.728436
4 -0.609227
6 -1.18237
331 5.72656
18 -0.555826
15 -0.411123
117 0.535599
188 0.683014
64 0.0815125
172 0.624405
97 0.300331
69 -0.0427551
185 0.716934
169 0.683258
48 0.00434875
210 1.08722
4 -2.17288
41 -1.33364
123 0.480721
48 -0.200783
103 0.403481
47 -0.253292
42 0.000564575
11 -0.696592
4 -0.72774
41 -0.494579
249 -22.7143
122 0.524559
58 -1.00304
11 -0.374833
200 2.96001
8 -2.06872
6 -0.727904
28 -0.815039
94 -0.633141
251 -29.6262
28 -0.814672
210 1.08719
97 -0.67498
3 -1.22006
75 -0.734047
129 0.274139
9 -0.969836
10 -0.871391
21 -1.65138
210 1.08734
180 4.29152
28 -0.814665
6 -0.727868
75 -0.739182
169 0.691376
153 0.640762
14 -0.528183
11 -0.696337
6 -0.736612
9 -0.656394
33 -0.241669
27 -0.814877
11 -0.696085
41 -0.476406
123 0.481476
2 -0.720894
235 1.45354
10 -0.668633
43 -0.324715
167 0.540268
35 -0.869228
185 0.717651
27 -1.36036
211 1.00975
75 -0.739563
235 1.45355
190 19
235 1.45369
21 -0.928383
16 -0.589517
203 0.827789
189 0.750244
8 -2.06871
235 4.5997
120 0.541466
266 4.19876
15 -0.865988
9 -0.970293
23 -0.996498
70 0.0284882
190 19.0002
112 0.460419
173 0.629425
32 -1.52514
3 -1.21435
70 0.0284271
243 4.19542
141 0.514252
14 -0.410522
115 0.145531
38 -0.493488
103 0.403481
24 -0.96694
10 -0.386883
71 -0.864319
51 -0.103916
107 0.48687
14 -0.846684
189 0.815155
28 -0.814465
82 0.323898
8 -2.06862
87 0.136246
271 5.09183
150 0.650452
70 -0.882072
28 -0.814703
4 -1.33683
194 1.08505
188 0.81691
49 -0.373859
70 -0.887215
180 2.56439
249 -22.6721
213 1.14915
2 -0.756279
97 0.301079
165 0.750381
31 -1.15318
121 0.286591
79 0.0328598
32 -0.831825
61 -0.952293
6 -0.735628
96 0.0712891
95 0.350288
171 0.660645
33 -0.698807
202 1.88791
16 -1.90449
273 -26.8621
64 -0.992599
48 -0.195511
121 0.295952
53 -1.0493
9 -0.969431
83 0.344315
127 0.561958
30 -0.451788
11 -0.69635
22 -1.9626
168 0.59938
110 -0.00184631
39 -0.759209
30 -0.991308
62 -0.951164
189 0.768173
189 0.750168
14 -0.409986
11 -0.696729
328 6.08542
24 -0.967129
1 -0.644615
189 0.750198
184 0.730042
255 5.15129
79 0.0790176
312 4.38562
64 0.0816116
188 0.82608
32 -0.730518
33 -1.37374
276 -21.6329
57 -0.152576
121 0.296417
9 -0.656264
24 -0.940544
190 0.840042
2 -0.763687
19 -1.65057
224 3.71689
169 0.691055
150 0.650269
33 -0.241653
184 0.720764
61 -0.952244
70 0.0284805
210 1.08772
48 0.00445938
45 -0.403748
337 6.82477
33 -0.455452
190 0.840302
212 0.962128
255 5.15125
203 0.825668
214 1.14017
110 -0.00192261
28 -0.814388
121 0.296272
191 0.761887
119 0.458992
112 0.446785
131 0.521118
6 -0.845082
3 -1.21484
211 1.00983
123 0.480873
32 -1.45304
233 4.183
195 0.963226
117 0.265251
123 0.512329
28 -0.814074
64 -0.992729
72 -0.556824
79 -0.361778
83 0.306343
140 0.609802
67 -0.184845
86 0.146469
102 0.392174
94 -0.632027
188 0.823715
8 -2.05765
247 1.48027
110 -0.00195312
266 4.24149
123 0.48111
177 0.752396
211 0.904022
200 -20.9316
237 1.62614
46 -0.222969
171 0.675369
8 -2.0686
49 -0.265911
28 -1.6676
189 0.750763
24 -0.966745
8 -2.06864
4 -1.33674
115 0.14563
171 0.562515
9 -1.81242
235 4.60023
4 -1.33658
31 -1.15113
80 -0.199615
147 0.272263
53 -1.0515
189 0.750244
11 -0.696281
53 -1.04914
305 3.77399
199 0.877945
20 -0.842926
190 18.9986
187 0.7099
141 0.513336
169 0.690933
31 -1.14055
47 -0.155022
28 -0.814617
28 -1.40455
103 0.403519
197 19.3622
169 0.688232
61 -0.952187
336 5.93436
202 0.846497
196 0.924484
22 -0.859926
70 -0.879051
131 0.472229
276 -21.5921
197 0.896835
169 0.691452
364 7.95337
50 -0.0222206
195 0.959869
122 0.526619
264 -9.80032
293 3.40622
197 19.2599
72 -0.366837
252 4.69034
28 -1.40207
3 -0.946869
96 0.323067
276 -21.5689
43 -0.318493
48 0.00529861
224 1.29527
150 0.652115
271 5.09174
104 0.412392
8 -1.86047
306 3.91592
183 0.659607
64 -0.809059
247 1.52237
276 -21.627
121 0.287521
8 -2.06867
9 -0.655654
11 -0.696578
270 8.33472
235 4.60776
273 4.62286
53 -1.04543
57 -0.112358
25 -0.822334
243 4.19569
36 -0.523903
9 -0.969945
86 0.149803
6 -1.89096
28 -0.814381
61 -0.952217
11 -0.696334
145 0.59433
202 0.863693
165 0.750504
141 0.51329
336 5.93469
22 -0.850571
103 0.403526
3 -1.21879
75 -0.477211
188 0.82486
25 -0.362455
6 -0.728285
27 -0.931416
173 0.621521
9 -0.651904
82 0.324295
87 0.135887
70 -0.847694
26 -0.254757
33 -1.41706
147 0.271729
82 -0.219933
247 1.47409
111 0.409248
42 -1.02235
185 0.717209
2 -0.400934
245 1.76555
69 -0.0428925
32 -0.877615
188 0.824249
330 5.17343
33 -0.241699
6 -0.736895
64 -0.992748
6 -1.18224
5 -0.937022
38 -1.30895
7 -0.714939
11 -0.696505
115 0.486923
69 -0.642029
189 0.750229
205 1.2963
14 -0.520445
183 0.659546
5 -0.714188
126 0.270035
70 -0.884155
188 0.826462
55 -0.994854
25 -0.362026
4 -1.3366
3 -1.08863
219 1.13593
150 0.652023
97 0.278206
8 -2.06879
48 -0.195465
118 -0.126839
33 -0.242043
53 -1.04912
61 -0.952053
6 -0.727044
47 -1.1688
365 7.17157
172 0.691788
273 4.62204
188 0.682251
110 -0.00193024
27 -0.602608
37 -0.614544
276 -21.5917
172 0.638275
188 0.823364
134 0.173431
32 -1.28952
119 0.480194
147 0.634048
257 1.8031
31 -1.33946
94 -0.224968
43 -0.493488
83 0.326714
2 -2.86242
4 -1.33659
25 -0.362431
11 -1.85963
232 1.37262
171 0.58252
321 8.77368
190 0.83992
336 6.46765
141 0.515732
14 -0.409656
205 -3.24736
11 -0.552453
6 -0.728305
118 -0.127029
179 0.706924
165 0.777695
171 0.823807
37 -0.476009
28 -0.534061
345 6.77527
145 0.594681
26 -1.4968
28 -0.736053
24 -0.966686
117 0.265266
150 0.652145
27 -0.868036
135 0.524307
117 0.265137
15 -0.846413
53 -1.05155
1 -1.08496
20 -1.6798
61 -0.952137
11 -0.696291
11 -0.695975
189 0.768036
22 -0.752335
345 6.81805
173 1.01418
54 -0.459156
188 0.682266
341 7.46585
191 0.745514
6 -1.18546
1 -0.68888
170 0.64093
264 -9.80022
313 4.52429
141 0.515594
71 -0.74823
145 0.594269
66 -0.799622
28 -0.282602
7 -0.383251
335 6.26657
199 0.842621
29 -1.3797
169 0.641037
14 -0.410733
150 0.652161
313 4.54611
211 10.6141
52 0.0641899
6 -0.735997
82 -0.598969
116 0.246933
5 -0.94685
70 -0.88356
298 3.78894
19 -0.833431
235 4.07651
194 0.809402
119 0.479958
155 0.600784
67 -0.184769
28 -0.711681
300 3.70221
29 -0.780426
184 0.723007
158 0.382782
47 -1.20475
312 4.38568
169 0.691483
20 -1.70633
346 6.78397
151 0.580795
262 1.93744
210 1.08713
312 4.36377
4 -0.854559
83 -0.0962753
68 -0.888443
238 1.66516
147 0.623306
35 -0.480686
27 -1.57611
42 -1.19974
70 0.0284882
364 7.95291
326 5.6636
167 0.539963
196 0.924469
11 -0.696077
16 -0.865263
243 4.19609
49 -0.374615
8 -2.06828
43 -0.352932
8 -1.85964
92 0.124779
126 0.270088
49 -1.0974
53 -1.04144
322 5.31635
90 0.347267
313 4.53387
308 3.94507
235 1.50156
34 -1.37417
23 -0.803936
22 -0.862286
175 0.724319
145 0.592987
44 -1.30468
9 -0.892394
28 -0.814194
32 -0.796452
243 4.19583
21 -1.6834
85 0.0705109
312 4.38623
48 0.00492096
180 1.42403
34 -1.37492
34 -1.37473
185 0.717056
209 1.12479
168 0.621353
37 -1.27685
264 -9.7964
243 4.19527
130 0.095108
190 0.840164
364 7.95319
311 4.30435
16 -0.895026
72 -0.983116
138 0.314117
9 -0.655615
43 -0.494686
3 -2.87331
34 -1.375
112 0.282784
365 7.12015
266 4.2402
127 0.56205
70 -0.883972
7 -2.34176
8 -1.80937
145 0.594299
85 -0.0381622
347 6.87115
27 -1.45282
94 -0.632301
43 -0.324841
8 -1.86285
201 1.21986
34 -0.789345
313 4.53391
75 -0.739822
6 -1.93779
4 -1.33576
7 -2.34684
6 -0.728273
42 -0.514297
237 1.5719
43 -0.493622
24 -0.966805
53 -1.0476
40 -0.46022
31 -1.42448
248 4.07076
336 6.49133
372 7.65396
31 -1.08496
312 4.38623
347 6.71814
14 -0.409671
155 0.580719
70 -0.887215
246 1.40358
17 -0.934998
147 0.533371
152 0.602341
24 -0.70171
27 -1.36093
8 -0.968938
191 1.04483
185 0.7164
81 -0.154594
36 -0.268578
243 4.19565
190 0.840149
167 0.540115
75 -0.740013
56 -0.363907
222 0.671967
28 -0.815477
110 -0.00184631
93 0.334465
211 1.00981
13 -1.95359
281 3.13516
92 0.0892105
6 -0.336906
129 0.609375
235 1.45358
29 -1.38026
238 1.66525
221 1.20251
207 0.632431
272 2.2435
69 -0.0427856
336 6.1701
14 -1.97527
43 -0.493282
103 0.245811
177 0.669495
53 -1.04906
140 0.60968
18 -0.60994
314 4.85342
14 -0.410476
298 3.82492
7 -2.33272
206 -10.1893
28 -0.754986
222 0.67186
90 0.143112
89 0.183746
138 0.314407
180 14.2874
18 -0.837084
7 -0.798709
70 -0.884056
326 5.64655
216 1.1008
210 1.14844
2 -0.401835
294 3.36258
149 0.632675
273 2.08725
238 1.6651
32 -0.796633
100 0.348671
47 -0.255432
45 -0.387482
51 -0.550755
302 3.84464
48 -0.195644
11 -0.869157
24 -0.967058
28 -1.36468
173 0.634567
318 4.95197
22 -0.733746
288 3.08127
173 0.742767
6 -1.909
340 6.90805
293 3.4061
26 -0.0229988
161 0.619308
243 4.19603
336 5.93597
93 -0.0265656
20 -1.53594
8 -1.18429
203 1.06761
153 0.714233
70 -0.843185
92 -0.117348
172 0.631821
271 10.2662
185 0.716797
56 -0.991432
125 0.577576
5 -1.82271
347 6.71695
38 -1.24454
8 -1.80924
297 3.62714
130 0.385986
223 1.28503
140 0.610306
253 5.06436
330 5.15784
53 -0.539757
293 3.40622
143 0.585663
6 -0.73543
53 -0.178883
92 0.118393
18 -0.837576
53 -1.04933
243 4.19514
359 7.91196
86 -0.439102
34 -1.37506
151 0.594315
27 -1.36104
59 -0.801155
75 -0.735565
87 0.135696
60 -0.7896
47 -0.0801086
347 6.33652
109 -1.0614
31 -1.14157
17 -0.932266
141 0.51474
364 7.95383
230 1.39188
204 0.850861
171 26.8727
366 7.73367
107 0.322853
91 0.322639
28 -0.815388
171 0.605057
324 5.41644
91 -0.0466461
293 3.4064
20 -1.68744
204 0.821548
75 -0.760513
262 1.94235
209 5.80287
300 3.68042
336 11.9503
19 -1.65073
321 8.77621
197 0.786209
43 -0.764709
34 -1.37429
140 0.611237
245 1.92116
246 1.40355
176 0.597565
67 -1.11375
21 -1.64072
46 -0.75919
97 0.324791
346 6.78418
70 -0.887299
363 7.75171
19 -0.659712
125 0.532928
235 4.6075
293 3.4079
49 -0.223553
7 -2.33411
41 -0.905254
20 -1.65261
48 -0.763676
321 8.77365
364 7.95276
33 -1.38114
317 4.85001
18 -1.84348
14 -0.396771
1 -0.775811
6 -0.336982
79 -1.10406
22 -0.599644
105 0.0848694
201 1.21927
53 -1.04172
46 -0.28006
271 7.85318
171 26.8484
173 1.01425
319 6.54095
121 0.285477
6 -0.735837
31 -1.33991
12 -0.699105
173 0.728882
364 7.95215
165 0.750458
227 4.1033
64 0.0816422
6 -0.386271
70 -0.883606
321 8.7742
245 4.84392
165 0.750473
133 0.5495
257 2.16611
121 0.285759
11 -1.91163
44 -0.763905
295 3.80292
89 0.138725
360 7.88477
243 4.19559
20 -1.65692
23 -0.828667
189 0.768005
16 -0.894763
31 -1.16076
174 0.725159
372 7.79404
32 -1.52571
6 -1.94322
147 0.271652
3 -2.11401
53 -0.435268
158 0.690399
183 0.659744
24 -0.967175
111 0.375
201 1.21976
53 -1.04533
22 -1.64135
11 -0.592907
319 6.55457
321 8.80725
21 -1.46565
153 0.574326
223 4.11758
360 7.88486
248 5.22548
14 -0.410479
18 -0.837469
28 -0.0103397
3 -1.20264
146 0.496216
293 3.40622
173 1.01413
246 1.40364
237 1.62592
45 -0.08675
349 7.13281
336 5.93433
331 6.01181
22 -0.858576
295 3.39584
31 -1.10102
75 -0.7351
12 -0.667593
127 0.389626
342 6.7724
127 0.577484
43 -0.731583
88 0.243599
361 7.79819
42 -0.184769
166 0.641754
4 -1.96464
137 0.702896
336 6.49191
336 5.93591
249 1.86914
14 -1.90904
331 5.64005
21 -1.68634
42 -0.542168
37 -1.40643
169 0.683716
118 0.180153
311 4.30444
369 7.72781
346 6.96371
21 -1.64071
26 -1.41968
145 0.593475
253 5.05164
230 1.56917
53 -1.05257
319 6.54175
357 7.62796
2 -1.81889
339 6.34116
10 -0.990279
16 -0.894167
170 0.585663
13 -1.85208
337 5.96542
116 0.246902
202 0.860611
170 0.5952
31 -0.556229
19 -1.81638
262 1.94232
361 7.76962
176 0.597672
176 0.609344
199 0.817902
207 7.14412
211 10.6145
53 -1.04945
194 0.769516
276 2.54166
341 7.66766
206 1.13234
283 2.74689
8 -1.79455
210 1.11519
46 -0.249382
321 6.24121
2 -0.389588
9 -0.655264
92 -0.117195
97 0.445892
313 4.54602
331 5.73801
350 6.87054
264 -9.79839
322 5.31696
271 7.72293
9 -0.639538
249 1.87144
58 -0.904343
48 -1.15244
152 0.641739
53 -1.05196
29 -0.835712
359 7.91199
11 -1.91271
366 7.73312
121 0.285446
299 3.68915
356 7.88153
64 -0.992603
18 -0.812437
237 1.57135
48 0.00394058
64 -0.991077
22 -0.773468
19 -0.777878
103 0.403526
4 -1.33687
16 -0.690451
168 0.669754
46 -1.16018
239 3.44542
345 6.77551
24 -0.756241
233 108.137
366 7.69327
94 0.369392
9 -1.26917
364 7.95395
269 2.16342
312 4.3645
360 7.89047
336 6.45566
145 0.59343
111 0.351295
336 6.17105
352 7.38504
346 6.78409
330 6.69342
320 9.67026
46 -0.249329
331 5.74051
70 -0.887421
117 0.343697
117 0.265083
367 7.95084
310 6.04401
364 7.94724
332 5.69864
309 4.27133
214 1.14008
205 1.29848
371 7.62012
167 0.540207
206 -10.1895
139 0.566483
273 2.08728
175 0.729172
248 4.7238
201 2.15288
67 -0.961334
4 -1.33676
168 0.822784
12 -1.10707
364 8.01764
237 1.62595
365 7.12408
237 1.57205
243 4.1954
8 -1.7942
21 -1.64076
14 -0.409548
147 0.271667
92 0.124924
18 -1.47804
365 8.45547
364 7.95288
16 -0.89123
333 5.98825
17 -0.76107
47 -0.25528
321 8.80804
26 -0.643257
72 -0.433388
331 6.52487
183 0.659775
364 7.95853
20 -0.766949
326 5.28244
329 5.67087
8 -1.18426
333 5.99124
197 22.3675
345 6.77554
272 10.1454
364 8.8331
153 0.520874
38 -0.478031
232 4.33195
370 8.60782
28 -1.39949
171 26.8501
35 -0.81105
35 -0.698601
127 0.562019
6 -1.90726
204 1.11453
167 0.620667
364 7.9856
168 0.822388
328 5.75467
9 -0.656632
111 0.286591
211 1.00975
24 -0.92757
237 1.45728
36 -0.460884
21 -0.874222
364 7.95322
119 0.373734
215 1.11134
29 -0.450047
20 -0.902115
268 2.2309
368 7.73657
19 -0.928566
71 -0.747025
301 3.95395
212 0.962219
355 7.62378
299 3.88623
6 -1.90761
312 4.36377
189 1.76421
2 -0.400899
361 7.97629
140 0.61087
133 0.549896
346 6.78415
169 0.629349
46 -1.19067
312 4.38562
365 7.11978
34 -1.37497
48 0.00418854
253 5.06462
354 7.55435
364 7.9577
285 2.97516
38 -1.24944
41 -0.756897
169 1.59615
110 -0.00211334
23 -0.745567
325 5.43042
83 0.262352
54 -1.00137
153 0.520065
333 5.98874
140 0.474274
56 -0.927769
364 7.95255
12 -1.09847
365 7.17047
313 4.53412
126 0.270287
49 -0.55904
62 -0.931557
93 -0.0259476
110 -0.00187683
13 -0.372673
367 7.52887
312 4.36432
351 7.4754
147 0.60556
326 5.56918
314 4.63712
62 -0.92408
33 -0.77729
341 7.47147
273 2.08713
308 4.25385
367 8.84515
24 -0.80858
330 6.1651
140 0.610764
303 3.94797
328 5.75989
34 -1.37518
243 4.19595
6 -0.736359
142 0.573242
363 7.71808
262 1.93658
246 1.46613
95 0.404518
306 4.23163
320 5.53452
319 6.23508
198 1.30304
327 5.34567
40 -1.13986
32 -0.796572
175 0.738434
162 0.662918
211 1.14697
18 -1.75158
224 1.53146
151 0.575958
17 -0.864103
318 5.2796
48 0.00441742
12 -0.408248
16 -0.834141
336 5.93427
348 6.99277
17 -0.837042
130 0.435379
273 4.62286
336 6.51013
262 1.94193
106 0.0526123
59 -0.771008
29 -0.800657
8 -1.00367
347 7.10464
182 0.687469
346 6.78403
43 -0.828823
171 26.8484
85 -0.040596
20 -0.520195
370 7.87674
41 -0.904999
280 2.64716
75 -0.813629
26 -1.52903
295 6.55316
33 -0.463112
365 8.45425
118 0.178833
132 0.544571
123 0.481224
34 -1.37507
201 1.21907
337 6.17377
22 -0.68902
45 -0.885258
319 6.53076
230 -46.9989
336 11.9433
366 7.65677
117 0.16877
32 -0.412493
285 3.69101
308 4.32422
45 -1.22044
131 0.360626
6 -0.735481
346 6.74158
12 -1.0501
266 4.24536
183 0.659607
9 -1.26936
155 0.610168
146 0.492401
57 -0.135494
4 -1.33575
319 6.23517
359 7.72559
365 8.4324
320 4.64362
196 0.890839
366 7.73267
8 -2.06874
232 1.39131
322 6.14481
206 1.06062
364 7.95456
11 -0.696161
205 1.27225
368 8.75812
186 0.332672
108 0.45507
133 0.505341
367 8.6228
126 0.270119
152 0.615692
10 -1.29932
319 5.6109
342 12.9301
169 44.9117
365 8.04132
321 8.80685
92 -0.116997
366 7.69656
21 -0.70681
222 0.67189
33 -0.291237
18 -0.774845
27 -1.36113
32 -0.625912
257 2.16693
163 0.530975
326 5.569
349 7.25934
246 2.23094
4 -1.9648
353 7.40097
364 7.95599
22 -0.853039
273 4.62244
169 44.8338
338 5.78943
165 0.75032
141 0.513458
197 19.3606
196 1.28314
347 7.19034
169 0.734222
211 1.00983
64 -0.992523
44 -1.29234
11 -1.89274
312 4.38568
22 -0.85918
336 11.9459
196 0.924911
228 1.48328
35 -0.259064
1 -0.915391
341 7.68408
241 5.02536
364 7.94318
243 4.19539
232 1.39142
356 7.88004
16 -0.894234
196 1.65778
357 7.73734
6 -1.00907
344 8.35995
224 -6.30896
58 -1.00307
225 4.10031
9 -0.873414
235 4.60663
56 -1.1796
276 -21.616
196 0.891022
372 7.71188
200 1.31377
328 5.75528
364 7.95331
328 5.55679
200 3.06973
364 7.94308
302 3.8446
42 -0.964874
354 8.07932
329 5.965
230 1.55272
253 5.06467
85 0.132591
2 -0.715872
87 0.135895
364 7.95206
321 8.80478
186 0.641068
231 4.03842
190 19
130 0.385849
21 -1.68765
256 1.74673
321 8.80676
19 -1.6508
9 -0.941046
364 7.95401
310 6.88428
171 0.625504
342 6.48553
24 -0.615513
331 5.74005
266 4.24948
140 0.610306
319 6.23505
104 0.431358
102 0.406502
13 -1.03731
341 7.6398
4 -0.810154
173 1.01515
8 -2.06834
354 7.48663
357 7.80212
335 10.1714
276 2.54172
358 7.82462
112 0.281631
316 4.58014
32 -0.796482
21 -0.903378
168 0.82251
364 7.98938
24 -0.768259
364 7.95432
341 7.46017
346 6.78418
312 4.3862
168 0.713715
141 0.514633
291 0.712524
108 0.323311
121 0.295509
14 -0.64551
201 1.21936
319 5.57169
167 0.539902
183 0.659668
92 0.124779
230 -46.9416
365 7.77567
224 1.53157
276 2.54187
8 -1.74661
201 -23.95
208 0.948395
312 4.36386
166 0.682632
134 0.527924
6 -1.90756
8 -0.863626
353 7.57526
115 0.145508
150 0.652039
12 -2.10462
84 0.149292
275 -147.41
253 5.06456
46 -1.21631
322 5.31638
228 1.37022
251 -29.6293
343 6.92352
196 0.924973
15 -0.355831
228 1.37477
206 -10.1895
24 -0.677847
311 4.30447
335 10.4663
30 -1.62835
364 7.95328
327 5.43549
211 1.11456
34 -1.37398
306 3.84033
103 0.403442
64 -0.993328
336 11.9485
243 4.1956
23 -0.893572
320 9.67004
58 -1.00277
114 0.494652
132 0.430511
345 6.31314
343 6.48434
368 8.69736
274 6.48294
312 4.26443
1 -0.658099
338 13.2538
9 -1.19931
351 7.34769
260 2.36786
32 -0.796488
243 4.19559
34 -1.37476
24 -1.5622
27 -1.3611
165 0.75058
123 0.482719
289 3.09714
206 -10.1893
357 7.90146
227 4.12392
360 7.48007
31 -1.33908
25 -0.3412
293 3.65948
152 0.599808
301 4.10321
310 6.75497
49 -0.909328
359 7.91992
334 5.6615
321 8.79156
168 0.599136
32 -0.664904
131 0.4841
232 4.49298
210 1.08904
218 1.09106
18 -1.75161
311 4.3045
9 -1.26918
243 4.19551
53 -1.05092
19 -1.65058
125 0.331413
33 -1.53593
111 0.251144
224 1.53142
21 -1.6943
135 0.557037
167 0.61113
11 -1.91031
190 1.03261
245 4.87006
349 6.88815
230 4.1404
27 -1.36115
170 53.7631
91 0.12265
5 -0.707938
110 -0.00189972
359 7.90717
200 2.92538
7 -2.40138
18 -0.940296
358 7.84906
145 0.593384
276 2.54181
13 -1.03717
316 4.74576
320 9.66312
318 4.95105
334 6.21335
161 0.641739
29 -1.4445
328 5.46375
319 6.23538
140 0.609985
310 4.37424
348 7.04541
40 -0.796604
46 -0.759453
37 -1.39091
304 4.17084
368 8.56747
351 7.43369
348 6.85223
273 4.62305
350 7.25262
245 2.00604
191 23.7281
73 -0.981216
322 5.3175
314 4.47113
365 8.4122
357 7.7117
304 4.04755
336 6.44913
357 7.80142
371 9.30051
364 7.95422
275 2.90973
320 9.67316
251 -29.6367
333 5.98886
190 19
85 -0.0398331
371 25.0851
333 5.75446
64 0.0814819
345 6.77551
209 -38.4316
142 0.551086
218 1.22528
64 -0.992771
42 -0.247002
166 0.722977
318 4.94785
295 3.56204
19 -1.65076
109 0.427979
251 2.21661
218 1.22879
203 1.06564
328 5.76807
27 -1.47875
177 0.74791
32 -1.52441
48 0.00415802
29 -1.36621
309 4.2363
92 0.122467
155 0.599747
47 -0.255795
14 -1.90615
314 4.49228
11 -0.696409
118 0.178825
189 1.01497
355 6.89865
18 -1.75141
94 -0.630608
367 7.58115
274 2.89578
30 -0.674667
232 1.39171
202 0.906815
10 -0.397599
336 6.52002
302 3.94073
50 -0.913277
319 6.5351
355 7.42072
8 -1.80935
364 7.95752
298 3.91559
359 7.90884
302 4.14441
4 -1.95686
326 5.57172
164 0.545532
335 9.99274
112 0.281578
326 5.64673
350 7.13
371 8.4975
195 0.963165
3 -2.17533
27 -1.36119
364 7.95401
345 6.81818
350 7.24036
331 5.74084
168 0.599609
11 -1.90996
51 -0.885796
24 -1.43143
365 7.12085
122 -0.137199
224 1.53146
163 0.685471
27 -1.36083
134 0.540924
126 0.577354
257 1.8031
173 1.01927
336 5.73987
64 -0.1166
190 18.9993
348 7.13782
327 10.1676
303 4.15302
46 -0.0423317
317 4.40353
343 6.82297
366 7.70447
345 6.77502
211 10.615
22 -0.85133
8 -2.06872
53 -1.0451
146 0.495911
6 -1.94211
366 7.72946
339 9.82199
9 -1.26974
243 4.19557
158 0.709137
276 2.54153
372 7.79578
48 -0.899044
312 4.57242
302 4.15152
350 7.15784
319 6.11725
319 6.54184
245 4.74991
319 6.54089
197 0.840759
168 0.598648
351 7.46594
149 0.367996
158 0.570724
290 -8.54599
168 0.822968
171 0.882584
42 -0.54657
275 2.90939
219 1.10701
331 6.10437
115 0.145569
333 5.98825
190 0.840149
10 -0.90572
237 1.57185
16 -1.89021
9 -1.26905
206 1.11557
338 11.5325
303 4.052
167 0.636353
247 5.32591
173 1.01862
190 0.839584
195 1.14903
140 0.60527
243 4.82932
47 -1.18564
340 6.52319
368 7.69159
342 6.77063
137 0.295761
231 0.786407
53 -1.02717
16 -0.605934
243 4.19543
303 4.13831
320 9.66254
312 4.57825
20 -0.317179
13 -1.03708
133 0.577362
317 9.41473
39 -1.29371
349 7.25742
53 -1.05155
354 7.56552
108 0.32254
321 4.63034
293 3.65305
60 -0.954895
312 3.83939
34 -1.37473
141 0.513626
273 2.08691
314 3.96548
2 -1.55844
237 1.57124
312 4.36511
370 7.97006
26 -0.811714
30 -0.387831
308 4.30188
276 2.54175
251 -29.5742
162 0.636597
274 -1.5094
97 0.32122
313 4.54611
228 1.52513
24 -0.320616
6 -1.03429
321 10.0653
146 0.312653
99 0.232971
299 3.94098
125 0.532852
166 0.604599
227 4.84932
264 -9.80011
339 12.6853
367 7.5307
341 7.64734
311 8.81485
271 5.09183
22 -0.858324
206 -10.1891
53 -1.04927
264 -9.80128
305 3.8222
346 6.78406
209 -38.4316
32 -0.796436
159 0.562424
320 9.67456
57 -0.993626
306 4.58441
370 8.74164
167 0.540237
75 -0.740082
58 -1.00296
9 -1.26954
28 -1.39973
39 -0.855087
24 -1.58394
329 5.66959
261 2.42471
334 10.0972
14 -1.97457
154 0.629257
306 4.5303
22 -0.853209
334 5.79834
124 0.427101
153 0.591492
287 3.05576
164 0.604919
363 7.7637
345 6.77484
251 2.21764
5 -0.94442
323 5.47238
111 0.10424
11 -0.934878
231 4.18915
372 7.74487
319 5.51807
256 2.13104
14 -0.40993
20 -1.69195
172 0.712173
364 7.9545
332 5.72177
302 3.84467
255 1.64981
320 9.74176
245 4.84328
243 4.19574
11 -1.12436
150 0.652054
82 -0.525116
318 5.27335
187 0.895737
48 0.00410461
194 2.14763
17 -0.93203
369 8.61755
198 7.37256
22 -0.852072
31 -0.735004
153 0.520004
302 3.8447
172 0.743622
192 22.1646
144 0.288025
332 5.70844
32 -0.877878
351 7.18549
290 2.97275
183 0.659775
27 -0.602356
353 7.55417
319 4.51648
358 7.52634
253 5.06464
320 9.66306
345 6.77499
360 7.94125
369 9.0134
319 5.95279
145 0.518814
142 0.507767
360 8.04904
4 -1.96466
133 0.550537
44 -0.718113
262 1.93802
176 0.634796
9 -1.26917
249 1.85532
245 4.71332
166 0.616226
348 7.16736
197 19.2937
145 0.593567
318 5.27344
44 -0.730087
358 7.85745
133 0.604233
307 4.34192
162 0.660629
52 -1.08317
112 0.452049
321 8.80725
365 7.12305
37 -1.45965
305 4.06406
287 3.30707
47 -1.18266
356 7.87308
300 3.90027
367 7.53003
145 0.491806
35 -0.484184
24 -1.40977
135 0.158478
368 7.67459
230 -46.9669
210 1.14908
321 8.80621
129 0.557465
68 -0.658096
3 -2.01502
232 1.37054
218 1.24789
159 0.602982
71 -0.74794
366 8.80728
146 0.455612
232 1.37111
339 6.1951
6 -0.949238
15 -0.851601
42 -0.725143
307 3.91263
305 4.15463
364 8.78214
297 3.37485
2 -2.38972
336 11.9295
364 8.35748
341 7.65787
340 12.6725
229 1.33417
252 4.69034
365 8.53952
361 7.7395
16 -0.893908
183 0.659378
35 -1.58603
70 0.0285263
2 -2.30288
344 8.17471
148 0.60231
249 1.82669
17 -1.77786
289 5.28464
189 27.1703
328 5.7536
317 4.62952
46 -1.32145
39 -1.35212
19 -0.672066
365 7.82626
205 -3.24802
6 -1.90881
348 7.16357
61 -0.932285
173 1.01912
329 5.67053
168 0.822495
20 -1.50214
365 8.50446
137 0.296021
360 7.89572
321 4.80957
149 0.368561
187 0.786545
74 -0.934128
35 -0.727341
372 9.2775
322 5.31638
26 -1.40113
46 -0.249405
8 -0.938022
309 7.62341
308 4.57623
196 20.0812
336 11.9186
59 -0.899445
9 -0.921244
215 3.09213
142 0.549622
194 20.3992
328 5.88177
347 7.46988
321 8.80545
318 5.27338
164 0.672318
180 2.56462
4 -1.33742
351 6.7482
8 -1.80953
311 5.24585
344 6.98682
328 10.9297
92 0.124992
300 4.02069
371 8.44104
289 3.81531
302 3.84467
42 -0.546085
20 -0.727541
320 5.53491
150 0.610077
190 18.9976
331 5.72638
31 -0.260559
48 0.00413132
350 7.2326
31 -1.55379
336 11.921
194 2.81766
320 5.55615
213 3.08308
43 -0.737846
19 -1.65071
180 1.80844
196 1.0612
322 5.31625
367 7.53
322 5.31601
204 15.464
28 -1.40168
190 1.04535
321 8.8114
140 0.610474
336 11.9767
329 5.67038
2 -1.39789
293 3.25424
337 5.9285
336 6.48911
118 0.178841
314 5.4617
169 0.68689
365 8.37039
143 0.291367
173 1.0193
261 -3.09659
359 7.91888
172 0.7798
321 8.80487
310 3.94455
9 -0.960257
307 4.6152
302 3.84467
350 7.32648
157 0.641373
321 8.77411
289 3.09726
358 7.72607
128 0.512146
174 0.786972
160 0.678299
165 0.750214
79 -0.731888
337 6.82468
29 -1.38
51 -1.12519
22 -0.859596
349 7.22678
90 0.0702744
291 0.712189
357 7.80438
295 3.59335
308 7.62823
350 7.29944
203 0.867706
61 -0.991737
373 7.55789
3 -0.60479
198 1.05824
271 5.09192
128 0.232422
364 8.83383
12 -1.11288
177 0.965393
294 3.38559
19 -0.824087
320 9.74814
151 0.720718
341 6.40891
251 1.92725
312 4.36389
341 7.47763
350 7.27542
159 0.622498
201 1.21727
260 -3.90674
8 -1.8092
354 7.54224
209 1.06656
33 -1.61032
11 -1.89248
275 -147.542
328 5.6246
335 6.54965
71 -0.746902
201 1.2186
277 2.55423
193 0.981979
149 0.63118
10 -1.02285
310 4.61752
180 4.29141
364 8.79065
312 4.85471
96 0.378159
158 0.606796
321 8.77768
312 4.38623
22 -0.862562
336 11.9819
194 20.5382
362 8.25912
264 -9.80075
306 4.18433
70 -0.883804
297 3.65775
363 8.00336
319 6.23514
33 -1.44708
309 7.3808
169 0.735794
27 -0.860802
155 0.617859
277 2.55426
350 7.42896
67 0.153053
348 7.11179
85 -0.0383453
360 7.88422
366 7.73257
333 5.79849
22 -0.757317
249 -22.7175
337 6.13809
141 0.515259
361 7.69968
36 -1.6018
362 8.11368
337 6.06012
349 7.06866
269 2.3121
334 5.82843
301 3.86932
90 0.14093
253 5.06453
366 7.95123
336 6.1701
291 3.19394
168 0.70842
40 -0.778614
338 12.5919
320 9.7493
201 1.21649
322 5.31635
46 -0.249298
225 1.4006
307 4.27267
367 7.52911
221 1.27495
350 7.24731
350 7.24048
152 0.671921
225 1.36452
247 1.83598
211 1.14734
125 0.532608
333 5.98868
185 0.716644
318 5.27332
39 -1.19751
187 0.786606
324 5.00415
303 3.98337
352 7.51526
16 -0.891172
157 0.584534
167 16.1669
42 -0.734486
22 -1.68878
198 0.859589
108 0.322708
2 -1.56398
290 -8.224
12 -1.81218
331 5.63992
315 4.4563
302 4.13095
130 0.435257
130 0.386902
360 8.0376
130 0.386536
11 -0.696257
300 3.63525
17 -0.929823
358 7.74554
122 0.526764
359 7.91873
334 5.923
291 3.23413
111 0.267731
364 7.95306
322 5.31641
301 4.12622
315 5.38107
239 4.39639
235 4.59981
322 5.31714
179 0.721466
4 -1.33644
311 5.30814
29 -0.549381
161 0.671875
235 1.45361
326 5.63461
197 7.9438
289 3.06714
310 4.39059
186 -3.7888
58 -1.00228
45 -0.668388
313 4.53403
319 4.49277
170 0.717575
290 -21.2647
343 6.47809
253 2.05605
337 12.4503
7 -2.44818
178 0.723953
169 44.8129
312 4.36377
160 0.686462
271 5.09213
305 4.15848
40 -1.37849
162 0.61792
190 -0.965271
234 6.11148
116 0.247139
176 0.619293
275 2.93701
349 6.88831
8 -2.09589
11 -0.69615
289 3.81552
365 8.1568
319 6.54483
9 -0.874804
23 -0.827946
333 5.99133
323 5.20004
249 1.77794
111 0.329849
320 5.5354
304 3.72424
151 0.677704
210 1.14867
313 4.53375
347 6.63901
359 7.92593
306 6.61902
342 6.43314
263 7.01089
9 -0.747126
32 -0.796513
321 4.80978
364 8.83377
197 19.3475
357 7.72528
257 2.2262
38 -0.659859
176 0.639069
270 9.0863
352 7.55087
31 -0.428421
347 5.25381
19 -1.65063
312 4.38583
372 8.19513
160 0.69104
38 -1.29818
77 0.239357
204 3.35814
232 1.39162
318 4.94763
112 0.346588
348 6.85251
290 5.18942
16 -0.87166
37 -1.58201
247 5.32243
336 6.46207
353 7.46918
126 0.270164
127 0.48793
349 6.88849
317 4.87997
360 8.03149
9 -1.26951
298 3.71359
338 12.5628
138 0.492477
199 0.868042
11 -1.91062
337 12.5015
185 3.22318
118 -0.126701
156 0.644928
188 0.752426
115 0.148415
313 4.52612
92 -0.117134
257 2.16586
9 -1.26972
311 4.30438
220 0.729553
292 5.53775
266 4.20862
247 1.53197
254 1.49452
311 5.9335
145 0.593384
302 3.91476
25 -0.810627
235 1.70987
210 1.14865
253 1.65927
330 5.90988
313 4.85782
169 0.735535
286 3.23486
46 -1.25105
290 -8.82703
209 -37.8652
201 1.21895
357 7.95892
28 -1.56257
352 7.33856
106 0.275002
313 4.54596
322 5.22409
310 3.94473
276 2.98572
8 -1.19801
357 7.81339
247 5.3261
350 7.25577
49 -1.11003
155 0.601974
164 0.618469
97 0.288986
346 7.08414
295 3.59424
365 8.46304
313 4.54614
49 -1.19866
365 8.46024
270 9.08591
145 0.677536
321 8.81113
15 -1.91048
194 20.8467
26 -0.893873
276 2.85974
313 5.20197
238 3.25023
305 4.17239
365 8.51529
331 5.6416
370 8.38742
352 7.47787
3 -0.949449
133 0.524139
26 -0.692955
359 7.75552
205 0.841125
174 0.897903
76 -0.0588608
306 4.56778
352 7.56607
350 7.2785
346 6.78473
320 9.74881
29 -0.693186
163 0.608643
107 0.104668
6 -2.39272
371 7.89304
6 -1.94323
169 0.683426
329 5.65765
247 5.30548
160 0.659668
347 6.8739
64 -0.993114
94 0.370331
32 -0.7966
324 5.54657
150 0.6521
139 0.606705
228 1.40019
46 -0.209488
362 8.1908
289 3.09723
18 -0.173843
359 7.81546
330 5.7944
289 3.41763
359 7.92682
54 -0.841347
328 5.94043
347 6.7464
237 3.50342
22 -0.859758
368 8.14145
349 6.88858
308 6.55389
219 1.28065
168 0.8228
290 2.99713
248 4.07088
211 0.987
168 0.822327
59 -0.979069
127 0.562111
145 0.593506
248 4.07076
28 -1.40249
225 1.33054
235 1.45355
28 -0.726124
370 8.55301
352 7.00839
292 3.22562
117 0.265129
322 4.69632
312 5.05423
204 3.34221
320 4.5625
92 0.125061
289 3.09723
235 1.45354
320 5.54446
322 5.31635
305 3.88321
25 -1.55132
349 6.98184
146 0.554718
128 0.534149
330 5.6358
169 0.680939
156 0.650543
364 8.83344
348 6.98486
211 6.44926
12 -1.55837
308 4.62405
289 3.35889
39 -0.792397
365 8.45352
369 8.84753
315 4.57486
94 0.266655
18 -1.44632
310 4.92426
54 -0.841969
343 6.51849
255 2.02393
158 0.586609
226 1.40422
364 8.83356
195 0.963135
351 7.2973
361 8.1969
331 5.7948
364 7.95425
264 -9.80136
245 -49.4132
318 5.27332
168 0.598999
353 7.67026
14 -0.907419
24 -0.681604
363 8.66251
360 8.02463
103 0.247742
302 3.84467
6 -1.94293
251 2.21631
224 -6.29103
318 4.94839
165 0.673294
333 5.98828
371 7.86661
16 -0.888799
109 0.413116
320 5.52463
306 4.29703
252 5.22009
115 0.468117
206 1.14548
22 -0.752808
165 0.652145
316 4.64975
306 4.56317
249 1.83298
28 -0.787613
160 0.6418
312 4.38559
9 -1.26913
169 0.684616
357 8.00684
317 4.87997
354 7.34558
334 5.97125
27 -0.556852
356 7.88016
315 5.1344
364 8.35168
313 4.89658
178 0.748871
308 4.68286
316 4.43893
92 -0.117165
313 4.54611
313 4.54596
244 1.71017
175 0.72345
367 8.07132
38 -1.24302
319 6.53412
167 0.728333
355 7.50754
219 -9.60353
349 6.88864
11 -1.90165
199 1.89946
170 53.783
8 -1.19785
162 0.645767
249 1.83302
167 0.539917
304 4.18408
312 4.57346
113 0.305252
34 -0.710068
2 -2.42384
169 44.8331
180 4.29155
134 0.54808
289 3.1553
110 -0.00195312
103 0.403481
85 -0.129799
325 5.43558
21 -0.760782
350 6.97321
195 18.9908
154 0.611816
218 1.22403
365 8.45456
289 3.09717
274 2.89587
134 0.5289
317 5.12775
347 6.89389
329 5.65634
128 0.354477
315 4.36249
211 1.1472
257 2.1658
253 1.66023
312 4.84122
340 6.21899
50 -1.12532
41 -0.741837
275 2.90265
372 7.65237
253 1.90466
185 1.05333
145 0.592728
298 4.00754
51 -1.12499
347 7.37848
251 5.29602
22 -0.853302
328 6.08536
273 6.57529
112 0.282921
22 -0.896381
187 31.3275
138 0.598984
64 -0.992821
149 0.662323
282 3.02228
228 1.49754
244 1.68959
363 7.77631
361 8.04401
5 -0.937534
305 4.16495
331 5.74069
68 -0.264587
326 5.64645
110 0.445679
318 4.51868
167 0.620743
251 2.22067
293 3.63925
340 11.1982
345 6.77557
309 4.70755
247 5.32089
275 -147.421
264 -9.80034
225 1.34886
363 7.93921
275 2.90289
125 0.532883
22 -1.62271
71 -0.747215
309 4.66617
341 11.7523
222 1.1158
55 -0.981159
3 -1.04772
364 7.78275
309 4.25772
136 0.66333
266 4.21265
336 6.16989
1 -2.1151
168 0.822357
11 -1.0937
318 4.8728
207 1.14662
18 -1.75111
326 5.30725
191 1.02887
245 1.74893
322 5.31689
312 4.36377
312 4.57281
163 0.588791
362 7.98669
232 1.37022
346 7.08429
301 4.08862
24 -0.772409
63 -0.56699
323 5.40085
192 19.9172
319 9.73779
360 7.91901
322 5.31644
187 0.786591
320 9.66995
310 7.08646
151 0.722031
143 0.613953
274 -162.312
312 4.75214
315 5.15775
275 -147.549
352 7.46835
273 6.57446
277 1.32202
48 0.00442505
197 19.7562
46 -0.561329
264 -9.79993
356 7.87454
316 4.52817
305 4.16269
331 5.62424
136 0.646774
309 4.30688
347 7.09497
69 -0.818695
123 0.482628
224 1.53157
373 8.90237
148 0.625336
322 5.31747
289 3.41699
300 3.91489
22 -0.851416
136 0.696213
92 0.159737
348 6.85236
372 8.87335
310 3.81696
206 -10.1867
333 5.73672
364 8.79211
257 1.80402
158 0.714218
126 0.0610352
357 7.73935
232 1.37106
313 4.86835
266 4.20493
20 -0.797506
351 7.41901
57 -0.993591
312 4.38568
130 0.385681
293 3.22089
313 4.77322
271 5.09174
16 -0.89168
168 0.599411
296 3.75391
348 6.98413
306 6.86694
13 -1.85109
210 1.08725
337 6.14752
159 0.619278
124 0.549377
327 5.69885
164 0.678909
168 0.612671
49 -0.223942
311 4.90598
40 -0.809044
356 7.87143
370 8.25894
297 3.69427
182 1.66106
306 5.34387
188 0.81778
151 0.605988
294 3.76562
130 0.386795
214 -1.01985
320 5.4147
270 5.11871
338 13.1404
352 7.55466
256 2.01068
359 7.93173
169 44.8293
300 4.03088
204 3.35786
249 1.83209
152 0.662231
289 3.0975
271 5.09186
352 7.56131
368 8.13943
76 0.12236
350 7.24127
297 3.82269
20 -0.879028
49 -0.439816
322 5.31622
320 9.668
239 -91.6834
7 -1.94234
330 5.66324
372 8.10355
314 4.29883
370 7.74249
362 7.63358
305 3.88342
372 8.29163
304 4.51306
348 7.06241
148 0.433563
199 1.15042
160 0.369202
12 -1.05016
199 0.794113
3 -1.02714
342 8.96771
360 7.62277
369 7.992
333 5.98889
337 6.70938
276 1.03687
314 5.03357
103 0.104141
370 7.94385
252 2.05353
329 5.50327
360 8.28458
294 3.61246
351 7.34451
273 2.08719
292 3.53116
30 -0.852018
237 1.62604
31 -0.983307
246 2.10614
40 -0.691315
249 1.83211
345 6.77573
336 10.5547
78 -0.124069
293 3.72794
161 0.678894
312 4.38531
312 5.1348
328 6.08566
6 -2.2099
44 -0.640659
14 -1.63175
328 5.67477
357 7.70148
130 0.38562
220 0.74202
12 -0.997873
118 0.179352
323 5.52585
333 5.99075
18 -0.906469
309 4.79855
7 -2.39591
52 -0.735424
103 0.425034
94 -0.630966
72 0.321915
359 7.94467
172 0.760635
2 -1.93329
29 -0.852959
232 1.39148
49 -1.13657
223 1.26321
257 4.28149
251 2.21883
113 0.143982
34 -1.51227
311 4.80807
320 5.47986
211 1.14713
329 5.67151
2 -1.02098
368 8.14148
9 -1.1757
106 0.160629
167 0.540222
276 2.92395
278 45.5626
246 0.55722
350 7.46094
44 -0.563438
312 4.38562
130 0.435272
368 8.14114
290 3.16568
357 7.34366
316 4.612
17 -0.812502
32 -1.52625
240 2.40471
286 2.93237
197 19.3915
368 8.14282
352 7.54184
305 4.18225
346 6.78418
123 0.539894
289 3.0972
368 7.81845
348 7.19043
329 7.52039
311 3.84982
171 26.85
229 5.05124
211 10.6167
312 4.5885
313 3.87698
326 5.56897
47 -1.22997
316 4.51355
246 1.49466
307 7.18439
307 4.61551
248 2.37003
16 -0.891607
348 6.85248
333 5.90512
263 2.01312
253 1.59459
170 53.7699
8 -1.07508
255 2.366
245 2.00607
5 -0.933062
337 6.25876
352 7.38309
135 0.608215
330 5.53143
48 0.00450516
370 7.71457
311 4.76233
180 4.29126
270 9.08658
43 -0.293171
266 4.19821
187 0.786667
223 1.28189
6 -1.9466
130 0.434433
302 3.97137
126 0.543526
309 4.2511
372 7.80875
24 -0.913147
253 -3.84404
317 4.85855
372 8.65125
12 -0.89388
331 5.85345
338 6.37781
301 4.27945
335 6.77213
329 5.45483
118 0.180061
160 0.687408
163 0.626083
209 0.96312
18 -0.837259
290 3.36212
90 0.264122
282 3.11142
332 5.69952
168 0.823654
146 0.491867
317 4.47537
365 7.73322
9 -1.26918
347 7.11066
307 7.2522
249 1.78412
341 7.7229
372 7.83047
322 5.1076
77 0.23938
368 7.70486
9 -1.02607
325 5.73679
45 -1.20124
227 1.46268
365 7.17044
169 0.733398
247 1.53346
138 0.507004
302 3.84467
365 7.12091
274 -162.391
309 4.70108
248 1.85699
273 2.08734
307 4.29971
273 6.57275
140 0.609863
53 -1.04927
345 7.03503
336 5.93628
359 7.6004
354 7.5466
146 0.668442
59 -0.186153
32 -0.796412
218 -9.76698
14 -2.00954
248 2.37982
257 2.1214
36 -0.461998
277 2.55441
314 4.89243
316 4.59747
47 -0.254963
71 -0.746941
273 2.08707
277 2.93735
341 6.35873
286 3.34637
274 2.89539
46 -0.608147
205 -3.24799
335 6.03787
333 5.99091
232 1.37129
357 7.78595
316 4.97012
119 0.181526
17 -0.932083
302 4.14178
238 2.22893
41 -1.39367
232 1.39128
165 0.750443
354 7.51575
284 3.17795
118 0.447838
210 1.14876
62 -0.0279236
184 12.9946
65 -1.06432
158 0.627472
189 -1.47914
274 -162.639
160 0.702301
312 4.75998
92 0.125046
140 0.610458
348 6.85233
37 -0.614525
4 -2.24452
248 1.79361
291 3.56943
160 0.4366
288 3.58643
337 6.17715
333 5.78519
318 4.94748
336 6.17084
354 7.47525
279 3.04282
91 0.254082
356 7.87521
266 1.84753
280 2.80347
360 7.88733
341 6.44382
221 1.18993
369 8.29306
42 -0.642326
276 -21.6229
199 1.05003
312 4.58835
9 -1.17514
365 8.07983
22 -0.851624
275 2.90912
239 1.03879
318 5.27322
275 2.90915
214 -3.39505
94 0.101044
341 7.46661
245 4.84412
273 2.08734
195 19.4025
38 -0.838699
236 1.48781
210 1.14822
326 5.56918
232 1.39124
351 7.55487
160 0.686325
153 0.570541
248 4.07086
19 -1.62531
272 -25.8598
364 8.32809
6 -0.988445
369 7.98535
217 1.26848
314 5.0257
297 3.81744
3 -0.986756
277 2.94446
356 7.94821
348 6.85233
347 6.86969
308 6.56992
336 6.13394
21 -0.593185
32 -0.880411
92 -0.116867
18 -1.83344
140 0.610687
303 4.02481
97 0.0653229
112 0.282738
310 3.80167
297 3.82291
321 8.80478
194 1.09178
275 2.85632
359 7.78085
25 -0.361296
357 7.78366
24 -1.39949
136 0.176422
361 8.06894
180 1.42172
316 4.44626
252 1.52641
229 4.08197
360 8.00281
352 7.25027
357 7.72586
298 3.97876
155 0.556671
273 2.73312
323 5.48972
4 -1.04966
364 7.63986
130 0.386551
368 8.31378
45 -0.722752
352 7.25055
105 0.0674133
6 -1.03532
78 0.0674515
165 0.750443
210 1.08739
149 0.582123
168 0.598648
7 -1.7822
334 5.7948
365 7.16998
249 -1.38835
41 -0.682003
309 4.51086
331 6.14575
370 7.97623
318 5.27252
212 0.889221
85 -0.0381165
348 6.85236
224 -6.30356
43 -0.533344
275 2.9093
37 -0.614502
364 8.83414
220 3.88957
6 -0.727805
326 5.64676
9 -1.16296
320 5.5264
5 -0.946904
119 0.459846
247 1.75659
320 9.6698
210 1.14833
121 0.213776
296 3.55179
326 5.64639
300 3.98666
275 2.90936
216 1.22577
285 3.00363
350 6.96262
218 1.19156
210 1.11838
340 9.79645
334 6.31543
217 1.26811
256 2.08374
218 4.33107
218 -1.08107
271 10.2698
305 4.21341
314 4.39896
190 19
342 6.50519
185 0.716904
149 0.66185
348 6.85214
57 -0.559151
183 -3.49432
173 1.01439
12 -1.85743
251 -0.444229
109 0.247238
250 1.97165
319 4.55753
116 0.249466
248 4.07068
252 1.49492
365 8.0899
112 0.282753
77 0.239265
365 8.45209
292 3.5101
360 7.98529
104 0.0769196
136 0.7966
349 6.88831
324 5.38574
304 4.16995
203 1.10109
327 5.66068
363 8.14734
371 8.10297
211 1.14877
335 5.82196
8 -1.85922
302 3.84451
275 -147.118
61 -0.184227
150 0.578964
162 0.604187
312 5.112
364 8.83115
8 -2.05724
373 8.29935
334 6.13547
42 -1.16865
52 -0.500481
208 1.04483
254 2.28012
360 7.68277
103 0.403435
284 3.22525
337 6.17755
62 -0.483761
348 6.85233
152 0.573441
141 0.513351
264 -9.80049
359 7.92053
370 8.77573
150 0.353806
348 6.85223
157 0.703171
249 1.92801
356 7.94769
210 1.1487
309 4.80557
257 8.76468
348 7.23083
231 3.89944
315 5.20135
183 0.659698
208 1.04362
305 4.53412
224 -6.28738
275 -146.807
275 2.90228
3 -1.0541
282 44.5202
270 2.91745
352 7.84561
312 5.0332
207 1.3532
168 0.599747
206 -10.1878
349 6.9375
343 8.3826
302 3.8446
340 6.26639
164 0.66275
276 -21.6209
208 1.04401
243 4.19557
313 4.54611
368 8.14059
366 7.86841
4 -1.96519
323 5.57471
244 1.72157
277 2.8848
28 -1.44076
34 -0.721115
21 -1.51963
11 -1.00942
144 0.391785
30 -0.456938
334 6.6825
291 3.41516
153 0.608902
327 5.94208
21 -1.6482
257 2.16669
324 5.6311
291 3.08905
254 1.57152
345 6.77554
37 -0.407639
210 0.92186
314 5.02625
94 0.369324
168 0.598709
357 7.76776
275 2.90701
141 0.573868
254 2.15503
319 5.51678
191 25.1787
249 1.95068
313 4.54779
140 0.537277
203 1.04044
320 4.96832
64 -0.541122
314 4.85349
364 7.77844
226 1.49228
7 -2.40031
348 6.60782
208 1.04459
366 8.11267
249 1.83214
357 7.8204
317 5.36539
300 4.21661
311 4.30441
249 1.83189
266 4.23529
130 -0.0976868
29 -1.37992
286 3.23337
292 3.55283
319 4.55255
319 5.25858
343 6.79529
251 2.01433
115 0.487564
364 8.39105
251 2.21643
118 0.180206
347 6.71741
308 3.88449
289 3.60382
364 7.94424
49 -0.243793
205 1.27354
9 -0.986012
271 10.2678
270 9.08969
322 5.31708
311 4.81097
138 0.354797
2 -1.55843
280 -7.89139
208 1.06219
371 8.62332
338 6.21136
235 4.60765
351 6.71863
372 8.39987
312 5.09424
80 -0.0284805
313 4.88211
275 2.90292
315 5.18423
210 0.973923
275 -147.286
274 -154.452
302 4.20377
248 9.85281
355 7.43842
360 8.04553
289 -160.11
352 7.56659
329 5.62701
370 7.99475
1 -2.6476
289 3.1593
311 4.30438
228 0.793961
37 -0.919991
170 0.564362
310 4.63254
290 3.63788
27 -0.368666
307 4.56525
283 2.73218
310 4.83362
355 7.78714
218 1.25688
7 -2.33381
336 6.03134
317 4.96762
279 2.97293
340 6.63739
335 6.72003
126 0.455215
328 6.08517
246 2.1062
252 3.11053
7 -2.34183
345 6.77557
300 4.06079
306 6.45004
316 5.00052
140 0.499954
249 10.3023
326 5.64673
277 -318.775
336 6.521
336 6.17053
157 0.608704
97 0.322311
17 -0.672363
295 3.63931
188 0.456512
333 5.99088
39 -0.252213
157 0.59375
247 5.31297
355 7.91238
293 3.56232
359 7.50153
278 3.1524
273 4.62222
25 -0.360889
261 2.43207
312 4.57468
29 -1.05721
257 1.80362
80 -0.071907
326 5.64651
273 2.08704
15 -0.981585
316 4.64346
36 -0.777126
28 -1.64078
168 0.598373
209 1.08899
127 0.562111
252 -5.34499
245 2.00623
153 0.573517
171 26.8749
121 0.21405
329 5.78705
273 4.62277
211 10.616
347 7.10941
248 5.15733
319 4.32324
326 5.64661
324 5.38101
371 8.13168
69 -1.34438
331 5.72665
151 0.587143
92 -0.116943
249 -4.35663
307 4.65335
311 4.4899
236 1.49635
19 -1.75003
245 1.63817
356 7.78677
255 5.15134
266 4.21024
253 1.66013
320 9.67526
362 7.776
118 0.180367
350 7.24075
310 4.82526
313 4.534
20 -0.845352
25 -0.6992
110 -0.00191498
8 -0.939583
2 -1.55787
146 0.492325
325 5.24023
247 1.84384
196 19.8252
255 2.15134
291 6.06708
289 3.09717
211 1.00981
372 8.27728
315 5.17651
336 6.17093
350 7.70551
345 8.04929
137 0.601013
249 1.95079
271 5.09195
275 -147.39
346 6.68564
336 6.00055
312 3.81165
365 8.45493
17 -1.8658
275 5.34113
25 -0.361174
359 7.77353
249 2.15862
135 0.600922
82 0.113297
263 7.0108
358 7.9299
138 0.44809
301 5.71808
331 5.69458
170 53.7682
168 0.705124
247 5.32108
8 -1.86038
255 1.66406
254 2.11481
335 5.91077
40 -0.933022
362 7.71506
315 4.36844
371 7.96255
32 -0.796644
311 3.91489
298 3.82349
95 0.349907
254 1.57074
278 3.02191
251 1.99181
196 0.891068
6 -2.67738
289 3.09735
317 5.1062
360 8.15402
326 5.64645
312 4.38623
260 1.73779
228 0.804672
243 1.53925
40 -0.658001
296 3.79874
337 6.82492
262 2.15564
319 6.52853
294 3.23621
312 5.13986
57 -0.552826
335 8.60147
156 0.648865
314 4.5524
361 7.94412
372 7.96219
153 0.574783
115 0.145866
307 4.49603
337 8.91547
130 0.43483
27 -0.800074
19 -1.8162
33 -0.627811
208 1.04497
184 -1.08574
289 3.40402
337 12.2149
153 0.520966
189 1.17307
286 3.2655
72 -0.184921
328 6.08536
320 5.54889
156 0.631317
8 -2.11896
276 2.93152
275 2.90933
294 3.59229
85 -0.241707
275 2.91873
254 1.99689
346 7.03238
208 1.04478
266 4.2041
134 0.540085
130 0.385666
313 4.86996
9 -1.17648
71 -0.430939
232 1.383
327 5.94147
359 8.76288
306 5.59717
202 0.41748
274 -162.666
137 0.296005
293 3.30301
257 5.2934
303 4.43713
253 2.25163
354 7.47052
156 0.660141
274 2.89578
289 3.4173
147 0.589844
38 -1.27089
138 0.314041
338 6.53162
310 3.78284
347 6.89874
54 -0.691677
237 1.60016
210 1.14836
361 7.88242
260 1.7377
139 0.661423
274 2.89575
283 3.16364
309 4.36694
289 3.24191
215 3.5437
344 6.39111
7 -1.0375
169 0.686874
17 -0.932545
36 -0.824326
167 0.614014
293 3.71848
335 8.99307
320 5.409
289 3.0972
290 3.44406
116 0.247108
171 0.448776
273 2.08728
346 7.18182
95 0.163795
33 -0.80043
318 4.94507
10 -1.09639
293 3.7197
289 3.40201
5 -0.978149
339 6.36713
340 9.00534
346 7.02206
16 -0.88447
320 4.57065
31 -1.57769
306 6.90616
222 1.18468
293 3.64056
203 0.885147
326 5.5704
6 -1.93056
322 5.31616
31 -1.33923
233 0.860321
287 3.1907
40 -1.25723
17 -0.84016
334 6.6409
322 5.31726
313 4.54608
311 4.46127
274 -153.915
369 7.33221
40 0.333397
356 7.87213
350 7.38593
151 0.580658
194 1.0396
266 2.64899
136 0.28656
355 7.91248
32 -1.5259
299 4.11288
271 2.53839
25 -1.44247
249 0.455994
36 -0.126427
319 4.49625
248 1.93309
337 5.8924
8 -1.80961
363 7.79626
333 5.98862
298 3.88574
217 8.28636
353 7.63159
204 13.0276
367 8.17908
328 5.76495
317 5.17316
329 5.59531
361 7.7991
180 4.29155
213 2.91986
70 0.0285339
310 4.83194
135 0.598724
263 2.5325
349 6.88293
365 7.17075
149 0.581085
336 5.77057
296 8.54501
296 3.85651
312 4.57156
336 6.52106
289 3.34109
13 -0.645639
366 7.74686
204 1.32594
180 4.29103
292 3.24533
263 13.4576
359 8.76898
350 7.19147
369 7.97659
357 7.63171
366 7.85928
343 6.8363
356 7.94791
51 -1.15294
247 1.76558
296 3.86856
222 5.38443
7 -2.33589
217 1.24884
356 7.76529
309 7.20712
346 7.08453
205 -1.41553
267 1.9057
285 102.512
311 4.30447
197 19.3618
273 2.68811
351 7.50372
355 7.84155
169 0.729462
328 5.7659
281 2.68564
108 0.205704
9 -1.02134
333 5.87439
153 0.572327
336 6.65012
153 0.466629
325 10.0824
259 5.95166
286 3.30026
221 1.26688
11 -1.89292
236 11.9817
249 2.36716
294 3.75928
209 -37.6807
248 1.82489
274 2.89551
113 0.443954
239 -26.2574
153 0.572266
305 4.79938
276 2.92899
278 3.02432
282 3.08264
38 -1.56613
171 0.780014
336 6.51996
348 6.85236
261 2.33936
230 1.4155
305 4.15958
176 0.833252
275 2.89471
212 2.01424
313 4.59824
356 7.94791
146 0.491531
245 1.68346
126 0.269981
59 -0.0883179
184 0.728592
290 5.75201
227 1.49854
140 0.610275
343 6.7442
235 1.52582
145 0.593475
336 6.17142
235 1.54288
278 3.16183
289 3.37402
295 6.85706
253 -5.71327
332 5.85333
342 10.2792
330 5.504
166 0.638672
309 4.6918
117 0.195457
300 4.12424
94 0.370422
289 3.18405
220 3.04845
92 0.124886
40 -1.35639
171 0.786316
252 5.18619
268 2.4476
313 5.18027
154 0.621964
198 0.427811
180 1.4207
156 0.624634
222 0.672699
91 -0.509781
251 1.42755
280 4.883
336 6.1709
309 4.71976
152 0.573044
87 0.135803
223 1.31331
294 3.42389
358 7.56827
261 2.43137
367 8.24185
137 0.584503
324 4.74396
316 5.18213
37 -0.407894
97 0.254021
317 5.36566
134 0.583557
348 6.8522
320 5.27185
27 -1.36035
220 1.26329
9 -2.11282
62 -0.290543
282 3.06259
300 4.18854
224 3.38455
210 1.11757
149 0.368317
225 1.49304
279 2.689
331 6.14587
200 1.42809
145 0.594208
338 6.40781
234 6.11099
161 0.627197
311 3.79297
42 -0.462051
30 -0.785742
24 -1.44214
34 -0.673157
24 -0.856995
352 7.49857
372 8.31778
353 7.37585
355 7.94168
112 0.283157
208 1.04364
40 -0.652832
368 8.1413
334 5.89648
335 6.52771
19 -1.80541
290 2.93762
180 1.42239
300 4.40854
149 0.63121
217 3.90805
64 0.081604
295 3.72012
321 9.96698
284 3.30609
289 3.4079
90 0.140747
51 -1.1461
149 0.368195
319 4.84818
342 6.7879
69 -0.76387
333 5.87082
257 2.12268
35 -0.713375
4 -1.05374
6 -1.94481
264 2.34317
39 -1.32375
301 4.13693
62 -0.518574
312 4.86014
8 -1.18415
296 3.51944
180 1.41678
125 0.532829
331 6.14566
249 -1.39137
22 -1.65174
255 1.6636
213 3.694
358 7.78391
71 -0.747009
119 0.38269
156 0.651855
65 -0.486664
204 3.35872
257 2.16641
158 0.66684
225 1.39975
247 5.32576
365 8.41602
314 5.04495
287 3.53812
289 3.40631
265 2.33743
246 0.836517
351 6.67731
300 4.13004
64 0.081337
10 -2.17114
312 4.5726
297 3.96814
112 0.284859
157 0.630478
140 0.587158
263 2.53214
217 1.26805
355 7.73477
349 7.18442
225 1.39903
318 5.27948
365 20.0078
300 4.12405
287 -327.436
345 7.43958
33 -0.242905
356 7.94803
337 6.82495
306 4.4068
40 -0.42281
230 1.36992
346 7.0845
246 1.40347
301 4.26535
237 1.62604
345 6.77551
370 7.88889
308 6.91562
364 7.75681
328 6.08566
64 0.0819092
167 16.2895
221 1.31467
255 1.69998
154 0.583771
202 1.03946
67 -0.212364
306 4.54053
49 -0.614693
284 3.27527
274 2.92816
343 7.23282
199 1.56924
361 7.698
278 3.15463
125 0.532852
138 0.314651
336 6.10074
352 7.60818
290 4.08701
291 2.97491
208 1.04483
115 0.301834
164 0.559418
361 7.6763
331 6.14563
361 8.03232
316 4.82028
246 1.50287
249 1.43115
365 8.4563
328 6.08545
153 0.641144
247 5.32051
253 -1.24823
3 -2.31533
210 1.149
168 0.823959
349 6.88879
273 4.62286
167 0.492447
361 7.7334
133 0.578979
222 3.85971
217 3.90694
218 1.22359
43 -0.331745
351 7.79315
274 -154.227
73 -0.187485
24 -0.702717
362 8.12875
289 3.42255
273 2.08707
345 6.8728
277 2.55417
305 3.88309
107 0.244965
249 2.36716
115 0.301857
137 0.726288
239 1.67435
355 7.91617
206 -10.188
352 7.32199
205 1.29608
147 0.634232
287 3.04404
274 2.89584
319 6.11475
293 3.71622
293 3.71884
285 4.15387
371 8.48395
270 5.02536
331 6.14566
336 6.29184
126 0.270081
261 2.34857
337 6.23495
232 1.37138
365 7.17072
9 -1.16054
356 7.90561
136 0.198883
150 0.6521
17 -0.932499
249 1.82761
27 -0.556126
330 5.6236
27 -1.36087
244 2.07239
252 1.84666
184 1.47144
215 3.21817
169 0.680435
177 0.689621
208 1.32927
202 1.88446
265 2.34222
372 7.72925
278 3.02182
208 1.04471
356 7.8808
363 8.0571
340 6.72144
169 0.684479
311 4.30441
310 4.44714
347 7.1098
316 5.19656
356 7.88818
151 0.610306
20 -1.70843
340 8.67444
355 7.42813
128 0.312485
222 5.39728
149 0.346252
222 1.49052
8 -0.904622
326 5.57404
195 0.959702
356 7.87152
4 -3.28964
303 4.35284
291 3.66028
8 -2.09953
274 2.89645
274 2.85205
198 13.8742
289 3.41724
314 4.92938
160 0.641373
356 7.46698
34 -0.55722
372 13.7673
252 4.68864
269 2.38266
237 1.62553
257 5.30359
229 5.41495
295 3.39197
130 0.428421
117 0.168564
244 1.75826
39 -0.782051
64 0.0816803
304 3.78714
264 1.57556
100 -0.860992
54 -0.339642
293 3.71899
8 -1.02062
257 2.16595
352 7.56058
37 -0.245628
359 7.76288
158 0.407654
346 6.78473
217 1.22763
247 4.59425
22 -0.852896
196 0.8909
308 4.59604
349 7.4502
208 1.04381
264 2.53275
13 -0.872598
357 7.4046
58 -1.00252
311 4.86139
310 3.92682
332 12.8504
276 2.9711
273 2.08716
344 6.29269
277 2.6785
360 8.02008
354 7.47449
47 -0.918827
196 0.924606
351 7.2009
344 6.92047
344 6.86987
361 7.67996
270 2.34149
254 1.57042
213 1.14935
351 7.26517
307 4.31653
208 1.34311
243 4.54401
308 4.31018
274 2.89554
365 9.12222
288 3.02591
58 -1.00256
257 2.16681
371 8.77991
257 1.80319
211 1.11623
13 -1.03681
361 7.33371
296 3.80106
369 8.06894
282 64.9576
369 8.55521
18 -1.75176
293 3.72116
301 4.28604
249 2.15562
12 -1.05116
364 8.79083
291 3.5387
37 -0.808128
293 3.71979
249 1.94958
204 3.35971
337 6.0491
326 5.51917
274 2.89575
273 -242.49
316 4.42276
28 -1.59343
369 7.7294
290 3.17023
281 3.13541
306 4.58099
19 -1.74988
169 0.68074
367 9.90421
69 -0.257996
370 8.24548
235 2.0032
321 4.81
306 5.03244
316 4.84952
293 3.64191
313 4.55032
219 1.30893
6 -1.83537
204 1.01244
280 6.28528
336 6.48218
223 1.35368
121 0.213844
180 1.45235
318 5.27344
195 0.963181
198 0.742752
13 -0.881322
249 1.99602
235 1.45361
61 -0.211773
292 3.77451
320 5.40225
316 4.94073
227 1.39748
169 0.729996
126 0.270088
196 0.890961
122 0.167763
143 0.559021
173 1.01866
96 0.324066
345 6.87994
346 7.12839
176 0.841537
317 4.48526
285 1.60861
124 0.519669
333 5.98865
274 -21.8115
232 1.39125
137 0.151413
22 -0.523693
259 2.39767
371 8.47781
284 3.13004
360 8.04504
46 -0.553864
169 0.681152
340 6.7146
293 3.71915
294 9.08594
321 4.46582
251 1.85432
253 -25.7477
231 1.45403
61 -0.212215
205 1.27339
300 4.19986
70 -0.135864
299 4.34314
151 0.639816
275 5.34625
94 0.370209
275 2.91379
61 -0.212177
250 2.04024
37 -0.398998
355 7.91592
288 3.43384
290 -8.6145
141 0.514801
235 1.45357
111 0.402382
3 -1.14873
121 0.213852
298 3.96466
211 10.6168
291 3.62256
258 1.77527
322 5.31647
335 5.58932
178 0.611298
262 2.55811
247 5.31491
115 0.176353
305 4.15234
248 4.07092
288 3.3425
70 -0.17511
363 7.96268
1 -1.09021
277 7.1756
277 2.55426
300 4.12399
353 7.32153
274 2.87027
289 3.41736
300 4.43039
67 -0.21389
247 1.76839
352 7.84583
348 7.73471
40 0.333607
235 1.45363
309 7.31628
171 16.1193
290 6.00336
257 1.75574
97 0.299759
255 2.05957
328 5.90964
324 4.7355
253 1.96695
337 5.95334
221 3.97394
67 -0.212547
245 2.0694
326 5.85562
153 0.573181
34 -0.349388
233 1.40639
223 1.25526
275 -147.116
275 2.90976
211 10.6165
310 4.83932
292 3.80658
26 -0.239697
275 2.94238
252 -3.40897
304 4.53027
111 0.462845
302 4.46793
290 3.35919
336 6.42422
9 -2.03117
305 4.42459
319 4.78549
256 1.58472
359 7.94412
177 0.850052
301 4.28922
329 5.67358
320 4.44067
335 5.90897
274 2.89615
321 4.66449
282 3.24435
208 1.04431
196 0.847137
137 0.587555
61 -0.0767097
258 2.06546
80 -0.153084
43 -0.630096
262 2.24185
273 2.84927
84 -0.412415
371 8.55704
250 2.50493
361 8.05603
174 0.706192
239 1.03871
67 -0.212158
327 5.94305
252 -3.92917
149 0.368134
257 2.12537
217 -16.1323
134 0.57019
277 2.55429
208 1.0434
18 -0.975946
247 1.49452
278 3.02194
208 1.04489
258 2.20297
274 -162.643
286 2.98419
364 7.7518
15 -1.86756
169 0.554291
246 2.35747
287 2.77383
157 0.581772
290 3.62604
253 2.55644
277 2.93564
127 0.56189
315 4.86105
215 1.42117
28 -1.40304
336 6.51984
215 1.42159
208 1.04384
22 -0.858521
132 0.565765
267 2.68964
346 6.69556
8 -2.19436
291 6.06512
319 5.36514
364 8.13754
154 0.585754
153 0.520874
209 -37.7066
180 1.4175
354 8.08203
275 2.98682
367 17.9402
4 -3.28911
107 0.234322
26 -0.817497
308 4.52911
197 19.3759
369 8.418
316 4.34003
364 21.2465
339 6.19415
270 4.97726
363 8.31647
298 3.7514
356 7.73569
275 2.90939
77 0.239227
265 2.4227
31 -0.856373
364 8.53696
188 2.16505
338 6.14224
328 6.0856
333 5.91544
69 -0.215546
56 -0.141861
276 2.95786
342 6.73294
326 5.57056
308 4.59436
289 3.09714
291 0.712006
125 -0.050209
5 -2.21323
277 2.55417
331 6.01245
150 0.541168
83 -0.0784836
295 3.92786
246 1.40398
30 -0.790331
356 7.94812
4 -1.96476
223 4.10869
54 -0.841389
354 8.08218
285 2.87262
353 7.71768
245 2.00613
270 4.66888
