156 -0.300247
156 -0.303421
98 -0.939316
179 -0.13295
101 -0.90097
58 6.25716
101 -0.900993
123 -0.401932
156 -0.302277
112 -0.476868
150 -0.484192
58 6.25706
128 -0.274506
118 -0.340683
53 -2.72805
4 9.72751
61 -1.19378
156 -0.300476
58 -1.11212
7 -1.61202
101 -0.901001
117 -0.38903
60 -1.18338
98 -0.939018
171 0.00628662
98 -0.937897
66 -1.12354
176 -0.141159
60 -1.18331
111 -0.619926
156 -0.302628
98 -0.918655
3 9.8531
91 -0.994545
112 -0.476921
179 -0.129761
4 9.72705
128 -0.274384
178 -0.139267
98 -0.937172
101 -0.901039
103 -0.859352
179 -0.129395
98 -0.937088
128 -0.274765
58 6.25702
112 -0.428139
61 -1.19358
78 -0.373039
4 9.72706
117 -0.387642
112 -0.477142
170 0.0166779
101 -0.900963
78 -0.371094
227 -0.948776
99 -0.641769
74 -1.44185
109 -0.50322
74 2.9455
109 -0.50322
111 -0.620132
61 -2.45316
113 -0.366951
178 -0.13826
91 -0.99411
101 -0.900986
109 -0.503281
3 9.85331
226 -0.98494
95 -0.883148
140 -0.136032
179 -0.129379
4 9.72797
88 -0.884369
4 9.72754
58 6.25702
112 -0.42701
119 -0.368279
158 -0.0283966
127 1.15134
98 -0.918434
78 -0.371483
112 -0.425728
182 -0.0454102
127 1.15028
91 -0.994606
112 -0.477386
62 6.39141
150 -0.485794
124 -0.388077
128 -0.274811
78 -0.373917
69 -1.12064
132 -0.348083
165 -0.508224
4 9.72595
61 -2.45487
138 -0.150711
112 -0.425613
119 -0.332405
128 -0.274734
53 -2.72773
61 -1.20043
119 -0.367981
4 9.72632
74 3.10086
138 -0.14595
184 -0.042038
111 -0.620552
170 0.0162659
71 -1.1106
117 -0.402618
3 9.85312
181 -0.110886
229 0.59465
7 -1.61299
320 5.59323
58 6.25728
61 -2.45417
3 9.85386
101 -0.900925
128 -0.27446
58 -1.34482
5 -3.32535
204 0.0501251
118 -0.340569
128 -0.274506
207 0.0850677
61 -2.45416
3 9.85381
83 -0.874619
112 -0.362755
61 -1.1937
76 5.70016
101 -0.60305
62 -1.08875
120 -0.348145
101 -0.60006
119 -0.373695
188 -0.36116
197 -0.0102692
5 -3.32452
111 -0.352325
98 -0.837128
3 9.85315
14 -2.23964
4 9.72779
138 -0.150864
9 -3.33665
127 1.14961
17 -3.12469
112 -0.773903
100 -0.611504
83 -0.876106
64 -1.14762
58 6.25718
340 7.95129
3 9.85285
62 6.39334
222 0.547302
109 -0.503357
7 -2.37484
116 -0.410545
227 -0.966995
74 -1.441
9 -3.33835
36 7.37178
57 -1.13308
98 -0.94297
107 6.46459
101 -0.598763
227 -0.946838
63 -1.14684
127 1.13526
185 -0.096817
62 -1.08604
209 0.121429
340 7.82593
124 -0.357948
109 -0.503334
184 -0.437119
112 -0.725494
106 -0.446815
98 -0.918648
109 -0.503296
83 -0.874962
269 0.887207
61 -1.19477
209 0.123062
132 -0.177475
7 -2.37284
132 -0.347839
17 -2.57381
3 9.85307
116 0.315735
109 -0.503258
291 3.3681
157 -0.0402679
126 -0.192474
115 -0.43055
185 -0.0968628
108 -0.765762
113 -0.474739
178 -0.0938873
267 -4.12766
128 -0.274673
108 -0.457306
31 -3.04139
58 6.25708
210 -0.465607
35 7.52748
138 -0.140106
132 -0.348282
255 -0.402679
60 -1.18349
228 0.700668
62 -1.0915
109 -0.503326
147 -0.827866
38 -1.4603
97 -1.72639
188 -0.0437164
127 1.15019
23 -3.12758
303 4.26682
238 0.827576
98 -0.624184
137 -0.476334
227 -0.969055
99 -0.807419
83 -0.876106
133 -1.09572
55 -0.587337
101 -0.900978
158 -0.0285492
227 -0.969742
102 -1.4372
184 -0.0421448
136 -0.246521
154 -0.0588837
11 -3.24383
131 -0.187561
114 -0.442368
42 -1.26407
135 -0.175552
109 -0.503082
227 -0.977859
218 0.351532
87 -1.0175
70 -1.09352
91 -0.994553
158 -0.0285492
25 -1.62173
158 -0.0283051
123 -0.401733
74 2.94536
38 -1.46025
91 -0.994461
163 -0.495651
23 -3.12771
74 3.10089
36 7.35511
112 -0.476837
3 -3.57908
334 6.90637
127 1.14583
188 -0.0436554
4 9.72496
127 1.1505
116 -0.516739
58 -1.34533
153 -0.0697479
71 -1.10872
58 6.25706
19 -1.47516
239 0.907928
269 0.88681
3 -3.36341
188 -0.875092
115 -0.104439
184 -0.0476532
100 -0.611168
164 -0.654724
38 -1.46011
55 -0.65287
228 0.705109
158 -0.0283203
118 -0.342209
122 -0.388023
96 -2.20021
74 3.10072
114 0.0604172
143 -0.07341
136 -0.244232
95 -0.895248
9 -3.33733
17 -2.57836
158 -0.0285645
118 -0.340614
3 9.80673
137 -0.476273
51 -1.42543
75 -1.05435
210 -0.288269
303 4.267
183 -0.0475616
358 9.42798
9 -3.3378
83 -0.874931
78 -0.371864
34 -1.95872
123 0.538506
55 -0.652969
70 -1.10729
214 0.281082
181 -0.083313
234 0.742676
50 -1.66673
211 0.246872
250 1.38339
58 -1.34494
237 0.795792
18 -1.88779
227 -0.946487
108 -0.528717
100 -0.61113
17 -2.57264
97 -1.72632
342 8.06226
178 -0.139221
76 -1.03198
71 -1.09665
17 -2.57376
155 -0.0543671
150 0.458755
57 -1.33706
308 4.8479
98 -0.918594
31 -3.04149
58 -1.34449
17 -2.5734
112 -0.477394
228 0.704849
83 -0.730812
211 -0.70018
211 0.24678
23 -3.13039
170 0.0325928
19 -1.88587
156 -0.729446
47 -2.84737
55 -0.863602
224 0.600555
4 -2.932
133 -0.262299
103 -0.984261
74 -2.16379
185 -0.0968018
138 -0.142761
107 -0.497681
50 -1.35135
226 -0.979294
147 -0.80809
58 -1.33871
58 6.25713
208 0.127838
228 0.7005
9 -3.33765
305 4.65228
118 -0.34243
23 -1.62732
30 -2.70159
222 0.547226
184 -0.437332
97 -1.72132
136 -0.244324
137 -0.476288
227 0.655151
307 4.80099
207 0.085022
185 -0.0966339
83 -0.874893
269 0.885498
217 -0.700577
9 -3.2449
156 -0.729294
32 -1.74746
150 0.459274
118 -1.23597
9 -3.33724
137 -1.04007
117 -1.64799
4 -2.93421
7 -1.61302
176 -0.12439
98 -1.63532
185 -0.2742
64 -1.13204
194 -0.337418
188 -0.0436859
242 0.486923
119 -0.399109
226 -0.979294
17 -2.57903
165 -0.489868
83 -0.875824
17 -2.57344
132 -0.347473
124 -0.367218
17 -2.57865
136 -0.246445
140 -0.125656
284 3.0192
18 -1.88669
145 0.980408
136 -0.246353
4 -2.93154
68 -1.12147
354 8.57541
221 -0.825424
18 -1.89077
251 -0.491776
292 4.03418
65 5.73538
18 -1.89071
203 0.187134
5 -3.58735
58 -1.11195
17 -2.5784
77 -0.970764
215 -0.828705
145 -0.437195
210 -0.438751
76 -0.824989
269 0.88559
320 5.59329
31 -3.04147
131 -1.12199
83 -0.875908
183 -0.178223
23 -3.13024
254 0.895798
127 -0.26532
267 -4.10336
71 -0.984314
74 -1.99953
188 -0.878937
107 6.46473
259 0.853699
183 -0.114563
61 -2.45393
23 -3.12836
17 -2.57895
60 -1.1801
23 -3.13009
366 27.6693
65 -1.14206
3 -3.57733
57 -1.33275
156 -0.740982
112 -0.819702
60 -1.18413
160 -0.610245
143 -0.0732422
228 0.705109
140 -1.13673
105 3.26711
23 -3.12802
138 0.416412
178 -0.139038
12 -3.17208
47 -2.84739
181 -0.110809
149 -15.9039
176 -0.141174
211 0.246811
28 -1.55816
227 -0.970413
185 -0.0966187
212 0.357849
25 -3.56967
47 -1.42107
251 1.84727
49 -2.75858
3 -3.8867
292 4.03412
204 0.0491028
133 -1.09604
228 0.704819
103 -0.906647
83 -0.875923
19 -3.15806
47 -1.41964
185 -0.196884
206 -0.370621
272 2.41083
250 1.3829
17 -3.4536
108 4.01246
88 -1.64657
4 -2.93233
40 -1.40755
77 5.25845
111 -0.479622
70 -1.08739
350 8.33911
17 -3.11426
212 0.359222
98 -0.918434
76 -0.978584
4 9.72786
35 -2.72499
147 -0.81781
237 1.12247
101 -0.809044
269 0.885284
84 -1.02936
105 -0.40255
359 -0.71463
174 -0.161697
111 -1.83849
114 -1.34081
16 -1.93323
149 0.529907
309 4.89105
348 8.08987
120 0.00874329
309 3.1629
250 1.83421
9 -3.33767
97 -1.72156
33 -1.98773
199 -0.106979
58 -1.34527
207 0.0850372
216 -0.712677
153 -0.524734
204 0.0500946
131 -1.10013
256 -0.132965
182 -0.429153
17 -2.57296
292 3.34811
126 0.402924
185 -0.0966187
70 -1.06963
359 -0.715942
133 -3.93546
229 0.627335
237 1.12244
15 -3.87561
185 -0.0966644
83 -0.875008
230 -1.15308
156 -0.779358
183 -0.0462189
96 -0.812897
121 -0.407967
232 0.706619
237 1.12201
214 0.261459
164 -0.651291
278 2.76822
140 -0.138443
215 0.372162
237 1.12183
343 8.01941
351 8.3761
112 -0.564178
50 -1.6628
183 -0.202393
143 1.00215
30 -2.50426
44 -1.20125
17 -3.11483
111 -1.83854
359 -0.715332
71 -1.10892
138 -0.949524
158 -0.0287018
205 0.213318
3 9.80638
185 -0.1978
136 -0.246323
207 0.0851593
184 -0.0476837
137 -0.476196
102 -1.43648
188 -0.875626
49 -1.25705
139 -0.159409
139 0.852661
9 -3.24589
13 -3.45362
226 -0.98465
98 -0.918365
225 0.588455
17 -2.57347
118 -0.342178
62 6.39259
38 -1.46017
196 -0.193771
90 -0.550812
237 1.12141
164 -0.654373
28 -6.2042
195 0.148117
122 -1.32333
31 -3.04243
219 -0.969681
97 -1.72718
86 -1.02748
102 -1.4362
3 -3.57742
185 -0.274277
141 -0.57933
211 0.246811
199 -0.1548
85 9.61543
68 -1.12146
202 0.230789
137 -0.476227
245 1.3134
180 -0.196976
91 -0.634041
237 1.12239
121 -0.398857
70 -1.09297
133 -3.9328
226 -0.977982
70 -1.09357
99 -2.20112
50 -1.6603
15 -2.24505
214 0.262436
38 -1.46016
51 -1.24514
169 -0.511826
269 0.887207
62 -2.49255
20 -3.10571
28 -6.20201
62 6.39371
112 -0.425652
285 3.40814
5 -3.7805
276 3.08484
193 -0.0486145
118 -0.333206
57 -2.63159
127 1.15112
292 3.34732
90 -0.550781
147 -0.112076
134 -1.08073
35 7.52717
160 -0.13591
198 0.049408
37 -1.31902
184 -0.0398254
135 -1.27032
226 -0.977982
312 5.85501
319 5.65503
57 -2.22378
35 -2.72636
15 -3.87633
337 3.79977
303 4.2673
337 7.6727
156 -0.757751
4 -2.91323
140 -0.125443
171 -0.537811
136 -0.244217
159 -0.299423
205 0.0801697
51 -1.41022
49 -2.76183
204 -0.140442
364 9.4931
226 -0.431595
29 -3.91616
206 -0.165298
182 -0.0454407
138 -0.947266
79 -1.68041
228 0.70079
17 -1.90477
38 -1.46025
28 -6.18543
33 -3.59051
250 1.83444
133 -3.93056
185 -0.274063
138 -0.94754
144 -1.0842
237 1.12129
262 0.325867
60 -1.18333
178 -0.138245
71 -1.306
103 -0.811592
303 4.26721
76 -0.980057
188 -0.874039
47 -2.84675
124 0.60144
2 9.86655
366 27.7791
61 -2.45431
199 0.135223
123 -1.33762
157 -0.620056
119 -0.409058
17 -3.12472
300 4.48315
111 -1.79084
142 1.14607
126 0.402588
214 0.97879
237 -0.520767
136 -0.246368
112 -0.42585
23 -3.53069
170 -0.565521
225 0.538422
142 -0.592834
118 -0.418159
136 1.5161
5 -3.17984
49 -2.76444
223 0.483032
51 -1.24941
70 -1.06901
224 0.600403
50 -1.35667
260 -4.80246
209 -0.20079
305 4.6506
337 3.78259
185 -0.169937
144 1.07355
262 1.86902
224 0.663803
171 -0.175766
158 -0.028717
9 -3.3372
147 -0.817963
97 -1.7209
57 -2.22363
262 -4.63477
237 1.12247
226 0.514679
60 -2.56843
253 6.43982
90 -0.78949
29 -3.63498
80 -0.793198
237 1.02647
206 -0.141174
5 -3.32374
153 -0.562531
3 -4.08353
292 4.03403
76 -0.837875
157 -0.730835
185 -0.197586
318 5.60254
89 -2.03603
350 2.53467
178 -0.138382
276 3.08426
112 -0.803398
17 -3.12481
212 0.365906
234 0.740387
241 1.19139
74 3.10078
126 0.401062
9 -3.24607
197 -0.0153656
215 1.00377
111 -1.83853
21 -1.65074
168 -0.412979
320 5.59329
87 -2.36905
163 -0.634186
185 -0.196854
134 -1.07881
359 -0.716492
112 1.70734
153 -0.523712
150 0.458282
76 -0.851196
72 -2.06574
77 -1.003
86 -1.51209
156 -0.741257
222 0.47374
31 -3.04159
123 -0.347229
49 -1.25351
184 -0.0419006
133 -1.46362
51 -1.41252
158 -0.70137
144 -0.940903
168 -0.288712
358 9.42731
17 -2.57845
17 -2.57572
158 -0.0287781
228 0.701859
174 -0.415222
185 -0.17012
353 8.48856
228 0.612152
147 -0.829102
207 0.0849457
177 -0.272385
23 -3.12822
112 -0.498947
230 -1.15332
31 -3.04148
227 -0.948364
165 -0.0346222
199 0.0784454
223 -0.416595
212 -0.196396
171 -0.309601
29 -1.74291
188 -0.874176
20 15.1687
14 -3.23256
143 -0.0734406
348 -1.04654
160 -0.136902
62 -2.49212
188 -0.878754
55 2.94127
165 -0.502075
111 -1.83838
13 -3.23997
237 1.12146
3 -2.90324
230 -1.1532
58 -1.11194
158 -0.0288086
232 0.71344
144 -0.83223
138 -0.947708
7 -1.6129
225 0.496521
53 -2.72814
137 -0.9328
68 5.05317
188 -0.882141
96 -0.443695
142 -0.552551
224 -0.385956
35 -1.78601
144 -1.02344
214 0.26976
7 -1.61307
132 -0.347595
233 0.739273
117 -0.387787
132 -0.301849
312 5.85532
97 -1.7207
62 -1.11999
123 0.591743
306 4.65286
153 -0.522736
58 -1.34452
326 7.05161
9 -3.24488
133 -1.46333
224 0.542038
366 27.6548
185 -0.169998
86 -2.33347
33 -3.58874
76 -0.978645
29 -3.91023
72 -2.04784
250 1.83376
70 -2.51175
129 -0.450134
73 -2.02042
210 -0.342758
98 -0.614029
185 -0.197601
157 -0.729599
97 -1.72131
317 5.74103
132 -0.445328
108 4.01279
185 -0.273987
290 3.43054
125 0.869148
58 -1.34456
147 -5.5415
47 -2.84641
133 -3.93784
222 0.547775
209 -0.0986938
184 -0.107162
260 1.61694
170 -0.0323639
5 -3.32461
243 1.21059
83 -0.874901
256 -0.315506
210 0.0583191
134 -0.317719
276 3.0849
349 1.85873
81 -2.54507
69 -1.04407
94 -0.456512
158 -0.67514
80 -0.793098
104 -2.04492
101 -1.41579
84 -2.35934
74 -2.16041
157 -0.738205
354 8.57547
334 6.91257
250 1.83415
208 -0.305084
102 -1.66549
81 -2.59398
272 2.4567
1 -3.56366
171 -0.537689
234 -0.2854
354 8.57437
188 -0.15416
53 -2.72806
119 2.15282
206 -0.165604
342 7.19611
160 -0.137192
185 -0.197754
70 -1.06944
258 1.65659
368 10.7267
115 -0.841537
354 8.57382
18 -3.45467
299 4.61954
70 -1.09364
85 -1.6066
231 -0.356918
182 -0.0455475
50 -1.66664
188 -0.153809
133 -3.93324
148 -0.799805
126 -0.602379
102 -1.43645
33 -3.59095
85 -1.55579
72 4.7636
183 -0.226776
55 -0.586746
355 -1.38861
303 4.59668
9 -3.54862
354 8.57309
131 -1.32156
211 -0.45343
44 -2.64602
195 -0.0246429
173 -0.1595
312 5.85513
337 3.7811
364 9.49072
214 0.278244
312 5.85791
267 0.217194
117 -1.64743
23 -3.15305
286 3.22821
232 0.847092
222 0.470169
349 8.26175
136 -0.246292
160 -0.137573
150 0.458496
142 -0.515656
127 1.67373
327 3.64334
164 -0.6548
184 -0.106842
172 -0.1185
349 8.2742
97 -1.7213
28 -3.0321
244 1.23735
104 -1.65045
107 -0.414589
80 -0.793106
287 3.49606
140 -1.13673
222 0.522949
158 4.69691
114 0.518219
101 -1.37682
366 27.6414
138 -0.574692
166 -0.0409241
218 -0.935425
272 2.47864
214 -0.623001
7 -1.61285
47 -2.84727
290 3.431
119 2.83646
97 -2.19543
113 1.37565
37 4.98833
134 -1.08353
170 -0.0122833
240 1.15594
80 -0.793129
325 3.76025
127 1.15043
332 6.79724
23 -1.62401
78 1.76969
197 -0.449417
123 -0.781723
125 -0.250076
185 -0.194595
192 -0.164703
74 -2.16315
260 -0.742004
320 5.51471
156 -0.740921
210 -0.22522
104 3.4628
149 -0.682938
343 7.85266
97 -2.21493
277 2.76523
208 0.321579
110 -0.493073
134 -1.08464
222 -4.30858
2 9.86718
251 1.84779
210 0.221436
63 -1.13906
157 -0.733215
199 0.114426
76 -0.979309
97 -2.19791
183 -0.0475769
303 4.26721
199 -0.313004
213 -0.351898
154 -0.204254
160 -0.136703
153 -0.523087
141 1.10712
162 -0.509537
131 -1.09961
111 -1.78767
358 9.4277
224 0.540283
134 -1.0824
147 -0.827911
320 5.59332
29 -3.91649
132 -0.347778
29 -3.91638
265 -5.27036
185 -0.196671
366 18.4614
88 0.507698
211 -0.117905
210 -0.115509
96 -2.23242
48 -2.27987
202 0.0488434
97 -1.84908
373 -0.150848
197 -0.0287018
183 -0.222214
108 -0.564964
18 -4.04672
131 -1.10036
121 3.15525
192 -0.00695801
173 -0.295959
43 -3.49854
97 -1.72079
42 -2.60445
351 8.38245
334 6.91257
206 -0.165543
75 -2.13749
149 0.972214
45 -3.31262
325 3.60132
194 0.00860596
111 -0.90519
185 -0.197769
31 -3.04142
299 4.61938
179 -0.234772
167 -0.250305
100 -1.67998
248 1.34558
187 -0.214218
229 0.694183
147 -0.822754
153 -0.562469
184 -0.106522
223 0.521729
206 -0.165192
272 2.43204
145 -0.504547
143 1.0739
373 -2.09769
17 -3.11798
185 -0.170105
239 0.951416
120 -0.659752
224 0.600052
87 -1.607
51 -1.42517
170 -0.713943
35 -2.99521
87 4.62299
206 -0.164612
4 9.73729
299 4.61938
117 -1.64488
358 9.42722
276 2.80353
39 -1.79196
276 2.74695
191 -0.0187683
74 -1.43919
195 -0.0245819
194 -0.487976
334 6.91257
223 46.8327
299 4.61948
236 -0.0545197
188 -0.87529
309 5.59836
197 -0.0136566
232 0.846985
84 -0.96489
269 2.30759
7 -3.20711
213 -0.0433044
250 1.834
178 -0.139114
182 -0.0455475
185 -0.196716
312 5.85529
216 -0.7341
349 8.09213
185 -0.274002
157 -0.610275
7 -1.61216
57 -3.02381
2 -3.2433
195 -0.632965
118 -1.31269
187 -0.220261
224 0.493896
231 -0.880707
168 -0.647156
185 -0.273987
55 3.09406
201 -0.180176
195 -0.0248566
368 24.3187
214 0.284058
18 -4.04283
184 -0.106064
127 1.15033
57 -2.22503
183 -0.208969
57 -2.22393
238 0.915726
214 0.27034
33 -3.19168
184 -0.209335
201 -0.425034
192 -0.177109
252 14.2303
131 -1.0992
82 -1.08506
123 -0.293625
111 -1.79755
294 3.66193
157 -0.73082
347 -1.05063
95 -2.27694
225 -4.623
87 -1.84373
31 -3.6237
183 -0.222443
127 1.14665
69 -1.07492
213 0.376083
245 1.28525
78 -2.22448
332 6.79773
85 -0.768303
190 -0.246292
215 0.344345
153 -0.253159
164 -0.651947
83 -0.876167
93 -0.849861
152 -0.0699005
74 -1.43633
200 0.101898
323 4.09634
157 -0.711792
69 -1.07787
139 -0.43306
198 -0.263779
248 -2.40877
111 -1.8378
138 0.468384
210 0.0879059
40 -3.70865
48 -2.94456
291 3.50262
187 -0.513901
160 -0.610184
163 -0.428345
212 0.362961
209 0.123734
96 -2.20018
74 -1.4369
73 -2.04464
74 -1.43821
156 -0.783325
147 -0.817093
266 -4.47818
202 0.14949
120 -0.664528
127 -0.691917
182 -0.0454254
159 -0.656631
150 -0.473999
47 -2.8473
140 -1.13702
91 -2.24758
206 -0.455017
185 -0.197632
57 -3.03602
220 0.431122
182 -0.0455475
120 -1.39305
134 -0.280029
16 -2.98393
272 2.69296
83 -0.874992
116 -0.445122
307 4.99017
299 4.6196
331 7.66736
81 -2.43842
74 -1.43965
211 0.246719
171 -0.0289307
3 -3.40347
156 -0.764771
185 -0.209717
138 0.46904
72 -1.15344
87 -1.65428
98 -0.938988
135 -0.973114
147 -0.803986
102 -1.43658
305 5.03217
58 -1.34451
154 1.05914
136 -0.45224
28 -2.89863
142 -0.985321
282 2.88196
132 -0.380234
348 -1.04498
326 6.11954
150 0.458435
125 -0.372734
76 -2.28903
236 -5.67451
132 -0.374268
80 -0.793076
184 -0.231461
108 -1.54441
326 6.50845
207 0.0850525
74 2.94543
143 -0.545517
112 -1.79847
212 -0.569885
348 -1.04614
86 -2.29281
366 27.6526
266 -4.47983
143 -0.890656
146 -0.81572
138 -0.450165
358 9.42694
290 3.43109
62 -1.12992
136 -0.319824
96 -2.1779
165 -0.49736
184 -0.0419769
102 -1.43286
194 0.0537415
88 -2.29703
184 -0.0397339
240 1.10423
9 -3.24621
102 -1.6062
17 -3.02709
289 3.52673
99 -0.62117
179 -0.129517
188 -0.154404
145 -0.437378
131 -0.450989
19 -1.47828
216 0.555984
214 0.275879
231 -0.877548
120 -1.46345
156 -0.720749
214 0.24263
128 -0.315918
136 -0.244263
76 -0.979172
138 -0.947647
121 -1.20352
17 -3.19136
86 -2.35672
143 -0.25708
101 -0.917084
190 0.117813
102 -1.4365
210 -0.184692
214 0.26973
214 0.263046
196 -0.0774536
183 -0.199783
121 -1.19679
2 -4.01637
72 -2.04845
83 -0.729858
111 -0.902046
73 -2.54223
132 -0.347839
235 0.708374
267 -4.10025
168 -0.222641
133 -0.481415
97 -2.09821
212 0.41893
128 -0.316559
152 -0.769653
251 1.84686
129 1.08009
30 -3.00179
246 -3.11401
196 -0.34523
175 -0.142487
80 -0.793282
111 -1.78907
133 -0.781067
243 -5.36121
366 27.6458
368 24.177
226 0.405151
206 -0.165329
72 -2.16649
159 -0.153885
6 -4.59042
47 -2.47172
41 -1.56613
156 -0.402176
336 4.30304
184 -0.106796
211 0.246826
242 1.11661
102 -1.43714
122 0.434082
86 -2.48222
137 -0.476242
76 -1.05349
5 -3.3245
147 -0.81778
74 -2.24435
154 -0.205353
31 -3.04133
192 0.000152588
267 -4.12698
177 -0.13353
153 -0.562393
148 -0.799454
183 -0.0462494
298 3.93475
226 -0.979202
26 -1.69312
147 -0.815247
255 -0.502731
133 -3.92017
198 -0.26236
299 4.61938
232 0.753677
82 -2.06625
58 -1.3446
288 3.22562
199 0.0947113
126 1.01248
97 -1.72073
276 3.08441
110 -1.46129
131 -1.09984
214 0.270874
314 5.50882
185 -0.274033
295 4.09756
279 2.89151
161 -0.107635
188 -0.154236
210 0.17189
81 -2.54538
96 -2.17628
137 -0.476242
214 0.911606
6 -3.21549
220 0.425842
299 4.61945
172 -0.137604
108 -1.5553
171 0.00221252
96 -1.81021
26 -2.55576
312 5.85815
214 0.213257
57 -3.02402
16 -2.18703
236 0.772507
222 0.547272
127 -0.238617
312 4.72217
340 8.21732
113 -1.3235
64 -2.79087
355 -1.3877
184 -0.231674
337 7.19138
249 -0.580948
74 -1.43672
208 -1.0491
107 -2.2399
178 -0.165634
50 -1.66266
17 -3.11554
326 6.12094
286 3.39813
291 3.81583
70 -1.19864
85 -1.8472
184 -0.231628
81 -2.59774
312 5.85547
188 -0.0435028
185 -0.273849
244 -5.81487
171 0.00671387
298 3.93475
130 -1.61676
156 -0.91037
31 -3.04144
118 -0.290474
193 -0.0357513
171 -0.421051
120 -0.396156
128 -0.316864
200 -0.311157
106 -0.838005
81 -2.19762
188 -0.0436401
91 -0.633797
83 -0.730606
175 -0.328156
115 0.206619
125 0.865234
146 -0.270752
133 -3.93552
217 -0.556549
263 -11.7729
114 0.465073
343 7.853
185 -0.273911
36 -2.97092
74 -2.16296
304 4.94492
3 -3.57727
106 -1.58463
171 -0.537399
140 -0.390945
156 -0.728836
132 -1.03087
173 -0.485733
109 4.01246
97 -1.72098
5 -3.32488
355 2.38098
310 5.74896
100 -0.611244
8 -3.22994
52 -2.47423
153 -0.522766
231 -4.32538
31 -3.04139
108 -0.842987
66 -2.95634
313 5.09094
126 0.401001
250 1.83421
312 4.75323
170 -0.714127
326 6.12027
65 -2.64006
3 9.81686
165 -0.498474
137 -1.01288
20 -3.11497
31 -2.76667
49 -2.58078
165 -0.123611
177 -0.34845
74 -1.43964
182 -0.0454254
299 4.45316
172 -0.241119
46 -2.47237
91 0.493523
265 0.723938
224 0.600693
359 -0.716858
266 -4.49832
30 -3.63398
171 -0.537231
241 -57.1961
334 6.91257
176 -0.332748
220 -3.16833
183 -0.218063
334 6.91257
324 6.32349
171 0.00402832
36 7.35531
31 -3.04133
220 -3.17836
181 -0.201248
110 -0.850365
140 -1.13692
9 -3.2449
137 -0.476166
136 -0.246857
98 -0.938759
138 1.16783
89 -2.01744
160 -0.136139
133 -1.09734
96 -1.79198
208 -1.04846
223 46.9615
185 -0.096817
18 -1.47644
165 -0.130432
96 -2.17646
261 1.70929
188 -0.0439606
166 -0.367874
197 -0.00515747
349 8.70084
170 -0.348969
164 -0.566696
249 1.43442
169 -0.102692
257 -3.49226
44 -3.31662
153 -0.524582
73 -2.0258
296 4.38876
5 -3.32473
18 -1.47857
125 0.875626
138 1.18028
150 -0.940903
324 3.28323
326 7.05176
218 0.594925
182 -0.13356
159 -0.299149
28 -3.62903
185 -0.274109
125 -0.355141
188 -0.154373
156 -0.909073
184 -0.107635
213 0.335312
27 -3.63187
140 -0.125809
338 8.14288
83 -0.730118
252 -3.36369
138 1.19371
247 1.37788
263 -11.7695
211 0.24678
185 -0.274017
136 -0.244049
160 -0.58606
233 -5.86639
97 -1.72086
241 -57.3753
272 2.69876
48 -2.83767
299 4.61951
12 -2.38707
326 6.12103
185 -0.197937
68 -1.26421
222 0.498001
154 -0.407242
183 -0.0463562
69 -1.17398
204 0.28447
337 7.97244
121 -1.38329
137 -1.24168
212 0.253647
143 -0.499695
157 -0.732834
74 -1.43862
248 1.46242
144 -0.33812
75 -2.29174
206 -0.165619
239 -6.86636
134 -1.08388
131 -0.681564
17 -2.5786
141 -1.11966
223 -4.89799
82 -0.949173
73 -2.35855
163 -0.125046
250 1.83427
100 -0.611122
338 8.24384
222 0.547882
133 -3.9416
105 3.25488
35 -2.79042
267 -4.12628
5 -3.32481
184 -0.231567
74 -2.50587
161 -0.377533
136 -0.174255
230 -1.26326
117 -1.64766
171 -0.328247
66 -1.27351
192 -0.0579834
148 -5.42215
246 -3.14862
197 -0.0222626
212 -0.167419
90 4.56236
298 3.93475
334 6.91324
290 3.43118
20 -3.09147
177 -0.605148
73 -2.01917
163 -0.630051
105 -1.84456
126 0.746506
120 -1.2077
93 -2.2194
126 -1.27261
312 4.73767
143 -0.503098
44 -1.45955
209 0.123734
337 7.19131
206 -0.166107
123 -1.18234
368 24.3838
188 -0.877625
347 -1.05069
167 -0.543976
328 5.06635
116 -0.711571
165 -0.498352
163 -0.356033
187 0.0384369
148 -0.488525
337 7.19263
180 0.0147247
106 -0.84166
101 -9.50064
147 -0.817764
96 -2.20013
326 6.53278
185 -0.0966339
222 0.476624
121 7.10439
370 1.67075
28 -1.66241
180 -0.136871
282 2.8533
154 -0.208313
31 -3.04148
86 -2.29372
95 -2.10494
97 -0.0309677
132 -1.11992
147 -5.57625
120 1.30581
318 6.43228
77 -1.06184
364 9.48914
237 -0.522003
364 9.49088
184 -0.231598
186 -0.287369
137 -0.565796
239 -6.85979
185 -0.196732
307 5.23145
132 -0.633728
334 6.90683
129 -0.306763
110 0.0462875
371 -2.66519
144 -1.08141
119 0.94857
195 -0.0248108
212 0.153107
156 -0.466171
135 -0.692505
35 -2.83912
326 7.0517
82 -0.869942
122 -1.19257
132 -0.347565
128 -0.316788
254 -9.14549
230 -0.879852
139 -0.595444
228 -4.93358
66 -2.27675
125 -1.13371
148 -0.980652
246 -2.43289
175 -0.407028
221 -2.58496
15 -3.8766
290 3.43066
117 -1.64693
281 2.82465
351 8.33051
184 -0.10643
156 -0.909149
125 0.875427
112 -0.426025
332 6.79758
192 -0.207047
47 -2.84731
34 -3.46763
136 -0.389526
132 -0.347595
77 -1.9816
116 0.327919
110 -1.8812
107 -0.863014
208 -1.04874
148 -0.854904
199 -0.0435028
125 0.875786
83 -0.87619
118 -1.9441
281 2.75443
129 -0.619202
337 7.19125
191 -0.0186005
47 -2.8473
359 -0.717041
342 7.13361
273 -0.229156
138 -0.947418
80 -0.793121
103 -0.837708
326 7.05151
82 -2.06189
266 -1.14594
106 -0.404709
153 -0.664612
132 -0.348114
105 -1.84776
37 -2.94522
209 0.295639
242 -6.0468
235 -1.00455
20 -3.01461
133 -1.09592
214 1.02388
4 -3.55389
33 -1.64311
277 2.55823
205 0.320755
235 -1.06097
267 -4.10742
193 0.0726318
252 1.37332
60 -0.444012
41 -2.09761
359 -0.7164
164 -0.654953
35 -3.01089
126 -0.664398
298 3.94131
165 -0.498459
114 8.17268
90 -2.87132
153 -0.105667
242 -4.94989
158 -0.0283813
238 -5.27606
47 -2.32534
214 0.97139
150 0.458527
226 -4.63702
7 -1.61302
312 5.85541
368 0.706451
273 2.67825
316 5.30832
155 -0.903732
206 -0.355057
75 -2.13752
73 -2.53212
49 -2.75861
77 -2.30129
58 6.25704
193 -0.048996
143 -0.521454
153 -0.522751
184 -0.0698853
108 -1.59311
181 -0.148071
290 3.43109
204 -0.311249
99 3.61486
343 -1.16064
96 -2.20046
89 2.68489
212 0.171478
83 -2.14238
205 0.325592
295 3.96719
138 -0.965485
88 -2.30584
259 -0.189209
263 -11.7732
171 0.00331116
144 -1.08165
246 -5.17546
337 3.78384
312 5.85553
205 0.0197449
35 -3.10731
100 -0.954796
109 4.01202
326 7.05167
266 1.52997
291 3.30099
176 -0.308167
96 -2.1768
327 3.72827
4 -3.75191
206 0.218506
121 -1.21954
57 -3.02394
193 -0.457138
305 4.70184
188 -0.154205
38 -1.46023
215 0.231125
30 -2.80133
69 -1.20906
101 -0.901016
158 -0.0287781
138 -0.146988
348 8.52896
81 -2.54514
45 -2.77304
278 2.44833
185 -0.200348
118 -0.342224
201 0.136566
166 -0.369049
207 -0.630768
222 0.626404
143 1.21732
357 5.11697
138 -0.947342
221 0.50769
57 -2.22496
95 -2.12026
107 -1.75356
121 7.22203
181 -0.114746
28 -6.20932
47 -2.84737
197 0.0671387
20 15.1686
123 -0.401955
179 -0.128616
173 -0.150482
36 -2.80723
365 -0.370148
354 8.57693
111 -1.7915
120 -1.60825
179 -0.12915
337 7.19278
348 8.05856
122 1.03933
116 -1.74671
239 -2.24815
143 -0.073288
219 0.418396
236 0.595825
218 -0.93541
7 -1.61354
150 -0.474579
75 -2.31197
176 12.3707
111 -1.78545
165 -0.497696
159 -0.314301
332 6.79761
369 23.3393
133 -1.46474
160 -0.84552
241 -1.10448
9 -3.24614
234 -5.44144
96 -2.2001
336 7.59839
172 -0.399277
348 2.82501
125 0.864944
192 -0.191742
94 -1.78709
151 -0.78392
243 -7.20049
176 12.2516
64 -2.82943
269 0.885437
188 -0.879852
315 5.02719
17 -3.12469
93 4.33059
161 -0.877686
164 -0.654175
359 -0.717346
85 -1.31804
195 -0.0248718
6 -3.51845
140 -0.344879
38 -2.88367
105 -0.3862
17 -2.57884
239 -4.86264
67 -0.975525
185 -0.234818
337 3.78799
148 -0.782837
57 -3.02401
47 -0.114994
260 -13.6926
74 -1.44186
271 -20.3401
337 3.7876
249 1.62999
83 -2.39294
109 4.01225
14 9.7379
53 -1.43056
86 -2.25674
49 -2.75852
219 0.39798
148 1.02107
118 -1.75838
161 -0.271805
206 0.2285
66 -1.00772
306 4.51959
133 -3.93633
47 -2.84743
7 -1.61291
318 5.61093
161 -0.81781
164 -0.654724
39 -2.88941
20 15.1686
74 -1.44032
28 -6.21367
173 -0.132462
55 -3.08266
98 -0.964989
102 -1.92649
150 -0.112228
220 0.829987
137 -0.541168
210 0.483643
169 -0.368698
109 4.01215
170 0.00132751
221 0.516846
165 -0.507523
23 -3.13118
23 -2.84447
150 0.458603
326 6.12015
209 0.123825
101 -0.60218
20 15.2089
127 -0.633408
316 5.534
158 -0.675217
211 0.457886
152 -0.4617
156 -0.893631
292 3.40906
107 5.10152
29 -3.6351
269 0.884735
89 -2.01923
165 -0.293991
312 5.85706
249 -0.583969
185 -0.274139
326 7.05167
90 -2.87132
124 -0.584969
98 -1.36293
130 2.81436
356 9.49023
121 -1.64307
112 -1.55817
105 15.4225
53 -2.23146
224 0.600128
102 4.49224
146 -1.20103
321 6.44827
188 -0.114685
144 -1.08139
227 0.841461
250 -12.0622
67 -2.66756
236 0.615189
122 1.04691
59 -2.54314
262 1.75281
204 -0.303665
13 -3.17323
119 -0.512718
123 -0.4011
207 -0.790192
153 -0.118317
118 -0.488411
320 5.59332
132 -0.347427
343 8.36716
183 -0.0462494
50 -2.73357
119 -1.25144
249 -0.581192
176 -0.141129
157 -0.275146
205 0.248947
215 0.433151
218 0.417847
113 -0.805496
143 1.04716
150 -0.475174
161 -0.878998
126 0.403435
319 5.67325
134 -0.570328
271 1.38821
323 6.65649
348 -0.622742
244 -5.43874
236 -0.28746
191 -0.184799
342 4.34833
337 7.39709
215 0.275558
126 -0.304405
135 -0.68512
267 -4.10342
61 -2.45308
117 -1.31374
114 -0.851776
136 -0.980438
143 -0.54863
153 -0.905319
159 -0.278015
155 -0.643509
166 -0.704422
114 -0.861687
238 0.990509
121 -0.65686
343 7.85275
72 -2.0409
15 -3.87611
48 -2.97734
266 -4.50037
165 -0.507843
104 -0.429222
84 -1.92388
133 -3.92636
143 -0.303619
101 -0.599815
314 5.63843
258 -1.01566
226 0.967819
236 0.613388
89 3.76023
358 9.46909
249 -0.567841
117 -1.34026
156 -0.251495
237 0.826767
214 -0.338165
105 -1.8307
327 3.56284
184 -0.231598
82 -1.05576
171 22.6213
152 -0.478043
140 -1.1371
123 -0.703499
155 -0.64122
115 -0.165527
196 -0.315033
184 -0.0420532
111 -0.849205
277 2.57272
142 -0.876801
272 2.66357
173 -0.15921
153 -0.388565
263 -11.769
67 7.08502
94 -2.14168
146 -1.20625
125 7.00085
228 0.700638
103 -5.84255
136 -0.562393
180 -0.117798
99 -0.77597
278 2.52704
251 1.40414
147 -0.906311
239 -6.8607
9 -3.33664
347 -1.04889
117 -1.78678
136 -0.244095
224 0.601105
118 -1.94486
250 1.41969
366 10.866
143 -6.47914
111 -0.881508
1 -13.3019
185 -0.169464
246 1.54158
346 8.34616
348 8.9498
128 -0.274307
108 -1.60265
195 -0.0247345
302 4.76672
169 -0.546417
80 -0.793068
136 -0.244156
317 5.06277
228 0.897461
150 0.45874
353 8.57779
92 -1.8437
140 -0.883636
183 -0.178238
176 12.2415
215 0.329636
159 -0.638992
236 0.851547
222 0.72438
221 0.432571
81 -2.44031
115 -0.367844
184 -0.231644
45 -2.56749
343 7.88486
120 1.71526
102 -1.95341
197 -0.0235596
144 -1.08356
166 -0.0767212
208 0.187531
334 7.35861
329 3.77051
111 -0.878464
235 -5.62959
185 -0.170273
303 4.84903
193 -0.0497742
136 -0.244156
258 1.01309
227 0.992386
235 -5.86772
216 0.346832
156 -0.731918
153 -0.522888
236 0.633133
368 18.5189
113 -1.543
308 4.4704
174 -0.103287
327 4.00668
215 -1.22845
114 -2.0098
91 -0.634148
83 -0.967888
214 0.28299
111 -1.83788
196 0.0505676
16 9.64294
164 -0.806976
368 -0.4729
9 -3.24615
264 2.03659
12 -3.33354
217 -0.420502
85 -2.16035
273 2.57648
239 1.08458
145 -0.469971
196 -0.276474
276 2.75598
90 -1.63217
134 -0.614594
112 -0.774109
359 1.92633
222 0.547394
57 -2.22358
111 -1.38696
49 -2.7579
65 -2.60903
203 0.282364
87 -1.81245
265 -5.27066
90 -2.18662
208 0.0937195
243 -7.19991
125 -1.56555
154 -0.710587
56 -2.22325
9 -3.24593
89 -2.0173
123 -0.401932
347 -1.05035
250 1.83417
369 23.7971
174 -0.477844
269 2.43356
203 0.296509
184 -0.10582
158 -0.239182
123 -0.401794
327 3.94824
133 -1.46338
168 -0.647003
140 -0.101608
144 -1.08368
150 -0.855331
199 0.172562
277 2.9155
19 -3.179
145 -0.141937
194 0.0828094
74 -1.43742
276 2.83145
147 -5.60017
98 -0.934784
158 4.69345
86 -2.29322
184 -0.0478668
278 2.91177
72 -2.24972
141 0.907776
214 0.0748596
111 -0.892883
160 -0.136978
241 1.28683
223 0.418076
102 -1.93719
237 0.391678
168 -0.489929
314 5.7518
241 1.28647
297 3.79053
165 -0.579529
246 1.81886
78 -0.894524
365 -0.0528564
131 -0.611603
106 11.3983
232 0.847168
70 -1.10782
73 -2.0474
363 5.42868
242 0.482986
190 -0.036911
246 1.52937
99 14.6389
87 -2.26612
313 5.091
199 -0.117355
29 -2.35369
366 27.6439
116 10.5942
143 -0.534241
64 -1.21132
121 -1.26455
90 -2.33122
289 3.43524
370 4.19229
113 -0.187004
358 0.834656
124 -1.17663
133 -1.46469
91 3.67136
185 -0.2742
351 1.75427
220 0.477295
332 6.79742
160 -0.136749
359 -0.715576
227 -0.948761
347 -1.05103
111 -0.898834
327 3.56305
220 0.45607
100 -1.13934
82 -1.97612
299 4.61917
358 9.42792
23 -3.12787
176 -0.439926
97 3.91785
123 -1.33842
185 -0.197617
16 -4.03381
108 -1.59109
209 -0.0964355
177 -0.257889
157 -0.402542
97 -1.85111
209 0.226395
158 -0.366333
228 0.703339
326 6.12103
84 -1.84525
98 -0.670097
330 3.79144
334 6.90692
241 -57.372
266 0.0751953
146 -0.429581
81 -2.54542
34 -1.5504
160 -0.186478
107 -2.24081
111 -0.868423
193 -0.420944
298 3.93494
129 -0.617905
235 0.93013
166 -0.366974
357 5.1402
165 -0.503815
200 0.13063
357 8.6312
98 -2.48652
137 -1.06985
303 4.26721
2 -3.44313
313 5.09079
35 -3.06836
140 -0.638
332 6.79733
64 -2.82764
0 6.57864
188 -0.154282
320 5.59332
206 -0.165146
140 -0.405197
228 0.987274
215 0.345688
245 1.8573
63 -2.91082
277 2.62869
111 -1.51161
131 -0.665192
147 -0.868805
367 10.3575
289 3.31149
127 -0.344238
218 0.41716
123 -1.20815
47 -2.84715
144 -1.08151
150 -0.473297
143 -6.47975
35 -1.36103
113 -0.820625
154 -0.20372
225 -4.73778
250 1.83446
117 -1.64754
184 -0.231689
125 0.875824
211 0.459747
154 -0.204315
249 1.72414
137 -0.3414
165 -0.508636
116 0.32798
303 4.33163
317 5.97952
230 -0.705658
107 -2.2432
3 9.85368
17 -3.12479
120 -1.43483
29 -3.63508
313 5.09082
184 -0.231537
124 -1.3826
183 -0.167557
90 6.42717
168 -0.651413
139 -0.917374
170 -0.340652
157 -0.610001
153 -0.562881
215 0.311249
134 -1.07605
127 -0.573921
67 7.08911
7 -3.62942
86 -2.29396
160 -0.563385
20 15.1688
17 -3.11789
189 -0.0879364
244 -5.39523
7 -4.82486
132 -0.615799
124 -1.59762
297 3.90656
164 -0.65477
91 -0.823509
246 1.54169
246 1.54176
326 6.54227
187 -0.220383
47 -2.84717
164 -0.08255
371 18.8978
182 0.0113831
328 6.45102
211 0.30011
213 0.139008
102 -1.99857
145 1.89874
246 -3.24513
62 -2.20397
88 -2.26836
211 0.16095
233 0.852921
230 -1.08195
100 -0.611229
165 -0.498413
53 -2.22181
76 -0.844368
146 -0.495071
309 4.62149
72 -2.16661
72 -2.27893
62 -2.49423
7 -3.50631
143 -0.542526
156 -0.300613
321 4.25482
249 -0.561234
246 1.86945
173 -0.50209
224 0.936737
122 -1.37677
312 5.85535
233 -1.06567
222 0.547745
130 -1.0498
218 -0.939606
106 -1.56255
4 -3.64758
135 -1.16306
326 7.05157
210 0.17157
203 0.222504
214 0.280685
269 0.884125
362 1.43048
333 7.3168
129 -0.682953
371 18.8767
142 1.16499
127 -0.336281
128 -0.885475
231 -0.878265
113 3.60922
175 -0.114868
353 8.57825
9 -3.62202
215 -1.20465
284 3.17917
259 0.027832
182 -0.0454407
204 0.0601501
102 -1.43719
171 -0.53743
172 -0.22641
107 -1.80562
15 -3.87585
94 -0.932327
176 12.2278
127 -0.318222
228 0.700363
228 0.700684
2 -3.53122
286 2.97913
3 -5.17948
138 -0.956833
229 0.969971
125 -0.243874
166 -0.0903168
71 -2.12526
176 -0.14119
236 -1.04321
36 7.36863
84 -2.36314
359 -0.714539
193 -0.0284424
313 5.09079
182 -0.0454254
156 -0.304306
77 -0.792679
361 -0.580627
210 0.299484
326 6.12085
247 -3.4115
176 12.2456
94 -2.21648
277 2.50043
199 -0.0925751
214 0.981949
244 1.7493
107 -0.606873
271 -20.3152
237 1.12187
218 -0.935455
228 0.704834
198 -0.263641
166 -0.139313
347 -1.05072
140 -0.177032
111 -0.868301
76 -0.848465
66 -2.17646
134 -0.997467
219 0.365067
138 -0.949951
372 -0.56485
357 1.43195
143 -1.1407
110 -1.56531
184 -0.213928
78 1.76921
120 -1.63414
312 5.85532
220 -3.18542
218 0.287735
184 -0.0417328
88 -1.93573
355 2.38095
369 23.8005
244 1.68768
229 -1.14438
184 -0.231598
315 5.62012
29 -3.63508
91 -2.19498
257 -8.94997
103 -0.85704
199 0.107925
210 0.172058
291 3.44861
350 0.475616
354 4.98401
74 -1.1142
123 -0.700729
186 -0.795258
48 -2.94448
215 -1.50307
28 -6.21579
231 -0.878296
68 -2.52351
91 1.82921
345 -1.18036
248 2.01019
96 -2.20032
247 1.96651
209 0.403992
158 -0.661713
371 7.6188
140 -0.136124
332 6.79755
145 -0.437653
246 -2.43323
83 -0.730736
133 0.657745
337 3.78244
343 7.85269
21 -3.10365
81 -2.54554
62 -1.18993
164 -0.103821
113 -0.818031
117 -0.497841
174 -0.346558
218 -0.935318
241 -1.06633
94 2.76292
118 -1.94521
130 -0.767944
7 9.62729
304 4.5943
92 -1.83833
319 5.54993
309 5.59821
142 -1.24318
276 2.62961
126 -0.0807953
143 1.06194
239 -6.85657
260 -13.6939
67 -2.66207
88 -0.519051
17 -3.35568
183 -0.485397
48 -2.94419
0 6.93421
12 -3.32327
94 -2.2544
363 18.1244
108 -7.57304
136 -0.244385
79 -0.8564
167 -0.211151
88 -0.502716
228 0.949158
24 8.22202
86 -1.75466
159 -0.878891
176 -0.14119
74 -1.44303
125 -1.18997
357 5.13589
164 -0.654846
133 -1.09613
338 6.19034
153 1.05362
262 -0.515869
268 0.0332336
123 -0.401855
333 6.7236
241 1.28578
309 3.16293
139 -0.914871
347 9.09396
110 0.271683
211 -0.185379
319 4.37622
144 -0.929321
89 -2.27135
303 4.33313
313 5.09073
146 -1.20082
235 -6.05811
107 11.2823
77 -0.824829
101 2.73322
214 0.0483704
248 1.54942
198 -0.135818
188 0.113708
123 -1.3017
72 -2.16647
198 -0.0621033
36 6.86481
323 2.98206
225 -0.33548
117 -1.37132
23 -3.12735
187 -0.502899
268 -2.57953
157 -0.382751
166 -0.367523
179 -0.128632
366 -1.18195
166 -0.606552
88 -2.22593
164 -0.654572
17 -3.14033
260 -13.6948
74 2.94706
78 1.76966
368 24.2049
166 -0.518829
33 -3.5888
114 -1.43685
226 0.801178
47 6.68093
91 -2.20381
78 -0.371056
164 -0.65451
373 -2.87384
304 4.97815
166 -0.368362
370 1.49112
86 -2.32565
147 -0.818176
150 -0.939972
372 -1.59561
123 -0.40184
312 5.85535
184 -0.0401764
309 3.16541
191 -0.0185394
243 1.18507
89 -2.24232
115 0.205574
246 1.54172
218 -0.939804
246 1.52998
342 8.00772
145 -4.86487
354 8.57303
181 -0.469955
343 7.85269
111 -0.030632
254 1.35834
49 -2.97733
368 24.0582
132 -0.624268
270 0.189056
279 2.78159
81 -2.54505
352 8.99719
208 -1.04834
128 -0.274338
49 -2.7564
51 -2.60083
173 -0.21138
156 -0.684708
232 0.847183
332 7.14508
133 -1.46379
204 0.0704803
298 3.93475
173 -0.198502
115 -0.596001
330 7.42783
136 -0.602051
138 -0.244202
45 -2.51051
48 16.8848
86 -2.29125
86 -0.682137
150 -0.178085
107 11.2854
134 -1.08434
29 -3.91197
286 3.10797
5 -3.32469
45 -2.30323
91 5.58725
111 0.130089
102 -1.43745
271 -20.3124
165 -0.036972
319 5.37381
57 -2.76361
147 -5.59972
373 4.62631
327 3.73807
370 -1.92334
362 -0.297821
303 4.26682
165 -0.498322
31 -3.04139
241 -5.25034
319 3.12457
332 6.3194
356 8.58185
231 -1.08508
266 0.111694
133 -1.10155
327 3.56287
81 -2.58623
4 -3.70299
354 8.57535
147 -0.470596
179 -0.133011
8 -3.62139
351 8.59668
42 -2.84244
248 1.97467
223 0.959213
228 0.918793
63 -1.13489
355 2.38187
220 -3.17863
109 4.01199
189 -0.0680084
303 4.26688
332 6.36951
309 4.64597
181 -0.110855
354 8.57773
130 -0.686096
49 -2.7652
309 5.60092
125 0.875793
187 -0.218521
108 -1.57504
219 0.27626
365 9.5802
153 -0.466873
148 1.00673
136 -1.01321
152 -0.154602
207 0.10376
326 6.11957
194 -0.245071
126 0.241745
152 -0.328262
24 -2.83681
185 -0.0968475
100 -2.01381
209 0.332901
29 -3.63517
343 7.85266
140 -0.163818
166 -0.368393
161 -0.27919
168 -0.269516
221 -2.58492
241 1.28694
147 -0.877716
153 -0.562958
115 -1.3688
237 -5.91307
131 -0.629486
148 -0.799881
299 3.84573
122 -0.436623
165 -0.425751
314 5.39581
266 0.467804
83 -0.874649
183 -0.0457153
109 4.01207
107 -2.9093
215 0.313858
187 -0.219254
81 -2.54558
231 -0.880005
181 -0.641464
241 1.28703
104 -1.83195
7 -2.37472
191 -0.0186768
95 -2.20473
230 -1.1534
157 -0.384369
37 -3.35588
118 0.671227
71 -0.984291
212 -0.525208
122 -1.36185
106 -0.678589
96 -1.77685
110 -0.757355
239 -6.85944
140 -1.13689
116 0.327728
50 -3.31203
185 -0.273758
324 6.54562
271 1.39642
318 6.40048
290 3.43103
330 7.63513
176 -0.141083
55 -2.81289
47 -2.51213
49 -2.76519
244 0.28331
249 1.72427
356 10.2669
132 -1.03336
345 -0.874237
133 -3.93773
338 7.52057
263 -11.7688
249 1.7242
129 -0.55809
129 -0.617172
212 0.414215
327 3.91248
171 -0.148193
139 -0.159409
249 -0.566971
108 -1.60091
166 -0.375336
224 0.600128
357 5.13086
370 11.5274
344 0.383972
367 10.6621
146 -1.19925
200 0.068634
170 -0.243683
45 -3.31369
218 -0.935196
343 7.85263
91 -2.23768
20 15.2091
354 0.107361
94 -2.28835
187 -0.21431
221 0.617661
88 -2.27695
160 -0.136078
357 5.04727
227 0.351715
210 -0.184723
156 -0.300308
314 4.76901
118 -1.94367
96 -2.2494
31 -3.04137
359 1.98624
58 -2.8679
184 -0.106781
215 1.00742
19 9.35477
90 -2.12625
120 -1.70358
218 0.2397
59 -1.34835
90 -1.94638
130 -0.595612
146 -1.20168
78 -2.20487
70 -2.11803
28 -6.21239
143 -0.518982
343 7.85266
215 -1.22858
96 -1.81211
276 3.08432
165 -0.507996
17 -3.11556
109 -0.503128
166 -0.0900116
96 -1.79302
302 4.03955
111 -0.890121
94 2.7624
227 0.812729
74 -1.99911
196 -1.94415
167 -0.0781555
124 -1.38012
139 0.515274
170 -0.134232
3 -14.1101
190 -0.0710754
54 -2.80014
358 9.42801
196 -0.483124
187 -0.074173
373 2.17929
243 -7.20163
117 -1.67171
334 6.90646
140 -0.864532
170 -0.713593
92 2.42989
221 0.641815
53 -2.64328
237 1.12206
53 -2.73182
343 7.85272
356 9.04718
47 -2.74924
133 -1.09622
304 4.59973
257 1.77594
111 -1.83881
178 -0.138535
184 -0.231644
97 -1.72888
333 6.51379
192 -0.70163
101 -2.07554
187 -0.214203
210 0.485992
162 -0.143204
303 4.33267
109 -1.69618
296 4.17694
146 -1.2016
72 -2.04846
204 0.367294
106 -1.77517
103 -1.93256
220 0.862747
141 -0.16362
90 -1.95309
164 -0.543945
203 0.124771
165 -0.498306
185 -0.197586
120 -1.48265
354 26.3755
172 -0.587158
156 -0.74968
18 -1.47859
316 5.13065
250 1.83437
224 0.490295
64 -1.20387
8 -3.66569
208 -1.04892
51 -2.89274
366 4.46588
211 0.46846
168 -0.256927
69 -3.02472
368 24.0638
259 0.0393982
17 -3.11555
36 -3.62354
39 -2.93925
246 -5.16783
327 3.76721
348 8.87723
74 8.02932
354 0.183258
284 3.06848
176 -0.409653
130 -3.1076
150 -0.484863
64 -1.26666
164 -0.654572
28 -1.59546
32 -2.99977
92 -0.880692
20 -3.94761
368 23.7624
154 -0.208603
309 3.16293
321 5.79346
74 40.6953
17 -3.12484
229 1.41534
123 -0.698296
127 5.96844
164 -0.213013
366 -1.16809
280 2.73553
127 5.96516
112 -0.794243
246 1.54163
332 6.79727
278 2.68024
98 -1.45837
215 -1.49284
373 -2.03436
169 -0.223343
368 24.0271
309 4.68817
170 -0.335876
94 5.62505
22 8.82395
166 -0.383026
92 -2.18523
135 -0.645142
89 4.19317
354 8.30353
45 16.8816
186 -0.207352
356 -1.98309
185 -0.0968475
189 -0.147476
269 2.2532
96 -0.540451
158 -0.0286102
134 -0.298584
111 -0.46257
337 3.78146
35 -3.74063
126 -1.06459
97 -1.83717
147 -0.837967
109 -2.06077
50 -2.69131
209 0.0248871
169 -0.646713
102 -1.4372
242 -6.04868
224 0.60054
200 0.107147
107 -0.61097
158 -5.85637
145 -0.516907
115 -0.808304
165 -0.496826
140 -0.125488
74 -2.1309
119 -1.25307
342 8.00922
357 5.13278
171 0.995819
241 0.118301
32 -2.7053
122 -1.42386
347 -1.05042
231 1.04105
76 -0.978561
360 -2.60715
109 4.87827
294 3.58218
214 0.0477905
336 7.54181
372 12.6359
91 -1.44153
64 -2.84546
219 0.338669
294 3.66193
241 1.28636
74 -1.44252
158 -0.69986
61 -1.3206
337 7.1911
90 -0.936844
5 -3.32478
239 1.49872
144 -0.147324
230 1.09406
136 0.413818
325 5.73465
283 2.76721
51 -3.04581
107 -2.25193
6 -4.50017
71 -2.41624
93 -0.885933
96 -2.2003
90 -2.34384
231 1.0813
108 -0.349792
368 24.1451
207 0.234863
223 0.690125
268 2.39865
242 0.484024
153 -0.493759
338 7.82758
334 6.90634
111 -0.878128
309 3.16431
346 8.76117
136 -0.262314
41 -2.8315
338 7.87936
149 -0.437958
359 -0.717499
292 3.62668
123 -1.33968
373 -2.12927
347 -1.05194
199 0.021759
91 -0.944382
369 -2.0986
210 0.302811
138 -0.324036
63 -1.26131
241 1.59444
137 -1.04836
214 0.457642
229 0.720764
256 1.46149
130 -1.61919
306 3.97043
74 -1.44354
254 -9.39314
93 -1.8266
136 -0.00518799
188 -0.15416
370 -1.4346
187 -0.514084
57 -2.22355
290 3.37213
112 2.49818
224 0.60022
364 -1.45276
358 0.746155
137 5.91904
28 -6.20805
153 -0.805603
146 -0.944305
346 7.43576
322 5.28098
368 10.7376
315 4.95862
337 6.72562
338 6.69952
259 0.0395203
160 -0.136627
188 -0.111084
163 -0.103714
256 -0.203613
79 -1.94425
46 -2.48038
350 8.96744
82 7.9628
74 -0.994354
221 0.322632
87 -0.649841
337 3.78763
304 5.44699
166 -0.461197
190 -0.222824
179 -0.234711
348 -1.04648
29 -3.63495
299 4.61948
268 1.46579
242 -4.94962
111 -1.83772
107 11.2851
90 -2.86901
351 9.27264
22 -3.11778
349 7.83667
276 2.48834
208 -1.04852
236 0.645096
373 -2.09778
357 8.70752
187 -0.220062
111 -1.83764
111 -0.909805
319 5.67361
340 -3.0791
184 -0.105835
90 -1.48661
249 -0.569077
105 15.5001
357 9.68246
174 -0.225815
221 -2.58469
140 -0.555984
57 -2.21495
92 -0.920593
358 -2.70889
241 -5.25098
98 -2.22359
140 -0.136398
212 0.313278
4 9.72405
29 -3.63507
153 -0.094162
365 -1.36887
106 -2.05163
204 0.15892
61 -1.96876
305 4.20981
102 -1.4365
281 2.81369
126 -0.427589
326 6.12103
166 -0.191925
124 2.43327
87 1.77451
96 -1.44292
128 -0.274292
314 4.03528
79 7.32928
90 -0.948502
15 -3.87534
303 4.33255
336 7.04593
91 -2.18917
367 -0.97052
144 -0.530731
160 -0.137527
154 -0.211929
50 -2.31819
206 -0.114029
157 25.2942
41 -1.46089
111 -2.77792
166 -0.275024
294 3.66177
373 0.114777
202 0.0944214
320 5.59332
252 1.15599
343 7.85266
165 -0.262924
338 7.91617
110 -0.673233
189 -0.201065
253 -3.46799
209 0.123779
119 0.84697
24 -3.97693
218 -0.935471
265 2.01239
26 -3.27946
194 -0.254395
7 -4.83283
161 -0.388107
113 -0.400055
128 -1.5625
152 -0.153046
241 -57.5456
134 -0.498245
303 4.26688
206 -0.164963
76 -1.06676
87 -2.22269
183 0.00198364
117 -1.78328
318 5.01181
353 -2.17413
175 -0.422318
241 3.06604
90 -1.96259
184 -0.106918
108 -1.55314
366 -1.17075
20 15.1687
231 1.06708
250 0.0170898
208 -1.04881
94 2.77147
112 -0.42691
94 -1.5527
142 -0.387512
112 -1.49229
6 -4.544
146 -0.432465
159 -0.862396
132 -0.498367
279 2.39655
254 1.46896
64 -2.82954
165 -0.507996
119 6.88371
185 -0.169876
7 -2.37514
89 -2.202
346 7.36359
274 2.48209
188 -0.224411
213 -0.540039
206 0.197983
228 0.947128
81 -2.01044
58 -2.16745
365 -1.98056
116 0.327774
219 0.348358
117 -1.37666
89 -1.7592
1 -3.27348
9 -3.3367
366 27.6447
252 -0.131073
347 0.283783
279 3.38593
34 -1.56422
213 0.365829
97 -2.19019
147 -0.502655
69 -1.07675
358 -0.636566
50 -1.34947
93 -1.48815
94 2.76341
347 1.28302
191 -0.179092
373 0.114807
138 -0.685944
220 -3.21457
85 -1.01418
92 -2.22034
44 -2.70611
367 9.93546
146 -1.20097
332 6.79749
176 12.3542
239 1.49637
290 3.2879
118 -3.6806
246 1.52995
14 -3.28682
155 -0.649155
268 2.16922
177 -0.282547
47 -2.84734
103 -1.92157
358 -0.941833
180 0.00202942
173 -0.239304
61 -2.69649
184 -0.106735
110 -1.97928
72 -2.16621
143 -0.388794
164 -0.651993
331 6.8912
183 -0.0461884
317 5.19107
192 -0.233444
334 7.31635
359 -0.717712
188 -0.0437164
88 -2.19178
118 -1.53456
36 -3.50874
228 0.25267
123 -0.697006
286 3.21756
84 -1.12805
161 -0.391968
95 -1.45988
221 0.628708
134 0.218567
320 2.7406
204 0.0701447
170 -0.38443
237 1.12143
219 0.449524
294 3.57697
140 -0.424683
236 1.48672
332 6.79758
327 4.8537
274 2.48108
177 -0.177933
63 -2.57521
298 3.94144
328 6.53394
113 -0.818207
373 -0.15036
130 -1.04684
123 -2.91019
226 0.809006
140 -0.469437
261 1.86679
191 -0.0187836
78 -2.34588
225 0.476212
4 9.72532
110 -0.533325
184 -0.231552
323 6.1994
335 3.70203
83 -0.728058
38 14.4737
232 0.847198
215 -1.22855
201 0.221054
253 -0.162628
92 -2.24496
263 -13.7831
111 -0.900841
204 0.130035
158 -5.93037
213 0.405243
226 -0.125992
117 -1.64618
111 -0.892937
341 7.44653
15 -3.87657
187 -0.21405
64 -2.85028
155 -0.474442
58 -1.11209
241 -2.51308
157 25.2918
180 -0.0842896
36 7.36864
344 7.25781
199 -0.0918884
210 -0.183594
29 -3.63506
290 3.36935
78 -1.19776
203 -0.978836
361 7.62497
367 10.3481
107 11.2807
186 -0.226883
338 6.72107
179 -0.25
33 -2.96139
217 0.327759
215 0.311279
23 -3.13049
361 2.18155
224 -0.988281
211 0.462051
159 -0.0791016
107 6.46452
73 -1.57358
134 0.990479
370 9.36182
213 0.705093
371 18.1586
323 6.58316
120 -0.645752
174 -0.0729218
171 -0.181198
143 -0.234146
303 4.33264
129 -1.62966
150 -0.474899
247 1.23785
236 -0.287186
185 -0.169571
28 14.8377
166 -0.368744
62 -2.76106
102 -0.849396
117 -1.64478
303 4.33179
107 -0.898209
238 -5.56261
292 3.36646
15 -3.39165
157 -0.0752716
261 0.803101
327 3.56265
310 4.67419
296 3.96887
181 -0.110855
296 3.68536
215 0.703827
266 2.0322
48 -2.37334
298 3.93475
368 10.7267
130 -0.401245
327 3.77051
256 1.62866
83 -0.730171
150 -0.144287
143 -0.522293
209 0.519684
111 4.85754
6 6.68546
126 -3.03406
154 -0.252441
151 -0.486496
41 -3.40553
210 -0.431061
190 -0.226471
187 -0.21405
78 -2.43074
156 -0.0913391
334 6.91226
365 9.55283
140 -0.426224
221 1.01996
208 -1.04861
165 -0.508652
143 -0.28334
339 6.74295
180 0.0115356
347 -1.05133
158 -0.0285339
206 0.147659
77 -2.38709
271 4.69568
199 0.151413
131 -20.2515
123 -0.692314
119 -1.6122
214 0.975601
29 14.8928
81 -2.16942
185 -0.274002
153 -0.400055
105 3.25435
157 -0.150528
269 2.15607
243 -7.19975
133 -1.09599
279 2.67947
309 4.79865
291 3.41132
15 -3.87627
99 -9.93523
142 -0.602264
303 4.2674
222 0.151581
364 9.49255
207 0.0850677
120 -1.29185
94 2.76258
264 1.18042
89 -2.02081
368 21.863
213 -0.882462
185 -0.274033
47 -1.25388
334 6.90625
191 -0.0187073
226 0.794952
22 9.15027
99 -0.869652
52 -3.22174
301 4.54065
351 8.07291
272 2.44992
191 -0.0187073
83 -0.874626
332 6.79755
199 -0.136246
7 -4.98365
205 -0.525452
159 -0.312714
320 5.59332
160 -0.174118
218 0.307083
246 1.92796
220 0.384033
206 0.106262
360 -2.78528
203 -1.06908
87 -0.824432
172 -0.468445
82 -2.45472
338 7.58636
98 -1.35625
219 0.512558
64 -11.357
199 -0.0126038
140 -1.13693
349 1.46039
333 4.44113
230 -1.0746
101 -1.4026
204 0.159119
30 14.7136
369 10.7854
345 7.29749
139 -0.34729
114 -13.1363
185 -0.208908
74 -1.19625
215 -1.22919
74 -0.91571
171 -0.169647
94 -2.26356
188 -0.0436554
209 0.369263
373 0.114777
166 -0.241043
164 -0.256683
359 -0.889648
185 -0.273773
208 0.249191
95 -0.845268
57 -2.22368
226 -0.945312
116 0.328033
224 0.951889
153 -0.188995
84 -2.36529
96 -2.17686
33 13.7149
86 -2.29258
143 -1.40196
162 -0.355545
175 -0.263077
90 3.3865
337 7.19122
209 0.305115
105 -1.80122
157 -0.618607
1 -4.73954
347 -0.670197
191 -0.0187836
214 0.0309601
334 6.91238
29 -3.63499
185 -0.194626
105 -1.86674
196 -9.58118
261 -1.93622
143 -0.0589142
241 1.28618
207 0.276749
353 9.23245
303 4.33157
362 -2.11621
345 -0.898682
224 0.82193
219 0.312714
107 -2.23866
334 7.25601
334 6.90683
62 -1.98367
118 7.25917
12 -3.28813
188 -0.15416
215 0.50592
344 8.16016
320 5.59332
223 0.687393
215 1.00717
155 -0.0834045
220 -3.17705
149 -0.441711
143 -0.364792
237 1.12253
127 -0.624794
354 8.23248
33 -3.58871
228 0.513214
26 -2.76015
4 -3.96472
130 -1.6188
284 3.02066
156 -0.740799
241 1.28622
231 0.564117
215 1.0076
348 -1.04672
185 -0.214996
162 -0.046814
17 -3.12436
208 -1.04884
20 9.37606
349 0.607971
212 -0.098053
32 13.8701
251 0.0222015
117 -1.64484
58 -2.06606
228 0.921829
166 -0.265488
155 -0.27803
181 0.0105133
312 5.85541
199 -0.00617981
105 15.5125
31 14.4356
191 -0.0187683
306 4.62668
164 -0.565964
36 -3.40768
351 9.21048
52 -0.423603
192 -0.156601
343 7.85266
228 0.70079
215 -1.22919
33 -3.59064
153 -0.411179
192 -0.0694122
157 -0.617706
170 -0.192612
352 9.50867
264 -13.886
218 0.227066
336 4.00629
359 0.840576
138 -0.951431
313 5.09082
345 5.96384
352 8.14917
113 -0.822403
18 -3.44454
325 6.39224
156 -0.427414
350 9.12103
315 4.91232
137 2.78902
190 -0.226486
319 5.67462
147 -0.431824
341 7.89224
231 1.08519
166 -0.102158
328 6.79227
249 0.00708008
110 -0.870193
242 -6.04849
168 -0.168823
118 -1.4923
347 -1.05222
158 -1.01935
305 4.18982
359 -1.77356
138 -0.667557
313 4.76331
165 -0.498718
214 0.047821
97 -2.26434
84 -1.19136
153 -0.521072
271 2.33679
326 6.12094
115 -1.68638
138 -0.139221
211 0.246384
299 3.79871
107 11.2796
148 -0.418381
355 9.20108
107 -2.24953
134 -1.08424
159 -0.0852966
72 -1.14192
92 -1.83569
179 -0.128845
155 0.938141
105 0.76226
88 -1.66375
373 -2.10516
100 -2.12453
249 -2.99438
340 6.97479
340 5.13882
70 -1.08763
350 7.34311
150 -0.402969
204 0.285965
368 21.8597
342 7.98526
190 -0.222595
230 -1.04599
253 -3.44604
15 -3.87645
194 -0.160553
146 -0.455444
207 0.387878
209 0.123215
61 -2.31853
249 -0.581772
130 -0.348724
335 6.38593
368 -0.0393066
200 -1.01215
183 -0.0474091
192 -0.156754
194 -0.252136
322 5.08298
320 5.59332
310 3.91528
110 -0.853828
33 -3.59075
226 0.801315
159 -0.299133
200 0.0178528
42 -2.86449
115 -0.832199
334 6.90701
362 -1.85165
215 0.707764
218 -0.933411
149 -0.503098
206 -0.191208
332 6.42651
33 -3.59075
137 5.87654
368 1.65634
332 7.4928
336 7.0307
213 0.465103
149 -0.404877
140 -0.425766
131 -1.31619
75 -0.890381
359 -0.717346
309 3.16284
313 4.44867
303 4.26721
246 1.90848
198 0.0118103
184 -0.106995
373 -0.152344
168 -0.134567
333 3.9238
370 -2.72382
159 -0.299255
206 0.213181
313 5.09076
87 -1.57946
351 -1.39929
70 -1.06948
215 0.183029
107 -2.90809
201 0.191513
112 -32.0225
222 -2.66714
155 -0.145706
275 2.60651
366 -1.17059
212 0.607361
184 -0.231506
359 1.90161
109 4.01222
322 6.02133
368 24.0938
84 -0.950615
205 0.163651
372 -1.64755
130 -1.04596
192 -0.105728
158 -0.0287476
209 0.123444
166 -0.173981
201 0.286926
180 -0.0338593
249 7.2677
153 -0.193466
46 -1.41488
319 5.75394
107 -1.83987
160 -0.998306
3 -3.28488
184 -0.106659
74 -2.00034
158 -0.361481
61 -2.01054
337 7.19125
112 -2.02819
304 4.25537
138 0.468506
358 9.01575
360 -0.305847
141 -0.869019
355 9.54721
278 3.13693
305 4.28122
134 -0.360382
86 -2.27693
190 -0.216583
354 9.0033
171 -0.537659
94 -2.31389
188 -0.0944824
237 -0.995605
371 18.1914
211 0.161224
50 -1.66055
246 -3.13684
310 4.42072
360 0.123718
202 0.218201
64 -2.84183
327 3.56482
211 0.46048
96 -2.1897
20 -3.1236
86 -2.27654
123 -0.610947
126 0.403122
344 -0.619965
293 3.62756
223 0.208664
105 3.2542
197 -0.0420837
48 -2.94452
248 1.15707
55 17.3674
227 0.562042
154 -0.20372
77 -2.09452
357 9.49777
283 3.05582
222 0.725174
289 3.27145
35 -1.06365
190 -0.226624
88 -2.4001
90 -1.61227
143 -0.522873
343 7.85263
215 0.70845
18 -1.88394
353 9.27359
31 -2.92882
372 -2.57565
214 0.972153
129 -0.332962
140 -1.13702
165 -0.524765
141 -0.435074
187 -0.214005
211 0.457794
274 2.29135
303 4.33282
139 -0.390839
346 7.19809
211 0.342957
62 -1.27565
327 3.56369
203 0.503433
347 0.728607
348 -1.04633
332 6.79745
73 -2.27658
338 6.75803
373 12.3826
330 6.83768
239 -6.85844
101 5.46384
357 9.79355
158 -0.135605
274 2.5231
150 -0.307053
214 0.971985
164 -0.535614
143 -1.14854
368 21.8515
228 0.7052
112 -1.23233
330 3.54184
126 -0.385506
162 -0.331299
126 -29.1631
364 -0.935303
306 4.57178
141 -0.276718
239 -6.85652
125 -0.669739
149 -0.242325
26 -2.33177
185 0.073822
309 3.16281
348 7.28702
112 2.4978
187 -0.187668
356 -0.974518
112 2.49774
292 3.47919
190 -0.189011
127 -1.17583
29 -3.6352
281 2.78235
334 6.90622
91 -1.77846
105 -0.601845
31 -3.04151
373 2.10959
174 -0.329193
190 -0.188812
226 0.765396
264 0.87085
24 9.1635
169 -0.119919
5 -3.97189
70 -3.03723
156 -0.301239
165 -0.507294
225 0.236801
78 -0.374161
309 3.16379
339 7.0676
198 -0.14888
345 -1.19431
160 -0.054306
142 -0.574661
15 -3.87641
348 -1.0513
341 7.86816
337 3.78745
307 5.23123
154 -0.0744476
269 2.42474
214 0.362732
164 -0.542862
19 9.40577
95 -2.13586
184 -0.231583
220 -0.798935
218 0.465942
100 -0.661942
345 -1.15524
234 0.975662
71 -1.19083
104 5.50907
150 -0.48468
361 8.69934
16 -3.26479
309 4.05698
327 3.76199
332 6.7973
155 -0.853333
27 -3.57309
152 -0.149536
241 0.888535
217 0.380203
145 -0.301102
249 0.00209045
316 5.85443
310 4.6134
155 -0.34668
227 -1.00839
71 -1.10884
291 3.43256
179 -0.0199127
131 -1.10004
117 -1.48581
145 0.528992
92 -1.56388
333 2.78568
223 46.7605
227 0.590759
35 -3.54567
78 -0.371834
337 -16.1042
77 -2.44014
141 -0.438446
53 -2.7279
38 13.0411
75 -2.13754
195 -0.0974731
45 -3.31289
8 -4.92759
33 13.7142
306 4.63235
355 -1.38684
50 -2.62392
147 -0.0825653
78 -2.41405
125 -0.506432
128 -0.316544
76 -2.48442
313 4.77609
156 -0.301361
34 -3.1918
206 -0.165146
146 -0.381668
188 -0.878723
153 -0.128662
353 8.57736
190 0.094986
309 3.16376
230 0.266632
348 7.74948
157 -1.06468
33 -3.63744
84 -0.999908
123 -0.616615
348 9.0397
326 6.44464
315 4.92154
221 -17.6068
331 6.61545
279 2.71213
351 7.6868
190 -0.188858
21 -3.29349
115 -1.49899
112 2.49715
248 1.98964
37 -2.97453
176 -0.21405
373 -2.87384
135 -0.342468
156 -0.0568237
147 -0.25444
188 -0.875748
198 -0.113968
169 -0.23584
347 -1.05032
361 0.0917053
50 -1.65989
311 5.07071
355 -1.38763
214 0.976532
363 -0.92453
187 -1.73221
372 -0.951202
120 -15.0169
96 -2.21498
347 1.16553
130 -1.04742
195 -0.0996094
117 0.59214
279 2.43256
342 6.25781
282 2.78909
181 -0.111664
56 -2.40297
167 -0.270477
31 -3.0415
225 0.406235
107 -2.24807
192 -0.114731
34 -2.91527
355 -1.38629
126 -0.269051
191 0.18721
152 -0.351318
98 -0.911156
227 0.518387
161 -1.41089
114 -13.0241
284 2.9082
332 6.79739
34 -3.0582
312 5.85846
249 -0.567795
356 -2.36456
343 7.89246
204 -0.569962
109 -0.527863
62 6.39063
154 -0.14328
351 0.378571
356 9.44888
354 8.57214
37 -1.45829
40 -2.6604
104 -2.26041
162 -0.316666
290 3.37946
50 -1.34912
33 13.7135
208 -0.575043
281 2.8215
373 11.0869
210 0.104965
139 5.64751
84 -2.27522
125 -0.497238
323 5.4397
120 -1.28828
128 -0.727676
251 -1.98105
111 -1.83794
102 -1.4371
191 -0.0527496
336 7.64185
366 27.6611
174 -0.264557
2 -14.2731
327 3.76318
54 -2.24821
130 -1.61693
240 3.33968
227 0.139725
133 -1.17554
247 -7.08401
154 -0.248749
305 4.4722
134 -1.08415
224 0.359528
133 -0.647736
146 -0.409698
218 -0.284576
123 -1.33568
82 7.96236
334 7.13351
133 -0.351746
320 5.59329
215 0.712219
137 -0.684204
359 -0.716492
218 0.606628
350 2.46872
210 0.171997
117 -1.64655
202 0.176651
181 -0.135956
192 -0.0742035
76 -0.831436
118 -1.31019
169 -0.275635
100 -1.32488
236 0.609909
294 3.66162
182 -0.0454254
185 -0.206772
81 -1.94363
306 4.32797
326 6.121
114 -0.575302
260 -0.556458
370 0.495605
62 -1.09069
112 -0.4832
337 -6.33652
129 -3.65878
135 -0.34787
337 -9.36578
373 -0.149719
150 -0.941849
60 -1.88758
360 0.777771
355 8.29263
203 0.186417
355 9.30673
208 -1.254
373 -0.149994
224 0.357605
201 -0.0461426
97 -1.72623
140 -0.125153
48 -2.65412
325 6.12402
171 -0.195847
191 0.187088
15 -3.87547
48 -2.87569
92 -0.729576
328 6.5769
94 2.76283
112 -1.78397
327 3.78836
309 3.16589
123 -0.702141
52 -2.71353
137 2.25224
27 -3.12773
162 -0.348053
182 -0.00735474
214 0.0483246
338 6.75394
363 6.32324
232 0.847
115 0.204773
190 -0.188889
337 6.76669
317 4.09662
309 3.16321
192 -0.101013
345 -1.26642
218 0.351578
15 -3.24802
182 -0.099823
57 11.3159
96 -0.949036
148 -0.170456
298 4.31213
174 -0.0829315
80 -0.793159
125 -0.378326
183 -0.0461273
188 -0.87381
130 -1.61864
227 0.53598
4 -3.39359
322 4.63834
341 7.31924
366 27.6418
335 6.85721
362 -1.19415
344 4.29135
352 2.74371
9 -3.24485
327 3.76526
184 -0.231613
190 -0.566879
169 -0.388077
284 3.05774
105 15.5138
23 -3.23145
213 0.705078
122 -0.722672
211 0.338745
206 -0.165176
192 -0.07901
195 -0.0846558
150 -0.766373
128 -0.612457
304 4.9295
33 -3.58866
224 0.501068
224 0.600555
199 -0.00720215
303 4.26733
307 4.47842
15 15.332
366 10.7365
121 -1.2022
283 2.84299
187 -0.502426
317 5.21323
149 -0.323547
181 -0.157516
124 -1.57615
118 -0.517761
211 0.402573
182 -0.3405
135 -0.570374
371 25.0448
190 -0.0922394
120 -1.95307
143 -0.466309
15 9.57651
154 -0.113861
184 -0.105728
145 -0.437317
218 -0.935501
366 27.6567
83 -2.25707
118 -1.94521
139 -0.287354
208 -1.04881
60 -2.57011
170 1.61162
319 3.75021
116 0.327873
187 -0.187332
20 15.2088
307 4.62964
44 16.7757
223 0.113831
353 -2.97635
315 5.1301
312 4.72488
97 -1.8158
132 -0.703064
127 -2.7282
176 -0.312958
155 -0.252472
134 -0.570297
63 -2.66626
94 2.76258
190 -0.226547
232 0.847122
131 -1.02209
89 4.39639
102 -1.91183
136 -0.00538635
20 15.2089
111 -1.83785
156 -0.820023
313 4.61142
236 -0.287476
249 1.00307
190 -0.207184
206 -0.16449
299 4.01279
130 -1.61714
227 0.350677
14 15.8927
320 5.59317
232 0.847076
148 1.18192
292 3.5647
140 -0.440353
169 -0.362915
178 -0.028717
367 -1.27396
192 -0.128036
119 6.70542
80 -1.15508
348 -1.0473
206 -1.14047
162 -0.065979
359 -0.7164
213 0.704849
373 -0.148621
274 1.60028
307 4.47159
106 -0.830818
290 3.50562
127 -0.460266
101 -1.98203
194 -0.257202
179 -0.0169678
225 0.36525
182 -0.310425
352 2.18549
159 -0.299652
179 -0.203049
146 -1.20135
162 -0.0814514
130 -0.343262
364 8.99802
363 18.1654
191 0.187912
355 8.32599
311 5.08142
107 -2.25222
126 7.37778
354 0.151794
174 -0.442535
327 6.31683
195 -0.0246735
320 5.42331
93 -1.77079
242 0.546463
39 -2.80362
169 -0.212219
320 5.59326
131 2.54562
174 -0.0883942
141 -0.460358
307 4.10202
12 -3.2779
304 3.93942
107 11.2817
59 -2.42238
205 0.22261
81 -2.5976
307 5.26089
141 -0.458969
217 -0.234039
39 -2.85015
325 6.12347
162 -0.187256
196 -0.139786
369 23.9956
164 -0.654541
202 0.227356
156 -0.301437
228 0.705368
286 3.23181
63 -2.60157
190 -0.188889
150 -0.855804
227 0.495895
309 3.16461
117 -1.64658
210 -0.182632
114 -0.823196
184 -0.155472
125 0.872375
128 -1.407
355 8.32986
257 1.49338
270 2.26288
49 -2.76466
284 2.98743
356 29.1204
220 0.658981
117 -1.98907
318 5.41452
216 0.301956
313 4.8067
76 -0.851334
111 -1.50687
10 -3.54987
339 6.7254
101 -1.39622
174 -0.408768
352 1.46182
111 -1.83794
345 7.50119
103 -0.571243
190 -0.218491
196 -0.745209
93 -0.90036
156 -0.300476
283 2.55316
334 6.91327
117 -1.64491
116 -1.43576
77 -2.04524
354 -2.20767
158 -0.146637
158 -0.783218
48 -2.94486
347 8.71939
320 5.5932
330 1.76651
361 -0.316223
223 0.932846
218 0.633774
268 2.29211
146 -1.20081
93 -1.6944
203 -1.18695
326 5.32047
162 -0.343369
343 7.94098
357 9.46097
121 -1.20526
146 -1.20079
348 8.51215
75 -2.12645
152 -0.131744
192 -0.129456
303 4.33136
215 0.708511
145 -0.437317
208 0.268585
159 -1.00311
286 3.2215
185 -0.206573
325 5.6637
353 9.37134
313 4.80634
154 -0.206619
370 1.67468
207 0.25148
343 7.85266
125 -7.5796
366 -2.742
105 15.4879
105 -5.82649
155 -1.22255
326 6.11966
286 3.21219
165 -0.502213
112 -1.46709
103 -0.619461
160 -0.967789
99 -1.68977
57 -3.02394
239 1.16216
107 -0.541206
96 -0.941605
141 -0.458908
107 -1.79583
304 4.22134
137 0.399368
144 -1.009
160 -0.143051
137 0.75647
159 -0.843216
211 0.463806
310 4.80289
57 -3.02421
26 -3.86206
201 0.189926
355 8.38345
140 -0.332718
184 -0.231628
373 -0.162689
116 0.327911
325 6.12207
230 0.618835
162 -0.828583
209 0.219818
107 -2.24061
34 -2.97316
146 -1.20108
221 -2.58469
321 5.9259
99 1.26801
273 2.41586
30 -3.55129
214 0.232666
155 -0.297821
143 -0.269104
202 0.293213
139 -1.10133
18 -3.92317
204 0.133942
326 6.12003
193 -0.56427
305 4.07608
359 -0.716339
46 -2.62873
192 -0.156662
351 0.396515
344 8.05911
192 -0.105347
344 7.31311
196 -0.113205
108 -1.59716
230 -0.958054
165 -0.289536
206 0.278442
122 7.27814
174 -0.163086
198 -0.041687
172 -0.123734
215 0.703537
24 -3.14738
349 3.67441
373 -0.165649
249 -0.567734
111 -0.914017
29 -3.83699
70 -0.934525
359 -1.0275
213 -0.560501
366 27.6588
86 -2.29236
133 -0.320557
19 -3.70501
193 -0.0856323
209 0.261429
29 -3.24629
118 -1.6787
57 11.3183
194 -0.361755
139 -0.312515
159 -0.299301
187 -0.219299
190 -0.0932465
53 -2.72793
231 -0.877869
269 2.37289
259 -0.620544
94 -1.81235
248 1.06886
155 -1.164
227 -0.786377
148 -0.264923
287 3.14746
178 -0.176224
313 4.83603
326 7.05161
351 2.383
164 -0.211914
199 -0.0430908
189 -0.166779
143 -0.07341
144 -0.279922
225 0.820297
303 4.33157
87 -2.45473
345 8.68237
213 0.352325
95 5.77618
208 -0.357025
4 9.72695
141 -0.438538
350 1.09171
45 -3.31203
235 -0.0439148
193 -0.200775
154 -0.378174
98 -0.937256
287 3.14447
59 -2.30857
144 -1.08424
215 1.00624
150 -0.941833
116 -1.70282
171 -0.153046
133 -3.95697
208 -0.428619
320 5.59329
348 8.87439
224 0.357574
97 -2.21995
86 -2.28296
100 5.84355
93 -2.29385
120 -1.73133
373 -0.162811
107 -2.2381
96 -1.78642
355 22.4967
232 1.90292
158 1.79053
184 -0.10672
149 -0.183121
156 -0.129608
227 -1.04643
321 5.83542
307 5.81329
141 -0.509216
291 3.50009
15 -3.87545
215 1.00766
244 0.988129
82 -1.10096
359 -0.717407
214 0.0308228
292 3.47379
2 -3.56263
242 -6.00188
38 -1.46222
225 0.508438
193 -0.198059
153 -0.252167
62 -1.6377
249 1.72432
344 7.37344
327 7.28827
150 -0.485214
228 0.65976
340 4.96738
203 0.278168
289 3.2948
211 0.170654
51 -1.27401
67 4.32481
52 -2.79162
152 -0.131714
350 7.53745
231 -0.880585
194 -0.177032
112 -0.810127
152 -0.25177
17 -3.3021
269 2.17166
227 0.346466
218 0.311386
76 -2.44453
302 5.50113
144 -0.158813
155 -0.286911
110 -2.07497
347 -1.05078
232 0.847198
191 -0.171829
347 7.55579
327 3.56244
313 5.09076
341 6.96524
49 -2.9762
199 0.152344
150 0.482712
191 -0.0343323
355 -1.38849
36 -3.40969
337 0.072998
98 -2.15154
324 6.01331
74 -2.48752
133 -1.46588
192 -0.213379
303 4.11057
354 8.57526
33 -3.59048
219 0.641953
169 -0.352966
309 3.16302
100 -0.959732
35 -2.74287
169 -0.539658
268 2.2923
109 -1.91158
131 -1.0992
187 -0.214355
214 0.0479584
337 7.19135
215 1.00778
107 8.389
146 -1.20105
187 -0.257141
144 -0.222046
355 8.293
193 -0.204361
144 -0.498291
255 1.00061
254 -4.82509
151 -0.295258
98 -0.938362
17 -4.08063
236 0.961929
17 9.46693
332 6.7973
327 3.87576
359 -1.10486
161 -0.589584
367 10.4196
111 -0.914261
48 -2.94437
256 1.45117
100 -2.00789
309 3.16293
296 3.78333
14 -3.20751
358 -0.459534
317 5.03821
160 -0.12709
130 1.72418
73 -32.07
144 -1.08127
337 7.19138
36 -2.96533
120 -0.505699
129 -1.42857
364 0.768738
366 -1.15857
147 -0.829437
340 5.52008
7 -3.32871
268 1.79016
367 -1.26111
282 2.84702
35 -1.81899
112 -0.805168
205 0.343582
113 -1.51013
235 0.878632
193 -0.500244
159 -0.160156
227 0.504364
100 -2.03922
262 1.26819
294 3.59064
349 8.86261
366 -1.61105
259 0.0394897
81 -2.5954
127 -19.2976
122 -1.66
335 4.23138
357 5.13937
68 -2.62169
363 -0.485718
110 -41.1289
344 4.18744
119 -0.676971
158 -0.100296
156 -0.20163
315 5.18271
256 -1.0894
347 -1.05042
348 -1.04449
195 -0.226227
143 -1.33023
62 -1.20306
364 9.49286
112 -1.60931
157 -0.837341
327 7.20715
337 7.19116
286 3.21808
91 -2.19743
314 6.46185
362 8.98785
345 7.25604
107 11.2802
136 1.23886
249 1.72429
181 -0.130936
177 -0.243729
366 -2.58325
205 -0.0766907
3 9.85382
303 4.33313
344 5.25696
45 -3.3128
40 -3.2579
91 -2.09492
142 -0.201965
146 -0.329147
110 -20.9008
169 -0.134033
339 6.90439
103 -0.611145
301 3.90198
328 8.02258
149 -0.416306
348 6.92691
295 3.6546
206 -0.16449
366 1.98965
349 0.547516
156 -0.0769043
172 -0.561325
125 4.68399
185 -0.197845
146 -0.261139
229 -1.22186
215 -0.164673
355 -1.38824
317 6.82059
133 -1.46272
279 3.38553
182 -0.0454559
210 -3.06129
148 -0.0855865
272 2.45114
322 5.67789
332 6.79739
334 8.10657
335 7.70486
320 5.5932
142 -0.228973
143 -0.278427
345 -1.18637
151 -0.362427
149 0.531921
126 -0.447327
93 6.05369
112 -0.531769
181 -0.132599
28 -2.99183
348 6.40103
209 0.193008
209 0.123703
66 -31.1407
187 -0.514191
102 -1.1546
113 -0.84124
39 -11.3717
208 -1.0488
7 -2.22903
147 -0.863632
72 -3.04405
168 -0.645432
97 -1.81988
53 -2.72786
140 -1.13708
283 3.00558
138 -0.630554
267 2.08307
81 -2.59721
337 7.48196
207 0.360077
325 6.12204
172 -0.120682
160 -0.352707
365 0.147858
213 -0.527542
284 3.05063
168 -0.647079
160 -0.114822
359 -0.718048
33 -3.5908
145 -0.437119
22 -3.19913
176 12.3758
273 2.46359
327 3.76733
49 -2.7898
72 -2.39017
125 0.875099
149 -0.330536
371 -1.7865
119 -1.74557
220 -0.851486
16 -3.90527
129 -0.306198
100 -0.908051
133 -0.194687
194 -0.15918
10 10.4303
130 -0.355072
159 -0.299438
290 3.50327
363 11.0106
64 -11.3785
276 3.08432
342 7.552
75 -2.21916
81 -2.54542
185 -0.19458
368 -3.56454
323 6.20255
115 -0.522583
348 8.86591
315 5.02798
331 3.88474
315 4.98566
163 -0.159851
313 6.39096
345 8.01602
357 2.32224
62 -2.49227
316 4.85135
231 1.48828
268 2.28857
319 5.24081
208 0.333923
204 -0.0496979
308 4.64102
233 2.3089
146 -1.20091
288 3.26959
373 -0.164856
107 11.2799
16 -3.95829
313 5.09079
249 -3.23071
225 0.80925
83 -2.46384
100 1.50175
164 -0.803955
211 0.474899
129 -0.344101
169 -0.398224
215 -1.22931
160 -0.610138
141 -0.459686
132 -0.437622
74 -1.44237
208 0.194168
64 -2.84763
184 -0.106506
210 -6.19305
366 -2.58044
207 -0.466766
178 2.96715
209 -0.416382
294 3.66187
351 1.60587
213 0.264633
190 -0.188629
360 -1.06726
185 -0.194595
41 -3.48678
373 2.21887
268 2.1745
320 5.5932
133 -1.46338
39 -3.54279
204 -0.99292
119 -14.8275
235 -0.0438385
170 -0.57283
304 3.93317
170 -0.505539
308 4.94006
111 -0.896469
110 3.95076
107 -2.24817
355 2.2229
30 -2.97534
277 3.29568
197 -0.228668
373 -0.151062
90 -2.8699
306 5.66544
249 1.72429
363 6.30984
160 -0.0675354
149 -2.02289
154 -0.0671844
239 0.630234
72 -2.27553
292 4.03381
309 3.96414
126 -29.1645
162 -0.345169
335 6.47968
214 1.00734
368 23.8001
122 0.891869
138 0.468826
137 -0.394592
115 -2.11121
329 6.38614
304 4.13757
153 -0.340195
170 0.0166016
230 -1.00812
139 -0.141449
172 -0.505966
193 -0.457443
146 -1.20097
173 -0.487381
363 18.1788
218 0.438797
122 0.139282
133 -1.46404
19 -4.03235
123 -1.61049
196 -0.717194
329 6.90302
35 -3.02713
183 0.036377
330 5.90726
114 0.280449
364 9.48096
235 0.841385
304 4.22989
160 -0.0487976
247 0.980148
112 -0.698517
232 0.847122
353 8.32736
140 -0.12529
239 0.689774
137 0.829681
105 15.5004
92 -0.291962
298 3.8844
128 6.75174
81 7.49094
187 -0.187561
43 -2.74532
293 3.47827
96 2.43703
186 -0.735596
273 2.58771
116 10.5943
118 -1.93629
222 -2.6803
273 2.3746
124 -1.37269
128 -1.44558
123 -0.440689
347 7.34528
302 4.5459
362 -2.86041
192 -0.206543
106 -0.867058
124 -1.94739
345 7.58527
105 3.25412
332 6.79764
116 0.328407
291 3.36765
362 8.97745
29 -3.9164
102 6.09491
129 -1.61735
139 -0.363556
181 -0.110809
334 7.60214
7 -2.37478
288 3.32144
282 2.91721
198 0.100693
301 4.56992
249 1.30821
360 -0.403381
130 -1.04781
141 -0.437317
277 2.59756
31 15.1588
191 0.188416
373 14.0268
361 -1.20853
164 -0.617111
286 3.15518
303 -17.7057
158 -0.370468
211 0.161087
127 -1.55948
