66 -2.23386
224 -0.425964
106 -1.27449
216 0.544464
91 -1.58012
66 -2.23493
91 -1.59456
164 -0.277191
6 -7.21527
199 0.312866
225 0.950348
124 5.49571
54 -5.83176
97 -1.51801
36 -4.30399
119 -0.577164
182 0.690659
155 -0.634109
224 -0.425751
56 -3.32754
94 0.0868912
94 0.0283737
71 -4.35744
42 -5.34974
134 -0.0663757
233 -0.706589
225 -0.320816
6 -10.9759
281 2.22189
175 1.08455
124 -3.0816
193 1.11005
35 -4.34683
202 1.31157
116 -3.05143
10 -7.1577
79 -2.31033
225 0.949783
127 -0.912537
233 -0.707031
88 -2.2265
152 -0.436188
55 -4.05429
37 -3.71355
109 -1.33878
58 -5.60613
79 -2.31081
196 -0.967453
153 -1.85287
144 -0.687454
68 -1.34331
35 -6.05233
224 -0.426041
68 -2.50459
199 1.25391
69 -2.50533
33 -3.97508
33 -5.41835
33 -3.97483
22 -4.25263
24 -4.85766
32 -6.00055
208 2.13927
125 -0.685722
194 -1.32567
95 1.17719
107 -1.31281
223 0.954239
91 -1.59451
128 -1.40169
64 -2.71766
223 2.32913
95 -1.99511
109 -1.33808
12 -5.80843
280 3.35532
107 -1.31304
108 -1.33885
40 -5.69349
23 -5.29621
237 0.142258
7 -7.18797
88 -3.88129
227 2.85991
44 -3.89573
66 -2.2349
200 1.27478
72 -4.37148
102 -1.39993
191 -1.43312
215 0.511215
153 -1.85283
89 -2.23575
126 -0.753784
47 -4.52877
208 -0.652863
173 -0.32402
98 -2.00025
229 2.62541
115 -0.179146
211 -1.52473
47 -4.52961
55 -5.80083
227 2.86658
58 -2.99186
72 -2.46945
197 -0.88179
54 -5.83138
119 -0.577209
190 1.02348
126 0.00902557
2 -13.4557
183 0.159363
10 -5.81164
8 -3.46051
33 -4.57816
216 2.17354
82 -2.30057
45 -4.16436
281 2.2164
35 -4.29779
68 -2.50304
223 2.19041
208 -0.654388
55 -4.07252
147 2.76749
86 -1.16747
53 -3.22181
200 -0.82103
71 -2.61357
150 -0.343109
56 -3.76992
149 -0.749069
11 -5.3532
33 -2.47498
26 -6.77831
208 -0.654465
38 -3.78468
109 -1.33836
177 -0.921036
220 2.50969
184 0.320297
243 0.365601
33 -4.13849
103 -0.431702
91 -3.41075
130 -2.90154
6 -10.958
31 -4.24692
13 -2.64241
116 -3.0517
224 2.70789
96 -1.36063
26 -6.36207
5 -8.78884
182 0.463425
220 2.50981
36 -4.30287
219 2.32478
64 -2.72222
276 2.78656
41 -5.32675
109 -1.33808
103 -0.457703
44 -3.89554
197 1.33844
81 -1.46993
109 -1.33826
29 -4.40653
89 -2.23586
228 2.99355
94 -0.716049
79 -2.31092
3 -11.9162
198 0.986115
26 -4.77554
51 -3.57624
206 -1.52513
156 -0.409836
36 -4.30731
37 -3.78003
33 -4.57802
225 -0.335449
11 -5.22396
217 2.22382
12 -5.80708
98 -1.98351
26 -6.7727
204 1.6456
199 -0.815125
177 -0.920898
227 0.842926
39 -2.72407
33 -3.97463
33 -2.48122
14 -8.58665
237 0.142334
241 0.395615
153 -1.85283
39 -3.51243
178 0.281662
199 1.28476
5 -6.87678
204 1.8092
36 -3.69916
6 -6.90209
36 -4.32305
216 -1.4493
36 -4.3025
107 -1.31262
95 1.17673
64 -2.72083
200 -0.82074
58 -2.44119
95 -0.75721
23 -5.93222
59 -2.99939
142 -33.2466
47 -3.61603
124 -2.56783
102 -1.99984
220 2.50983
231 2.92511
180 -0.112808
24 -2.76885
33 -2.48758
189 1.05147
206 -0.975616
37 -3.78007
32 -4.25727
119 -0.577171
31 -4.21577
28 -6.33004
156 -0.417007
239 3.28587
58 -2.99205
9 -6.57787
70 -2.48474
79 -2.31118
98 -1.98348
258 4.97501
253 0.926254
225 2.75005
210 0.415649
36 -4.30266
41 -5.33059
177 -0.920578
198 0.98584
168 0.0447693
44 -4.20519
184 -1.20839
196 1.27962
13 -5.38644
12 -5.85197
223 2.328
127 -0.912575
228 -1.5538
33 -6.15683
230 -1.72678
90 -1.68422
8 -3.46026
175 1.08507
233 -0.709152
192 -1.11647
153 -1.85277
145 -0.990204
37 -3.6885
196 -0.967255
215 -1.33493
96 -1.3523
216 -1.16313
4 -10.6053
238 3.32532
229 3.00305
38 -3.78123
88 -4.10709
237 0.142471
14 -5.20954
118 -0.0438843
54 -5.83117
191 1.12779
34 -4.3881
182 -1.08925
16 -5.4442
40 -4.06922
40 -2.68613
80 -2.34029
127 -0.912628
217 1.81862
197 1.34084
26 -5.42147
199 1.24319
37 -4.68541
134 -4.0089
8 -3.46019
256 4.55917
231 3.06555
103 -0.445511
215 -1.33453
223 2.32785
165 0.0444641
34 -4.42359
224 2.41902
32 -5.94801
179 -0.379471
64 -2.72366
28 -6.32526
181 -0.212845
222 0.953064
153 -1.8528
177 -0.919998
200 1.24612
184 0.2845
31 -4.24169
42 -5.35331
148 3.05461
168 0.0987854
192 -1.11647
215 1.59953
163 -0.316223
216 -1.16432
197 -0.87915
221 2.58896
14 -5.20863
280 3.35501
220 2.51851
252 4.27748
33 -4.57897
12 -5.45355
216 -0.529846
185 0.326355
59 -2.99895
189 0.507339
40 -2.68697
44 -3.43112
33 -3.974
217 1.82193
181 -1.99054
33 -5.41812
124 -2.56954
31 -4.21556
11 -5.42385
15 -6.39416
127 1.55939
220 2.50978
44 -3.43985
42 -5.34976
55 -5.8009
89 -2.23583
241 -1.65009
196 1.31497
134 -0.0196838
211 1.76216
215 0.511353
20 -5.4966
191 -1.43102
49 -2.36061
27 -6.3126
217 1.82204
18 -2.70586
64 -2.71526
58 -5.60609
209 1.7484
216 -1.16513
184 0.286804
27 -4.71049
216 2.00665
166 0.355255
56 -3.69779
49 -3.69435
214 -0.664856
44 -3.82646
229 -0.780273
200 1.25092
41 -3.59931
71 -5.02841
197 -0.882797
40 -6.79817
11 -5.23342
3 -11.1773
196 1.38165
26 -4.61049
35 -4.29588
8 -4.75641
252 0.908829
79 -4.45816
169 0.553177
311 8.55637
14 -3.99006
209 0.844589
95 -0.725693
86 -0.649094
24 -4.25084
49 -3.68511
191 -1.43367
203 1.34093
40 -6.79816
45 -4.15342
145 -0.99028
289 3.85077
173 -0.244431
210 0.415131
71 -2.14996
237 0.142319
187 -1.09972
153 -1.85287
182 0.836594
69 -2.54322
33 -2.47615
84 -3.79758
157 1.11581
40 -5.39047
134 -4.00893
42 -3.72822
75 -0.571182
191 -1.43175
210 0.412094
34 -4.59178
58 -5.60615
189 1.05077
13 -5.92547
131 -0.448059
223 0.950668
10 -7.15705
35 -3.66473
146 -0.970688
173 -0.0019989
70 -5.1702
242 3.52895
126 0.00901794
220 2.51823
24 -2.77015
223 2.32832
249 3.72636
24 -5.14485
55 -3.03714
126 -0.753365
130 -2.90224
33 -3.97544
153 -1.85278
123 -2.51624
77 -2.55364
34 -3.85838
148 6.34485
22 -6.6026
12 -5.41439
62 -5.24272
173 -0.244324
223 2.32933
177 -0.92099
33 -3.97535
223 2.2063
68 -2.5046
262 1.09921
33 -3.9727
227 2.56813
91 -3.41074
227 2.76259
27 -7.27847
26 -4.82583
109 -1.33833
45 -3.39412
33 -3.98219
22 -6.60294
215 -1.3354
36 -3.63339
145 -0.990158
186 0.670898
84 -3.79683
16 -4.99757
31 -4.23633
55 -5.80058
199 1.25838
4 -2.9455
20 -6.47112
34 -4.30062
178 -0.408432
24 -6.18304
201 1.55214
168 -0.308792
98 -1.99386
199 1.24316
223 2.58
122 -0.0976562
168 0.0450592
143 -1.8994
2 -13.1828
208 -1.48012
190 -0.987915
166 0.355377
34 -5.94692
89 -2.23602
103 -0.40992
11 -5.42339
9 -5.44942
224 2.66003
45 -3.43098
224 -1.48555
12 -5.89957
177 -0.920151
191 -1.43127
177 -0.91954
202 -1.5312
153 -1.85271
279 2.72232
206 1.64638
64 -2.71599
111 -1.47833
40 -2.68607
214 -0.664902
129 -4.6969
68 -2.29263
9 -6.55406
55 -4.05392
189 0.508133
34 -6.07698
189 1.05202
32 -5.98793
139 -3.07524
219 2.61705
62 5.89529
26 -6.77289
103 -0.409966
131 -0.462143
210 0.415802
9 -2.86998
28 -6.32706
223 2.32785
212 2.04567
103 -0.456802
64 -2.71576
182 0.42012
150 0.957947
62 -2.8168
73 -4.51957
60 -2.88297
214 -1.14732
47 -4.52893
33 -3.9753
1 -5.03358
252 4.51854
68 -2.50282
153 -1.85286
153 -1.85283
53 -1.69257
66 -5.05183
28 -4.64314
165 -0.558746
34 -5.94137
220 2.5188
28 -5.3137
177 -0.921066
183 0.088623
41 -3.83919
213 -1.53905
231 3.15071
23 -6.55177
55 -4.06649
24 -4.6637
22 -4.46198
71 -5.03049
159 -0.394897
55 -4.06659
76 -4.54169
134 -4.02966
5 -6.61417
24 -4.25465
180 0.69931
139 -1.90457
193 1.11046
33 -2.48234
98 -1.98355
14 -3.98998
220 2.51906
88 -2.19946
15 -5.1272
222 2.3636
15 -6.39346
15 -6.40186
341 12.0544
122 -0.0978088
68 -2.50292
184 0.286484
64 -2.71542
24 -4.25134
220 2.51881
22 -6.59552
219 2.55923
225 2.40701
72 -2.1741
194 0.476349
64 -2.71552
34 -5.92313
11 -5.42086
23 -4.6525
7 -2.79964
109 -1.33794
34 -4.29279
133 -0.0725403
135 -3.94563
14 -8.58486
66 -2.23481
64 -2.72389
19 -6.19735
182 0.461426
68 -2.5029
1 -8.18049
8 -3.46066
201 1.24388
37 -4.68512
68 -2.63089
166 0.0205231
182 -1.31209
182 0.749054
106 40.9108
20 -6.04107
181 0.122055
263 2.02347
189 1.05148
192 0.884796
199 -0.81517
192 0.149109
73 -4.5197
126 0.00906372
35 -4.30546
91 -1.58116
58 -2.98902
206 1.64633
145 -31.3711
189 1.04152
135 -3.94547
42 -5.65269
216 2.21928
58 -2.99352
35 -3.01548
217 -0.421951
181 -0.0152893
3 -6.88227
219 0.716217
178 0.259109
68 -1.34435
88 -2.19983
58 -2.98761
263 2.02325
222 2.36162
44 -3.8964
147 -1.10664
69 -2.63773
207 1.91135
63 -4.42609
223 2.39114
31 -4.21685
182 -0.0536652
51 -3.14388
189 1.05231
64 -2.31457
183 0.231735
46 -2.36996
214 -0.66481
6 -9.45552
68 -2.29175
134 0.632797
196 1.38162
44 -3.89984
83 -4.49799
175 -0.0251465
15 -6.39799
51 -2.39093
47 -3.38191
223 2.32932
192 0.943817
250 0.776138
34 -4.25925
196 1.31499
5 -6.61411
21 -4.70639
173 0.0637054
98 -1.9988
81 -1.3078
340 12.0294
46 -3.44281
258 4.97601
12 -5.85153
2 -8.14277
256 4.55905
184 0.289627
224 2.37262
10 -7.1514
126 -2.45371
95 -0.717178
130 -2.90145
50 -6.25618
79 -0.686493
14 -5.20372
142 -0.449509
17 -6.62923
224 2.61003
182 0.458481
197 1.3717
184 0.27536
44 -3.89388
131 -2.3999
196 1.40242
258 4.97516
53 -3.3699
44 -3.41107
20 -6.0422
197 1.34102
188 -2.60872
33 -5.41816
119 -1.02775
129 -4.69588
24 -4.25057
139 -1.97913
145 -0.989029
15 -5.77574
199 1.54778
177 -0.921005
247 4.32364
68 -1.34264
146 -0.9702
116 -2.1487
131 -0.462143
40 -6.79947
182 -1.32065
18 -5.52389
58 -2.92426
66 -5.05325
184 0.283844
66 -2.23465
58 -5.60575
253 0.60849
51 -3.57648
29 -4.35852
4 -9.75702
121 -3.31544
246 0.400482
79 -2.44418
191 -1.43155
35 -4.48301
15 -6.65914
24 -4.59098
22 -5.502
45 -4.1137
252 4.27705
126 -2.90469
55 -4.07712
258 4.97507
57 -2.87961
15 -4.42434
169 -0.49324
214 2.1208
138 -1.93008
218 -0.438858
33 -5.4167
34 -4.43709
114 -0.131859
11 -6.81705
31 -3.77098
89 -2.23609
22 -6.60604
68 -2.50285
249 4.31915
50 -6.25607
107 -0.204506
205 1.34827
214 2.04143
174 -0.310608
49 -6.26687
196 -0.967529
53 -2.38338
191 -1.43208
279 3.91467
177 0.483398
239 3.32861
14 -2.83192
22 -4.65061
12 -2.84863
129 -0.630035
31 -4.21564
278 6.37204
5 -11.0283
239 3.4644
219 -1.45079
178 0.185776
23 -4.65177
196 1.31206
124 -2.56892
24 -4.25151
30 -4.34994
167 -0.3172
178 0.213776
44 -3.89486
167 -0.295624
116 -2.14351
255 4.37317
34 -4.2597
211 1.87578
15 -5.12734
148 6.35011
34 -4.29478
26 -6.77391
175 1.11063
215 -1.33388
32 -4.33655
193 1.10863
98 -2.00256
28 -6.32817
124 0.320839
79 -1.89203
11 -5.3829
11 -6.22993
187 -2.57973
220 2.51807
33 -3.9752
18 -4.2568
169 1.33034
111 -0.154602
73 -4.51963
196 1.31207
215 -1.33664
37 -4.68475
220 2.51859
79 -1.76232
198 1.2686
53 -1.69191
175 0.67778
119 -0.577164
173 -0.0325317
183 0.739853
227 2.5773
177 0.250427
114 -0.194206
23 -4.64881
193 1.11018
139 -1.85995
90 -1.68401
83 -0.611053
6 -10.9494
189 1.05127
34 -4.43777
357 15.9483
7 -9.59851
24 -5.07014
198 1.20963
196 1.38264
11 -5.38404
191 -1.43246
185 -2.42828
103 -0.444778
140 -1.9572
86 -1.16795
179 0.690811
12 -2.84154
14 -3.98969
214 1.86047
25 -4.84714
153 -1.85269
178 -2.99858
225 0.949875
68 -2.50462
64 -2.71632
134 -4.00894
196 1.40508
51 -3.57738
146 -0.971436
94 -0.716423
14 -8.585
191 0.836609
9 -2.84921
11 -5.38215
84 -3.79683
68 -5.09742
35 -3.01578
197 1.65738
189 1.05139
53 -3.10332
39 -2.72409
75 -2.13284
10 -5.3805
26 -4.82549
143 -2.50215
10 -7.14855
36 -5.55556
262 1.09903
167 0.118866
243 0.442337
37 -3.98128
35 -3.66656
145 -0.990128
44 -4.18404
35 -7.5627
210 0.848206
23 -5.93349
202 3.03192
222 2.24132
28 -4.0813
233 3.02592
189 1.0524
116 -3.05139
145 -0.990158
137 -3.83224
34 -4.30916
196 1.31569
192 0.948669
166 -1.35014
24 -4.24997
50 -3.63941
34 -4.40016
166 -0.293533
34 -4.38497
124 -3.32417
124 -2.74229
197 1.40656
189 0.510056
26 -6.7784
138 -1.90775
64 -2.71487
116 -4.49305
258 4.95438
217 2.2252
68 -1.34379
219 2.55756
45 -6.61111
249 3.62369
65 -4.294
194 1.49895
29 -4.35817
100 -2.03985
34 -5.94584
276 6.20535
12 -5.85192
153 -1.85294
10 -5.3514
53 -1.69164
233 2.9957
249 3.59499
229 -1.48766
60 -5.26176
98 -1.98334
180 -1.03036
186 -2.35657
215 -1.33475
79 -2.30713
63 -2.67184
193 1.10905
169 -0.308044
124 -2.56597
184 0.460251
121 -3.30865
47 -6.49689
59 -2.97922
124 -2.5691
127 -4.80068
183 0.228561
205 1.66594
35 -4.29754
3 -28.0416
196 1.38174
55 -3.04339
6 -6.98539
220 1.65935
98 -1.98348
50 -2.51775
172 0.156067
91 -3.41039
39 -3.64368
231 2.93645
204 0.639694
16 -5.15008
192 0.944305
146 -0.971664
186 1.14442
42 -5.34628
50 -3.51188
220 2.51784
139 -1.90688
4 -5.77448
31 -6.0345
223 2.40642
120 -18.1684
163 0.0509949
205 1.58897
126 0.00905609
59 -2.95641
301 6.19452
196 1.31065
36 -4.36688
79 -2.34789
35 -4.21584
199 -0.815704
90 -0.647102
4 -7.2615
131 -0.448425
249 0.55835
38 -3.79079
254 0.466217
38 -3.79292
42 -5.65625
5 -2.80326
55 -3.09926
94 -3.96564
150 -0.248413
136 -1.09006
232 2.92917
24 -2.77001
142 -30.1027
91 -1.59573
182 0.440521
166 -1.38319
212 2.17413
196 -0.966034
216 2.14664
38 -4.93272
24 -2.76968
276 1.55621
220 2.51854
189 1.05162
116 -4.49321
220 2.51909
98 -1.99845
129 -4.69544
248 3.97313
53 -1.69183
249 3.59778
33 -3.97393
0 -2.75219
170 -0.858597
187 -1.09999
33 -3.77105
68 -2.30227
50 -2.5228
120 -0.0473862
109 4.58067
20 -3.07757
64 -2.71577
51 -1.42246
45 -4.11497
29 -4.3565
181 0.701141
214 1.93317
38 -3.06952
169 -0.3116
223 2.328
152 0.777023
280 3.35504
176 -0.306961
199 2.5226
109 -1.33858
96 -3.98739
229 2.58429
197 1.34062
8 -3.46019
164 0.0418854
136 -4.1057
131 -2.29074
169 -0.493301
29 -4.62967
334 15.8237
58 -5.60617
93 -0.61277
5 -6.61856
43 -3.57555
239 3.46352
103 -0.409676
58 -2.99203
188 1.02222
139 -1.90657
42 -6.61773
45 -4.13274
49 -3.56694
251 0.673782
24 -2.76991
34 -5.72504
211 2.15779
239 3.36096
187 -2.58073
190 0.683136
8 -5.97029
213 -0.83876
54 -3.24314
17 -4.87265
249 3.72571
164 -1.43079
223 2.32803
53 -3.35635
178 -0.386246
44 -3.94355
124 0.323837
119 -0.576988
196 0.494812
3 -4.73311
175 1.08342
37 -5.68288
242 0.383698
35 -3.01596
159 0.278702
276 6.20523
223 2.20639
219 0.716248
225 2.43996
209 1.79109
221 2.2489
235 3.06645
98 -1.98683
75 -2.39316
214 -0.663773
55 -4.05405
24 -4.25134
192 -1.35109
187 -0.732147
258 4.97311
23 -5.17153
247 4.26518
194 1.65038
197 1.33943
217 2.52403
211 1.76109
131 -4.56258
91 -1.59529
253 0.925278
5 -6.6173
179 -0.0122681
10 -7.16036
26 -4.77399
200 0.453064
225 2.43475
68 -1.34164
45 -3.88461
89 -2.23584
74 -4.86444
72 -2.53529
26 -8.16185
196 1.39145
35 -4.04385
10 -7.15967
14 -5.20709
238 0.347519
55 -2.85371
55 -3.113
62 -5.19171
116 -2.13638
105 -3.21852
219 1.94971
37 -3.71471
207 1.34285
103 -0.434181
229 2.64912
10 -7.14816
215 2.33339
138 -1.93149
184 0.318527
34 -4.2937
258 4.97528
216 1.77647
55 -3.36377
179 -0.435257
11 -3.10455
35 -3.01589
79 -2.30632
43 -3.85487
197 1.66293
12 -5.89141
72 -2.1107
52 -3.29256
56 -3.29247
5 -6.61433
36 -4.29372
186 -2.50468
103 -0.410049
214 -0.665054
91 -1.596
153 -1.85284
224 2.01936
199 0.313171
281 2.22256
249 3.59502
101 -3.13173
110 -5.39891
188 1.02243
69 -1.46062
139 -3.07751
67 -2.30991
131 -4.56199
23 -5.17232
264 1.06866
252 4.27762
169 1.32817
94 -0.543991
49 -3.24285
223 -0.58136
172 0.152893
44 -3.82674
68 -0.766525
207 -1.21353
34 -3.69874
224 2.64922
37 -3.68269
207 1.58968
263 5.39636
168 0.101669
33 -4.13894
193 1.10884
234 -1.40344
160 -1.61929
117 -4.45113
20 -2.73417
97 -3.77724
215 2.27733
181 0.736938
208 1.32846
44 -3.82627
198 1.21907
44 -3.86142
258 4.97488
104 -3.23248
249 3.61281
58 -2.99217
2 -24.9903
201 1.37074
33 -5.4183
224 2.40228
131 -0.447433
8 -3.46062
176 0.130096
219 1.93768
234 -1.55736
68 -1.34371
12 -5.85179
89 -0.611694
33 -6.07464
206 1.6465
263 5.39771
186 1.14413
313 8.48718
193 0.873764
27 -4.62474
33 -3.97532
45 -2.52621
86 -1.17104
22 -6.40637
215 2.26018
5 -4.70066
53 -1.69184
256 4.55936
53 -3.1446
12 -5.80938
196 1.31067
258 4.97327
227 0.739014
89 -2.23571
227 2.61366
140 -1.3401
188 0.464066
231 2.85007
126 0.00912476
222 0.845795
202 1.53854
89 -2.23586
53 -1.6925
62 -2.99434
138 -1.93437
194 1.62474
18 -4.25748
263 5.39786
278 6.3743
84 -2.05446
4 -6.95158
164 -0.172974
59 -2.99959
214 -0.665024
28 -6.32909
179 -0.444153
116 -4.49315
208 1.92078
84 -2.06644
169 -0.493179
176 0.118713
163 -0.374985
79 -0.336571
168 0.0451508
184 -1.31311
258 4.97363
47 -4.51911
139 -1.90376
213 2.20386
189 1.04076
5 -6.61857
23 -5.93349
171 0.0386505
137 -1.89389
59 -2.52168
27 -4.5942
66 -2.76114
225 0.950348
197 -1.08734
67 -2.11896
124 0.321083
187 1.00542
12 -5.81313
220 2.50984
111 -5.13149
228 0.936691
124 0.320892
68 -2.50294
213 2.01561
22 -4.69233
231 2.88521
127 -0.912476
94 -0.716553
89 -2.2358
79 -2.3094
35 -5.91112
190 0.678619
24 -4.25118
65 -5.43749
25 -2.62687
185 0.377502
109 -1.33846
12 -5.85188
29 -7.88002
128 -1.40192
215 2.33327
153 -1.85283
174 -1.36891
103 -0.437317
126 0.129051
15 -4.95426
47 -3.38871
238 3.43716
77 -2.25999
126 11.5873
130 -1.78841
227 0.789383
248 3.58928
250 0.776154
196 1.38217
263 5.39743
61 -2.83028
227 2.61516
133 -2.05569
35 -4.29535
215 2.26517
35 -4.00956
183 0.297302
206 1.73906
127 -0.912712
211 -0.54657
189 1.05226
33 -3.97346
3 -9.80537
79 -2.30685
28 -6.32952
234 2.85165
68 -2.5029
235 0.0263977
49 -4.55019
240 0.358521
126 -0.753952
34 -4.3047
196 1.38234
213 -0.506821
15 -4.96758
122 -0.0978775
139 -2.08595
253 0.925095
20 -5.53894
116 -3.05073
232 -1.65479
47 -4.5186
142 -2.71175
14 -4.88533
215 1.55074
229 -0.137054
252 4.0052
121 -3.32203
17 -4.91565
196 1.39969
128 -1.4045
83 -2.01885
208 -0.652817
126 0.00898743
118 -0.391853
166 0.355453
184 0.318665
251 0.673737
57 -3.15181
172 0.155197
109 -1.33836
134 -0.0662537
251 -0.178146
38 -3.08223
177 0.236237
196 1.3822
139 -1.90605
93 -0.312561
37 -4.68514
124 0.323235
45 -4.15415
35 -4.29513
64 -2.72316
139 -1.9072
187 -1.10005
229 2.64719
157 -0.435669
48 -3.31062
195 -1.23204
30 -6.08471
12 -5.85244
60 -2.26911
59 -2.52192
91 -1.59027
183 -2.16371
206 1.64687
69 -4.88036
88 -2.19948
259 1.46744
159 -1.92769
33 -3.97519
188 1.63666
84 -3.79757
195 -2.20619
217 2.25577
53 -1.69102
124 -3.29013
88 -2.19923
225 -0.349518
208 -0.654205
170 -2.80911
224 -1.51167
184 0.368607
142 1.80447
24 -3.59991
213 0.882248
180 0.127991
217 2.43327
58 -2.9915
91 -0.53054
127 -2.00008
62 -2.32156
88 -4.10737
128 -2.20557
96 -0.321312
20 -6.04194
130 0.0195312
245 3.55832
198 0.625992
15 -6.39404
276 6.2037
68 -2.50291
53 -1.69254
278 6.37192
138 -13.9365
166 0.355072
183 -2.16383
131 -4.0981
65 -2.82794
112 -0.179947
95 -3.91268
87 -1.9066
16 -3.1612
134 -1.05875
200 -0.820953
131 -0.449387
82 -0.585396
83 -0.611015
199 -0.815125
23 -4.57083
126 0.129036
53 -1.69353
40 -2.68602
178 0.263153
22 -5.20871
91 -1.58826
156 0.601151
32 -5.86181
28 -6.30777
239 3.47205
15 -4.42668
79 -2.30788
145 -0.990158
176 -0.558655
153 -1.85284
166 -1.35359
2 -2.87241
72 -2.43875
8 -5.97058
36 -4.30301
43 -3.85841
276 2.78714
278 6.37949
26 -3.70858
249 3.62431
65 -2.77548
196 1.3121
106 -0.200455
27 -4.69193
206 1.64653
116 -4.4931
224 2.27222
185 0.934586
253 0.726715
245 0.386749
210 -0.585266
195 -1.23204
266 5.27319
195 -1.23207
51 -3.49664
202 -0.743332
210 0.4151
184 0.284363
239 3.46518
177 -0.888336
249 3.59775
196 1.56494
134 0.633286
245 0.533478
14 -8.58491
91 -0.6409
198 1.209
78 -1.22294
154 -1.01546
156 0.600723
168 0.106262
189 1.04114
76 -1.53466
15 -6.39429
169 -0.0436554
206 1.64571
58 -2.56316
209 0.829117
47 -4.51912
93 -0.236671
186 -2.50621
2 -7.05915
206 0.635818
68 -2.29179
33 -5.41791
220 2.02986
188 -0.408875
18 -4.96742
102 -3.45785
216 -1.16278
20 -6.0408
81 -0.671761
206 1.85828
182 0.798096
138 -1.93509
98 -1.98347
47 -4.51889
196 1.69815
213 -1.53909
147 -0.0145569
34 -3.58169
210 0.228821
143 -2.50154
243 0.393387
262 1.0871
14 -8.5822
259 1.46744
103 -0.4394
196 1.37825
8 -4.48713
195 1.60263
168 0.0987549
174 -0.31105
55 -0.774734
4 -5.51834
116 -3.0507
196 1.315
109 -1.33851
119 -0.577133
21 -5.38855
260 5.04883
6 -6.71466
68 -1.34191
59 -2.7686
123 0.322418
37 -3.68323
42 -2.89935
127 -0.912552
196 1.28006
50 -3.17458
116 -2.13738
129 -4.69553
139 -3.07547
197 1.56822
41 -3.73696
234 3.30292
139 -3.07745
29 -4.35654
33 -4.57824
101 -3.50067
35 -3.01509
154 -1.7249
225 -0.31842
2 -2.79969
190 -0.996719
44 -3.82682
91 -1.43317
52 -2.1059
126 0.0090332
252 4.00528
213 1.69229
25 -3.72066
4 -6.93456
139 -1.93591
28 -4.62585
68 -2.28718
35 -7.56262
256 4.55884
187 0.052063
8 -5.97005
279 2.83389
178 -0.333176
1 -5.25825
215 -1.3331
16 -3.44435
1 -12.3044
54 -3.05318
53 -3.38951
1 -4.5621
183 -2.16379
239 3.46684
175 1.08467
69 -2.32547
170 0.56102
195 -1.13663
139 -1.90613
33 -4.57756
184 0.288086
109 4.58613
172 -0.205246
262 1.09921
168 0.0990143
178 0.199417
33 -4.16303
165 -0.328064
39 -5.58323
88 -2.19949
41 -5.32661
28 -4.53478
121 -0.857986
221 2.36465
88 -4.10784
209 1.39278
216 2.19746
185 -0.524307
83 -4.4996
84 -2.06395
187 -1.55508
93 -0.235992
165 -0.735016
299 4.25473
37 -3.32111
203 1.63286
59 -2.52129
7 -9.59908
166 -1.36873
258 4.9733
220 2.51816
256 4.89935
106 -0.0465698
216 0.705658
95 -0.746178
150 0.94278
14 -3.99007
227 0.841003
10 -4.60946
17 -4.83966
206 1.64661
252 4.2774
106 -0.201027
47 -4.51908
177 0.0527954
182 -2.11758
195 1.59941
196 1.3815
26 -6.77727
198 1.21544
188 1.02943
53 -1.69255
14 -3.98976
258 4.97357
48 -3.36032
270 5.61218
83 -0.610855
68 -2.50287
165 -0.735092
75 -1.00012
197 1.33839
18 -3.993
29 -4.34831
36 -4.3027
110 -5.39878
252 4.27705
258 4.97519
146 -0.971954
59 -2.21264
116 -0.32563
84 -2.06331
145 -3.05609
109 4.58766
175 0.266373
142 -2.71126
217 2.38998
28 -4.641
239 3.46274
248 3.74602
45 -4.16679
193 1.10915
86 -1.17105
230 3.42662
249 3.72546
249 3.59781
53 -1.6909
204 0.627411
94 -0.715111
101 -3.37484
189 1.05125
46 -4.09365
249 3.59499
216 -1.16002
232 -1.65475
138 -1.92891
80 -0.671021
80 -0.795074
249 3.62209
84 -3.7976
21 -5.481
126 0.128891
156 -3.20903
145 -1.81627
276 6.20749
279 2.72327
117 -2.1002
83 -4.49795
185 0.326096
202 -1.16159
281 2.22244
8 -7.00143
159 -1.57883
6 -5.12009
286 5.24997
166 -1.37976
223 2.328
239 3.46371
111 -0.15448
79 -2.30714
112 -0.101357
83 -0.610802
117 -4.45124
116 -3.05075
110 -5.3988
64 -2.72361
10 -3.57956
24 -4.25101
95 -0.717148
358 12.926
233 3.22856
206 1.6465
214 1.69016
27 -4.24207
84 -2.06322
118 -1.96767
50 -3.52604
165 -0.734421
191 -1.43103
53 -3.23595
123 0.320992
14 -3.98963
83 -4.49991
188 -0.408844
186 -1.3387
28 -6.33049
186 -1.32906
242 3.74702
253 0.72197
134 -0.863297
193 1.10887
174 -0.307999
198 -0.847961
173 -2.85597
45 -4.16203
98 -3.78172
110 -5.3987
178 0.597961
91 -1.58585
172 0.573181
235 3.40453
211 1.882
98 -3.84749
196 1.56946
116 -2.06583
33 -4.16388
24 -4.25192
103 -0.433708
13 -4.15098
116 -1.1858
201 1.76816
44 -3.82679
299 4.25479
83 -0.631638
209 1.66615
304 4.75137
77 -4.64972
38 -5.64495
94 -0.715492
74 -5.27299
142 -3.43343
35 -3.01513
189 1.05138
36 -4.30291
69 -4.64445
214 -1.1465
189 1.05125
64 -2.32706
132 0.190109
219 2.31429
45 -4.15166
67 -4.5249
42 -5.35613
182 0.455307
26 -6.7753
161 -1.23599
249 3.59785
221 -1.52246
135 -2.24216
199 0.189178
358 12.9269
74 -1.21912
56 -2.50179
166 0.353073
91 -1.58342
68 -2.50293
106 -2.19776
20 -6.04088
129 0.681
146 -0.971817
34 -4.84181
95 -0.717018
224 2.52692
111 -2.0115
28 -6.3253
107 -2.39668
88 -2.19955
238 0.333832
196 1.32927
279 3.91522
139 -1.90605
14 -8.58099
297 2.70691
67 -1.1615
109 4.5938
166 -1.36128
252 4.27698
14 -3.98977
116 -2.13722
74 -2.2561
69 -2.60661
168 0.0987854
128 -1.40491
128 -1.39849
58 -5.6058
15 -4.94136
37 -3.11087
166 0.355362
21 -2.66398
138 -4.08803
145 1.52338
144 -0.0114136
108 7.63821
88 -4.10725
226 2.61026
135 0.13858
103 -3.281
26 -8.16196
252 4.00536
34 -4.25906
96 -3.92598
116 -4.56277
116 -2.13691
120 -0.316513
252 4.00539
42 -5.34898
51 -3.57664
55 -4.05446
57 -3.19112
88 -0.901352
23 -2.96641
108 0.720612
252 4.37579
172 -0.765823
181 0.285629
262 2.52771
87 -1.8374
148 7.16206
80 -2.31709
79 -2.30912
177 -0.926132
31 -5.5545
219 -1.06851
239 0.359192
156 0.601105
150 -3.24219
84 -2.06674
278 6.37918
176 0.429001
182 0.443756
146 -1.8541
113 5.66016
6 -3.52111
171 -0.612976
95 -0.716576
181 0.803207
16 -5.56922
71 -4.53606
199 0.31311
185 0.326233
148 -1.86092
206 0.227173
174 -0.301361
68 -2.29001
32 -5.24251
214 2.1261
45 -4.16615
21 -2.66453
7 -3.14232
215 -1.33447
139 -3.07542
200 1.76166
161 -1.0744
249 3.59505
139 -1.90607
224 -0.409271
166 0.353256
40 -2.63566
117 -1.21028
248 0.605881
220 2.52374
238 -1.63802
84 -2.06746
84 -2.06689
222 2.5663
248 4.46016
181 0.712372
121 0.174751
208 0.44043
131 -0.449341
252 4.0054
12 -4.76213
97 -3.82213
51 -3.27604
198 1.21576
42 -2.63471
66 -2.23486
249 3.59497
17 -3.27903
189 1.05124
33 -2.4825
116 -2.14143
184 -1.33406
29 -3.30539
160 -0.384552
289 3.85074
133 -4.09714
110 -5.39889
166 -1.36484
96 -3.90966
134 -1.16373
195 1.60187
145 -1.03276
214 -1.14664
157 1.11769
38 -2.94154
150 0.975388
60 -2.62597
18 -4.25891
109 4.58824
250 0.620346
220 2.55074
195 1.07845
94 -0.71611
54 -3.24262
170 0.496277
150 -3.24182
252 4.35278
142 -2.71007
206 1.23746
153 -1.85283
27 -4.71677
258 4.96033
206 0.367966
82 -0.773293
75 -0.507935
219 0.760803
90 -0.57003
6 -10.9536
90 -3.2938
111 -0.154655
24 -5.73223
236 0.498322
97 -0.570114
53 -1.69262
134 -2.80894
152 -0.997253
203 -1.11124
230 2.96985
170 -0.784088
224 -1.56305
169 0.504013
75 -0.410133
293 5.41931
96 -3.97775
43 -2.73066
198 -0.868515
212 2.06696
14 -8.57955
52 -3.5619
106 -0.0460358
48 -3.32541
183 -2.1638
152 2.13451
32 -4.24909
186 -2.35649
249 3.59502
171 -0.765091
276 2.78604
39 -2.7242
86 -2.25166
86 -1.17184
177 0.452484
29 -4.40607
210 2.10483
175 -0.904526
9 -2.93011
223 0.851105
161 -1.08339
353 11.5525
139 -3.07735
200 -0.820389
47 -4.51914
3 -6.83288
53 -3.27847
1 -12.034
36 -3.70653
46 -5.39305
33 -5.65039
258 4.97351
293 2.54434
134 0.633133
29 -7.88005
166 -1.33781
119 0.532257
201 1.18173
94 0.0877457
35 -3.01551
232 0.00236511
166 0.353119
245 3.74626
190 -2.1675
220 2.51787
33 -3.18544
181 -1.89912
4 -7.42975
166 0.355408
45 -2.47684
214 1.76814
76 -1.57764
128 -1.39671
178 0.660477
2 -5.54045
98 -3.81632
187 -0.927292
20 -6.04084
135 -0.885559
68 -2.29217
9 -6.62654
187 -1.59689
196 1.31082
183 0.652969
185 0.325943
58 -3.22203
280 3.35507
20 -6.04111
200 1.24994
143 0.989349
145 -0.99353
199 1.73961
189 1.05179
94 -0.714111
214 -0.668259
176 0.58725
53 -3.35395
91 -2.10017
206 1.64691
14 -3.98976
86 -2.28729
151 0.653534
213 1.95345
14 -3.98975
134 -0.865494
75 -1.00062
126 0.128998
28 -6.22744
4 -6.79157
80 -2.31694
185 -2.64252
159 -1.92764
73 -1.1276
256 4.55936
8 -6.70964
34 -4.25992
1 -12.1036
196 1.31215
106 -0.0465393
125 -2.03129
10 -6.81069
116 -4.26622
23 -5.17652
249 1.15602
265 3.19714
226 2.21051
95 -3.948
79 -0.685944
230 2.45203
189 1.05112
208 1.62498
66 -2.27605
109 -4.84174
238 3.74777
116 -3.05172
124 0.294044
154 -1.04005
171 -0.604553
17 -5.49935
157 -7.81007
157 0.825104
134 -0.0663147
103 -0.456955
249 3.62416
153 -1.85262
27 -4.39038
20 -6.04212
68 -2.30511
61 -2.36662
28 -4.0404
62 -2.32185
55 -5.73719
93 -0.235115
28 -4.62769
85 -5.47659
109 4.6031
138 -4.90936
208 1.96649
68 -2.30149
223 -1.53366
165 -0.734406
143 -2.49841
22 -6.60287
199 -0.983276
44 -3.91003
2 -2.59298
55 -4.05344
58 -3.13512
197 1.71559
177 -0.921097
181 -1.99263
213 -1.53894
12 -5.05772
235 0.02388
116 -2.01708
75 -0.406784
216 1.8759
35 -4.35764
206 1.50787
125 -1.06533
186 1.2196
223 2.328
1 -7.64053
156 -0.884933
101 -3.27764
157 0.888763
108 -0.0655823
172 -0.020401
53 -3.45158
259 1.46738
236 3.33269
96 -3.89464
157 0.890213
161 -1.07112
185 -2.37964
189 0.277527
44 -2.49832
142 -2.70703
190 -2.16772
121 -3.31498
14 -8.58731
43 -3.67287
118 -1.34743
53 -1.69256
234 2.95938
65 -0.638229
153 -1.85283
258 4.97647
157 1.11777
175 -1.81776
217 -0.596634
276 6.20438
172 -1.16519
206 1.64671
94 -0.716476
153 0.727615
164 -0.30336
219 0.783783
141 -0.849197
226 2.49979
353 11.5538
139 -3.07536
52 0.962887
167 -1.51524
5 -7.89293
75 -4.10183
94 -4.00298
172 -0.0229187
214 -1.14659
229 -0.136505
168 0.0451965
142 -2.70726
116 -2.01634
81 -2.32446
230 3.06836
252 4.28098
94 -0.71492
106 -0.0465088
145 -31.2755
182 -1.17357
281 2.22247
233 -0.707718
218 -0.874619
196 1.37537
37 -6.06775
207 0.666092
83 -0.611305
199 0.31308
253 1.24666
131 -4.56241
74 -6.52238
79 -2.30611
199 0.282944
41 -5.33035
214 -0.818909
143 -2.50238
40 -2.6872
104 -2.30869
100 -3.61562
187 -1.31908
217 1.87198
199 0.313126
182 0.754578
18 -3.99201
14 -3.98982
95 -1.98521
79 -0.336807
279 3.27051
76 -1.57391
195 0.247757
190 0.267212
107 -0.204941
60 -3.10791
83 -4.49673
189 1.05252
191 1.51584
74 -6.52146
190 -1.30154
8 -3.46034
14 -5.59839
210 1.83691
30 -4.81723
17 -3.34146
53 -1.69205
224 -0.425934
8 -4.26009
8 -6.74768
191 0.195206
213 1.54597
20 -6.04214
111 -5.13163
239 3.65331
10 -7.14968
276 2.79297
172 0.154236
140 -32.716
210 1.58145
139 -3.08046
143 0.98938
210 0.554062
108 -0.0908966
137 0.762405
153 -0.675262
158 -0.567566
122 -0.0977097
123 -0.956192
116 -2.14069
210 0.41275
175 -1.81491
134 -2.81723
153 -1.85283
139 -1.9062
195 1.59898
250 -0.171234
216 -1.1601
135 -0.766159
150 0.963898
232 0.00242615
73 -2.26686
113 -4.3177
23 -4.42506
124 0.320892
224 2.1998
22 -3.58091
195 1.60236
142 -2.70859
319 4.89532
280 2.45169
304 4.75128
28 -5.53901
45 -5.32594
260 1.08514
286 5.24969
108 -0.0850067
5 -6.61482
63 -4.16547
139 -3.07541
157 1.11778
144 -16.593
240 0.353973
282 3.40109
271 5.47757
199 0.312775
143 -3.27274
40 -3.68811
132 -1.84152
122 -0.0976639
141 -3.04654
36 -4.30297
262 4.62128
209 0.730255
193 1.11304
255 0.778046
116 -2.13706
171 -0.784531
141 0.791306
216 0.768448
106 -2.21326
194 0.127045
251 -0.175888
40 -2.68676
214 -1.1472
172 0.154083
235 -1.74446
205 0.564453
127 -4.80111
136 -0.910492
217 1.48735
169 -0.49324
10 -7.18048
115 -0.370819
74 -2.28841
116 -2.14062
130 -1.78816
11 -3.01426
109 4.58949
250 0.693787
119 -0.577194
184 -1.20842
83 -4.49963
15 -4.42762
224 -1.58072
107 -0.102783
6 -6.71442
153 0.735748
8 -3.46029
128 -1.6744
38 -2.99065
187 -2.58003
88 -2.19958
14 -3.98964
111 -0.53051
66 -2.7299
171 -0.840729
261 1.08887
56 -2.66832
170 0.855911
129 -0.553436
79 -2.30953
206 1.64662
245 0.0955811
195 1.6019
88 -2.19937
225 0.950394
257 0.853363
142 -2.71008
204 1.22701
116 -2.13665
198 1.2146
207 -0.967972
47 -2.40799
337 13.4265
3 -2.7672
6 -6.31889
184 0.639297
232 -1.65471
229 -0.329727
17 -6.58869
214 -1.14609
293 3.79184
37 -4.3243
185 0.326538
68 -2.29689
106 -0.0461807
157 0.824646
252 4.31119
193 0.825653
259 1.46747
72 -5.05534
68 -2.50285
168 0.0451965
256 0.796082
172 -0.275299
166 0.203354
168 0.0494995
242 0.470413
57 -2.26261
5 -3.8162
2 -24.9872
304 4.75125
116 -2.12823
172 0.15477
249 3.59789
220 2.50984
24 -4.20415
113 -2.08851
56 -3.18105
30 -4.81687
215 1.82492
33 -3.97523
162 0.361267
106 -0.0464401
1 -26.0317
219 1.87129
30 -4.63074
138 -1.93546
119 -3.98148
77 -0.90786
37 -3.77957
144 0.0115814
42 -5.35527
2 -2.85086
57 -2.2625
51 -3.14354
252 4.27702
128 -1.67159
38 -2.72239
86 -1.16756
130 0.0193024
88 -2.19961
222 -1.51117
33 -2.47637
118 -1.96587
108 -5.43809
8 -5.96967
95 -3.90253
54 -3.32732
199 -0.815399
171 -0.818695
166 -1.36172
162 3.29939
202 0.201263
199 0.189163
33 -4.26263
40 -2.68633
89 -2.14447
209 -0.987823
146 -1.85429
80 -2.53542
35 -3.62349
124 -3.05022
118 -1.76316
51 -3.13607
232 3.20906
83 -0.552338
134 -0.864365
61 -2.36836
173 -0.243698
133 -0.0814972
54 -4.53974
192 0.944214
138 -1.93288
233 2.97128
134 -0.867325
121 -1.99886
233 -1.73744
70 -3.63972
84 -0.793297
55 -4.06569
213 1.70724
143 0.984741
256 4.61853
101 -3.58513
27 -4.71145
7 -6.16894
9 -6.9281
196 1.4007
228 -0.101181
129 -1.94273
158 -2.2429
15 -4.42764
239 0.688828
57 -5.27089
134 0.633316
157 1.11621
257 0.848328
91 -2.09576
134 -1.95163
57 -2.26265
41 -4.53136
213 1.68001
130 -1.78813
210 -0.580154
49 -5.82515
48 -3.73317
39 -2.59111
110 -1.80714
23 -5.03105
235 0.0236969
167 -0.248444
168 0.0494232
86 -5.33664
20 -5.74156
243 3.59109
58 -5.60469
184 -1.15131
116 -2.12611
125 -2.01302
93 -0.238373
199 -0.815674
2 -2.95906
192 0.943878
241 0.105682
304 4.75128
111 -2.01295
122 -0.0977783
156 0.267853
239 3.46358
102 -3.52426
27 -4.65915
169 -0.492752
37 -4.39307
174 -0.850098
86 -2.16828
116 -2.13703
70 -2.16039
219 -0.489929
222 -1.56778
109 -5.45217
55 -5.7399
199 0.313187
68 -1.34333
118 -1.9669
142 -2.70999
169 0.515869
253 0.926239
39 -3.87596
29 -7.87993
199 0.313095
83 -4.50371
153 -1.85278
252 0.908585
28 -4.63055
146 -1.27739
11 -3.37107
229 -0.394821
283 5.72339
192 -1.20891
26 -4.49752
98 -0.473114
106 -0.201012
279 2.72241
86 -1.17183
142 -18.0204
116 -2.14036
79 -0.686134
156 0.268051
176 -0.867371
17 -3.54703
177 -0.920547
86 -1.16803
68 -1.34328
111 -0.154541
223 2.32819
185 2.16745
109 -3.7421
54 -3.55462
191 0.19574
109 -4.37164
191 0.142776
210 2.11215
35 -3.01548
64 -3.19357
280 5.34418
281 2.22278
9 -6.60775
235 0.0250702
12 -3.18373
84 -2.06692
192 -1.2095
18 -4.25888
34 -4.2927
17 -3.20073
230 -1.79411
155 -0.633926
111 -2.01604
157 -0.504166
92 -0.563423
10 -7.15732
146 -0.455933
21 -4.6828
162 3.29234
116 -2.1256
111 -0.154541
13 -3.17097
7 -2.89036
110 -1.80555
62 -1.80871
139 -1.90604
132 -0.0723877
89 -2.23581
248 1.15462
69 -0.718475
5 -6.2353
182 0.753159
59 -2.29574
159 0.0277557
33 -3.97523
68 -1.34209
165 -0.73439
319 4.8801
56 -1.41302
263 4.78674
146 -0.974182
251 3.94008
199 0.31311
249 0.581131
35 -4.38143
107 -4.28457
4 -2.69621
116 -2.14171
112 -3.75288
33 -2.48102
280 5.34442
53 -2.35966
145 0.0466156
337 13.4271
116 -2.14084
157 1.11632
155 -0.842834
199 0.313202
93 -0.236893
23 -5.56909
261 4.27014
182 -2.11877
223 -0.704346
5 -4.7903
183 -1.24103
53 -5.55433
40 -3.13124
115 -1.22141
162 3.30042
124 0.321732
216 -1.1595
75 -1.00086
75 -1.00072
74 -5.27645
242 -0.0842133
197 1.37552
151 -1.08769
90 -1.68322
37 -3.68436
86 -1.17103
146 -1.27454
81 -0.818008
230 3.02701
189 -0.265594
21 -3.4047
8 -5.96987
79 -0.335732
171 -1.39259
213 -1.53902
334 15.8218
207 -0.968018
103 -0.436058
215 -0.811218
118 -3.99328
41 -1.48563
183 0.610992
214 -1.14662
12 -5.85154
206 1.64693
68 -2.50459
83 -0.606453
230 -1.15868
76 -4.61975
14 -3.4619
115 -0.360909
194 0.895599
207 -0.967957
135 -0.885391
133 -1.98611
136 -3.52682
20 -6.04211
230 -1.73238
290 3.90515
16 -5.24061
141 -1.86774
279 2.72327
166 -3.06026
187 -1.55576
80 -0.646492
171 -0.815628
184 -1.20854
292 5.39233
194 0.470657
59 -4.73314
130 -3.09821
250 4.55873
3 -3.09313
247 0.768463
86 -1.17129
250 1.9124
159 -0.390778
225 2.34157
3 -4.83766
222 -1.50969
33 -5.87097
252 4.27609
280 5.34445
106 -3.93133
107 -3.13479
196 1.29308
45 -0.931351
61 -2.36691
328 14.9027
276 2.78732
110 -1.80698
53 -3.2777
143 -33.4021
214 -0.664108
175 -0.844345
136 -1.9614
18 -4.25897
81 -2.32585
85 -1.56904
48 -2.92965
34 -4.25945
134 0.633286
153 -1.85271
53 -2.60942
146 -0.728516
73 -2.17767
159 -1.67892
20 -6.04218
195 1.0827
92 -0.647713
165 -0.278397
40 -5.539
222 -0.647354
163 -0.356079
239 3.26631
247 0.36998
319 4.87708
72 -6.74675
20 -6.04101
296 2.56644
16 -5.2151
126 0.00917816
180 0.577194
26 -6.77375
199 0.189178
199 0.189041
184 -1.20854
23 -5.17585
185 -2.3772
95 -3.83429
23 -5.15682
151 -1.76622
150 -8.23904
119 -0.269806
149 0.0467224
67 -2.29395
208 -0.652359
175 1.19525
68 -1.34209
196 1.31523
181 -1.99088
119 -1.10079
122 -0.0976868
156 0.267883
262 1.09952
5 -6.61477
115 -1.81957
119 -0.180374
24 -4.5906
342 15.6842
23 -5.15682
169 1.32858
186 1.14427
15 -4.42774
138 -4.90961
153 -8.26938
64 -1.74198
117 -1.74715
127 -2.70055
319 4.90518
119 -0.577072
185 -2.37962
160 -1.68471
83 -0.610641
101 -5.26993
177 -0.919357
150 -1.0842
259 5.41058
127 -0.912674
50 -2.68975
95 -4.24624
171 -1.44203
91 -3.41062
79 -0.618042
16 -6.64226
59 -2.52154
230 -0.0640717
131 -0.242035
173 -2.85612
22 -3.80301
231 2.75438
185 -2.3774
228 -1.57417
236 3.49054
128 -1.40188
203 -0.793381
179 0.631302
153 -1.85281
135 -0.887497
134 -2.02686
10 -7.1501
126 -2.78997
63 -1.30281
55 -0.775311
92 -4.8045
173 -2.85747
218 2.49699
299 4.25479
216 2.61433
47 -2.41896
20 -4.37611
214 1.55229
150 0.962234
355 1.3309
62 -1.80843
130 -2.90115
68 -1.34224
188 1.02939
20 -4.80796
3 -14.6162
164 -1.10394
81 -0.684738
183 -1.23994
33 -4.57837
225 0.950256
156 -0.395691
185 0.325745
169 -0.794922
132 -1.9416
185 -0.135727
84 -2.06658
186 -2.35591
35 -3.60444
123 -3.27932
252 4.28166
193 -0.0853271
199 0.313034
253 0.926575
95 -4.24628
169 -2.83128
247 3.74895
5 -4.22913
193 0.699677
24 -4.75698
8 -5.97045
121 -3.31973
298 7.82184
94 -0.715408
161 -3.79277
327 10.6939
131 -1.94431
267 1.51633
3 -4.42468
15 -4.42866
67 -4.96294
111 -2.01707
12 -5.80812
135 -2.63699
90 -1.8931
60 -6.31094
46 -6.4945
163 -1.58311
134 -3.78052
79 -0.675026
155 -2.57137
236 0.490738
101 -2.0262
113 -4.31839
86 -1.17074
192 -1.11632
201 -1.21422
173 -0.175186
182 0.753403
69 -5.32087
177 -0.919632
205 1.51038
40 -6.79756
184 0.279816
141 -2.66577
178 -2.51802
80 -2.31721
81 -2.23055
213 -0.527985
71 -4.3488
130 -1.78831
277 3.17151
263 5.39618
163 -0.319427
200 -1.34062
95 -0.756485
191 0.195679
116 -2.115
271 2.23911
53 -3.27765
259 1.46735
191 -1.27826
169 1.32854
190 -2.16771
123 -3.2836
113 -4.31725
170 -1.67107
58 -3.12169
135 -3.94554
154 -0.825989
155 -0.635056
92 -4.80466
135 -1.97644
298 6.29248
191 -1.11333
182 0.453522
100 -3.07815
11 -4.79972
166 0.355347
18 -4.2571
109 -4.25284
162 -3.11685
20 -6.66317
93 -1.89305
33 -3.97491
276 1.55618
276 6.20358
133 -2.57574
185 -2.37636
140 -0.479492
75 -1.37115
62 -5.20832
193 0.20723
117 -3.00822
167 -2.47934
199 0.313126
252 4.2809
226 2.60425
82 -0.866119
53 -3.27781
23 -6.49536
225 2.45346
185 -1.01305
131 -1.88173
153 0.736176
184 1.12053
281 3.37738
120 0.242538
197 -1.13765
129 -4.69554
208 -0.654205
229 -0.331116
170 -0.0242615
29 -7.87993
135 -3.94551
177 -0.919769
195 0.105789
28 -7.27993
119 -0.247307
54 -5.77604
244 0.680405
171 -2.72054
116 -2.14912
180 -2.40765
174 -0.810989
209 -0.572571
163 0.0983429
41 -3.79534
41 -3.79609
207 -0.968033
40 -2.68696
236 2.97774
283 5.72122
34 -4.50042
166 -1.34798
190 -2.16769
181 -1.99275
56 -5.12077
224 -1.5677
158 -0.58223
153 -0.475143
13 -4.61652
192 -1.11662
131 -0.449677
142 -0.0504761
178 -1.22655
75 -0.407372
135 -2.63696
72 -5.03117
206 0.319153
249 3.59506
186 -1.32974
10 -7.14921
134 -3.78221
169 -0.492569
63 -5.65813
129 -4.69544
10 -4.26705
184 -0.970474
195 -1.23215
224 2.4933
197 0.164948
79 -0.33535
133 -0.081604
181 -1.30934
112 -2.36021
205 -1.23457
6 -10.9528
30 -4.81759
121 -1.05988
29 -5.53918
184 -1.20844
169 -0.492661
183 -1.13507
276 3.27161
150 0.977432
231 3.17235
172 1.35675
134 -0.0762482
28 -6.4797
230 -1.73216
235 0.0253448
54 -5.31933
138 -4.90962
150 -3.24197
68 -1.34389
157 -1.71126
172 -3.6673
214 2.07297
274 5.30463
250 4.2541
22 -3.85146
166 0.355209
304 4.7514
172 -3.66862
22 -6.60314
16 -5.19793
191 0.195007
35 -4.29542
214 -1.14638
185 -2.02155
100 -0.0942764
169 -0.836548
228 3.41608
103 -0.458817
46 -2.61084
260 2.69519
16 -3.52861
68 -1.34181
355 25.7698
155 -2.57121
153 -0.994385
157 1.1161
83 -4.49833
3 -4.22974
81 -0.582214
40 -2.68677
250 3.95905
166 -1.34555
153 -0.672943
106 -0.0460815
132 -1.91183
129 -4.69533
186 -2.36006
188 0.0595093
187 -2.36392
220 2.51828
55 -4.97571
220 -0.711044
259 1.46722
18 -3.99066
35 -7.56308
145 -33.4399
35 -4.25175
68 -6.6236
185 -2.01987
243 0.442581
184 -1.20882
2 -2.74423
28 -4.04076
68 -1.34259
128 -1.67119
187 1.09979
143 -2.49884
232 5.12932
79 -0.685844
67 -6.36224
275 2.42902
48 -3.65667
143 -2.50154
193 1.10995
131 -1.80011
156 -3.20714
180 -1.31946
299 4.25473
175 -2.4971
31 -3.92971
118 -3.57613
0 -12.2118
150 -3.24197
256 4.5593
255 2.43192
192 -1.11656
9 -4.85969
27 -3.2564
276 5.9751
128 -1.67413
150 -3.242
199 0.189285
58 -2.2464
178 -2.63094
175 -0.927765
189 0.417435
65 -4.11106
210 -0.920212
265 5.65289
143 0.991791
92 -0.640587
300 6.26376
293 3.79184
112 -0.101082
18 -4.25682
27 -6.43921
79 -0.335556
300 6.29108
191 -1.09439
95 -0.7537
250 1.9126
154 -0.739471
292 5.39706
136 -0.250198
87 -0.540176
39 -2.72421
181 -1.9926
65 -1.38153
194 1.80107
103 -0.40992
299 4.25482
211 -0.635712
35 -3.83726
114 -3.375
139 -3.09053
44 -4.72496
220 -0.548523
220 2.51816
22 -4.34338
89 -1.21431
319 4.91257
45 -4.16174
191 0.19548
189 0.507446
192 -0.0518646
42 -3.19651
128 -0.18618
52 0.961536
149 11.6718
112 -0.101112
270 5.41455
64 -2.83006
37 -2.86687
4 -5.77189
192 -1.1165
25 -5.63443
179 0.756424
32 -4.05198
169 1.32889
39 -3.64748
55 -2.66698
128 -2.05064
92 -4.80471
95 -0.991547
87 -2.14898
15 -3.26879
280 5.34418
186 1.1445
189 0.507339
248 1.15387
187 -2.36131
26 -6.77374
122 -0.0974884
148 -3.30092
16 -5.24558
280 5.34412
280 5.3439
190 -0.929749
128 -4.25251
156 0.601089
184 -1.20895
26 -6.77438
146 -1.27629
156 -3.20866
95 -0.752251
156 -1.71718
271 5.43741
224 -0.409515
23 -5.15689
27 -3.57159
42 -5.52274
265 3.19559
255 2.39452
0 -2.79791
214 -1.14667
33 -5.64611
166 0.355026
8 -3.29846
259 5.41028
168 0.667496
155 -0.465057
49 -2.33651
100 -3.0781
218 -0.606964
174 -0.446945
131 -4.56194
182 -2.11824
46 -4.09348
205 -0.692337
169 -0.921341
172 -3.66788
235 3.64195
190 -2.16745
14 -6.61481
57 -4.85597
274 5.30484
150 1.78441
272 6.12238
38 -3.57436
234 3.65099
190 -2.16785
230 2.90085
259 2.62714
33 -4.37394
38 -5.64263
107 -3.13513
37 -3.34669
193 1.11032
288 2.19336
31 -4.19016
226 2.74706
177 -0.919754
192 -1.11661
155 -2.57103
57 -2.77678
49 -6.80265
156 0.267944
28 -3.71175
92 -4.80506
156 0.640594
130 -1.83383
210 0.559433
214 -1.14648
230 -1.72797
68 -2.29146
154 -1.72536
44 -3.6394
199 -0.585342
107 -1.5239
165 -0.734161
256 0.772247
23 -5.15667
95 -3.83732
139 -3.38197
156 0.0713654
184 -1.20848
80 -5.71334
122 -0.097847
157 -0.408371
133 -0.072525
142 -2.71188
178 -0.86731
191 -1.27879
111 -0.154533
280 3.30438
122 -2.08783
80 -5.71714
193 4.78784
20 -6.65623
54 -4.67596
95 -4.24602
172 0.522537
164 0.502487
50 -2.64633
181 0.376266
166 0.431686
130 -1.78822
83 -1.05756
184 -1.2085
138 -4.90927
16 -4.61803
174 -1.42751
109 4.58588
248 1.16283
194 0.471298
130 -1.78831
257 0.789154
131 -2.77032
326 4.978
95 -0.750137
70 -3.58198
257 0.789124
124 -3.30579
158 -1.65697
185 2.77681
130 -1.78836
117 -5.55173
130 -1.97055
150 -3.24207
233 -1.19452
91 -3.99764
37 -1.61234
39 -3.50949
61 -2.36705
68 -1.34389
174 0.694641
177 -0.919632
131 -0.358795
165 -0.735016
168 -2.48608
120 -2.11325
280 6.63876
321 11.5203
157 -1.68854
20 -4.37644
90 -0.394966
309 8.85059
5 -4.94384
64 -3.19352
147 -1.67796
26 -6.77325
286 5.24976
57 -3.6529
154 1.1658
93 -4.59152
276 2.42966
139 -1.90744
196 -1.24216
91 -4.64069
23 -5.15672
199 0.313141
20 -3.35904
267 5.14963
32 -6.7314
81 -1.09052
36 -8.06296
248 0.475418
41 -6.55204
248 4.34116
104 -3.75243
116 -2.17899
33 -3.53701
150 -1.0744
27 -4.41241
239 0.0953217
146 1.61504
212 1.97473
155 -3.83478
95 -4.61284
58 -4.78173
169 -2.81854
187 -0.188873
75 -0.409698
251 4.54121
25 -4.68259
283 5.26575
193 1.11024
185 -0.0275574
173 -2.51117
213 2.1445
186 1.14432
5 -5.8691
128 -0.515335
263 4.74973
93 -0.236534
177 -1.8096
52 0.963715
93 -0.236465
143 -2.48549
197 -0.879028
277 3.09509
135 0.857941
169 1.32881
298 7.82114
151 0.481674
26 -6.77326
284 3.49805
95 -3.95859
264 1.12305
258 0.796326
6 -2.91213
157 1.118
43 -6.36696
301 2.76898
19 -5.09161
207 -1.21339
174 -1.38824
151 0.710495
221 -0.569046
206 -0.688507
165 -0.735153
213 -0.513474
140 -3.54181
304 4.43161
178 -0.879837
83 -1.54518
284 3.55167
55 -5.00608
88 -5.13422
188 0.290558
178 -0.436371
235 0.0251312
53 -1.69173
117 -0.298309
135 1.42596
353 25.7344
158 -2.24426
108 -4.32577
232 -1.65477
126 0.128891
95 -4.52219
52 0.962963
232 2.84821
215 2.10538
103 -0.390205
97 -2.0415
134 -0.0660248
165 -0.73494
131 -0.448029
18 -8.57527
46 -4.09349
101 -5.26889
189 -2.18936
79 -4.85241
236 -0.431793
12 -5.36156
230 3.42656
95 -3.83431
95 -3.8374
15 -4.42894
53 -3.27879
90 -0.970093
135 -1.8945
209 1.59802
195 -1.23193
46 -5.37823
30 -4.81959
184 -2.23329
79 -0.686409
124 -3.30822
20 -6.65625
117 0.45826
75 -0.406769
1 -12.1482
85 -4.56203
276 6.01648
46 -2.68835
101 -5.26609
2 -2.64743
74 -1.62776
169 -0.985123
202 -1.15646
125 -3.91993
318 4.30045
271 5.44833
23 -5.1567
213 -1.55423
113 -3.34745
139 -2.08716
113 -3.42603
279 3.9147
139 0.0981598
42 -3.78815
91 -1.43769
6 -7.7195
223 2.19098
208 0.60202
236 0.204987
15 -3.91515
34 -1.32462
124 -3.28694
13 -6.62742
294 7.57977
300 2.90601
157 -0.818985
157 0.918839
52 -6.62666
92 -0.627983
152 -10.2505
283 5.72287
137 -3.04611
2 -4.66429
93 -4.58962
250 1.91243
122 -0.0979233
109 -5.45061
112 -3.75687
250 1.91234
208 1.93358
46 -3.53259
26 -4.67048
8 -6.1794
104 -2.33701
159 0.689102
166 -1.33325
95 -0.755226
156 -3.20883
139 -2.08644
177 -1.36508
183 -1.10387
134 -0.867264
7 -4.4371
150 -1.8237
4 -6.2601
174 -0.304428
159 0.0701294
28 -2.87647
75 -2.15241
155 1.23579
159 -1.92778
165 -1.44075
106 -3.92993
39 -1.80575
152 -0.783188
30 -4.8195
205 -1.74942
41 -6.55811
276 6.20383
172 0.195541
114 -3.32195
93 -0.236671
238 0.123138
304 4.75143
177 0.681595
52 0.962818
118 -3.99303
153 0.695801
115 -4.28715
53 -1.69149
122 -0.337578
266 5.55255
27 -6.43186
130 -0.412689
9 -9.1329
83 -4.498
109 4.58565
86 -1.1715
126 -1.90155
129 -0.885376
92 -4.80434
18 -4.25743
27 -6.30093
132 -2.01515
355 1.3345
145 -0.688339
207 -0.968262
130 -0.257492
117 -2.98305
20 -4.37608
191 1.26828
248 1.15463
298 7.92081
142 -3.43446
58 -2.43884
153 -0.387711
55 -0.769985
232 2.81824
299 4.25467
163 0.103149
150 -3.2422
184 -1.20889
180 -0.987549
186 1.14439
187 -1.59662
116 -2.14802
251 3.93936
105 -4.60495
190 -0.289902
75 -0.407043
276 6.20358
210 -1.30765
150 -1.02097
122 -0.206116
190 -2.16759
38 -3.73269
177 -2.60579
292 3.9985
154 -0.609238
183 0.668762
37 -4.62621
64 -4.74482
355 25.5232
190 -0.293076
173 -0.243362
135 -1.79375
22 -3.84679
157 1.11781
129 -1.99839
134 -3.782
51 -2.45443
27 -7.26884
24 -4.44251
229 2.64169
203 -0.531586
53 -3.27753
190 -0.293442
207 -1.21341
85 -5.47675
193 1.10999
268 1.16129
60 -5.00806
211 -1.56859
75 -0.406982
116 -2.14198
63 -1.80094
7 -4.9939
166 0.741562
96 -4.262
187 -1.13719
205 0.270691
244 4.01511
187 -1.59731
132 0.278961
49 -2.29657
71 -2.15154
62 -1.80847
26 -6.77281
119 -0.222176
42 -6.21126
166 0.535736
193 1.10852
232 5.14218
100 -3.07676
186 1.14455
180 -1.17589
141 0.147507
94 -1.07194
49 -3.68572
102 -5.25224
168 0.706909
187 -0.356049
184 0.133438
136 -0.784744
81 -5.72665
78 -6.2337
289 2.10898
187 -0.396194
83 -3.38023
185 -2.02156
159 0.0295258
5 -6.61461
161 -0.376648
4 -5.77263
25 -3.74334
270 6.04047
78 -4.11926
342 15.6826
219 0.716202
161 -3.7928
183 -1.00116
192 -1.26189
186 1.14427
128 -1.40508
185 -2.377
90 -5.73258
190 -1.12726
103 -0.409966
195 -1.01782
215 0.51123
155 0.8396
67 -6.94603
184 -1.44388
47 -2.58268
9 -4.69231
190 -1.22571
14 -3.19461
274 5.3046
169 -0.492722
63 -5.64585
185 0.326019
181 -0.361008
16 -8.16807
66 -1.84646
61 -2.36893
91 -1.43304
244 0.13652
185 0.326065
55 -2.486
198 -1.39552
97 -2.03669
100 -3.07697
41 -7.66642
159 0.0260925
21 -4.76036
252 4.27986
109 -4.46677
310 8.68018
160 -1.10841
126 0.128929
37 -4.21782
109 -4.41103
150 0.960648
42 -3.78806
149 -0.748596
168 0.0446777
229 2.66246
277 3.17123
166 -1.34322
11 -3.04745
165 -0.734924
195 -2.33501
165 -0.734985
81 -3.40937
249 3.88435
119 -3.98168
145 -1.03943
250 0.776093
356 16.2669
181 -1.89297
182 -0.894653
224 -1.50803
53 -3.27755
85 -3.27096
11 -4.24897
68 -1.3437
48 -3.30848
184 2.27605
236 -0.313141
3 -2.81017
167 -2.84583
15 -4.42855
172 -3.66789
44 -2.29739
325 5.16125
92 -0.762733
191 -1.27774
246 4.19925
301 2.79343
158 -0.518051
164 -3.11708
129 -3.20128
170 -3.73961
240 -0.0531464
130 -1.78831
85 -5.17564
273 5.83496
177 -0.518539
191 -1.11665
101 -5.26965
334 15.8249
249 3.66681
161 -1.1066
133 0.073822
180 -1.0213
151 -1.23933
91 -4.53767
16 -5.19405
104 -3.71256
251 3.99046
34 -3.54711
192 0.944122
139 -2.08727
169 -0.492859
126 0.00908661
81 -3.39322
9 -5.16676
166 2.54794
100 -3.42207
191 1.26553
202 3.03458
223 2.44788
276 6.2099
92 -6.27122
256 4.5589
214 1.33676
124 -3.28852
263 5.20154
31 -5.56168
99 -4.12298
45 -5.67627
13 -3.19014
204 -0.976166
56 -2.33785
169 1.32796
220 -0.434952
23 -5.15662
160 -1.6179
91 -1.4546
150 -3.242
96 -0.676125
191 0.195435
34 -4.50318
170 -0.249695
214 -0.521072
237 0.142349
131 -0.371307
131 -2.77011
94 -4.58942
85 -3.85694
131 -3.65514
161 -1.61177
109 -5.45152
114 -3.70535
167 -3.8896
144 -1.24022
134 -3.78282
139 -2.08687
70 -0.981049
109 -2.37326
256 3.91821
190 -0.289993
95 -3.83382
123 -3.28795
164 -0.168549
109 4.58262
24 -4.4422
317 9.19415
91 -3.99908
168 -0.0382843
88 -4.81156
63 -5.64639
38 -4.64218
298 2.59506
34 -4.50417
118 -3.53862
251 0.570221
86 -5.15854
279 2.72247
92 -4.80484
162 3.29272
208 -0.654526
127 -2.56759
232 0.00238037
72 -6.65794
100 -3.07646
18 -4.25692
7 -30.2624
65 -4.12218
87 -1.53433
248 1.16467
102 -3.39533
85 -3.92378
124 -3.29179
26 -4.70176
64 -2.8472
296 2.88943
184 2.26025
22 -4.7335
272 5.07907
237 0.142303
195 -1.19299
195 -2.32878
183 -0.917786
185 -1.26903
83 -5.55588
66 -2.94907
50 -6.25598
232 5.13893
307 9.03812
276 4.99481
327 12.3314
230 3.42659
63 -1.7699
15 -4.38701
55 -4.06662
39 -3.47293
92 -0.531898
101 -3.0634
206 -0.663727
14 -8.58683
19 -6.06564
81 -2.32604
105 -0.574028
59 -2.11627
229 -0.394791
177 -0.960632
259 5.42651
229 -0.394867
131 -2.77007
262 5.23511
297 7.85938
39 -3.47277
74 -6.52164
164 -1.54424
40 -3.61912
98 6.83856
308 3.38562
265 3.23318
118 -3.05511
147 -0.220398
246 3.64079
265 3.1983
18 -4.25714
135 0.061615
51 -6.97734
88 -4.90127
286 5.24976
288 5.35086
93 -6.18462
124 -0.649429
72 -1.53149
265 3.19824
246 0.598526
95 -3.83349
190 0.192657
267 5.52118
123 0.627029
199 3.21735
108 -2.67758
6 -3.87407
59 -2.52132
113 -2.91014
80 -5.81126
83 -4.38875
95 -3.8334
167 3.11581
20 -3.47747
47 -5.34725
95 -3.83768
317 9.19409
266 4.59415
30 -3.08068
10 -4.79416
153 0.573807
70 -2.16915
74 -5.27195
10 -7.17992
43 -3.3632
98 -3.51827
193 4.78751
183 -1.06335
196 -0.966187
91 -3.9993
112 -0.197098
165 -0.0134888
281 5.02121
1 -3.00739
186 1.14436
276 5.90659
260 0.948364
40 -2.68678
112 -0.101036
92 -4.80459
139 0.463303
86 -5.04479
210 -0.959381
231 0.288376
106 -0.200974
134 -0.0762787
125 -2.56499
105 -5.44586
161 -0.489365
82 -0.650063
72 -1.95482
217 -1.54243
333 15.3077
187 -1.14224
368 6.68332
196 -2.11516
188 -0.409241
7 -2.99303
199 0.165298
157 1.11772
92 -4.53203
203 -1.14001
91 -3.99961
252 4.00534
210 -0.964447
118 -3.00934
25 -5.53973
125 -3.91852
86 -5.33681
108 -3.73486
7 -30.2127
128 -1.86833
175 0.676361
24 -2.76903
225 0.950272
181 -0.420731
268 5.85333
217 -0.525742
112 -0.100883
252 4.27551
191 0.194992
162 0.27478
298 9.05923
134 -0.0760345
5 -4.94511
138 1.37602
363 17.1289
159 1.1331
169 0.51944
259 1.46741
112 -0.101021
75 -6.35846
18 -3.99199
152 0.776764
34 -4.5038
11 -6.52223
190 -0.0940857
178 -1.27539
128 -1.67139
243 0.0145264
150 -0.328232
167 -0.560303
156 0.684341
268 1.10324
199 0.189285
74 -5.27119
42 -3.75193
103 -3.7042
16 -4.06101
79 -6.61275
176 -0.790817
157 1.1178
311 8.54932
267 5.25107
115 -2.85099
61 -2.33117
157 0.825165
18 -5.14761
120 -2.17343
212 -1.56754
166 -0.260269
169 -2.91052
224 2.73616
218 1.50517
115 -1.46217
318 4.32162
155 -4.35609
193 4.78558
230 -0.116653
299 4.25482
48 -1.66302
232 3.58961
161 -0.0674591
266 5.40155
16 -12.8033
95 -3.83397
121 -0.279831
67 -5.69385
276 2.79044
136 -0.293167
23 -5.15692
289 3.85074
214 -1.14581
98 -0.793221
217 -0.482605
75 -6.35818
156 1.2352
219 -0.302048
193 1.15796
186 1.14444
53 -3.03643
265 3.19745
207 -0.968033
40 -1.39399
169 -0.492767
19 -4.97718
157 0.889877
172 -3.66808
112 -0.213753
25 -4.48179
61 -2.32416
196 -0.96701
193 4.78688
280 3.11337
278 6.40915
50 -1.37639
99 -3.98
22 -3.85218
5 -6.36888
28 -3.65511
74 -5.27748
75 -6.3576
24 -4.44245
14 -8.58696
118 -3.56284
255 2.39612
16 -5.19297
233 3.60526
113 -1.0733
6 -6.71542
236 0.498413
109 4.58068
173 -1.41196
110 -1.80699
283 5.92178
18 -8.08733
272 5.23785
56 -2.50367
173 0.232727
196 -0.96698
134 0.633301
308 8.75525
192 0.944138
292 4.05573
68 -6.91631
25 -3.42814
92 -4.80494
110 -4.83263
94 -3.42229
135 -3.86441
297 7.83752
216 -1.15884
22 -4.40813
159 -1.92769
217 1.82207
228 2.15437
96 -4.58456
4 -15.6434
63 -4.15093
54 -2.33754
162 3.30037
119 -3.98138
0 8.46016
91 -3.9992
168 -2.48619
181 -1.99399
355 1.3429
20 -5.61823
73 -6.62498
31 -4.49335
252 0.908813
156 -3.20879
304 8.16986
296 2.88931
162 -1.09413
123 -3.28278
169 1.32848
56 -2.40748
119 -3.05331
195 -0.14801
175 0.67775
13 -4.65423
168 0.0445862
80 -5.83539
55 -2.38929
79 -4.85577
53 -1.6925
223 -0.346466
56 -5.17839
69 -6.70786
39 -1.5702
18 -5.81504
88 -4.10715
197 0.11026
168 1.20724
116 -2.13805
150 -11.0669
267 4.90308
209 -0.988556
51 -5.33439
66 -5.32014
11 -9.05287
22 -4.85309
169 0.70517
24 -4.44245
92 4.92689
280 3.3551
91 -5.02995
161 -0.0552063
229 -0.330917
124 0.323761
88 -3.28725
107 -0.0980377
31 -3.27406
230 3.42659
125 -0.273567
227 2.76381
92 -5.48494
81 -3.39724
44 -2.84615
75 -0.409874
52 -3.72491
109 -3.76907
266 5.65945
97 -4.55247
31 -4.44476
123 -3.28281
166 -1.86937
187 -1.28384
232 -1.58362
130 -3.19933
112 -0.161217
233 -0.0613708
165 -1.86586
86 -1.65857
172 0.0601349
130 -2.90231
134 -3.78198
251 -1.75983
13 -6.65594
61 -2.3689
52 -2.55292
50 -2.51015
184 -1.54428
101 -5.25636
284 1.99939
14 -8.58042
47 -3.56504
246 4.11559
264 0.931091
30 -4.81986
29 -4.53227
81 -6.22397
230 2.91301
236 0.496552
236 0.498734
236 3.36713
177 -0.920425
224 3.22359
288 5.34869
7 -30.2588
6 -6.7145
356 8.21176
5 -4.94365
142 -3.36618
94 -4.95585
11 -4.58016
182 0.754593
265 3.23462
3 -3.17568
84 -5.79009
215 -1.33426
242 0.0237732
118 -0.345657
203 1.79553
155 -0.634918
165 1.14642
150 -0.780807
137 -0.969727
71 -5.06381
83 -6.09068
138 -4.90965
113 -4.31737
91 -6.2723
92 -1.89728
64 -1.14424
223 2.19073
170 -0.542389
353 11.5532
259 5.20511
306 7.31625
7 -30.2789
130 -13.3285
251 4.34419
211 -1.341
165 -0.734787
236 0.498352
59 -2.75104
192 -0.0905914
48 -1.38789
125 -1.89843
101 -4.34418
116 -2.11759
75 -0.409706
122 -0.0977554
122 -0.0978775
176 -1.18268
258 4.97479
161 -3.79285
30 -4.52308
138 0.139648
128 -1.67395
110 -4.83685
153 -2.89333
91 -3.41036
173 -2.58725
8 -5.57875
57 -2.35846
94 -0.717133
74 -6.5214
155 -2.57079
182 0.753586
188 -0.151108
285 3.59387
98 -4.08317
280 5.34457
181 -1.32755
254 -1.79483
34 -4.94769
111 -3.54558
122 -0.0977554
182 1.43219
291 3.79367
135 -3.10306
79 -6.67639
70 -5.19733
8 -5.8287
283 5.27756
50 -2.60773
30 -4.8187
182 0.753235
263 4.74197
20 -4.3763
175 -2.49655
125 -3.91734
28 -4.5501
92 -4.80513
194 -1.19713
300 2.90573
259 4.73206
276 6.2045
80 -5.72533
162 -1.55559
17 -5.16675
12 -4.66617
106 -0.046196
232 5.12822
61 -2.36656
247 0.451538
274 5.30466
200 -0.81929
176 -2.54265
213 0.545486
239 3.11147
77 -4.55379
256 3.8985
161 -3.79288
79 -4.8559
143 -3.2724
5 -5.74966
42 -3.78968
28 -5.29062
153 0.322525
142 -3.36363
84 -2.06386
287 5.40466
271 4.98492
288 2.19324
8 -5.82122
291 3.74695
39 -6.11396
325 8.98343
166 1.09717
190 -1.36154
131 -2.76981
52 0.963017
97 -4.63282
197 -0.875702
76 -4.80522
53 -3.35777
267 5.29758
175 0.625412
112 -3.81228
121 0.174667
86 -5.33681
151 -0.428207
280 3.42151
174 1.95348
7 -30.2955
258 4.97485
30 -3.31811
43 -1.02793
75 -6.35849
123 -3.2801
190 -2.16766
165 -0.734879
201 -1.06862
119 -3.98123
20 -4.37641
265 3.1311
184 -0.948593
37 -6.54304
90 -1.68137
166 -1.36133
41 -2.95267
265 0.955811
41 -3.48621
111 -3.49016
190 -2.16765
251 4.47365
311 8.54797
4 -5.77539
155 -2.57101
337 6.35464
99 -2.01955
61 -5.72076
83 -4.49782
58 -5.56071
243 3.60544
112 -0.100967
270 1.23663
52 0.964363
106 -4.46928
271 4.97369
15 -4.42812
251 0.584076
67 -7.10006
176 -2.53043
27 -4.57426
206 1.83186
172 -2.6423
208 -0.654419
90 -1.68316
188 1.02907
135 -0.0664978
197 -1.19966
281 3.68921
1 -4.1238
65 -1.21507
18 -3.99119
267 5.65518
252 4.26306
154 -2.5985
166 0.241913
71 -6.43648
23 -5.15681
215 0.511276
99 -4.15469
167 -2.90054
142 -3.37007
284 5.2897
225 3.26646
168 0.0987244
41 -3.79597
258 4.97464
195 -1.23198
249 3.6243
97 -5.94672
150 -1.07507
194 0.471146
89 -5.2319
60 -3.30294
9 -5.65744
199 -0.815079
75 -0.407158
27 -6.43238
70 -3.63947
91 -3.99738
177 -1.37958
35 -8.18122
165 1.51086
10 -4.63552
50 -6.72583
33 -3.76437
262 2.56366
139 -2.94781
92 -6.27207
88 -4.10795
177 -1.11115
27 -4.75899
178 -1.18065
85 -5.47672
61 -3.52464
127 0.558228
91 -3.99931
133 -2.57553
224 -0.425934
321 11.5206
57 -2.39391
172 -3.66791
95 -4.24586
110 -3.53271
99 -3.37301
93 -6.21373
184 -0.30098
192 -1.11639
214 -0.792694
175 0.724319
139 -3.07536
325 10.1448
0 -12.399
155 0.929703
101 -4.53843
142 -3.46506
259 5.49957
5 -5.74095
62 -1.28336
163 -0.584686
264 4.33289
27 -4.78563
214 -1.04082
291 2.24359
55 -0.771652
140 -1.37718
264 2.77957
307 9.07199
220 -0.79335
50 -3.66493
144 -0.669983
165 -0.0503693
95 -4.24617
40 -2.68667
187 -1.1409
222 2.7522
3 -4.21675
166 0.615448
261 0.6745
286 6.40915
237 0.142456
198 -1.33237
139 -1.24498
29 -4.35767
53 -2.20426
152 0.776749
14 -3.99003
150 -1.08464
204 -0.714066
42 -1.96482
325 5.13885
232 -0.11058
266 5.66144
269 5.4617
213 -1.11951
114 -0.16185
46 -4.96605
91 -4.00154
172 -1.16434
23 -5.15686
108 -4.26159
68 -2.29128
41 -6.55952
147 -1.67854
291 3.89749
199 -1.39462
44 -1.67367
3 -4.08947
91 -4.00119
160 -2.74414
190 -2.16747
298 7.82086
86 -3.75042
119 -0.577065
93 -0.236595
89 -3.79424
23 -5.15678
256 3.86035
108 -0.213074
103 -0.410011
252 4.00522
99 -5.09028
95 2.14234
249 3.59789
116 -2.13754
256 4.55908
307 9.00385
13 -2.70504
52 0.964321
185 -2.02209
130 -2.01897
256 0.387024
64 -5.07629
308 3.38211
124 -3.30575
2 -3.41588
48 -5.31312
44 -3.79507
103 -3.6765
274 5.83282
229 2.67665
176 -0.439819
38 -7.88684
149 11.6648
124 -2.02773
96 -4.46824
102 -0.656807
79 -4.74632
106 -3.64786
38 -4.26706
358 -0.627533
131 -2.77003
223 5.35333
98 -3.47417
185 -2.37695
84 -4.38993
21 -3.81894
233 -0.061615
179 -1.7236
183 0.426895
163 -0.706512
188 -1.28108
61 -1.29357
168 0.0989075
207 1.54358
79 -4.85608
113 -3.25785
195 -1.46602
122 -5.31129
194 -1.76816
185 -2.01979
33 -5.41837
34 -1.31875
233 3.11844
76 -6.73935
85 -5.47662
140 -1.37573
98 -3.51454
65 -4.50349
54 -4.54007
2 -13.0276
157 -0.201904
152 0.77652
3 -10.4155
36 -6.21762
217 1.64555
53 -5.14899
63 -2.29203
204 -1.66728
59 -2.8497
199 -2.24805
33 -4.61644
194 -1.09351
0 -12.4018
87 -4.96311
60 -6.48381
29 -3.3093
150 0.973251
311 8.54971
255 0.87027
11 -4.62329
258 2.67807
185 -2.01978
247 3.7726
143 0.989182
130 -2.88909
270 5.56042
270 5.36673
269 4.82608
363 16.8489
235 -0.197632
58 -2.3518
230 2.90086
66 -5.97621
199 0.189209
5 -6.04843
182 0.75322
66 -7.1784
325 10.2099
62 -2.36793
93 -0.235809
234 3.05165
35 -3.40531
306 10.0471
98 -3.51334
156 -3.20862
147 -1.67863
99 7.67744
141 -1.88306
85 -4.5661
263 5.39719
106 -0.200989
166 -0.412064
46 -4.09347
162 3.29254
75 -6.35958
217 1.88675
132 0.864136
320 5.82196
222 0.856796
65 -3.82368
162 -3.83859
36 -3.6881
247 3.64322
225 2.37827
25 -7.7413
131 0.902954
134 -0.0757904
128 -1.67118
142 -1.31071
210 -1.55714
211 -1.64438
113 -1.72321
192 -1.11629
39 -3.47251
82 -6.57484
48 -6.85073
91 -0.560074
208 -0.654449
33 -4.41384
92 -4.80486
99 -3.98667
194 -1.11111
4 -4.35142
67 -7.15163
167 1.34795
75 -6.74915
34 -6.29635
109 -5.45394
42 -6.5509
253 0.926239
111 -3.49744
26 -6.77315
186 1.14432
157 0.824692
57 -2.29257
184 0.864136
93 -5.39935
304 8.28708
169 1.32881
186 -0.974762
157 0.969803
109 -5.4544
191 -1.27773
146 -1.85448
296 2.88974
44 -5.48027
168 -0.0463104
156 0.601089
57 -2.39898
97 -1.96831
33 -3.59105
175 -2.68053
199 -0.81517
198 -2.31361
178 1.01578
231 -0.146606
81 -5.84888
92 -4.49187
15 -4.95318
162 0.293182
100 -0.869133
17 -5.15969
74 -2.11427
152 0.777084
31 -4.94458
124 -3.93786
113 -4.31725
167 -2.89807
89 -5.41759
128 -3.76328
28 -4.04035
6 -4.66812
215 -1.33481
191 1.26535
109 -4.37544
176 0.738678
192 -1.11659
129 -3.15611
122 -2.92638
123 -2.64261
53 -3.3571
355 1.35071
110 -4.83274
26 -7.77828
238 3.32675
92 -6.27029
98 -3.51544
47 -6.95864
20 -4.2784
243 0.232803
169 -0.492935
167 -2.86951
20 -4.37636
223 -0.624878
82 -5.54737
81 -5.65356
58 -6.57583
35 -3.57921
198 -2.25475
1 -12.3701
95 -3.8374
218 -0.564789
66 -2.23496
190 -0.29126
205 -1.74939
177 -1.22173
166 0.355362
186 -0.10051
261 0.690796
242 0.0091095
373 21.0688
191 -1.20204
185 -2.02196
150 -3.24207
334 15.8246
160 -2.05728
181 -1.99055
37 -6.5734
225 3.25546
5 -6.37097
264 3.19263
109 -5.45101
97 -4.74889
12 -5.42774
244 0.16246
71 -5.06312
95 1.1773
97 -5.94511
67 -6.36167
46 -7.00462
184 -1.06618
25 -4.88718
160 -1.23006
269 3.39685
123 -3.99142
49 -5.91061
11 -3.66883
181 -1.22878
68 -1.34193
93 -0.235954
18 -7.99771
108 -0.889534
140 -1.37651
95 -3.83761
130 -1.78824
160 -0.968872
186 0.72435
268 5.73895
44 -3.79526
43 -4.15369
20 -4.37615
80 -1.88582
317 8.14017
93 -0.489555
181 -1.89632
66 -2.23477
61 -2.36843
254 0.593109
156 -3.20889
122 -0.097702
169 1.32884
58 -1.32269
109 -4.36557
30 -3.74151
109 -3.60638
189 0.507446
207 -1.21344
284 3.6925
176 1.04887
48 -2.64227
225 0.948853
106 -3.7541
175 -1.52969
185 -2.01973
86 -5.19304
84 -2.06648
155 -2.57132
130 -2.90147
291 5.6749
5 -5.08481
185 -2.38571
341 17.9624
122 -2.03426
35 -2.64833
93 -0.235443
305 8.16565
106 -4.47403
12 -6.08989
41 -2.45116
70 -2.1593
175 -2.49568
107 -3.62566
69 -1.70846
97 -0.657059
129 -1.88548
253 0.925217
64 -5.54195
38 -4.34434
7 -9.59767
105 -5.34
71 -3.54949
80 -5.92142
111 -0.154533
192 -1.12415
68 -1.33956
60 -6.4907
99 -1.82301
192 -1.11653
217 1.82114
175 -2.62383
187 -2.36147
224 0.943939
95 -3.83444
306 7.20871
293 3.79175
306 8.8952
261 3.21793
238 3.32747
182 0.75351
111 0.099968
154 -1.68137
302 6.53351
157 1.11743
122 -0.0977249
10 -4.24972
127 -0.912643
259 1.46725
186 -1.6826
33 -2.4809
116 -3.21577
147 -1.67828
62 -1.8081
265 5.59714
174 -1.1055
276 5.05811
192 1.0666
74 -6.52167
169 -0.493134
207 -1.21355
238 3.74858
244 3.39664
293 6.17828
110 -1.80693
54 -3.0756
254 2.34204
119 -3.98148
265 3.19833
150 -1.07834
53 -2.27305
127 -0.912704
232 2.88045
259 5.25183
74 -6.52174
192 -1.19168
99 -5.27184
99 -3.32674
280 5.34317
184 -0.79245
182 0.753525
75 -6.35953
90 -4.68507
92 -0.503181
140 -1.37581
158 1.01103
100 -3.07671
182 0.753433
99 -3.28631
245 3.60481
64 -6.14135
52 -1.99899
132 -1.02278
191 1.26512
238 3.74858
159 -3.69099
214 -0.991898
171 -1.29721
125 0.195198
84 -5.83492
196 -1.63916
98 -3.51756
89 -5.60821
92 -5.69147
75 -6.78564
42 -1.71225
154 0.49556
66 -5.58065
61 -5.80749
223 2.19118
123 -3.28301
161 -0.789902
66 -7.09298
168 0.053421
191 -1.43094
197 -1.20491
63 -1.96674
135 -2.63634
13 -4.3196
7 -30.2335
99 -0.663254
168 -2.48111
171 -2.34473
179 -1.22115
44 -3.23025
145 -0.990265
118 -0.390335
238 3.74876
2 -24.9891
181 -1.99257
95 -0.71682
178 -1.22231
273 5.32904
201 -2.19658
234 2.59673
289 3.85052
66 -7.20326
138 -5.11469
118 -0.353157
86 -5.3368
134 -0.0758209
230 -0.213577
120 -0.178108
153 -1.31366
61 -2.36868
158 -0.410522
10 -8.24495
107 -0.204819
193 -1.76248
163 -2.68706
121 -3.30855
218 -0.76857
3 -3.86106
148 0.325424
58 -5.74262
179 -0.560196
199 -1.41246
317 9.19406
155 -2.57121
192 1.05217
230 2.91331
296 2.88968
106 -3.62302
93 -6.20562
188 0.182297
334 6.77707
40 -3.42308
237 3.53656
168 -0.00578308
40 -2.63622
13 -3.24692
59 -5.50978
99 -4.2447
12 -5.94993
55 -2.03841
134 -3.78099
231 3.58293
66 -5.97698
45 -7.93241
283 6.827
85 -5.75728
58 -2.26415
5 -6.38013
197 -1.35501
81 -6.16219
40 -6.79812
93 -5.15776
48 -7.48267
181 0.837524
155 -0.0746155
142 -1.302
141 -2.7412
81 -3.4013
39 -3.54619
197 -1.34688
186 -2.35756
20 -4.36982
100 -2.00127
187 -1.59753
40 -2.68697
40 -1.75351
361 0.31369
111 -0.154472
173 -2.23634
75 -6.35957
85 -5.75485
90 -1.6846
163 -0.154236
172 0.75473
122 0.463921
116 -4.26704
47 -6.49621
124 -0.100113
123 -2.83383
109 -4.40182
67 -4.35151
3 -4.53345
70 -5.17494
252 0.908829
130 -4.96281
325 5.16165
197 -0.881638
265 3.19846
68 -1.34278
34 -5.14791
125 -0.685715
301 7.95807
205 -1.75009
139 -0.760544
268 1.58218
172 -1.0311
89 -3.76597
182 -1.24525
225 -0.328979
267 5.18292
29 -3.35879
191 -0.067276
254 2.33092
289 3.84302
178 -1.36435
125 -1.59161
97 -3.17901
251 3.98213
126 -0.298126
202 3.03349
92 -4.80476
255 1.05518
62 -1.80817
39 -4.98886
276 1.55576
225 -0.593018
199 0.313004
123 -3.28398
240 3.35226
53 -3.27818
84 -6.02038
166 -1.35762
32 -3.46915
60 -6.49318
23 -6.9651
173 -0.243378
10 -4.60377
210 -0.807266
122 -0.0978622
199 -2.20311
91 -4.00147
84 -0.585144
360 8.72369
131 -3.64963
54 -4.53897
93 -0.23468
16 -3.24549
207 2.29884
175 -1.26451
203 1.71553
45 -2.37904
98 -0.199341
145 -1.02432
267 1.5087
46 -4.09336
277 3.17136
175 -1.13081
130 -0.484116
220 3.04839
153 0.735855
223 2.18971
138 -0.932343
155 -2.5712
321 8.70059
95 -2.05915
306 8.55457
155 -2.57106
107 -3.13474
231 -0.230118
121 -2.68198
112 0.130157
63 -1.76798
206 -1.02592
75 -6.35758
165 1.11526
265 4.76492
79 -4.85603
23 -5.15676
53 -2.75131
35 -3.01552
99 -1.50705
67 -7.1315
116 -4.265
90 -4.66347
226 -0.64006
360 8.69165
231 3.46104
6 -6.08703
34 -1.31721
8 -4.3014
210 0.412643
35 -4.33076
288 3.64996
82 -0.689003
181 -1.26453
111 -1.76359
266 4.1413
284 3.78113
116 -3.53358
189 -0.985992
300 7.91306
57 -2.32485
44 -3.13087
242 -1.67702
85 -4.56705
157 1.11778
95 -3.83424
33 -5.41827
199 0.189331
45 -5.88917
289 5.54733
134 -0.867493
156 0.601013
202 -1.14914
117 -2.38623
56 -5.7539
317 9.19403
91 -3.99935
136 1.3894
157 -2.48647
93 -0.604408
214 2.63168
108 -5.29179
132 -0.825684
75 -2.1291
17 -5.49961
276 5.25479
159 -1.92761
204 -1.66666
187 -1.59705
59 -6.11866
0 -12.3943
124 -3.29134
241 3.71564
14 -7.6287
67 -4.19661
230 -1.73216
131 -2.77005
176 0.888763
219 1.72305
277 5.04831
92 -3.46639
30 -2.82258
175 -0.913544
229 0.0208282
68 -1.14717
229 -0.32988
188 1.02217
156 0.600723
103 -4.39986
138 -0.351349
42 -5.35262
113 -0.0378265
236 1.12076
227 -0.0515594
188 2.21515
197 -1.4127
47 -6.49487
264 3.18448
100 -0.930222
103 -5.14558
211 -0.680161
53 -1.69246
217 -0.244202
205 -1.407
197 -1.75223
109 -3.63019
276 2.78619
59 -2.35894
249 3.59506
66 -6.39709
257 5.07104
260 0.976196
182 -1.19295
125 -0.96936
346 12.1758
287 1.93234
263 5.39563
159 1.1357
20 -4.37624
278 6.37189
26 -7.72131
170 -3.73999
20 -4.37632
181 0.873596
182 -2.11832
40 -6.7985
209 -0.987915
193 4.78464
53 -3.27969
91 -1.43718
249 3.59798
127 -1.9669
196 -1.40477
62 -0.883495
220 2.51237
183 1.08401
127 -0.912384
188 -0.409088
251 3.90343
213 -1.24487
62 -3.58361
66 -7.06625
211 -1.63818
175 0.677582
98 -2.00871
6 -4.53348
59 -4.70517
120 -5.18548
62 -1.80828
66 -5.05326
186 1.14435
368 6.6842
53 -7.111
92 -5.70718
107 -3.74207
60 -6.48357
66 -0.595169
86 -5.98148
254 1.49702
112 -3.31854
267 2.08691
80 -5.93414
191 0.309738
319 8.0318
85 -4.56214
263 5.54626
113 -3.73087
304 4.75146
169 -1.41507
298 9.05902
174 -1.78389
324 9.08047
210 -0.766663
56 -3.385
128 -13.8054
53 -7.11393
185 -2.37721
320 8.87656
21 -3.83532
100 -1.80213
119 -2.39096
209 -5.19824
232 2.65648
218 2.26633
91 -4.00117
55 -5.7701
217 1.82114
280 3.35501
191 -1.43246
276 4.94302
10 -3.98942
252 4.00519
324 10.2352
66 -5.97625
90 -1.56642
107 -3.13499
278 6.409
345 5.14597
80 -1.66018
9 -10.2909
185 -2.02132
250 4.0753
323 9.44528
63 -6.29338
20 -4.46521
239 3.45955
173 2.05965
174 -2.85059
247 0.306885
66 -2.23486
127 -3.38379
290 6.98914
345 5.14474
132 -2.75391
265 1.0058
74 -6.52158
85 -4.56706
189 -1.11296
306 7.36407
126 -1.5746
185 -2.01961
14 -3.5086
277 3.17123
120 -5.15568
41 -3.79521
345 5.14496
229 2.24335
165 -1.72874
50 -6.73153
13 2.47107
286 5.24982
51 -3.53295
133 -2.58627
155 -2.57114
83 -0.611252
52 0.963337
71 -6.39221
213 -1.53903
185 -2.02005
165 -1.36688
185 2.16852
128 -3.39081
199 -1.6053
1 -4.45625
193 1.10887
267 4.59763
21 -3.81305
66 -5.0518
71 -4.23984
152 0.776535
211 1.7104
86 -5.33662
56 -1.45813
81 -5.72267
55 -6.84382
7 -4.32204
66 -5.05133
87 -5.45132
107 -0.780373
174 0.680344
214 -0.664917
91 -3.41035
65 -1.29733
326 4.97549
317 9.19403
181 -1.99408
341 17.9632
75 -6.35873
251 4.41811
87 -5.19338
182 -0.440338
94 -5.15061
213 -0.523636
26 -4.24184
219 -0.534119
108 -5.01648
67 -2.39611
207 0.599731
278 6.37234
169 -0.493149
92 -5.70785
50 -3.7284
87 -4.33602
94 -0.514786
260 4.48541
164 0.258789
277 5.93878
19 -5.66792
123 -3.28291
169 -1.88123
113 -1.69543
223 -0.362625
107 -3.59054
85 -4.5673
229 2.51222
218 2.51045
278 6.37982
146 -0.467514
188 1.96768
262 1.5567
71 -7.0166
182 0.754593
115 -3.25538
235 3.00449
33 -5.12342
251 -1.75616
200 -1.47899
203 -1.7318
210 0.412613
66 -2.23338
254 2.34099
265 1.14926
331 2.4212
165 0.527466
125 -4.15787
192 -1.36473
211 -1.90648
114 -0.227081
156 -6.84808
97 6.49763
81 -3.40136
53 -3.28013
100 -3.19012
184 2.32094
136 -3.64323
212 -0.631622
229 -0.662476
282 5.11786
269 4.78159
79 -4.85683
278 3.91302
253 1.28085
69 -5.55556
139 -2.9552
17 -5.49941
80 -5.97693
56 -1.44854
21 -5.05764
117 -4.40781
121 -4.05605
101 -5.25396
135 -0.187164
127 -1.0239
237 5.72032
69 -5.67865
97 -4.13258
64 -3.58011
91 -4.00157
161 -1.95412
183 -0.210526
289 3.85074
56 -1.29639
190 -2.16782
129 -1.91376
167 2.39906
233 2.9119
123 -3.16425
238 2.22888
283 5.92163
92 -5.69339
35 -3.01567
177 -0.659592
92 -3.98199
60 -2.98686
157 -3.47054
153 -4.76697
245 0.147888
274 5.57452
244 3.69484
96 -4.87526
254 2.27203
74 -6.52155
135 -0.978989
187 -1.55504
246 0.238495
74 -4.41983
92 -0.361435
93 -6.20525
306 7.32297
263 5.49033
29 -3.71893
108 -3.70101
134 -0.0760956
122 -0.0762177
176 -0.914719
131 -2.7697
116 -3.24752
253 3.92511
191 -0.150696
41 -4.1502
17 -3.27815
91 -4.00117
191 -1.43367
66 -8.22512
107 -2.62761
259 0.917694
228 2.90797
2 -4.09689
66 -5.05076
54 -3.00669
99 -3.0815
261 2.7738
70 -1.75323
243 0.442184
47 -3.61378
81 -3.39152
249 0.394287
126 0.00917816
43 -0.421532
207 -1.47672
230 -1.7282
265 3.45398
264 3.19861
81 -1.46997
1 -6.48766
278 3.41287
118 -0.329353
174 0.965744
148 -2.33078
182 0.753464
253 2.23872
302 6.59653
25 -7.56905
37 -4.37207
187 -1.82579
43 -3.30251
225 -0.326538
278 5.99792
48 -2.74166
190 -1.27739
135 -3.94557
1 -12.1607
39 -2.67272
85 -5.47658
274 5.80756
146 -1.27678
152 -0.706726
74 -6.52168
98 -3.51823
206 1.64676
111 -0.154671
274 4.62323
62 -2.29587
201 -1.26694
109 4.58093
192 -1.24895
314 7.41989
182 0.75502
205 -1.74825
142 -5.11913
46 -4.09348
178 0.750793
256 1.42841
211 -0.895416
15 -15.3362
184 -1.29062
288 6.94348
9 -5.17308
225 1.03633
252 0.908981
199 -1.40047
249 2.40628
152 -0.0757294
112 0.145042
199 0.123154
52 -2.3694
74 -6.52171
143 -1.39935
105 -3.65852
251 3.88292
117 -0.163704
345 5.14038
29 -3.35806
53 -1.51846
28 -4.04068
267 5.29816
268 4.42969
370 15.9893
77 -4.81075
232 5.13846
134 -0.867676
239 0.610077
252 4.00533
146 -3.33246
53 -3.27868
120 -3.39139
184 -1.20917
92 -5.6957
274 5.89432
23 -5.15674
172 -3.71986
252 4.00525
44 -5.38091
39 -5.44452
34 -6.50801
166 -0.504822
92 -4.80446
287 6.99454
288 2.19321
173 -1.26378
69 -0.0544891
328 11.0687
21 -3.85031
241 -1.67204
92 -6.27044
91 -3.41041
87 -5.19616
157 -1.51559
201 -1.26682
192 0.943863
318 4.29483
127 -2.62735
111 -3.50619
203 -1.37131
185 0.996841
317 10.0027
106 -4.26095
48 -5.5539
87 -5.68422
168 0.0987854
202 3.03108
318 7.72269
135 -1.91496
242 0.284195
66 -5.05184
264 3.11688
43 -5.91496
249 4.54778
91 -1.43532
162 -1.39384
260 0.814911
178 -4.12212
35 -7.56284
319 4.87708
336 12.6315
356 8.22037
69 -6.97699
233 -0.245148
35 -7.56261
73 -2.06841
127 -3.8978
213 -0.798309
69 -2.12024
114 -0.556953
75 -6.35743
203 -1.08539
102 -3.78039
5 -4.39617
101 -5.25233
21 -4.62925
5 -4.76922
158 0.915512
131 -2.77032
45 -3.16684
111 -0.154533
332 12.1698
223 2.32935
348 7.65302
18 -4.25676
11 -3.86498
279 4.95865
360 8.72055
11 -4.60093
210 -1.56178
9 -4.4778
112 -0.101334
2 -13.403
197 -1.64381
158 -2.76183
251 0.249069
131 -2.7701
10 -6.97123
28 -4.04003
267 5.29831
341 17.9586
333 12.6381
231 0.275818
87 -5.12503
157 -0.670166
192 -1.12024
48 -2.67966
304 6.57266
187 2.29985
26 -8.16189
26 -6.77302
269 5.29114
296 6.30203
67 -6.36155
141 0.812332
150 0.95787
86 -5.01141
42 -3.37003
22 -4.65238
21 -4.87635
254 3.01039
158 -1.65651
60 -6.48106
54 -3.00718
54 -5.24864
129 -0.754578
205 -1.07957
85 -5.46546
53 -7.11227
261 2.53729
226 2.64288
85 -4.56722
194 -1.76884
130 0.0193024
196 -1.00197
232 2.81578
228 2.10683
164 0.477539
308 9.70047
139 0.685028
33 -2.48043
156 0.600616
115 -1.42284
84 -3.79688
317 8.07642
232 2.55225
306 7.18787
5 -4.94403
140 0.610657
228 1.18028
33 -3.63238
198 -1.37886
86 -5.19173
152 0.7771
187 -1.59619
103 -4.7653
242 3.19543
211 -0.767166
34 -1.31846
66 -5.05089
84 -3.92159
109 -3.38676
91 -5.3948
113 -5.4492
150 0.978668
233 -0.282303
280 3.35516
217 0.815765
145 0.416031
70 -1.27777
57 -2.8631
39 -3.70825
120 -0.206841
59 -6.45473
319 4.87903
103 -3.17798
260 5.32001
264 4.31625
162 0.880173
175 -0.977737
229 -0.394714
360 -0.850189
71 -4.22859
158 -2.24313
60 -1.16445
67 -6.36223
226 -0.337433
109 -4.83282
345 5.13339
251 0.674286
35 -7.56266
7 -30.2751
86 -5.15272
233 2.60936
85 -5.23399
134 0.247559
138 -4.90968
118 -3.19312
88 -5.92763
52 -2.36338
155 -2.57112
263 5.39709
204 -1.66669
191 -1.18642
11 -35.1953
102 -4.86575
240 2.03342
74 -5.27871
192 -1.93083
87 4.56532
317 8.15091
195 -1.23206
5 -4.58715
152 -0.821869
87 -4.33569
43 -2.99632
19 -6.10995
241 -0.120529
269 4.81375
107 -3.13523
224 -0.259094
96 -5.37804
143 -3.27243
174 -1.26344
118 -3.99362
104 -3.94229
22 -4.58132
110 -0.344566
40 -5.84598
187 -2.36096
110 -3.44565
19 -5.60222
182 -2.11871
245 0.148102
119 -0.0586395
263 2.59576
27 -6.46753
81 -6.18106
345 6.97723
83 -6.02973
110 -5.26855
60 -3.54738
101 -4.53238
85 -5.47675
71 -5.64124
154 -8.11421
95 -3.29213
163 1.35318
186 0.103256
244 0.136398
68 -1.34248
208 -1.20993
140 -1.37531
334 15.8206
84 -3.79755
155 0.030777
207 -1.21338
134 -2.81335
62 -6.18073
84 -3.7967
280 5.34406
321 11.5202
206 -0.852325
230 2.65114
114 -3.33812
98 -1.89238
12 -4.29672
263 3.44867
3 -4.5945
166 -2.45908
39 -3.3727
314 7.43732
8 -5.81127
79 -2.51534
300 6.88156
221 -0.183533
23 -5.9336
6 -3.99911
235 0.0237732
110 -1.16404
273 5.2131
204 -1.66235
5 -11.0284
249 2.40648
272 5.56946
147 -0.990463
79 -6.16539
22 -7.76733
150 0.975922
153 -0.701904
50 -6.25606
111 -4.56248
91 -5.6983
214 0.835342
60 -6.48993
201 0.306427
142 -0.442184
92 -1.46762
157 -1.297
195 -1.23222
264 3.99265
210 -1.18745
132 -0.386139
48 -4.1607
324 9.3396
187 -1.14238
325 4.93893
181 -0.900986
56 -5.27084
187 -1.55316
174 1.0365
95 -4.24609
319 9.74835
82 -5.82504
278 6.40887
113 -5.11375
152 0.776718
116 -3.20789
284 2.10916
276 5.24692
92 -5.70168
258 4.97375
175 0.678024
98 0.445267
123 -3.27826
240 3.68903
259 5.27435
104 -3.93211
150 -0.947403
66 -6.39666
239 -1.63515
77 0.388
216 -1.07732
279 4.92487
93 -5.45876
183 -2.16351
30 -3.66605
290 5.75275
266 4.39935
72 -2.23244
39 -3.43468
262 1.0993
83 -5.46239
21 -4.29887
93 -4.50875
301 7.47122
100 -4.1818
309 8.23425
77 -6.70796
190 -0.289536
146 -1.27744
4 -5.772
274 5.30457
310 9.06342
249 3.5979
230 1.38501
225 3.34717
321 11.5194
95 -3.83388
249 2.4026
46 -4.09364
147 -1.1118
304 8.27008
207 -1.2135
145 -2.69513
97 -3.38524
195 1.59512
93 -0.801933
62 -2.45723
300 2.99014
51 -7.0639
203 0.267563
279 5.02142
278 6.37418
34 -1.31709
80 -2.31665
112 -0.447739
295 8.24783
261 4.6684
263 4.63858
238 3.09929
346 7.09875
188 1.02158
197 -0.882919
28 -4.04067
306 7.20062
100 -3.07675
18 -3.9909
86 -4.40472
46 -2.76967
196 -1.23305
116 -3.30347
125 -0.685669
18 -4.25727
73 -5.09773
66 -5.97615
140 -1.37601
74 -5.27269
316 4.17706
126 -3.26214
236 1.88928
5 -4.94343
157 0.763306
217 -0.989517
227 3.07039
81 -5.93636
261 3.79111
202 -1.15633
142 0.81897
368 13.8264
271 4.97409
70 -5.5668
216 -0.796844
355 1.35806
222 -0.569595
92 -5.20048
132 -1.46495
195 -0.967941
75 -6.35742
214 0.868271
158 -2.24342
188 -1.16771
66 -7.02251
185 -2.02048
66 -5.0517
288 5.33386
128 -8.28024
341 12.0544
307 3.59781
208 -0.652954
302 7.51749
240 0.895584
52 0.964516
116 -3.062
270 3.05682
297 7.75613
109 -3.62119
114 -4.68726
217 -0.960785
136 0.299774
66 -6.39759
225 -0.223969
156 0.601013
107 -3.13485
120 0.449959
203 1.90645
173 -1.4301
317 9.19424
164 -1.68503
33 -3.51214
26 -4.04275
248 1.82774
210 0.415604
258 4.97501
97 -2.04697
104 -1.39481
109 -5.15691
184 3.07823
2 -4.12089
206 -0.485565
14 -3.98907
9 -6.91906
192 -1.11661
117 -1.60713
34 -4.50069
326 4.97388
218 2.3232
162 0.00892639
199 -1.37595
182 -2.07608
91 -5.40051
208 0.787338
68 -5.62394
208 -0.819153
177 -1.62428
150 -0.487839
240 3.81061
224 -0.167053
41 -6.55362
246 0.271927
83 -5.28528
95 -3.8334
148 -0.791382
293 6.20078
113 -1.76786
289 3.85065
135 -3.94566
15 -4.42462
292 2.25955
243 3.35478
266 5.15359
310 8.09579
32 -3.63345
83 -4.49522
110 -3.58258
91 -3.41054
186 -0.366089
284 2.00113
75 -1.0004
109 -0.542725
35 -2.98402
119 -5.06367
304 8.08392
61 -2.47875
15 -4.5066
243 0.569305
140 -1.37589
225 0.950363
184 2.27368
44 -7.42363
197 1.2486
132 -2.72354
232 0.00244141
109 4.58516
293 3.79166
87 -5.44479
143 0.985062
188 -1.66249
274 5.30472
211 -1.63763
160 -0.242554
278 3.9404
117 -4.45116
100 -3.05982
53 -7.02954
345 5.14023
86 -5.19649
109 -4.41782
197 -1.5338
182 -2.11858
249 3.59502
147 -1.67859
85 -5.47678
197 -1.61916
197 -1.72824
360 8.68985
97 -1.52769
190 -1.07553
34 -4.64123
141 -2.82812
15 -5.60427
129 -1.44604
210 1.66733
130 0.890228
249 3.59514
270 3.06381
175 0.677292
26 -3.40313
39 -4.29922
220 -0.427963
256 4.55884
46 -3.19752
115 -4.29722
40 -5.84166
216 -1.16588
225 -0.326569
191 -1.99072
108 -1.33948
223 -0.393539
91 -4.4776
271 5.54047
77 -4.53368
80 -6.07246
264 1.06824
37 -3.84227
119 -2.98283
337 7.8873
29 -3.35894
296 2.88916
275 3.26123
201 -1.45642
167 0.6297
146 -1.27602
208 -0.652878
284 2.00128
66 -5.66874
94 -0.260033
91 -4.47002
107 -3.13494
211 -0.752472
3 -4.22265
251 0.462982
97 -4.76401
161 -1.98622
206 -1.07825
61 -6.24158
317 8.17783
259 4.00385
126 -0.0474701
311 8.55493
184 2.27409
93 -0.318024
139 -2.0871
114 -0.184258
249 2.51451
220 -0.397659
226 5.61652
321 11.5191
187 -2.58089
79 -0.617767
152 -1.78822
60 -3.1355
245 0.148346
85 -5.47654
97 -5.94565
143 0.425476
159 -1.4053
317 9.19528
239 -1.61922
166 -0.933075
66 -1.70876
155 -0.63501
85 -0.766296
246 2.7592
223 2.32823
250 1.91318
8 -4.50999
145 -2.68477
337 6.35461
97 -0.139465
265 0.955841
118 -2.85986
150 -1.0845
271 1.14294
130 -0.106644
169 1.32892
210 -1.25574
67 -2.41499
260 0.813538
126 -1.48848
278 6.37967
30 -3.6215
155 -2.57098
91 -4.00143
162 3.29233
85 4.27128
98 -2.02236
245 0.148148
53 -3.35781
361 -0.290497
109 -3.62925
121 -3.31635
75 -0.406464
24 -3.544
174 -0.324081
72 -1.82619
311 8.55545
156 -3.20882
130 -2.90209
159 -0.889084
254 0.431305
241 -1.5522
226 0.886932
116 -3.51046
257 2.76556
69 -1.59187
248 0.111969
139 -9.77377
260 4.41122
267 4.57834
143 -2.73695
44 -3.13976
146 -1.60837
206 2.01768
274 5.30481
187 -2.36429
161 -3.7928
109 -3.68042
182 -0.930984
187 -2.58087
254 2.09528
237 3.53641
86 -2.21719
184 2.27588
156 0.755646
364 11.6657
193 4.78395
280 5.34433
176 -3.7617
64 -5.67501
75 -1.00091
209 -1.22977
266 0.93634
24 -4.44266
91 -4.0011
199 -1.14044
93 -3.54037
76 -6.2101
20 -6.66377
100 -3.42947
181 -1.13211
65 -5.1232
7 -3.29821
82 -0.749092
31 -3.7078
365 12.4135
276 5.95364
125 -2.75534
250 0.59584
324 9.95953
141 0.643524
74 -1.9725
249 0.072113
181 -1.89618
268 5.74615
188 1.67088
207 -1.21341
1 -12.2642
272 5.77567
136 0.637726
252 4.00528
227 -0.0436249
98 -3.51427
131 -1.07346
202 -1.38507
2 -4.8068
171 -2.88054
274 3.27689
96 -2.02592
141 0.574387
258 0.640167
191 -1.01108
63 -1.20929
125 -2.64046
192 -1.92091
199 0.250473
79 -4.85636
155 0.864075
197 -2.04663
162 0.0986633
105 -3.99425
65 -4.50318
257 4.60791
267 3.17496
255 1.05536
45 -4.48053
224 1.10805
251 3.93921
75 -5.20522
266 3.63757
71 -5.5851
195 -1.23195
225 0.950302
357 15.932
100 -3.0763
171 -2.88043
292 2.44672
79 -4.5017
123 -0.933533
68 -5.12478
33 -4.31848
245 -1.70935
237 -0.0467224
41 -6.56132
276 5.88101
327 48.7171
39 -3.59305
207 -1.21358
45 -3.43443
226 2.39917
216 2.54535
40 -2.07123
109 -4.37568
13 -4.23076
63 -0.970024
363 11.8278
20 -6.04202
359 -8.3714
313 8.22693
219 2.00395
319 4.91379
225 -0.320221
269 3.1618
1 -3.1496
126 0.128914
204 -2.11717
220 -0.520294
280 5.34427
20 -6.6561
305 6.306
245 4.09641
87 -3.31763
203 -0.492874
110 -3.53554
58 -2.63128
74 -5.27669
162 12.1699
72 -6.76817
237 3.1572
230 -0.501175
20 -6.04181
119 0.178314
66 -6.70807
119 -0.57692
169 -2.42371
212 -1.51094
211 -0.269226
111 -0.154556
117 -1.36295
253 0.925125
22 -4.21566
221 3.14508
276 5.13596
157 0.825333
142 0.449493
127 -0.912544
147 -0.839294
47 -7.3782
270 4.87405
195 1.60233
214 -0.664673
183 0.959137
220 2.59613
242 0.28421
222 2.4854
47 -5.80379
190 -2.16754
43 -3.08935
52 -6.05172
176 0.893341
286 5.2496
290 7.08856
129 -2.66266
123 -3.28335
198 -1.56497
165 -2.6859
233 2.83495
182 0.754883
153 0.736389
162 -1.13208
346 12.4304
130 -2.90166
195 -1.59218
261 5.41867
60 -2.4126
48 -6.85748
301 6.19699
109 -3.36466
236 -0.0762177
249 2.40813
76 -1.67925
14 -3.43808
334 12.5089
100 -3.07588
135 -1.42204
48 -5.05665
241 -0.886856
133 -0.0762482
317 9.28525
133 -2.5842
111 -3.38003
274 5.3045
311 8.55435
97 -1.491
147 -1.67862
223 2.1908
124 -3.2916
144 -0.2966
136 -1.43141
225 -0.326691
95 -3.83276
66 -6.39681
254 0.609085
194 0.470703
133 -0.992065
122 -3.06988
82 -6.19415
104 -0.632019
312 3.81833
256 0.490631
91 -0.569542
62 -1.80858
4 -3.91195
111 -2.02653
211 -1.63994
289 3.85065
88 -4.10667
199 0.312912
9 -6.89598
49 -2.02559
299 7.66278
207 0.693405
127 -0.912498
270 3.42285
254 2.33025
196 -1.56317
68 -5.3871
187 -1.55569
76 -5.09827
205 0.526276
84 -2.06382
69 -4.23889
73 -4.51961
173 -2.21338
42 -3.07122
191 0.196976
297 7.87299
86 -4.38183
100 -4.20298
178 -1.28352
283 5.72012
127 -0.13781
264 4.69785
185 -1.00121
108 -5.43816
162 0.581741
67 -2.08453
267 4.55594
111 -5.13152
189 0.387177
139 -2.08698
67 -6.36188
330 12.4387
215 4.12614
230 -0.17186
240 3.74098
70 -7.02939
127 -2.96178
274 5.30499
84 -1.04824
134 -1.539
223 -1.06575
304 7.03732
352 2.55392
140 -10.376
258 4.53156
239 -0.0503082
199 -1.25833
63 -1.77132
8 -5.9702
67 -1.76289
185 -2.02039
208 -1.02504
95 1.32309
112 -5.07828
71 -5.64111
237 3.53745
61 -5.55262
360 8.724
49 -5.76024
206 -0.419754
87 -5.19715
98 0.346031
81 -4.45886
218 -0.447098
232 2.84772
95 -1.03709
197 -1.99554
263 4.69574
156 0.600632
84 -0.549652
96 -4.06379
260 4.45392
122 -3.07047
111 -3.25272
178 -1.06792
86 -6.46297
254 0.452499
208 -1.54745
91 -0.633636
109 -3.32674
191 1.92326
252 0.556961
51 -2.61354
57 -2.26097
179 0.799957
57 -4.00687
190 -2.16763
174 2.33017
247 0.130676
79 -2.05111
328 10.6885
311 8.55554
212 -1.47624
195 -1.23201
11 -3.25318
172 -1.24483
318 8.72595
274 5.3046
199 -1.44807
220 0.785446
249 2.40038
276 6.20407
276 1.36255
267 4.65744
146 -2.37695
249 2.2813
249 3.59784
13 -4.0613
90 -2.89074
188 -0.409241
245 0.148239
195 -2.32893
195 -2.22099
35 -5.25792
109 -3.56921
182 -1.1844
44 -3.21065
250 1.91251
210 0.412033
274 5.30334
71 -4.35359
231 2.65379
307 3.60052
26 -3.70613
215 -1.33455
115 -3.61614
28 -7.27139
319 4.90845
61 -2.26761
206 2.10374
367 8.28601
190 -2.16774
231 -1.57695
121 -3.33228
74 -2.1608
9 -6.95418
85 -4.56709
85 -5.47656
202 -1.23921
58 -1.79332
188 -1.98917
202 -1.29936
104 -6.06327
176 0.87587
75 -0.618324
146 -1.85413
296 7.91748
157 0.825226
164 -0.246552
320 8.87665
103 -0.462303
66 -5.97672
348 15.1564
113 -1.73306
352 2.50333
60 -1.06756
256 4.38284
132 -3.6535
171 -0.977493
286 5.24994
208 1.52919
31 -4.6658
91 -5.61009
207 0.742401
55 -4.56086
227 1.27599
317 8.07834
231 2.63574
152 0.777206
339 7.22757
320 8.8186
182 -2.11865
289 6.3765
75 -6.35741
217 2.41458
155 1.07755
305 6.30637
157 -1.06654
306 7.38773
293 3.79178
247 0.185028
257 1.38806
55 -2.12568
232 5.13881
65 -2.16001
93 -3.32896
156 -3.20915
143 -4.5233
5 -4.94407
252 4.00539
151 0.547791
78 -4.56435
110 -4.84043
160 1.46266
46 -2.15244
301 6.20181
301 6.20065
162 3.29256
325 5.16122
157 0.655396
322 8.90405
276 2.78635
324 9.23184
161 -0.290573
177 -1.02176
191 1.26854
288 2.19324
321 4.62894
172 -1.69688
80 -6.63192
200 -1.49078
89 -0.442543
98 -3.51797
211 -0.821289
63 -4.75663
294 5.75623
130 -1.78886
214 2.35779
201 -2.09045
241 3.11038
223 2.19136
76 -4.24585
208 0.819855
10 -7.04979
45 -2.83529
294 7.61163
7 -4.1013
22 -4.99307
113 -4.31741
240 -1.74149
321 9.33505
161 -3.20987
254 0.437256
167 0.720398
192 -1.80872
332 11.6046
248 2.8842
92 -4.80446
263 5.39633
245 0.0129852
274 4.58917
136 -4.89302
223 -0.492432
181 -1.99461
212 -1.65898
300 5.84045
323 9.63254
306 5.60388
254 0.426224
224 -0.159485
311 8.55582
221 0.936417
274 5.97498
254 0.43187
-2 -20.1046
91 -6.32279
283 5.91745
305 6.22424
66 -5.05307
32 -3.73234
158 -2.37498
66 -7.20838
194 0.470459
194 -1.86557
164 -3.17845
42 -3.02353
169 1.32878
283 5.72382
91 -0.588943
127 -0.91243
357 15.9467
66 -6.39636
300 5.84305
327 11.629
23 -4.4241
61 -2.36895
297 6.31445
82 -0.603767
260 0.976349
30 -6.10962
98 -3.4735
49 -3.12768
211 -0.677307
85 -5.47683
332 11.7952
117 -4.45124
333 5.17404
77 -6.66629
181 -1.04288
306 6.38788
200 -1.40503
115 -3.25914
78 -5.33115
355 1.34976
334 15.8204
319 8.55405
150 0.959778
151 -1.61485
69 -6.81091
21 -5.52643
75 -6.31608
23 -5.83478
95 -3.26747
26 -3.71306
254 2.32846
220 0.769241
344 12.61
146 0.709869
185 1.44325
79 -0.335442
81 -2.48854
360 8.72461
243 -0.0367279
319 8.51215
334 12.8902
262 2.52753
260 0.948822
216 -0.795776
301 7.42529
78 -4.54543
290 6.38754
237 -0.0474548
42 -5.85833
314 7.61188
54 -6.57361
325 5.16125
190 -2.16766
86 -0.382919
59 -6.44697
369 0.537933
165 -0.734955
139 -3.44334
146 -1.27521
203 -0.942825
197 -1.2802
251 3.98421
79 -0.897865
29 -3.35893
53 -7.03486
236 3.64037
266 4.1842
299 2.74149
10 -4.63185
260 0.814056
372 6.2056
85 -3.9701
92 -5.70216
270 1.16653
190 -1.95258
314 7.43018
150 0.978073
28 -3.49447
162 3.29948
275 5.71527
263 1.13733
318 8.73679
320 11.5294
229 5.34473
241 2.83086
98 -3.47206
347 12.9206
319 8.56903
130 0.00979614
304 6.42191
161 -0.803665
252 2.09378
253 0.750595
262 5.39713
2 -4.52615
293 3.79175
243 -0.198608
320 5.82678
182 0.411331
345 4.7756
241 -1.70195
214 -0.825165
314 7.43271
109 -5.45299
239 1.35846
193 -1.8828
60 -6.48878
359 -8.25986
17 -4.53928
125 -0.03022
94 -4.95052
239 3.15779
306 7.20856
73 -4.51965
283 5.72131
237 -0.0472565
326 13.731
317 8.19125
40 -5.84185
313 7.92963
20 -4.37615
67 -2.65549
245 0.148148
202 -1.36087
232 3.22438
64 -1.62522
235 -0.973343
239 3.46255
74 -5.27446
153 -4.29291
260 5.35962
41 -6.55355
248 0.378326
12 -5.91313
223 -0.395615
274 5.30469
213 -1.53888
214 -0.775986
108 -3.75557
66 -6.39622
120 0.549286
281 2.22195
81 -6.67002
299 7.93796
320 11.5271
120 -2.931
84 -3.79699
208 -0.652847
112 -5.10202
328 5.18277
130 -3.72948
255 4.0426
52 -4.98434
113 0.0791092
169 1.33096
47 -7.09681
317 9.194
274 5.3627
352 2.48825
265 3.19739
249 3.59506
239 3.46381
167 -0.830032
74 -6.52164
80 -0.676231
112 -3.83187
97 -5.94651
333 12.704
290 6.44766
6 -5.85062
45 -7.93225
181 -1.38464
320 8.75229
129 -1.56831
259 5.29047
283 5.72122
103 -0.410034
253 0.332336
228 2.25868
36 -5.55583
48 -5.05947
169 -2.4456
53 -7.11382
107 -3.13487
151 -0.648819
269 3.39127
84 -2.28889
160 -2.34122
219 -0.139282
363 -0.592224
171 -3.03087
111 -1.59699
135 -0.351898
249 2.43251
91 -3.41045
195 -1.77826
317 8.51901
64 -0.798046
11 -19.156
296 7.86215
63 -4.89281
52 -6.89493
79 -4.85612
235 3.1301
280 5.34402
103 -4.09992
12 -4.61657
43 -4.21776
102 -1.94772
92 -5.70134
194 -1.86789
263 5.3959
191 -1.05688
306 7.30453
74 -5.27599
190 -2.16763
258 3.84
344 12.6078
79 -6.80975
174 1.11359
120 -2.99545
186 1.26559
211 -1.41997
35 -7.56273
169 -0.492615
53 -3.35594
45 -7.93206
236 1.59302
294 6.32849
62 -1.83677
78 -0.825005
273 3.66351
200 -1.34297
337 7.83173
93 -2.01628
212 -1.47041
325 12.5509
244 0.136429
126 0.12899
352 13.1348
261 5.50888
243 2.57062
67 -0.659241
118 -3.56566
61 -7.09142
34 -3.71644
285 1.78964
56 -3.84642
198 -1.48531
201 -4.40741
321 9.65976
271 2.94067
320 8.81235
368 17.0094
296 2.88934
218 -0.899078
94 -5.16927
187 -1.59718
278 5.71439
27 -2.87694
96 -4.0771
133 0.0692902
15 -4.42625
3 -12.5722
300 2.8093
200 -1.07213
226 -0.422501
30 -2.6
87 -4.4044
234 1.58755
321 4.67941
1 -3.23203
21 -3.84499
325 5.16168
225 3.37364
84 -3.79682
146 -1.45837
92 -4.80457
29 -4.23024
62 -2.14536
80 -2.31515
204 1.93265
293 8.38477
141 0.694168
236 1.72839
239 3.33286
54 -4.53844
87 -1.88684
360 8.7251
157 1.1165
291 7.06512
234 2.82549
298 6.9353
240 3.27556
74 -6.26434
294 7.67117
82 -1.98715
93 -3.26489
240 -1.7421
280 5.34409
373 25.0091
312 7.72906
277 5.36505
152 -1.614
306 8.53787
290 6.37509
91 -1.43734
169 -0.492615
111 -1.38587
122 -0.0976715
287 1.93491
231 2.34392
248 1.82771
162 0.497498
251 4.32971
270 4.92822
314 6.95462
152 0.776474
240 3.67383
79 -4.8565
20 -11.0106
264 0.95578
29 -5.80893
92 -6.08492
363 12.3425
64 -3.03596
76 -1.53978
88 -4.10598
121 -1.60175
190 -2.16776
20 -3.62438
10 -4.60638
74 -5.28873
101 7.5361
314 7.4325
211 -1.52489
187 -2.58119
208 -0.805664
251 2.0739
36 -3.73192
125 -2.77515
24 -4.4447
28 -3.34145
372 6.20511
263 5.39777
286 2.24292
268 2.76868
67 -6.36187
61 -5.7785
87 -4.36876
247 3.59172
301 8.33047
198 -1.46429
84 -2.06651
290 7.25027
131 -0.410126
0 -12.2301
51 -2.60712
274 4.55563
76 -2.43536
67 -6.60544
211 0.519424
298 9.6489
318 8.35785
147 -1.67914
16 -6.67411
175 -2.49756
217 -1.58026
264 3.19781
197 -2.27147
53 -6.81508
241 -1.6423
360 8.6976
128 -2.03246
32 -4.0563
48 -5.05981
245 0.149353
251 3.06535
4 -5.42244
182 0.755096
363 -0.357361
371 0.339539
84 -3.79755
66 -7.0272
321 8.79391
118 -0.380112
264 4.04163
283 5.72141
370 17.7997
142 -2.52773
34 -3.44687
203 -1.39729
48 -4.10156
201 1.35153
95 -3.63702
292 5.89661
114 -3.14214
80 -2.07872
237 -0.0473022
248 0.0606537
-3 -21.3731
315 7.90869
150 -1.08401
82 -6.63936
44 -4.36414
186 -2.50459
301 4.73813
267 5.06332
291 7.03918
274 5.30478
54 -5.65716
299 7.73419
220 -0.0132294
264 0.955688
184 -0.942368
371 14.6225
66 -5.7966
81 -5.93243
330 2.36203
187 -1.59612
210 -2.03395
66 -5.31813
90 -1.68445
212 -1.48372
34 -4.50103
283 5.91757
297 2.50662
196 0.335251
91 -6.32301
138 -4.90959
48 -7.48263
118 -3.99352
370 17.4992
22 -3.84891
274 4.79218
197 -0.793198
311 10.3495
158 -2.43602
315 7.47891
177 0.814545
249 3.59776
231 2.68016
223 1.90688
85 -1.95852
303 8.23648
328 9.73691
208 -2.02065
19 -7.68897
363 12.3424
217 0.583832
349 5.60928
201 -2.14656
107 8.29821
85 -4.56134
196 -2.15593
210 0.415115
91 -6.33609
165 -1.37102
203 -3.63831
195 -1.23212
344 12.61
363 12.3427
29 -4.01236
353 11.5529
298 9.05923
198 -2.42592
108 -5.43819
66 -7.56384
95 -4.24624
352 12.5279
61 -7.12655
95 -3.83704
304 8.27167
69 -0.500992
185 -2.02167
246 3.73268
60 -4.43642
16 -5.54918
287 1.93628
72 -6.84837
360 8.72485
2 -14.1646
83 -1.95593
138 0.297379
279 5.94168
17 -5.49619
102 -1.62538
117 -1.76876
77 -1.63386
57 -2.25958
14 -7.77015
347 13.5785
263 5.39575
51 -3.03994
48 -5.61334
331 8.57605
72 -6.54517
272 4.9281
280 5.34357
162 3.29256
109 -3.62537
163 0.340912
15 -15.3372
190 -1.04716
245 1.56073
327 10.3241
252 3.82274
9 -5.17265
172 -1.86703
252 0.205383
157 0.824875
262 1.92883
210 -1.82858
76 -1.61253
258 1.50891
191 -1.27841
5 -4.75655
142 -1.30943
352 12.5294
249 3.59502
120 -3.02847
150 -1.07463
66 -6.39684
71 -4.3422
344 12.61
313 9.86819
336 13.0524
210 1.76759
306 6.42831
274 5.30472
368 0.00570679
328 12.7685
352 17.4247
34 -1.31748
172 -1.31845
15 -36.9367
330 -20.4142
299 7.91486
188 1.02557
91 -3.41047
98 -5.21339
305 6.18881
198 -1.44115
9 -3.13707
201 1.18361
207 2.3035
266 4.20648
10 -4.78658
305 6.47266
60 -6.32907
92 -6.02322
230 -1.73187
201 -1.07654
262 5.33163
113 -4.31731
115 -4.16074
299 3.23111
195 -1.23213
72 -3.36108
79 -2.30905
265 4.3136
157 -1.64192
59 -2.5216
120 -0.0569458
235 -1.62404
73 -4.51952
328 7.89597
72 -2.43314
342 12.0909
161 0.0588379
50 -2.81011
267 5.03867
40 -5.98779
26 -6.77377
40 -6.508
118 -1.6217
301 6.20126
227 -0.0624237
55 -2.11916
259 1.63394
126 -9.38363
369 13.301
34 -4.09456
329 14.2516
111 -3.15908
142 -2.70807
97 -5.94519
165 -3.95264
205 1.82941
107 -3.6362
8 -5.96964
232 -0.155197
264 4.00427
171 -2.32597
347 13.5785
167 0.520569
122 -2.87902
20 -4.37642
269 1.09216
95 1.17388
196 -1.25365
276 6.20551
136 -0.784561
70 -1.57785
271 5.55548
112 -3.82773
245 0.148117
63 -6.26885
30 -4.81953
224 -0.46344
80 -5.71518
356 17.6542
142 -2.62318
236 1.51979
241 -1.65102
363 12.3401
41 -3.23495
40 -1.23012
367 18.6656
69 -0.845192
113 -3.44993
29 -3.3588
325 10.2783
205 3.51566
189 -1.1891
212 -0.607056
159 0.028244
134 -1.58444
138 -1.92879
251 4.46126
257 1.46652
303 8.18839
8 -5.81013
44 -3.03227
315 7.92584
195 -1.63228
165 -1.41862
291 6.47772
78 -0.73082
14 -3.9901
225 -0.320221
254 0.424683
137 -1.82666
346 12.4304
235 2.86713
109 -4.37876
235 0.17926
201 -2.05803
253 0.92511
209 -0.49823
239 3.43932
65 -3.25661
301 6.19495
281 1.93134
74 -2.40002
256 4.55939
153 0.73584
179 -1.36255
362 -0.173584
130 -1.78848
269 1.0426
236 0.498642
160 0.640793
4 -16.1332
165 0.872879
121 -4.33384
223 2.19116
250 2.60233
231 0.0512695
259 0.602509
62 -1.77327
119 -3.56911
317 8.14395
155 -0.634857
252 3.82266
329 11.9541
319 4.55444
66 -6.70085
56 -6.42275
245 0.147629
242 -1.77147
129 -4.69748
159 0.0605164
48 -3.30274
218 -0.674896
191 0.195053
48 -5.05805
277 5.90579
185 -2.02187
230 -1.72713
102 -1.54089
246 0.149506
265 0.955841
282 6.12009
298 7.78696
195 -0.251724
126 -2.14233
367 18.3824
7 -30.2105
353 14.8911
66 -5.03984
229 1.55405
171 -1.02951
342 12.1111
32 -5.46392
201 -1.06444
226 -0.536285
249 2.42215
251 3.98093
245 0.150757
293 6.97086
66 -5.9761
147 0.378799
317 9.194
71 -6.30514
302 4.56934
369 -0.014801
264 2.78622
208 -2.16679
373 13.6127
256 4.14819
28 -7.28767
230 2.91306
50 -2.50853
317 8.27454
202 1.23012
237 1.15903
200 -1.2282
255 4.45728
91 -4.00102
186 -2.50455
29 -3.35879
323 10.253
180 -1.19711
261 0.864532
260 0.813995
319 8.03186
113 -1.25551
284 5.35345
107 -1.88248
111 -0.173462
289 3.85059
262 2.52762
304 8.2713
15 -3.63783
63 -1.76812
20 -5.45348
283 6.80118
210 0.415024
79 -6.81421
310 7.92148
80 -6.11253
35 -7.56299
85 -5.29227
10 -4.6137
10 -7.04813
167 -1.65474
38 -6.14841
355 1.33917
251 3.93958
247 4.33165
225 -0.421829
320 8.61954
34 -6.72246
207 -1.09477
304 8.27139
54 -2.82344
185 -2.01942
98 -3.51807
10 -4.49174
365 14.114
295 6.14502
280 6.0047
156 -1.97389
70 -2.09917
228 3.38399
202 -2.20459
202 -1.07478
204 -1.44173
42 -5.85832
214 -0.676102
186 -2.50581
250 0.120773
79 -4.85652
198 -1.9335
170 1.94501
272 4.79724
328 14.5522
186 -2.50656
169 -0.650711
321 11.5204
24 -4.44208
170 1.91292
103 -0.464676
260 0.81424
196 -1.69949
329 14.6805
358 13.3018
124 -3.59016
31 -6.37617
112 -0.363197
84 -4.01868
156 0.601166
283 5.7211
58 -2.23318
159 -0.939087
229 -0.290512
248 0.0181885
230 2.91338
143 0.337753
295 8.27255
145 0.302826
122 -0.0977173
320 9.95325
98 -5.32384
357 8.2739
317 4.25024
299 7.79846
358 -0.608978
250 0.694061
325 10.6132
46 -3.32164
338 12.0034
186 -2.50623
42 -3.18687
276 6.48743
11 -4.48786
239 3.46579
170 -1.94034
316 6.51453
185 0.326248
263 5.64743
197 -0.883224
155 0.110336
5 -4.30493
130 0.0193939
126 0.128937
251 2.59441
42 -2.32438
135 -3.9455
123 -5.64885
293 2.51312
31 -3.50815
213 -1.53885
39 -2.72411
106 -0.253807
68 -1.14978
39 -1.33363
127 -1.49625
197 -2.3963
268 4.27957
77 -4.26329
84 -0.599892
36 -5.40684
113 -1.31728
42 -5.8587
230 -0.17215
81 -3.4012
305 9.4046
202 1.11655
352 2.49146
141 -0.316376
66 -7.01167
210 0.415588
129 0.649399
0 -12.2142
323 9.59012
274 5.30487
259 0.937683
81 -5.34722
315 6.80228
29 -3.41084
269 5.36938
270 5.87527
95 -5.96905
155 -2.31377
32 -3.56049
90 -3.97446
258 0.573914
342 12.1915
303 8.44528
185 2.168
318 8.73642
230 -1.73259
15 -8.30601
260 0.813629
106 -0.44603
313 7.28317
304 7.99896
15 -26.0042
185 -2.3775
251 -0.178604
170 -3.73987
84 -2.3492
186 -2.50627
274 5.30475
18 -5.49059
301 6.19501
240 -1.74429
347 13.5784
314 4.39224
177 -0.316986
43 -7.81316
326 4.97763
170 -1.38475
136 -1.96709
64 -5.80424
126 0.128944
279 5.38239
243 1.69901
5 -4.66098
135 -3.94545
306 7.13821
177 -0.3367
292 6.48727
166 -0.527695
25 -3.49335
238 -1.66737
71 -3.03548
167 -1.38895
44 -2.12111
217 2.57224
250 0.777237
29 -2.65929
92 -0.620537
165 -0.734344
167 -0.641068
305 6.99078
249 3.59784
224 2.76366
300 4.54089
54 -1.48259
281 6.06277
72 -2.01642
211 -1.63921
325 10.3825
3 -28.0199
38 -3.37104
188 -1.08781
265 4.02158
300 5.84039
320 8.62766
93 -5.86868
35 -7.56295
172 -0.798981
303 8.43903
286 2.20999
46 -3.37972
95 -1.45486
259 5.42651
236 0.48941
51 -6.07286
76 -1.54109
204 -0.260574
94 -6.04921
200 -1.07967
300 5.84311
1 -2.80825
197 -1.03894
159 -1.9277
271 5.43744
98 -1.9878
107 -3.13507
87 -2.242
274 5.30463
266 4.89722
302 4.03754
217 -0.401871
136 -2.04272
6 -4.56213
324 10.4264
345 5.13501
251 0.256516
3 -6.60107
18 -9.54757
204 -1.15073
209 2.49803
28 -6.13366
41 -3.08334
126 -3.59746
252 4.00529
172 -1.42839
107 -3.13509
307 3.75647
150 -1.02158
