269 1.19162
269 1.19119
140 -1.56224
141 0.11644
217 18.9074
168 0.504608
152 -0.0571136
179 0.256271
205 0.453308
179 0.257584
246 4.58015
224 2.07301
202 2.82217
206 0.662521
133 0.129181
200 0.380722
214 0.764435
152 -0.0572205
133 -1.52548
182 0.47554
102 -0.81884
179 1.11549
179 0.253525
206 0.662567
125 -0.0972366
177 0.392532
135 -1.51169
139 -1.51465
174 0.553955
132 -1.56956
227 1.73862
87 -0.386337
210 0.606201
96 -1.38576
152 -0.0573578
133 0.129959
80 -0.927429
226 1.17542
238 8.8819
198 0.344849
173 0.509537
176 0.7453
201 0.407333
194 0.478653
180 0.559738
147 0.18512
137 0.062439
254 0.776871
191 0.487503
151 -0.00418091
191 0.482391
87 -0.386681
121 -0.0260162
162 0.394836
133 0.130035
174 0.613495
108 -2.84412
110 -2.83004
244 1.30531
189 0.903885
180 0.406311
115 -0.234825
143 0.192123
203 2.42117
94 -1.64081
40 -3.09332
94 -0.862167
4 -3.50578
143 0.20253
137 0.0624084
47 -2.6249
228 1.08067
133 -0.214828
230 5.7612
48 -0.872833
102 -0.390526
191 0.482452
123 -0.633453
179 0.428848
191 0.48851
106 -0.0428085
55 -1.99278
64 -0.778923
201 0.686935
270 4.96237
158 0.286057
226 1.17552
168 0.489273
192 0.514816
51 -2.60691
148 0.242828
141 0.116135
111 -0.309624
74 -0.590485
234 0.775269
94 -3.3215
203 2.42046
191 0.482315
114 -1.17116
48 -0.872066
187 1.02168
174 0.538239
37 -2.20088
202 0.472092
189 0.901001
174 0.625076
35 -3.2615
133 0.129517
141 0.116074
228 1.04739
254 0.00787354
32 -3.20835
174 0.268524
177 0.389618
196 0.313644
80 -1.0535
176 0.757248
95 -0.701752
48 -0.86937
48 -0.867561
64 -2.06551
64 -0.776257
267 1.08148
167 0.394791
48 -0.868309
141 0.116608
231 5.50967
64 -0.776104
63 -2.31173
206 0.662842
195 5.35649
230 5.75995
40 -3.09357
137 0.215103
134 0.12912
55 -2.41934
162 0.29985
147 -0.15448
201 0.439011
177 0.652298
180 0.560654
141 0.116104
13 -2.66187
161 0.368912
102 -0.846207
200 0.45575
175 0.379547
39 -2.3462
51 -2.60707
237 0.612793
244 1.30482
90 -1.75269
80 -1.06349
189 0.906235
238 8.87502
147 -0.153183
158 0.28595
111 -0.309692
163 0.521225
113 -1.16867
77 -0.57637
37 -2.20605
192 1.51077
55 -2.41938
149 0.25676
193 7.67276
176 0.740158
182 1.89697
173 0.467148
138 0.0814819
165 0.410904
133 0.12973
169 0.285049
22 -2.75889
113 -1.16845
154 0.156845
139 0.115631
175 0.100388
214 0.612152
108 -2.84082
115 -0.154366
88 -0.453926
206 0.663879
269 1.1915
9 -2.17646
223 0.597198
39 -3.09199
21 -3.40286
234 1.86568
57 -0.794029
90 -1.32056
208 2.95406
145 -0.0906677
175 0.65184
94 -0.862762
27 -3.36627
67 -1.60787
60 -2.23215
100 -1.4409
191 0.482422
31 -1.28233
186 0.376862
31 -1.28229
87 -0.387383
143 0.231903
155 0.398682
31 -1.28237
192 0.514282
198 0.344147
126 -0.119171
158 0.390152
180 0.558716
39 -3.084
200 -0.798386
180 0.509338
6 -2.69432
67 -1.60815
259 2.82056
91 -0.869789
104 -0.337868
195 0.49411
182 0.676529
179 0.580734
56 -1.99463
170 0.452164
177 0.388168
3 -3.36161
176 0.471375
146 0.162369
57 -0.793091
111 -0.343643
121 0.0219574
178 0.563324
183 0.516037
142 0.173553
180 0.45372
102 -0.845108
131 0.0977325
54 -2.49872
165 0.619507
176 0.55864
109 -0.548592
159 0.419739
176 0.757126
156 0.257034
115 -0.154243
48 -0.873585
143 0.192169
138 0.172958
33 -2.66129
46 -2.56092
64 -2.02866
66 -2.01936
176 0.753387
55 -1.97427
115 -0.154427
349 3.14514
196 0.469604
114 -1.17078
141 0.116348
93 -1.57181
191 0.487442
84 -1.75823
203 2.42113
113 -0.309952
185 0.935226
90 -1.32044
91 -0.870667
185 0.733231
201 0.426941
48 -0.87252
201 0.403122
200 -0.797058
134 0.108719
37 -2.19998
226 1.1757
201 0.43924
203 2.42145
254 0.776764
121 -0.498985
131 -0.0444946
190 1.12047
109 -0.550133
48 -2.48425
147 -0.150757
114 -1.17112
195 0.45015
152 0.246887
97 -1.49348
117 -0.60714
90 -1.32404
95 -0.695625
34 -2.65918
28 -2.90283
170 0.548218
94 -1.5715
32 -2.65713
137 -0.191681
111 -0.308792
137 0.062439
48 -2.92656
180 0.558075
31 -1.28206
72 -0.641556
57 -0.793797
90 -1.32477
167 0.332611
181 0.503189
203 2.42117
3 -2.78307
231 0.416656
66 -2.35078
20 -4.59608
165 0.374237
145 -0.0714417
139 -0.098175
1 -3.37413
17 -2.94225
33 -7.98135
33 -3.16162
7 -2.83256
228 1.0479
48 -0.867924
137 0.0623779
164 0.325882
39 -2.34568
9 -2.17646
230 5.76021
90 -1.3261
143 0.204575
33 -2.63493
151 0.372345
12 -3.64175
133 0.130295
66 -2.01804
102 -0.765114
238 8.8811
109 -0.338074
151 0.371994
32 -3.20802
199 0.696655
9 -2.17642
6 -3.47674
230 5.76056
147 -0.151077
226 1.17543
143 0.214172
12 -3.286
177 0.779419
48 -2.48298
9 -1.54418
127 0.0285568
106 -1.31281
152 -0.0572815
156 0.223038
100 -0.404648
9 -2.17636
201 0.686279
87 -0.398605
28 -2.48696
55 -2.41927
50 -3.1538
121 0.0913849
109 -0.549393
78 -0.273956
165 0.619598
244 1.30502
48 -2.9264
122 0.0701904
102 -0.766319
21 -3.40276
195 3.23
113 -1.16852
55 -2.41922
67 -1.60799
136 0.228287
134 0.12677
176 0.753036
175 0.101562
83 -1.80122
26 -1.99865
198 0.344299
34 -3.14004
203 1.18294
151 0.28775
201 0.403244
182 0.475952
118 0.0719147
102 -0.766136
40 -3.18998
147 -0.169876
10 -3.94178
49 -3.1475
134 0.127335
111 -0.351273
192 0.508652
158 0.286453
169 0.203522
202 0.737183
163 0.430969
180 0.55658
132 0.0889893
81 -1.4156
143 0.214203
210 0.666504
169 0.69902
105 -0.116936
86 -1.28004
181 0.516846
121 0.0912628
176 0.757248
81 -1.41785
38 -2.36596
165 0.411133
6 -3.55238
32 -2.64964
106 -0.360504
51 -2.65698
89 -0.942047
7 -4.88785
221 0.464966
38 -2.48836
64 -2.06787
191 0.517578
175 0.311005
94 -1.50098
180 0.580704
120 -0.428558
109 -0.54866
53 -1.84193
191 0.48674
147 -0.150864
7 -4.8929
175 0.379105
20 -4.56408
88 -1.78154
156 0.130356
71 -1.22753
110 -2.83031
202 2.09161
173 0.541275
21 -3.40245
54 -3.31623
179 0.327866
58 -0.800327
175 0.39827
191 0.857071
206 0.662643
252 -0.472961
100 -0.613403
150 0.298355
218 1.41515
55 -2.41939
102 -0.844566
28 -2.95196
5 -3.21462
200 -0.797134
156 0.329376
156 0.257294
31 -1.28241
175 0.0849304
60 -2.18177
111 -0.282738
240 6.62608
43 -2.70693
183 0.65976
121 0.0268097
148 0.282074
67 -1.60798
200 -0.799362
63 -2.08417
226 1.17546
133 -0.00920105
180 0.621201
176 0.757172
365 4.07254
34 -3.14008
201 0.40564
175 0.10437
33 -3.20367
50 -2.44492
191 0.861847
173 0.472153
143 0.171158
104 -1.25178
137 0.185013
121 0.0258102
144 0.234634
48 -2.32522
121 -0.498268
154 0.317612
118 -0.211136
61 -2.18021
62 -2.47615
174 0.553772
93 -1.55598
32 -2.64335
40 -3.19002
159 0.38063
148 0.274643
198 0.344406
182 0.475479
174 0.554016
233 0.956619
55 -2.59137
96 -0.865227
173 0.46817
183 0.585861
168 0.491287
194 0.488281
12 -2.6588
235 1.88892
142 -0.156906
313 0.400269
163 0.521667
7 -3.23764
111 -0.309006
38 -2.36214
111 -0.348579
200 -0.797562
160 0.369019
79 -1.26888
195 11.069
191 0.482513
71 -2.17628
200 1.25613
198 0.383743
121 -0.128136
80 -1.45365
143 0.204849
185 0.73024
174 0.553955
209 1.1467
170 0.659119
81 -1.41968
108 -0.356812
124 -0.141853
152 0.247803
111 -0.521828
187 0.505386
244 11.8343
175 0.109329
192 0.923584
189 2.56342
164 0.35672
167 0.375977
152 0.241547
191 0.482971
163 0.521973
38 -2.36357
175 0.440598
90 -1.32298
158 0.285339
136 -0.174973
198 0.344437
121 0.0918427
159 0.382507
177 0.392654
137 0.19603
94 -0.862434
133 0.129761
156 0.256851
120 -0.192101
200 -0.800308
26 -2.01217
39 -3.0845
9 -3.5278
48 -0.867867
42 -2.46361
185 0.729675
70 -2.34051
165 0.372177
31 -1.28262
119 -0.202972
252 -0.490463
105 -0.115486
191 0.482635
83 -1.80276
141 0.126175
151 0.37233
133 0.129639
147 -0.157166
102 -0.405266
63 -2.04317
144 0.311081
85 -1.62727
141 0.116577
61 -2.29695
7 -4.88815
169 0.699112
67 -1.60814
21 -3.40282
91 -0.871368
80 -1.38583
206 0.663162
121 0.0913239
217 18.9045
33 -2.64107
191 0.48259
199 0.425537
201 0.434784
19 -2.94757
102 -0.818474
10 -3.41266
181 0.40448
349 3.14526
200 -0.800583
79 -0.566559
250 -0.986862
236 0.739853
21 -1.30321
179 0.428253
163 0.30452
66 -2.27923
44 -2.14722
219 0.59169
67 -2.26902
131 0.0976715
175 0.652054
6 -3.47975
193 4.1068
131 0.10434
190 6.19839
155 0.389359
113 -1.16867
120 -0.504066
57 -2.19466
38 -2.4919
22 -2.75878
163 0.521286
208 2.94112
115 -0.154381
134 0.130676
148 -0.156387
71 -1.84383
191 0.487793
37 -2.20618
148 0.326508
54 -2.54679
60 -2.46949
67 -1.6081
201 0.927795
150 0.207733
170 0.655975
109 -0.544601
111 -0.346718
176 0.756821
168 0.496155
72 -1.98349
164 0.368927
70 -2.3409
232 3.89488
28 -3.31196
121 0.0268936
67 -2.29636
52 -2.58995
33 -2.66072
175 0.100891
62 -2.10307
32 -2.65714
43 -2.72147
13 -2.66249
24 -2.91599
130 0.207001
201 0.898697
114 -1.17139
21 -3.38283
143 0.214096
177 0.822052
114 -1.17129
11 -3.35271
137 0.185638
12 -3.28655
143 0.190384
102 -0.84626
168 0.49585
195 0.677872
37 -3.16778
156 0.256836
40 -2.4988
242 4.51799
115 -0.154221
141 0.116486
94 -0.00458527
141 0.116684
200 -0.799713
62 -2.10244
14 -2.39433
141 0.116135
138 0.137253
191 0.838638
151 0.372742
165 0.460541
158 0.286728
139 0.231552
66 -2.01733
75 -1.91326
151 0.37262
157 0.346252
128 -0.454826
7 -4.88552
66 -2.33784
72 -1.9603
174 0.490021
9 -3.52796
192 0.514191
158 0.351166
92 -0.943985
229 1.3035
33 -3.16201
78 -1.37505
155 0.347824
94 -0.862495
61 -2.2966
82 -0.46312
58 -2.48029
48 -0.867683
230 1.80243
7 -4.88836
155 0.399246
177 0.392639
134 0.130676
83 -1.80238
115 -0.154221
161 0.435928
177 0.392532
200 0.696014
72 -2.35732
203 2.42155
232 3.20836
163 0.521606
40 -2.89716
206 0.664017
102 -0.845154
191 0.482468
151 0.373062
156 0.257309
32 -3.20844
139 -0.142303
156 0.242996
137 0.0627289
190 4.07918
213 0.708755
31 -1.28289
9 -3.52882
124 -0.120903
59 -2.27011
14 -3.54572
91 -0.708878
164 0.446777
72 -2.3599
121 0.0828934
48 -2.93025
55 -2.4193
244 0.383545
67 -1.60799
33 -2.65087
80 -1.38577
33 -3.16917
137 0.255005
162 0.391006
58 -0.800262
16 -3.0364
91 -1.66635
175 0.3797
39 -2.34818
192 0.49118
67 -1.60791
77 -0.108749
66 -2.01874
143 0.292114
166 0.455414
96 -1.64723
100 -1.34977
231 0.417648
141 0.11618
165 0.619568
148 0.304001
183 1.84964
190 0.513412
131 0.106384
122 0.124733
102 -0.766212
64 -2.06773
87 -0.39727
212 0.826569
31 -1.28238
181 0.404678
156 0.315018
156 0.284943
40 -3.18993
142 0.22348
9 -4.01957
154 0.303558
38 -2.3681
121 0.0258102
162 0.389343
49 -2.54186
66 -2.27216
250 -0.986694
6 -3.53105
97 -0.53965
36 -1.1315
109 -0.548592
191 0.861938
12 -3.64148
37 -1.092
173 0.472
246 0.619843
105 -0.123077
10 -3.42006
64 -2.30215
96 -0.343529
17 -2.94189
185 0.287857
171 0.505569
131 0.104263
176 0.654984
135 -0.148331
44 -2.1473
147 -0.154221
244 0.382324
213 0.0178986
166 0.444336
132 0.0939178
118 0.16082
55 -1.5994
174 0.625076
152 0.337952
118 0.166
102 -0.845551
136 -0.193283
55 -1.59961
102 -0.818649
100 -1.34817
173 0.471954
63 -2.04282
91 -0.2425
87 -1.55827
91 -1.59902
127 -0.00208282
14 -1.49612
123 0.135132
175 0.386871
37 -3.1677
106 -0.525848
42 -2.66186
144 0.225006
206 0.48848
195 0.461792
48 -2.49533
106 -1.31351
147 -0.152573
37 -3.16777
59 -2.55184
127 0.0554657
160 0.349106
64 -0.775761
87 -0.387138
133 -0.0461121
40 -3.18997
33 -3.13107
126 -0.344681
238 8.879
138 0.172363
121 0.0244751
48 -2.4833
121 0.0914078
163 0.408844
84 -1.46667
141 0.116364
41 -2.25842
96 -1.39839
168 0.443329
181 1.03145
169 0.500122
156 0.2957
22 -2.75259
117 -0.865952
142 0.231796
143 0.124512
147 -0.156311
5 -3.37837
128 0.0704956
147 0.29657
26 -2.00997
76 -0.57917
22 -2.87127
33 -3.16257
204 1.10162
30 -1.23121
71 -1.37408
33 -3.16276
3 -4.59266
50 -2.55148
70 -2.04631
39 -2.80372
138 0.1521
143 0.204849
186 0.462708
6 -3.49155
165 0.619888
107 -0.547882
119 0.130074
62 -0.770763
48 -2.48325
72 -2.14694
2 -2.52252
106 -0.0445251
63 -2.34063
7 -2.83192
132 0.0898895
36 -1.11381
69 -2.03603
58 -0.800121
67 -1.60821
169 0.46965
208 3.68765
63 -2.04269
109 -0.511841
48 -0.868908
58 -2.24851
62 -2.47435
60 -2.28732
247 3.85225
119 0.1744
22 -2.93097
120 -0.503983
33 -2.32135
31 -3.15834
129 -0.353683
22 -2.75883
6 -3.47957
181 0.538193
143 0.190979
185 0.730225
202 0.726837
129 0.0137634
7 -4.88682
81 -1.77435
12 -3.64414
70 -2.3927
37 -3.16774
63 -2.22293
56 -2.3921
111 -0.309593
6 -3.4744
46 -1.82586
153 0.315826
108 -1.22377
253 1.13795
138 0.172821
115 -0.154312
210 0.666382
167 0.476578
120 -0.503159
28 -2.95187
83 -1.8034
180 0.563934
60 -2.69388
67 -2.3174
66 -2.362
134 0.130768
164 0.503662
50 -3.15302
135 0.215698
90 -1.32049
208 0.335541
84 -0.79332
147 -0.152878
117 -0.591583
207 1.50919
83 -1.80095
165 0.619583
111 -0.521721
143 0.210846
187 0.783813
142 0.222565
31 -1.18825
157 0.347488
34 -1.13495
67 -1.60813
175 0.10434
33 -3.1625
126 -0.998863
92 -3.49854
158 0.300369
103 -1.05878
54 -3.31491
152 0.345306
106 -0.0443344
134 0.128372
292 6.7605
175 0.380417
88 -3.63003
6 -3.47746
191 0.862686
6 -3.47935
175 0.103043
4 -3.50065
150 0.245453
121 0.0608902
48 -2.31644
164 0.437363
83 -1.80527
91 -0.71109
137 0.18335
192 0.918594
21 -3.27337
323 2.62512
123 -0.63456
175 0.569412
192 0.911911
61 -1.97169
40 -2.58135
52 -1.87775
71 -1.22758
179 0.656403
14 -3.53893
94 -0.815376
152 0.351761
147 0.334991
134 0.120499
179 0.661591
16 -2.42356
22 -2.75255
181 0.418442
143 0.191437
172 0.171799
171 0.53566
188 0.779861
232 3.20895
137 0.186142
175 0.101501
86 -1.78093
136 0.213348
88 -1.48428
131 0.0981293
19 -1.94129
165 0.619934
176 0.617889
12 -3.64161
134 -0.210724
38 -2.36686
215 0.716003
141 0.155441
92 -0.491539
175 0.389099
29 -3.30495
80 -1.38874
170 0.367813
175 0.108276
61 -2.03124
32 -3.21043
59 -2.27005
48 -2.93327
61 -2.1864
89 -0.607796
102 -0.845016
220 0.520477
156 0.352783
155 0.399551
18 -1.42753
70 -2.04233
63 -2.22788
190 1.11957
175 0.105835
181 0.467178
58 -0.7967
7 -4.8855
35 -3.2128
31 -1.28241
152 0.241547
139 0.17424
67 -1.60814
165 0.445541
91 -0.871407
28 -2.95194
136 -0.175385
162 0.366394
72 -2.35966
133 0.131668
55 -1.61378
142 0.248871
26 -1.99561
22 -2.75256
143 0.195068
96 -1.35286
157 0.308334
120 0.242371
60 -2.29061
83 -1.0675
147 0.235626
123 -0.175552
149 0.303925
246 0.619766
6 -2.42579
109 -0.549942
55 -1.98725
78 -0.533577
48 -2.44128
176 0.749893
91 -0.2276
147 0.223434
70 -2.34547
201 0.245117
118 -0.155907
147 0.312866
66 -2.01736
22 -2.75883
181 0.415176
66 -2.14429
112 -0.531197
153 0.33197
173 0.494141
181 0.507034
179 0.428925
152 -0.0572357
114 -0.097641
50 -3.15281
179 0.657379
22 -2.75875
23 -3.4654
109 -0.0492325
6 -3.48025
10 -1.85136
55 -2.41933
37 -3.16751
113 -0.0377274
214 0.897232
21 -3.15149
118 -0.168419
33 -3.05492
39 -2.34745
69 -2.09145
63 -2.22774
7 -4.89428
102 -0.845421
64 -2.09974
111 -0.311226
86 -2.2261
244 0.382126
67 -1.60804
129 -0.112381
64 -0.777008
198 0.863571
37 -3.16812
226 1.17557
170 0.364029
143 0.19902
139 0.0881653
83 -1.8028
31 -1.28251
96 -1.35256
173 0.478271
7 -4.89321
118 0.178055
163 0.421768
92 -1.14355
165 0.619522
328 3.15787
9 -3.53861
179 0.515762
7 -2.82796
89 -0.615005
163 0.521988
49 -2.87176
175 0.112396
177 0.388901
113 -0.736526
58 -1.59304
111 -0.350914
202 0.727341
62 -2.50091
164 0.396194
244 1.30521
105 0.169022
137 0.186234
8 -2.17677
71 -0.737167
147 -0.151108
47 -2.62449
214 0.897232
58 -1.59244
87 -0.387581
56 -2.13183
99 -0.474709
70 -2.3405
121 0.0205612
90 -1.42041
139 -0.141785
194 0.338303
65 -2.02231
131 0.107635
159 0.42691
105 -0.115921
157 0.294342
9 -2.17527
165 0.433533
110 -1.24738
39 -2.73016
158 0.304779
166 0.422928
109 -0.359787
170 0.481705
141 0.307693
179 0.659531
140 -0.084259
6 -3.47693
253 1.13757
91 -0.220177
138 0.17308
48 -2.87605
186 0.304459
90 -1.32935
144 0.115707
118 0.15538
214 0.764862
202 0.664642
12 -3.64141
55 -2.41941
40 -1.90121
200 -0.797058
6 -3.48946
72 -0.95179
75 -2.19272
33 -3.19071
11 -3.34521
111 -0.351105
13 -2.31777
62 -2.47252
98 -1.41995
225 0.630264
9 -3.531
35 -3.1888
188 0.474396
119 -0.0155716
206 0.662491
139 0.202225
117 -0.0273209
6 -3.47666
200 -0.798859
122 0.060585
88 0.0423813
39 -2.55987
9 -3.5289
139 0.145676
55 -2.15945
17 -1.68928
176 0.617828
271 5.14502
35 -3.18641
182 0.475555
327 3.71451
90 -1.32396
34 -3.38827
63 -2.04235
60 -2.73043
179 0.257751
124 0.116241
181 0.404892
134 0.111237
127 0.0924454
70 -2.34544
158 0.350937
165 0.143387
67 -1.60812
148 0.344284
106 -1.31304
157 0.283493
83 -1.80589
63 -2.29365
330 -2.66202
61 -2.25049
80 -1.61283
98 -0.458405
153 0.308258
7 -3.73847
145 0.389542
200 -0.798706
156 0.333359
152 0.233841
60 -2.29818
44 -4.05507
143 0.218521
185 0.729675
33 -3.13308
95 -0.845184
200 -0.796875
164 0.395386
164 0.437912
48 -2.48449
138 0.172409
48 -2.92995
175 0.100479
159 0.401398
8 -2.10515
64 -2.06773
113 -1.27774
28 -2.95159
33 -3.13138
198 4.64029
198 0.344742
49 -2.60132
158 0.351181
191 0.858398
9 -3.95085
171 0.567123
147 0.230408
200 -0.797821
9 -3.53149
51 -2.65578
121 0.0619583
46 -2.66387
12 -3.2515
141 0.116043
202 -0.724487
170 0.452499
6 -3.46817
229 0.6082
86 -1.83743
7 -3.73833
177 0.39296
122 0.129517
86 -1.59492
142 0.323044
49 -3.14816
89 -3.42053
201 0.698166
12 -3.64407
56 -2.16567
163 0.521774
149 0.335846
66 -2.01186
63 -2.04272
89 -0.59594
20 -4.61151
166 0.421677
91 -0.242233
44 -2.09273
201 0.431274
12 -3.28583
109 -0.548637
88 -1.42751
5 -4.20297
96 -0.758949
1 -2.67925
210 0.901398
59 -2.24295
21 -3.40237
124 0.0983963
60 -2.2687
164 0.342255
60 -2.29195
147 -0.15065
191 0.863388
149 0.13768
10 -3.50771
131 0.0993042
48 -2.87609
151 -0.00338745
233 0.584656
43 -2.22727
19 -3.51865
4 -3.51774
59 -2.27317
164 0.394958
3 -3.48348
96 -0.343338
12 -3.13715
115 -0.154289
48 -2.48448
148 -0.156403
27 -4.09965
50 -2.1972
109 -0.548622
12 -3.64022
36 -2.61675
33 -3.15019
195 -0.0455322
106 -0.282455
164 0.437546
50 -2.4556
138 0.0107574
192 0.362701
143 0.213928
10 -1.84998
147 -0.152649
14 -3.11137
121 0.0254745
67 -2.31232
158 0.272797
189 0.902634
151 0.315369
134 0.0357361
180 0.559479
63 -2.0428
90 -1.32524
109 -0.549736
163 0.521912
222 1.57123
44 -2.14757
202 0.665527
40 -2.50028
118 0.168938
259 4.21304
9 -2.17646
51 -2.60692
169 0.420441
13 -3.65367
140 -0.0791931
193 4.24712
106 -0.0445175
42 -1.99283
118 0.154594
174 0.55397
175 0.108795
21 -3.4031
38 -2.92505
72 -2.02763
176 0.617859
39 -3.04024
9 -3.53256
195 1.4765
77 -2.10118
213 0.573288
190 6.1969
171 0.446228
133 -0.00900269
11 -2.70793
71 -2.38633
83 0.0244064
48 -2.93096
51 -2.60688
110 -0.0591888
7 -4.88842
198 -0.168808
63 -2.27357
24 -2.91567
55 -2.41929
137 0.197418
19 -3.00619
142 0.202271
70 -2.3409
15 -3.20035
98 -0.146187
66 -2.01769
190 6.19635
9 -3.23926
6 -3.47708
35 -3.17602
33 -3.11053
79 -1.7023
150 0.257797
33 -3.16839
246 0.620102
9 -3.53113
191 0.857834
246 0.620239
164 0.439423
147 0.231934
216 1.40306
111 -0.339386
58 -2.66386
259 2.82095
190 4.12709
59 -2.15614
149 0.137634
180 0.405914
161 0.348557
117 -0.171883
147 -0.174332
61 -1.64078
66 -2.02038
53 -2.57077
240 0.778961
27 -1.21444
111 -0.521843
89 -0.66246
72 -2.35807
198 -0.128235
57 -1.8859
16 -1.50704
96 -0.864662
13 -3.69094
28 -2.95148
57 -2.16381
33 -2.87941
184 0.88942
160 0.387344
37 -3.16757
159 0.38295
33 -2.78276
21 -2.91926
230 1.03311
165 0.442596
168 0.48172
26 -2.01018
67 -1.60811
149 0.312683
131 -0.217484
65 -2.33045
23 -1.3024
137 0.190384
106 0.0917435
71 -1.99637
84 -1.75893
83 -1.80038
141 0.116028
153 0.369461
28 -3.21393
45 -2.78185
139 -0.142471
56 -2.14176
132 0.115479
94 -0.862404
20 -3.21098
57 -1.91476
152 0.245819
84 -1.47701
63 -2.04227
81 -1.41796
175 0.376541
190 4.07722
31 -3.21267
92 -0.337288
137 0.221252
29 -3.27712
143 0.237488
48 -2.93057
7 -4.89433
33 -3.13135
27 -3.35294
154 0.254105
9 -3.52912
174 0.625076
149 0.25444
90 -1.36993
122 0.126953
118 0.161674
110 -0.102486
163 0.521881
67 -1.60798
178 0.590027
190 2.53322
70 -2.34071
67 -2.30328
33 -3.15991
13 -2.6618
7 -1.47533
136 0.259979
6 -3.4724
2 -1.76191
8 -2.84202
145 0.391357
84 -1.70176
177 0.463776
143 -0.0811005
247 2.7982
136 0.0155945
105 0.149734
63 -2.2282
9 -3.53308
27 -3.26069
65 -2.32319
204 0.437866
231 0.416687
71 -2.38603
24 -1.28203
5 -1.71989
218 1.4144
40 -3.18992
70 -2.34044
190 0.564926
65 -2.33624
196 0.0153961
13 -2.66171
8 -2.13301
174 0.625122
98 -0.165413
49 -3.14729
10 -1.85192
214 0.897293
165 0.0579071
190 4.80353
48 -0.872555
197 1.1525
100 -1.3481
149 0.327072
98 -1.49593
170 0.0839081
12 -2.65695
200 -0.799057
113 -0.152557
91 -2.49041
109 -1.0854
197 0.880493
131 0.103012
111 -0.344566
285 2.68503
50 -2.32288
221 0.352844
35 -3.18868
48 -2.77823
163 0.521027
175 0.651627
32 -3.57449
208 0.382645
41 -2.55586
250 -0.985687
174 0.390808
170 0.502304
94 -0.815453
66 -2.30289
138 -0.154724
38 -2.36611
175 0.381058
91 -0.24234
182 0.434952
44 -2.14739
185 0.729401
191 0.863739
10 -3.40578
182 0.475388
9 -1.48483
118 0.166985
14 -3.53483
192 0.514511
35 -2.96257
192 0.514786
12 -3.64277
153 0.346329
219 0.391541
107 -0.878677
253 1.13771
79 0.135193
148 0.297897
137 0.0623932
137 0.186157
51 -2.6555
252 1.12263
49 -3.14727
25 -4.14569
58 -1.59328
168 0.589325
137 0.207184
256 1.16479
148 0.296524
122 -0.726105
131 0.205917
97 -1.52361
198 0.344391
117 -0.597328
152 0.358658
33 -3.48178
118 0.163841
111 -1.1105
152 -0.0572662
3 -2.06669
188 0.883331
232 3.89648
54 -3.31565
233 0.584625
190 1.12016
105 -0.115402
219 -0.255447
207 0.425171
128 -0.0600052
6 -4.08687
181 0.282547
164 0.432266
70 -2.34557
11 -3.86931
267 1.08163
210 0.454697
105 -0.115555
12 -3.64284
29 -2.41781
206 0.663132
71 -1.45328
9 -3.15152
232 1.04364
86 -1.7639
12 -3.64297
257 0.229401
4 -1.67045
180 0.98735
166 0.135651
44 -2.14738
179 0.256378
163 0.521835
78 -0.276031
264 0.592651
23 -2.74371
67 -2.28558
167 0.611298
22 -2.94343
195 1.73456
199 -0.018219
55 -2.41939
117 -0.124779
23 -1.29551
40 -3.09345
48 -2.48605
121 0.0259552
176 0.525848
108 -0.353851
48 -2.93029
11 -3.35054
201 0.409622
55 -2.41933
2 -3.23665
67 -2.32514
96 -0.341133
190 6.19493
169 0.387558
176 0.578934
150 0.226974
126 -0.0761414
52 -2.59063
207 0.655411
48 -2.48418
89 -0.595467
203 1.02892
84 -0.774757
132 0.174011
94 -0.937012
163 0.311127
153 0.291107
117 -0.935989
205 0.554062
93 -1.59014
170 0.452942
26 -1.98231
111 -0.307671
6 -2.6945
75 -1.54085
120 0.032135
202 0.863785
61 -2.64065
34 -2.39062
191 0.863922
77 -1.89733
42 -2.12338
154 0.28421
166 -0.0505981
5 -4.56168
78 -1.72566
48 -2.92279
180 0.563919
89 -0.613556
60 -2.6371
204 1.01588
49 -2.47002
67 -2.34193
15 -2.84533
27 -3.28702
127 -0.351532
217 1.38065
156 0.384979
9 -3.37144
189 0.901169
11 -3.29932
122 0.0721054
67 -2.28943
106 -1.31358
138 0.172531
6 -3.48213
13 -2.66181
6 -2.69449
88 -1.73769
147 -0.151794
205 3.85103
200 -0.796432
81 -1.54124
13 -2.29306
115 -0.972343
255 4.2363
158 0.387253
5 -4.13982
118 0.154549
120 -0.510338
100 -1.34896
286 2.61731
26 -1.18888
141 0.304535
81 -1.77335
6 -3.47374
141 0.116348
121 0.0297318
7 -2.65445
218 1.41531
131 0.0797119
260 4.21851
126 -0.378815
84 -1.75851
89 -1.66924
270 4.96234
35 -3.18485
107 0.117195
48 -2.4841
152 0.234055
219 -0.255554
163 0.521881
38 -2.36709
99 0.022171
48 -0.869923
138 0.173401
250 -0.986771
160 0.320633
62 -2.0408
69 -1.5381
206 1.50792
100 -1.35183
66 -2.35567
117 -0.260414
222 1.57823
9 -3.31282
33 -3.16226
76 -1.49693
117 -0.00737
55 -2.4194
42 -2.57243
132 0.18454
65 -2.27618
38 -2.36577
59 -2.30592
199 -0.0152893
91 -2.48211
21 -3.38583
174 0.625
158 0.389877
86 -1.56561
221 0.895996
60 -2.28964
125 0.0302811
2 -3.04235
175 0.804962
24 -2.88072
143 0.235031
80 -1.60782
105 -0.116158
131 0.189941
85 -1.1601
44 -2.14768
145 0.374237
51 -2.7523
118 0.173607
136 0.227356
72 -2.36033
155 0.32933
120 -0.0729599
63 -2.04305
62 -2.62827
71 -1.91005
142 -0.133972
1 -3.39608
20 -3.46646
145 0.222198
115 -0.271988
118 0.15493
71 -1.22749
20 -3.18493
53 -2.2073
161 0.446854
164 0.448227
66 -2.32494
172 0.605316
122 0.073967
149 0.329971
115 -0.0718155
136 0.220093
195 3.95189
148 11.2726
159 0.366547
192 2.52757
129 -0.130753
215 0.648727
40 -2.57962
91 -2.2608
88 0.0423126
181 0.404831
121 0.103699
199 0.690796
100 -0.152962
71 -1.99557
190 4.0863
33 -3.16162
151 0.308487
22 -2.93803
160 0.171173
12 -3.23378
26 -2.00189
7 -4.8927
83 -0.0128937
106 -1.31429
321 4.10654
160 0.384857
91 -2.26287
79 -1.82499
40 -3.09344
83 -1.80249
137 0.235962
66 -2.0649
81 -1.41859
197 0.50119
112 -0.508446
6 -3.4773
206 0.662766
151 0.337555
159 0.398697
119 -0.72361
89 -0.599144
84 -1.75876
50 -2.29504
163 0.356201
233 2.62236
202 0.670624
122 0.125145
95 -0.867149
1 -13.652
9 -1.54442
40 -2.49863
222 1.5769
11 -4.19351
201 0.28775
122 0.12854
62 -2.47477
44 -2.14717
46 -2.73543
23 -2.89025
143 0.219742
115 0.0449753
83 -0.897133
40 -3.09359
198 0.344421
121 0.0221252
119 -0.179512
102 -0.59108
158 0.384674
33 -2.79419
12 -3.94043
273 4.88211
203 0.956894
66 -2.31061
141 0.115921
164 0.463974
143 0.213837
107 0.128845
43 -2.75381
133 -0.00901794
181 0.540787
38 -2.36695
152 0.241898
70 -2.23448
151 0.37294
179 0.427032
98 -0.14592
98 -1.46709
61 -1.98861
152 0.241669
126 0.0614853
84 -0.774864
169 0.193497
134 -0.228165
23 -3.12622
190 1.12018
149 0.346954
55 -2.41932
70 -2.02768
175 0.474335
173 0.483124
149 0.313248
106 -0.0445862
21 -3.40302
12 -3.63862
48 -2.87524
73 -1.94756
83 -1.80698
267 1.0816
57 -1.91949
147 0.272736
45 -2.79427
26 -2.00652
161 0.347427
8 -3.54889
110 -1.08124
77 -1.99482
83 0.0241928
163 0.346085
71 -2.38483
170 0.367722
62 -2.47113
91 -0.221298
58 -1.59245
116 0.072258
169 0.207764
148 0.276031
192 0.504303
133 0.188568
162 0.390518
230 5.76151
231 0.416504
78 -0.72197
83 -1.80108
196 0.988647
168 0.502808
271 4.8367
173 0.382416
137 0.206406
206 0.662842
358 3.35284
33 -3.13629
41 -2.68518
222 1.64076
161 0.369263
202 0.866165
193 0.721558
147 0.335587
82 -1.40437
109 -1.35886
244 1.3049
108 0.144409
349 3.15521
67 -2.32217
175 0.533737
55 -1.95619
156 0.250397
193 0.316956
87 -2.03516
92 -0.392845
200 -0.797897
6 -2.69456
98 -0.145874
7 -3.7385
164 0.396057
172 0.511444
109 -0.549515
102 -0.845955
155 0.399597
66 -2.01829
335 12.5805
58 -1.59261
25 -2.89974
116 0.152435
172 0.590881
179 0.428772
171 0.452682
147 0.224503
219 -0.25444
175 0.650833
70 -0.335052
228 1.04893
100 -1.34915
158 0.350677
306 6.85953
84 -1.75852
236 1.88434
91 -0.870667
94 -0.862434
169 0.410202
38 -2.20391
12 -2.63188
32 -2.68412
80 -1.64623
91 -0.870293
184 1.64647
84 -1.75876
41 -2.68536
144 0.131149
37 -2.20456
42 -2.81092
137 0.196732
37 -2.80796
78 -0.275208
35 -3.21628
349 3.1452
66 -2.27635
122 0.127121
244 1.30473
200 -0.799225
12 -3.64287
265 4.93317
23 -3.16892
116 -0.289673
33 -2.85397
148 0.286194
65 -2.30887
9 -3.53305
74 -0.774582
21 -2.81531
200 -0.799301
60 -2.2905
212 -7.50711
184 0.562546
191 0.868134
152 -0.0573425
78 -0.274635
44 -2.14735
62 -2.47942
170 0.494293
66 -2.27454
219 -0.254822
11 -4.44989
116 0.0784531
118 0.16259
83 -0.52372
147 0.319153
175 0.650879
26 -3.23088
9 -3.53081
37 -2.82888
203 0.926361
33 -2.63227
49 -3.14721
189 0.901077
231 0.416718
75 -1.89951
155 0.399521
91 -0.710518
206 0.662537
111 -0.420166
170 0.330902
116 -0.934372
87 -1.0424
147 0.317383
222 1.57591
209 1.09174
45 -2.75325
40 -3.09342
270 4.96225
91 -0.22879
148 0.291779
111 0.118828
180 0.559036
40 -3.18992
9 -3.53175
6 -3.5517
91 -0.872147
130 0.161224
198 0.344147
48 -2.87524
59 -2.28653
69 -2.32744
37 -2.73744
132 0.182846
50 -2.56395
141 0.184464
21 -3.40279
120 -0.168755
12 -3.63864
149 0.367371
44 -2.14716
171 0.473969
17 -3.17719
165 0.619598
82 -1.93472
167 0.482132
109 -0.549828
306 6.85291
77 -1.72079
70 -2.34061
137 0.224319
204 0.841568
146 -1.55836
54 -2.5764
124 0.064003
257 0.86261
78 -0.873421
148 0.248093
32 -2.64805
171 0.358078
202 0.66568
193 0.5112
174 0.682236
150 0.34024
148 0.246262
17 -2.94232
165 0.406357
180 0.405975
87 -2.09286
151 0.372742
216 0.794449
93 -1.50451
228 1.08191
143 0.217133
159 0.363937
40 -2.49538
9 -2.16258
10 -4.6924
267 4.86279
49 -2.87186
191 0.482346
71 -1.22756
173 0.606308
66 -2.0187
128 0.198273
117 -0.597542
228 1.08075
115 -0.154335
155 0.234024
166 0.605576
136 -0.293121
7 -1.73645
173 0.433777
26 -1.20834
164 0.496521
62 -2.47604
306 6.8558
203 2.42094
176 0.617859
67 -2.36974
78 -1.24454
63 -2.22309
176 0.618073
38 -2.83868
55 -1.99285
28 -2.95168
349 3.15543
162 0.416458
154 0.306412
206 0.662964
136 0.206802
125 0.14341
175 0.652023
136 -0.292236
155 0.346207
23 -3.47529
111 -1.16767
48 -0.868828
152 0.253693
53 -2.33461
69 -2.09001
58 -2.25273
147 0.307526
78 -0.276566
34 -3.14008
122 0.128487
37 -3.16772
151 0.318573
162 0.390335
31 -1.28244
126 0.153641
33 -3.16247
212 0.442596
64 -2.06502
155 0.233795
39 -3.03171
26 -2.92296
70 -1.46428
17 -3.15074
157 0.300644
113 -1.08863
236 0.739883
180 0.605148
134 0.230255
70 -2.34078
31 -1.27868
18 -2.89493
6 -3.50492
117 0.143288
365 4.00476
148 0.252426
149 -0.156738
176 0.596497
70 -2.22776
222 1.62317
4 -1.8423
150 0.324341
35 -3.22829
96 -0.343277
11 -4.31817
34 -3.14011
172 0.463928
287 1.35049
2 -3.36732
49 -3.14718
259 4.2131
148 0.277176
148 0.29097
163 0.401794
7 -4.88795
111 -0.123062
132 0.211166
63 -2.22275
177 0.449341
7 -3.73836
65 -2.00644
128 -0.312393
153 0.372787
271 5.08798
1 -3.63216
118 -0.502235
91 -0.227936
137 0.244171
61 -2.44613
62 -2.04301
171 0.369492
67 -2.11196
162 0.411316
13 -1.70647
37 -3.16854
366 16.9402
76 0.0476761
131 0.104385
163 0.521851
11 -3.42118
269 4.93167
33 -3.16191
40 -2.02658
188 0.493195
291 1.42346
179 0.429077
114 -0.0664978
14 -3.61878
47 -2.62447
160 0.257355
55 -2.41943
244 0.405289
148 0.26239
37 -3.10157
206 0.662613
161 0.355652
147 0.314972
39 -2.60785
144 0.281784
148 -0.156204
13 -2.97694
148 0.324249
87 -0.397453
180 0.621399
23 -2.91036
235 1.8893
149 0.272217
158 0.304291
276 4.86694
156 0.239639
31 -1.2825
123 0.0548248
115 -0.154312
111 -0.313545
186 0.545776
78 -0.275787
143 0.217957
106 0.091629
172 0.613739
103 -0.0936813
121 0.028244
2 -2.77517
158 0.30777
236 6.34251
64 -2.21523
41 -2.0475
201 0.403122
11 -1.64193
36 -2.86902
123 0.172859
27 -2.89458
177 0.477112
210 0.66835
48 -0.870872
7 -4.88688
168 0.468506
198 2.2188
213 0.220505
58 -2.25139
59 -2.27043
166 0.449814
148 0.348907
7 -3.73844
98 -0.146187
16 -2.76392
81 -1.88395
168 0.504379
88 -3.15164
121 0.0258255
303 1.71335
96 -0.342354
32 -2.64324
158 0.346008
70 -2.34582
122 0.0646973
194 1.72066
82 -2.07533
104 -0.76899
21 -3.14826
24 -3.305
109 0.0422363
268 4.8038
349 3.146
349 3.15573
6 -2.65473
127 0.187706
63 -2.22801
68 -1.54814
80 -1.3857
59 -2.22217
154 0.308319
217 0.375
41 -2.60107
70 -2.34557
7 -4.88801
171 0.496582
4 -3.50197
125 0.0503311
138 0.0808716
159 0.37767
118 0.159225
13 -3.43235
104 -1.26151
151 0.27655
181 0.510254
10 -3.18505
200 -0.798325
83 -1.80267
181 0.835495
255 4.23555
10 -3.99385
138 0.173523
39 -3.08953
159 0.372955
168 0.559464
185 0.441086
72 -1.44537
21 -4.3743
123 0.0485382
32 -2.64545
271 5.08679
211 1.03268
53 -2.17422
87 -0.671112
114 0.0448914
222 1.57701
64 -2.06765
29 -3.746
103 -0.211456
130 -1.45586
2 -3.0556
99 -1.30909
6 -3.47898
317 6.41745
97 -1.49301
20 -3.47208
1 -3.53288
103 -0.736198
164 0.412781
105 -0.122437
112 -0.600555
115 -0.154243
194 3.02551
91 -0.242386
136 0.208008
50 -2.69942
149 0.31517
112 -0.525879
84 -0.774834
174 0.550888
81 -1.77426
55 -2.41938
236 0.739761
48 -2.32328
90 -1.32393
171 0.454697
6 -3.5525
92 -1.04983
13 -1.41673
151 0.225494
235 1.12463
30 -1.19929
81 -1.41614
42 -1.73713
102 -1.46162
178 0.594391
163 0.52124
7 -2.65399
168 0.575226
22 -2.75883
111 -0.285255
62 -2.1308
62 -2.01257
79 -1.43469
96 -0.343384
175 0.65213
5 -3.51268
126 0.114876
84 -0.792473
84 -0.775047
70 -2.34096
252 -0.425781
32 -2.64673
6 -3.47912
264 0.590973
48 -2.87629
7 -3.73864
67 -1.608
48 -2.4677
139 0.482162
241 1.13919
56 -1.8662
33 -3.0855
121 0.103271
80 -1.38552
186 0.30278
202 0.849442
193 1.1292
159 0.398819
12 -3.63935
32 -2.64655
127 0.153694
119 -0.448128
138 0.172195
28 -3.31523
22 -2.75267
91 -0.870308
137 0.191833
202 0.666092
174 0.581314
46 -2.55507
23 -3.31451
37 -3.1022
21 -3.25037
46 -2.40318
104 -0.639626
63 -2.22299
11 -3.12711
4 -3.49972
143 0.213623
41 -2.87584
172 0.433273
228 1.08127
80 -0.927734
59 -2.27174
25 -3.4142
202 1.38457
20 -4.49056
146 -1.56761
80 -1.38596
196 1.74432
87 -1.17729
139 -0.140228
22 -2.63254
49 -2.87209
25 -3.29839
20 -2.62647
133 -0.00804138
49 -2.72388
7 -4.88688
157 0.410797
78 -0.276459
156 0.240845
60 -2.33643
155 0.2341
190 1.0649
166 0.474243
154 0.355392
191 0.85762
147 -0.156876
4 -3.05802
23 -3.01062
81 -1.4191
13 -1.47991
6 -2.69481
63 -2.22842
179 0.635101
205 6.46283
183 1.86404
80 -1.79
232 0.672577
81 -3.27483
192 0.912247
145 -0.10585
228 1.08144
152 0.237976
26 -3.63605
209 1.36166
21 -3.48541
173 0.492233
50 -2.14066
202 0.925156
372 -1.37363
147 0.18515
94 -0.458878
139 -0.142303
203 0.971588
83 -1.80523
222 1.57918
24 -2.63358
8 -2.1807
360 3.17374
49 -3.14699
142 0.157043
30 -2.65082
190 0.962967
156 0.288132
99 -0.183617
29 -3.31602
162 0.450974
91 -0.229179
306 6.85583
12 -3.63885
186 0.646027
172 0.547272
7 -2.64319
141 0.12915
121 0.0913849
12 -3.63936
104 -1.46101
11 -3.93026
218 1.50787
176 0.509918
158 0.347076
109 -0.0210419
279 5.36792
41 -2.01539
107 -0.792786
91 -2.26238
119 -0.352791
166 0.605637
131 -0.273087
49 -2.34072
125 -0.305756
32 -2.64707
179 0.581253
108 0.163826
68 -2.04257
142 0.00238037
18 -2.82177
30 -2.9004
180 0.405991
96 -0.341919
84 -0.774544
19 -3.02395
183 0.430008
164 0.222137
30 -3.17644
66 -2.0447
214 0.897202
34 -3.14012
169 0.526337
198 2.24376
142 0.0217285
200 0.826736
157 0.366608
7 -2.67013
24 -3.26662
169 0.535461
129 -0.130798
9 -3.83372
167 0.462814
70 -2.20483
314 10.2948
344 2.82071
223 0.948105
136 0.232468
105 0.107681
196 0.806061
80 -1.65343
271 5.14474
264 4.30157
147 -0.152481
87 -1.70478
120 -0.503349
306 6.85635
63 -2.22804
132 0.105316
170 0.510941
91 -0.87011
80 -0.927994
113 -1.16876
37 -2.19994
17 -2.94226
61 -2.43294
76 0.0473251
49 -2.5375
37 -2.20045
110 -0.00196838
200 0.912155
7 -2.70981
23 -3.35688
98 -1.53065
98 0.0650177
124 0.149818
40 -3.09336
191 0.290283
167 0.131302
365 4.10565
228 1.08101
41 -2.82288
163 0.358353
127 0.139244
44 -2.14732
143 0.191086
202 0.729294
365 4.06561
121 0.00769043
106 -0.0433884
94 -0.574356
185 0.875763
147 0.250809
75 -0.790916
9 -4.00079
13 -1.15791
48 -2.87606
71 -2.38389
99 -0.791412
26 -1.74788
16 -2.83943
111 -0.351135
6 -2.49234
118 -0.310089
113 -1.84677
24 -2.84402
88 0.0485611
255 4.23547
151 0.318375
58 -2.27814
222 1.62093
118 0.165733
116 0.135429
21 -4.49034
118 0.173164
214 0.353851
1 -3.64622
190 0.462845
5 -4.14234
48 -2.83266
127 0.147202
79 0.115707
41 -2.73658
139 0.286102
9 -3.53298
67 -1.60817
77 -1.58147
79 -1.88078
187 0.923874
155 0.399567
52 -2.58463
232 3.20763
48 -2.8761
90 0.0284576
2 -4.26441
7 -3.73858
120 0.127655
206 0.662872
84 -1.60712
92 -3.49837
7 -4.89321
104 -0.0154877
173 0.516724
39 -2.3499
199 0.370148
186 0.304428
202 0.665451
40 -3.18995
269 4.90045
70 -2.34064
17 -2.93338
104 -0.640297
93 -0.983002
11 -2.67146
127 0.1409
120 0.242607
18 -2.86601
13 -1.4116
270 4.96246
177 0.749954
12 -2.29546
207 0.904388
239 0.650513
180 0.406036
137 0.140778
100 -3.19698
83 -1.60273
156 0.252975
27 -2.7965
47 -2.59304
149 0.270447
279 5.26407
170 0.434494
185 0.729568
173 0.47757
210 0.666626
233 1.59337
139 -0.14122
9 -2.17655
268 1.25919
127 0.190598
22 -2.66239
11 -1.63735
65 -2.02209
202 0.647568
317 9.78235
191 0.48259
220 0.715195
118 0.166595
179 0.65686
151 0.319183
72 -2.35799
153 0.31897
89 -1.53107
71 -2.3844
4 -3.05856
35 -3.18697
261 1.25647
134 0.143829
90 -3.45183
92 -3.49741
15 -3.38208
132 0.0872345
106 -0.0440445
90 -1.32022
178 0.703201
134 0.223221
98 -0.146118
112 0.0558319
17 -2.54122
257 4.20789
95 -1.35461
210 1.39119
130 0.262421
228 1.08067
183 1.63026
2 -2.66959
80 -0.692795
114 0.0610275
204 -1.79691
177 0.541611
24 -3.42621
98 -1.20853
10 -1.84957
134 0.20285
36 -2.94958
64 -0.776081
17 -2.94167
9 -2.17643
71 -1.97441
163 0.29425
71 -1.36642
77 -1.96071
40 -3.18987
179 0.569366
106 0.00504303
27 -2.87267
155 0.39827
155 0.396881
171 0.439743
91 -0.242172
12 -3.64287
49 -0.955856
150 0.289948
102 -0.765228
185 0.647705
108 0.144814
15 -3.17185
83 -1.80174
165 0.232071
71 -1.44893
84 -0.779602
238 1.37074
154 0.325272
32 -2.68531
3 -2.54633
48 -2.38557
179 0.568253
154 0.287521
185 2.43016
34 -2.9881
118 -1.22242
221 0.887451
116 -0.0333862
16 -2.42808
66 -1.94302
88 -0.602554
172 0.407379
152 0.234283
13 -3.13721
88 -3.63272
150 0.176239
28 -2.95195
148 0.296036
51 -2.40104
141 0.0441437
44 -2.66227
160 0.41571
182 0.557327
13 -1.41088
122 0.101952
170 0.659058
34 -3.14012
129 -0.130997
98 -0.146118
122 -0.185242
128 0.0839233
48 -2.48437
260 4.21814
111 -0.345581
71 -1.44226
264 4.7052
51 -2.49032
40 -3.09342
52 -1.45832
25 -3.10103
148 0.269775
83 0.0242767
40 -2.49978
169 0.376556
65 -2.02142
96 -0.343269
16 -3.4655
166 0.315613
147 -0.152878
293 1.43567
94 -2.26463
219 0.561722
89 -0.597282
93 -3.32272
146 0.268814
168 0.448608
187 0.782608
162 0.321289
52 -2.40968
110 -0.32296
216 0.639374
13 -3.43182
70 -2.3932
11 -2.91684
93 -1.59734
164 0.451752
228 1.08188
64 -2.15156
48 -2.63369
48 -0.879383
139 0.238113
365 4.06543
219 0.569305
121 0.231812
77 -1.94884
90 -3.44853
122 0.126747
52 -2.50812
51 -2.60714
234 0.763351
179 0.254105
160 0.355545
315 1.91348
230 1.80174
13 -2.66176
37 -2.60245
126 -0.229034
80 -1.26043
204 0.549377
55 -1.99915
17 -3.3734
219 0.58522
137 0.213654
84 -1.75871
12 -3.64147
80 -1.06477
33 -2.85441
173 0.636581
3 -3.71296
34 -3.14016
45 -2.73358
129 -0.130875
170 0.452484
72 -0.952454
13 -2.29274
28 -2.95194
52 -2.49977
96 -0.678825
205 1.01762
9 -2.1761
127 -0.0714111
91 -0.707733
9 -2.17639
363 3.10962
6 -3.96673
60 -2.35077
259 4.17279
13 -2.28281
22 -2.75265
159 0.379822
73 -1.81635
156 0.283691
149 0.253815
78 -0.275146
156 0.284897
1 -4.09775
48 -2.9306
22 -2.90503
16 -1.44623
127 0.151894
99 -0.438461
121 -0.504082
12 -3.63916
10 -3.86535
260 4.2182
86 -0.490486
111 -0.344566
83 -1.75237
175 0.089447
46 -2.64806
88 -0.232285
219 0.532196
75 -0.800224
10 -1.85077
84 -0.774765
25 -3.32419
37 -3.1678
342 2.91586
34 -2.46153
185 0.556244
196 0.999161
198 0.344345
56 -2.84349
4 -3.05889
119 0.0617981
222 1.63673
349 3.15555
219 1.46991
228 1.08095
207 4.09692
96 -1.27325
25 -3.30499
9 -1.48879
363 3.10956
147 -0.15213
130 -1.45576
81 -1.77415
61 -1.77426
177 0.593277
202 0.863342
2 -3.09791
179 0.382904
219 -0.255432
56 -1.75952
98 -0.145744
48 -2.52454
60 -2.19105
73 -1.42388
321 4.1008
38 -2.19067
91 -0.228584
222 1.62088
118 -0.194618
228 1.05017
77 -1.49059
185 0.782211
210 1.43588
54 -2.51822
101 -0.00332642
157 0.383423
48 -2.93053
224 0.91803
89 -0.668251
132 0.0999146
80 -1.52744
84 -1.75888
144 0.135101
40 -3.19006
139 0.291229
58 -0.800102
18 -2.89509
13 -2.66315
34 -2.45557
130 -1.45604
72 -1.59625
167 0.431656
177 0.363007
183 1.96321
88 -1.46883
236 0.739532
313 10.1887
193 20.194
54 -3.31511
82 -0.260834
59 -2.26986
13 -2.66171
88 -1.72392
101 -0.264633
180 0.621338
118 0.0556717
120 -0.508232
133 -0.00871277
208 4.37347
204 0.946701
188 0.819
185 0.729721
21 -3.38578
152 0.362091
231 0.811935
218 1.41431
34 -3.14016
17 -2.93135
28 -2.85388
192 0.549225
120 -0.504158
210 0.668747
4 -4.2699
106 -0.0445709
84 -0.790184
136 0.372467
78 -0.27504
32 -3.47814
64 -2.13454
44 -2.66256
70 -2.02801
7 -4.89216
79 -1.5879
48 -1.90583
99 -1.12318
71 -2.1821
49 -2.47445
78 -0.274857
22 -4.23346
32 -3.20973
223 0.574158
25 -2.83438
152 0.292313
127 -0.0177841
30 -3.25291
91 -0.870468
71 -1.36636
153 -0.8078
35 -2.50102
55 -2.41944
62 -2.20931
78 -0.274353
56 -1.65457
9 -3.53155
153 0.33194
170 0.449493
14 -2.39532
46 -2.77139
147 -1.10741
2 -3.19366
158 0.409058
6 -3.55236
143 0.0902557
173 0.462296
131 0.104416
132 0.0935059
37 -2.61958
152 -0.0571442
153 0.355652
76 0.0482788
51 -2.35612
63 -2.22771
89 -0.61647
43 -1.50257
45 -1.73331
222 1.57841
158 0.386444
137 0.288803
61 -2.29615
209 0.900681
26 -3.19111
12 -3.60007
79 0.106499
227 1.69255
6 -3.55213
226 1.17574
170 0.396149
120 -0.507874
191 0.858231
32 -2.65218
80 -1.38592
30 -3.27411
107 0.0699005
5 -5.14589
127 -0.269295
121 -0.501564
83 -0.0135345
150 0.327545
77 -1.92958
155 0.314774
100 -1.34808
29 -2.87724
83 0.0245743
110 0.0989838
195 0.391098
195 0.452728
177 0.333969
92 -3.43157
6 -3.55249
49 -1.93358
5 -5.14657
255 0.947922
244 11.8277
263 1.26697
114 -0.0547104
192 0.310059
128 -0.0446396
120 0.00238037
58 -1.7098
91 -0.227722
55 -2.65454
269 5.022
255 4.27521
32 -2.16616
55 -2.41933
192 0.960938
61 -2.44994
7 -3.40719
158 0.364914
67 -0.464859
14 -1.56507
52 -2.53979
140 0.285278
3 -3.06864
35 -3.18551
84 -1.25467
6 -3.55259
71 -2.20978
354 3.22418
169 0.507553
159 0.402573
143 0.279968
48 -2.87656
114 -1.17106
183 0.425766
119 -0.352707
127 0.150169
87 -0.441689
107 0.111641
147 0.223953
78 -0.275856
121 -1.93777
3 -2.76562
145 0.0716095
51 -2.36934
9 -2.54895
51 -2.64276
7 -3.15669
24 -2.96962
16 -3.07294
154 0.356918
180 0.406403
267 4.95111
79 -1.22742
335 12.5808
131 0.0954132
3 -2.65845
285 2.68475
193 1.15851
120 -0.162857
163 0.342834
91 -0.85302
164 0.436951
23 -3.32113
59 -2.68699
310 0.641815
250 0.698486
72 -2.04498
196 1.00281
116 0.0394669
6 -3.302
12 -3.63937
187 0.750168
54 -3.31689
121 -0.500565
78 -0.276497
210 0.768341
91 -0.869415
198 2.24794
134 0.220566
222 1.57106
132 -0.0171356
118 -1.22232
316 0.574188
104 0.0044632
66 -2.2132
107 -0.468315
99 0.0126266
6 -2.69582
48 -2.31344
26 -1.99974
135 0.24646
49 -2.14669
130 -0.0465698
155 0.398407
177 0.697433
87 -0.38694
76 -1.58034
202 0.341278
124 0.13855
167 0.511719
11 -1.64059
200 0.225815
219 -0.255081
108 0.140121
108 0.140327
21 -3.40298
8 -4.00237
28 -3.16052
180 0.559921
247 3.85222
55 -1.99311
30 -1.55667
71 -2.01135
143 -1.02718
60 -2.19329
24 -3.65251
66 -2.28344
33 -2.43996
5 -2.87422
65 -0.883247
39 -2.85284
220 0.491592
114 -0.258858
160 0.264496
9 -3.52768
93 -1.0863
142 0.156357
26 -2.01913
79 0.134987
83 -0.0136948
174 0.625015
82 0.0946579
111 -0.520828
342 2.91599
13 -3.31228
183 0.59375
152 0.258469
369 3.63104
12 -2.65821
121 0.347328
15 -2.63717
130 -0.0391083
19 -3.36455
72 -1.72991
219 1.50691
129 -0.13092
15 -3.7062
11 -3.86841
104 0.031395
11 -2.32388
8 -3.59069
222 1.64078
89 -0.788925
319 10.0689
43 -1.89799
210 1.00865
161 0.212082
99 -0.00563049
219 2.40855
127 0.152542
54 -3.31653
17 -2.87873
201 3.20888
48 -2.93093
91 -2.48148
152 0.29332
255 4.23528
280 5.44412
17 -2.94233
39 -2.34633
24 -2.97728
71 -1.44176
298 7.65631
199 0.901306
109 -0.548592
11 -1.63713
11 -3.79964
7 -2.65495
187 0.518555
21 -4.45901
200 1.02292
17 -2.94241
88 0.0424805
62 -2.48646
239 0.808777
237 3.05099
121 -0.499779
118 -0.319214
158 0.351151
100 -1.34808
244 0.914368
15 -3.08642
95 0.0402603
96 -0.341324
25 -3.63713
175 0.388596
53 -1.77343
6 -3.55268
122 0.128723
32 -2.68516
20 -3.55686
61 -2.18668
91 -0.709389
69 -1.83562
20 -1.35024
83 -1.60013
148 0.287766
173 0.483231
53 -2.57559
38 -3.32553
147 0.223389
120 -0.504128
6 -3.51025
270 1.13538
98 -0.520485
52 -2.58998
166 0.397095
51 -2.2746
33 -2.8385
29 -2.41738
37 -2.45396
67 -2.28877
224 2.0686
253 1.138
220 0.565842
88 0.0424576
7 -3.88528
112 -0.984833
12 -2.6551
108 0.140594
57 -1.91446
82 -1.799
83 0.0234375
231 0.416672
144 0.278168
154 0.378647
25 -3.24351
303 8.58719
126 0.129959
199 2.16148
8 -2.76556
13 -1.41637
23 -2.92801
28 -2.70686
142 0.303925
236 0.739426
96 -0.836472
219 0.555176
106 -1.31422
72 -0.951973
170 0.331009
213 0.492172
222 1.62094
199 -1.6161
5 -1.49289
329 13.8783
132 -0.0293884
54 -1.97933
84 -1.64037
190 0.547867
222 0.852875
208 2.94176
7 -4.89967
76 -1.00009
219 2.31206
46 -2.45996
269 4.70767
63 -1.748
308 1.82675
285 2.68491
175 0.380264
135 0.0592957
78 -0.276527
210 1.43585
170 0.452515
58 -1.59539
91 0.103783
312 1.82364
11 -2.72893
103 -0.13147
91 -0.870491
193 0.924438
7 -4.07773
55 -2.48026
156 0.275818
115 -0.853333
123 -0.632843
26 -2.01124
202 0.729752
245 0.58638
174 0.625092
40 -3.093
238 4.40842
181 0.293869
321 11.4653
195 0.352081
90 -1.89772
70 -1.99718
108 0.140556
157 0.366669
50 -2.4675
137 -0.226074
150 0.251343
188 0.45726
308 0.588165
91 -2.2624
34 -3.00313
111 -0.496063
108 0.140793
8 -3.27366
250 -0.986877
117 0.0420914
262 3.95633
182 0.540573
61 -2.18498
37 -3.16785
154 0.395264
61 -2.18027
7 -2.6967
204 0.76033
257 4.30121
48 -2.93045
102 -1.46574
262 3.95724
119 0.00479126
127 -0.285751
64 -2.14382
200 1.06541
219 -0.254868
190 1.46475
167 0.608353
116 -0.195885
247 6.27759
300 2.84552
63 -2.16364
141 0.0440674
32 -2.38255
51 -2.92349
191 0.868469
123 0.0614319
204 0.414032
16 -3.1371
150 0.331879
291 2.36942
16 -3.37024
50 -2.02479
80 -1.06451
247 3.59489
83 -1.80058
210 0.666382
166 0.243652
40 -3.18999
109 -1.47273
155 0.399292
149 0.0453339
89 -0.917976
349 3.17099
215 0.819672
30 -1.59068
13 -4.21484
53 -2.11707
71 -1.97338
170 0.511581
250 -0.986679
363 3.10944
222 1.64082
165 0.445587
103 0.0491867
174 0.432968
40 -2.62936
48 -2.48306
316 10.4441
11 -3.75538
228 0.676788
9 -3.17392
29 -2.42835
25 -2.91022
71 -2.3925
186 0.433609
71 -1.97346
180 0.405548
70 -1.98349
96 -1.58003
188 0.780014
51 -2.60701
79 0.135086
181 0.438354
41 -2.73587
67 -2.39885
156 0.354736
62 -2.47672
11 -3.69616
123 -0.633507
86 -1.55656
6 -2.38697
24 -3.40675
74 -0.642532
177 0.477158
98 -0.14592
70 -1.58246
141 0.384827
27 -2.86131
97 -1.46373
161 0.309372
136 0.0438843
349 3.14539
115 0.0556183
19 -3.00232
259 2.82108
174 0.553009
129 -0.130936
31 -3.20716
49 -3.14662
365 4.07001
121 0.104958
267 1.0816
159 0.5242
91 -0.870712
33 -3.16979
208 0.960434
19 -3.02294
195 0.823181
276 1.35159
102 -2.75426
6 -4.29516
20 -1.86082
273 4.88239
31 -1.28229
44 -2.14757
129 0.178009
107 -0.355331
203 6.21037
262 4.80804
57 -1.91128
208 2.92931
200 0.461349
4 -2.87102
136 0.241745
175 0.489349
40 -2.3377
191 0.482651
311 10.405
37 -3.26765
169 0.697464
37 -3.16777
250 -0.986725
60 -1.64725
221 2.29785
53 -1.96853
270 4.07352
20 -3.57825
209 1.01613
91 -0.87059
108 0.144768
37 -2.2009
237 1.76407
127 0.140594
26 -2.84423
254 0.776611
271 5.14493
33 -3.09251
270 1.13739
219 -0.255508
174 0.624924
331 2.86319
18 -2.99045
186 0.302078
21 -3.13005
26 -2.87378
96 -0.194366
202 0.246857
216 2.18114
110 -0.692314
127 -0.382263
132 -0.013092
164 0.2948
159 0.288452
137 0.394592
122 0.100922
219 2.31883
207 1.09056
118 -0.0604706
12 -4.12781
33 -2.12012
8 -2.13382
24 -2.70201
92 -3.43154
222 1.57716
103 -0.413589
268 4.7225
260 4.21732
61 -1.73536
87 -1.76474
250 -0.986786
207 0.656021
250 -0.985474
4 -3.05844
81 -1.41949
7 -3.72319
270 2.28516
157 0.348236
50 -2.74206
76 0.0501938
32 -2.65447
325 10.5865
72 -0.929695
115 0.027977
187 0.754196
95 -0.726128
84 -0.774887
199 1.34839
151 0.320511
12 -3.63869
91 -0.953476
6 -3.55248
178 0.828018
52 -2.85845
23 -2.12469
37 -2.20164
187 0.783295
285 1.39633
250 0.932663
147 0.185181
39 -2.43894
168 0.392197
287 6.7446
166 0.350647
80 -0.857376
60 -2.26287
178 0.841125
277 5.27344
106 -0.0428162
96 -2.94262
156 0.217773
31 -1.28246
139 0.444351
28 -3.4591
271 5.1449
161 0.404877
255 4.23633
6 -2.68903
88 -3.62666
152 0.250519
148 0.418381
91 -0.871498
96 -0.86512
236 3.14313
96 -0.864555
33 -3.12282
93 -0.171959
318 5.38794
157 0.258606
78 -0.274513
103 -2.10899
121 -0.0173264
26 -3.15272
175 0.100769
2 -3.96399
212 1.18205
271 5.14453
9 -3.5329
121 0.089119
43 -2.71687
38 -2.36651
217 0.362915
184 0.890106
139 0.283173
139 -0.142456
32 -2.68349
369 0.907196
30 -2.67263
63 -2.03388
149 0.137482
47 -1.09476
18 -3.03074
91 -2.26118
130 -0.198975
21 -3.15512
25 -3.23828
172 -0.268768
220 2.31314
138 0.0688477
356 12.4753
203 0.487213
116 -0.934235
122 0.129509
22 -2.88309
172 -0.269058
188 0.779968
160 0.336029
127 -0.279312
124 0.100159
115 -0.525925
15 -2.9912
173 0.465698
73 -2.01906
264 4.30182
89 -1.22817
33 -2.53262
50 -2.4474
70 -1.89725
40 -3.19001
335 12.5807
118 0.12236
141 0.0440674
76 0.0632629
47 -2.62225
18 -2.73754
53 -1.97601
221 -2.89235
24 -2.72678
274 5.77786
147 0.333542
151 0.320663
45 -2.60217
57 -1.91528
4 -3.44368
41 -2.63378
56 -1.5731
18 -2.96196
270 5.02753
143 0.0997467
270 1.13785
255 4.23511
127 0.139191
78 -0.800507
26 -2.90976
139 0.115723
254 3.88812
170 0.45311
72 -2.35733
81 -1.41911
217 0.540955
34 -3.14008
66 -1.99101
278 5.30695
215 0.635101
10 -2.49259
93 -3.32285
21 -3.06115
24 -3.15469
17 -2.9438
22 -3.26854
260 4.21735
6 -3.47926
344 14.8011
120 0.128693
336 12.532
71 -2.07054
102 -0.30471
141 0.116516
157 0.0737915
45 -2.52752
161 0.370773
231 11.3177
11 -2.77979
173 0.434662
169 0.205048
121 0.160133
9 -2.17617
113 -0.28299
6 -3.5525
1 -4.13854
48 -2.48438
13 -1.41723
13 -2.66202
139 -0.139023
204 0.784149
144 0.305054
171 0.409775
21 -3.40132
53 -2.12838
72 -0.951073
261 3.98416
257 0.862488
104 -0.892937
192 0.911819
233 1.59325
105 -0.115501
56 -2.98447
62 -2.47662
124 -0.378151
255 4.23643
236 0.739822
270 4.96228
230 1.80188
40 -3.19016
91 -2.47787
268 4.8042
13 -1.41086
152 -0.0573273
88 -0.516754
22 -3.15108
108 0.14695
72 -2.2421
48 -2.93059
126 -0.226959
6 -2.49172
17 -1.37543
220 2.31299
247 3.85231
180 0.443512
180 0.405762
82 -1.78207
329 1.84012
106 -1.28734
6 -2.69541
70 -1.78374
48 -2.87655
64 -2.29321
84 -1.59878
152 -0.0571899
54 -2.54335
102 -0.766151
41 -2.72491
45 -2.46701
85 -1.69267
189 0.462769
71 -1.97456
80 -2.13498
151 0.320602
40 -2.49891
274 5.099
42 -2.06531
86 -1.92487
26 -3.19054
72 -2.35807
329 13.8788
39 -2.79289
31 -3.27268
206 0.661331
104 -0.127342
106 -1.35282
35 -3.18341
37 -3.26842
277 5.23807
53 -2.16814
33 -3.07456
175 0.651764
99 -1.74852
268 4.78555
105 -0.115234
187 0.754227
330 15.1974
5 -3.87391
179 0.771164
24 -1.64247
161 -0.0148926
275 1.36511
247 3.85219
279 5.457
221 0.367065
189 0.485382
71 -1.38035
147 0.185242
204 0.656921
210 0.668777
48 -2.323
174 0.625107
67 -2.27879
182 0.534378
335 12.5807
76 0.0658722
241 1.13931
139 -0.139725
255 1.06396
82 -1.77934
304 7.72147
102 -0.765076
18 -3.54794
97 -0.0833282
43 -2.90337
244 3.59502
145 -1.02757
324 10.9557
234 1.8658
13 -1.41343
64 -1.68464
2 -3.86108
71 -1.41896
15 -3.02312
22 -2.7525
37 -3.16774
147 0.316666
2 -3.61156
365 4.07083
48 -2.92698
2 -13.6464
259 0.661041
176 0.513824
52 -2.43391
175 0.101852
83 -0.0134354
156 0.399261
356 12.4732
156 0.217041
114 -0.621155
91 -2.25341
43 -1.60474
203 0.672104
240 6.44182
198 2.22917
111 0.0490494
141 0.0440979
3 -15.0325
363 16.2797
43 -2.44873
89 -1.44014
200 0.237152
48 -2.31545
52 -1.46235
83 -0.0128632
114 -0.254021
159 0.384476
193 0.49585
342 2.91705
87 -0.397865
91 -2.20107
250 1.13936
137 0.234711
78 -1.68775
44 -2.69656
369 0.906677
200 1.02441
50 -1.98422
69 -2.40497
80 -1.3857
86 -1.86504
342 2.91708
111 -0.308861
22 -2.63857
267 4.11417
271 5.14499
259 1.19427
28 -2.84927
259 4.12762
216 2.18138
40 -3.09324
10 -3.24533
44 -2.14766
129 -0.270813
145 0.0632629
162 0.448242
89 -3.42056
116 -0.194901
68 -1.65701
108 -1.43537
106 -0.0750732
159 0.364929
231 1.03284
147 0.185318
106 -0.0444412
272 1.28098
336 12.5318
9 -4.2806
259 4.2131
67 -1.91211
120 -0.303688
216 0.708984
152 -0.0574036
112 -1.21331
138 0.264145
77 -0.809929
110 -0.842796
259 4.16327
25 -1.99044
106 0.0916977
94 0.0279541
183 0.430084
122 -0.358109
34 -2.74429
222 1.62302
264 4.30161
140 0.00285339
183 0.430099
214 0.62442
20 -3.02087
71 -1.97311
105 -0.600525
33 -3.16191
32 -3.19667
143 0.218307
60 -1.59697
24 -2.74485
145 -0.148743
174 0.625107
304 1.71252
83 -1.80486
32 -2.65321
166 0.242538
271 4.8371
187 0.923553
235 2.83159
95 -1.53759
66 -1.63525
208 2.95956
214 0.897141
16 -3.53273
52 -1.46269
189 0.470276
83 -1.80226
105 -0.115662
177 0.288727
148 0.266129
259 4.21317
317 9.78238
170 0.437897
5 -3.36268
6 -3.75536
22 -2.63869
104 -1.17008
143 0.150787
194 -2.20238
187 0.749985
92 -1.51823
70 -1.46332
23 -3.46259
25 -3.14798
170 0.369125
149 0.0274963
170 0.452881
10 -1.56596
39 -5.81655
342 2.91562
84 -2.09439
68 -2.014
118 -0.641663
120 -0.715096
234 1.86536
192 0.983856
133 -0.236725
105 -0.826614
78 -0.2752
70 -1.30894
168 0.384491
93 -0.691078
52 -2.32692
12 -2.98437
8 -2.1568
234 1.86562
175 0.584122
11 -2.87742
177 0.503983
174 0.627655
6 -3.4448
182 0.475449
41 -2.57
192 0.423706
170 0.452957
187 0.750244
148 0.0516357
22 -3.16356
96 -0.0126877
117 -0.167686
231 1.04187
19 -3.20871
169 0.371536
151 0.287781
46 -2.75957
103 0.00157166
39 -2.33577
306 7.99667
233 1.86911
228 0.605392
122 0.124794
137 0.0958099
9 -3.52827
91 -2.26384
126 0.149406
160 -0.0600128
259 1.17896
325 11.0339
28 -2.95203
234 0.756393
180 0.406174
72 -0.951477
33 -3.09188
342 2.9158
147 0.184906
232 1.78586
51 -2.42881
174 0.625031
219 0.566177
127 0.140022
236 3.14307
146 -0.110672
119 0.158661
241 1.13934
148 0.270935
65 -1.72789
58 -0.154331
111 -0.520477
22 -2.7588
133 -0.00891113
9 -3.5774
32 -2.65285
73 -2.33434
32 -2.64571
271 4.97705
316 10.431
170 0.331268
104 -1.26089
293 6.80396
72 -0.111099
226 1.76927
278 5.31744
356 12.4818
165 -0.54071
54 -2.7441
214 0.897232
363 3.1091
271 4.83704
178 0.841476
88 -1.46855
299 7.55533
325 11.0339
40 -2.67919
298 7.65631
170 0.465286
117 0.163315
278 5.35138
205 0.691437
132 0.0660858
68 -2.05389
83 -1.52888
28 -1.88871
336 12.5307
222 1.62077
151 0.318512
76 0.0478134
92 -2.00987
184 0.598053
235 1.88902
155 0.373581
76 -1.61614
32 -2.65381
269 4.70309
256 3.76544
326 12.8208
31 -2.80993
365 4.10623
279 1.12491
320 9.95605
192 0.867325
64 -2.24928
234 1.16042
25 -2.81983
93 -0.694336
66 -1.76398
16 -2.88501
34 -3.14016
76 -1.81734
21 -4.49043
170 0.152145
189 0.906204
253 1.71808
108 0.0316391
317 9.78275
334 2.86728
47 -2.70111
190 6.52802
119 0.160019
338 3.02072
151 0.318588
197 8.07759
12 -2.65689
158 0.332047
21 -3.2077
72 -2.3581
241 1.13927
52 -2.53411
310 8.77643
66 -2.13593
54 -2.27459
118 -0.679626
76 0.0628738
58 -2.25315
237 6.66714
94 -0.656975
276 5.62949
227 1.71083
26 -2.93319
111 -0.520599
44 -2.14783
147 0.31311
62 -2.40826
15 -3.59687
23 -3.61237
222 1.57788
319 10.0692
113 0.0569153
120 0.115364
100 -0.0805588
133 -0.00920105
329 12.2022
142 0.464783
121 -0.503693
252 1.05446
106 0.0915909
37 -3.16771
85 -1.69249
141 0.474228
124 -0.172737
115 0.134476
54 -1.37732
167 0.417206
182 0.529556
13 -2.66229
89 -0.601677
173 -0.138779
107 0.00495148
274 5.02567
236 3.1429
116 0.00888824
163 0.484985
180 0.846512
212 1.42276
76 -1.234
3 -15.0579
90 -3.45158
282 5.41507
92 -3.43164
1 -2.54216
4 -3.82032
218 1.41434
266 4.51151
167 0.616241
7 -2.83162
303 8.58749
255 4.23558
165 0.438873
262 0.569244
187 0.456802
176 0.618301
369 0.906525
92 -2.10922
240 0.663727
214 0.776352
106 -2.04647
13 -1.41077
180 0.441391
93 -0.691368
147 0.185089
170 0.452667
64 -1.76632
255 4.18771
16 -2.20667
182 0.373352
109 -1.47213
9 -4.39357
14 -2.68281
161 0.372009
73 -1.99937
306 9.08234
163 0.468948
219 0.547501
195 5.4474
257 3.60181
2 -3.90047
130 0.407898
17 -2.80638
117 -0.598465
238 1.34074
318 4.88647
278 5.35144
186 0.511032
266 2.24512
215 0.828613
80 -3.62233
6 -2.69461
76 0.0642166
64 -2.06761
328 2.85992
96 -0.0110931
31 -1.28225
108 0.140877
48 -2.63443
11 -2.89591
77 -1.54444
31 -2.92955
34 -2.65824
341 3.5842
98 -1.17606
270 4.96234
169 0.364883
124 -1.93275
156 -1.02672
166 0.395187
221 2.28578
274 5.02567
330 12.4087
26 -1.61876
56 -2.08957
131 -0.133362
2 -4.22093
313 5.55685
198 1.00354
339 3.01953
258 4.21228
44 -5.69581
259 4.21317
103 0.100716
279 5.35818
314 7.85672
7 -2.6737
202 0.727524
191 0.505554
138 0.311081
40 -2.50023
83 0.0246124
316 10.4316
255 4.2364
247 3.85216
113 -0.612251
47 -2.57891
51 -0.144047
327 11.8838
153 -0.807999
164 0.437103
344 14.799
43 -1.66563
81 -1.10348
209 1.16733
58 -0.800316
180 0.621246
41 -2.68527
21 -2.00561
86 -2.19174
3 -3.65206
222 1.64136
72 -0.952606
86 -1.13498
12 -3.55413
14 -3.71737
221 -2.95473
37 -3.27406
150 0.357147
349 3.06522
133 -0.00898743
235 1.81912
297 7.26685
58 -0.155029
38 -2.39113
78 -1.59744
141 0.0442963
174 0.521866
41 -2.68492
278 1.49188
190 0.502167
257 4.29172
244 3.71616
182 0.475449
51 -2.60718
78 -2.2656
103 -1.86723
104 -2.28928
179 0.255951
362 16.1469
51 -2.60704
16 -3.72115
260 4.21423
103 -0.412605
112 -0.518959
79 -1.89918
143 -1.15318
234 1.86626
304 8.49969
85 -1.69253
100 -0.654938
19 -3.14514
179 0.328293
9 -3.84129
202 0.945953
59 -1.73243
92 -4.43646
10 -2.75376
6 -2.69586
317 9.78293
30 -2.56527
3 -15.0525
31 -2.76689
99 -0.413483
125 -0.0957336
307 9.18082
116 0.065979
267 1.30157
10 -3.58299
19 -3.10271
111 -0.346985
337 2.8989
147 0.18512
132 -0.154266
324 10.9545
142 0.266281
72 -0.286118
213 0.80687
211 1.26303
16 -3.05347
262 -0.238159
255 4.23651
292 6.76083
138 0.273193
103 -1.27808
264 4.41611
149 0.270081
199 1.06015
43 -2.76035
13 -1.41082
32 -3.21016
92 -3.4979
222 1.62097
60 -0.871258
146 0.152756
316 1.04953
232 3.20897
310 8.77673
143 0.527557
132 -0.0196075
233 1.1274
93 -2.21278
279 1.44785
106 0.0917511
225 1.73526
216 2.18106
90 -1.47109
82 -2.02845
52 -2.56716
91 -2.48796
84 -1.60359
254 1.17726
80 -10.5492
97 -1.74637
59 -2.27391
51 -0.76519
331 12.5273
152 0.233093
84 -1.7588
148 0.291443
236 14.0996
77 -1.55564
28 -2.90458
269 4.70337
157 0.41153
2 -13.93
301 8.58957
35 -3.43417
125 -0.237953
190 6.20285
325 10.984
201 1.04909
196 1.00313
104 -1.25883
54 -1.72412
320 10.319
331 12.5311
255 4.23653
18 -3.19996
21 -2.59927
76 -3.84085
107 -0.539589
119 0.159248
335 0.659027
254 1.18724
165 0.462509
234 15.3671
76 -1.81374
242 0.582535
76 -0.991211
123 -0.633469
44 -2.50039
196 1.0063
190 0.592987
301 7.6749
169 0.58934
136 0.000335693
159 0.381439
97 -0.817307
77 -1.57478
96 -1.41439
47 -2.62345
125 0.0128174
303 8.58762
33 -2.85363
91 -0.709244
12 -3.27582
100 0.0909653
42 -1.58479
31 -1.28275
185 0.55191
331 3.24533
203 0.613495
220 0.721069
134 0.10144
27 -3.51335
237 6.22563
126 0.29258
4 -4.05618
247 2.79816
72 -2.01364
22 -2.91534
119 -0.527931
71 -2.38324
331 12.5287
49 -2.46347
157 0.345291
127 0.16478
193 0.568161
6 -3.55245
94 -0.862488
131 0.262573
41 -2.68534
232 3.20839
116 -0.731934
250 -0.986877
63 -1.66236
196 0.267715
28 -2.95201
221 2.34212
170 0.662247
106 -0.126205
117 -0.527412
32 -2.67487
228 0.910202
157 0.350128
117 -0.604179
266 2.22818
115 0.206741
166 0.240311
267 4.47961
122 -0.3545
165 0.462585
192 0.507294
103 0.0161209
303 8.58737
22 -2.6758
63 -1.73218
167 0.484909
318 10.7605
46 -2.49468
44 -2.87085
94 -0.917542
86 -1.97935
190 1.46925
186 0.442566
3 -2.6046
334 10.4603
49 -2.384
19 -3.5692
145 -1.0276
279 5.48499
327 10.9265
7 -2.83162
170 0.474564
331 3.24274
80 -1.05373
91 -2.49354
44 -5.69663
214 0.794449
29 -2.97658
234 1.86598
89 -1.37651
156 0.556854
99 -1.23907
127 -0.103653
326 2.91174
172 0.213486
10 -3.94251
144 -0.120255
58 -2.16814
11 -2.79209
24 -2.92924
32 -2.65261
161 -0.0157776
59 -2.25237
330 12.4091
55 -1.9926
330 12.4073
182 0.475464
91 -2.48792
278 4.96689
342 2.91626
94 -0.481819
308 9.15295
71 -1.97318
35 -2.60112
209 1.13219
324 2.63559
216 2.1812
84 -1.2066
293 7.53372
131 -1.70592
38 -2.84819
11 -3.48722
25 -2.84347
183 0.426285
175 0.0861969
5 -5.1464
137 0.0957489
174 0.625275
133 -0.281387
15 -3.7118
264 4.70416
163 0.360275
327 11.9503
151 0.321014
141 0.0441742
159 0.312378
196 0.999252
306 9.02777
61 -1.61669
163 -0.0239105
316 10.4319
177 0.388916
276 5.62445
116 -0.566338
6 -2.69447
12 -2.32188
243 10.9609
106 -0.667854
254 1.70355
9 -2.51307
83 -3.57965
234 1.86545
97 -0.328712
195 0.975037
236 1.74475
123 -0.180878
13 -2.27369
342 14.4949
87 -0.39991
80 -0.928246
336 12.5298
177 0.270142
331 1.97873
213 0.873398
255 4.23547
181 0.545654
92 -3.49832
121 -1.93838
7 -3.14115
220 1.80008
337 12.6351
343 14.8861
3 -4.08421
306 8.47968
341 3.53671
36 -3.07176
323 10.684
235 1.32529
273 4.8822
84 -1.75877
289 6.27109
93 -3.32269
179 0.329758
208 3.33568
292 6.76102
99 -0.669014
365 4.10834
15 -3.71283
32 -2.8679
84 -1.52182
54 -2.36928
336 12.5312
265 4.09824
50 -2.02515
39 -3.2543
262 3.95676
294 7.17776
78 -0.274872
78 -1.52086
148 -0.156464
297 7.3772
313 3.25488
120 -0.504044
73 -0.103729
127 -0.703972
206 0.475418
53 -2.3633
129 -0.130829
28 -2.95166
28 -2.34553
252 1.14148
228 1.87526
369 17.034
235 1.88893
265 1.71677
9 -3.46887
286 1.35944
51 -2.60702
84 -1.7541
262 3.95227
87 0.11377
195 1.74425
249 0.41745
72 -1.68883
106 -1.28562
127 0.148178
50 -1.84406
58 -2.05426
110 -0.523392
58 -1.82457
252 1.16899
40 -2.50025
149 0.262543
7 -3.73879
176 0.618118
133 0.174805
55 -2.58761
218 1.27278
41 -2.00932
25 -3.15581
47 -2.62094
60 -2.44929
106 -1.29158
71 -1.97448
66 -2.01847
348 3.13278
51 -2.16432
62 -0.936001
59 -2.21643
69 -1.36909
149 0.523743
183 0.625854
40 -2.49864
299 1.86908
264 4.30356
134 -0.243713
157 0.246109
356 3.13324
129 -0.130875
161 -0.0171356
319 10.0693
72 -0.951767
55 -1.61359
3 -3.78282
363 10.974
303 8.61206
8 -2.94767
107 -0.636978
300 8.24646
310 9.4321
150 0.38031
165 0.316483
172 0.750961
20 -4.07965
95 -1.53899
170 0.4151
285 1.36786
222 1.64159
139 -0.142471
40 -2.96806
312 -33.6588
179 0.770599
18 -4.35264
303 8.05811
150 0.316391
67 -0.395828
72 -0.953537
108 -0.380775
175 0.380539
93 -0.694077
170 0.331924
42 -2.61678
269 1.19153
27 -2.22209
313 3.25494
210 1.43582
246 1.9003
82 -1.40426
163 0.472061
33 -3.04272
157 -0.176147
35 -2.42008
157 0.411392
30 -2.86494
163 0.409363
138 0.172165
55 -0.910564
83 -1.05882
51 -2.60708
66 -1.69012
306 6.85541
39 -1.84052
73 -2.62177
62 -1.47687
264 4.70172
164 -0.0159607
51 -2.60693
79 -0.789337
68 -2.18042
85 -1.6925
255 4.23697
117 0.0889511
253 1.13756
234 1.12459
58 -2.04436
83 -1.60368
108 -0.608551
121 -1.9379
138 0.281982
32 -2.85636
151 0.321075
238 0.869476
106 -1.29063
160 0.371887
33 -2.72259
310 9.39206
89 -1.66068
51 -1.74449
77 -2.48405
254 1.70198
188 0.83812
313 3.25504
198 0.699066
349 3.17084
184 0.890305
184 0.850143
324 10.9551
22 -2.63275
170 0.483246
148 0.0514679
170 0.307022
195 0.916199
4 -3.15855
93 -0.694038
178 0.707352
204 0.960983
308 9.27151
224 2.24001
111 -0.521645
151 0.318573
170 0.453003
244 0.38298
162 0.549545
106 -1.26359
41 -2.06003
39 -2.78094
15 -3.78713
170 0.306839
103 -1.33488
333 2.87451
127 -0.174316
71 -1.97315
88 -0.934052
253 1.72545
13 -1.41119
270 4.96243
61 -2.06018
56 -2.05943
56 -1.63622
210 0.555176
15 -3.71181
117 -0.590225
92 -2.64918
213 0.807922
51 -3.10443
352 1.34641
175 -0.0293427
133 -0.00944519
91 -2.18638
232 3.20757
84 -1.75835
127 -0.510849
28 -2.32787
83 -0.436874
33 -2.88471
91 -2.26142
28 -2.9516
331 12.5314
2 -2.76511
40 -3.18977
209 1.20139
41 -2.13848
52 -2.1878
146 -1.40819
360 20.8118
263 4.11621
11 -3.46428
34 -2.47351
298 7.65622
257 3.74933
127 0.0864792
119 -0.616768
179 0.328369
84 -1.48591
219 2.31879
129 -0.627533
365 4.06699
211 1.29146
207 0.125778
191 0.537811
312 9.04068
192 0.911453
57 -2.12486
129 -0.13092
62 -2.2646
137 0.0953827
173 -0.140594
216 2.18112
161 0.556122
123 -0.633858
71 -2.01459
362 16.1444
23 -1.94034
116 -0.199966
48 -1.47881
290 6.67914
364 3.58093
271 5.14395
192 0.911697
93 -0.694115
76 0.0987701
6 -3.20063
26 -2.94551
4 -3.05856
60 -2.19068
298 7.65625
310 9.38544
106 0.0916748
2 -3.85168
312 -30.607
48 -2.92968
299 1.86841
40 -2.49839
154 0.270081
24 -2.88569
265 0.516632
121 -1.93776
230 0.635117
152 -0.0572205
312 9.04077
203 1.26855
56 -1.67743
135 0.224915
100 0.0590439
101 -2.45567
80 -1.62141
7 -2.76393
93 -3.3228
74 -0.896118
312 9.04065
276 1.51852
91 -2.26145
83 -1.77119
113 -2.99682
81 -1.79687
349 9.17944
201 0.470261
364 1.74188
210 1.36591
322 11.4512
277 5.29996
5 -2.8629
91 -2.48753
298 7.65613
119 -0.375893
214 1.19566
304 8.30261
143 0.218781
117 -0.166794
221 1.6969
202 6.34103
299 1.86838
233 1.6208
47 -2.48235
255 4.23643
25 -1.28731
299 1.86905
221 -2.89336
171 0.421936
270 4.96243
55 -1.99337
312 9.04086
194 1.17653
72 -2.01354
78 -1.71525
236 12.557
319 10.0734
93 -1.33111
51 -2.05162
63 -1.74799
278 1.35892
4 -3.16204
294 7.74365
72 -1.64139
125 -0.305756
29 -2.78032
310 10.4347
286 6.15665
44 -1.59304
234 1.86632
307 1.77246
189 1.01881
271 5.14496
60 -1.16834
316 10.4321
256 1.3125
213 0.512787
52 -2.44149
31 -1.98662
294 7.71463
48 -2.32277
245 3.81508
302 7.93109
56 -2.23871
312 9.04047
203 1.3492
187 0.923798
81 -1.77337
76 -1.60915
81 0.0934601
56 -1.66176
48 -2.93068
39 -2.59394
299 7.51041
324 10.9547
316 10.4319
94 -1.271
166 0.404068
264 4.68423
13 -2.67491
319 10.0691
359 1.36176
81 -1.80067
37 -2.2439
80 -1.98454
282 5.57925
6 -3.85748
165 0.456177
278 5.16183
341 3.28128
108 -0.469994
94 -1.31567
32 -2.65347
253 4.18979
198 0.344376
294 7.71509
49 -2.87176
42 -2.51073
310 8.77643
262 3.95218
108 -1.21432
247 3.85233
58 -2.15705
44 -2.60097
70 -1.58971
30 -1.67959
83 -0.809143
208 0.596603
245 2.82304
189 0.568893
59 -2.22065
334 10.4484
11 -3.25381
111 -0.0806732
54 -2.03618
44 -5.69744
29 -2.8577
99 -1.46687
76 -1.61519
296 7.29276
39 -2.21471
206 1.18933
77 -3.71347
9 -1.53565
67 -0.396027
304 8.56076
255 1.44989
262 3.97467
57 -2.37555
241 2.49551
181 0.478195
79 -2.29295
213 0.815414
233 2.43787
132 -0.0160522
324 10.9557
205 1.22327
255 4.4185
34 -3.1402
264 4.70459
362 3.08966
238 1.09753
11 -2.62655
342 2.9202
32 -2.67743
76 -3.96437
319 10.069
268 4.78293
57 -0.854782
163 -0.0350494
259 4.31805
72 -1.36757
10 -3.86567
83 -1.97138
109 -0.203354
99 -0.713425
96 0.0272598
279 5.35837
18 -2.94154
19 -3.17633
271 4.78476
341 13.1597
262 -0.237061
186 0.789978
89 -1.29504
177 0.387939
214 1.37485
117 -1.07316
85 -1.69296
125 -0.885048
9 -1.54433
5 -2.78627
62 -2.23315
317 9.25897
37 -3.28317
74 -1.66386
309 8.7587
354 16.5402
104 -1.35785
165 0.443802
191 1.00417
23 -2.92258
55 -1.61219
311 10.4025
321 11.4568
145 -1.02748
137 0.0989685
356 1.51025
162 0.450729
98 -1.32096
10 -2.98616
191 1.03412
264 4.70508
193 0.567703
91 -2.48982
74 -2.02174
98 -0.33419
96 -0.865112
359 11.8937
257 1.59418
58 -1.59313
38 -2.20669
100 -0.736526
329 12.0616
130 -0.194122
9 -3.19762
147 -0.0742035
344 14.8008
250 1.59938
50 -3.15372
350 15.8971
262 -0.233673
117 0.114571
305 8.16891
338 14.7617
316 9.28354
131 -0.0771179
9 -1.75883
145 -1.43762
96 -0.341248
109 -0.556404
331 12.5301
306 7.52219
301 7.81799
128 0.21698
318 10.5527
342 2.9158
106 -1.29424
23 -3.10963
114 -0.887222
353 0.548553
353 14.0995
237 1.75232
62 -2.41269
40 -2.49947
319 11.4203
22 -2.75883
51 -2.54986
89 -3.42044
285 6.05396
15 -3.71253
330 12.3682
106 -0.151825
24 -2.65252
367 26.3316
222 1.64078
176 0.617813
55 -2.30576
93 -3.32271
366 26.5511
263 4.68716
214 0.76474
281 5.80066
336 12.532
299 7.72284
291 6.54614
83 -0.833244
45 -2.49458
149 0.137497
116 0.152977
186 0.304138
89 -0.934753
31 -1.28242
33 -2.21318
316 10.5189
341 3.28061
135 -0.950104
212 1.36581
240 0.805237
32 -2.68556
279 5.35846
190 1.11952
108 0.140427
332 2.88174
85 -3.2879
47 -2.85892
70 -1.70594
236 1.00287
201 7.86029
236 3.14299
33 -2.7102
322 10.8372
190 0.390045
83 -1.80568
202 0.946762
231 1.08919
33 -3.09081
7 -3.73885
218 1.27519
361 1.40421
275 5.62558
148 -0.105774
11 -3.05809
155 0.37204
75 -2.23029
226 1.11168
24 -2.75139
212 1.13744
333 10.5974
320 10.3181
116 0.144539
302 8.40216
141 0.0443878
263 4.11691
180 -4.08862
111 -0.565216
48 -2.32313
56 -1.96626
240 1.65387
6 -3.55237
88 -3.63171
300 8.40915
18 -3.42585
88 -3.63137
247 3.59511
178 0.842102
309 8.74875
64 -0.483284
355 0.638885
18 -3.44409
344 13.7596
10 -3.11619
79 0.135399
34 -2.40076
305 8.1684
151 0.348785
100 -1.44874
205 0.511322
53 -2.45837
128 -0.0495529
358 14.8815
325 10.9838
288 6.90588
52 -1.74623
53 -1.48231
319 11.3749
97 -1.42606
306 -12.5385
95 -0.939941
111 -0.542931
17 -2.06168
322 3.0097
170 0.504257
283 5.7894
256 4.1106
170 0.33107
170 0.658722
25 -1.89572
8 -8.32831
303 8.58759
15 -3.70998
272 5.25546
253 4.23096
216 2.1812
33 -2.83236
18 -3.0986
146 0.288757
246 6.68776
109 -0.549942
256 1.59082
323 9.34009
126 0.186722
316 10.4318
80 -1.29494
81 -1.65729
343 0.188843
317 11.2792
347 17.2775
304 8.85461
254 1.70892
298 7.71173
55 -1.61388
128 -0.278275
332 12.9678
255 4.24493
313 3.25482
2 -2.51262
274 4.9512
318 10.047
98 -0.828323
325 3.00043
56 -2.10043
17 -3.46825
91 -0.224754
2 -2.8223
310 8.77664
312 9.04062
363 16.2794
268 3.90637
4 -3.15909
215 2.48007
349 3.15723
284 6.50974
84 -0.714325
258 0.645477
169 0.465836
104 -1.26067
29 -3.3556
130 0.139069
294 7.71115
298 7.65643
242 0.767075
56 -1.65434
167 0.444214
366 16.9386
306 8.96768
344 3.09335
55 -1.99374
210 1.36147
271 5.14493
256 1.19632
260 4.30292
74 -1.50776
363 2.37274
49 -1.67017
48 -2.32426
94 -0.331978
33 -2.8513
272 1.31805
34 -3.1401
132 -0.194351
86 -0.452141
25 -3.30596
116 -0.228539
122 -0.316566
34 -3.14002
241 2.24457
219 -0.254868
175 0.551575
319 10.1922
54 -3.31566
364 1.73856
128 -0.10788
365 21.2599
81 -1.95755
233 1.01485
289 7.0148
309 9.07346
102 -1.05158
333 12.6864
311 10.4023
254 1.70584
262 3.9501
232 3.20854
177 0.389175
65 -1.90638
264 4.30167
262 -0.237976
106 -0.311615
230 5.76321
52 -2.20813
306 -12.5284
179 0.728455
280 5.41367
23 -3.56777
184 0.889191
278 5.35699
24 -3.27388
295 7.19003
369 17.4915
92 -1.2237
81 -0.670097
11 -3.00252
246 0.41629
83 -1.74348
187 0.751572
37 -2.51336
131 0.225998
153 0.356552
91 -2.2635
200 1.03406
145 -1.0275
27 -2.82612
104 -0.638252
266 1.3157
331 3.24719
247 3.85226
65 -3.02429
302 8.45868
108 -0.158287
324 10.955
256 1.14972
367 17.2751
228 1.13185
62 -0.896511
307 8.97296
84 -1.75451
18 -2.78089
224 2.25139
93 -0.691017
177 0.462372
254 1.14146
157 0.411667
207 1.46352
359 11.8801
147 0.471283
111 -0.520515
93 -0.890648
367 26.1755
122 -0.265572
191 1.00417
198 0.344879
170 0.490143
231 1.20952
363 11.0206
198 0.043869
304 8.51874
120 -0.376701
68 -1.59251
132 -0.00462341
228 1.11018
54 -2.15467
323 10.684
364 1.73959
37 -2.25037
370 17.4131
150 1.03444
125 -0.215279
174 0.752731
254 1.48846
50 -1.85641
16 -2.56887
72 -2.00821
223 1.51433
198 0.923935
217 1.42094
69 -1.84084
51 -1.78703
319 10.046
71 0.10405
185 0.70932
181 0.739868
311 10.4063
196 1.0002
316 10.4357
95 -0.77343
335 12.5805
159 0.345245
260 3.66245
18 -2.64274
292 7.58835
64 -0.779125
253 1.13805
323 10.6842
47 -1.8446
309 9.43054
40 -1.99152
56 -2.43102
158 0.440079
105 -1.66278
156 0.26001
170 0.613907
262 3.92258
359 15.2232
41 -2.15612
84 -1.17729
256 4.05359
202 1.13864
91 -2.47794
175 0.652313
277 5.29993
310 8.77649
310 10.4322
280 6.01627
244 1.91876
52 -1.46247
112 -1.15903
294 7.07169
41 -2.06089
88 -2.1877
270 1.18213
245 2.677
316 10.4322
22 -2.8639
8 -3.22724
82 -1.89481
317 9.78256
316 10.4321
284 6.51083
21 -3.15622
66 -2.4672
249 0.524719
363 3.10928
35 -2.51404
126 -0.451134
367 16.7944
214 0.765152
325 10.9839
9 -1.54482
257 1.18634
254 3.21283
63 -1.22398
255 4.2363
205 0.596222
324 11.8247
338 11.3873
32 -2.63395
328 10.2149
319 10.069
104 -0.638214
159 -1.51649
211 1.26035
148 0.05159
72 -1.05539
33 -3.13181
130 -0.508514
191 0.832748
86 -0.674736
193 0.359283
357 15.0605
269 5.06262
298 7.65619
234 1.86552
97 -0.504257
106 -1.26347
78 -1.55396
298 7.78372
10 -5.42602
316 10.4454
298 7.65622
101 0.0426865
22 -2.76036
148 -0.156372
310 8.77646
250 1.56664
45 -2.83693
262 3.95206
271 4.92072
145 0.615219
103 -1.31171
18 -2.97124
216 2.18118
253 1.74225
104 -0.381424
270 4.96225
240 2.51654
172 0.343491
205 0.983124
138 0.369919
316 10.4314
245 1.77699
101 -1.30495
56 -2.38567
155 0.388962
316 10.4317
69 0.17363
148 0.2108
243 2.55078
319 10.2212
349 3.14554
241 1.25249
91 -0.870224
77 -1.54154
39 -1.50597
321 4.10696
209 1.21584
26 -2.90814
128 -0.195816
347 15.8868
170 0.659012
247 3.85214
204 0.715134
199 0.682419
306 8.84738
221 2.34222
180 0.576279
302 8.0296
255 4.4164
19 -3.10572
283 6.18512
365 4.06082
65 -0.973206
99 -0.752205
298 9.36227
170 1.12965
44 -2.66294
360 20.8945
81 -1.32594
10 -3.68968
171 0.380661
286 2.62033
231 1.05618
367 17.2732
191 0.842728
188 0.491699
190 0.549713
41 -1.82542
26 -1.98916
151 0.320541
284 6.50308
194 0.571945
158 0.388046
279 1.44794
351 0.595917
355 15.9183
52 -2.35726
153 -0.807755
198 0.718948
224 1.57925
271 5.14493
252 3.299
272 1.13007
5 -5.14486
141 0.115967
198 0.344925
363 30.7744
137 0.130829
4 -3.16078
69 -1.8546
312 3.39392
52 -2.38943
56 -2.3375
24 -3.08412
42 -1.45876
4 -3.05571
239 1.57196
241 2.49323
67 -1.60809
359 14.9476
4 -3.16061
117 -0.870613
309 9.26968
22 -2.75261
61 -2.11609
124 -0.447144
83 0.0241928
302 8.93542
272 4.86374
37 -2.04491
67 -1.09564
104 -0.566696
363 16.2805
53 -1.84202
142 0.0827179
20 -2.7095
69 -2.01502
77 -1.54662
93 -1.28255
119 -0.352859
55 -1.9925
189 0.319748
162 0.0739288
343 2.85202
106 -1.1664
176 0.735962
259 4.2131
51 -2.46617
80 -10.806
119 0.0876389
51 -2.60702
277 1.48715
64 -1.5497
13 -3.68657
34 -2.54931
3 -15.0709
59 -1.85743
50 -3.15328
193 0.567673
241 2.51753
98 -0.00325012
183 0.840714
360 20.873
205 0.4823
284 6.50772
66 -2.21741
241 2.49533
291 6.42245
339 2.84253
319 10.0278
306 -12.1839
319 9.69348
342 2.92502
28 -2.95188
132 -0.0455475
357 16.1204
230 1.83658
185 0.811981
367 23.447
355 14.414
317 11.2788
38 -1.92925
241 2.49664
178 0.714645
264 4.70435
355 18.2164
8 -3.43104
364 -0.273071
315 9.9473
258 3.49506
147 0.185974
354 19.1234
147 0.450302
310 8.77646
363 16.2803
355 11.4474
253 4.30988
51 -2.16598
116 0.13504
362 16.1407
10 -3.20771
147 0.439056
55 -2.38677
142 -0.273193
345 13.7767
106 -1.32191
155 0.330902
196 0.999313
363 16.2808
264 4.70441
248 1.86174
253 1.74309
68 -2.18635
330 10.3725
346 15.263
51 -2.19551
53 -2.28408
188 0.82486
2 -3.71028
112 -0.529427
219 2.24719
216 2.18083
325 10.9837
278 5.19617
275 5.32687
366 16.939
16 -3.77876
157 0.435913
243 6.63789
82 -0.894379
93 -0.691238
144 0.508636
345 13.7763
335 12.8146
76 -0.958321
270 4.96231
214 1.42738
319 11.2339
99 -0.966354
32 -1.50466
121 -0.751228
264 4.30347
165 0.433395
301 7.97937
300 2.84134
130 -1.45871
15 -3.78767
21 -1.64534
179 0.339966
348 2.43137
324 9.40375
56 -1.98021
196 1.00554
90 0.0441742
369 0.907043
309 9.29681
263 4.11633
152 0.238892
264 0.591461
216 2.18115
75 -0.982918
214 0.897202
175 0.595322
168 0.628662
309 8.74744
319 10.2261
267 3.1315
205 0.464081
239 3.33405
300 7.77448
80 -1.91769
5 -5.1447
68 -2.18057
102 -0.766205
191 1.00414
172 0.534271
207 0.668655
319 10.0694
336 12.5307
91 -1.62134
5 -2.70779
34 -3.14011
149 -0.147583
69 -0.901123
306 9.05609
243 2.61736
324 10.9553
325 10.7803
83 -0.965652
259 4.2131
241 2.52977
269 4.88455
116 -0.195793
363 16.2799
251 1.10497
181 0.404785
254 0.984055
294 7.71683
276 5.61197
169 0.560516
222 1.64148
15 -2.43629
298 7.65616
72 -0.953033
19 -2.98614
278 5.30746
291 6.72491
81 -0.528786
211 1.89491
161 0.338425
365 21.119
238 1.67107
68 -2.17976
37 -2.82801
261 1.84952
208 1.12006
32 -2.31433
364 1.73874
261 4.72888
60 -2.51292
116 0.0558701
20 -3.5663
225 0.939865
356 12.4488
14 -2.01177
214 0.765045
18 -2.90032
286 6.24991
320 5.76315
239 2.53087
145 -1.02771
114 -1.16975
141 0.0441895
354 11.5256
308 8.13409
336 12.5314
281 6.24466
309 8.75903
367 16.7956
294 6.86713
170 0.331924
343 3.22519
37 -3.29919
317 10.3564
92 0.0441208
78 0.0989227
214 0.897217
15 -3.71157
270 1.13748
300 8.40778
130 0.212524
275 4.78598
232 1.82765
29 -2.30437
280 5.36313
312 9.04086
108 -0.470078
119 -0.352608
185 0.934052
366 8.64075
356 17.0141
81 -1.31461
27 -2.59012
351 1.78452
285 2.68472
309 8.81186
356 2.30704
31 -2.54984
267 4.88129
241 2.49515
253 1.74048
262 -0.232971
220 1.22699
241 0.929672
196 0.999069
141 0.04422
105 -0.457085
84 -1.75851
324 10.9538
179 0.564423
332 2.89401
319 11.2341
230 1.80247
256 1.59903
298 8.29959
363 16.28
274 4.7146
356 11.3732
338 2.00751
304 8.30249
28 -2.95171
89 -1.61864
330 12.3974
249 1.66064
346 3.67734
279 5.47955
96 -1.45434
204 0.858597
67 0.022171
87 -1.66611
82 -0.757843
359 12.1437
157 0.485825
45 -2.82972
223 1.8053
88 -3.62823
264 1.1138
278 4.85086
178 0.845428
301 8.32224
234 1.33215
331 3.22006
363 28.9102
232 0.727982
212 1.88902
170 1.19043
255 4.23625
228 1.82826
34 -2.8186
301 7.9234
199 1.01984
52 -1.45998
148 0.0519562
71 -1.7187
371 6.54068
172 0.590668
58 -0.158569
84 0.184547
161 -0.0166321
155 0.366211
322 10.4014
106 -1.2951
336 12.5299
235 1.80988
242 6.21352
51 -2.56519
85 -0.428452
269 1.19128
369 0.907349
334 11.7697
368 3.97656
88 0.0425644
368 1.05005
28 -3.21766
144 0.124191
346 16.1022
325 11.0341
324 2.98761
13 -3.07132
262 -0.233337
282 5.4014
103 -2.82935
210 0.441101
73 -1.87585
84 -1.75844
306 6.85236
263 -0.993011
139 0.384064
211 1.89429
121 0.0670929
202 0.919205
34 -3.14013
99 -1.04269
287 6.26447
64 -0.467518
241 2.49707
4 -3.16094
88 -3.62791
46 -2.36343
58 -1.59241
44 -2.51991
270 4.66162
321 10.6141
360 20.8669
283 5.75009
4 -3.03514
325 10.9844
83 -1.80785
316 10.4339
189 0.435577
263 4.11688
58 -2.47751
365 4.10696
357 1.08347
225 1.73526
118 0.107857
285 2.685
256 3.80774
277 5.29993
131 -1.505
306 9.77469
306 -12.6322
259 4.64407
317 9.78259
251 1.84842
64 -1.80646
230 5.76285
278 5.68448
272 4.72812
363 10.9726
137 0.101776
103 -1.36356
116 -0.195038
100 -1.34774
193 0.882446
204 1.3857
337 2.88928
358 14.6229
270 1.13541
22 -2.75264
75 -2.34015
280 5.41354
349 6.99823
104 -1.25938
235 1.02805
226 1.1754
344 2.93896
321 10.5731
41 -2.19582
15 -3.30708
291 5.80145
172 0.632538
233 1.0657
67 -0.848389
265 4.8425
256 3.80554
363 16.2802
207 0.65538
75 -1.53719
284 5.5715
246 2.90483
256 3.76514
302 8.40115
208 1.18201
271 5.14551
322 3.0397
358 14.1599
67 -3.87852
50 -2.00966
169 0.415253
187 1.02184
255 1.12292
136 -0.0701599
51 -2.17061
7 -3.13096
51 -2.60705
319 10.2213
233 1.59346
20 -3.51931
241 2.49498
165 0.354782
275 5.08435
216 2.18118
348 13.3392
111 -3.01343
100 -1.34814
348 3.72968
199 0.35968
335 12.5807
358 14.2502
369 33.8304
365 21.3931
92 -0.742325
300 7.96082
247 2.73491
145 -1.40572
98 -1.06569
30 -2.21252
25 -3.59087
170 0.44902
124 -0.622536
244 11.8369
303 7.99512
288 5.95502
339 15.1208
250 3.95224
16 -3.71944
37 -3.10209
174 0.405212
297 7.85962
235 1.89252
275 5.87079
173 2.65721
7 -3.73832
302 7.93036
171 0.590439
237 6.70497
323 10.6831
258 4.53705
325 10.9847
182 0.559967
137 0.0969238
234 1.86613
221 1.69772
222 1.62103
272 4.50812
208 0.656479
102 -0.848709
278 6.11496
310 8.47818
331 12.5277
339 4.40765
329 12.1798
161 0.37059
221 2.34259
356 12.4764
200 0.723465
223 1.80275
309 8.80075
193 0.569061
299 8.40637
56 -2.08923
234 1.86565
287 5.92325
250 3.75865
363 16.2803
173 -0.026123
281 6.20749
99 -1.05117
247 3.28529
281 2.58176
293 7.63257
364 1.73682
356 12.4434
190 1.11977
63 -1.74812
267 4.97171
330 10.3411
183 0.854614
358 3.27292
335 12.5805
286 6.12695
292 7.60168
115 -0.269516
290 6.54547
256 3.85135
241 1.85042
93 -0.691154
254 0.776611
106 -0.79953
146 0.18222
309 8.78033
188 0.435974
292 7.59732
240 2.28767
259 2.81903
324 10.9548
341 3.28104
165 0.405075
143 -0.225601
238 2.53
317 9.78232
166 0.209442
60 -2.19089
55 -1.61319
355 13.6458
57 -1.92205
270 1.94888
138 8.4574
305 8.75943
329 12.2911
247 4.04817
138 0.131241
342 14.3957
40 -2.50042
281 5.53732
341 3.28143
253 1.7383
118 -0.549515
335 12.5802
118 -0.51709
216 2.18112
350 6.75131
324 11.5961
366 0.255371
50 -2.39703
332 11.3344
367 16.795
5 -3.30949
72 -0.948219
278 5.35699
218 1.49278
30 -2.78092
265 2.11865
197 0.769485
304 8.89279
142 -0.229324
179 0.328781
327 11.0645
313 5.02466
241 2.53728
189 -0.57016
169 0.402679
299 7.89688
119 -0.352837
12 -2.70045
306 -12.5553
237 2.48775
320 9.37863
155 1.15016
75 -0.858788
79 -2.00964
55 -2.27287
123 -0.633858
4 -3.15877
240 2.50529
80 -10.5531
360 20.8668
312 9.04089
207 1.50801
71 -1.97339
352 2.75388
234 2.08913
275 5.20416
200 0.714172
357 14.9587
347 13.2219
361 25.088
315 9.04092
307 8.3631
297 7.37003
179 0.629288
139 0.452713
361 33.71
319 10.081
107 -4.28772
170 0.452393
327 12.4218
125 -0.193932
233 1.84042
219 -0.255112
84 -0.998856
360 20.7281
44 -1.91041
59 -1.95735
325 11.034
130 -0.583878
109 -0.54985
216 2.18144
40 -2.82359
360 20.8036
32 -2.68497
285 2.41016
344 10.6712
353 13.8317
287 6.5462
130 -0.0228271
319 11.4169
253 1.62711
12 -4.22822
310 8.77628
210 1.43607
84 -1.60706
301 7.64371
247 3.9791
100 -0.67305
330 10.3406
56 -2.12338
280 5.4527
48 -2.32298
85 -0.304352
28 -3.39027
271 1.3345
303 8.0582
232 0.816818
33 -3.0746
313 10.27
153 -0.808655
68 -3.03864
226 1.1756
335 12.5802
371 20.3581
13 -3.16626
172 0.220459
89 -3.42048
10 -3.71349
327 10.7594
211 2.17752
273 4.93912
187 0.75148
303 7.78192
258 4.19678
264 4.63135
87 -1.28172
330 12.11
342 3.56128
316 6.32751
79 0.13427
347 13.3289
166 0.210678
259 4.2132
251 1.65771
213 1.15843
90 -1.35102
268 4.49985
364 3.70956
300 7.96024
264 4.30157
4 -3.16083
271 5.14084
33 -3.07401
208 1.33228
252 1.55675
366 16.9413
144 -0.119583
7 -3.38209
328 11.3085
285 5.9693
114 -1.17095
250 1.5526
168 0.62146
282 5.40237
78 -1.93414
319 10.069
274 4.74634
182 0.626022
306 7.61783
36 -2.28909
193 0.566757
233 0.980942
300 8.2782
349 14.6472
146 0.225861
332 4.11456
233 1.59326
264 4.09601
269 1.19171
241 0.908524
367 10.2495
364 29.585
140 -0.62796
187 0.857147
282 5.37271
202 1.4673
271 4.78775
71 -1.22747
148 0.295258
282 5.77759
50 -2.23965
265 4.74554
83 -1.84467
233 1.00479
298 7.58694
222 1.57751
301 8.32336
348 2.2995
280 6.12271
205 1.13976
58 -1.59267
241 2.49538
221 -2.96255
106 -1.2935
295 6.91037
213 0.807877
274 4.84192
265 4.74402
354 18.9156
257 3.8443
363 10.9854
236 2.57567
128 -0.227753
121 0.159119
273 4.8801
346 16.8451
185 0.460266
68 -2.18011
82 -1.36561
64 -0.778717
287 6.54639
325 11.0341
23 -2.80263
91 -0.711174
17 -2.94219
151 0.0456696
261 0.685303
234 1.86598
364 2.08261
316 10.4964
15 -3.78792
362 16.1438
208 1.52034
42 -2.65186
71 -1.84921
116 -0.195488
269 1.28491
51 -2.56887
21 -1.28865
183 0.478516
146 0.16716
357 18.3545
69 -1.49863
9 -3.1657
266 4.69662
312 3.39655
305 8.55402
262 3.47302
6 -2.23871
4 -3.58615
301 8.28464
73 -1.06348
22 -3.38504
362 16.147
306 8.01111
15 -3.78791
270 3.74561
195 0.569351
353 3.08444
344 13.3855
261 3.96066
164 0.395798
70 -1.51069
349 14.8258
52 -1.91341
252 3.29945
298 8.08347
175 0.508331
229 1.79813
206 1.63754
311 10.4214
325 11.0299
248 3.05284
73 -1.65954
7 -3.32768
170 0.453018
342 3.92856
325 10.9837
65 -2.1199
360 20.8644
107 -1.40031
207 1.36792
147 0.185059
16 -2.93246
28 -2.95155
295 7.85175
294 7.07257
16 -3.72062
174 -0.08461
79 0.134567
64 0.00115967
189 0.667419
293 7.00604
95 0.341576
267 4.79333
314 10.2951
207 0.495651
294 7.09683
96 0.0107117
69 -1.81653
175 0.531448
262 3.95242
244 3.58759
283 5.87396
170 0.453049
362 16.148
277 5.30002
305 8.27933
264 4.30264
259 2.81787
354 17.8621
346 17.2043
287 6.54623
124 -0.485283
178 0.842041
303 8.1748
280 5.40765
9 -1.54454
16 -3.42493
312 9.86749
159 0.538483
269 4.83133
222 1.62299
238 5.61397
345 13.7744
56 -2.10003
147 0.170868
204 0.976334
304 8.30252
331 10.3927
177 0.274689
284 6.22891
40 -2.76427
299 8.01486
348 14.3139
277 5.66711
336 7.49518
158 0.387817
326 10.9264
367 16.7939
209 0.711365
104 -1.25891
302 8.38284
186 0.30246
135 -0.24115
217 1.3959
300 7.87732
66 -1.96708
262 3.7818
300 8.41327
12 1.13641
297 7.37045
263 4.32846
364 27.1689
74 -2.22694
347 15.5681
166 0.483063
358 14.2509
24 -2.83961
294 7.0965
202 2.43336
121 0.0892181
24 -2.88372
86 -1.54825
311 9.16592
364 49.8673
315 2.49683
59 -2.395
346 13.9812
304 8.30261
87 -0.387383
98 -1.05257
257 4.33929
355 11.4114
300 8.40866
130 -1.45586
264 4.41653
325 11.0341
31 -2.21244
340 0.9617
341 32.3421
128 0.250702
331 11.0769
92 -0.655037
312 9.04071
32 -2.92437
153 0.361191
68 -0.1698
36 -2.88976
70 -1.61792
85 -1.534
6 -2.02254
338 12.0344
71 -1.97442
178 7.26448
359 24.7124
43 -3.06448
318 11.342
9 -3.41605
274 5.0257
258 1.19894
335 2.29916
173 0.548065
311 10.4984
84 -1.66531
319 5.51465
345 13.7778
61 -1.87188
312 10.1917
210 1.26826
359 11.8917
318 10.0476
37 -2.87551
364 29.7451
28 -2.952
363 16.2829
218 1.27281
311 2.25473
252 3.43414
111 -0.521797
307 9.86795
179 0.328201
19 -2.58181
279 5.50439
341 3.28043
48 -2.63434
83 -1.7229
268 4.90289
297 7.35553
9 -1.54563
17 -2.52835
208 1.1844
138 -0.300385
227 0.591446
330 12.2883
270 4.96228
56 -2.44352
360 20.8815
211 1.17081
346 3.39584
4 -3.05824
276 5.16629
312 9.04062
232 1.09093
258 4.07318
238 14.7869
212 1.88873
308 7.65265
245 3.27858
83 0.0248489
48 -2.24018
260 3.30859
364 42.9474
129 -0.0100403
166 0.44342
339 13.7549
334 4.25467
16 -2.80294
303 8.05814
56 -2.10111
316 10.4316
129 -0.13092
274 5.0257
118 0.0959625
299 8.19522
349 3.15585
269 4.01804
264 4.95944
354 14.0162
264 4.70404
301 7.94019
260 1.85001
292 6.76205
221 1.60695
367 10.2479
277 4.68723
93 -0.691422
147 0.184982
310 10.4275
288 6.90588
3 -3.43265
271 4.09222
296 7.28546
8 -2.14431
350 16.3386
336 11.4017
191 1.16005
164 0.395248
225 1.70416
324 10.9545
247 -0.661835
216 2.18118
48 -2.3231
357 14.0493
197 1.14592
108 0.142723
257 4.37552
306 6.85611
293 7.47147
326 11.6759
49 -1.61515
61 -2.18932
352 -5.28424
319 11.676
158 0.388046
241 2.70491
12 -3.30713
74 -1.84985
364 5.6145
338 15.3522
327 9.6015
246 1.71858
206 0.655518
349 3.14911
95 -1.62118
56 -1.57
3 -2.70877
345 13.7748
6 -2.38936
341 12.0059
177 0.476028
359 32.8904
341 3.53223
58 -0.159058
272 3.68237
232 1.03699
279 1.44934
195 0.46283
252 3.29916
323 10.8155
251 3.26588
264 4.30389
310 8.465
221 2.27113
359 12.077
352 10.8841
321 11.4628
79 -1.67859
244 3.59686
345 17.1924
278 6.11435
130 -0.804688
300 8.20486
252 3.2729
102 -1.61385
363 30.8458
84 -1.75842
304 8.30243
256 4.09912
347 15.5869
25 -3.44369
279 5.3584
186 0.761108
267 4.75308
306 6.85675
329 12.2908
118 -1.35174
300 8.40759
117 -1.07273
346 13.9623
56 -1.65397
335 12.5807
94 -0.862228
244 11.8313
241 2.49593
8 -3.70196
244 3.72481
279 5.33118
64 -0.779877
303 8.05823
178 0.84169
209 1.6479
303 8.05814
359 11.8887
290 6.91061
144 0.269699
341 3.28223
346 16.9104
56 -1.70218
288 6.64844
252 3.29907
74 -1.54471
233 0.585083
342 2.91696
310 10.4311
93 -0.686302
95 -0.253883
51 -2.51194
300 8.41519
362 16.147
340 3.86774
152 -0.0573425
75 -1.46793
358 14.183
141 0.250381
318 10.0472
36 -2.03879
322 10.2982
262 3.95612
158 0.381866
230 1.80177
72 -1.77617
335 12.5804
369 0.906555
204 0.580002
61 -2.06034
77 -2.52247
15 -3.78713
44 -2.63636
48 -0.876541
41 -2.68506
131 -1.45302
60 -2.76011
26 -2.67042
290 6.67084
33 -3.07444
219 1.46121
267 3.78198
209 0.652634
238 0.873825
30 -2.61153
320 10.3241
204 0.154907
187 1.02177
274 5.0257
22 -3.48045
81 0.0839081
5 -3.01831
305 7.8812
207 0.490082
130 -0.252106
27 -2.46371
294 7.09302
117 -1.11823
137 0.0975037
218 1.42677
254 3.38873
12 0.780405
143 0.218018
272 5.03064
311 8.61331
53 -1.84181
329 13.8785
338 11.5991
276 5.62384
345 13.7761
164 -0.432068
275 4.64917
326 12.1687
130 -0.2435
10 -2.57841
202 0.822418
93 -1.05581
153 -0.807785
212 0.47879
258 4.13037
43 -2.4369
363 10.9722
163 -1.35081
364 1.74081
238 2.81078
312 3.39539
259 4.21313
273 4.44016
158 0.388367
178 7.28189
279 1.44931
51 -2.60691
294 7.46375
320 10.3178
312 8.7312
65 -1.19736
365 8.24438
14 -3.44271
205 1.0849
104 -1.26157
320 10.0361
356 1.57153
318 10.0478
141 0.0443268
196 1.22166
296 7.32809
239 3.05553
250 2.00629
307 9.0957
282 6.07202
350 8.64856
193 0.568207
321 11.4751
360 20.8543
50 -2.02319
10 -2.83832
267 1.08279
359 12.0354
59 -2.12364
15 -3.78688
222 2.21313
33 -2.52506
344 13.2452
285 6.32559
283 5.04327
189 0.897598
331 12.5332
172 0.220139
234 1.86609
341 3.46994
306 8.9238
152 -0.0573883
362 16.1479
365 1.3952
153 -0.809067
52 -2.46826
353 1.08554
340 12.316
348 16.2295
219 2.31995
353 18.3031
17 -4.10099
347 8.63092
80 -0.928497
323 10.6817
85 -3.07856
243 2.97626
325 11.0338
190 1.12021
7 -3.77078
205 1.05266
319 11.6749
202 1.21107
105 -1.30229
358 14.8271
294 7.74164
149 0.408432
45 -2.99955
345 13.7517
99 -0.862167
205 1.45261
8 -1.61625
286 6.60156
60 -2.19062
327 11.0643
315 10.474
10 -3.86584
122 0.0681076
360 20.8766
359 36.4803
273 4.2981
306 8.23575
240 2.24147
289 7.03616
199 0.885162
214 0.76915
361 8.71432
211 2.17845
339 13.7498
341 3.53021
274 5.0256
59 -2.29751
61 -2.17094
300 8.44879
141 0.0440979
294 7.07251
344 13.1684
258 3.60535
268 4.74725
240 2.16866
133 0.448868
184 0.887573
61 -2.15572
95 -1.11349
259 2.81946
263 3.68893
295 7.53259
91 -0.242409
166 0.562561
292 6.76215
186 1.37703
235 1.01932
342 13.2666
341 3.28104
72 -0.952606
50 -2.18719
147 0.185059
249 3.42545
138 0.303604
59 -2.29015
367 10.2536
7 -2.83165
120 0.536369
125 -0.966835
58 -2.16352
359 32.2104
252 2.75797
162 0.371078
160 0.375732
123 -0.309807
80 -10.8114
223 1.42749
305 8.16898
107 -0.963654
279 5.35825
226 -0.239777
99 -0.857399
216 2.18121
275 2.12671
300 8.30927
314 10.6558
365 8.34592
185 0.934097
139 -2.00974
218 1.41457
205 1.26936
257 3.8858
60 -2.2626
77 -1.51948
363 10.9745
171 0.531097
1 -2.72786
259 4.29813
244 3.58717
148 0.0519409
303 8.39227
360 -0.387909
283 6.0571
65 -2.15338
275 5.63696
139 -0.200592
336 7.50186
369 0.907379
164 0.395203
335 2.97501
312 9.84503
28 -2.95201
15 -3.71202
300 8.65134
168 0.597992
346 12.9129
133 -0.2771
338 11.62
107 -0.523819
120 0.242706
328 2.88144
369 0.907928
297 9.25858
85 -1.68825
117 -1.26259
71 -1.97312
304 8.90939
91 -0.707909
352 14.1592
349 31.0418
25 -2.65986
289 7.01251
320 10.3183
70 -1.74382
289 6.9162
259 2.81845
6 -1.97889
297 7.37766
306 -12.6462
360 20.8816
257 3.74927
352 13.6973
220 2.3127
43 -1.68431
291 7.14755
289 7.01291
246 6.24182
351 9.90042
60 -2.19103
279 5.35822
259 3.8075
269 1.19171
358 0.182098
41 -3.18797
372 27.1549
283 5.96277
265 4.29922
259 2.81961
81 -1.63704
236 1.55779
59 -3.30247
104 -1.29202
57 -1.6336
33 -3.06764
104 -1.1244
351 27.6609
358 12.9541
348 13.5265
133 0.0844116
214 0.768982
328 3.16031
303 8.05814
366 16.9407
333 11.8931
327 11.0798
319 11.2341
271 5.14478
328 12.1149
344 14.7996
262 0.99881
35 -2.53132
207 1.75882
260 4.21817
368 1.01465
356 14.7672
177 0.561035
170 0.529922
249 2.71869
84 -1.75829
345 12.9471
337 4.97687
317 10.193
345 13.7777
306 -12.5632
273 5.28287
363 16.2802
80 -0.928482
345 15.5177
140 0.131149
133 0.16214
349 2.98462
268 0.390991
309 8.75882
255 4.23563
341 12.6828
356 16.796
4 -3.05542
321 11.4706
292 7.60492
354 18.4394
298 7.65628
192 0.918411
363 11.0398
357 18.1428
360 15.351
31 -2.77086
97 -3.72338
292 7.603
250 4.19157
366 8.53522
113 -0.823822
180 0.372192
117 -0.469162
93 -0.694183
274 5.16061
329 12.0462
287 6.54871
193 0.570023
264 0.596436
189 0.42926
167 0.546677
257 4.07922
339 13.5656
313 9.23083
364 11.5205
142 -0.227112
317 11.8949
123 -0.966599
249 1.86388
252 -0.473267
85 -1.69292
39 -5.58138
45 -1.97102
139 -0.138351
288 6.94876
273 4.47589
73 -1.77702
157 0.411545
60 -2.20533
277 3.94736
332 2.70117
299 7.87915
181 0.404724
207 1.75989
295 6.95898
185 0.933853
273 5.21497
369 29.7205
125 -1.05036
57 -2.26316
347 11.8499
107 -2.40283
91 -0.707756
148 0.37355
208 1.37309
153 -0.810547
172 0.213776
304 8.30258
205 0.485031
192 0.301941
306 -12.5191
331 10.4079
116 -0.934418
116 -0.798698
357 15.0401
271 4.78622
295 7.38547
44 -5.69738
313 2.20593
207 1.70982
357 15.0405
98 -1.20123
191 0.970261
217 1.40599
320 11.3164
77 -1.75715
264 4.30182
106 -1.25397
39 -3.09268
245 7.2636
179 0.658463
292 7.5939
250 4.38159
256 3.93634
242 2.54736
316 10.1326
193 0.718079
319 11.081
270 1.13791
6 -3.24672
62 -1.5174
309 9.12207
266 4.65054
106 -1.25491
345 13.5305
357 11.7812
309 9.35046
35 -2.76305
126 -0.0974579
357 15.0834
90 -0.999413
343 2.79904
145 0.220062
252 3.29953
4 -3.24177
106 -1.33884
85 -0.890976
284 6.15942
123 -0.430527
362 3.08929
341 3.52231
313 10.3164
289 6.33978
342 3.28659
8 -2.88482
360 0.339447
72 -3.5136
181 0.821655
326 12.8279
358 18.6666
79 -1.58752
364 2.08301
80 -1.38567
358 14.184
326 12.2662
259 3.90961
32 -2.37563
192 1.0759
322 9.74564
42 -2.76994
70 -1.91312
60 -2.27326
103 -0.412766
345 9.23203
371 9.19919
187 1.02194
336 9.80722
314 10.2937
178 7.31526
65 -0.641891
264 4.30222
232 3.20778
279 5.41052
280 6.17813
234 1.86555
357 10.4673
115 0.124641
80 -0.928368
244 3.59673
301 8.32645
292 7.24219
318 10.0485
277 3.94217
274 5.02551
251 2.83405
121 -0.699387
238 1.85278
239 1.95984
4 -3.16085
223 0.230576
363 11.0399
262 3.95673
280 5.62418
116 -0.934258
365 2.22925
68 -2.05635
268 4.50439
201 1.40363
325 10.8482
320 9.93292
299 7.55426
122 -0.903297
363 16.2801
180 0.686203
224 1.97409
116 -1.03834
74 -1.45891
15 -3.78706
97 -0.370705
334 1.26782
275 5.63663
15 -3.78724
367 16.7942
257 3.89709
164 0.046875
31 -3.2578
183 0.793381
193 0.20195
252 3.29898
357 14.7819
344 14.8044
362 3.7175
83 -1.63649
65 -0.988388
271 4.44809
26 -2.9143
276 4.76697
360 15.4164
316 6.32721
320 10.3198
60 -2.19049
265 4.375
232 3.20802
356 11.4237
300 8.04114
338 11.5133
302 8.61469
127 -0.506088
168 0.371597
354 0.848267
71 -2.45927
7 -2.97033
286 6.24197
340 15.6292
279 5.3605
77 -1.76718
269 0.333313
59 -2.31004
48 -2.63589
357 15.0381
330 12.026
84 -1.60104
367 10.2729
296 9.20987
222 1.6414
312 3.39368
299 9.41544
51 -2.59829
353 16.255
90 -0.949242
361 3.60715
364 2.56686
36 -2.50677
110 -0.839348
25 -2.00629
367 4.55038
325 11.034
223 1.62154
70 -0.85022
220 0.401016
352 1.29443
78 -1.53474
345 13.7775
180 -4.10016
105 -1.25921
100 -1.34004
364 3.0845
367 12.0199
329 12.0516
221 -2.96234
202 0.936646
92 0.0909042
324 10.9547
340 3.05856
363 10.9704
274 5.01981
355 18.7775
279 5.35818
237 6.53258
284 6.08768
258 4.6427
269 1.25708
32 -2.21797
172 0.213821
170 -0.804947
240 2.36327
247 3.8522
49 -2.72919
303 8.05823
244 11.837
290 6.19821
159 0.421509
118 -0.203644
358 8.27734
321 9.90182
277 5.30002
234 3.13097
140 0.19165
303 8.05823
84 -1.75852
279 5.35828
360 5.66095
354 11.5464
317 9.78204
277 5.41635
281 5.79068
131 -0.103256
353 9.49142
307 9.64169
248 2.58653
269 4.94876
324 10.6886
303 8.05823
72 -0.95166
88 -1.45697
261 4.4375
358 16.1382
345 16.8095
319 10.2209
300 2.84662
331 10.6801
299 9.28171
361 3.38507
244 3.59679
302 7.93048
364 1.74124
325 11.0345
52 -2.4982
234 1.80203
365 -0.985657
333 14.0223
234 1.8662
370 14.6151
329 11.3951
277 5.43942
293 7.20889
40 -2.5002
224 1.4557
148 -1.15648
356 14.6382
159 0.41748
128 0.216125
37 -2.16602
101 -0.345215
158 0.391373
63 -2.12719
325 10.7892
249 1.50246
137 -1.42877
51 -0.144344
232 1.99718
363 3.10968
64 -2.47256
293 6.5127
316 10.4316
363 27.8436
83 -1.56213
263 2.01685
324 6.1134
319 10.1951
333 12.6745
340 14.8679
5 -3.39976
278 5.42468
334 12.6951
216 2.18126
196 0.544266
85 -1.594
220 0.672943
302 7.91797
324 10.9783
331 15.6546
185 0.933945
350 14.4974
132 -0.0204773
252 -0.473541
288 5.72598
248 3.0851
360 3.03915
83 0.0240555
311 10.2505
300 8.36621
60 -2.19088
68 -0.352119
53 -2.34932
71 -1.811
357 15.0705
330 10.4062
219 0.597672
347 13.8335
163 0.512543
364 11.5231
128 0.0730896
104 -0.639923
203 0.944611
350 15.9012
279 1.44788
366 8.34021
355 10.6497
319 10.0692
102 -0.848816
200 0.378784
277 5.27084
320 10.6387
292 6.76105
115 -0.140984
170 0.332092
354 19.1231
345 9.22861
36 -2.45673
118 0.0953064
101 -1.2739
198 8.75974
356 12.4433
81 -1.77404
326 11.0639
12 -2.77054
5 -4.28659
364 29.5663
232 1.00476
8 0.57243
68 -2.02483
319 10.1017
323 10.7965
299 1.86926
325 10.9855
32 -2.15093
354 3.57693
181 0.335327
44 -2.87341
313 10.2471
294 7.71149
367 11.9992
48 -2.3137
241 1.68141
364 1.64398
246 2.79265
240 2.71869
338 11.4119
214 1.34032
270 4.13327
45 -2.18927
213 1.67299
43 -2.16506
33 -3.07071
105 -1.2468
365 2.18033
60 -2.19059
344 13.5023
271 5.14474
192 1.21631
84 -1.75805
87 -0.386925
271 4.43414
364 11.5186
140 0.295578
180 0.56604
364 51.5675
329 15.7053
289 6.9101
139 0.287949
137 0.0970917
288 5.95187
328 10.745
324 10.114
286 7.47247
13 -2.66229
72 -1.41647
247 3.85213
338 12.8149
297 7.68323
74 -1.18945
166 0.0211029
38 -2.16235
244 11.8298
206 0.943649
51 -0.144306
323 10.6842
294 7.07397
313 10.6474
367 12.0185
143 -1.17798
99 -0.861855
319 11.2339
253 3.13797
209 1.16026
270 4.96222
260 4.66632
47 -2.50441
82 -1.7636
273 4.66885
6 -2.17295
289 6.72614
349 11.2693
10 -3.86433
365 9.90948
170 0.575455
148 0.29834
320 10.3182
260 4.61832
350 13.9626
95 -1.36566
66 -1.48818
254 4.05698
75 -1.8045
326 5.65988
71 -1.026
16 -3.58789
266 1.74457
204 1.37453
123 -0.634392
117 -1.28458
294 7.68491
335 12.5804
76 0.0645294
117 -0.624931
182 0.380051
264 4.38754
85 -0.149803
258 3.45105
361 1.33984
50 -2.80527
284 6.51169
277 3.91406
88 -0.452087
206 1.23653
219 2.31136
329 10.8366
171 0.351898
342 3.01077
20 -3.0092
19 -2.09797
264 1.11438
45 -2.57185
76 -1.53913
114 -1.39655
340 7.04562
295 7.43784
218 1.49921
49 -2.6417
19 -3.43778
199 0.807526
346 16.8277
277 3.94073
357 0.131775
179 0.328979
85 -1.69357
314 10.294
331 10.4676
363 3.10907
354 17.868
241 2.48926
259 4.25134
65 -2.10946
232 2.25212
364 1.73819
317 9.78201
355 17.8118
166 0.241547
219 1.43558
303 8.05823
303 8.05807
190 0.835541
348 14.2024
354 15.9801
243 2.64789
301 8.31891
342 12.9616
253 3.14856
251 2.99431
206 1.56294
356 14.1435
30 -2.26556
7 -2.83234
147 -0.105667
39 -1.72437
336 12.5316
284 5.60712
298 7.21899
61 -2.18692
264 0.593506
178 0.840897
346 14.5858
351 16.3587
275 5.63788
287 6.54626
38 -2.01785
219 1.35765
353 16.4639
58 -1.59294
164 0.452637
328 12.3637
45 -3.00793
369 18.0176
325 10.9994
360 15.4398
250 3.68152
233 1.89354
102 -3.74329
166 0.478363
339 13.7196
302 7.93097
330 12.3724
340 2.80093
360 15.4757
16 -3.72163
50 -2.19376
363 27.8391
368 16.2988
357 38.8854
289 6.58096
265 4.46902
310 10.4277
90 -3.45153
284 6.50961
10 -3.86553
63 -1.73281
264 4.30344
232 3.20831
211 0.753189
100 -0.891373
210 0.666138
300 2.8468
359 1.73889
166 0.239548
328 12.1406
304 8.30276
22 -2.75879
276 4.88626
233 1.06483
301 7.66302
274 5.9816
96 -1.37473
244 11.8412
310 8.49677
193 0.568039
100 -1.45063
267 4.01013
258 3.85205
359 11.2982
133 -1.88266
363 10.9457
347 15.3686
110 -1.10104
275 5.63318
208 1.24957
336 3.31134
317 11.2786
262 -0.233398
318 10.0474
245 1.92061
355 11.6761
323 11.0649
299 1.86926
170 1.19101
352 4.40778
84 -1.75872
346 5.48544
129 0.205078
365 8.25146
365 8.79767
368 10.1593
319 8.86365
342 13.2828
101 -0.150482
351 18.8625
337 11.4906
150 0.902451
287 6.32065
87 -0.387383
324 10.9224
323 10.8219
286 7.42859
60 -2.26261
323 5.84668
113 -1.16797
127 -0.253204
317 9.7821
342 13.1869
82 -1.51834
89 -1.51169
272 4.6835
244 3.58759
244 3.59679
122 -0.705353
364 53.9176
284 6.53693
300 8.83289
371 45.4472
304 8.85123
260 4.72894
21 -2.79498
235 1.86259
319 12.1428
344 14.456
116 -1.28642
194 0.643234
314 10.2948
292 7.28299
336 12.3462
313 10.2035
299 7.58218
292 6.76111
90 0.0276413
299 8.0217
88 -3.63062
301 8.31805
296 7.50409
233 3.00502
203 0.873566
68 -2.11645
158 0.387527
297 7.85901
73 -3.65031
185 0.934998
316 8.98395
273 5.11465
262 3.95203
330 12.2887
97 -1.33118
287 6.28406
187 0.565445
100 -0.376778
317 9.7821
77 -1.78332
352 11.0024
153 -0.0815735
121 -0.498528
226 1.17545
275 5.43036
327 10.1809
258 4.04639
298 7.54572
95 -1.19352
216 1.43962
367 16.7946
371 18.0399
258 3.23975
355 11.7126
349 14.2433
78 -1.58097
340 14.6071
32 -1.53348
298 7.5062
303 8.05826
3 -3.83605
215 1.17476
334 11.2787
364 11.5172
58 -1.59214
300 8.39352
317 11.2789
53 -1.84199
319 10.0692
341 14.7552
204 1.03824
128 -0.113426
264 4.30295
239 2.72646
364 11.5227
270 4.8602
360 20.8777
331 15.1256
298 7.70938
364 1.73965
363 12.2692
335 14.1083
216 2.13988
127 -0.260567
341 12.3188
168 0.354294
356 27.6792
344 14.801
361 11.3013
267 4.71439
212 1.30104
287 6.54526
325 11.2614
230 1.69836
181 0.404984
287 6.38535
56 -1.637
363 10.946
316 10.432
112 -1.28634
224 2.51476
108 -0.469246
203 0.810669
214 1.56976
268 4.72791
291 7.48932
290 7.13052
360 15.4209
115 -0.601929
256 3.80823
364 49.7074
344 15.0627
222 1.62308
273 4.88239
364 11.5204
264 4.30353
96 -0.127106
348 13.4365
165 0.249115
343 9.48776
71 -1.37461
271 4.83679
350 15.8991
290 7.00375
317 10.6554
273 1.32053
315 10.3415
336 11.4265
39 -2.3017
173 0.829865
299 7.65036
341 12.4623
111 -0.83979
271 5.14496
2 -3.75804
321 11.4706
350 35.4439
321 8.92618
7 -8.27154
293 7.09552
272 4.66718
330 12.2885
280 5.81516
82 -2.02563
325 10.7927
224 1.55907
5 -1.56551
255 4.42648
184 0.889862
221 1.40712
259 1.73749
288 6.85782
279 5.10297
66 -2.01776
317 11.28
347 15.4265
238 2.80922
358 15.0378
69 -2.3465
277 -0.415894
185 0.466049
114 -1.41104
81 -1.23326
321 9.00024
278 5.35696
267 5.06668
33 -3.07364
329 10.9641
294 7.729
212 0.411789
258 4.80109
277 5.21127
201 0.889877
349 8.10556
290 6.57886
336 11.5389
150 0.892746
264 4.30209
290 6.5184
14 -3.69546
370 28.6166
78 -0.275848
168 0.563751
347 14.0661
274 5.19809
355 11.9027
137 0.10527
365 0.197998
296 7.64835
365 8.33716
77 -1.54029
253 3.36765
341 12.8315
259 1.93774
331 3.24661
134 -0.143005
291 2.37341
141 0.0439911
