208 1.94037
251 1.27242
170 0.99884
183 1.65561
183 1.51274
126 0.948395
176 1.39964
181 1.43105
109 0.602303
160 0.875015
123 0.171303
170 1.22865
39 -0.80637
161 1.10985
78 1.08689
71 0.459366
108 -0.13134
170 0.999207
167 1.23604
91 0.557266
174 1.14891
176 1.02173
177 1.21954
163 1.29289
168 1.09294
176 1.02312
89 0.285774
55 -2.15875
177 1.22276
176 1.39897
70 0.575478
176 1.39883
170 0.999161
170 1.25264
109 0.603172
198 1.44693
183 1.51109
71 0.459229
155 0.571991
90 0.562119
62 -2.03606
166 1.24803
209 1.94104
8 0.145876
170 1.22702
255 1.04921
209 1.839
23 0.131004
98 0.549294
154 1.1521
176 1.39911
170 1.22876
178 1.22856
206 1.73543
203 1.60048
181 1.43126
183 1.51038
170 0.999222
202 0.723984
183 1.274
170 0.998825
185 1.16849
179 1.20277
78 1.08709
84 0.239571
170 1.22871
96 0.898529
185 1.27885
78 1.08696
123 0.171844
178 1.28761
166 1.24797
150 0.556381
161 1.10947
177 1.22325
183 1.51253
115 0.964294
163 0.962021
179 1.20268
153 0.83754
171 1.23807
119 -0.163597
65 0.946243
166 1.24802
184 1.606
189 0.985504
33 -0.142422
69 0.462723
219 3.1322
59 0.409382
173 1.12181
119 -0.164406
24 0.122692
170 1.22626
161 0.828781
170 1.22881
100 -0.368362
202 1.61333
71 0.459343
170 0.999115
185 1.16881
367 14.8403
276 0.9534
295 1.00348
31 -1.72435
170 0.998886
251 1.28099
154 1.15186
59 0.409489
203 1.92096
181 1.43102
185 1.16879
155 0.569778
177 1.15466
300 1.02441
177 1.12511
96 0.48909
177 1.21965
276 0.952972
159 0.949432
300 1.02454
64 -0.168297
184 1.60599
115 0.169106
207 1.84669
88 0.477074
102 0.56955
189 0.84227
183 1.28979
295 0.974701
99 -0.344551
295 0.97757
295 1.00311
176 1.39003
34 0.50692
183 1.27461
294 1.02652
157 0.610123
295 1.00354
111 0.719559
164 0.871521
189 0.842529
38 -0.799004
163 0.962372
180 1.10349
179 1.09254
118 0.919922
103 0.605293
144 1.21341
170 0.999161
153 0.837234
191 1.36763
50 0.900845
190 0.859512
178 1.01256
198 1.44643
178 1.22841
201 1.56128
170 0.999084
180 1.20245
163 0.945724
161 1.10942
163 1.01607
202 1.15913
297 1.05768
129 1.02411
200 1.55629
176 1.39949
119 -0.163727
165 0.828659
176 1.18004
185 1.16228
164 1.01982
178 1.23007
276 0.953003
89 0.32325
119 0.0454178
183 1.63348
182 1.52469
39 -0.805161
206 1.73816
103 0.606651
63 0.927002
178 1.23007
219 3.13199
102 0.566711
191 0.850555
174 1.60071
202 1.61267
202 1.61339
164 1.39325
183 1.63588
187 1.47049
119 -0.16433
219 3.13202
183 1.27396
50 0.900822
22 -1.70981
192 1.55528
146 0.958481
298 1.07056
10 -1.19323
102 0.635422
143 1.061
209 1.93776
209 1.83913
240 3.6031
300 1.02417
209 1.8419
62 -2.04437
208 1.94441
150 1.14442
137 0.879471
198 1.44585
183 2.07387
164 0.871582
300 1.02448
186 1.33707
178 1.28279
182 1.09254
183 1.65649
154 1.15085
38 -0.79863
33 -0.142281
8 0.147387
210 2.18082
178 1.22864
63 0.530617
149 1.16528
178 1.2291
198 1.44606
20 -1.54141
209 1.83862
166 1.0705
96 0.899063
145 0.724762
206 1.17786
181 1.43121
176 1.02141
173 0.902176
198 1.44611
205 2.00829
210 1.83623
185 1.19716
196 1.35666
56 0.932983
202 1.58621
58 0.960018
198 1.47514
192 1.50441
200 1.54579
209 1.94099
50 0.90078
189 0.842834
255 1.00206
33 -0.142239
166 1.06792
300 1.02316
64 4.82484
183 1.27402
143 1.06097
185 1.26488
185 1.26245
143 1.06168
145 0.724777
210 2.18106
103 0.733047
145 0.724838
210 2.18127
50 0.900925
297 1.06845
182 0.890289
207 2.24287
131 0.657928
194 1.61885
166 1.24832
225 3.20859
23 0.349281
166 1.248
178 1.22861
70 0.575401
198 2.31689
65 0.938271
149 1.09276
168 1.06017
182 1.84802
63 -0.027729
212 2.72511
150 1.11107
219 3.13228
251 1.28101
63 0.961895
179 1.20378
33 -0.142273
225 3.07484
99 0.504852
74 0.193474
143 1.06097
154 1.15138
182 0.88974
10 -1.19326
163 1.01579
165 1.04033
164 0.870697
184 1.28075
206 1.73595
181 1.23849
255 1.04776
179 0.929276
206 1.17781
192 1.49472
180 0.934387
204 1.65366
193 1.51869
198 1.41878
164 1.03244
63 -0.0276222
161 1.10954
34 1.74764
157 0.614166
195 1.57907
209 1.94144
203 1.17519
10 -1.19187
129 1.02414
32 0.177696
205 2.00822
177 1.21965
207 2.24269
33 -0.142273
201 1.56174
185 1.22485
180 1.7589
193 1.46312
184 1.22932
14 -1.98918
294 1.00641
106 0.0347748
114 1.09642
153 0.846588
39 -0.805206
191 1.67697
109 0.686623
177 1.22249
67 0.544876
185 1.27509
193 1.42532
274 0.992676
211 2.73228
144 1.21288
178 1.01256
143 1.06151
94 1.1137
178 1.01256
212 2.72543
109 -0.347649
65 0.946587
300 1.02448
178 1.01276
26 0.147768
161 1.10944
192 0.962479
153 0.837921
172 0.91394
219 3.13188
180 0.97876
196 1.38342
170 1.12424
182 1.52539
255 1.00183
65 0.946442
179 0.929535
180 0.891144
153 0.84758
119 0.0454178
169 1.1066
185 1.27968
179 1.22914
181 1.43117
180 0.97876
145 0.724731
208 1.94029
193 1.46469
8 -1.38267
143 1.0614
55 -2.15975
180 1.21387
190 0.858383
63 -0.431347
166 1.24806
180 0.978653
168 0.67305
199 1.39851
102 0.742271
211 2.73306
147 0.548172
185 1.27527
185 1.28326
201 1.56326
183 1.63159
240 3.60233
185 1.24779
201 0.978378
176 1.36212
270 1.01498
100 -0.36837
69 -6.88216
207 2.2261
145 0.725128
203 1.76591
166 1.13525
7 -0.587933
21 -0.205502
208 1.94026
117 1.05452
23 0.128574
69 -6.57193
185 1.1622
146 0.959625
84 0.239494
42 0.222202
183 1.63443
219 3.13199
196 1.38347
295 1.00348
165 1.11098
103 0.605515
201 1.56357
90 0.846413
92 -0.158531
209 1.93794
197 1.46568
182 1.09641
216 2.35751
115 0.964226
183 2.07413
33 -0.142311
202 1.61456
224 3.12622
109 0.597603
167 1.10712
177 1.22321
42 0.223171
10 -1.20162
223 3.14194
120 -0.153664
31 0.114109
10 -1.19348
135 0.587051
201 1.38716
183 1.63571
299 0.976898
184 1.93097
203 1.1752
165 1.10847
164 0.993439
69 -6.5719
29 0.467394
231 0.178223
181 0.91481
178 1.23035
130 0.880661
78 1.08707
180 0.978775
148 0.563812
181 1.43112
142 1.00684
204 1.68796
123 1.12038
144 1.21312
193 1.62758
8 0.146848
165 0.944016
163 1.01591
202 1.61279
23 -3.1263
71 0.458633
276 0.953491
297 1.07938
212 2.72621
183 1.51306
207 1.82416
192 0.87207
103 0.29277
219 3.13219
183 1.3476
134 1.60464
159 0.988937
211 2.7325
206 1.73688
190 0.858704
184 1.06822
180 0.978699
177 1.21962
181 0.914749
216 2.35645
191 1.60468
184 1.22882
129 0.137848
13 -1.23411
168 1.13924
60 0.928574
101 -0.443138
170 1.08333
58 0.960079
203 1.17526
200 1.65962
160 0.875046
164 0.870911
158 0.829102
129 1.02438
177 1.22353
128 0.55307
137 0.913651
164 0.871078
65 0.94632
183 1.64424
127 0.566902
300 1.02451
204 1.64803
196 1.38351
22 -1.78543
189 0.842728
174 1.6033
150 1.11095
10 -1.19184
181 1.4312
173 1.22897
138 0.587875
181 0.884796
103 0.28981
207 1.82137
143 0.75795
217 2.92984
182 0.923203
185 1.26906
139 1.0977
162 1.63289
69 0.462723
227 3.21132
175 0.877518
33 -0.142445
55 -2.15923
206 1.73648
154 1.15091
129 0.501205
203 2.50729
198 1.44542
69 -6.56921
205 1.7222
143 1.06104
78 1.08691
189 0.83934
180 1.2139
184 1.60612
300 1.02316
170 1.22594
51 -2.10473
209 1.84216
185 1.16228
136 1.3373
185 1.06627
80 -1.46232
163 1.01602
80 -1.46291
161 1.10968
141 1.31651
186 1.56544
152 1.18932
206 2.58488
211 2.73253
305 8.33542
186 0.941406
209 1.93779
75 0.379929
129 0.499969
23 0.349007
298 1.06653
141 0.624374
34 0.506554
207 1.84351
188 1.5845
50 0.900787
196 1.35661
300 1.02441
193 1.42911
202 1.15877
206 1.87633
168 0.899551
200 0.641251
185 1.27699
8 -1.38319
251 1.28065
149 1.0896
294 1.03943
189 0.839127
193 1.62051
97 1.13166
185 1.16219
189 0.985672
206 1.73524
109 0.686607
206 1.89235
202 1.58601
50 -0.636562
248 1.19078
65 0.946175
32 -0.0444565
120 -0.153679
203 1.79716
69 0.462914
83 -0.948166
184 1.06839
82 -1.11485
69 -6.56822
202 1.60771
163 1.0162
39 -0.804932
187 1.42365
130 0.880707
207 1.82401
106 0.692169
243 1.27275
131 0.65799
202 1.15936
148 0.564621
157 0.603455
109 0.687187
35 0.0583725
229 3.29784
143 1.06
116 0.6978
144 1.21321
180 1.21281
61 0.530521
181 0.914413
147 1.15962
219 3.13199
162 1.0054
55 -2.16019
188 0.698166
166 1.24797
120 -0.153511
176 1.39401
29 -0.23708
178 1.22861
151 1.31725
32 -0.133724
209 1.83884
196 1.35664
132 0.575058
195 1.58267
69 -6.56343
74 0.434433
196 1.57947
39 -0.804523
193 1.55768
101 0.635094
163 1.39664
197 1.43602
55 -2.15942
128 0.553574
183 1.16599
199 2.35641
50 0.292217
84 0.239586
143 1.06165
13 -1.52434
100 -0.368279
146 1.15431
184 1.23093
189 0.842468
209 1.94176
205 2.00821
211 1.0952
177 1.21954
181 0.914597
124 0.915337
109 0.686874
225 3.20853
114 0.674164
178 1.22833
186 0.969498
75 -6.46738
212 2.72504
74 0.194824
228 3.20291
144 1.21312
2 -0.656477
193 1.47688
148 0.563705
187 1.52536
176 1.02144
159 0.9095
246 3.33032
184 0.949173
165 2.19763
124 0.915405
102 0.531479
196 1.39032
189 0.839233
200 2.36308
178 1.22844
189 0.985718
182 0.889755
183 0.937698
189 1.51923
151 1.22798
166 1.06947
119 -0.16436
69 -6.57451
169 0.65686
73 0.975098
182 1.24554
55 -0.315239
148 0.565491
301 0.968048
193 0.894333
50 -0.762882
181 0.914658
103 0.605171
171 1.10139
61 -2.05769
202 1.15961
33 0.226448
126 0.949425
191 1.00305
103 0.605309
129 1.02411
189 0.839279
166 1.07048
30 -1.55154
30 -0.140917
297 1.03937
66 0.969925
156 1.08769
10 -1.19197
225 3.20673
74 -1.66082
102 0.636314
148 1.15475
196 1.38345
195 0.714188
189 0.842178
179 0.929352
166 0.884888
129 1.02434
175 1.59694
183 1.19226
154 1.15121
201 1.59813
8 -1.34889
251 4.02036
31 -0.169252
149 0.697906
186 1.47997
82 -1.31128
58 -2.07662
185 1.28214
186 1.21794
143 1.06158
15 0.408817
210 2.18681
74 0.373352
55 -0.319565
83 0.390617
13 -1.23397
139 1.09749
134 0.435394
149 1.14186
276 0.953003
59 0.464729
83 0.449142
10 -1.20088
139 1.09749
185 1.16225
134 0.441696
206 1.17796
37 -3.39954
161 1.10939
161 1.10966
157 0.604218
139 1.09729
16 -3.29799
196 1.61826
166 1.07086
196 1.3564
152 0.875549
136 0.731796
185 1.16216
187 1.53183
165 1.10669
194 1.38055
81 -1.32508
79 0.931564
151 1.3269
50 0.900852
14 -1.63829
111 0.717087
31 0.111538
128 0.565201
180 0.997253
23 0.347679
189 1.56778
120 -0.153915
134 0.619354
43 0.163383
192 0.876511
151 1.40347
205 2.00826
31 0.114197
162 1.00687
189 2.06691
43 0.163315
185 1.3761
92 -0.156479
166 0.75412
186 1.56389
50 0.291336
205 2.00572
188 0.972397
193 1.42619
163 1.01593
23 -2.05138
108 1.25555
134 0.44133
72 0.465141
191 1.67595
189 1.56097
109 0.686775
35 0.205727
110 1.14364
195 1.5898
48 0.236389
189 2.10345
171 0.915054
14 -1.65746
175 1.16
268 4.78369
75 -1.56622
15 0.410338
181 1.431
152 0.553375
176 1.0224
208 1.7549
171 1.06674
192 1.57529
143 1.06055
10 -1.20081
183 1.27417
200 2.35751
181 0.914688
187 1.52551
216 2.35724
176 1.02145
41 -2.39505
183 1.27414
181 1.43123
98 0.44397
202 1.15872
208 2.59584
129 0.499161
194 1.36275
142 1.00705
202 0.724091
177 1.29427
37 0.895313
230 3.17981
298 1.02786
5 -0.35716
187 1.53398
182 0.89035
173 0.926437
124 0.915359
186 1.63115
30 -1.57873
42 0.223515
2 -0.814343
161 1.45195
129 0.500381
185 1.34036
208 2.28751
52 -0.216949
164 0.900558
102 -0.282974
207 2.23621
157 0.613235
15 -1.53234
140 1.05171
202 1.15991
200 1.85158
74 0.194168
198 1.45102
207 1.8252
13 -1.23425
201 1.56351
255 1.00179
295 1.00348
211 2.7326
50 -2.17747
15 0.409229
187 1.46141
75 -1.69964
121 0.661308
222 3.0282
185 1.89256
149 1.11124
192 1.57866
184 1.23053
181 0.883179
102 0.566559
41 -2.49758
196 1.38351
65 0.946251
171 1.00085
193 1.46396
180 0.978592
196 1.35658
300 1.00754
26 -1.34985
175 0.858459
19 -0.116758
12 -1.83187
158 0.842529
7 -4.5413
189 1.73456
42 0.223431
55 -0.769749
129 1.02415
198 1.4458
103 0.604988
161 1.10963
33 -0.142292
184 1.06825
80 -1.46284
19 -0.116568
48 0.635483
126 0.978081
61 0.509525
99 -0.34288
211 2.73232
167 1.43002
84 0.239784
13 -2.03443
210 2.18687
215 2.82431
126 0.948784
187 1.52592
115 0.964401
173 1.81453
109 0.597557
205 2.00847
69 -6.56445
143 1.06041
300 1.0246
23 0.347628
94 1.12445
176 1.38982
181 0.914734
192 0.87706
189 0.985901
220 3.07237
151 1.26311
268 4.76102
219 2.69736
301 0.974304
189 0.839249
45 -2.92916
219 3.13205
103 0.512505
8 -0.655501
106 0.0363693
192 1.54211
199 1.79494
210 2.18658
119 0.0453873
152 0.86351
206 1.82591
192 1.60541
68 0.507057
154 1.16211
184 1.06839
185 1.16225
193 1.42766
151 0.828568
151 0.828415
195 0.713715
185 1.16225
209 1.93761
69 -6.56247
101 0.409851
165 1.07625
206 1.73654
166 1.14868
225 3.20848
198 1.44629
7 -0.090889
83 0.449135
157 0.602859
183 1.51262
201 1.56322
184 1.06824
191 1.67537
111 1.12498
81 0.896057
207 1.82501
119 -0.164169
220 1.95116
125 0.501976
185 1.16888
139 1.09807
35 0.205715
162 1.00661
192 1.60823
201 1.56024
134 0.434174
166 1.24825
206 1.8045
192 1.55981
124 0.909401
70 0.97995
236 3.90977
204 2.30009
57 -0.182076
200 1.46487
106 0.691986
200 0.641052
144 1.38634
106 0.0302582
261 4.37823
100 0.534286
196 1.84677
130 0.880692
205 2.00839
196 1.56116
59 0.40926
217 2.3297
130 0.880676
152 1.18936
119 0.642426
188 1.14708
19 -0.116236
300 1.02325
202 0.723969
236 3.5793
176 1.73898
158 0.905975
98 0.549393
209 1.93779
19 -0.116751
209 1.93759
206 1.8582
181 0.914505
188 1.58698
75 -1.27609
198 1.47684
103 0.567497
27 -0.340731
191 1.53503
168 1.26884
173 1.81479
103 0.289276
31 6.57166
157 0.601959
52 -12.0919
148 0.572357
204 1.65373
179 0.891235
33 -0.142334
165 2.19731
170 1.6532
204 1.70441
196 1.56859
93 -0.111031
142 1.0079
106 0.0298767
192 0.87796
192 1.26201
12 -0.0195637
129 1.02419
189 1.73477
102 0.782616
49 0.234741
146 0.959625
50 0.291412
163 1.01598
211 2.73256
217 2.34315
176 1.02354
65 0.946327
211 3.17865
16 -1.47718
176 1.02248
206 2.00481
197 1.71646
177 1.22713
152 0.863876
63 -0.0202789
185 1.16222
43 0.164177
153 0.913773
158 0.840012
128 0.562805
176 0.919128
9 -0.210188
97 0.555405
109 0.686188
196 1.35658
151 0.828491
193 1.42905
198 1.44638
161 1.46584
39 -2.77081
219 3.13217
178 1.46503
184 1.23024
119 0.976433
91 -0.830063
178 1.17413
196 1.84679
5 -0.139584
234 3.68692
106 0.0307465
189 1.5219
20 -1.81733
194 1.569
206 2.49646
180 0.978668
239 3.55771
123 1.12037
14 -1.6572
240 3.60329
119 0.914986
75 0.407921
31 0.112198
100 -0.368301
70 -0.0174561
189 1.05257
219 3.13211
186 1.51546
5 -0.0560737
295 1.00262
229 3.65002
42 0.223515
149 1.11118
180 1.10416
89 0.323402
208 0.892868
189 0.838882
196 1.38335
212 2.726
55 -0.318699
206 1.17793
103 0.676842
217 2.49831
146 0.960052
165 0.821213
174 1.26169
151 1.12022
126 0.949936
202 1.15974
171 1.64203
174 1.0799
246 3.97723
189 0.84227
229 3.65057
205 2.24797
85 0.353142
151 1.16333
65 0.946312
205 2.00755
152 1.14439
152 0.86441
125 0.503258
81 0.896172
206 1.73972
115 0.964302
63 -2.11167
5 -0.568787
53 -0.426975
161 1.46626
103 0.289864
180 1.20216
25 -0.0861797
203 1.17522
50 0.900017
222 2.95255
188 1.14729
176 1.39214
209 2.17793
15 0.410028
186 1.54053
166 0.754166
60 0.197975
120 0.600845
129 1.02425
196 1.38345
121 0.984169
17 -0.287823
90 0.561966
188 1.25005
98 -0.428955
168 1.40466
181 1.4312
61 0.479748
8 -1.34906
45 -2.16311
45 -2.16358
164 0.871063
167 1.41217
176 1.40262
25 -0.0866318
184 1.06828
76 0.349731
157 0.60289
152 0.863571
22 0.461294
91 -0.375
196 1.35658
135 1.05066
170 1.22804
45 0.250362
23 0.131073
176 1.35915
167 1.4106
42 -2.27874
69 -6.56224
196 1.38339
202 1.60793
211 3.17856
228 3.67999
139 1.0972
144 1.40755
96 0.27375
37 0.894737
179 0.928864
133 1.03894
164 1.59598
142 1.00739
245 1.2693
193 1.42749
163 1.40334
23 -3.10481
161 1.35989
119 0.915131
192 1.55638
252 4.56119
191 1.55547
22 -0.469007
18 -1.12083
180 0.97879
157 0.613907
218 -2.35535
198 0.902802
206 2.61841
244 1.22684
161 1.47559
85 0.353149
188 1.14661
191 1.57063
186 1.62347
172 1.24718
228 3.17575
166 0.754166
115 0.964355
188 1.14635
59 0.409527
35 0.205692
236 3.57674
196 1.3835
34 -2.7946
45 -2.10035
208 2.27763
80 -1.46713
164 0.665924
2 -0.814958
208 1.94022
81 -1.31355
196 1.38339
189 0.839096
168 0.672882
109 0.595993
201 0.978561
148 1.10654
63 -0.02705
102 -0.779083
119 0.976524
106 0.0350571
100 -0.368225
71 0.458534
37 0.895748
196 1.38345
319 10.4884
201 1.69412
79 0.93103
192 0.878067
38 0.843845
198 1.10431
191 1.67625
74 0.335342
191 0.833633
111 0.71711
45 -2.16351
250 4.00345
101 0.937599
276 0.952911
102 0.781792
196 1.38348
201 1.77795
222 3.16182
236 3.57416
183 1.27423
184 1.06827
11 -0.517607
157 0.602951
104 0.416504
111 0.716652
140 1.02365
196 1.40692
250 4.40184
188 1.14635
149 1.07568
128 0.554367
76 0.353577
7 -4.54455
103 0.606766
199 2.33391
80 -1.30553
193 1.46609
33 -0.142239
166 1.24812
206 2.20247
189 0.985565
213 1.77226
46 -2.71255
188 1.35173
149 1.08611
203 1.17514
196 1.38324
189 1.35452
188 1.23001
13 -0.579892
171 1.62692
23 0.348978
122 0.677208
53 4.0025
121 0.983849
15 0.410195
196 1.94257
119 0.045372
102 -0.780609
34 -2.77042
146 1.06433
193 1.07037
160 0.953629
202 1.15904
182 0.957657
192 2.05428
39 -2.85868
191 1.52866
179 0.929199
198 0.902847
151 0.82843
72 0.468506
163 1.43733
86 1.11348
130 0.880646
164 1.39284
111 0.718132
201 1.56055
180 0.885544
249 1.13718
83 0.391205
132 0.294739
196 1.38347
206 2.20093
180 1.2021
211 3.17813
167 0.898453
16 -3.29891
193 1.46298
260 1.42303
119 0.976418
186 0.719894
23 0.347961
163 0.856369
123 0.176872
142 1.00693
161 1.47446
180 1.21365
173 1.23117
208 1.76476
126 0.977928
189 0.842438
219 3.13199
187 1.3804
75 -1.1714
196 1.84616
225 3.10448
162 0.871719
89 -1.12537
80 0.286613
2 0.358101
209 1.84035
119 0.915054
191 1.67601
16 -3.29811
174 1.60335
197 1.70323
13 -0.415535
211 2.73271
119 -0.164223
60 -1.1852
191 0.833893
252 4.5685
69 -6.56541
166 1.12125
199 2.35658
26 0.158581
184 1.06842
129 0.197906
184 1.0681
32 0.0966797
172 1.23988
191 1.67616
191 1.67671
48 0.217117
42 0.223587
129 0.223114
3 -2.83402
222 3.16234
190 1.46368
2 -0.807234
31 -0.215637
106 0.0298004
255 4.90431
55 -0.801334
109 0.597778
73 0.410378
199 0.670853
192 0.878006
117 0.684425
188 0.820099
144 1.21344
206 1.31337
188 1.14719
276 0.953033
130 0.88063
78 1.08688
255 4.90442
8 -0.655657
152 0.864151
16 -3.29803
207 2.2429
193 1.36856
196 1.38339
48 0.634399
196 1.3835
198 1.45107
187 1.52568
91 0.322777
7 -0.588528
300 1.02438
193 1.42757
49 -0.594418
8 -0.654902
96 1.14521
75 -0.82328
101 0.936012
23 -0.666328
85 -1.27065
178 1.29202
59 -1.00848
170 1.22749
193 1.47668
49 -0.575672
193 1.42804
2 0.173563
122 0.677849
149 1.17548
187 1.3723
166 1.13419
187 1.29166
161 1.46539
174 0.933365
196 1.38342
205 1.78818
198 1.44687
157 0.602753
22 0.460825
209 2.09193
75 -1.38019
115 0.964249
74 0.195442
207 2.2428
31 0.127769
158 0.891647
210 2.18562
119 0.977783
31 0.111773
123 0.465988
148 1.1239
37 0.894943
100 0.741272
152 0.863663
208 1.94424
260 1.03601
79 0.931007
115 0.855759
189 0.78598
19 -0.116091
161 1.35651
189 1.39198
203 1.17636
193 1.57027
198 1.45096
171 1.23544
142 0.586105
221 2.38109
196 1.94595
192 1.61522
62 0.34103
165 1.54437
191 1.67696
297 1.03946
206 1.73845
176 1.28589
152 1.18927
192 1.61397
208 1.94026
179 0.929688
191 1.68311
191 0.834061
179 0.929581
204 2.47923
208 2.72691
139 1.09752
249 4.48972
152 0.875168
188 1.14629
233 3.45503
31 0.461128
209 1.8419
198 0.591965
6 -0.114567
13 -0.414342
35 0.0334091
260 1.03137
13 0.436268
21 0.127409
19 -0.116804
101 0.937584
265 0.910217
166 1.4565
145 0.939941
189 1.91646
78 1.08703
138 1.10994
171 0.656403
177 1.22467
119 0.0454788
165 0.675354
130 0.880539
161 1.47333
126 0.978111
201 0.97876
191 1.67688
95 -0.162254
196 1.35652
190 1.4577
200 2.42062
130 0.880615
161 1.47182
190 1.48875
170 1.22833
129 0.281586
373 46.0609
252 4.57159
5 -0.195468
222 3.16235
161 1.10986
245 3.3799
57 -2.32801
142 0.590729
179 0.891479
202 1.6084
173 1.81534
178 1.79993
180 1.21283
174 1.25798
206 2.2005
5 -0.457128
198 1.44609
143 0.767593
183 1.27417
189 0.842178
252 4.57143
191 0.833908
137 0.820389
145 0.940536
152 1.18938
170 0.859589
228 3.67332
211 2.76482
196 1.38344
60 -0.648258
157 0.602783
156 0.983948
205 1.79601
164 1.04347
151 0.8284
62 -0.813915
246 4.14561
102 -0.780212
209 1.84204
145 0.72464
10 -1.19168
119 -0.163765
204 1.44722
205 1.6982
161 1.34258
177 1.22752
163 0.999634
66 0.877838
101 0.935814
15 0.409005
126 0.949615
125 0.501907
26 0.158609
195 0.714706
205 1.75258
146 0.961227
183 1.80545
225 3.20863
101 0.937828
102 0.635353
179 0.874802
106 0.0341492
202 1.15935
163 1.43745
101 0.93708
48 0.259026
208 1.77266
138 1.06519
102 0.635254
189 0.985428
153 0.837448
10 -0.531408
242 3.99248
103 0.289574
150 1.11107
79 0.932098
179 0.929489
24 0.122944
116 0.457153
5 -0.196787
154 1.0833
102 -0.783463
219 2.33252
196 1.69554
95 -0.446732
260 4.45245
93 1.10098
189 1.47504
33 -0.142338
189 1.44019
142 1.00688
81 1.01918
198 1.41951
23 0.347582
183 1.27417
196 1.93901
192 1.54793
247 3.37062
152 0.8638
126 0.976776
103 0.289642
179 0.978241
162 0.666107
203 1.68114
192 1.60297
206 2.49709
209 1.83871
211 2.73265
91 1.13539
80 1.03819
126 0.978394
137 0.576111
205 2.2491
157 1.08838
138 0.559967
88 0.477112
50 0.291069
187 1.42729
208 2.27753
12 -0.00154877
80 -1.46619
165 0.917038
163 0.963409
81 0.895935
142 1.00786
252 4.5715
211 3.17857
37 -2.44738
5 -0.138439
189 0.786072
196 2.29951
83 1.09502
198 1.44627
163 0.945572
121 0.661728
73 0.942535
163 1.43774
196 1.3835
91 1.09124
103 0.717659
171 1.12823
227 3.12436
189 1.597
191 2.3526
130 0.880554
16 -0.135513
183 1.40886
133 0.903351
65 0.946381
191 1.67708
190 1.43846
191 1.67999
97 1.09196
254 4.71185
170 1.25481
202 1.15994
249 4.4886
217 2.87309
175 0.954987
114 0.856232
198 1.45102
19 2.00417
152 0.72229
191 1.52081
159 0.651596
152 0.864288
221 2.30687
139 1.0975
188 1.62161
196 1.46118
84 0.240234
210 1.6841
187 1.40697
260 1.42307
62 -0.427551
198 1.44554
196 1.84685
246 4.18822
212 1.89076
236 3.57431
149 1.11057
222 3.16156
201 2.60426
187 1.84387
90 1.13654
171 1.23656
8 -0.65585
122 0.671928
180 1.21355
192 1.53914
206 2.20148
49 0.234245
174 1.12741
122 0.629944
33 -3.12475
119 0.0452805
119 0.976471
177 0.86525
249 3.82504
123 1.12039
175 1.2021
201 0.978256
247 3.37064
153 0.837891
189 0.786041
286 0.902222
205 2.59259
209 2.41753
139 1.04655
16 -0.135979
19 -0.116013
168 0.908661
58 0.824879
163 1.39838
152 0.864334
126 0.977043
179 1.26573
178 1.29201
148 1.1685
31 0.111696
112 0.909393
130 0.88063
191 0.834
240 3.60249
196 1.3566
68 -2.12006
44 0.347927
212 2.72568
74 0.947723
119 0.976578
108 -0.204391
177 1.22391
131 0.889282
189 1.3978
225 3.19034
176 1.80043
5 -0.196968
211 2.73277
188 1.96788
156 0.762833
246 4.18826
239 4.24266
198 1.44562
276 0.953461
154 1.15103
245 4.14778
8 -0.655799
202 1.15985
50 -0.182014
15 0.410296
145 1.34515
13 -1.5324
80 -1.46652
22 -1.07914
207 1.57094
189 1.5923
161 1.34195
284 7.06409
80 -0.803406
211 3.17801
122 0.154373
119 0.0453186
229 3.65077
162 1.44641
119 0.976456
167 1.40785
73 0.410591
249 3.44022
176 1.0217
219 3.13193
194 2.10344
192 1.56454
130 0.511505
196 1.64252
8 -1.38274
192 2.06541
286 6.62332
109 0.984367
192 1.5564
189 1.64046
15 0.409005
177 1.21964
179 1.52182
205 2.00847
190 1.41325
232 3.23796
205 1.77692
82 0.367149
75 1.04057
5 -0.196046
249 4.4892
163 1.31281
187 1.96309
227 2.76089
102 0.716797
206 2.20155
252 4.57146
100 1.07765
126 0.977127
144 0.608963
15 0.40908
143 1.20448
165 2.19765
134 0.440414
178 1.28908
35 0.0911255
252 4.56914
43 -2.21901
174 1.77483
245 3.98012
191 1.51566
176 1.02281
81 0.895744
24 0.122824
83 0.390984
201 1.70638
161 1.25255
29 -1.52701
124 0.909218
47 -0.150997
202 2.24834
246 4.17067
5 -0.138701
24 -2.41327
129 1.02408
103 1.19267
126 0.978035
252 4.56903
161 1.45097
8 0.381777
206 2.49814
7 -4.54518
119 0.0454025
202 0.723953
255 1.00169
260 1.4321
165 1.40376
166 1.24808
85 0.297585
174 1.58885
255 4.90482
126 1.08282
187 1.38831
32 -0.224377
191 1.57153
201 2.59239
196 1.38347
206 2.20131
74 0.346573
119 0.976471
189 1.9505
19 -0.115484
161 1.29471
32 0.0564346
201 1.5612
208 2.72632
207 2.24236
121 1.04213
198 0.902588
183 1.27434
33 -0.14225
210 0.932159
88 -0.52211
319 0.7099
23 -1.14793
154 1.10789
164 0.839706
152 1.48894
243 4.30241
137 0.819214
80 0.92617
128 1.07433
8 -0.655836
29 -2.97887
188 1.59543
300 1.02332
256 1.2851
186 1.32573
181 1.20096
176 0.888626
171 1.6398
166 1.50894
198 1.41113
165 0.676712
205 1.72485
102 0.782547
168 0.67308
187 2.36412
198 1.81787
122 0.809113
193 1.47543
31 0.114182
45 -2.42321
196 1.94244
187 1.39857
177 1.22374
189 1.7361
167 1.40469
195 1.67996
161 1.91391
5 -0.568733
48 0.236744
219 2.3334
102 0.782578
190 0.859055
102 0.782692
5 -0.483905
252 4.92686
235 3.84804
16 -1.6735
74 0.346603
8 -0.655633
101 0.936592
237 4.27205
225 3.20799
8 -1.38278
119 0.914421
157 0.603043
73 0.410355
180 1.21268
240 3.60332
188 1.96782
137 0.706787
71 0.18988
373 46.0835
30 -3.27666
130 0.880524
48 0.236771
16 -3.29928
81 0.895905
134 0.276184
183 1.82747
209 2.18295
250 4.40939
200 1.50836
26 0.158634
229 3.13849
177 1.78236
83 0.449203
155 0.572067
243 1.29173
246 4.17105
146 0.959656
70 0.216087
189 1.95146
209 2.18323
250 4.40697
162 1.00534
180 1.20201
76 0.365532
210 2.1869
201 1.7767
44 0.0783539
189 1.7372
161 1.45589
43 0.16473
166 1.453
161 1.1098
221 3.08934
184 1.0685
158 0.685883
252 4.38864
165 2.19778
157 0.591354
19 -0.11602
125 0.833252
24 0.120392
147 1.1396
163 1.4373
254 4.71169
119 0.976662
92 1.10918
137 0.589325
122 0.679977
161 1.11017
166 0.984695
202 1.77451
188 1.14743
15 -0.225262
167 1.47807
196 1.3566
245 4.22205
6 -0.117557
237 3.8264
220 2.28668
196 1.84602
188 1.14639
54 0.119465
206 1.73706
255 4.90462
80 -1.46272
242 4.16614
198 1.45096
218 2.70461
165 2.19768
163 1.6098
19 -1.05264
27 -3.0668
176 1.0217
147 1.13239
5 -0.138844
22 0.407387
203 2.54935
174 1.00078
178 1.28676
34 0.0429306
186 1.28056
28 -0.265665
182 1.51976
189 1.36461
166 1.57916
121 0.750092
79 1.05135
178 1.2867
164 0.871109
160 0.648712
129 1.02415
246 3.33789
183 2.07356
57 0.496468
162 1.44525
166 1.4458
190 1.46118
251 3.92682
134 0.997833
3 -0.0281582
196 1.35677
189 1.94972
83 0.391006
140 1.30753
249 3.81793
142 1.00717
188 1.61682
177 0.946762
229 3.65022
152 0.864716
31 0.18342
124 0.915405
125 0.503418
8 -0.551141
205 2.00826
208 2.16786
81 1.03848
102 0.635239
42 -0.920044
234 3.58447
207 2.22618
191 0.968964
12 -0.574449
81 0.895973
177 0.969925
243 4.13048
50 0.900135
211 3.1787
189 0.985519
115 1.08633
319 0.709076
78 1.01055
12 -0.00174713
152 1.14969
244 4.18198
191 1.67584
129 0.84436
46 0.0504417
188 1.89053
252 4.92674
124 0.979042
237 4.27415
6 -0.124585
74 0.345467
260 4.21906
203 1.62315
104 -0.586227
168 1.45641
204 1.66548
5 -0.13865
243 4.13095
103 0.289635
254 4.71097
123 1.12049
15 -1.53245
115 1.04939
212 2.74113
161 1.49504
129 0.685455
10 -1.19348
256 1.28516
101 0.936935
57 -0.835262
163 1.43747
149 0.8078
209 2.66147
242 4.09758
18 -0.0484886
87 0.416496
101 0.937004
80 -1.46162
163 1.43808
238 3.41194
162 0.681122
205 2.24925
190 1.90872
59 0.322884
191 1.68463
179 1.82133
15 -1.49373
128 0.562729
188 0.698486
166 1.06895
102 0.579262
208 2.26979
199 1.95726
156 1.16557
73 -1.41853
152 1.17743
221 3.11241
8 -0.655853
106 0.691902
101 0.936974
30 -0.191814
8 -0.654907
136 -0.0696106
137 0.81929
85 0.35305
189 1.73589
230 3.17969
164 1.42674
184 0.944092
5 -0.200737
74 0.345604
171 1.0338
54 0.250237
67 0.782188
245 3.98508
244 1.25797
125 0.598656
6 -0.739884
171 0.905441
276 0.953278
71 -1.81877
176 1.0231
33 -2.87953
129 1.02415
35 0.205536
24 -2.43798
128 0.464401
246 4.14523
173 1.71231
240 3.60326
199 2.05823
10 -1.20082
148 0.563904
207 2.24289
100 1.14616
139 1.09726
167 1.60387
179 1.28885
164 1.1739
198 1.82982
99 1.0183
161 1.91402
206 2.49672
81 0.896034
190 0.858459
43 -2.22152
100 0.741135
173 1.23224
19 -1.05585
209 2.18318
25 -1.91771
245 3.99281
37 0.0901718
166 1.49025
171 1.54405
187 1.36603
206 1.73526
181 1.22551
196 1.38353
57 -2.325
101 0.937607
80 -1.46662
19 -0.116638
229 3.86507
295 1.00351
198 1.4769
199 2.05138
237 4.27335
145 0.940079
154 1.1521
245 4.01402
26 0.101444
162 1.51634
130 0.768051
149 1.10938
319 0.70993
126 0.949928
269 4.88705
170 1.25475
245 4.21155
11 -0.536784
105 1.00535
27 -0.549313
152 0.863541
34 -1.65652
183 1.81717
109 0.59687
80 -1.46255
166 1.57411
161 0.881943
234 3.28317
13 -0.414304
250 4.44623
247 3.37035
194 2.40666
7 -0.588277
63 0.533085
190 0.858215
199 0.671112
157 1.12709
8 -0.654943
246 3.33812
18 -0.585558
101 0.93689
118 0.920456
200 2.46571
171 0.921951
69 0.147858
203 1.68523
245 4.0248
85 0.353203
33 0.0329781
166 1.24792
29 -0.469343
183 2.07315
63 1.00146
115 0.964249
42 0.153328
209 2.18066
236 3.57326
71 0.459457
200 1.20462
128 0.614655
12 -0.00145817
246 4.18834
45 -0.262482
114 1.10522
163 1.43694
109 0.601799
128 0.83931
240 3.38852
161 1.1098
178 1.28708
164 1.42685
8 -0.655087
197 2.79338
173 1.70619
71 0.459312
165 2.1981
191 2.35367
163 0.963409
30 -3.02521
206 2.49826
170 1.24701
195 1.61281
28 0.116716
373 46.667
94 1.08087
134 0.43396
150 1.11069
210 2.18677
69 -6.56221
12 -0.0013113
103 0.289368
162 1.51617
96 1.08194
204 2.56123
245 3.99413
202 0.723816
191 0.833969
160 0.874954
69 -6.56429
102 0.781815
176 1.02196
212 2.72609
241 3.44472
35 0.205944
8 -0.549675
216 2.35716
145 0.94014
123 0.172241
78 1.08691
207 2.24294
248 4.23959
209 2.18372
241 3.96895
129 0.541061
74 0.34507
55 -2.15945
12 -0.00131798
189 1.95036
6 -0.113052
137 0.801743
175 1.68097
191 0.962936
191 2.35222
166 1.24797
209 2.18257
122 0.678894
23 -1.14953
205 2.24797
76 0.365234
74 0.383644
23 -0.0717506
102 0.807579
119 0.0454559
218 2.70461
245 4.23051
202 1.60887
28 -3.20534
24 -2.41133
246 4.14513
119 0.977455
188 0.698074
206 1.73656
183 1.27202
164 1.42682
172 1.1552
5 -0.197953
102 0.783279
240 3.60229
199 2.30603
103 0.656181
208 2.1685
173 1.69632
166 1.33759
261 4.54742
188 1.89452
164 1.37723
138 0.803162
189 0.839233
209 1.01991
222 3.16159
156 1.16071
122 0.677719
205 2.24916
172 1.15193
138 0.805084
217 2.79599
224 -8.42424
3 -0.188007
185 1.80797
100 0.684875
245 4.15047
197 2.27357
196 1.3567
243 4.11015
131 0.657913
189 1.94728
166 1.24788
115 1.07943
160 0.874939
246 4.17072
66 0.445801
179 1.26573
110 1.08475
161 1.40958
207 2.57622
87 1.0965
161 1.91402
207 2.24278
13 -1.36825
174 1.5694
198 2.29298
6 -0.129579
58 -17.3491
44 -2.19355
248 4.20702
249 3.80418
174 1.56889
22 -1.08036
137 0.801895
104 0.822289
136 1.13211
240 3.60327
113 0.33744
76 0.375313
249 4.33684
28 -3.8224
2 -0.0493603
123 0.172401
174 1.00607
81 1.00774
15 0.409041
240 3.6024
67 0.783936
189 2.05374
198 1.81256
240 3.60349
139 0.699707
143 1.06177
164 1.42691
42 0.168892
11 -0.390983
171 1.62596
208 2.16827
246 4.17101
168 1.5784
129 0.541336
218 2.70461
186 0.950119
282 1.15762
242 4.14182
205 2.24794
177 1.21953
46 0.0517311
219 3.13216
249 4.33679
163 1.43742
110 1.09128
33 0.694828
88 -0.472252
369 48.0374
176 0.956268
115 0.964317
242 4.05763
185 1.81111
246 3.33797
9 -1.30543
125 1.09793
152 0.849777
195 0.714127
251 4.01685
266 4.48022
179 1.15274
240 3.6024
33 0.0852661
205 2.24794
26 -0.313545
5 -0.340309
167 1.28181
174 1.60147
12 -0.00131702
43 0.166271
126 1.13676
31 -0.00156212
128 0.604904
18 -2.37798
165 1.5791
243 3.60524
80 -1.46197
209 1.02274
166 1.59012
255 4.90454
152 0.863144
85 1.18575
186 1.97372
253 4.29897
221 2.28561
136 0.452911
109 0.601738
202 1.77417
152 0.863617
58 0.887936
242 3.59323
130 0.511627
166 1.44965
62 -2.036
43 0.164131
254 4.75777
159 0.94986
273 1.17581
189 1.94885
165 2.19757
129 0.51857
128 0.464508
24 -2.41151
130 0.8806
130 0.941162
99 0.639664
178 1.2413
128 0.996658
22 -0.300798
29 -3.04967
128 0.470932
246 3.98055
5 -0.133451
72 -1.42767
236 3.57477
201 1.56052
16 -3.29914
126 0.976913
249 4.48833
113 0.703819
230 3.61382
178 1.81255
101 0.937439
28 0.5427
247 3.42497
214 1.28072
177 1.89485
205 2.24886
8 -0.65515
106 -0.233086
213 1.7729
209 2.29544
181 1.82051
26 -0.359507
76 0.36573
200 1.11241
24 -2.43767
19 -0.269741
183 0.912949
137 0.821152
171 1.62592
77 1.03619
191 2.35262
196 1.60661
80 -1.46224
69 -6.56843
164 0.859909
198 1.78889
106 0.0307388
152 0.87384
152 0.863327
81 0.93988
178 1.17415
72 0.553474
119 0.976715
205 2.00827
106 1.04683
205 2.00812
241 3.62823
166 1.36354
19 -0.116228
169 1.49107
165 2.19745
196 1.38335
201 2.25429
189 1.73654
252 4.67395
24 -2.41967
113 0.707451
199 1.75603
19 -1.67766
208 1.94426
196 1.95662
79 1.01005
209 2.29575
208 2.70399
6 -0.113458
115 0.964233
239 3.55772
119 0.978088
218 2.70461
122 0.720139
298 1.06647
125 1.01028
162 1.51645
43 0.162918
6 -3.58104
203 1.67607
37 0.120602
189 0.838898
206 1.17781
253 4.63846
73 0.498695
203 1.14734
95 1.06189
16 -0.135214
129 0.541855
239 4.02734
219 3.13184
161 1.70398
129 0.540894
165 2.19766
170 1.01083
234 3.28043
174 1.59264
187 1.83966
26 -2.81689
101 0.936981
170 1.49814
122 0.644524
188 1.96735
199 2.11247
165 1.67094
16 -3.29795
165 1.36324
100 0.562462
112 1.13168
123 1.12033
187 1.81598
166 1.06718
67 0.929871
80 0.286606
221 3.14799
189 1.7296
135 1.17325
7 -0.959999
80 -1.46202
107 1.14532
163 0.824875
23 -1.15045
291 1.26636
55 0.202183
152 0.865219
130 0.880753
65 0.512627
241 4.25461
118 0.772301
260 1.03165
201 2.70235
74 0.346603
210 2.74219
129 1.02406
185 1.82999
253 4.63902
165 1.65533
170 1.44943
188 2.11919
211 3.17871
32 -0.0398674
176 1.70711
193 1.42909
246 3.33792
96 1.07149
172 1.00813
13 -0.415783
59 -0.638191
12 -0.0014534
123 1.12016
227 2.52321
123 1.02402
114 0.781448
186 1.5773
102 0.781479
123 1.12002
173 1.52698
58 0.869106
136 0.710571
246 4.17108
263 5.09726
73 0.360764
5 -0.357306
255 1.00197
166 1.58054
103 0.511826
130 0.393417
190 1.90515
201 1.56227
84 0.240204
178 1.28577
131 0.891724
146 0.516678
55 -7.99587
168 1.57547
67 0.903366
209 1.56207
250 4.40965
3 -0.598944
16 -3.29934
208 1.95877
134 0.954895
218 2.9317
222 2.24896
206 2.4539
209 2.29564
152 0.864349
17 -0.00835228
155 1.32817
241 3.44577
191 2.08479
187 1.82556
97 0.553024
164 1.42627
36 0.187134
164 1.23729
102 0.635239
67 0.937714
196 1.84625
48 0.236698
26 -0.881012
203 1.50536
15 -1.27696
54 0.766758
132 0.972687
101 0.936821
249 4.48907
166 0.971252
58 0.821789
246 4.2104
253 4.07977
246 3.7515
103 0.511307
116 0.616074
15 -1.25743
246 4.18837
66 0.447983
284 0.900909
146 1.21452
186 1.38202
372 14.2361
174 1.69199
229 3.4863
178 1.27986
51 0.89114
169 1.57509
209 1.94116
125 1.04881
102 1.20007
83 0.38887
220 2.19084
200 1.67867
165 2.19745
128 0.468887
194 2.10516
43 0.16441
186 1.84581
16 -3.29902
145 0.60556
300 1.0246
107 1.14226
123 0.172218
104 0.945602
55 0.392883
115 0.964233
205 2.2478
170 1.44302
254 4.65166
69 -1.95197
268 4.79755
178 1.2916
175 1.6217
238 3.41145
119 0.976494
182 0.953934
81 0.89621
115 0.964325
240 3.60233
189 0.967178
86 1.05767
173 1.71519
77 1.03189
25 0.22089
189 0.985489
253 4.65858
123 1.11993
136 0.652527
138 0.579865
132 1.03615
63 -9.49419
246 4.18817
8 -0.654845
207 2.60925
104 0.607941
129 0.987762
216 2.62241
219 1.85928
234 1.2659
246 4.1452
189 1.70117
137 0.799911
116 0.979645
199 2.10478
168 1.61638
152 0.863571
209 1.50168
40 -0.233467
215 2.58612
243 4.20209
195 1.59694
174 1.60246
163 1.01596
217 2.79704
181 1.47058
250 3.91856
235 3.67029
164 1.4257
164 1.5891
118 0.943695
249 4.48859
201 1.51959
217 2.33267
109 1.13714
206 1.55566
62 -22.7879
373 46.6707
76 0.365685
225 3.20854
128 0.468033
282 1.15817
125 0.504059
202 0.723511
174 1.60713
76 -1.31396
149 1.08401
10 -1.20054
373 46.6595
115 0.964279
166 1.60468
174 1.52423
162 0.621719
35 0.178867
20 -0.602898
261 4.54797
77 1.25184
245 3.97391
24 -2.4367
146 1.30704
83 1.00913
188 1.90016
244 3.26254
126 0.977936
108 0.73407
173 1.69284
57 -2.32706
19 -0.116587
118 0.958328
25 0.0970573
107 1.14549
202 1.6084
185 1.82784
205 2.24892
243 4.13777
47 0.120815
30 -0.227797
9 -1.7485
130 1.04137
76 0.365898
179 1.28857
87 1.06628
123 1.12002
159 0.949539
132 1.03632
176 1.78534
101 0.936897
189 1.73572
169 1.5742
187 1.27065
13 -0.38936
217 2.79733
218 2.70461
194 2.29784
251 4.60384
11 -16.3109
78 1.08697
106 0.69252
140 -2.6785
115 0.964241
81 0.895943
118 0.747841
240 3.60237
238 3.41035
243 4.11191
254 4.71257
204 2.66905
5 -0.198006
6 -0.130538
28 -0.293318
101 0.937828
103 1.02491
34 0.634644
196 1.38341
45 0.666798
210 6.44991
190 1.46332
48 -0.62056
165 2.19777
201 1.53122
95 1.1076
227 3.22343
165 2.19725
5 -0.215603
31 0.194439
10 -0.531804
101 0.937691
245 3.98076
246 4.14537
5 -0.456773
78 1.08695
198 1.44539
204 2.15813
369 48.0403
14 -1.65745
24 -2.43514
144 1.06583
169 0.643372
185 2.03772
28 -0.206667
189 1.99049
24 -2.44048
140 0.606094
66 0.919235
126 0.977959
203 1.50583
244 4.14371
165 1.27049
252 4.56877
149 1.0816
16 -3.30121
109 0.601669
126 0.976906
61 0.881721
199 1.74191
80 1.03067
183 2.07338
216 2.59808
15 -1.5903
83 0.389
154 1.25468
238 4.22459
2 -0.754035
243 4.13293
50 0.900455
184 2.1275
88 1.09357
103 0.732956
1 -0.569441
246 4.18796
129 0.54126
101 0.766006
105 0.980843
164 0.687561
189 1.73717
245 4.02467
186 1.34607
81 0.895927
217 2.79564
45 1.63646
163 0.73494
14 -3.32906
216 2.99931
103 0.733002
219 0.747162
142 1.00682
165 2.1976
276 0.965302
127 1.02457
176 1.80258
198 1.41902
190 0.858414
61 1.19573
180 1.01938
130 0.8806
205 1.49875
170 1.51756
344 14.356
206 2.49818
50 -2.6388
32 -2.90962
104 0.944206
45 0.0192451
56 0.280052
146 0.954788
59 -8.87652
210 2.60666
196 1.38339
247 4.29124
69 -6.56386
251 4.40912
31 0.114029
24 -2.41174
118 0.716263
194 1.71472
218 2.46213
118 0.748543
78 1.00951
59 0.892128
7 -0.991807
182 1.37207
25 -0.0428905
140 1.31587
10 -0.53186
16 0.428684
138 1.15831
251 1.16772
12 -0.00166225
97 1.18183
180 0.990723
173 1.16408
145 1.34447
201 1.56003
73 0.541634
92 1.15943
149 1.38841
54 0.250149
161 1.11012
152 1.18951
216 2.64243
250 4.35327
21 -1.49092
230 3.37321
373 45.4902
58 0.605904
170 1.65482
199 2.14359
10 -1.19968
65 0.603111
140 1.31725
200 2.16328
127 0.806717
206 1.31284
154 1.53659
181 1.21315
118 0.871651
101 1.12125
170 1.22571
230 3.17992
286 6.62415
207 2.22523
113 1.08611
137 1.18771
195 0.714111
368 29.6397
16 -3.29779
164 1.42641
101 0.559441
204 2.57141
149 1.08244
110 0.597664
252 4.56847
166 1.57228
55 0.247864
142 1.00784
180 1.50845
212 1.55312
240 4.21297
99 0.911461
175 1.18066
193 1.52873
103 0.51165
125 0.7631
260 1.03452
220 2.08003
198 1.44632
126 0.978065
110 1.09872
141 0.920853
96 0.49025
251 4.4102
207 1.54852
243 4.13155
245 3.98187
189 1.89827
2 -0.656418
128 0.469452
249 4.33652
198 1.48637
116 1.09197
13 -0.41452
134 1.1579
22 -1.08071
5 -0.457035
130 1.07816
43 0.0923653
209 2.29482
70 0.51178
159 0.949295
111 0.71682
242 3.56902
170 1.25163
102 0.635094
207 1.47023
158 0.5746
55 0.202114
200 2.1384
5 -0.0974884
5 -0.197534
45 0.203835
118 0.871246
163 1.71619
142 1.00668
96 0.778786
247 4.03639
80 0.407196
164 1.42583
144 0.909531
229 3.106
182 0.890289
153 0.837265
15 0.408397
174 1.55209
56 0.488853
146 0.952713
21 -1.03026
12 -0.00132561
154 1.15149
165 1.57664
4 -1.19829
55 0.20224
192 1.99855
68 0.420609
196 1.61916
37 0.558681
141 0.5672
239 3.43219
19 -0.116697
57 4.17479
169 0.623215
0 -0.244822
76 0.368538
8 -0.887486
28 -1.2628
144 1.06622
1 0.741951
172 1.01399
230 3.23442
165 1.38808
28 0.54269
254 4.713
60 0.0712967
125 0.503326
145 0.940521
174 1.60106
118 0.958061
227 3.22253
119 0.0452957
369 48.0448
129 1.3275
220 1.83972
208 2.72717
31 -2.64927
165 1.67087
79 -1.54949
146 1.30698
244 4.15746
196 1.38347
154 1.15092
128 0.468384
168 1.44766
42 -0.00967407
174 0.949188
202 1.60866
231 3.53065
226 2.67879
22 -1.08128
43 0.155998
58 0.812466
48 0.89043
23 -1.14993
49 -0.163246
25 -0.992397
144 0.62146
162 1.53949
8 -0.872707
249 4.48836
109 0.687218
140 1.31618
103 0.656433
76 1.01386
15 0.410218
119 0.0453644
34 0.634777
217 2.79573
164 1.42609
191 2.29517
246 4.14531
252 4.92664
216 2.52924
125 0.948334
13 -1.17772
29 -0.192713
165 1.26616
177 1.61926
81 0.763412
373 46.1952
43 1.45296
242 3.85194
200 1.42712
193 1.91432
109 0.597496
146 0.952805
73 0.424133
152 1.27066
142 1.00783
252 4.92673
121 0.762276
210 1.66486
21 -0.843239
238 0.754044
10 -0.53182
44 0.0552826
201 2.40787
214 4.14883
153 1.15494
246 4.14565
189 1.86502
180 1.2157
7 -0.587553
248 4.2278
42 8.79825
198 1.44711
13 -0.414172
196 1.38339
37 0.0648651
160 0.611893
260 1.42303
126 0.976959
138 0.598404
152 1.18935
281 5.72937
228 3.31238
2 -0.242185
109 1.07529
147 0.88298
182 1.52812
205 2.24872
47 0.0244446
66 0.900085
178 1.8269
208 2.72734
174 1.60109
43 -0.384693
25 -0.992296
166 1.06876
1 0.603203
40 0.203098
368 28.4791
158 0.567673
149 1.09151
196 1.35681
45 0.213165
166 1.24789
198 1.44601
246 4.2258
0 -0.220829
50 0.857952
233 3.29395
213 0.631943
163 1.437
166 1.57169
138 1.17284
130 0.880707
159 1.41513
208 2.46307
129 0.817856
228 2.94609
150 1.11916
12 -0.00156021
102 -0.77951
189 2.22702
250 4.0383
109 1.07047
198 1.44614
198 1.4469
119 0.0453796
165 2.19821
88 -0.942986
50 0.0525436
13 -1.19414
212 2.72658
7 -4.54559
11 -2.37785
84 0.643822
99 1.01698
238 0.753372
227 3.06415
196 1.63344
255 1.00197
8 -0.872841
149 1.0871
195 2.15872
75 -1.13337
284 7.06354
15 0.409032
140 1.30496
2 -0.656228
215 -7.60181
135 1.14877
42 0.223385
205 2.24825
146 0.953232
117 1.05095
139 1.01587
102 0.741013
172 1.44199
58 0.812706
60 0.335686
184 1.8347
145 0.72464
118 0.871765
251 4.18793
175 1.76051
203 1.00111
128 0.46431
162 1.40785
96 1.03012
367 14.8395
11 -0.12727
204 2.32596
163 1.4377
10 -1.19381
173 1.23128
94 1.13497
2 -0.656324
254 4.71214
53 0.956234
166 1.47316
250 3.78625
70 0.575455
220 1.98393
154 1.31686
369 48.0414
101 0.740181
245 3.98044
46 0.330383
226 0.668472
26 -1.28469
109 0.686775
109 0.686501
41 0.689938
103 0.777573
167 1.58607
103 0.888229
132 1.0372
12 -0.00147343
75 -1.11742
183 1.22601
165 2.19731
128 0.46991
243 4.13251
5 -0.645401
171 1.01192
74 0.43428
111 1.08945
134 1.129
251 4.15619
22 -1.08062
207 2.56583
149 0.924805
255 4.91933
149 0.782822
236 3.31908
248 4.21992
149 1.07588
81 -1.48902
159 0.949432
158 1.61504
147 1.08557
8 -0.887518
146 1.30611
222 2.83746
243 4.27979
41 0.636864
52 0.0808105
236 3.37614
188 2.22931
227 2.46918
19 -0.116888
117 0.935226
119 0.976707
256 4.66599
182 0.890045
8 -0.887816
252 4.38531
261 1.29431
152 0.863861
12 -0.00145817
170 1.25471
19 -0.859501
369 48.0334
65 0.602768
19 -0.116228
202 1.58763
150 1.36348
278 6.25977
198 1.89
247 4.17329
169 1.24777
163 1.43832
87 0.553551
159 0.625809
253 4.29735
34 0.507191
238 3.41278
251 4.15671
243 4.09641
115 0.964401
196 1.8096
239 3.41663
59 -2.04346
206 1.54861
44 -2.20857
23 0.347878
196 1.93907
214 1.74518
108 0.511978
145 1.09929
170 1.47267
48 0.236691
196 1.94603
84 0.643265
123 0.866447
110 0.557281
2 -0.216846
173 1.22536
238 3.41216
139 0.493423
14 -2.63993
140 0.525604
116 0.895966
67 0.749161
69 0.78389
149 1.10333
158 1.01889
47 3.09791
71 0.459579
373 46.8139
164 1.37758
51 0.834995
134 0.357483
11 -0.39071
61 0.91547
186 2.16991
198 1.74347
125 0.979553
58 0.812836
195 2.06163
188 2.34393
92 1.06004
247 4.17314
81 0.763489
24 -1.28103
141 1.03944
125 0.504509
188 1.14676
189 0.98558
12 -0.00150299
204 2.3398
37 0.558636
157 0.603134
80 -1.46217
22 -1.0804
367 51.1324
117 0.794617
188 2.01282
176 0.955429
70 0.575378
184 1.06844
227 3.22296
58 0.812229
142 1.54359
249 4.48886
36 0.172421
167 1.31044
199 2.1346
172 0.951965
139 -0.924576
64 0.312897
179 1.79321
182 0.960114
176 2.60258
102 0.74118
226 2.80215
124 0.915321
245 3.97098
55 0.853592
146 0.952377
125 1.00987
130 0.839676
188 1.14735
271 4.82666
58 0.806095
146 1.30608
373 46.2016
142 1.00699
208 2.72725
373 46.1704
5 -0.645484
132 1.03716
238 0.749542
137 0.967926
161 1.50908
136 0.796555
373 45.9869
172 0.975067
176 1.16196
162 1.43463
265 5.5397
164 1.42645
146 1.30716
141 1.00128
169 1.25827
69 -6.56281
59 0.924454
174 1.65088
96 0.89933
190 0.859436
87 0.552887
118 0.958458
62 0.873714
84 0.742188
80 2.00958
53 0.207935
204 2.34683
72 0.575676
15 0.410125
204 2.13533
146 0.767471
99 0.910187
42 -0.0278664
36 0.44561
166 1.43689
206 1.31224
93 0.967834
137 0.589417
41 -3.30714
98 1.09592
25 -0.991266
202 0.991974
228 3.24774
47 0.0686264
149 1.20096
183 1.11398
247 3.66739
84 0.673286
174 1.60406
189 0.839066
208 2.34532
179 1.59663
238 3.41199
19 -0.116344
193 2.1212
205 2.00813
138 1.19649
162 1.51627
135 0.271454
125 0.93779
210 2.40579
165 2.19742
148 1.29314
273 5.23627
72 -7.54546
23 -1.148
153 0.840317
204 1.86417
15 0.410356
212 1.90375
214 2.15788
15 0.410272
31 -0.0223389
157 1.38957
184 1.42328
120 0.781563
240 1.29285
198 1.74301
65 0.602676
36 0.558502
237 3.52989
79 0.766724
148 0.845444
145 0.585297
141 1.14326
152 0.993668
214 1.20358
92 -0.0343323
210 1.49867
175 1.67039
58 0.812717
12 -0.0014534
55 0.22868
109 0.686333
142 1.00783
203 1.00107
162 1.51637
203 1.46745
101 -0.646523
19 -0.12546
170 1.65585
88 0.230736
127 1.02457
265 4.66898
115 0.964302
161 1.91399
161 1.70316
189 1.73553
250 3.99391
130 0.880402
162 1.43359
132 0.744873
247 4.20224
195 2.11586
58 0.824959
57 0.759914
45 5.65231
83 0.388763
124 0.90937
193 2.12122
198 2.63457
109 1.01357
95 0.815613
93 0.512512
12 -0.00225639
43 0.156185
278 6.26321
34 0.506546
117 0.935226
217 2.31139
13 -0.15583
19 -1.70712
115 0.964203
238 3.40698
119 0.920357
128 0.464447
135 1.18941
244 4.15317
142 1.00761
76 0.35218
23 -1.14965
8 -0.87255
50 0.900291
41 0.638187
55 0.493542
103 1.06094
245 3.98051
148 0.51001
45 0.0135803
180 1.21294
146 0.952805
40 0.640385
103 0.289238
129 0.600922
12 -0.00161076
32 0.0452881
71 0.511864
33 0.102283
246 4.18829
28 0.539141
38 0.474663
35 0.788521
18 0.0132675
161 1.70372
206 2.49826
180 0.844818
245 3.99411
195 2.142
171 1.55898
12 -0.0016737
125 0.50161
189 1.73604
33 -0.0519753
34 0.634418
114 1.03325
43 -0.0487442
96 0.45121
10 -0.532218
82 0.98452
57 -2.32734
13 -0.414927
180 1.23932
144 0.749893
246 4.22243
222 2.24892
198 2.25798
238 3.40454
278 1.37869
142 1.0076
25 0.0920372
20 0.377514
214 2.89378
246 4.54951
106 0.692123
134 0.435165
10 -1.1921
238 3.41249
210 2.81419
15 0.409972
220 2.29335
27 -2.67267
130 0.971451
167 1.40503
32 -0.134956
221 2.41879
137 0.801956
131 1.03146
56 0.93499
188 2.11911
186 0.735214
117 0.93528
22 -1.08094
158 0.476227
108 0.746147
81 0.763596
88 0.297325
144 1.21335
101 0.765846
53 0.642693
62 0.854485
50 0.900585
97 0.730659
15 -0.106728
27 0.0289669
118 0.920212
41 0.795113
18 -0.718796
148 0.987885
176 1.02328
205 2.23816
230 3.17149
53 0.195362
248 4.17255
107 1.14437
178 1.29187
100 0.732162
103 0.714844
0 0.376983
83 0.743156
7 -0.989969
106 0.0315018
192 0.990936
69 0.522087
239 0.782761
282 5.93961
29 -2.88432
137 1.01297
114 0.818115
224 2.45197
227 3.22321
267 4.47852
36 0.17281
134 0.404205
83 0.449226
71 0.460205
259 3.92169
146 0.952667
246 4.18858
269 4.61981
102 0.679016
99 1.08807
243 1.29199
230 3.17967
245 3.66833
128 0.62822
118 0.981659
12 -0.00163555
50 0.389278
4 0.0548673
236 3.57344
204 0.980423
159 0.620605
124 0.909286
27 0.00885391
140 1.3183
168 1.25249
31 0.113514
46 0.330669
174 1.60352
119 0.527214
117 0.595795
170 1.55011
42 0.387794
96 0.451546
161 1.21449
157 1.1221
41 -0.488052
283 6.67383
176 1.68619
83 0.388832
253 4.29865
238 0.753204
29 0.339191
103 0.511276
146 1.13324
202 0.856018
206 1.73698
11 -0.790171
195 0.714066
342 0.40451
21 -0.710352
50 0.887711
207 2.24339
16 -0.67716
15 -0.467066
161 1.34172
81 0.989815
142 1.04073
125 0.727379
137 0.798782
173 1.02365
75 1.02588
125 0.758522
33 0.655735
209 1.02054
30 -0.140944
196 1.93054
117 1.08244
96 0.451447
196 1.38339
226 -1.29947
49 0.94561
64 -1.83505
241 4.23651
183 2.07344
115 0.694244
73 0.543915
271 4.80618
81 0.763649
41 0.288025
138 0.803574
246 4.18857
188 2.11903
8 -0.88729
56 0.834625
28 0.542137
18 0.422337
250 4.23174
23 -1.14792
162 1.51642
184 0.964539
55 0.201454
209 2.75539
99 1.09713
87 0.553642
282 1.15802
171 1.04471
186 1.51828
82 0.74073
39 0.1436
260 1.03491
158 1.07315
140 1.31744
217 2.79726
87 0.825836
46 0.0511932
192 2.1925
23 -0.49762
56 0.181187
143 0.940292
66 0.705925
178 1.8808
239 0.781845
176 1.57263
46 -0.472141
103 0.732971
90 1.11394
59 0.610138
193 2.13155
66 0.288925
101 1.08257
229 3.11766
351 15.2883
230 3.17953
167 1.40901
27 -0.309204
31 -0.0501347
171 1.16016
58 0.812618
17 -0.420778
10 -0.500248
159 1.66341
237 3.85143
101 0.936096
124 0.915359
233 3.41145
247 4.05104
204 2.55072
186 0.963852
189 1.73567
253 4.11826
342 0.403259
29 0.570919
117 0.935196
246 4.14526
104 0.631081
253 4.65878
178 1.2316
180 1.7919
10 -1.20076
65 0.602226
210 2.8139
162 1.51633
160 0.64447
334 13.3632
121 1.02445
238 3.40787
62 0.495445
37 0.783485
118 0.737091
65 0.930885
107 1.14449
46 0.325077
194 1.6277
223 2.62111
240 3.79665
125 0.590637
118 0.923294
58 0.812347
2 -0.809619
163 1.43736
219 1.81334
163 1.39706
141 1.25697
40 0.640522
100 -0.722946
219 0.295837
34 0.50626
103 0.293358
55 0.201214
249 4.35114
266 4.33124
68 0.431396
28 -0.206432
109 0.686417
132 0.840637
107 0.706566
93 -1.01783
196 2.3461
163 0.328049
44 0.0904045
27 -0.25507
159 1.00044
166 1.52228
201 2.29201
229 -0.850372
259 4.21033
199 2.18971
38 0.47467
140 1.30847
159 1.64973
29 0.527861
241 3.44562
112 1.13988
246 4.17064
163 0.978714
266 4.28333
28 -0.208021
53 0.642826
237 3.72202
163 1.4377
142 1.57704
141 1.19786
132 0.594055
166 1.69887
50 0.291538
189 0.786072
99 0.917534
75 0.407959
28 0.539373
29 0.527843
28 -0.206268
175 1.04697
39 0.777832
246 4.14508
264 4.44601
197 2.16063
15 0.409001
228 1.49553
81 0.763557
78 -1.4045
188 2.11909
188 2.11926
80 0.572525
243 4.13121
189 1.7365
58 0.824867
248 3.9527
217 2.79668
29 -0.222681
139 1.18335
203 1.00101
20 -0.484566
162 1.53882
37 0.558483
38 0.860149
145 1.4465
118 0.943329
208 2.15392
18 -0.492428
222 2.45973
140 1.31624
251 4.02013
65 0.946495
218 2.36424
25 -0.991259
28 0.542889
251 4.06299
228 3.16048
106 0.657753
79 0.321388
151 1.06377
272 4.77121
176 1.0024
369 48.0416
73 0.340759
116 0.807198
105 0.690483
137 0.842133
195 2.14502
26 7.56753
29 0.38785
34 0.506966
238 0.753845
48 11.5991
214 1.74905
173 1.01738
165 1.34775
48 0.634335
118 0.873543
205 2.00809
278 5.60339
118 0.958504
236 3.73634
204 2.54842
162 1.54341
207 1.17387
137 1.20651
96 0.903458
220 1.94083
107 1.14523
111 0.796928
13 -0.414145
24 -1.39254
161 1.33809
165 2.1974
20 0.0997162
123 1.05078
46 0.13559
86 1.03568
254 4.71053
159 0.949951
19 -0.380236
245 3.98773
164 1.39256
177 1.12469
166 1.29214
211 3.1781
16 -0.0152559
125 0.50341
148 1.17326
131 1.04436
218 2.70441
42 -0.0278931
37 0.558666
25 0.426567
133 1.15341
128 0.465393
148 0.870773
121 1.09454
28 0.259357
369 48.0462
206 1.23076
5 -3.48726
150 0.792694
136 0.857056
31 -0.171585
166 1.19537
129 0.5289
161 1.34213
147 1.08031
260 4.54092
132 0.734802
59 -1.58427
73 0.343887
238 3.41269
164 1.38237
115 0.964317
129 1.06027
176 1.02255
241 4.15643
139 1.16945
246 1.29002
125 0.503181
200 2.24748
96 0.74839
202 0.724609
6 -0.745699
200 2.20102
36 0.172855
148 1.2317
117 0.681404
163 1.4384
251 4.1467
356 13.1582
367 14.8403
18 -1.47295
24 -0.484058
18 -0.570299
24 0.421696
77 1.82555
40 -1.54126
16 -0.908916
192 2.01901
304 8.28036
187 2.20177
202 2.28229
29 -0.236393
35 -2.37283
267 4.29755
102 0.740639
73 0.424469
186 1.98242
141 1.22643
19 -0.197231
178 1.28816
57 0.545422
35 0.370037
145 0.850708
75 -3.20929
36 0.174099
208 2.72704
129 0.520401
57 0.509644
140 1.31509
62 -2.03646
149 1.09636
208 2.40918
101 -0.681107
217 2.27403
210 0.932159
103 0.511169
81 0.895782
156 1.0235
149 1.07578
177 1.4726
138 1.03108
112 1.05665
140 -2.67929
49 0.974709
162 1.53961
198 1.99039
23 -0.797815
202 0.723938
162 1.00668
189 1.73582
65 0.601372
372 14.6876
185 2.07576
46 0.331116
144 1.12239
47 0.117207
204 2.36795
209 2.40721
246 4.23529
121 1.07952
206 2.49828
91 0.818558
8 -2.38159
74 0.373512
147 0.660004
36 0.172802
130 0.880753
177 1.14705
158 1.51395
137 1.16814
155 1.36374
207 2.59828
120 0.800476
28 0.642883
246 3.3374
36 0.547634
166 1.38597
225 2.74248
140 1.31645
114 0.783134
129 0.520538
356 13.1645
219 0.330933
33 -0.142338
118 0.920357
13 -1.00475
65 0.896011
117 0.569839
21 -0.99332
368 28.9871
162 1.51608
191 2.3466
79 0.932137
113 1.21867
4 -0.19739
145 0.597168
20 -0.474277
134 0.931244
85 0.612572
27 -0.341455
71 0.534225
79 1.04218
206 1.73604
179 1.58531
232 3.1658
75 0.38726
80 0.448051
8 -0.88767
159 1.24934
89 1.11994
122 0.678223
196 2.19083
150 1.34558
151 0.828506
84 0.644363
27 0.34297
237 3.69171
31 0.387686
147 1.28224
100 0.741425
2 -0.219751
158 0.569656
208 2.27896
102 0.78112
222 3.16266
210 1.54007
54 0.250179
121 0.985138
193 2.12138
151 1.05861
54 0.250317
65 0.687927
162 1.53914
136 1.12663
188 2.3755
129 1.052
204 2.34572
136 0.526611
42 -0.0280228
180 2.0466
240 4.05573
50 -0.32737
260 1.03549
304 8.27588
186 0.730209
80 -1.46146
36 -2.8714
173 1.23141
173 1.81433
49 0.72509
249 3.68462
171 1.00714
203 1.00114
207 2.60802
88 0.22374
188 2.33873
52 0.0694427
149 1.07487
160 1.51303
8 -0.885873
161 1.70338
13 -0.685781
188 2.37579
190 0.858215
146 0.960114
280 0.93866
195 2.59972
115 0.96431
267 4.58365
193 2.12126
209 2.41827
212 1.59579
11 -0.718829
180 1.16206
230 3.17979
80 0.546494
34 0.634697
207 2.60757
124 0.915352
246 4.18826
54 0.250023
183 1.51279
213 1.58951
118 0.958176
246 4.14531
74 0.434189
137 0.801971
219 2.33348
58 0.824993
133 0.142303
117 0.935287
330 3.0072
126 0.068573
144 1.06505
56 0.796467
10 -0.291762
303 0.631622
116 0.633644
36 0.547379
281 5.93466
71 0.698929
188 2.11919
109 0.686722
369 48.0462
42 -0.00956726
163 1.43796
207 2.24348
106 0.692291
193 2.12137
130 0.972046
232 3.49597
178 1.57144
126 0.978645
208 2.72659
12 -0.00122929
129 0.520432
369 48.0472
15 -0.840386
114 0.670464
50 0.828659
214 -1.81552
21 -0.610756
65 0.602219
122 1.07893
85 0.484245
166 1.38281
207 2.57602
255 4.90433
140 1.31728
65 0.598236
24 -2.43986
81 0.763634
124 0.909393
45 0.790081
142 0.835739
136 0.865417
188 2.11902
150 1.1107
373 46.083
114 0.62159
154 1.3082
18 -1.55224
44 -1.30201
207 2.6093
303 0.631592
149 0.858444
373 46.0909
2 -0.560737
196 2.32048
129 0.520584
150 1.03607
177 1.76619
61 0.469666
18 0.353653
202 1.79263
8 -0.886968
129 1.01501
71 0.459732
174 1.79214
136 1.21422
121 1.15402
28 0.502888
50 0.834866
222 2.60002
229 3.65027
373 46.8339
135 1.11475
47 0.636326
249 4.23775
222 3.16161
55 -0.688751
71 0.28656
124 0.909813
46 0.331448
163 1.01598
164 0.87146
29 0.527725
10 -0.306842
156 1.06596
238 3.41154
166 1.3015
129 0.801498
54 0.165794
41 0.637512
113 0.530731
217 2.35117
22 0.461044
160 1.5146
45 -1.47337
177 1.58556
136 1.0278
169 1.50117
159 0.949905
5 -0.197057
204 2.54352
164 1.38022
34 0.632393
48 0.236576
247 3.79842
162 1.51622
126 0.982513
129 1.05225
164 1.42596
147 0.859482
37 0.895477
148 0.582993
102 0.635223
96 0.917778
164 1.3145
88 0.476768
43 -1.78465
249 4.26489
116 0.982353
28 -0.311899
74 0.195892
131 1.01013
184 2.50571
34 0.634651
167 1.20546
223 -6.54132
195 2.11093
192 0.990906
230 2.16078
162 1.26624
112 0.73423
143 0.508987
31 -0.0378914
65 0.602615
54 0.250252
157 0.602295
252 4.27301
246 4.22925
65 0.946587
222 2.57588
23 -1.14983
63 0.579266
101 0.740166
185 2.06018
78 -1.36578
166 1.46483
44 0.0903702
153 0.846558
8 -2.59003
204 2.22293
109 0.686378
60 4.23673
189 2.22594
38 0.472099
129 0.524902
193 2.12132
188 1.98523
30 0.559389
70 0.717865
255 4.15503
8 -0.888782
36 0.274097
42 -0.00957489
189 2.22655
214 2.87576
53 0.61351
233 3.31212
209 2.29555
157 1.14439
188 2.37561
19 -1.10709
144 1.06509
133 1.02951
268 4.79315
159 1.01376
60 0.86763
101 0.954285
65 0.602386
188 2.1192
216 1.7962
136 0.867645
129 0.835815
159 0.949814
12 -0.00146484
31 -0.038044
71 0.699471
233 3.27701
88 0.476654
10 -1.19352
153 1.11877
98 0.61129
129 1.06064
16 -0.012578
67 0.679153
125 0.998466
71 0.459679
188 2.11913
124 0.915405
266 1.22202
24 0.0922508
134 0.798798
41 -0.0595093
100 0.512589
342 0.403534
111 0.790092
134 0.435425
89 0.490196
91 0.767647
99 0.91227
33 0.732704
150 1.56607
206 0.749359
148 1.20175
170 1.4727
85 0.796822
85 0.79702
254 4.25554
161 1.91377
173 1.23279
81 0.763641
193 2.12135
174 1.54285
46 0.135902
38 0.475346
162 1.53902
74 0.233322
10 -0.484409
234 0.563248
162 1.53882
160 0.874878
193 2.02072
229 2.24934
22 -0.583424
24 0.122562
118 0.878876
119 0.976471
116 0.953453
116 0.612839
184 0.959549
166 1.26131
139 0.801132
170 1.51326
191 0.833679
203 1.17511
172 1.39139
203 1.17517
137 0.793686
97 1.09143
13 -0.414761
71 0.194252
17 -0.884125
143 1.04114
41 0.635406
1 -3.90344
133 1.05756
65 0.602699
133 0.539093
193 2.53036
38 0.474636
36 0.641521
207 2.60916
212 1.89299
56 0.489204
149 0.89975
85 0.61702
304 8.27673
134 0.442154
29 0.527903
88 0.477455
37 0.450531
356 13.1634
54 0.249844
25 -0.507969
161 1.70337
146 1.30602
103 0.930313
77 0.622826
118 0.920029
54 0.250156
191 2.35223
42 0.761127
70 0.575317
172 1.56863
54 0.249943
135 1.19043
41 0.0929718
147 0.922836
29 0.527788
74 0.227737
114 1.06203
46 0.592285
46 0.330509
122 0.747139
242 3.57196
95 0.814987
98 0.682335
80 -1.33701
95 0.814705
202 2.39076
251 4.02016
199 2.52011
41 0.638042
235 3.57993
13 -0.768848
131 1.03368
65 -2.22816
32 0.441525
35 0.5434
162 1.53911
206 2.23163
29 0.244368
251 4.60461
98 0.664993
135 1.12447
238 4.2236
118 0.919983
149 1.07578
27 -2.97504
240 3.60236
158 1.51369
46 0.648167
165 1.58868
209 1.839
217 2.38275
98 0.572815
261 4.39694
112 0.746407
133 1.06796
29 -0.195236
223 2.39098
118 0.919777
193 0.894226
244 4.30791
103 0.293076
7 -0.588065
85 0.79631
79 0.932175
162 1.09798
105 0.704727
138 0.965302
138 0.63652
35 -1.48853
28 0.542658
122 1.03388
22 0.0388527
189 2.22707
183 1.77667
142 1.54318
75 0.805122
130 0.983337
207 2.60913
191 2.10258
188 2.11926
186 1.9398
182 1.08871
222 1.8369
75 0.917976
111 0.716614
31 -0.17252
137 0.853149
16 0.0223484
158 1.18469
225 3.20853
132 1.03581
118 0.919724
15 -0.562796
3 -0.181404
135 0.592377
264 5.16818
98 0.478523
44 0.0881691
166 1.51048
232 3.42114
85 0.503403
161 0.874512
29 0.391949
200 2.32814
41 0.862549
145 1.34473
34 0.392094
182 2.21667
356 13.1657
122 1.10046
117 0.930733
181 2.20992
87 0.496803
46 0.135666
54 0.249973
63 0.899937
283 6.23624
121 0.985947
234 3.44061
212 1.95178
210 2.18111
212 1.74948
264 4.44098
210 1.40698
66 0.544563
48 0.216583
90 1.07975
13 -0.702608
174 1.59212
90 0.267105
111 0.783424
99 0.912239
252 4.26636
141 1.11786
189 2.22635
2 -1.15795
221 2.44257
140 1.30647
101 0.922333
179 1.28802
303 8.18399
204 3.4751
67 -2.2123
180 1.21352
327 0.11319
68 0.420708
137 0.798843
276 1.19537
248 4.53096
0 -0.201183
128 0.467987
9 -0.463582
117 0.570061
178 1.57452
118 0.920807
179 2.40511
66 0.705032
237 3.63657
368 28.7981
70 0.216408
14 -0.852925
253 4.22797
161 1.27348
107 1.14532
203 1.7056
127 0.76297
247 3.80885
221 2.46034
203 1.1774
163 1.39752
41 -0.075386
121 0.104317
161 1.91393
126 0.976982
38 0.472233
152 0.959503
159 1.16759
117 0.935043
258 4.40042
144 1.06139
103 0.605522
80 0.286621
141 0.904755
180 2.18694
115 0.881958
236 3.76663
25 -0.326061
243 4.13145
255 4.1525
175 1.8528
289 5.59872
208 1.26361
45 0.380482
182 2.22754
13 -0.413917
238 3.45877
118 0.958397
149 0.897522
192 2.17149
10 -1.20162
65 0.602516
27 -0.580261
265 5.51825
149 1.07587
140 1.31647
121 0.985542
22 -0.486328
200 2.60524
161 1.46478
208 2.14444
161 1.96983
67 0.715225
199 2.1006
100 0.562698
71 0.781631
3 -0.188007
157 1.48201
221 2.44043
11 -2.81803
135 0.403168
145 0.601486
188 2.11942
289 6.54626
229 3.6499
31 0.111662
193 2.13533
145 1.44939
103 0.950706
182 2.30597
52 0.59137
154 0.99472
160 1.19078
73 0.497833
166 1.51239
253 4.71277
46 0.88765
240 3.56256
162 1.53917
130 1.03848
34 0.506855
249 4.20883
258 4.07098
118 0.547752
188 2.11923
7 -4.54473
88 0.477119
50 0.571114
80 0.731598
314 3.4537
210 2.18642
162 1.00697
221 1.85669
188 2.11952
29 -0.236603
282 5.62393
23 -0.353371
140 1.31735
31 -0.0378895
83 0.709503
45 0.22065
144 1.06825
214 1.2178
220 2.19286
269 2.76901
159 1.32178
246 4.17136
219 2.50108
2 -0.216294
135 1.1342
144 1.2133
70 0.171722
202 1.24712
34 0.506973
166 1.53552
279 0.988342
106 0.692017
369 48.2001
223 2.12875
53 0.642227
204 2.52432
228 3.2341
227 2.37418
65 0.709076
208 2.32709
5 -1.51505
373 46.8136
137 0.933929
82 0.31086
82 0.309303
73 0.804611
121 0.983719
126 0.680138
129 0.995697
142 1.00691
356 13.1637
170 0.998169
11 -0.513914
99 0.915955
282 5.23141
69 0.362404
132 1.03586
252 4.57152
34 0.506969
269 4.88672
191 1.3098
124 0.909348
8 -0.655013
255 4.90462
117 0.569962
150 1.1492
162 1.51611
126 0.671852
207 1.17387
130 0.753845
206 1.23305
13 -0.930572
212 1.57993
56 0.282803
155 0.570816
192 2.17131
264 1.22937
34 0.506374
109 0.686394
192 0.990906
124 0.965378
124 0.91539
238 3.6452
165 0.692245
179 1.75748
49 1.07442
22 0.0798531
176 6.35838
50 0.407562
150 0.924896
188 2.11934
7 -0.47614
87 1.06561
133 0.752899
153 0.913544
178 1.96304
158 1.20261
25 0.271906
235 3.5253
116 0.883865
209 1.9375
116 0.785797
128 0.46814
204 2.48204
243 1.22076
174 0.746262
164 1.27031
135 0.85144
135 0.869019
7 -0.594351
189 1.30511
151 1.3206
25 -3.00023
274 5.43207
147 0.844055
172 1.23854
54 0.494774
119 0.045311
22 -1.08043
15 -0.912334
188 2.11894
121 0.661781
255 4.90465
23 -0.493595
238 3.4679
106 0.54213
65 0.602333
149 0.866516
203 1.17526
46 0.770672
28 0.542759
79 0.322456
120 0.757477
63 0.57214
90 0.267319
217 2.36079
71 0.461983
122 0.811218
4 -1.19679
164 1.31067
13 -0.162868
15 -0.633031
235 3.70651
263 4.33127
216 1.49881
85 -1.05611
118 0.737617
99 0.659828
327 0.113159
148 1.15784
251 4.3773
10 -0.609953
7 -4.54598
206 1.21962
73 0.542274
207 2.6265
252 4.13742
239 3.84972
134 0.52182
70 0.77272
29 0.573471
207 1.8448
138 0.71936
261 4.45389
124 0.661148
165 1.24303
251 4.29848
51 -0.319542
186 2.06856
249 4.21364
141 1.20859
43 0.133595
52 0.592457
22 0.461273
132 1.03578
47 0.639782
149 0.744125
223 0.343842
366 15.6512
99 0.912193
34 0.453552
251 4.31557
173 1.7944
142 1.12935
73 0.49781
166 1.24873
149 1.23015
274 5.43188
148 0.573395
57 -2.32573
111 0.716743
108 0.57103
115 0.736267
2 -0.524217
45 0.374344
129 0.541336
166 1.06918
81 0.763672
171 1.60069
4 -0.608769
283 6.23602
207 2.58241
195 2.25023
162 1.24188
69 0.729927
31 0.111639
129 0.541779
215 1.29428
236 3.5143
161 1.60202
137 0.505615
83 0.449028
197 2.2778
365 16.3233
211 1.7907
169 0.587387
169 1.67424
219 2.40242
213 1.62372
109 0.43998
58 0.824902
138 1.14909
135 0.896088
41 -0.267044
164 1.3817
69 -2.05385
20 -0.398014
201 1.56351
204 0.98027
44 0.0884933
165 1.40219
77 0.411736
40 0.64143
83 0.391014
218 2.70441
111 0.716789
78 1.08683
51 0.560089
70 0.575417
78 0.824249
160 1.53951
154 1.15131
46 0.190353
85 0.796814
58 0.790691
30 -0.140957
157 1.4904
188 2.11931
45 -5.65808
78 0.598793
119 0.976593
56 0.511826
166 1.50746
210 1.20874
327 0.112915
221 0.436874
155 1.50883
113 0.369995
75 0.81778
255 4.16318
39 0.43187
175 1.62209
34 0.506405
159 1.48801
189 2.22682
161 1.56929
2 -0.219356
246 3.67001
73 0.823364
203 1.17439
120 0.98848
213 1.77286
197 2.14128
45 0.230934
265 5.21967
243 4.0957
256 4.66559
137 0.861237
2 -1.07373
117 0.569923
148 1.1507
16 -0.859777
84 0.642998
140 0.527161
192 2.15587
31 0.522915
41 0.402969
114 0.763153
153 1.49097
154 1.15128
161 1.70328
120 0.309013
115 0.754028
209 1.01988
88 0.47673
196 2.27489
269 5.17194
73 0.424545
32 -4.03718
38 0.4753
182 2.1395
192 0.878021
178 1.67694
150 1.12837
122 1.01645
150 0.879623
71 0.89682
138 0.967545
59 0.126034
135 1.19075
5 -0.857749
178 1.84116
327 2.82703
159 1.66194
229 3.65083
183 1.51347
22 0.461006
141 0.925751
102 0.782715
99 0.911324
145 1.34654
209 4.14264
179 2.16148
84 0.486328
5 -0.56889
133 1.00134
146 0.952332
41 0.638206
34 0.506306
106 -0.32589
147 0.971451
27 -0.340647
189 2.2262
5 -0.357301
133 1.00424
47 0.638351
126 0.986481
56 0.280224
114 0.674149
254 4.25519
206 0.958893
88 0.477112
298 1.05432
173 1.68411
162 1.53911
149 1.07593
233 3.25362
5 -0.568791
89 0.780861
136 0.909653
31 -0.0378914
249 3.45984
129 1.04846
282 5.94031
41 -0.215469
3 -0.712414
160 1.63641
211 3.17804
132 1.0356
160 1.09529
260 1.03082
353 14.4036
123 0.662544
67 0.850784
251 4.02016
124 1.0218
164 1.42625
158 1.1843
130 0.880585
198 2.23508
85 0.353004
73 0.38884
137 0.800766
143 0.509659
64 3.72696
108 0.655762
89 1.06585
258 4.46478
135 0.76825
149 1.29265
41 -0.490089
83 -1.23544
125 0.851036
93 1.07476
15 -1.07617
41 0.63755
238 3.40985
31 -0.17062
137 0.819107
136 3.18604
11 -0.391148
182 1.42798
48 -0.048008
149 1.20052
5 -0.217783
205 2.20752
69 0.920776
117 0.57032
211 1.54501
182 1.87067
41 -2.43699
103 0.606209
137 0.811142
39 -0.135509
8 -0.111796
29 -0.236969
137 0.426331
241 4.04553
153 0.922928
121 0.625053
67 0.781998
193 2.42761
268 5.17395
209 2.4171
14 -0.978373
116 0.790443
132 1.03563
145 0.588272
248 3.89903
201 0.978455
145 1.34482
236 3.98946
41 0.637878
99 0.540749
190 2.20992
16 -1.18551
27 0.394699
254 4.79933
111 0.716736
36 0.113823
255 1.00174
163 1.28551
282 5.94214
5 -0.568853
120 1.03603
97 1.05754
334 13.3629
130 0.378113
156 1.53247
45 -1.99865
142 -6.39883
108 -0.134277
3 -0.255275
161 0.933472
233 3.71774
111 0.716652
73 0.342949
54 0.0760345
160 1.62416
7 -2.31616
62 0.386658
206 1.31274
164 1.42596
353 14.8694
53 0.643394
134 1.18184
155 1.40868
269 4.42856
229 3.651
146 0.952835
118 0.880363
83 0.384872
356 13.1623
17 -0.262333
103 0.654167
139 1.20645
243 4.13095
370 8.44125
85 0.796303
91 0.534027
265 4.1705
161 1.0287
36 0.547428
211 1.71629
356 13.162
105 0.932709
132 1.1062
211 1.83984
44 0.0882454
243 4.11243
206 2.2005
129 0.520844
30 -0.140919
140 1.12025
117 0.935318
118 0.60392
128 0.468826
161 1.6021
13 -0.992456
8 -1.34883
129 0.834183
210 2.38704
324 1.18411
253 4.65837
141 1.05681
356 13.1644
99 0.774681
240 1.25922
273 1.09647
125 0.964821
87 0.506905
165 1.40123
160 0.87468
118 0.958435
146 0.952454
22 0.460787
160 1.63647
14 -1.26737
152 1.34401
206 2.20152
22 0.461088
95 0.563309
90 0.495201
4 -3.80384
113 0.943848
222 2.24883
119 -0.161072
272 5.26596
20 -0.0698872
40 -0.0973969
141 1.19661
214 1.17085
237 3.91705
195 2.24579
147 1.1246
33 0.198151
132 0.692719
121 0.661507
99 0.911423
151 1.12515
248 4.2092
49 0.596287
127 0.821655
71 0.189949
302 3.98129
115 0.758713
155 1.50075
157 0.602509
129 0.897125
193 2.224
13 -0.877373
143 0.970963
74 0.346985
302 3.98019
147 0.971466
20 -0.353424
27 -0.340609
141 0.459229
214 1.95416
141 -12.3293
270 4.77826
89 1.18382
45 -0.0171547
16 -0.827536
193 2.23535
12 -1.00706
109 -0.530785
121 0.877876
260 1.03165
189 2.52208
356 13.1596
91 0.662582
142 0.858002
145 1.34659
68 0.420837
146 0.904037
225 2.30029
111 0.716698
140 0.747726
115 0.684242
264 3.91956
228 3.31503
140 0.900742
140 0.911438
73 0.342751
67 0.703857
27 0.309547
108 0.537384
6 0.273291
161 1.44879
49 -0.180344
145 1.44891
191 1.68398
56 0.176491
55 0.586445
141 1.21982
111 0.71743
253 4.29851
258 4.17294
15 -1.01463
26 -1.39762
198 1.44681
135 1.05518
140 0.996017
162 0.906464
147 0.971527
166 1.24814
23 -0.502174
16 -3.29802
137 0.566315
145 0.954987
176 1.75096
28 0.540283
166 1.56622
101 0.766144
178 1.01245
39 -0.204212
104 0.716301
81 0.763435
187 2.15665
216 2.96771
77 1.25177
212 1.86473
118 0.841194
254 4.50421
29 0.52776
184 1.87495
353 45.6306
144 0.906738
86 0.612267
27 -0.34066
252 4.08508
262 4.31155
142 1.57565
195 2.25017
118 0.870567
268 4.76093
122 0.998703
186 1.56537
27 -0.255091
260 4.53989
181 1.60028
125 0.706589
156 1.38589
132 1.03575
124 0.530685
163 1.3978
59 0.51585
17 -0.955986
47 0.0686378
129 0.517365
124 0.873192
154 1.06247
25 -0.991709
153 0.837509
233 3.43903
209 2.89845
50 0.18055
153 0.837219
268 4.74481
205 2.00827
223 3.17691
373 46.7543
251 4.02007
282 5.94208
122 0.940826
373 46.7939
33 0.732716
213 1.87419
71 0.33934
280 5.85818
38 0.475636
180 1.7365
47 0.884235
141 1.04247
79 0.321762
260 4.53989
208 2.14465
146 0.643951
356 13.1629
160 1.18633
92 0.328766
68 0.67469
17 -0.449427
155 0.895981
221 1.85974
162 1.51608
207 1.8459
162 0.692612
69 0.243622
47 -0.375103
117 0.702873
234 3.46515
210 1.28571
279 5.60785
149 1.68646
98 0.919479
137 0.800095
281 5.94171
218 3.10617
38 0.475346
106 0.691185
97 0.756981
80 0.447456
76 0.350029
261 4.41962
213 1.59438
149 1.20001
161 1.34238
54 0.606907
138 0.946396
155 0.569534
286 5.91031
260 1.03494
154 1.47308
144 1.05479
2 -0.814343
266 4.08411
50 0.17598
281 5.72897
251 4.02
109 0.597343
224 3.13712
0 0.35459
123 0.672699
367 14.8405
250 4.40981
111 0.716797
113 0.83046
251 1.28062
210 1.71754
118 0.816216
180 2.1665
260 4.53992
327 0.112915
105 0.963707
13 -0.0776358
179 1.82272
73 0.709229
180 1.54094
107 1.14526
95 0.814796
53 0.641563
76 0.815437
266 4.48013
230 3.49892
211 3.17873
46 0.0513153
41 -2.43673
254 4.79922
232 3.34718
23 0.34897
46 0.328259
232 1.52617
192 0.751968
178 0.729523
144 1.40073
243 3.68968
121 1.01008
151 1.1573
200 2.53137
116 0.71447
365 13.0439
122 0.704018
149 1.20061
111 0.503693
180 1.0992
88 0.477127
255 4.92215
346 14.9877
41 -2.43654
206 1.73738
81 0.779716
333 12.9448
44 0.59343
29 11.0001
250 4.27399
8 -0.873054
7 -0.954947
191 2.51166
210 1.68411
263 4.31528
25 -0.0867348
161 1.70335
99 0.912552
216 2.37427
125 0.503845
67 -2.05361
178 1.97778
85 0.796585
356 13.1602
103 0.292915
22 0.167057
347 15.1826
195 2.24763
99 0.912354
98 0.920128
211 1.81171
137 0.801712
207 2.24329
254 4.76645
205 2.00826
216 2.65883
35 0.206196
43 -7.18923
278 4.95105
140 1.17633
254 4.75742
88 0.477165
153 0.860931
303 7.88132
153 0.696335
135 1.07864
85 0.353119
222 1.06783
83 0.276596
119 0.915054
58 0.300053
153 0.847122
38 0.474541
230 3.17992
373 45.9791
106 0.692184
30 0.445293
238 3.41261
290 5.69568
182 1.52458
234 3.30872
62 0.506405
58 0.812511
25 -0.99123
56 0.489475
53 -0.403618
267 4.4808
61 0.411678
81 0.895874
33 0.73299
235 3.98441
194 0.745422
152 1.26643
73 0.340698
108 0.615166
70 0.497993
202 1.16417
51 0.636429
137 0.799545
143 1.00197
147 1.7562
90 0.267296
188 0.698318
136 1.21822
150 1.54889
125 1.08527
363 19.503
149 1.07608
178 1.99591
22 0.460752
262 4.73856
89 0.743774
97 0.621185
209 2.40718
136 0.923401
141 1.04329
80 0.908104
50 0.176407
161 1.45137
143 0.748108
161 1.60196
106 0.691994
11 -0.773182
23 -1.14962
232 3.27243
23 -1.14769
225 3.19058
29 0.0664806
198 1.44678
138 0.524933
25 -0.086092
82 0.689041
217 2.56602
211 3.17873
10 -0.974923
169 0.79863
240 4.15114
223 3.05977
255 4.90439
253 4.19965
134 0.804733
221 1.89969
49 0.436554
283 6.06677
126 0.949463
163 1.01601
122 0.959579
148 1.14143
161 1.70338
20 0.357178
221 1.86978
157 1.39755
369 48.0378
19 -1.19416
282 0.930023
87 0.907471
28 0.539162
97 1.18237
3 -4.02941
162 1.50677
236 3.57263
144 1.26468
205 2.48061
189 2.38527
216 2.71945
99 0.911713
258 4.28857
264 4.76553
227 3.06487
76 0.589157
28 0.323553
180 1.79333
157 1.25298
26 0.446745
75 0.683807
20 0.0128746
126 0.802673
280 3.05374
75 -1.50602
70 0.231873
142 1.62067
89 0.323257
