157 1.86385
178 2.1476
137 -0.819214
142 1.53072
180 1.96463
172 1.96892
154 1.80353
121 1.23147
199 2.06189
175 1.97879
152 1.83209
157 1.82001
156 2.64525
134 1.465
124 -1.78246
75 -4.13344
166 1.80528
121 1.2756
154 1.80324
145 1.74217
82 -1.17545
101 -2.06763
166 1.85468
158 1.87128
142 1.52628
152 1.83238
158 2.45709
94 -2.99155
157 1.86467
157 1.63428
157 1.86536
78 -1.93918
157 1.83156
146 1.7169
104 -0.76236
89 0.269218
156 1.84911
35 1.4376
165 1.91702
169 1.10179
168 1.09412
122 -1.87665
135 1.5092
157 1.85843
111 -1.59258
92 -0.269012
160 1.8195
177 2.57001
94 -2.98896
158 1.60959
157 1.83218
142 1.55939
180 2.10147
82 -1.17535
176 1.96373
179 2.1133
146 1.71379
257 7.65463
156 1.88432
88 -3.32135
172 1.93912
156 1.84998
124 -1.78149
111 -1.59264
188 2.79839
181 1.98071
242 8.10693
137 1.48932
157 1.83208
126 -0.0553436
160 2.52563
151 0.681396
79 -0.129028
156 1.9072
172 1.93524
157 1.86546
189 1.99295
73 -1.78968
142 1.52953
197 3.36954
158 1.96417
181 1.97714
94 -3.00838
57 -0.471592
120 0.292297
104 -0.762253
166 1.85487
171 1.92952
178 1.67998
134 1.38792
160 1.81821
169 1.94836
155 1.74944
158 -0.863312
156 1.85071
168 1.09402
167 1.91791
158 1.96446
134 1.33682
134 1.3362
158 1.83623
184 2.4086
184 2.12315
257 10.889
170 1.91695
174 2.00797
179 -0.501038
186 2.12045
139 1.53822
39 -1.85429
157 1.81732
135 1.46404
39 2.39698
94 -3.00723
198 2.25752
127 0.995117
177 2.5701
243 9.81758
152 1.83228
156 1.8501
111 -1.59242
83 -0.0866165
160 1.81847
184 2.41052
188 2.798
135 1.46407
137 1.69763
158 1.96446
109 -2.01846
174 2.3788
181 1.97687
158 1.87105
118 -19.9185
68 -4.46273
132 1.30339
5 -4.66384
173 1.89844
161 1.86079
146 1.67871
166 1.85748
161 1.74088
74 -3.97182
94 -2.99124
152 1.83235
135 1.43965
142 1.52565
35 -2.3857
174 1.69701
85 0.905701
139 1.53656
157 1.86378
123 1.31194
146 -1.54195
135 1.50783
169 1.10098
190 1.68672
169 1.90697
142 1.52925
95 -2.98182
100 0.557564
94 -2.99154
130 1.45868
160 1.81844
83 -3.51122
82 -0.165291
95 -0.237877
161 1.78653
158 1.92438
175 1.97841
179 2.09285
74 -3.97137
158 1.87123
156 1.85034
134 1.34373
168 1.09924
174 1.98166
132 1.29472
135 1.50998
175 2.51697
154 1.80354
197 3.36655
160 1.75081
170 1.94936
158 1.87128
128 1.22104
134 1.33606
172 1.84087
89 0.299606
158 1.96426
75 -4.13322
243 9.81758
124 -1.78188
139 1.5367
158 1.86519
170 5.36736
34 -2.39457
181 2.11037
156 2.64931
158 1.87129
157 1.63396
158 1.86523
185 -2.63876
158 1.96217
146 1.71912
113 -8.64602
7 -4.09984
174 1.9819
186 2.10498
82 -0.000396729
169 5.3385
68 -4.46289
198 2.25688
172 1.88733
95 -0.237762
199 2.66269
160 1.81921
164 1.85497
56 -1.20246
56 -1.20171
152 0.566483
135 1.46405
168 1.92238
178 2.1463
158 1.64935
161 1.69363
34 -2.39446
163 1.8147
94 -3.00683
172 1.88803
163 1.78017
157 1.63332
157 1.85712
173 1.85031
152 1.83257
170 1.97404
56 -1.20234
82 -1.17556
161 1.86064
176 1.96213
89 0.2985
194 2.25746
172 -2.53621
123 1.3133
129 1.15511
138 1.51454
137 -0.819397
73 -1.09899
47 -3.43069
82 -1.17541
43 -3.26303
107 -9.42563
163 1.81758
95 -2.98158
154 1.80347
123 1.3087
158 0.707382
188 1.94058
70 0.645782
9 -3.4303
143 1.53546
100 -0.0913239
44 -0.778622
92 0.0497131
243 9.81773
134 1.33633
158 1.86577
70 0.645111
152 1.78787
155 -21.038
134 1.33676
94 -6.93273
154 1.80365
44 -2.68489
82 -0.92868
142 1.66801
170 -19.9179
175 2.01283
83 -0.0203171
193 2.13791
112 1.519
160 1.81837
177 2.57011
111 -1.59311
34 -2.41226
158 1.96429
15 -3.09364
114 0.877274
77 -0.210014
166 2.13284
172 1.93529
119 1.28865
175 1.32953
243 9.81772
112 1.00411
158 1.96391
166 1.83861
161 1.9783
139 1.5376
157 -11.7436
104 0.257942
110 -1.88891
74 -1.49512
160 1.81828
175 1.99043
169 -22.5398
167 0.858658
132 1.30296
145 1.58128
51 -3.44287
83 -0.803841
174 1.95309
68 0.493439
169 1.22252
90 -0.519669
145 1.76846
163 1.76979
169 1.89337
118 -19.9201
57 -0.467934
113 -8.64242
152 1.79955
187 2.01674
186 2.00433
160 1.81953
127 1.34288
81 -0.563637
75 -4.13546
27 -2.32466
135 1.46352
137 -0.818939
122 -0.237564
128 1.21236
161 1.8606
22 -2.85065
169 1.10092
183 2.00247
157 1.90779
156 1.84348
174 1.98174
170 1.91508
158 1.96367
252 12.9937
287 21.0123
226 7.91507
171 1.90355
54 -1.77393
146 1.57516
141 1.75723
186 2.12036
95 -0.237747
257 7.65436
180 2.11108
198 2.25427
146 1.75983
171 1.93811
161 1.86053
190 1.99889
129 1.15532
137 -0.819427
150 1.75987
57 -0.467873
84 0.0522614
161 1.76535
44 -0.960331
188 2.79797
254 13.1491
163 1.78409
74 -0.136703
94 0.130035
117 0.577408
258 20.8229
152 1.83278
175 2.00925
128 1.22116
134 1.52113
132 1.30367
170 -29.3439
139 1.54007
83 -0.783356
79 -4.33836
165 8.89189
180 2.06638
163 1.89262
58 -1.63121
135 1.50009
181 2.3954
101 0.38549
134 1.33688
184 2.13409
167 1.91115
180 2.11086
145 1.59909
157 1.86549
168 1.8817
134 1.51523
170 5.51897
95 1.6812
66 -3.08304
153 0.895142
132 1.30296
9 -3.43188
142 1.52687
101 -2.06783
94 0.116928
111 -1.92565
189 1.95715
137 1.40422
139 1.53865
125 1.00851
69 0.102875
98 -2.51581
14 -2.96051
35 1.43779
168 1.09419
92 0.0508347
160 1.81096
178 2.14635
174 2.46815
180 2.1122
175 1.98106
189 4.61853
121 5.02952
233 7.90451
135 1.50951
164 1.75519
95 -2.9818
171 1.9321
142 1.53088
152 1.83292
197 3.36716
18 -2.74028
157 1.82962
156 1.84886
170 1.82135
177 2.57014
134 1.33705
255 21.0149
111 -1.59254
82 -0.000556946
110 -1.889
157 1.93303
257 11.0441
161 0.0643311
56 -3.11888
174 2.19252
177 2.57011
159 1.7964
172 1.88214
154 1.80342
168 0.178696
5 -13.7719
134 1.33675
34 -2.39389
169 -21.7833
168 1.94003
79 -0.565262
48 -1.96598
110 -1.88904
182 2.1106
82 -1.17598
174 2.3784
139 1.57185
3 1.07002
180 2.12033
55 -1.6389
156 1.83617
110 1.52503
173 1.88306
135 1.50977
171 1.93556
178 2.05882
111 -2.07338
152 1.83293
161 1.95525
147 1.76305
83 -2.8521
178 2.14633
56 -1.20255
156 2.64151
72 -1.06059
169 1.92288
92 0.0506744
162 1.97269
175 1.9772
96 0.324951
35 -2.36857
170 1.82405
258 17.6104
254 13.1508
56 -1.20242
64 -4.69974
119 1.2888
146 1.63942
137 -0.819
156 2.64429
170 5.51939
134 1.33669
168 0.178085
141 1.55389
41 -1.96643
144 1.86525
255 16.4117
139 1.53777
243 9.81712
51 -2.20249
169 1.1674
177 2.31577
78 -0.929268
139 1.53815
53 -4.69749
44 -0.778576
154 1.8022
170 2.26115
40 -2.07665
49 -1.92695
180 2.11174
172 1.97855
159 1.95222
156 1.85008
157 1.82985
207 4.84657
250 12.6168
77 -0.144554
113 -8.64371
135 1.4641
149 1.73055
84 -3.41137
79 -1.27893
123 -2.05122
110 1.52515
187 2.01683
14 -1.36512
93 0.0251312
85 -0.0196915
251 11.121
207 4.84607
135 1.50052
253 21.3702
197 3.36627
56 -1.2008
172 1.94106
110 -1.88898
174 1.87183
44 -0.779644
139 1.53818
197 2.69705
151 1.54453
180 2.11168
108 0.243073
174 2.00926
232 5.07626
64 -4.69991
85 0.905617
130 1.34296
225 7.73073
126 1.79833
164 1.22343
109 -2.01824
80 -0.0577621
146 1.65627
181 1.97653
82 -1.17601
57 -0.471497
194 2.25887
135 1.50832
133 -1.5009
7 -3.38449
194 2.54826
132 1.30278
113 -1.9922
158 1.87102
89 0.30188
199 2.6622
89 -0.285454
51 -1.11071
162 1.75659
179 2.02205
246 6.8161
25 -1.18078
82 -1.17606
137 -0.819382
118 -19.9174
181 2.45818
122 1.26308
73 -0.205933
166 1.85799
37 -4.52578
92 -0.113129
243 9.81752
57 -0.471317
137 -0.819382
109 -2.0132
68 0.493446
70 0.645691
185 2.23929
180 2.11067
3 -3.50688
197 3.36668
13 -1.83963
180 2.11163
94 0.118141
169 1.95885
168 0.178146
98 -0.236938
27 -2.3436
64 -1.00962
142 1.63829
31 -2.13247
118 -19.9158
57 -0.471821
172 1.96274
92 -14.607
7 -3.32814
179 2.42305
183 2.00249
76 -0.623871
75 -4.13457
79 -1.0539
171 1.9799
37 -2.2428
270 20.3222
179 2.08168
173 1.87627
169 5.32576
146 1.78056
2 -3.66202
8 -3.424
277 22.3467
186 2.12041
44 -0.781345
157 1.83058
168 1.09488
56 -1.20251
61 -1.56366
132 1.30289
168 0.179611
123 1.31983
179 2.10321
187 2.01685
94 0.131165
175 2.10139
192 2.36522
161 1.86067
174 2.01163
287 20.9991
257 7.65457
157 1.81783
78 -1.93674
2 -3.64552
169 1.91962
158 1.9644
69 -0.729088
88 0.323128
174 1.98982
91 1.14331
161 1.86081
135 1.46921
58 -1.63614
248 9.87167
168 1.88516
187 2.03174
72 -1.06428
84 -0.375481
37 -2.24345
199 2.662
162 1.97627
38 -1.93284
199 2.66267
196 2.56468
292 21.091
138 1.49573
91 -0.170044
44 -3.2683
152 1.83272
202 3.52106
160 1.73961
150 1.74745
67 -4.33194
82 -0.154907
168 1.52654
44 -1.80927
20 -2.60826
110 1.52504
44 -1.67329
183 2.00249
109 -2.00567
177 1.99814
20 -2.64832
181 1.97693
40 -1.93786
78 -1.93923
247 10.6448
154 1.80354
72 -0.0661392
68 -1.14099
51 -3.65928
57 -2.97897
89 0.286301
150 1.76886
114 0.65139
199 2.66209
71 -2.78669
87 -19.7776
142 1.52681
37 -2.37646
84 0.0740967
13 -0.139954
129 1.15544
88 0.135681
158 1.87126
161 1.86066
59 -1.617
197 3.36716
80 -1.27832
134 1.33594
2 -2.11883
44 -2.67339
164 1.80322
178 2.08231
186 1.93752
61 -2.88811
68 -4.46279
58 -1.63638
58 -1.63652
186 2.04904
183 2.09805
146 1.58548
110 1.52512
166 1.8576
157 1.77451
54 -0.12598
195 2.44899
125 1.18295
82 -0.000183105
37 -2.29411
188 2.79825
114 0.650932
56 -1.20238
155 1.80566
14 -2.93261
139 1.53625
112 1.51807
170 -29.3461
147 1.77824
261 14.2568
103 0.372498
62 0.207798
191 3.01427
254 11.0822
83 -0.775085
7 -3.32832
110 -1.88919
168 1.09462
43 -0.977238
83 -0.161598
82 -1.17551
174 2.02754
123 1.30815
121 5.01239
197 3.36691
74 -3.97022
34 -2.45554
109 -1.31495
86 -0.836418
54 -1.62515
135 1.50984
44 -0.780106
156 2.64098
101 0.989952
71 -0.322449
43 -3.83295
59 -1.56353
168 0.179214
180 2.11203
35 -2.36867
44 -2.68274
174 2.19258
161 1.86086
161 1.86102
81 -11.2967
135 1.46397
250 9.12662
58 -1.63637
57 -0.468437
96 -0.574509
23 -2.79248
110 1.52513
188 1.97148
57 -0.52034
180 1.84543
78 -0.106522
190 2.61287
248 9.97769
123 1.31233
21 -1.79153
135 1.46887
68 -4.46378
177 2.5701
257 11.044
201 8.43773
138 2.01018
77 -0.86528
134 1.33611
32 -2.42248
188 2.15303
142 1.53078
77 -0.280914
20 -2.62729
72 -1.07339
169 1.09995
134 1.33623
182 1.9838
89 -0.0621567
31 -2.13281
177 1.98743
199 2.06157
32 -2.1546
221 8.27791
92 0.0505524
14 -2.95208
59 -1.66919
207 3.07179
195 2.37231
187 2.06438
166 1.85768
168 1.77101
64 -3.42271
131 1.33258
254 20.6524
168 1.09584
254 13.3224
114 -2.02435
123 1.31972
173 1.87543
177 2.05455
10 -3.27379
29 -2.51357
142 1.5309
74 1.1951
89 0.307076
174 2.19261
161 1.8609
160 1.81929
40 -1.80344
158 1.89169
80 -2.73523
252 13.0363
121 1.08038
243 9.8176
89 0.298424
197 3.36954
132 1.30576
270 20.3197
64 -4.69789
199 2.66205
164 2.3846
179 2.4583
113 0.544678
56 -1.20119
169 1.10178
37 -2.24295
5 -13.63
143 1.59457
85 0.0939713
265 13.7685
15 -1.80491
8 -3.24677
116 -2.01081
167 1.90504
282 17.3232
54 -1.73819
135 1.51483
148 1.68121
242 8.11336
232 5.07637
171 1.93456
135 1.43849
58 -1.61779
92 -0.281853
31 -2.1352
179 1.35432
35 -1.27124
93 -3.07542
158 1.89066
83 -2.84832
142 1.52968
55 -1.87156
197 3.36693
93 -3.07503
18 -2.72623
32 -2.1543
82 -0.000511169
48 -0.473969
135 1.49756
61 -2.88828
133 -1.51138
94 -2.99102
37 -2.24272
183 1.99825
209 5.39796
254 13.1485
27 -2.34666
156 1.85048
54 -1.73134
59 -1.58984
166 2.04608
167 1.97714
265 13.7684
93 0.0253906
35 -1.26995
109 -2.00685
158 1.8006
18 -3.01893
51 -2.10185
51 -3.69018
85 -0.731285
158 1.8916
222 7.10989
93 0.025528
172 1.9006
87 -0.0953979
134 1.33615
10 -3.27382
177 2.57016
162 1.75578
170 1.17957
171 1.92914
101 0.990372
34 -2.45692
335 25.0239
178 1.17166
27 -2.34352
155 1.82124
54 -1.34812
172 1.6288
305 25.2264
166 2.13921
132 1.30304
111 -1.59243
54 -1.44449
194 4.52722
270 20.3191
125 0.443405
224 4.12343
83 -0.775085
135 1.4693
199 2.66187
186 2.12042
273 15.9674
64 -3.58779
209 5.39832
187 2.15756
69 -0.710327
134 1.33707
25 -2.47868
112 -8.60442
103 0.497887
35 -1.27049
123 1.30611
73 -0.231613
171 1.93462
135 1.45837
95 -2.98183
273 15.9762
89 -0.28598
77 -0.454475
44 -2.77633
205 2.64293
66 -4.21613
232 5.07622
104 0.472488
245 5.64688
14 -2.96181
135 1.46915
232 5.07599
243 9.81755
27 -2.34273
242 8.11328
121 1.08028
164 1.79572
110 -1.88768
134 1.33691
144 1.85025
82 -1.17609
206 2.9214
151 1.72456
279 17.6282
242 8.10716
64 -4.69968
34 -2.45658
43 -3.98177
168 0.89772
170 1.17967
43 -2.00842
88 0.311859
17 -2.14747
137 -0.819382
19 -2.50652
257 10.8887
39 -1.99191
142 1.59276
112 -2.04117
243 9.81732
249 11.5721
197 2.67604
170 5.51895
152 1.83275
64 -4.69904
154 1.81477
72 -1.06499
57 -0.471813
15 -2.61475
174 1.98605
125 -13.9763
158 1.91101
10 -3.27387
35 -2.67253
187 2.01683
11 -3.27674
34 -1.69164
68 -1.13782
48 -1.65647
44 -2.68692
32 -2.15433
61 -1.5774
174 1.87169
305 25.2296
101 -2.06809
74 1.19633
94 0.118202
37 -2.24336
7 -1.98217
118 0.213455
13 -1.83608
135 1.46919
37 -2.24163
15 -2.71588
2 -3.61886
152 1.83273
209 5.39836
186 2.12044
93 -3.07445
85 -1.88619
191 3.01433
212 5.584
93 -3.07478
72 -3.02907
242 13.1751
146 1.63095
182 2.05833
183 2.12109
70 -1.29759
123 1.31298
156 2.64084
157 1.82964
181 3.20116
182 2.03517
58 -1.63644
41 -1.81649
146 1.78397
155 1.79904
14 -2.95718
93 -3.07434
265 13.7703
177 2.5701
66 -3.82686
263 16.1493
182 2.06566
151 0.911423
241 20.9303
49 -3.61481
66 -1.14103
257 10.8882
170 1.75822
75 -4.13244
171 1.93349
33 -2.16109
72 1.12612
11 -3.45679
177 1.83676
73 -1.22363
247 11.7894
175 2.01122
281 17.9614
14 -2.93105
77 -1.31214
197 2.74281
110 -1.88874
186 2.12053
124 -1.82109
55 -0.917892
196 2.56467
110 -1.88795
78 0.655022
101 -2.06805
144 1.60831
160 0.968948
97 0.0685654
68 -1.16367
242 8.11154
170 1.17966
92 0.0489349
56 -1.33054
126 1.79831
186 2.12041
196 2.56485
66 -1.16467
8 -3.43733
92 0.0498123
254 13.1487
104 -0.761139
100 0.204651
93 -0.495415
170 1.17946
38 -1.38655
272 14.1666
47 -3.77051
94 0.118347
170 1.1797
268 14.8078
21 -3.86477
183 2.00261
124 -1.74551
118 -19.9172
246 12.208
18 -2.71526
31 -2.26393
79 -1.00699
13 -2.94017
197 3.3688
195 2.76605
171 1.93532
72 -2.74561
175 2.01294
191 3.01378
126 1.79824
88 -0.574127
197 2.70697
70 -1.13444
167 1.67273
71 -1.1243
171 1.95273
139 1.49969
196 2.51555
44 -1.79743
90 -0.50647
103 -0.0161057
76 -0.51712
10 -3.27397
34 -2.45685
128 1.66867
68 -1.13867
134 1.33612
143 1.86217
248 10.7045
130 1.65208
57 -0.471684
44 -2.67604
54 -0.739071
186 2.01331
84 -0.157242
78 -12.2737
31 -2.22044
44 -3.33747
48 -1.7461
120 1.34779
292 20.8329
126 1.79805
55 -3.84455
274 15.3936
58 -1.63745
93 0.0258102
50 -1.72698
87 -1.7136
6 -3.40121
158 1.96342
27 -2.02285
109 -2.0191
18 -2.7425
106 0.411415
10 -3.27414
25 -2.47809
43 -1.491
56 -1.20234
40 -2.03422
37 -2.24277
190 2.42694
167 1.91368
36 -2.35091
58 -1.58397
84 0.0739136
98 -0.669136
232 9.64052
152 1.7881
118 1.16637
72 -1.07137
46 -0.561241
159 1.87131
243 9.81764
176 2.04758
84 -0.442322
13 -0.894876
11 -3.27659
57 -1.62095
32 -2.15319
110 -1.88892
251 15.021
34 -2.5821
65 -1.37169
65 -1.22268
258 16.9603
158 1.87094
48 -1.96548
198 2.25697
110 -1.88953
68 -4.46436
104 -0.761765
110 -1.89008
82 -0.638229
71 -0.759819
37 -2.24234
20 -2.58992
175 2.00737
61 -3.80918
190 2.61292
144 -3.58434
27 -2.32496
83 -0.775482
71 -12.862
273 15.9665
188 2.15158
16 -3.06069
186 2.12518
208 3.33377
141 1.51985
152 1.83307
151 1.54442
49 -0.0494728
85 0.905769
193 2.27966
62 -4.63535
206 3.0696
51 -1.11037
254 13.1481
111 -1.59252
44 -2.6729
188 2.07477
58 -1.61016
49 -1.63422
246 15.718
160 1.80959
64 -4.69872
70 -0.305435
83 -2.85062
68 -1.13773
68 -1.1381
177 2.57018
82 -0.964806
83 -0.775475
278 15.2015
209 5.39848
132 1.47968
261 -50.5415
27 -2.32596
75 -4.13196
55 -1.55415
152 1.78831
52 -1.69261
152 1.74773
153 1.70447
155 0.618195
156 2.64204
89 0.299065
170 1.17937
279 17.6448
68 -2.74961
168 1.52632
347 60.6748
135 -1.2865
242 8.10724
278 7.93723
206 3.01913
134 1.33713
176 2.02817
34 -2.39487
89 -0.286438
169 -21.8548
92 0.0493393
8 -3.22189
58 -1.63764
37 -2.24291
136 0.667328
86 0.281265
168 1.92123
183 2.00267
117 1.19266
305 25.2298
182 2.07709
110 -1.88951
8 -3.41793
11 -3.2783
84 -0.685486
168 1.52597
1 -3.85553
92 -14.6102
110 1.52571
192 2.43895
158 4.09708
160 2.61998
32 -0.65493
119 0.870186
54 -1.75154
82 -1.17605
199 4.63208
32 -0.609161
205 2.56642
183 2.36684
335 25.0245
154 1.8232
170 5.51889
192 2.36522
40 -1.93235
49 -1.25671
156 1.84724
132 1.29973
36 -2.44752
18 -3.07464
182 1.99112
121 5.01336
279 17.6249
172 1.90541
7 -3.3068
56 -1.31547
321 34.3148
56 -2.37746
175 2.01118
173 1.93153
132 1.30304
251 21.1057
162 1.81305
64 -1.25099
5 -3.38693
68 -0.267197
113 0.564461
87 -0.31282
249 12.1591
235 5.37004
72 -1.06507
259 12.4856
135 1.50917
139 1.54013
37 -2.30834
168 1.92195
19 -2.33167
175 1.98038
83 -0.775215
75 -4.13513
182 1.99658
35 -2.44204
13 -1.71966
5 -3.38644
57 -1.59057
104 -0.762184
177 1.83847
161 1.7608
132 1.28914
82 -1.17524
305 25.2295
256 13.7122
181 2.0547
145 -0.832291
91 1.06348
7 -3.33139
36 -2.43307
110 -1.8907
77 0.74897
151 4.5614
141 1.5619
132 -4.41253
198 2.25757
57 -0.471779
265 13.769
37 -2.13096
61 -2.88815
10 -3.36596
246 12.5929
305 25.2308
34 -2.39882
144 1.84406
154 1.8037
200 2.13368
158 1.87157
49 -1.26371
44 -2.67633
57 -0.467937
40 -2.03411
151 1.69446
216 3.96736
7 -3.21892
34 -2.2648
145 1.76433
6 -2.63306
288 19.9868
43 -1.30439
252 9.16208
72 -3.0705
109 1.24446
287 20.9112
55 -1.70732
33 -2.16121
179 1.97859
57 -0.467812
32 -2.15516
74 1.19505
52 -3.34731
59 -3.36687
149 -0.665329
207 3.07176
13 -2.72678
158 1.96451
31 -1.78641
194 4.48753
201 3.93011
57 -0.471722
63 -3.58499
6 -3.34978
112 -7.02953
181 2.07127
46 -1.77814
193 4.70117
144 0.327286
107 -2.45219
13 -1.83868
76 -0.0857773
248 12.4017
64 -4.69712
172 1.8815
101 0.943169
51 -1.90301
17 -2.8477
76 -0.131004
152 1.83269
56 -1.20245
134 1.3362
8 -3.26779
80 -2.22094
71 -1.73277
93 1.10263
167 1.9227
166 1.85777
66 -4.18781
10 -3.27523
171 1.93246
111 -1.59249
336 1.47214
287 20.9059
19 -3.01972
174 2.1925
8 -3.42636
25 -1.18074
22 -2.97606
187 2.01688
254 13.1501
35 1.44382
207 3.07166
169 -22.0603
36 -2.43297
194 4.48874
70 -0.721649
205 2.58075
305 25.23
37 -2.24267
64 -4.6978
30 -2.51264
275 21.4458
89 0.298454
17 -2.86673
180 5.09129
77 -0.932983
109 0.91053
71 -0.797256
110 1.52572
123 1.3196
31 -2.13898
55 -1.65937
3 -3.69395
260 12.842
64 -4.69909
156 2.64246
216 3.96724
95 3.14398
195 2.58694
109 -2.01846
362 43.0522
68 -4.46363
161 1.93694
162 1.43886
265 13.7686
265 13.7688
186 2.12029
108 -18.3734
256 6.52954
273 15.9763
173 1.90309
135 1.43977
287 20.1774
144 0.313873
177 1.84
135 1.43556
52 -1.7602
68 -4.46269
37 -2.36443
43 -1.37157
14 -2.96177
111 0.951851
152 1.79106
40 -1.938
174 1.87181
65 -2.43671
32 -2.15387
75 -4.13509
39 2.39698
9 -3.42908
171 2.06137
14 -2.94157
206 2.92079
162 1.97581
265 14.5258
17 -2.80991
152 1.83263
272 14.1737
110 1.52506
207 2.90829
126 1.79855
134 1.33615
158 1.87154
177 2.43767
35 -1.41522
40 -2.25892
188 2.34196
243 9.81755
123 -1.7221
73 -1.24046
182 2.02672
164 1.0071
237 12.8907
7 -4.09878
81 -0.954941
101 0.989655
273 15.9667
127 1.44685
129 1.1553
125 1.62897
79 -4.3056
17 -2.82713
27 -1.89808
206 4.33783
24 -2.11679
274 15.3932
44 -0.96423
242 8.10692
136 -44.2806
70 -1.29478
173 2.0056
173 1.87558
96 1.26192
71 -0.897499
287 21.0105
112 1.51719
292 21.0663
12 -3.1936
31 -2.14594
111 -1.59286
242 14.4318
35 -2.05201
68 -1.23503
172 1.93045
250 7.11975
188 2.15086
174 1.91995
197 2.68474
234 7.66449
94 -0.703682
83 -2.85411
7 -3.3312
3 1.05845
16 -3.1177
64 -4.69806
10 -3.27391
68 -4.464
160 1.77063
272 14.1703
194 2.25826
14 -2.96195
199 2.66289
265 13.7688
186 2.10532
74 31.8362
221 8.27788
92 -14.6077
68 -1.13823
274 17.1131
37 -2.24285
54 -1.47345
25 -2.47806
157 1.95195
188 1.88905
241 20.9325
280 21.9199
30 -2.14865
48 -0.0218315
141 5.00035
254 13.1518
17 -3.10094
65 -1.21253
258 16.8696
8 -3.42527
49 -1.96097
204 2.46213
36 -2.44565
265 13.7682
53 -1.78854
83 -0.803688
78 0.760597
34 -2.45951
61 -2.88799
267 13.5285
16 -2.96315
83 -3.51374
155 -0.00274658
79 -0.830162
82 -0.813225
177 2.57013
72 -1.13537
160 1.78877
294 21.3565
57 -0.468056
38 -2.23009
197 4.40381
78 -2.7016
83 -3.21709
205 2.90269
66 -1.09245
26 -2.6666
5 -3.3853
186 2.36218
250 12.0966
188 2.15001
7 -3.37552
183 2.36685
32 -4.97329
233 8.63402
174 2.37802
144 -1.13864
25 -2.47859
27 -2.34586
83 -0.803886
19 -1.75005
46 -1.80919
168 0.179321
14 -2.96191
224 4.12198
7 -3.38785
17 -2.85668
293 21.41
3 1.06004
45 -1.42953
224 8.29762
20 -2.67248
59 -3.9519
43 -1.46877
243 9.81726
19 -2.17287
55 -1.66446
223 4.89903
180 2.11858
149 -1.99257
67 -1.30405
57 -0.471607
43 -1.86279
99 0.338043
199 2.66205
139 1.53874
186 2.38725
58 -1.63696
195 2.58075
32 -2.09281
152 -1.73586
232 9.64034
207 2.90997
58 -2.95807
188 2.15044
70 -0.723686
170 1.8933
154 1.74937
151 1.09488
277 15.8713
40 -1.98774
45 -1.8633
161 1.69611
177 2.00479
11 -3.27833
171 1.92966
68 -0.385788
147 7.16939
19 -1.73584
137 -0.819
209 5.39828
35 -1.41123
5 -3.4907
13 -1.71884
9 -3.43114
264 9.62274
142 1.52939
33 -2.26566
182 1.88113
83 -2.85342
82 -1.17599
199 2.66264
80 -0.932594
35 -2.46173
40 -1.88947
179 2.03671
37 -2.24345
37 -2.24292
60 -0.702263
88 0.33094
188 2.15213
168 1.09422
110 -1.88766
39 -2.26622
38 -1.43883
270 15.4246
158 1.8712
84 -1.3637
190 2.61702
87 -1.73988
6 -3.34358
43 -1.36992
82 -3.74748
7 -3.40535
59 -1.66829
256 6.52939
40 -1.95791
110 -1.888
128 1.21301
34 -0.627281
139 1.49857
102 0.867096
32 -2.77999
143 -0.69899
154 1.8031
18 -2.17195
174 1.99361
3 -2.98721
247 7.43248
27 -2.32539
292 21.0666
57 -0.467922
139 1.5401
347 60.6787
31 -1.85607
195 3.7962
79 0.00868988
7 -3.33128
272 14.1681
197 3.36906
153 -1.51582
166 1.08304
127 -1.94877
78 -1.39477
50 -1.80735
167 1.91104
2 -3.61887
95 -2.98212
187 2.01685
5 -3.3869
190 2.61229
152 -0.485977
44 -0.777828
92 0.0497665
68 -1.20893
66 -0.942871
4 -3.05198
18 -2.74202
293 21.3437
2 -3.6164
35 -1.41594
78 0.754532
44 -0.779198
62 0.21228
113 0.557106
32 -2.155
13 -1.71913
35 -1.40149
77 -1.11131
40 -1.84042
196 2.54373
57 -0.467827
207 3.07217
229 4.77155
209 3.27632
120 -1.9454
148 1.73402
57 -0.467861
176 1.858
187 2.43047
138 1.9808
154 1.74065
80 -0.0654068
191 2.31152
18 -2.94256
15 -3.1005
245 10.7016
145 1.79076
7 -3.33096
88 0.4179
90 -2.01752
13 -1.83885
109 0.00341034
37 -2.24347
36 -2.3838
83 -0.463852
36 -2.43353
51 -1.11023
207 4.84648
5 -3.66327
35 -2.38171
3 -2.19182
61 -4.09446
106 0.533607
55 -0.844841
65 -1.18277
167 1.92873
57 -1.61252
14 -2.95236
274 15.3945
56 -1.67295
193 2.25447
20 -2.37669
40 -1.93736
81 -4.32583
35 -2.17036
81 -11.2968
68 -1.13662
16 -2.11545
152 1.83228
267 -191.721
186 2.10536
36 -2.44571
257 35.7609
78 -1.10451
18 -2.58489
194 3.09633
38 -2.22639
110 -1.88825
7 -3.33148
17 -3.12711
176 2.01569
36 -2.41471
191 2.26196
13 -1.83512
214 9.98186
123 1.31994
56 -2.22977
360 7.42108
158 1.83601
27 -2.84801
135 -1.28731
8 -3.42702
77 0.575195
125 -24.5636
58 -1.62349
83 -0.775681
151 -0.118927
2 -18.1017
195 2.3725
250 12.872
161 1.77094
241 6.27928
278 17.7889
290 19.6955
102 -1.1245
31 -2.13273
188 2.7984
53 -0.606281
202 3.53775
73 -1.12254
83 -2.85175
72 -1.06203
66 -1.24529
144 1.899
13 -1.71911
145 1.74446
100 0.104286
152 1.83281
83 -3.44675
82 -0.000488281
35 -1.27003
7 -3.37585
177 2.57091
169 1.6806
123 -7.55743
57 -2.01326
72 -1.06791
266 21.2401
115 1.00747
83 -2.8523
13 -1.71915
36 -2.42268
58 -1.63693
184 2.47437
139 1.54071
62 -0.90107
199 2.06296
28 -2.53804
144 0.328217
258 20.3833
123 1.26784
20 -2.40718
57 0.101494
7 -4.09877
137 1.84416
242 10.4511
2 -3.61856
26 -2.80903
287 21.0138
218 7.24527
93 0.0252304
175 1.98068
274 15.3967
157 1.85817
265 13.7686
83 -0.839928
216 3.96825
36 -2.42301
188 2.79811
148 0.652512
254 13.1521
158 1.45827
282 16.6682
172 1.93497
287 20.9086
58 -1.61405
67 -1.16966
161 3.16142
102 0.564827
35 -1.4525
15 -2.61491
179 1.9912
31 -2.4812
120 1.32677
58 -1.63648
39 2.39713
17 -2.84537
14 -2.36823
137 -0.819122
42 -1.79234
93 -3.07644
82 -0.924477
7 -3.39562
67 -1.26755
282 17.3183
139 1.53685
74 -3.9704
177 1.83574
11 -2.9362
42 -1.88618
101 -2.06747
43 -1.39138
190 2.6171
32 -2.15272
85 -1.74945
9 -3.43132
287 21.0117
32 -2.7489
245 5.59541
128 1.21362
209 5.39755
89 -0.359306
170 1.91649
82 -0.000541687
6 -3.41107
102 129.576
42 -3.44098
100 0.492188
15 -3.09965
121 1.08014
72 -0.729416
141 1.84889
99 0.899811
189 3.3394
287 20.9088
35 -1.41609
11 -3.27163
228 4.8773
68 -1.52509
43 -2.1386
64 -4.51251
5 -3.66331
125 -19.2671
1 -3.56411
87 -0.418777
32 -1.86613
13 -4.05225
11 -3.27895
244 11.1093
91 -2.62689
175 1.32831
44 -0.779491
57 -0.467907
274 16.1187
197 3.3714
83 -3.66312
69 -0.715286
29 -2.09452
13 -1.83626
1 -12.3173
230 4.00771
118 -19.9148
127 1.34601
5 -4.66959
77 1.02728
59 -1.60756
16 -2.58251
7 -3.31715
25 -2.47869
35 -2.49999
77 -0.133202
232 9.64023
24 -0.773418
74 -0.278198
147 7.18207
142 1.5264
61 -1.51944
26 -1.99603
74 -3.97169
10 -2.86031
152 1.78882
101 -2.06838
232 5.07664
18 -1.66452
149 -1.9926
207 3.08894
48 -3.46924
60 -1.82942
38 -1.68607
251 12.7252
67 -1.16976
125 -19.2399
95 -0.415222
49 -1.5141
16 -3.06361
17 -2.8452
207 3.07195
113 0.588593
304 24.8339
71 -0.747704
207 3.38501
77 0.576935
45 -0.822189
34 -128.036
158 1.8712
101 0.224533
265 13.7684
32 -2.1527
362 43.0516
259 20.3488
85 0.905571
194 2.25792
36 -2.4499
121 -1.85875
139 1.53436
77 -0.164589
22 -2.2268
73 -1.06778
29 -2.29153
137 1.22403
56 -1.20235
14 -3.00966
51 -1.11037
104 0.588264
37 -2.1926
65 -1.2
63 -0.584423
40 -2.0341
35 -1.27072
72 -1.26546
37 -2.24335
67 -1.38679
241 20.9303
59 -1.62394
287 21.0152
193 2.34378
207 3.07144
242 8.11272
37 -2.24331
208 3.33414
11 -2.81093
70 -0.723892
137 -0.818909
25 -2.47827
5 -3.38666
58 -1.50349
17 -2.85744
75 -4.1352
118 -19.9179
249 12.1668
92 0.618233
28 -2.5881
94 0.171974
278 16.7785
179 2.0463
19 -2.83504
182 0.34874
158 1.85931
156 2.63914
167 1.86755
241 6.4476
66 -1.15419
13 -1.8398
87 -0.548653
259 12.4949
186 2.10498
32 -2.15525
35 -2.67569
38 -2.20603
47 -1.7714
254 13.149
280 17.6484
183 1.93582
156 2.64206
40 -1.32768
154 1.80299
207 4.84607
272 14.1681
34 -128.033
43 -3.15319
112 1.00872
47 -0.654621
6 -3.34222
125 -24.5964
274 15.3948
157 1.80415
72 -1.06198
305 25.2296
66 -1.12381
54 -1.28673
17 -2.13945
265 13.7695
60 -1.55635
14 -2.96135
27 -2.3527
68 -1.20712
10 -3.27422
174 2.37881
48 -3.54829
192 1.9716
17 -2.85291
195 3.84531
65 -1.02845
18 -1.65396
110 1.5254
89 -2.30759
21 -3.13246
151 1.54124
71 -0.753983
204 2.46291
125 -1.89028
37 -2.28685
45 -1.85252
54 -1.51437
201 3.92966
57 -0.46854
273 15.9764
18 -2.98638
6 -3.34069
190 2.61363
35 1.44382
20 -2.62457
197 3.36935
55 -1.67574
88 -0.277222
9 -3.4312
35 -1.39463
20 -2.19695
66 -1.16529
32 -2.15439
55 -1.70681
10 -3.30656
71 -0.751831
183 2.7635
139 1.53687
226 5.33966
120 1.21419
83 0.0741043
204 2.46265
202 3.83798
35 -1.27066
105 0.741989
128 -4.45231
10 -2.86583
5 -3.3865
160 0.375778
192 2.04686
13 -102.15
6 -2.98828
58 -1.61216
11 -3.27845
14 -2.96146
58 -1.57959
101 1.00888
20 -2.97161
29 -2.52455
106 -1.19487
43 -1.8847
144 0.259628
150 1.71231
83 -0.77562
136 -25.5403
167 1.93222
20 -2.41776
8 -3.19954
41 -1.42006
175 2.01149
15 -3.05704
7 -3.37961
7 -4.09956
25 -2.4783
221 8.27802
20 -2.22376
5 -13.6296
32 -2.15575
112 -8.60508
7 -3.38728
110 1.5257
245 5.6476
89 -0.295326
53 -1.49616
98 0.0337601
44 -1.53532
40 -2.03751
64 -4.69955
199 2.6627
77 -0.933144
279 17.6284
139 1.53897
109 -2.01859
272 14.1683
43 -1.49376
293 21.5045
154 1.80321
24 -2.33841
25 -2.64851
9 -3.14551
87 -0.873405
188 2.42787
30 -4.42736
43 -2.20613
194 2.25778
31 -1.95713
2 -2.05406
67 -1.16834
44 -1.35044
52 -1.74439
168 0.179962
105 0.444641
292 21.0651
2 -18.077
11 -3.37949
281 17.9012
15 -3.16907
368 -2.72116
92 -14.6125
186 2.12036
264 17.3131
62 -1.50201
168 1.0939
32 -2.1553
207 4.84641
85 -1.28525
172 1.93608
226 5.33969
13 -1.83938
31 -2.5367
272 14.1716
125 -19.2619
243 9.81715
29 -1.68426
56 -1.20193
10 -2.86741
5 -2.87914
303 18.3219
58 -1.63671
102 46.6167
69 1.04427
158 1.96434
29 -1.60134
145 1.52707
192 1.99115
184 2.03481
167 2.5882
37 -2.23976
34 -2.39298
243 9.81726
246 12.3853
125 -13.8943
62 0.19558
35 -2.67339
128 1.21246
24 -1.59052
70 -0.387482
36 -2.423
7 -3.39908
14 -3.02304
35 -2.67969
68 -4.46302
34 -2.5581
69 -0.244537
2 -2.13183
296 21.3478
60 -1.54353
27 -2.35257
140 1.70741
73 -1.39711
70 -1.20367
33 -1.60271
86 -0.667534
19 -2.8702
11 -3.27582
149 0.684402
220 -6.83102
37 -2.24343
232 5.07642
192 4.0527
37 -1.38908
143 -0.593994
69 -1.34707
24 -0.773926
21 -2.24247
170 1.17955
295 22.3492
158 1.96893
267 -191.737
72 -1.12309
234 15.3522
31 -2.25314
248 17.2706
270 20.3202
158 4.26512
47 -0.0672188
41 -1.88659
248 16.9369
106 0.612328
260 12.9456
208 4.37767
146 1.77135
270 20.3195
208 3.33405
238 11.0221
39 -2.15964
15 -2.45246
102 0.931183
236 10.9537
89 -0.296181
58 -1.57988
209 5.39742
175 1.97778
55 -1.69635
43 -2.8137
133 -46.0086
158 1.88132
293 21.7654
137 -0.819534
171 1.93018
55 -1.71569
87 -1.77962
82 -0.811424
79 19.5906
70 -0.631287
19 -1.75161
274 15.3953
18 -2.17698
170 1.91513
163 1.66037
239 9.69588
88 0.330452
136 -25.4846
44 -0.778519
180 2.11223
126 -1.85925
243 10.6081
252 5.80627
87 -2.13533
153 -1.44824
243 9.81735
77 -1.12042
44 -4.24458
211 2.93121
186 2.10507
32 -4.98018
254 13.1487
41 -1.92875
227 14.4563
58 -1.61648
2 -3.61768
83 -0.161995
30 -2.28197
35 -1.2707
85 -11.6108
105 0.392845
123 1.31994
10 -3.34885
91 -0.222351
272 14.1556
76 -1.02267
57 -3.03368
269 -15.4013
57 -0.467834
109 -1.78927
72 -1.05952
44 -1.11846
3 -3.73424
145 1.79889
58 -1.61716
81 -0.280098
256 6.52933
249 12.1591
64 -4.69752
35 -1.41227
118 -19.9211
34 -2.47894
101 0.942978
10 -3.27395
255 12.7728
34 -2.6091
8 -3.35041
282 16.5649
71 -1.21178
125 -19.2994
62 0.211384
132 1.30341
12 -3.21266
254 16.4846
246 20.6168
40 -1.29808
6 -3.4468
37 -2.33426
174 2.00856
18 -4.61744
66 -4.77957
67 -1.16931
5 -13.6307
72 -1.06207
189 1.96358
182 2.02786
156 2.64198
92 -14.6128
52 -5.22863
9 -3.4322
109 0.509544
187 2.01683
15 -3.16343
24 -0.773468
51 -1.65418
23 -3.16073
36 -2.44541
17 -2.45389
7 -3.40524
158 1.80324
73 -0.777954
278 16.7456
245 -6.52211
88 1.37192
189 1.96359
71 -1.17435
144 0.271912
16 -3.11938
144 -0.396408
228 4.58427
28 -2.61493
14 -2.65224
9 -3.3941
34 -1.46242
42 -3.67337
13 -1.83495
51 -0.909317
8 -3.33336
36 -2.44633
221 8.27786
130 1.70471
21 -2.40435
89 -0.285637
132 1.30304
146 1.67558
178 2.00441
182 1.99475
58 -1.61551
281 16.7101
330 66.2375
20 -2.61462
201 8.43802
45 -1.54157
55 -1.66706
278 16.7456
10 -3.2737
193 2.27986
93 0.0444031
20 -2.96004
170 1.17973
16 -3.14594
176 1.96233
47 3.57744
247 10.2502
183 2.43028
227 7.99991
140 -0.721146
110 3.77177
45 -2.00881
282 17.3184
250 7.11903
183 1.95129
8 -3.21972
82 -0.837807
172 1.94832
15 -1.80495
51 -1.11048
127 1.64384
38 -1.45923
172 1.88951
141 1.12158
137 1.63963
221 8.27809
59 -1.66463
265 13.7686
13 -15.3503
254 13.1472
20 -2.60186
62 -0.706905
82 -0.838806
147 1.69473
104 -0.761963
337 -2.22269
194 1.94556
244 20.5323
23 -2.84838
260 11.5854
337 -2.25079
251 12.2291
243 9.81708
20 -2.62814
72 -0.326004
294 16.7552
2 -2.91547
48 -1.9413
171 1.33487
86 0.792709
134 1.33662
71 -0.812393
13 -1.81667
80 0.0768204
19 -2.48369
242 -10.6469
230 -11.7596
46 -1.63816
32 -2.15502
262 8.72183
112 1.51785
99 0.271317
69 -0.927208
122 -0.281532
35 -1.26997
23 -2.6923
117 0.927147
235 5.36873
34 -2.45724
19 -2.73933
222 7.0443
7 -3.38028
31 -2.22562
3 -2.84621
78 -0.897408
269 15.4096
190 2.9212
47 -1.60587
137 1.91649
15 -1.80513
36 -2.4506
116 1.23268
132 1.30307
249 12.1594
124 -1.78164
36 -2.42331
26 -1.83117
32 -2.11222
25 -1.18264
5 -3.44689
142 1.52911
110 -1.47324
55 -1.59682
249 7.54094
16 -2.96344
66 -4.22194
366 50.2327
37 -2.2714
90 -0.125191
92 -14.6091
14 -1.72535
4 -3.00853
55 -1.65974
246 8.2242
193 2.34103
99 -0.746368
125 -19.2533
89 1.33849
123 1.31982
118 1.46017
49 -0.152744
76 -1.13795
135 1.46393
72 -1.05739
183 2.08774
55 -1.64349
151 1.54222
61 -1.14981
72 -1.06099
104 -23.3902
13 -1.83961
220 3.80342
74 1.19487
243 -10.8645
33 -2.28201
199 2.66283
20 -2.62337
68 -0.4879
18 -3.24165
274 15.3958
68 -1.14112
109 1.09208
83 -0.775406
75 -4.13525
151 1.54466
109 0.210358
17 -2.81021
243 9.81709
2 -6.25891
63 -1.19311
49 -1.2689
13 -1.71864
14 -2.75446
13 -1.83575
104 -0.762329
189 2.1718
89 1.30748
189 2.35245
82 -0.155258
45 -1.8688
244 10.9429
255 12.1259
228 4.58423
27 -2.32534
2 -5.58888
194 2.25803
40 -1.95574
46 -2.02591
228 8.19098
5 -3.56167
5 -13.6297
118 1.33858
133 -5.50704
29 -1.85324
20 -3.27596
99 -2.60791
51 -1.33455
147 1.66205
132 1.31282
35 -2.67795
188 2.15036
83 -2.85103
157 1.87816
27 -2.60059
159 1.91232
14 -2.98062
165 1.14049
252 18.2247
4 -3.52872
168 1.92264
352 44.7324
257 35.7189
73 -0.240265
12 -1.77904
144 1.84198
263 9.40762
13 -1.83617
135 -1.28798
50 -1.25884
23 -2.77002
109 -2.01914
188 2.79814
66 -4.17528
50 -1.16043
355 26.6744
250 19.368
25 -2.67777
49 -0.154396
174 2.01068
233 9.21272
275 15.4263
249 12.1561
171 1.92998
110 1.52532
167 1.91258
79 0.714882
174 1.98175
49 -1.26548
157 1.86569
188 2.15034
38 -1.6044
109 0.685822
75 0.465759
176 1.96217
56 -1.20241
233 -9.14928
278 16.5034
151 1.54129
10 -3.27409
199 2.06204
139 1.64073
304 24.9381
174 1.98184
7 -3.33107
25 -1.7721
34 -2.45869
11 -3.28003
123 1.31984
131 -40.4018
160 1.81841
272 14.1737
83 -0.803818
120 1.26928
88 -0.317619
126 1.35868
188 2.15097
123 1.31986
29 -1.69568
101 -0.830132
147 7.16655
275 17.7343
170 1.17943
82 -0.331032
14 -1.81948
22 -2.5884
214 -257.325
263 14.2219
275 15.9081
201 3.93039
251 -3.01802
161 1.86084
162 -0.0705109
27 -2.33971
187 2.11546
184 2.06596
88 -0.414406
171 1.93704
46 -0.546303
85 0.905563
98 -0.836868
68 -1.21548
81 -0.418938
81 -15.5526
102 0.00691223
148 1.64491
94 0.115044
15 -1.77746
58 -1.5105
170 1.91678
75 0.34552
101 1.08779
124 0.74511
214 -257.314
79 -0.918739
18 -2.74197
91 0.0348663
92 0.0507202
243 9.81717
124 0.609276
35 -2.67525
166 1.88171
22 -1.74164
7 -2.49996
66 -0.537766
65 -1.17693
129 1.27264
187 1.16188
69 0.194885
8 -3.25028
72 -1.11104
88 -0.560669
25 -1.18073
235 15.2439
53 -0.839069
58 -1.63625
271 16.1701
73 0.359398
116 1.25526
9 -3.5201
34 -2.39378
103 -0.0155945
194 2.25739
195 2.30508
57 -0.469719
52 -1.43063
243 9.81709
230 4.01656
49 -1.27058
23 -2.46123
114 0.625557
35 -1.26994
36 -2.44783
287 19.7599
140 -0.847702
15 -2.61477
249 11.8627
29 -3.62323
4 -2.10457
24 -3.01604
92 0.0507965
44 -1.12863
27 -1.68979
255 -137.491
110 1.52538
26 -2.69959
287 21.0099
222 4.16711
49 -1.67553
15 -2.61476
49 -1.51151
84 -0.159851
31 -1.58337
245 -11.2306
14 -3.04865
91 -0.165947
96 0.155907
35 -2.6726
36 2.14941
83 -0.178719
95 15.8068
15 -2.61478
172 1.88258
230 4.01958
21 -2.04931
82 -1.49119
56 -1.20151
156 1.87662
79 0.713776
181 2.03551
259 20.6384
254 13.1473
128 -1.68852
183 1.89751
105 0.495499
246 -11.1137
133 1.27545
139 1.53787
263 9.40381
274 15.3957
249 7.54063
77 -1.0443
221 8.27771
197 4.51999
22 -2.89561
49 -0.154366
20 -3.1452
82 -0.813972
209 5.39784
72 -0.974365
39 -1.95811
15 -2.61491
235 9.864
84 -4.27252
3 1.0599
7 -3.33107
44 -1.27325
109 -0.327065
51 -1.1102
346 21.4842
170 4.96121
230 4.01012
294 21.8054
7 0.0841837
23 -1.57838
167 1.92223
199 2.06206
36 -2.31961
22 -2.94131
82 -0.57457
300 22.8197
257 11.6064
51 -0.205616
156 1.85287
166 1.85742
285 21.3947
49 -0.0321693
118 -19.9146
168 0.179367
170 3.23372
213 2.95862
50 -0.0395126
29 -2.60225
232 5.0762
87 -0.0847473
278 7.93695
330 66.3094
5 -3.38632
74 0.242493
189 4.14699
113 0.532303
9 -2.47625
20 -2.90637
35 -1.40363
88 -3.32239
164 1.8967
152 1.67523
90 -3.30302
50 -1.76252
36 -2.4471
78 -0.140961
253 10.7571
49 -1.49612
24 -0.771006
77 -12.272
116 -47.4404
221 8.27806
7 -3.33135
162 1.85954
147 0.11322
15 -2.61604
263 9.40344
351 45.3318
49 -1.26476
35 -1.39442
266 -226.614
188 2.15056
189 1.34425
155 1.79465
61 -0.570702
248 12.1752
181 1.9769
180 1.99246
13 0.201041
222 2.51099
96 0.206787
285 18.8914
151 1.54219
257 -65.31
84 -11.224
232 9.64018
72 -1.06203
9 -4.11687
18 -2.73448
58 -1.61657
330 66.3227
8 -3.42539
7 -2.49834
2 -2.53436
177 1.56891
264 16.097
152 1.83228
58 -1.63676
267 -191.721
44 -1.59764
184 2.05452
277 16.5061
104 50.4244
254 13.1481
7 -4.09952
79 0.990631
206 2.56841
82 -0.157089
2 -3.61654
13 -4.21078
112 0.991173
199 2.06223
35 -1.41302
248 9.8447
158 1.83612
75 -1.0869
164 1.8745
172 1.88928
364 53.1915
82 -1.95866
70 -0.722984
15 -3.77428
182 1.9948
254 13.1468
74 1.195
250 7.04428
164 1.84355
281 16.8086
68 -4.46303
174 -1.7029
24 -2.81072
88 0.417923
50 -2.37138
13 -1.83354
182 2.37457
125 -19.3024
108 0.243721
9 -0.893216
101 0.989876
18 -2.96157
41 -0.346443
174 1.98164
248 12.1753
278 16.759
40 -2.30619
333 33.9717
239 9.07672
49 -4.25235
28 -2.43474
263 6.30441
28 -2.55159
124 -14.2858
17 -1.70176
274 15.3958
159 0.870956
81 26.4359
245 -6.52423
14 -2.96211
72 -1.06215
243 9.817
21 -1.61381
202 7.64557
51 -1.41687
269 -0.428589
196 2.19017
35 -2.4903
230 14.9141
20 -2.77281
110 1.52576
157 -0.646606
177 1.83907
14 -4.6238
150 0.614044
82 -0.93177
35 -1.41952
112 1.51785
35 -2.67533
9 -3.48833
151 4.60503
125 -24.5698
58 -0.916725
32 -1.68793
249 12.1613
151 1.54089
132 1.315
167 1.94859
282 17.2614
28 -2.16477
81 -0.094429
13 -1.71872
293 21.5341
257 6.26007
35 -1.27024
89 0.269104
99 1.21648
131 -11.7939
151 1.54507
193 2.27988
104 -0.762146
274 15.3949
9 -3.41896
44 -2.14858
92 -14.6069
241 -204.623
177 2.57005
43 -0.214794
101 -2.06742
101 0.941643
71 -0.753395
256 12.9439
94 -0.196747
256 -52.5574
101 0.944756
10 -2.03432
36 -2.33594
13 -2.96078
90 0.722275
34 -2.39296
145 1.76146
2 -3.135
24 -3.07873
231 9.06755
6 -5.08228
336 1.22479
88 0.417732
4 -3.35463
150 1.7312
276 12.8193
58 -1.63028
28 -1.71904
48 -1.53683
45 -1.19493
56 -1.20205
251 21.7481
11 -100.976
23 -1.67624
83 -0.161453
169 1.95831
278 16.7457
96 -0.469513
71 -0.75415
180 1.82187
202 7.64471
218 6.80826
25 -1.43226
46 -1.00557
58 -1.63326
187 1.83455
25 -1.18065
81 1.05486
172 1.90564
20 -2.23422
278 16.7457
79 1.23557
101 0.284851
35 -1.27005
287 21.6044
104 -0.762054
33 -2.65328
188 2.5598
135 -1.29047
170 1.91495
207 4.84616
49 -1.25951
175 2.01093
289 19.9658
126 1.12407
348 21.1648
109 -1.78703
151 1.54442
71 -0.725937
272 16.1603
135 1.80502
226 5.33951
192 2.89517
52 -4.45299
245 5.64795
52 -4.71798
13 -2.73267
7 -4.09861
23 -1.82021
107 0.4739
4 -3.49213
146 2.50467
191 2.40953
168 1.84732
193 2.34537
81 22.187
35 -1.39643
55 0.0331612
54 -1.37885
253 11.2474
58 -1.63637
109 -2.01907
78 0.750496
193 4.70308
58 -1.49069
263 14.0119
88 0.417259
78 -12.2723
189 1.9637
8 -3.39601
50 -1.1591
96 0.65966
149 1.62553
278 7.93719
245 5.65338
66 -0.722839
56 -3.21532
304 24.7867
82 -1.17599
82 0.044632
230 4.03876
183 2.00253
275 16.9492
81 -4.06568
41 -1.39363
50 -1.70569
13 -1.8321
83 -0.161156
24 -1.68655
191 2.43655
166 1.85782
15 -2.61476
95 0.772987
147 0.246765
169 1.78316
57 -1.26363
49 -1.26688
7 -3.33323
171 1.93512
43 -1.38606
145 -0.120102
86 1.43164
28 -1.19506
259 11.1499
145 -0.212021
279 17.6446
214 3.38495
316 17.979
18 -3.21159
358 58.9784
68 0.143143
72 -1.10849
50 -1.44272
142 1.58929
124 1.004
363 43.0867
278 16.7457
5 -3.66318
224 4.11743
171 1.92961
22 -103.537
151 1.5406
265 14.9452
5 -3.66356
278 16.7456
232 5.07603
18 -2.73375
120 1.29643
144 1.53828
32 -2.15561
268 16.0297
287 16.0827
35 -2.47959
113 -3.26111
10 -3.2739
207 4.84569
4 -5.38602
247 11.0069
168 1.52837
35 -1.26987
360 7.43146
92 -3.18869
48 -1.01057
151 1.54146
238 9.69316
35 -2.44717
234 7.66357
227 8.9751
13 -1.71852
18 -2.99965
287 21.6079
25 -2.66819
101 0.869293
254 10.9403
100 0.354774
241 11.0099
79 0.869324
155 1.79782
79 -1.2788
181 2.10678
167 1.92232
157 1.86534
135 -1.2874
7 -2.5001
177 2.03606
58 -1.69377
63 -1.66983
24 -2.13234
162 1.87022
360 7.42847
35 -2.49204
11 -3.30627
3 -2.25605
49 -0.947227
168 1.09514
68 -4.4631
34 -2.08775
139 0.393387
24 -5.25396
221 8.27798
247 31.5052
303 18.9184
352 44.75
188 2.1503
76 -2.08897
9 -3.29451
204 2.46382
24 -0.0549088
229 8.22552
54 -1.38295
228 -11.5238
25 -2.47856
2 -2.13304
245 10.7499
254 13.15
126 1.79848
7 -2.25988
90 -0.325241
35 -1.39464
70 -0.660156
166 1.86816
43 -1.90379
88 0.804138
149 -1.99303
278 17.7251
185 2.1073
46 -0.0734711
10 -1.92029
119 1.27032
207 4.84634
218 7.24373
288 20.1357
13 -1.71916
13 -3.06479
22 -1.82555
187 2.08
184 4.93272
68 -1.34924
15 -2.61524
248 -205.989
68 -0.749771
281 17.8981
77 -0.0590515
13 -3.06311
6 -3.37849
54 -1.60366
276 12.8195
82 -0.164749
283 23.4356
24 -1.69001
150 1.79955
44 -2.6598
23 -2.78127
95 1.03819
336 1.46402
249 12.1588
142 55.1985
32 -2.5356
290 20.922
204 4.34279
148 1.3275
30 -1.63111
297 21.9753
154 1.33986
146 1.61172
137 1.75726
71 -1.24083
209 5.39786
99 1.16665
262 14.3058
48 -0.0393181
123 1.31972
88 0.692696
82 -0.157036
50 -1.2784
7 -0.341202
358 58.7462
105 0.770683
365 33.0868
260 12.8377
101 0.944702
124 1.31321
35 -1.39449
12 -3.00872
35 -1.41045
263 9.40436
20 -2.64942
229 8.98177
107 -27.9454
112 0.985977
35 -1.51528
125 1.32662
50 -1.28008
195 3.37056
7 0.0838828
87 -2.36581
5 -3.66319
161 1.86072
141 1.74879
204 2.46318
225 10.2997
205 3.92686
277 15.4577
14 -3.12717
82 -0.818939
114 -43.2819
282 17.3203
13 -1.83478
171 1.33481
162 1.59752
111 0.917145
71 -0.383728
9 -2.13713
140 -4.67801
112 0.950462
264 14.9268
108 0.618164
185 2.12192
41 -4.50317
92 0.0506897
170 1.1795
124 -1.78227
65 -1.37902
267 -191.726
78 -12.2388
170 1.91498
154 1.81511
125 -24.567
242 -10.6429
363 43.0853
266 13.524
273 16.8185
8 -3.26722
43 -1.30421
265 13.7684
315 22.0509
83 -4.26996
279 17.6278
228 -10.556
110 1.52529
230 4.01199
59 -1.61027
81 -11.2961
39 -0.308502
18 -1.68853
26 -4.41424
336 1.23575
71 -0.759911
61 -2.1461
152 1.74838
236 9.73378
52 -1.48735
235 5.37238
109 -1.78446
31 -2.16739
265 13.7694
286 15.0819
262 8.586
31 -2.26691
37 -2.32805
275 13.907
246 6.81589
112 0.967613
235 -191.685
74 1.19543
152 1.74911
40 -2.02883
138 -0.810928
195 3.58235
366 7.03613
156 1.89658
20 -119.273
77 0.574593
188 2.36885
157 1.3914
201 4.12108
177 1.83879
100 0.879868
51 -143.708
364 35.6042
233 9.32442
32 -2.1229
2 -3.05696
158 1.83127
347 60.677
246 22.2097
49 -0.0460472
201 3.94295
196 2.56468
210 4.47501
169 2.82251
69 -13.1042
168 1.52821
88 -0.333115
94 -3.00697
134 1.55139
73 -0.826904
99 0.926331
13 -1.83645
245 10.9792
34 2.21789
12 -4.81475
87 0.680313
298 21.8947
209 5.39758
36 -1.46062
26 -1.73502
36 -2.35058
255 9.29694
242 -10.6456
242 8.10693
234 -11.4203
27 -101.377
243 10.9244
24 -3.59055
370 48.5838
156 2.64279
170 1.91689
184 4.82771
110 -1.88921
56 -1.68868
38 -1.38826
101 0.94429
230 4.01691
263 9.40417
11 -100.845
50 -1.54165
161 1.56804
63 -0.481277
247 13.0562
103 -0.0169601
114 1.19739
170 1.84471
52 -1.41251
37 -1.69222
207 3.63707
236 5.83728
137 1.66971
103 -0.0157776
230 5.87419
39 -1.9963
172 1.935
112 1.51785
261 -50.5414
252 11.9442
16 -1.50995
257 35.7657
84 -1.61158
255 11.5971
158 1.52831
218 7.24411
4 -104.531
7 -4.09871
161 1.86089
103 -2.33834
56 -6.69234
79 -5.35809
202 2.47409
62 -0.885262
71 -0.759941
9 -3.36073
258 20.3836
35 -1.2701
95 -0.11882
164 2.06009
191 2.02672
199 2.50417
68 -4.46357
120 1.52029
35 -4.49961
336 1.46124
27 -2.34445
35 -1.27003
56 -3.40683
36 -2.44615
170 1.17963
101 0.990318
351 20.9771
9 -3.43073
156 1.85046
60 -0.222855
147 -2.29323
71 -0.753967
109 0.747444
49 -0.990704
35 -1.39441
91 1.01327
254 13.147
285 23.5441
54 -1.74651
113 1.22349
41 -1.37071
215 -248.668
289 15.5078
2 -18.0605
226 5.33958
117 1.42747
301 23.0954
77 0.148949
44 -1.84546
6 -0.352218
193 2.31749
78 -1.93602
96 -2.75999
43 -1.3678
265 15.3947
111 0.631203
250 -67.8298
96 -0.102585
34 -2.39973
118 -19.913
265 14.5967
25 -4.84039
30 -4.39725
189 4.62355
147 1.4644
120 0.296379
302 23.7469
9 -2.78241
45 -1.9505
297 9.52972
76 0.748665
101 0.365936
194 2.36224
113 0.547775
93 0.0264435
37 -0.368801
160 1.82205
275 -10.0931
190 2.67885
64 -4.69961
121 1.29953
270 16.0555
178 1.74078
85 -0.603882
90 -2.77495
22 -2.06867
15 -2.6149
303 18.3228
222 -8.48473
89 -0.285522
169 1.94475
77 -12.1218
138 1.58774
8 -3.42719
84 -11.2205
110 0.83535
199 2.06181
241 4.95276
245 5.65373
297 9.52954
262 15.3052
243 -10.8928
155 1.79164
135 1.43959
293 21.4928
74 -1.49525
44 -2.03104
136 -1.31061
81 -11.2945
27 -2.35385
94 -2.99119
50 -1.59656
235 5.37332
188 2.15086
169 1.69867
236 4.062
49 -0.15416
182 1.87624
190 2.54834
373 45.7456
34 -2.45754
35 -1.40285
61 -2.88826
150 1.74876
30 -2.56314
283 19.6114
112 -27.942
95 -0.398964
249 7.54089
95 0.0413513
124 -1.78115
247 11.1932
235 -11.4191
88 -0.368935
49 -0.154472
137 -0.936798
113 0.548561
362 43.0551
25 -4.93101
113 -8.64529
24 -5.2529
297 21.9127
264 13.4148
232 5.07661
108 0.242905
135 1.7005
140 -0.396973
118 -19.9146
189 2.26489
31 -2.22349
258 20.3831
286 21.1388
7 -2.49338
47 -1.89632
337 -2.25104
116 19.3068
262 8.51965
114 -1.06649
120 0.837982
368 48.1195
94 0.0159378
246 6.81581
56 -1.41988
78 0.13575
289 19.3791
154 1.80441
112 -1.68085
265 13.7679
332 34.3708
90 -0.519516
175 1.98271
11 -100.869
141 1.83617
346 50.86
150 1.77483
157 1.63376
49 -1.92747
193 1.89664
35 -2.4327
257 9.65649
26 -2.73062
159 1.66768
32 -2.80343
160 1.90601
43 -1.3704
160 1.90585
135 -1.22409
180 2.1122
88 1.24271
98 -0.594467
67 -0.459038
242 10.3466
185 1.88881
2 -2.88626
242 4.62442
88 0.417526
282 17.3182
145 1.69041
106 0.699364
101 0.943802
288 16.0325
207 2.90994
94 -0.814339
336 1.23581
162 0.364502
5 -3.66368
144 -3.63606
207 4.84607
257 10.8882
9 -3.42915
88 -3.3214
20 -2.94502
48 -0.0389366
11 -100.857
48 -1.60855
11 -22.9499
63 -1.35552
36 -2.41473
182 2.08348
263 9.40405
13 -1.83795
156 2.6414
43 -1.85131
13 -1.7186
74 -0.319382
244 5.65086
84 0.0454483
50 -6.58801
40 -1.98797
82 -0.155006
190 2.17561
212 3.28261
78 -0.848961
113 1.23035
67 -0.42749
109 -24.9889
36 -0.303257
72 -0.0659409
89 -0.29644
358 22.422
87 -0.367485
148 0.70401
280 17.6472
97 0.214294
40 -1.99294
118 -19.9189
170 1.91539
35 -1.27051
38 -0.257225
290 20.2257
126 1.34874
251 12.1528
254 13.1485
42 -0.277916
49 -1.26252
103 0.805901
227 -12.2527
31 -2.27694
233 -7.17674
33 -0.300858
186 2.10489
31 -2.16385
168 1.52832
251 12.9217
248 30.4893
94 0.485611
347 60.6754
25 -1.18082
302 3.08655
191 1.91397
116 0.93515
43 -0.274616
154 1.83328
242 7.58603
59 -2.13576
7 -3.32952
26 -2.16704
41 -1.14094
51 -1.18076
114 -16.2972
13 -3.05057
142 -0.801712
109 0.521393
121 1.08012
227 4.89291
235 5.3732
104 0.0339432
70 -0.603355
38 -2.7545
216 3.96715
196 3.76796
2 -3.51193
84 -0.166061
8 -3.42484
202 7.64516
74 -1.03993
170 -29.3459
134 1.40623
65 -1.20158
170 5.51863
54 -1.66669
273 15.9763
297 22.2165
250 -67.8419
39 -0.325859
82 -0.246796
39 -1.98452
103 -0.0124435
265 15.4538
8 -4.73026
112 1.517
254 13.1491
157 1.78793
230 8.297
226 5.34186
8 -3.42469
58 -1.63606
5 -4.79403
330 66.1371
50 -0.0691681
253 8.45996
141 -0.377686
129 1.15535
69 -0.71508
280 17.6531
261 13.0939
254 13.1537
240 -8.7851
270 -12.3078
61 -1.26254
131 -1.72418
202 2.3822
44 -1.63763
62 -1.11727
136 1.72601
303 18.9174
41 -1.37392
370 8.52499
68 -0.413635
151 1.54135
242 7.88857
106 0.460381
128 1.41681
38 -1.37498
218 7.17256
15 -1.80458
35 -3.09835
36 -1.41087
291 15.6393
116 1.20318
254 13.1499
52 -1.95185
328 85.635
186 2.10492
241 1.5273
364 35.6139
125 -24.5997
107 0.816277
66 -4.17536
272 23.3452
52 -1.47674
362 54.3949
263 14.3393
336 1.44937
78 -1.93661
207 2.90875
5 -4.79439
112 0.367523
102 0.40799
92 -14.6077
48 -1.12416
132 1.3094
99 -8.3459
82 -0.243668
118 -19.916
13 -2.78154
243 9.81738
236 -152.259
26 -2.60908
192 2.19299
129 1.15417
199 2.06203
70 -0.724228
236 -161.002
140 1.57855
139 -0.894241
230 4.01422
45 -1.75814
9 -0.894105
364 35.6226
155 1.79506
38 -0.206085
299 23.1038
270 20.3267
62 -3.013
158 1.8649
107 9.06288
370 2.16965
235 9.85562
240 9.81607
102 1.02426
63 -1.04248
159 1.84116
97 7.24963
361 55.4903
330 27.4204
162 1.81474
116 1.08836
67 -0.429535
90 69.0767
267 -191.759
238 -249.126
235 9.85605
92 -16.3423
68 -4.46385
290 15.4668
269 20.7174
193 2.28043
139 1.51813
99 0.416
209 5.39725
260 11.9649
101 0.989113
210 3.6633
36 -1.44546
201 3.92979
214 -257.318
18 -2.73059
146 1.32602
74 1.19508
89 0.315842
151 1.68576
129 1.15573
8 -3.25636
51 -1.32533
248 12.2996
292 21.0667
249 12.3614
268 15.545
98 1.00157
252 11.9804
5 -3.23687
49 -0.153976
161 1.81738
83 -0.775566
133 0.828644
105 0.763893
153 1.54893
7 -2.12192
49 -0.154026
151 1.54451
140 -0.872162
207 4.8463
258 -2.62936
352 44.7371
170 1.91499
123 1.51945
280 17.6655
37 -2.03642
254 13.1506
245 5.59685
243 -10.8424
95 -0.238335
148 1.74655
62 -4.82014
25 -2.47849
161 2.24879
261 8.41962
91 -0.233223
11 -101.003
6 -3.54608
118 -39.3968
346 50.9551
39 -0.797649
172 1.96275
74 1.19514
240 7.11266
123 -56.001
297 9.52942
128 1.21207
110 3.76357
87 -0.500038
135 -1.42715
293 21.5334
352 44.7506
101 0.944702
110 1.52528
141 4.26828
140 -0.0283661
34 -2.39364
83 -0.161537
170 1.91673
121 1.08028
52 -0.905113
235 9.37042
150 1.90401
32 -2.5346
5 -4.78357
246 -142.48
127 1.54074
141 -0.287476
109 0.505241
146 1.3131
256 6.67993
10 -2.8666
68 -4.46305
48 -4.30913
98 0.346786
190 2.61823
141 -0.764862
186 2.10503
143 -0.426239
126 -1.92761
241 6.48328
16 -2.58015
236 9.77238
135 1.34138
225 -13.3829
352 44.7554
26 -2.58846
246 6.81648
240 6.21227
40 -0.160118
140 1.61308
144 0.686737
50 -1.28106
288 14.8795
256 11.5876
361 55.6321
140 3.4355
158 1.85692
144 1.25978
246 -11.7299
235 -13.0958
278 16.2391
135 -1.40442
25 -2.09005
7 -3.33143
36 -2.23212
259 8.52048
54 1.11328
177 2.57004
60 -2.95879
169 1.69861
36 -0.155197
360 56.9931
256 6.4469
226 5.33978
35 -1.26997
125 -57.8278
70 -0.721588
25 -1.18076
111 -28.6
137 0.942413
165 1.18115
236 -102.792
51 -1.11074
334 17.4771
188 2.2339
242 -10.6464
100 0.104012
159 1.63913
254 13.1525
141 1.68355
114 0.484276
315 23.8375
32 -2.41285
89 -0.296089
92 -0.479034
176 2.22581
229 -8.76747
267 -191.725
194 2.25752
109 0.682961
290 15.5501
315 22.047
23 -5.23102
156 2.64183
218 7.24379
329 2.67307
273 11.3426
179 2.10577
25 -1.1807
132 -1.04701
120 1.06774
219 4.51553
128 1.21353
240 25.928
355 26.7917
346 50.8569
97 -0.157623
98 0.747169
25 -2.47868
170 1.9169
35 -1.71429
360 7.41922
240 7.10674
234 7.07518
258 -123.344
158 1.8712
288 19.1055
130 -34.89
96 -0.255676
329 36.9668
26 -4.23192
89 -9.06684
11 -101.115
5 -4.74638
262 8.50818
131 1.39789
91 0.548424
246 -11.7478
115 -8.22872
170 1.91502
19 -4.84213
292 21.0912
125 -19.2537
147 5.3129
7 -0.336829
13 -3.01693
188 2.15085
258 13.7445
337 -2.25095
237 9.18321
257 9.65903
130 1.65576
20 -4.55269
189 2.21112
66 -4.21634
214 9.9814
367 -81.3541
50 -1.26373
245 10.9809
273 15.9766
13 -1.83962
3 -14.6096
104 -0.762146
62 -0.394382
24 -2.88653
222 4.56631
106 0.470833
180 2.11624
144 1.83295
58 -1.23977
102 -7.02702
220 -244.546
64 -4.69782
73 -0.474686
5 -4.74548
300 9.24921
268 15.7065
67 -1.32831
246 6.81635
150 1.56947
103 -0.0119858
141 1.62779
112 1.01429
120 1.32759
83 -0.774986
202 3.53577
132 1.31245
150 -0.662277
40 -0.192024
96 -0.34185
77 0.717514
71 -0.336441
294 16.4968
152 1.76576
269 -0.428406
256 6.26379
171 1.29469
172 1.93716
23 -2.43098
304 24.7865
73 -1.78983
232 9.64006
64 -4.69782
257 35.7271
236 9.77267
63 0.240032
125 -13.9814
302 9.88049
293 9.16833
233 9.10309
197 3.36708
12 -2.54006
249 10.1854
88 1.3646
50 -6.57412
267 15.1015
11 -3.27879
55 -7.42094
220 -11.907
120 0.304451
4 -5.38331
42 -0.175331
77 0.576683
278 7.93738
257 35.7473
35 -1.41693
185 1.7977
230 4.00966
38 -0.664864
272 17.1249
235 -191.599
348 8.95154
33 -2.53634
232 5.41463
52 -1.81073
101 -5.11967
74 1.19501
112 0.990974
112 -3.69857
348 -2.77194
158 1.81187
28 0.711056
259 13.9429
115 -69.6207
132 1.45883
121 1.0792
88 0.192795
50 -3.44977
112 1.31683
242 10.6794
136 -25.4523
114 0.86544
112 0.991531
149 -1.9928
11 -22.9799
62 -0.39249
39 -0.176506
31 -2.37365
181 2.49152
44 -3.40184
249 7.53983
157 1.98544
249 12.1677
44 -0.778484
92 -0.390739
91 -0.591904
330 66.253
35 -4.20821
82 -0.591164
152 1.74115
128 -4.45237
270 20.3226
341 21.1155
232 9.64032
7 -0.339855
9 -3.22434
25 -2.93554
103 0.125191
266 20.6806
33 -3.94953
257 35.7625
15 -2.61486
249 7.53868
139 1.50204
5 -3.38546
123 1.38343
182 2.0278
170 -29.3266
59 -0.980587
44 -0.182594
87 -1.85698
236 -185.563
139 -15.392
293 9.1684
63 0.250313
239 6.36203
34 -2.45652
270 16.653
50 -1.26225
103 -0.0346909
62 -0.392742
303 18.9182
235 11.3046
70 0.64476
149 -8.89119
254 5.74524
136 -7.04636
308 22.4619
297 9.8082
119 1.54986
64 -4.69718
267 -191.724
256 10.7265
113 1.00105
137 -1.2106
240 11.2975
128 -4.45206
22 -3.10319
250 13.4229
43 -2.13443
287 19.0458
30 -4.40129
5 -4.79382
128 1.00772
351 20.9788
124 -1.78259
287 14.0886
50 -1.92881
81 -11.2956
27 -2.75793
356 60.7411
123 1.45268
273 -10.014
228 12.7989
12 -4.06944
58 -4.40827
224 7.06709
212 3.28265
107 -8.5889
341 2.88901
180 1.95758
256 10.4182
318 23.9915
174 2.00772
152 28.7127
30 -4.40208
62 -1.1583
240 9.25462
348 8.93628
119 -0.638863
121 -2.01432
126 1.79827
164 1.88362
150 1.6777
129 1.15543
261 12.6042
214 -257.327
101 -2.06806
220 -231.933
13 -1.83644
275 17.2399
72 -1.09669
177 1.8597
244 9.80971
127 -38.5865
152 1.76845
292 21.0667
247 10.2498
267 -191.726
89 -0.650871
372 16.6506
92 0.38752
48 -0.0394859
249 10.1625
50 -1.14889
289 15.5075
3 -3.3965
232 5.07623
10 -2.86772
214 -257.338
151 1.54445
70 -0.723534
124 1.33219
183 1.64635
110 1.52522
31 -2.33024
78 1.25248
194 4.50827
318 26.9111
243 9.81752
175 1.99625
35 -0.240211
267 -191.726
181 2.1087
287 33.0466
136 -25.541
2 -3.61767
214 3.56357
366 20.0504
22 -3.85919
47 -0.0372772
305 25.1445
177 1.84033
126 1.79847
140 3.43604
245 5.59671
261 -50.5398
86 0.446472
84 0.692749
347 36.8397
49 -1.58989
100 -0.503677
261 14.8541
40 -1.18678
241 20.9303
259 6.03223
100 1.05872
110 -4.14802
76 -1.86803
139 1.50099
257 10.8881
116 -37.5407
57 -0.467945
123 1.09279
133 0.894455
94 -0.495323
7 -2.49256
8 -3.42321
109 -1.83669
162 1.37747
85 -2.17924
325 7.53925
62 0.21109
118 -19.9142
127 1.33963
276 22.5137
54 -0.158108
150 1.5631
101 0.944153
260 12.1843
110 1.52528
100 -8.79238
79 -0.848251
276 12.8184
193 2.3463
260 8.5191
83 -0.783531
257 -196.433
221 3.6721
239 -236.58
97 -0.0464172
288 7.16174
142 1.08376
185 2.24426
282 17.3208
280 17.6602
243 -10.9195
50 -0.0741997
157 1.63492
337 -2.25058
144 1.17281
197 2.54805
130 1.3963
280 17.6503
202 2.54854
51 -0.769924
169 1.97771
82 -0.247818
262 8.50882
148 6.22668
240 6.03377
100 0.395058
97 1.0277
77 -0.72139
111 1.11077
51 -1.11041
90 -0.519569
50 -1.21306
111 -30.9336
94 -3.22144
248 -160.222
40 -0.596138
115 -3.7956
218 3.54295
106 0.470688
81 -0.355064
176 1.96233
40 -2.03412
83 -2.85294
2 -3.35333
246 6.87872
77 -1.71761
237 7.48589
111 -1.59245
294 16.2445
39 2.39706
128 -4.4521
358 58.0639
261 -50.5414
179 1.83195
225 -250.938
52 -1.85277
277 19.7409
71 -1.21674
98 0.255241
336 1.60922
88 0.663849
4 -3.67612
237 1.80672
9 -3.0603
250 12.4507
204 2.46211
136 1.09201
201 3.92993
242 -10.644
123 -40.0466
137 1.37302
99 -2.5498
83 0.688629
25 -1.18248
94 -0.341423
287 33.0453
336 1.23676
336 1.23764
10 -2.86758
70 -0.820297
4 -2.62317
40 -2.06628
313 25.7553
348 -2.77271
256 6.52933
167 1.91121
288 16.0056
163 1.90558
306 23.8339
129 0.601364
109 0.521309
368 -5.20944
154 1.80344
5 -4.79403
181 2.03833
156 2.64188
28 -5.17058
55 -1.53711
55 -7.42005
214 -257.33
152 1.64937
254 12.941
311 23.8092
267 -191.758
164 1.86264
110 -1.42818
276 12.8138
243 -10.6452
248 7.08498
371 45.1024
321 -9.0871
250 7.3313
201 3.05586
333 25.5415
164 1.94846
8 -3.44818
136 0.678711
216 3.96744
63 -0.464447
72 -0.0659409
160 1.83121
160 1.85718
153 1.77898
207 3.0721
190 2.24077
99 0.0652161
81 -0.476105
300 19.9033
187 2.14787
71 -0.758789
230 4.01962
48 -0.852959
92 -16.3367
248 10.8387
305 21.4224
148 1.71432
184 0.42923
308 19.5681
172 1.93651
112 0.390984
213 3.76746
51 -1.11016
187 2.1403
151 1.75323
35 -2.65307
96 -0.297173
175 1.98079
39 -1.74603
132 1.30338
137 1.0495
123 1.31979
105 -8.10196
253 11.271
267 -191.719
307 25.5438
246 6.81671
2 -2.82974
267 -226.646
145 1.30428
15 -3.18526
200 2.19612
292 15.1454
83 -0.80378
53 -1.36085
232 9.6403
51 -1.11034
161 1.86053
140 3.43597
178 2.14635
255 13.0531
2 -3.42528
367 -78.2622
240 5.99567
6 -98.6416
330 13.2816
219 6.82735
35 -1.71407
37 -1.9693
135 -1.14287
106 0.844955
61 -3.06151
366 49.9489
316 29.6653
23 -2.7127
257 10.8881
110 3.76283
305 22.4429
262 8.52853
23 -2.8019
253 6.62396
30 -4.42083
219 4.10352
153 1.68065
149 -1.99275
83 1.27685
234 7.36667
220 3.8022
12 -35.2577
228 4.55954
241 20.9303
220 -231.853
69 -1.67699
75 0.581413
340 25.2699
226 -262.77
110 -1.88844
10 -2.86589
144 0.326752
184 4.51485
43 -1.77898
89 -0.628418
56 -1.20242
104 -29.2118
170 1.91722
88 0.417465
263 9.40396
66 -0.939911
11 -3.28516
90 -0.519722
267 -191.757
72 -0.065979
7 -2.49016
112 1.24706
220 -231.947
87 -0.72464
84 0.703621
313 25.7488
77 -1.38374
21 -1.79113
121 -89.6283
297 9.52954
324 73.5329
61 -0.695118
187 1.14731
337 -2.25079
231 -10.5808
299 17.253
364 35.5905
215 3.92212
13 -38.6453
249 7.54073
154 1.77513
170 1.91505
264 9.65186
96 1.01733
341 4.98654
92 0.691109
231 -95.9848
124 -1.78153
202 3.53749
109 0.683189
157 1.63409
254 13.152
187 2.15443
125 0.52372
71 -0.755287
249 7.54118
226 5.3418
287 20.9107
137 -0.819077
125 1.30914
143 1.14796
103 0.311905
125 -13.7867
247 14.2399
186 2.10497
132 1.31242
351 20.9771
186 4.37738
265 13.7692
68 0.771393
185 2.22882
75 -0.791374
20 -3.05494
188 2.31508
141 0.505234
297 9.52954
12 -3.64838
147 1.59419
214 -257.334
101 -0.478027
337 -2.25089
6 -89.4751
154 1.83011
288 14.8792
72 -0.303734
300 23.0053
109 0.521301
194 2.15517
78 -0.676949
42 -1.87204
29 -3.61409
124 1.3945
166 1.92311
144 1.2701
122 1.09443
51 -0.711731
250 12.3561
262 12.3873
128 -4.45216
362 43.0498
108 1.1117
71 -0.749077
242 10.6404
96 0.169609
248 8.05467
22 -2.89735
287 20.911
195 2.48102
331 27.236
29 -3.62597
189 2.37181
292 21.0848
68 -1.68066
26 -1.59695
325 4.1965
104 -0.762054
214 -257.335
70 -0.722771
158 1.85687
139 1.5014
180 1.94244
135 1.43195
139 1.50061
63 0.251343
172 1.90646
112 1.51786
250 -67.8278
336 1.23602
113 0.73642
9 -4.11608
248 12.1749
63 -0.222668
329 36.9011
116 19.2746
83 -0.161751
363 22.9922
171 1.33496
13 -3.66718
141 4.29176
128 1.21304
30 -4.82904
267 14.8988
201 8.43791
98 -8.40398
231 6.03996
69 -0.723381
172 1.91281
132 1.30302
146 1.0396
172 1.98775
25 -2.47892
70 0.645813
73 -0.208069
25 -2.12231
150 -23.0814
230 4.01758
267 -191.725
65 -2.87219
16 -2.58219
306 23.8321
186 2.12474
211 3.1376
337 -2.25079
46 -0.663567
229 -7.14987
370 2.24832
245 -145.404
234 -256.224
282 17.3206
54 -1.51204
244 5.60442
234 7.66197
202 3.53757
273 15.967
132 1.31175
24 -2.47835
96 -2.75966
249 7.53989
38 -24.6441
304 19.2555
267 -191.724
70 0.644447
64 -1.16827
178 1.9902
374 45.6407
150 -23.0831
95 0.0578079
150 1.59055
182 0.0727692
194 4.49078
272 14.1699
144 1.15381
90 -0.519478
220 -232.061
169 1.65944
124 1.27454
224 4.12363
226 5.3396
224 -6.97498
172 1.93613
214 -257.315
170 -29.3421
287 20.9114
161 1.86099
320 27.3498
181 2.27939
148 -1.26077
64 -4.69701
188 2.43465
325 91.0774
143 1.17383
72 -0.0658798
330 10.5351
242 6.41801
142 54.5599
287 18.7315
256 12.741
238 8.32286
272 14.1683
124 1.46639
228 4.39955
113 -8.64474
307 25.5419
47 -1.71524
80 -0.358406
64 -4.74022
140 1.22618
136 0.678543
245 -180.102
139 1.49763
7 -2.49216
2 -0.161027
225 -12.1959
172 1.90663
35 -1.41722
89 -1.04221
96 5.03633
183 2.22231
72 -2.82631
170 5.51871
167 2.07979
121 1.07982
336 1.23618
220 -231.82
115 0.472313
289 7.17117
267 14.2029
118 -19.9163
85 -0.304344
17 3.84301
372 21.9539
308 19.567
185 2.20079
314 23.9445
365 14.1231
235 -6.68665
158 1.82092
155 1.71542
62 0.235638
117 1.10956
347 16.1189
193 2.29115
65 -0.96077
128 -4.45205
104 0.880028
83 -0.161652
135 1.50706
22 -103.544
142 1.83878
255 -130.317
271 16.9916
103 0.921936
71 -0.753967
13 -1.83952
41 -3.23495
141 1.70996
218 3.58112
291 8.75003
172 1.90514
191 2.24728
135 -1.28841
59 -0.601067
93 -0.71064
5 -3.66343
372 21.9669
116 -72.0106
279 17.6459
231 -254.33
103 0.545891
7 -2.49217
105 0.418915
40 -1.18628
44 -1.62227
224 4.11862
169 1.69859
136 0.678528
366 20.0391
24 -5.25296
185 2.31219
121 0.823708
29 -3.62584
121 1.32733
73 -12.778
187 2.19646
4 -3.52648
62 -4.66393
22 -2.94929
129 -70.68
109 0.929413
48 -1.96492
176 1.96236
63 -0.471378
330 65.8157
167 1.92137
300 17.7675
59 -0.470776
248 8.05682
193 2.27942
158 5.76279
21 -1.79132
337 -2.25052
7 -15.2261
136 0.782684
105 0.418785
174 2.01224
41 -1.90212
114 1.31343
144 1.68637
351 20.977
234 7.46599
229 4.59203
73 -0.645065
105 -2.29889
145 1.68649
149 1.6927
105 0.418999
174 2.01212
96 -1.02505
31 -4.10277
158 1.85643
201 3.92738
3 -101.792
294 21.44
112 0.995796
3 -3.31911
145 1.76141
202 3.536
81 0.711945
245 5.59509
330 10.5346
68 -1.14109
309 23.6313
169 1.73622
230 -258.984
49 -0.0758095
317 8.81949
265 21.9039
109 0.52137
261 6.69824
254 16.3014
151 1.71254
145 1.73502
180 2.01872
162 1.70285
170 1.91528
89 -0.271072
24 -5.25283
5 -3.69068
105 0.418968
236 6.86993
222 -7.31458
125 -24.5996
257 9.65964
2 -18.0545
263 9.40842
56 -1.35689
87 -0.39978
178 8.13072
157 1.74796
330 46.487
297 9.52954
150 1.563
348 21.8996
220 -231.818
103 0.545578
60 -0.927799
228 4.97333
115 -3.80898
71 -1.25052
214 3.39973
115 -3.83599
68 -4.46274
254 9.24237
229 6.92911
225 -12.1393
287 33.045
2 -94.4586
348 -2.77307
140 3.4361
125 -13.9833
150 1.44316
65 -0.85112
97 1.19157
125 -19.2611
92 0.245781
219 3.64581
231 7.16008
239 6.32768
316 25.5558
196 2.56499
79 0.865555
262 9.06952
235 4.1931
48 -0.0404549
81 -0.501442
172 0.982559
125 -19.2642
220 3.80197
28 -7.71378
116 -70.1928
149 1.66074
75 -1.2576
9 -93.6482
187 1.78056
162 1.9005
268 22.3022
293 20.1783
39 -0.325058
36 0.068676
214 -257.329
195 2.22668
320 24.1588
106 5.78558
141 1.79332
261 -50.5398
104 -0.762291
54 -4.06586
46 -3.65706
132 1.30048
110 0.354141
214 -257.328
171 1.92953
244 18.6255
257 7.66321
249 12.164
346 11.9473
346 50.8477
347 60.6794
246 6.81644
201 8.43773
106 0.478691
140 1.22662
262 8.55368
125 -24.5997
122 1.36717
142 55.1523
186 1.68221
43 -0.2201
231 4.92618
156 2.64037
230 4.41637
330 27.4207
242 -10.638
70 0.644623
298 17.1177
13 -106.959
236 0.0622406
228 7.1882
294 16.7558
124 1.27755
363 43.0844
330 66.1262
310 -21.795
327 19.5374
238 18.9373
185 1.79796
244 5.50595
140 1.2448
296 5.12692
309 -11.8512
120 1.25469
325 17.8161
158 1.87132
282 17.3181
287 13.7067
157 1.77481
274 18.9908
214 3.58185
315 22.0499
348 -2.77295
11 -22.3427
246 6.6765
88 0.657417
303 18.9181
276 12.8142
11 -22.9837
172 1.90535
127 0.77179
85 1.28523
154 1.80362
60 -1.20826
13 -3.05304
58 -1.25048
157 1.78177
223 -11.5848
32 -1.28416
168 1.65434
255 4.30939
68 -4.46254
243 5.3857
267 5.2851
14 -2.92351
208 3.69022
150 1.50594
253 8.87048
83 -0.878517
288 7.16403
297 9.52936
260 14.2656
132 0.930206
306 23.8324
352 2.82111
311 34.7843
307 23.8341
161 1.86086
186 2.12038
232 -86.9395
346 11.8897
109 0.241837
13 -3.29219
181 1.75949
141 1.21681
83 -0.493568
220 7.91748
11 -22.986
235 4.19624
139 -2.1655
7 -2.50153
224 -248.593
125 0.896317
364 35.6056
24 -5.25316
288 14.6839
371 -5.49384
309 19.3885
218 7.24342
201 3.94122
322 24.0901
262 8.53079
128 -4.45187
248 4.5336
27 -101.41
251 -164.868
83 -0.161728
106 0.0542908
350 63.8225
345 4.56876
30 -4.33239
170 1.91495
7 -2.4932
220 -247.879
180 2.11963
246 -11.7336
44 -2.73898
201 2.50603
63 -0.482277
170 1.91499
225 -10.1642
196 2.56448
264 8.65625
160 1.87082
172 1.93613
108 5.5921
30 -4.39968
227 6.82614
327 19.5413
140 1.29202
142 1.12279
172 1.91313
371 -5.49503
115 -3.84476
56 -1.72942
316 25.5761
351 20.9788
346 50.8828
326 85.6454
293 9.16788
42 -0.132912
150 1.39441
88 0.417603
273 15.9766
201 8.4368
304 3.17084
237 -24.0742
230 4.01472
88 0.665436
287 14.555
32 -2.87184
220 -231.926
262 8.11053
360 20.8976
58 -3.78048
246 -11.5542
142 1.63051
218 4.55029
304 19.2557
362 24.1632
62 -0.717243
49 -1.53727
151 -2.68358
150 0.546707
170 1.91504
273 11.3434
276 12.8197
273 11.3426
48 -2.20594
178 1.9342
119 1.27985
366 49.9454
39 -11.1412
300 9.24893
272 5.76715
129 0.756195
24 -4.78028
199 2.0654
194 2.49223
40 -1.18202
195 2.31894
58 -1.24503
265 11.1365
165 2.0029
273 11.3435
23 -4.5583
123 1.25648
263 15.3624
50 -6.53386
210 3.80139
94 0.117073
230 -258.267
325 17.8183
244 7.1044
248 -174.812
149 -1.99274
113 0.680283
112 0.977623
27 -101.367
214 3.46988
90 -0.507973
119 4.39347
218 3.12003
359 58.5716
34 -2.55851
259 14.0022
222 6.73369
140 1.22592
228 8.2998
201 8.43723
6 -10.3642
293 21.333
103 0.54583
267 -191.757
11 -101.098
99 -2.87911
22 -103.54
46 21.76
176 2.05922
169 1.99773
93 -0.472694
186 2.12018
74 1.19563
141 1.21706
199 2.52414
157 1.63396
336 13.1682
213 9.75934
313 69.5291
238 18.4698
299 -0.341187
129 1.15549
158 1.87886
46 -2.31421
102 0.126106
304 19.2559
136 0.679199
276 12.8196
363 17.6876
11 -22.982
257 11.0441
276 12.8195
197 2.45212
71 -0.761459
10 -24.9771
373 1.94006
255 8.82108
99 1.29211
180 2.11852
63 -0.739841
346 50.8751
362 43.0547
148 1.71461
268 17.1458
147 -0.423523
60 -4.64519
132 0.929718
304 19.2556
334 25.6419
49 -0.124241
193 2.27979
164 1.9335
205 2.67917
111 -1.59247
259 12.3961
132 1.30292
193 2.49176
180 2.01842
113 0.590683
234 9.52225
304 19.258
240 -140.696
366 49.9486
198 2.30965
273 -12.5274
267 -191.725
116 -70.7729
101 0.990097
37 -2.35233
153 3.19574
84 -0.450874
273 11.5703
10 -3.34919
180 8.14139
228 4.58394
141 1.6851
230 4.02155
111 0.937317
340 25.5911
243 19.8261
185 2.15602
167 5.34499
267 -191.757
217 -7.89914
223 3.81812
198 2.25366
315 -6.08392
362 54.4253
38 -24.631
296 17.309
366 32.9771
113 -5.95354
14 -3.75161
20 -4.31077
269 11.411
34 -128.024
263 9.41022
165 1.65474
48 -0.0389023
46 -1.52612
250 7.11913
281 17.3665
136 -25.4589
320 24.1588
317 8.82132
236 4.03331
270 17.2281
151 1.54121
142 1.58923
158 1.4476
330 2.58054
161 1.93134
171 2.12601
32 -2.53325
330 2.58011
89 -9.06839
125 -0.309547
370 8.5383
372 21.9571
299 7.18747
220 3.63814
262 4.85358
360 -1.065
269 11.5886
23 -5.23061
294 16.472
286 13.242
270 16.7063
84 -0.426544
229 4.59251
186 2.05232
85 0.905746
88 0.665436
359 58.5667
95 -0.226929
17 -4.65757
152 1.78813
85 -0.791565
151 1.54173
104 0.703613
156 1.86687
38 -24.6174
220 -242.595
317 9.50427
307 23.8341
285 14.2224
108 1.72467
125 -24.5965
330 66.4337
304 19.2556
200 2.13388
54 -0.75938
69 -1.29314
59 -1.17564
100 1.27688
101 0.365135
347 60.6746
221 4.05463
110 0.318604
210 -5.0699
214 -257.338
166 5.36449
49 -0.871758
304 19.257
290 7.69568
67 -0.809113
267 -13.9848
336 1.23721
187 2.2641
172 1.91397
307 10.0255
266 -2.29089
232 -247.135
269 -0.425812
14 -3.75268
195 2.15668
227 -252.904
244 -160.505
342 58.6604
212 3.28258
363 55.0133
308 19.5607
89 -0.665222
246 6.81653
335 2.91391
150 1.88879
261 6.45654
198 2.25389
158 1.85674
11 -22.3409
158 1.87122
177 2.06267
93 0.0191803
245 10.9858
154 25.0654
2 -3.27557
203 2.50655
248 -68.1493
83 -0.416565
352 44.7186
72 -1.10892
82 -0.796745
220 2.38237
282 -6.7782
320 24.1589
263 8.58078
95 -3.19827
4 -15.6485
226 5.33966
70 -0.723083
351 17.3212
88 0.66526
170 5.51866
105 0.418938
247 7.91605
334 10.7341
92 -1.48466
231 8.25824
301 21.6025
44 -3.92896
293 21.4734
62 -0.391441
186 2.31197
168 4.40796
167 6.68605
179 10.1681
298 17.1138
280 -0.113037
130 1.44933
262 14.317
373 1.94232
278 11.8361
151 1.71181
225 4.5676
5 -4.79375
321 35.766
330 66.6551
242 3.7507
196 2.14041
7 -2.50051
236 4.06154
246 6.81648
32 -1.28404
167 5.18733
7 2.9919
50 -6.54976
232 6.79265
77 0.575371
96 0.11293
265 14.378
67 -0.699814
180 2.01875
334 17.4508
359 58.5623
228 12.7597
128 -1.89383
16 -8.65039
104 0.462463
341 21.0955
287 16.037
226 4.8687
109 0.464348
282 17.3213
257 10.8879
280 17.3185
320 85.2215
6 -0.313224
232 7.57922
267 -191.726
177 1.83975
182 2.02925
88 0.4823
186 2.12032
235 -191.598
82 -0.164566
29 -7.22532
274 17.2422
132 1.12802
300 9.24908
230 6.77031
123 1.29306
287 33.0454
199 2.0621
7 0.0838504
245 5.59756
262 4.89789
102 0.421982
32 -2.53413
215 3.76251
29 -3.61489
170 1.91495
73 -1.78967
160 1.99348
269 -0.428497
136 0.969452
185 2.3168
313 25.7827
286 18.2497
151 1.5612
146 1.2287
203 2.17535
253 18.7962
83 -2.84927
82 -0.167061
118 -19.9128
258 8.31168
288 15.6274
307 23.8339
186 2.12029
242 8.11377
374 45.6967
224 3.99245
320 24.1588
57 -1.69483
273 15.9767
230 4.41631
106 0.464302
261 10.3888
66 -0.984253
94 -0.335732
186 2.12044
294 16.7558
285 18.2907
229 -262.286
172 1.9061
280 17.1543
32 -89.012
116 19.4119
178 1.8298
360 43.4179
179 2.06796
165 1.90416
153 1.88065
35 -0.308685
339 67.5388
31 -2.35719
83 -2.85371
187 1.83954
174 2.19258
257 10.8882
279 14.0826
371 9.96616
195 2.12463
233 7.90852
343 30.5212
44 -0.778187
311 62.1233
231 4.52708
13 -1.83819
312 26.959
106 0.48378
124 -1.78162
115 -3.8064
214 3.56488
85 0.905571
301 22.9495
358 59.3963
267 -191.727
124 0.874596
248 8.05623
234 -6.53267
176 1.96246
293 -20.7177
232 -6.93536
308 23.7441
58 -1.71753
262 13.8506
188 2.12724
249 7.53914
297 9.52954
106 0.140923
136 0.780579
339 26.3441
79 -1.27853
138 1.77556
110 0.208275
368 7.32944
128 -4.4522
32 -1.28379
253 12.6888
308 21.1988
140 1.69641
249 7.53999
175 2.36493
16 -8.65107
44 -0.497906
250 7.119
132 1.60889
214 9.98129
370 18.2248
143 -40.4968
128 -4.452
74 -1.49522
199 2.42282
312 23.4691
109 0.707687
288 14.882
250 -67.8319
297 9.52948
257 10.8882
120 0.295128
34 -2.58193
301 20.5153
207 2.42288
114 -52.622
273 15.9767
261 9.00586
246 6.97072
355 25.6395
7 -4.44904
366 -2.1868
163 4.13512
134 0.734741
341 21.0914
72 -1.06241
360 7.43396
141 1.21701
81 -13.4994
141 4.29677
62 -0.721107
286 14.0228
75 -0.571693
95 -0.235115
170 1.91479
255 5.22578
49 -0.153942
186 2.12048
303 18.3219
304 19.2556
218 12.3625
266 11.2754
247 6.97443
215 3.88898
299 -0.339111
242 8.11121
132 1.7128
362 7.23593
167 5.34245
169 1.8665
151 1.54254
107 15.9533
54 -1.65972
226 5.34171
71 -21.6492
235 9.85721
195 2.15562
93 -0.487656
9 -4.11734
305 25.2097
180 2.01871
289 18.4777
235 9.85629
245 7.02135
256 13.0179
293 15.1427
6 -4.49253
200 2.13391
6 -0.352608
299 -0.339233
237 9.56396
145 1.76434
232 5.07635
33 -2.29569
255 4.30919
232 7.2652
74 -0.636459
300 17.4832
305 23.7225
304 19.2563
270 17.1003
370 17.3825
249 31.6526
93 0.037941
69 0.378548
167 5.19044
4 -5.38491
115 1.2316
329 36.9676
285 14.2005
10 -24.9688
128 1.21263
212 3.283
287 19.3609
59 -0.662006
360 7.64893
104 0.467934
125 -24.5968
114 0.702118
218 3.85333
316 27.5215
317 -6.81964
276 12.8139
257 9.66
94 -3.20837
315 22.5564
112 1.51771
261 -50.5415
245 -6.52252
323 93.9101
63 0.250198
189 1.96359
16 -4.5147
161 1.46165
274 5.53864
362 1.49658
90 -0.172218
341 21.1281
239 -6.75696
150 1.43491
340 25.2705
172 1.93602
276 12.8144
357 60.1575
286 15.0944
104 -0.762299
174 2.01137
188 1.94118
194 2.36194
106 10.2381
332 -8.21442
351 44.8338
24 -2.59693
174 2.15707
144 1.38118
88 0.417595
180 2.04086
100 -0.0812225
258 12.166
144 -197.807
157 1.83614
68 -0.876831
243 10.3538
130 0.705627
141 0.488342
150 1.25876
148 1.77556
190 2.09618
84 0.907158
139 1.81238
205 2.36911
227 4.88341
116 19.8369
169 -22.6357
110 -2.06055
289 12.9617
5 -3.62738
29 -3.60214
365 7.49744
94 -3.15705
270 6.84323
323 31.7561
316 27.4973
62 0.220089
184 1.76808
152 1.41879
86 -0.349533
167 5.19019
189 2.34067
242 8.11429
273 11.3425
91 -0.0324402
238 18.1703
260 7.99432
362 43.0551
109 0.114861
262 8.58197
316 27.5067
239 7.63425
276 12.8187
85 0.905632
270 5.41055
333 3.27359
198 2.26393
57 14.455
78 -0.51223
276 14.0871
325 62.1824
301 23.7772
198 2.42133
9 -3.43091
276 12.8145
332 35.8909
174 2.19247
288 14.8791
9 -3.64735
35 -0.192978
128 -4.45194
167 5.19167
101 -2.49359
257 7.65445
168 1.52869
244 17.0209
133 -34.6111
140 1.22566
242 -174.769
252 -6.64702
351 20.9776
128 1.34482
9 -3.64592
185 2.1678
345 28.0857
136 0.678482
82 -0.167557
50 1.43158
97 1.32784
48 -1.9656
260 10.9492
160 1.80005
350 66.1797
341 1.54776
311 34.8978
225 -11.7684
296 5.14182
2 -3.60219
226 5.33946
325 17.8163
143 -1.01817
134 0.73642
270 19.699
218 4.08972
270 15.265
359 22.0188
276 12.814
94 0.114189
25 -4.65135
14 -3.15646
70 -0.73999
48 -0.0389252
178 1.97298
57 -1.00788
185 2.1656
249 8.02698
374 20.8315
63 -0.467754
198 2.25754
300 9.24854
132 -1.95074
354 29.8715
68 -1.31011
333 64.6212
287 33.0453
334 17.4511
282 6.40216
120 0.296753
157 1.88205
136 -6.01155
38 -24.6274
63 0.251705
288 14.8816
301 23.1323
264 15.4385
116 0.584412
295 25.82
232 5.07628
51 -2.17634
120 1.13816
282 17.3206
136 0.678818
216 3.96738
130 -10.2198
79 -0.252792
91 0.784271
62 -1.25097
39 2.39704
110 3.75917
273 6.08286
329 36.9746
243 -141.45
187 2.01686
370 20.2778
64 -1.53795
65 -0.460342
127 1.42703
178 1.81625
235 6.72464
330 66.5031
273 15.9677
232 5.07635
47 -1.53397
141 1.21701
210 2.48877
286 15.0948
81 -0.279015
53 -1.21563
261 6.45651
134 0.736465
203 8.60222
82 -0.338654
216 3.96724
313 -0.51123
347 69.0397
120 1.32803
345 71.7343
99 40.043
357 41.1336
345 4.5061
250 4.58839
62 -1.49475
240 6.62833
43 -3.76702
292 21.0645
273 11.3424
186 2.22285
271 -130.917
284 18.3293
298 -0.176697
139 12.1681
104 -0.0589981
250 23.3486
89 -0.674042
74 1.2359
296 5.08362
44 -2.024
257 6.63974
52 1.18137
93 -0.0603333
238 6.01205
360 18.7649
263 7.83826
193 1.90477
71 -0.714279
195 2.37228
81 -0.192802
49 -2.01675
255 17.4271
320 85.2247
259 6.03644
366 49.9455
239 -146.95
265 9.65793
163 4.12886
46 21.7586
273 11.3425
182 1.97305
291 22.3758
175 1.93521
211 3.30952
172 2.55075
271 14.129
238 6.00148
203 2.55644
344 28.8364
273 11.3437
73 15.2695
64 -1.48523
65 -0.00222015
279 15.0554
242 8.10806
305 25.1426
249 7.54265
238 18.1751
16 -4.60501
12 -3.19005
301 134.689
39 2.39707
214 9.9814
174 1.97461
348 8.93423
300 9.24884
128 2.96204
341 2.94479
81 0.787354
199 -2.59392
229 10.2203
218 3.52911
63 -0.469223
9 -3.64603
47 -2.27619
83 -0.161758
274 -13.0461
40 -1.06049
72 -0.0658798
121 -24.696
214 -257.33
64 -4.69908
177 1.19661
204 2.60104
177 1.82794
228 -176.927
280 13.6004
196 2.42201
58 -0.607891
260 6.38153
269 11.4602
132 0.930573
303 10.0937
202 2.21553
188 2.14726
287 33.0414
50 -1.10583
352 44.0704
219 8.64259
293 21.5336
256 -133.736
5 -4.79398
105 0.41893
247 -226.829
207 2.90819
311 9.66797
246 6.70979
321 34.3147
124 0.953896
93 0.0505447
61 -0.597588
347 60.6807
285 -7.22482
304 19.2555
128 -1.87624
10 1.42819
256 16.2328
360 56.7111
318 -6.60269
350 10.4254
280 4.70956
50 -6.57031
366 49.9455
232 5.07632
66 0.38327
182 -28.8854
113 -8.64381
298 9.38458
315 22.8079
48 -0.152859
109 0.35218
91 57.5702
372 21.9678
330 26.6302
320 85.2185
130 1.41718
58 -1.24276
359 58.5626
131 1.34894
172 1.96277
57 0.0135269
115 0.507896
242 -10.6514
300 17.7293
194 2.10176
2 -18.044
347 60.675
262 9.06927
252 10.3257
189 6.40187
103 -2.51572
374 -5.69763
248 -11.8141
226 5.34193
330 66.3219
316 33.6902
324 34.2563
52 -1.92793
360 7.52209
245 5.60045
163 4.1275
286 -0.327515
9 -3.51663
35 1.43649
296 5.10025
88 0.417397
194 2.0153
353 15.8227
29 -3.22279
66 -0.974174
150 1.6395
51 -0.623142
287 33.0381
116 0.978058
63 -0.478161
60 -0.633789
265 5.108
320 85.2189
74 -1.49541
87 -0.252716
19 -3.54184
371 17.6751
114 0.864059
176 -5.50528
37 -5.89655
359 58.7313
261 -50.5401
57 -1.73785
125 -19.2716
347 60.6754
40 -1.18212
23 -4.28004
228 6.7518
348 -2.77048
321 30.7592
276 12.8144
351 45.5152
358 44.4229
190 1.96935
139 1.78384
295 17.62
198 2.08682
117 -46.9502
62 -1.85114
227 4.88321
163 75.2851
24 -5.25337
6 -4.49351
48 -1.96503
71 -0.159363
137 -2.15585
36 -0.863632
245 8.59854
15 -4.42558
88 0.657127
279 14.731
319 24.7171
340 25.2691
302 9.32941
75 -0.681023
368 21.1064
306 34.4188
326 17.7396
335 25.0222
244 -140.938
50 -6.57313
71 -0.0352631
235 15.5385
254 6.57907
319 53.1908
309 35.1056
344 25.7959
102 0.854012
180 3.58705
128 -4.45205
350 10.4219
95 -1.6049
124 1.3407
318 138.137
172 2.0399
111 -27.5093
178 1.92044
154 2.48357
201 8.66484
283 12.4701
12 -6.96597
234 -245.414
248 19.9397
57 -0.185287
250 -67.8236
235 6.99583
250 -67.8286
186 1.9102
216 9.74263
154 -7.88629
299 18.4394
99 -0.00777435
338 20.5339
150 -23.0806
371 -3.48358
174 11.5174
333 62.4736
63 -0.470688
206 2.73033
7 -4.44991
181 -52.8253
304 19.2554
9 -3.51668
157 1.63448
169 0.747757
343 3.36816
62 -0.528839
274 -7.32132
66 -1.21497
97 -0.470673
273 12.1502
62 0.205315
305 25.1445
301 9.42328
46 -1.03088
194 2.08678
176 1.96228
169 -21.8349
267 13.3005
91 1.16688
238 18.2564
354 -9.54208
199 2.06206
299 18.8508
290 7.41818
55 -12.8878
297 11.9445
318 24.2936
21 -3.86415
284 -5.95407
11 -47.444
176 1.96992
180 3.57741
216 9.82217
82 -0.247581
268 12.8264
214 3.56467
263 8.96078
172 1.91359
117 0.988297
175 8.46622
200 2.30417
20 -4.40851
147 1.77727
259 -43.9373
295 17.9486
41 -2.4781
204 2.27461
192 2.1725
305 24.0343
61 -0.545212
44 -0.510574
33 -0.671219
209 -16.0174
187 -45.6957
82 -0.166954
273 5.75919
183 1.77032
249 10.8784
172 1.96269
258 8.56958
279 4.61179
104 0.367973
169 2.14417
172 1.93619
125 -73.6988
197 6.52199
108 0.821671
201 8.43736
142 1.7959
330 46.481
350 10.7072
114 0.761703
226 4.8698
179 1.98097
215 3.54732
119 1.28869
55 -0.529243
307 25.5445
176 8.80318
216 15.2777
350 10.4219
217 3.54898
304 24.7861
313 64.5856
107 0.279732
287 14.555
343 31.0464
175 1.60446
27 44.7573
323 58.8054
347 45.7572
60 0.0735168
218 7.24394
107 5.0057
70 0.509087
273 15.9771
9 -9.8352
277 6.3443
297 9.52945
371 -3.48718
48 -0.132835
310 80.0967
33 57.1995
262 10.4924
165 1.23344
67 -1.23555
163 1.90686
119 1.11205
243 -141.436
27 -101.401
351 12.7395
366 49.9481
281 6.19943
316 27.5049
307 19.6346
364 35.5635
340 45.3188
108 0.242683
32 -0.220203
320 19.6544
359 58.573
156 0.158264
250 -67.8229
47 -2.21296
315 24.2769
106 0.461731
365 21.1455
24 -0.8002
197 1.89484
116 0.717308
84 -0.686653
346 5.46082
180 2.01833
206 3.21645
352 44.7197
194 7.60645
199 2.06226
187 1.05658
144 1.38307
27 -2.36666
332 35.9185
306 111.054
96 -8.534
322 24.167
222 9.80347
313 63.6091
315 19.8486
190 1.71198
5 -3.46514
291 8.7504
195 7.71539
227 4.8833
131 1.38974
336 1.45093
29 -3.6339
173 7.20711
316 30.6809
297 9.52933
143 -22.0667
175 1.98578
103 1.02171
332 -8.18808
306 111.076
330 66.2446
220 -243.689
13 0.969728
251 4.55276
300 20.571
315 22.05
313 109.013
202 3.5377
348 47.3399
107 5.04102
197 2.04703
63 -0.463512
316 39.0359
229 -257.123
75 -14.3441
219 11.2172
9 -0.893869
175 0.12735
214 -257.329
276 11.7845
231 5.5477
92 0.974335
4 -15.7425
9 -3.6477
238 18.1577
332 35.9919
359 58.6277
234 -22.5832
366 49.9491
13 1.80995
306 24.5692
44 -2.11285
195 2.13885
185 1.98312
172 1.96274
276 11.7863
185 1.95865
14 -4.85279
317 9.50204
69 -0.906822
317 9.50192
364 35.5875
100 -0.0598984
365 21.3699
330 66.8469
287 14.4877
305 3.2612
342 65.0226
311 25.962
275 13.9076
309 23.1969
250 -138.386
198 3.46553
37 0.121201
360 56.3949
310 8.79807
170 1.88077
104 0.363869
218 7.24345
39 -4.03319
318 78.2758
371 -5.49286
180 2.01872
329 36.3875
190 2.61699
145 1.76195
303 23.6004
120 1.32658
359 58.5381
296 5.49936
269 11.641
317 29.2021
240 16.1491
212 9.77971
363 43.0865
371 19.9483
272 14.1538
346 50.8558
329 36.9634
321 20.8483
220 3.66331
30 -4.6928
214 4.47275
185 1.79773
220 9.44415
256 8.31549
61 -0.949535
355 15.2012
280 12.1081
184 2.21762
359 57.0961
303 18.9172
58 -0.957691
205 3.21751
167 1.79709
183 1.77766
145 1.76503
317 9.5015
97 0.152855
322 24.1674
318 25.0504
310 -21.8485
320 85.2207
17 -3.54584
192 2.3652
170 5.51875
121 4.85393
279 17.6282
21 -1.79152
14 -25.4192
26 -1.1741
79 0.864464
362 22.2731
128 1.42984
306 34.4115
259 6.4183
284 -7.53601
2 -0.158789
228 4.55962
372 -5.98114
195 2.04652
225 -264.204
98 -0.0587387
306 111.022
120 1.3277
163 4.12746
58 -1.24435
22 -4.66485
266 6.47696
350 62.5566
350 -21.8657
93 0.99527
149 -9.39661
168 0.178482
372 14.6214
373 15.174
262 9.13794
169 7.81909
273 15.9668
137 28.0222
139 1.01915
360 8.51083
259 6.34393
355 26.7224
307 23.8268
115 -0.519791
228 4.58493
5 -4.66656
18 -2.29069
348 14.1016
334 17.4521
348 8.93411
119 1.28928
240 6.59592
47 0.0496902
203 2.5598
339 31.2595
280 19.9298
116 20.9781
325 30.9886
132 0.935577
265 5.08484
22 0.0991631
77 0.575851
170 2.29939
182 1.68181
372 14.6268
223 -3.58665
226 11.1601
255 7.96716
141 1.2168
169 1.69846
361 10.4294
151 1.54074
187 2.18184
21 -44.4351
107 0.768761
58 -2.47069
166 -5.34418
370 -48.2668
373 1.95044
252 -220.402
36 -2.83186
124 1.47743
179 1.981
346 50.927
289 2.43091
254 9.37543
372 6.45575
361 -0.572266
374 45.726
77 0.420349
196 2.1048
351 12.7402
40 -1.722
229 12.1823
284 -9.63312
340 32.8701
185 2.41576
10 -1.2768
339 22.6404
8 -3.42508
265 8.60059
112 -24.4187
284 2.23285
3 -15.0269
105 0.0855179
102 -0.129936
21 -4.54533
120 0.29467
238 5.99695
158 5.75351
374 46.8547
82 -1.17609
14 -0.35422
232 13.5269
185 -2.97546
256 8.17279
168 1.80247
281 12.4169
168 1.90384
258 13.3051
219 3.50133
316 27.5071
318 29.4543
305 25.1439
329 36.7234
125 -13.981
247 7.91614
318 141.27
229 4.9953
360 7.42957
193 -23.5716
269 -0.425568
88 -0.283691
63 -0.464569
309 -359.679
94 -0.18573
274 5.96869
201 8.43686
283 16.1452
87 1.11639
336 39.1775
259 9.18698
317 19.9261
308 19.562
245 22.9428
251 17.8276
360 -6.52725
288 7.1438
296 5.51358
7 -4.44805
99 0.263649
288 14.8792
302 29.2168
125 -0.10244
359 -1.86389
364 35.5779
158 2.50711
341 31.9741
182 2.97795
44 -0.881687
322 29.3511
296 5.53033
125 1.33451
40 -2.78682
63 -0.491791
184 2.05325
226 4.8698
292 19.0855
251 6.4881
331 27.2393
306 111.06
307 22.2289
183 2.21893
62 -4.89743
9 -33.1171
315 22.0482
74 -0.30397
136 0.678726
7 -2.50054
44 -1.52333
99 1.41351
96 0.967987
167 18.9125
52 -1.28407
306 24.4788
16 -4.60117
330 27.4208
47 -2.00565
366 4.50024
120 1.32773
157 1.63409
264 -15.9861
367 -2.33865
307 34.0353
192 0.973419
47 -0.701057
56 -1.78782
373 1.95026
330 66.2311
2 -4.23736
4 -5.38264
182 1.99068
270 10.2932
101 -0.0332108
177 1.68996
172 2.16006
341 2.91504
280 137.908
252 8.30731
17 -4.49249
340 27.5187
316 27.5077
250 8.24924
256 6.52936
83 -2.85324
106 0.467598
65 -1.29417
1 -95.6135
322 29.3499
166 5.36015
130 1.16904
281 10.7631
11 -34.7918
262 8.52161
343 8.27945
187 -23.0426
374 45.6636
322 29.3463
275 12.3856
110 0.927689
307 22.871
96 0.499352
320 24.1587
294 16.7559
265 5.08908
363 24.4241
364 35.6175
240 -141.387
230 -260.616
186 2.12038
339 31.264
226 5.33987
249 -67.7843
319 20.0155
218 10.6782
68 -29.0912
224 3.99146
203 2.41566
210 -5.14618
172 1.89926
24 -5.25256
293 22.6512
284 -2.72992
22 -3.40167
86 -0.264252
8 -3.42435
33 -0.20237
286 15.0948
353 30.425
340 31.4419
120 1.32772
267 6.85242
81 -13.3897
197 1.82312
46 21.7631
348 8.95422
374 -36.7793
163 1.89372
167 5.19057
226 4.8696
355 26.6839
6 -0.35241
150 6.2657
271 10.1018
341 2.91647
168 227.386
280 4.61218
325 27.386
179 1.9969
352 44.7303
309 -389.015
354 23.4826
126 1.73528
201 -10.7902
226 4.86967
120 1.32688
134 1.63934
288 15.9823
187 -24.6115
57 -0.991337
288 14.8792
213 3.43852
304 19.2555
262 8.94336
65 -1.52717
2 -0.161888
117 -48.1631
191 -20.5822
61 -0.674274
303 23.2128
22 -103.567
2 -0.160562
205 14.5385
130 -10.0067
187 6.4386
306 21.3678
166 5.35046
107 0.931244
357 7.65344
340 25.2698
220 -231.92
267 6.8613
270 1.444
191 2.08818
52 -10.0317
228 5.33446
177 2.57011
235 5.37244
271 16.9775
201 2.89282
307 23.0636
321 26.8155
360 21.7058
352 44.72
341 21.1414
7 -18.1203
22 -4.28815
374 -1.13007
312 34.3801
248 8.05647
256 8.31689
46 -1.5714
317 -0.993896
181 -60.1747
366 49.9453
145 1.77184
221 3.99713
368 7.55014
120 1.32783
365 14.308
141 4.30022
299 18.325
315 67.3431
48 -0.88155
193 2.04121
122 -0.92041
248 12.1899
330 46.4511
18 -4.85258
208 2.51448
46 -3.49873
304 19.2565
76 0.123245
172 1.9361
350 62.9075
361 55.3932
294 16.7551
230 4.0197
197 1.98369
119 1.28851
343 36.4163
263 9.40356
227 5.60905
25 -4.28938
228 -218.988
121 1.08036
351 63.4405
88 -0.598427
185 -0.276382
338 78.4629
163 1.69273
110 0.86937
166 5.35709
296 5.52481
275 -12.4323
77 -0.370636
236 4.03346
284 17.7888
290 15.5503
89 -0.805878
257 9.64661
117 0.432968
298 19.5408
186 2.17184
329 37.0116
319 27.5125
337 -2.22446
269 -0.425385
344 63.9189
169 1.69853
181 1.80901
306 34.4176
178 2.14714
346 53.6059
164 2.89392
296 15.8454
243 -10.8958
321 34.3146
92 1.27669
223 44.5076
305 23.6876
226 -176.497
243 5.30922
360 7.43536
324 27.6824
372 17.0294
213 4.34557
130 0.584518
207 -3.63289
345 63.423
225 4.55959
198 3.46556
186 2.15085
216 3.73729
13 -3.81494
213 3.46634
258 13.469
163 4.13644
282 -11.1495
216 9.41814
293 15.1419
295 15.6267
347 60.6732
21 -3.26152
239 4.03462
278 16.7457
156 1.88521
75 -0.664139
276 6.30756
40 -1.18699
333 29.9053
183 -36.4866
366 49.9489
181 2.2368
183 1.97015
308 23.3693
173 1.3188
268 12.0439
341 2.91348
102 0.00791168
64 -0.054493
38 -24.6181
226 5.34192
259 6.03772
364 -1.89316
298 19.4163
5 -4.6694
50 -28.8739
335 25.0244
121 1.2008
372 47.7248
132 1.14633
249 8.6839
8 -3.42382
333 18.9457
341 26.0323
225 13.9296
316 51.7762
322 29.3511
360 26.632
294 16.7558
360 7.4299
63 -0.46376
213 17.8685
116 21.2311
197 2.37802
253 -165.5
217 15.2421
316 24.2528
238 18.4691
290 15.5537
307 23.1739
199 8.27753
169 1.55449
330 66.3131
320 85.224
365 25.1649
241 6.45352
255 4.62143
241 5.21684
341 2.91568
249 -203.898
46 -1.36882
355 26.6919
61 -1.08274
239 18.875
169 1.69907
271 15.0017
318 103.5
224 3.99263
226 5.33984
158 5.75314
171 -7.8992
25 -4.83946
149 -1.99287
231 3.92456
276 12.8142
136 0.779602
119 1.28864
282 -3.66388
182 2.11031
335 35.2246
279 6.24518
361 -0.546021
261 -50.5416
183 1.84157
185 6.43153
208 3.38199
347 63.8372
356 22.0483
265 10.4216
55 0.539371
344 26.0155
269 15.6718
52 -1.28365
225 6.67485
189 2.36429
202 3.53755
370 17.3632
269 9.85373
170 -29.3262
297 18.7054
194 2.21832
353 24.6099
135 1.69696
347 9.80698
216 3.96819
314 8.42157
270 6.84314
183 -59.6102
307 25.5446
67 -2.58818
58 -13.0969
129 0.611893
340 18.949
294 18.1558
300 9.24933
190 21.2737
272 5.79749
63 -0.464951
226 3.1284
351 20.9781
207 -3.63844
213 2.72153
363 43.0852
170 13.4456
204 2.32425
178 1.862
183 2.66826
371 -5.49655
45 -1.29192
294 16.7556
253 8.78473
192 3.48076
124 1.39939
292 -16.5508
22 -103.714
308 18.7427
238 18.47
112 0.885239
370 48.8594
121 -1.98486
67 -0.992096
185 1.79965
347 7.05713
198 2.41391
5 -16.4187
366 52.5724
51 -0.0963058
348 -2.76263
183 2.00267
358 16.8354
341 21.1242
191 2.06226
219 3.59506
182 2.01013
215 3.60445
260 8.38467
171 -35.6836
146 1.30722
341 21.1274
344 36.7151
117 1.30822
282 4.2991
227 48.8781
268 12.0431
338 34.62
273 15.9668
294 21.5214
280 -7.35571
82 -0.244232
299 17.5027
115 0.507591
201 8.43707
296 5.23615
352 28.6812
107 0.483055
5 -3.66315
312 26.2026
361 24.4541
346 63.578
328 19.789
4 -15.7979
326 17.7402
226 4.90965
212 11.2404
121 4.85246
82 17.9728
132 1.44302
240 6.59421
13 -5.42814
181 1.73897
40 -2.72062
351 21.5807
113 0.835976
318 69.3281
243 7.22711
61 -0.77496
286 16.1526
370 17.3628
107 5.0533
356 1.5423
197 1.9753
53 -1.86986
92 -14.6066
372 25.2888
146 1.75856
229 11.274
358 59.3449
177 2.3708
171 -49.5487
19 -3.12368
238 6.20193
240 6.60646
350 -20.2213
45 -1.292
240 6.60796
348 8.93515
185 6.92453
294 16.7552
15 24.0373
137 -12.0076
238 18.4667
228 4.58376
335 25.023
196 -16.5464
250 -67.8322
337 -2.22339
356 1.54562
267 11.2197
45 -1.29235
117 -0.523109
210 -5.13899
319 25.2451
268 9.25992
262 9.13745
310 34.1382
343 22.6385
303 17.851
233 5.91319
317 9.50424
275 -2.04623
236 5.89981
245 7.22661
21 -2.99408
298 21.5171
