224 15.5804
168 -0.504105
222 14.077
168 0.209747
221 15.3116
167 0.203873
243 -2.29736
169 -0.150528
233 11.5132
232 5.32632
203 6.76888
173 -0.357895
65 13.2312
167 0.203979
165 0.29158
20 -42.7969
18 60.0894
140 -0.948685
154 -0.637894
164 -0.193817
164 -0.187424
277 19.3326
222 14.0768
46 -26.5304
73 13.5876
165 -0.284851
164 -0.193207
295 28.31
76 14.502
125 -0.471603
167 0.203903
166 0.105637
222 14.0512
171 -0.421066
165 0.315567
222 14.077
20 -64.4004
41 -14.4205
168 -0.504288
18 60.0895
232 5.32655
134 -0.446579
168 -0.504211
134 -0.446289
65 13.2291
222 14.0768
140 -2.97002
211 1.90363
166 -0.454559
191 1.53799
211 1.90201
168 -0.0812683
222 14.077
46 -26.5392
168 -0.0810852
169 -0.482697
166 0.104782
58 -11.8413
18 60.0899
58 -28.949
211 1.90361
165 -0.284912
41 -14.4205
58 -11.8435
85 -21.6833
58 -11.8563
71 -0.650581
18 60.0897
168 -0.0469818
168 -0.573212
69 -28.1827
191 1.53812
191 1.53793
169 -0.524292
58 -28.9316
191 1.53809
41 -14.4209
191 1.53812
161 -0.480362
18 60.0907
191 1.53816
175 -0.466446
18 60.0897
222 14.0771
158 -0.565125
32 -75.0504
169 -0.482773
191 1.53812
59 -10.9548
19 60.1308
243 -2.29916
59 -10.9547
169 -0.43541
218 6.91571
32 -15.3712
41 -14.4186
218 6.91556
41 -14.4184
58 -28.9309
168 -0.573959
166 -0.158264
46 -13.759
191 1.53453
167 0.204086
13 -63.4058
143 -2.76965
57 -29.0879
203 6.76874
199 0.676147
107 -5.25172
173 3.91914
120 -1.06888
172 -0.568832
65 13.2312
173 3.91306
20 -64.7355
168 0.211563
169 -0.483871
58 -28.9485
218 6.91597
59 -10.9535
165 0.219971
168 0.211639
47 -13.6808
169 -0.435486
162 -0.499695
19 -42.8464
152 -6.69125
85 -21.6898
168 -0.573868
166 0.115143
24 -70.436
72 -27.7484
191 1.53812
59 -10.9536
35 46.1777
107 -5.25215
165 -0.30751
58 -28.9283
211 1.9035
166 -0.469315
58 -28.9252
58 -28.9309
127 -12.24
86 -10.104
167 -0.505096
88 8.27555
152 -6.69084
32 -75.0235
91 -21.6062
58 -11.8563
46 -26.5389
229 16.2296
111 -0.234489
69 -26.1309
92 -21.8693
165 -0.306473
161 -0.446396
199 0.676559
141 -0.791245
126 -0.0872879
168 -0.573837
166 -0.125061
14 -61.9693
142 38.2656
41 -14.4211
169 -0.482803
92 -21.8694
13 -58.1492
126 -0.087326
168 -0.573898
165 -0.284821
167 0.20401
168 -0.573898
201 0.718811
152 -6.69191
92 -21.8684
85 -10.1926
173 3.90742
166 0.105286
162 -0.504898
129 -0.280731
111 -0.234612
127 -3.67509
172 -0.568878
120 -1.06569
86 -10.1044
169 -0.43541
125 -0.458084
6 -53.7811
32 -75.0236
105 -0.282852
75 -101.534
191 1.53487
126 0.604126
222 14.0767
119 -1.1303
89 -22.4972
172 -0.405167
117 -0.113411
222 4.157
169 0.0314484
218 6.91629
154 -0.638824
167 0.204102
166 -0.453384
13 -58.15
20 -64.798
151 -3.45723
74 -26.3859
166 -0.453735
65 13.2308
65 13.2282
159 1.69685
169 -0.10466
172 -0.568878
207 9.49284
75 22.6655
127 -0.07341
120 -1.05522
65 13.2281
158 -0.542038
46 -26.5385
128 -0.313957
73 -25.9789
173 4.52513
20 -42.7394
162 -0.542328
105 -0.282684
13 -57.7247
168 -0.573395
173 3.90767
173 -0.360413
165 0.223221
173 -0.361984
120 -13.5733
120 -13.5738
161 -0.446472
125 -12.5938
171 -1.08965
92 -21.869
86 -10.1041
32 -15.371
172 -0.577606
164 0.375015
160 -0.550034
62 -4.9978
6 -53.7966
31 56.9957
65 13.2304
160 -1.52881
77 -0.531174
166 -0.459579
141 -0.806885
165 -0.516571
127 -0.073822
199 11.7454
70 -10.5794
6 -53.7837
140 -2.96463
168 -0.504242
76 -25.833
32 -75.011
169 -0.482803
6 -53.9108
197 0.8302
164 0.38092
163 -1.74722
360 35.3247
125 -0.285583
41 -14.4207
72 -10.4479
105 -7.86173
65 13.2313
41 -14.4353
172 -0.568741
173 1.71349
228 28.2182
165 0.315414
176 -0.478592
164 0.364029
172 -0.568771
73 -25.9789
13 -58.1394
120 -1.04902
168 -3.15843
65 13.2282
211 1.90164
46 -26.5311
155 -0.833633
131 -3.49865
75 -101.495
32 -15.371
169 -0.0378265
119 -1.12782
111 -3.90108
43 -32.7011
188 4.64093
165 0.29631
167 -3.0811
6 -53.7868
68 -26.8153
20 -42.7949
26 -72.0561
57 -29.2005
166 0.109528
57 -29.24
125 -0.45816
45 -14.4876
169 -0.435486
201 0.677109
59 -10.9541
65 -0.776161
173 -0.361755
165 0.218185
75 -101.618
34 -15.5088
174 -0.37529
125 -0.471443
100 -0.241692
204 7.21603
127 22.0843
38 -14.8846
64 -12.7373
49 -13.6918
211 1.90186
6 -53.7857
78 -11.0163
277 19.3324
175 -0.523392
196 1.83609
132 -5.0488
79 -22.8788
31 -16.0209
58 -11.8561
128 -0.284378
151 -3.45726
71 -0.650803
176 -0.479202
20 -42.4009
204 7.21982
160 4.19736
166 -0.514481
363 36.8493
171 -0.0655212
137 -3.88947
134 -2.78648
106 -16.8059
295 28.3099
370 46.257
191 1.53456
154 -0.649445
185 -0.106766
171 0.354309
89 -22.4972
127 -12.2201
61 -5.91836
211 1.90424
64 1.11499
65 -0.776184
336 14.3423
181 0.907028
86 -10.1045
176 -0.47789
125 -0.471443
151 -3.4664
127 -0.0737
5 41.3509
131 -11.6182
178 -0.333694
111 -3.89457
192 0.353729
55 9.47705
53 -13.8454
168 -0.172516
173 -0.359818
370 46.2525
171 -1.09146
144 -2.3304
92 -21.8688
32 -75.0123
173 3.90912
171 -0.033432
129 0.630417
175 -0.464355
129 0.629288
338 33.2939
59 -10.9545
126 -0.0873642
107 -5.25162
145 -2.23795
2 42.0028
230 33.1517
125 -12.6576
86 -10.1044
232 5.3264
222 14.077
152 -6.39648
369 20.2629
370 -12.8542
89 -22.4972
173 -0.359421
170 -0.873352
88 8.27671
171 -1.09174
169 -0.442642
40 -14.4932
209 1.73201
156 -2.29977
125 -12.5943
86 -10.1037
191 0.0260773
146 -0.680527
105 -16.6296
232 13.132
6 -53.7966
127 22.0599
61 -0.857224
108 -16.3931
62 -1.33336
171 -1.09038
276 4.54614
151 -3.45683
130 -0.863785
175 0.252121
64 1.38094
32 -75.0512
36 53.3339
178 -0.331863
355 42.1039
139 -3.05125
20 -42.7948
164 -0.192429
193 0.443878
169 -0.435516
355 42.1185
134 -2.786
21 -43.4028
97 -9.43962
111 -3.47475
159 -2.12056
89 -20.3496
105 -0.282684
130 -0.864624
164 -0.483795
246 22.6512
95 -0.382423
58 -28.9316
154 -0.651489
71 -8.35431
59 -10.955
139 -3.05049
169 0.1082
354 35.228
68 -26.152
155 -5.51291
98 -0.288307
161 -0.500702
193 0.50177
139 -3.0527
161 -1.30305
185 -0.150574
44 -13.9106
227 16.1452
105 -8.70625
125 -0.291977
134 -2.7803
122 -4.08667
113 -14.8893
160 -0.520538
61 -27.2409
32 -75.0238
169 -0.524139
128 0.792328
24 -48.2539
62 -4.99929
88 8.27609
166 -0.453552
111 -3.47489
355 42.172
364 13.9696
203 1.31746
139 -3.05112
180 -0.341141
161 -4.88231
63 3.04454
105 -7.90263
140 -0.948685
166 -0.470444
173 -0.351486
354 17.6676
246 22.651
257 0.154724
192 0.385834
171 -0.0756378
226 15.2091
127 -3.58627
277 19.332
140 -3.02432
204 7.2065
172 0.933441
167 -0.465622
20 -42.7993
352 26.4057
184 -0.213715
129 -3.50549
41 -14.1645
181 0.907013
57 -29.2085
32 -15.3709
85 -21.684
188 0.188629
117 0.75193
137 -2.82468
157 -0.520447
158 -0.553253
36 -15.081
139 -2.75583
156 -2.23079
107 -5.25155
6 -53.7788
171 -0.617249
195 3.72147
73 -25.9652
20 -42.8052
232 5.32625
175 -0.461166
108 -21.3068
166 -0.988556
100 -0.2416
128 0.809357
107 -16.3283
126 -0.0871429
175 -0.523453
71 -0.650627
191 1.53799
56 -13.363
203 6.56573
24 -49.5585
42 -14.4482
107 -5.25156
166 -0.4543
65 -0.751366
371 46.2744
246 22.6512
165 0.218536
161 -1.41418
169 -0.210693
318 21.828
43 -14.0196
151 -1.38405
161 -1.35237
89 -22.4972
88 8.27669
335 14.5725
96 -0.348923
69 -25.9188
68 -26.1558
217 3.31694
38 -15.0134
363 13.963
297 27.5332
108 -16.3694
357 28.125
335 14.5638
202 6.69742
352 27.3078
86 -10.1042
185 -0.260406
88 -22.1104
87 -0.476082
91 -6.36382
88 -22.6765
89 -6.49778
293 24.5623
6 -53.7856
77 -0.530579
153 -1.40869
203 6.55978
163 0.0717316
51 -14.0425
374 42.3624
73 22.7417
110 -0.243912
166 -0.483307
128 1.35152
158 -1.86845
165 -0.98172
357 28.0269
59 -10.9544
67 -12.7897
160 0.0402222
100 -0.241646
75 -102.494
171 -0.424408
203 1.31723
178 -0.0158081
62 2.616
62 -5.01031
130 -5.19501
58 -11.8429
140 -2.97052
88 -0.423264
172 1.55939
20 -42.7955
157 -0.540039
85 -21.6836
36 -32.3054
169 0.0975189
170 -0.174103
369 27.9301
64 1.38057
213 2.37474
158 -2.07198
134 -2.78275
61 -5.80833
89 -4.993
71 -0.650826
365 17.0484
130 -5.22168
94 -0.374077
202 6.74641
164 -0.471222
129 0.259705
236 16.2631
41 -14.4188
62 -1.33352
277 19.3323
88 8.27618
173 -0.163635
111 -3.47466
169 0.0904388
88 4.37989
68 -26.8015
59 -10.9545
141 2.55701
152 -6.69092
104 -1.72398
171 -1.09099
172 -1.06572
20 -42.7971
195 4.39334
44 -32.6576
167 -0.474182
61 -5.90958
105 -7.86185
140 -3.02068
166 0.104889
19 60.1302
65 13.2285
29 -73.9405
92 -21.8686
203 1.31622
113 -1.39785
151 -3.45734
125 -12.6092
93 -6.30519
173 -0.349365
211 1.90356
64 1.38032
85 -21.6898
78 -23.0883
170 -0.0270233
232 5.3264
46 -33.8177
245 -8.14952
90 -20.4095
164 -0.392563
188 -0.062912
120 -13.573
140 -2.97139
161 -1.76118
130 -0.863617
117 -0.113426
185 -0.216919
168 -0.0811157
170 0.104889
372 14.2314
167 -0.231491
88 8.27596
157 1.72983
166 -0.454285
70 -4.13605
159 -1.40361
71 -25.3778
140 -0.948929
233 11.4762
72 -26.3768
150 -1.08119
78 -6.88815
134 -0.446442
218 6.91618
169 -0.193405
6 -53.9035
172 4.56792
61 -6.00979
86 -0.508232
111 -3.47424
166 -0.47226
125 -12.6121
111 -0.234619
90 5.95679
176 -0.478134
105 -1.74564
127 -12.2401
161 -0.503403
104 -0.292839
105 -7.86153
144 -2.27603
105 -7.90238
13 -57.6816
360 8.75327
191 -0.0949249
164 0.820831
160 -1.57884
176 -0.478134
125 -12.6116
324 25.6295
75 -102.482
36 -15.5178
171 0.0660095
68 -26.8019
192 0.14299
174 0.303009
204 1.65689
277 19.185
119 -1.1309
298 27.3484
86 -10.1049
336 14.1521
136 -1.55293
152 -6.69099
131 -3.60251
338 33.6008
44 -4.55806
186 -0.140686
203 1.3181
128 0.763412
125 -12.5935
104 -1.72688
203 1.31648
185 -0.13826
155 4.71657
199 0.675949
160 5.84966
277 19.3321
68 -26.8019
140 -3.02541
32 -15.371
207 1.92749
140 -0.948776
140 -2.97096
276 4.52634
157 -1.53062
160 -1.91487
119 -1.12607
147 1.39796
127 -12.2303
58 -11.8433
168 0.181686
141 2.72304
157 -0.563065
369 28.4134
168 -0.49881
218 2.58226
275 18.8689
300 30.8626
209 1.73146
126 -0.0871506
104 -1.72684
343 53.1978
117 1.03722
190 4.86725
67 3.31119
139 -3.05209
152 -6.69191
168 -0.504318
78 -11.0213
176 -0.477982
113 -1.39677
172 -0.109573
157 -2.10931
161 0.144684
127 -12.2373
160 -1.77313
144 -2.35089
157 -0.574921
169 0.130524
155 -2.42096
334 19.009
298 28.2602
170 -0.343033
116 -1.55769
232 5.32643
180 -0.343369
38 -73.2659
164 -1.06294
171 0.113373
370 46.2741
95 2.8754
42 -14.559
295 28.3024
224 15.5805
31 -28.2797
84 8.03403
111 4.9807
20 -42.7966
165 0.25708
120 -13.5853
297 27.5355
170 -0.815216
277 19.4173
86 0.928703
49 -14.0836
128 0.762924
62 -5.00945
256 -10.3067
188 0.268219
298 27.3727
160 -1.95573
165 -0.479675
78 -23.5334
202 1.42574
168 -0.145035
159 -1.47023
369 28.8476
190 -0.184265
159 -2.00584
63 2.36297
170 0.0951843
75 -101.103
129 0.257889
357 39.1096
160 -1.05507
32 -75.0168
105 -7.90472
130 -0.863632
368 0.342438
87 -6.57806
140 -2.96898
169 -0.147736
35 -15.2397
85 -10.1539
210 1.65186
128 0.763474
298 27.3517
164 -0.470108
69 -0.718849
105 -0.282761
165 0.286026
111 -3.47459
188 0.728271
315 26.8731
263 19.1846
172 -0.576965
180 -0.277786
31 -53.6864
57 -29.2137
184 -0.234406
164 -0.187973
199 1.80173
175 -0.553558
318 21.8591
166 -0.486252
57 -28.3386
92 -0.390968
141 3.22406
58 -11.8422
117 -0.113449
153 -0.595932
127 -12.2434
89 -4.98481
215 2.51559
133 -3.0932
207 1.9276
127 -12.2398
185 -0.134094
58 -11.8544
128 0.795242
136 -2.70633
85 -10.1559
164 -0.186798
159 -1.55447
96 -1.28416
96 -0.348907
325 27.0089
69 -0.625519
370 46.2538
175 0.296799
42 -70.2487
180 0.894516
65 -0.745255
335 14.5585
174 -0.551331
306 19.0685
154 -1.93535
69 -0.625458
175 -0.571609
163 10.4014
110 -7.80473
245 -8.14804
19 60.1306
94 -0.373863
134 -0.446854
172 4.58432
373 -13.0999
232 5.16382
88 8.27601
372 14.0875
188 0.131149
173 3.90744
361 40.4934
128 1.35138
40 -14.7197
167 -0.765366
155 4.72026
116 -6.88906
209 1.53003
127 -12.2204
210 1.64664
165 4.43427
207 9.49301
173 3.90797
165 0.309952
53 -30.5662
111 -0.234505
107 -5.25188
370 -11.0397
336 13.5345
30 -50.6138
167 -0.48024
44 -33.0499
180 -0.272049
158 -0.45224
85 -21.6841
65 13.2285
41 -14.2122
154 -0.519653
160 -5.19957
174 0.179489
166 0.104507
59 -10.9545
202 0.797943
29 -52.4477
166 -0.954666
84 -0.501877
299 21.1521
89 -4.99277
127 -3.56149
337 -4.98898
146 -7.25566
134 -2.78122
345 11.4557
84 -0.502304
122 -5.7496
322 22.8232
292 25.1962
151 -3.45715
66 3.79443
166 0.105392
140 -0.948929
354 35.2494
96 -0.348747
140 14.049
364 13.9405
157 -2.61812
336 13.4383
358 62.173
92 3.72677
169 4.57658
336 13.3967
61 -5.87711
63 -0.764637
162 -2.30763
169 -0.48288
300 30.8613
174 0.303131
304 28.7412
89 -0.437973
111 -3.89284
202 1.42609
127 -12.2207
202 1.4265
161 4.79265
41 -14.4189
127 -12.2372
107 -5.25192
146 -0.89505
87 -0.507729
234 5.38707
173 -0.351685
173 3.90816
103 -5.56802
148 -2.40874
209 1.52995
186 -0.0782318
196 1.83598
174 0.300568
371 46.3804
169 -0.435364
168 0.580139
297 27.534
189 0.199448
166 -1.38292
336 13.4941
208 1.52193
171 -0.455048
295 28.3023
318 21.8529
300 30.8656
357 39.1534
166 -0.469788
320 24.2593
19 60.1336
123 -0.0480347
105 -7.86122
210 1.64668
79 -16.6223
157 -1.63672
69 -0.712502
107 -5.25225
210 1.57968
63 3.64679
164 -1.45326
202 6.74655
102 -17.5077
128 0.806564
287 25.2075
134 -2.78589
107 -7.54425
57 -29.2304
130 -0.864761
116 -14.6073
111 -3.47462
167 -0.480026
365 14.0261
371 46.3757
63 -7.93599
161 -0.813461
123 -13.295
169 -0.482559
164 -0.464325
314 21.7239
140 -0.948898
13 -58.1404
206 1.50883
297 -21.4707
226 4.12555
189 1.53804
365 -13.1475
365 33.7321
92 -0.390434
256 -10.3465
151 -3.45706
361 40.6104
287 25.2079
325 27.0027
115 -15.7357
325 27.0028
227 4.26814
134 -2.78142
310 -5.96811
107 -5.25159
292 24.6673
360 -2.42194
169 -0.435532
301 30.6794
65 -0.740326
169 0.050705
201 1.31615
66 5.76167
304 -0.0254211
60 -0.608467
341 32.2302
291 25.4453
155 2.26851
166 0.110611
297 27.5346
150 -0.672012
67 -0.720909
66 -0.732979
61 -6.0092
102 -0.295815
154 -2.23448
228 4.56244
188 0.26619
134 -0.445969
165 0.0705109
164 -0.622299
33 -15.4673
203 1.31734
112 -21.5505
304 27.0711
329 19.2118
143 -2.90453
28 -34.7245
127 -12.2239
85 -21.6843
218 28.2252
176 -0.478531
374 28.6313
152 -6.69199
141 -0.960983
180 -0.349075
61 -5.91657
325 27.0032
257 12.9819
206 1.50867
63 -0.765453
174 4.69081
58 -28.9485
351 -3.23624
58 -11.8431
228 4.9314
297 28.8132
140 -0.913498
157 -0.525787
118 -0.135925
164 -1.00369
173 -0.360229
54 -29.9779
180 -0.285385
215 -0.267654
337 -5.35498
152 -6.69078
153 -1.21056
137 -0.807053
366 14.2735
32 -75.0581
160 -0.795547
160 -1.34811
232 5.32643
154 -0.519424
173 -0.359497
190 -0.17627
368 0.322327
167 -0.740936
340 26.9901
335 14.5814
142 4.97411
275 18.8667
153 -1.88658
202 1.43164
134 -0.446381
154 -0.623108
287 25.2095
137 -5.38484
365 13.9883
166 -0.324265
107 -5.25168
291 25.4461
175 0.396988
152 -19.8628
233 11.5143
156 -1.66388
221 15.8364
165 -0.379379
128 0.763199
188 2.83305
105 -7.90477
296 28.7809
115 -1.60557
343 39.106
130 -5.22454
364 54.9326
75 -14.4014
134 -0.446671
173 3.91907
85 -9.94984
205 -0.184753
356 -3.7066
5 -50.3811
150 -0.613922
131 -5.0971
72 -0.626015
120 -13.5821
243 -20.2248
202 1.43103
369 20.2801
73 -25.2837
111 -0.234688
125 -3.57586
127 -12.2411
315 39.1067
370 27.765
144 -2.3383
134 -2.78688
370 -11.3994
173 -0.349808
202 1.42613
153 -1.32204
137 -5.4157
192 0.380234
89 -22.4972
80 -3.84029
74 3.5583
351 11.1188
157 -0.649796
335 61.7784
94 -0.373878
140 5.63084
345 53.9789
326 27.2916
188 0.268219
325 26.9958
34 -15.4786
260 14.5342
113 -1.39671
124 -3.66969
92 -0.39045
206 -0.188492
89 -0.437523
171 -0.462067
357 39.0916
124 -0.611893
173 3.91502
300 30.8664
169 -0.225189
366 31.2583
120 -4.63125
36 -32.3047
156 -1.60793
165 -0.494949
300 30.8677
13 -58.1536
243 -2.29916
46 -26.539
173 3.90749
331 17.8849
140 -9.6225
190 -0.183136
96 -1.28333
343 37.3319
88 -0.42408
155 -1.80899
134 -2.78154
157 -0.64801
171 -1.07965
126 -0.0871811
299 23.2089
207 1.92763
276 -0.665924
335 14.9335
107 -5.2523
301 27.8196
301 30.6823
29 -53.0459
297 27.5358
58 -28.9315
161 -0.480835
191 -0.0955811
175 -0.148117
125 -6.06638
62 -9.60147
85 -21.6836
207 1.92783
168 -0.336411
105 -17.7029
37 -14.6078
306 26.2165
312 23.3726
161 -0.446472
179 0.738541
96 -0.349617
103 -8.96254
117 -15.0297
28 -34.7213
369 28.409
89 -5.00241
107 -5.25185
141 -0.812012
41 -69.4302
159 -2.01028
154 -1.29868
180 0.817947
314 24.8299
65 -0.776161
65 -0.733627
105 -1.74564
370 46.2957
180 0.336243
349 26.273
288 25.2111
137 -0.787384
300 30.8666
117 2.68075
205 -0.198685
328 32.6754
100 -0.24176
159 -1.69759
346 -5.49673
67 -38.1531
156 -0.554367
106 -17.7996
263 19.2034
322 31.2934
161 -1.23412
202 1.43135
96 -1.28482
99 -1.42951
226 4.1266
193 0.0918579
69 -0.635254
207 9.49274
41 -14.4207
144 -2.34648
68 9.59929
194 0.241257
176 20.5685
201 1.75948
300 30.8694
294 25.872
202 6.74084
108 -16.3686
173 -0.351715
199 0.708954
335 -13.4759
264 18.7943
355 42.0966
318 21.6479
2 -11.9758
178 0.689453
177 1.56564
52 -13.8164
203 1.4929
128 -3.74196
164 -1.59038
101 -4.89261
269 19.2139
300 30.8667
172 -1.40477
333 33.7487
124 -3.03745
172 -0.569046
134 -2.78087
312 30.2892
164 -1.0256
79 -16.6246
274 18.8723
13 -58.1439
168 0.209793
189 0.824539
204 1.84657
67 -38.1531
140 -2.96826
347 11.8565
351 10.1104
174 -0.131958
338 31.8892
265 16.6328
360 36.1507
337 -5.68283
62 -4.99865
141 -0.757446
369 28.4073
194 0.53009
81 -23.8712
316 29.8846
68 -26.8022
170 -0.75238
274 18.8725
134 -2.79729
337 -5.71945
363 54.4476
76 -4.92589
160 3.62814
300 30.8665
101 -9.15695
157 -1.84459
287 25.2072
60 -28.2613
317 25.2054
118 -4.68668
206 -0.189011
118 -0.701622
169 -1.15794
206 -0.188309
169 -3.01558
153 -0.602234
165 -0.480835
61 -6.01087
169 -0.524078
172 -0.560608
84 -0.502213
369 20.2086
137 -5.38591
96 -1.28291
297 27.5333
128 0.714813
13 -58.1439
337 -5.33984
355 42.0946
84 -0.502167
138 -0.790512
328 27.5156
352 16.5255
67 -28.9627
117 0.959473
184 5.09061
158 12.3927
79 -0.527252
85 -22.4595
369 28.8507
60 -28.056
167 0.204086
171 -1.08376
66 -1.05902
107 -5.25222
354 19.923
178 1.56108
183 1.29097
370 -11.0361
232 5.41786
310 -8.37158
318 21.8592
134 -0.825714
98 -0.288628
369 20.7414
28 -50.1764
134 -0.446365
155 -0.565857
58 6.69987
173 -16.9226
165 0.307877
137 -5.38162
116 -0.736969
203 1.31616
344 -3.81049
335 14.5665
347 27.5211
184 -0.315094
126 -0.0871506
192 0.0652008
174 -6.43893
152 -2.36241
73 -0.619209
357 36.7856
174 -0.683945
136 -11.2414
321 26.687
282 0.932587
232 5.32637
324 22.6396
327 24.5972
111 -0.234688
256 18.1057
352 9.50388
130 -0.864609
188 0.306107
301 30.6831
1 -46.0361
111 -3.47429
327 24.8121
162 -1.21477
72 -0.626129
89 -5.00665
137 -5.38638
367 49.735
300 30.8657
336 13.7079
366 31.3291
126 -0.0873413
108 -16.3711
166 0.110168
113 -1.39742
356 -4.61633
177 0.549026
151 -2.47031
128 -0.743896
294 23.189
127 22.0449
228 4.56296
205 1.65945
177 0.486252
232 5.16296
366 14.3151
97 -4.23389
339 35.2251
353 34.4453
79 -16.5974
134 -0.446503
308 27.7812
263 19.2023
257 13.1825
85 -21.6516
362 15.6574
84 -2.7568
165 -0.284927
169 -0.529221
181 -0.251602
370 46.172
134 -2.7859
201 -0.439758
127 22.084
141 -0.811859
123 -0.331818
301 28.3703
317 29.7616
60 -13.0218
135 6.07675
134 -0.446289
372 28.9431
330 38.2453
107 -1.64037
92 -0.390968
167 0.203842
134 -0.803879
349 6.65146
277 21.0221
203 6.77054
168 -0.573364
300 30.8672
179 0.158218
199 1.11299
173 3.90854
140 5.62671
297 27.3753
145 -0.710144
13 -58.1394
338 33.2234
287 25.2068
37 -14.7023
203 1.31651
244 16.749
272 18.7207
116 -15.1127
260 18.7392
140 2.38107
346 30.7327
124 0.181618
306 19.0891
323 12.7269
196 0.774109
232 5.41985
202 1.42993
149 2.67255
264 18.8143
121 -6.34293
303 29.0487
358 17.4053
121 -0.630936
191 -0.0596161
149 -0.172394
136 -0.764954
168 -0.573273
196 1.83607
134 -2.78137
121 -0.629219
350 51.5348
201 -0.439468
295 22.9561
102 -0.298126
203 1.31653
363 39.8705
136 -0.764542
336 31.1896
195 0.142532
158 -0.173981
232 5.42043
325 27.0038
135 -2.94565
118 -0.127251
359 -13.1973
196 0.90625
126 -0.0872955
191 0.391403
349 33.1005
137 -5.41663
341 12.3655
165 0.308441
329 22.8824
126 -0.0871506
178 1.06419
92 -0.390411
140 -0.912445
155 -1.19876
300 30.8653
149 -2.00687
85 -21.6902
336 13.7563
312 23.2023
314 31.9453
338 26.1861
150 -0.739548
116 -0.736923
87 -6.07861
99 -3.82454
159 -1.90128
331 35.5806
140 2.40379
266 12.9308
331 35.5978
79 -6.8903
117 1.02396
168 -0.504288
247 12.3372
140 -0.911636
234 14.3449
361 -0.128601
320 24.2483
65 -0.739288
243 -20.2238
108 -1.17671
116 -0.138153
370 -11.4343
353 27.8762
353 34.4422
46 -26.532
347 24.7892
192 0.0645752
93 -4.39191
68 9.60068
336 13.7564
312 30.6859
73 23.8406
183 0.525299
311 23.1213
151 -0.514648
264 18.8165
232 5.41989
210 1.58005
99 -0.273811
166 -0.469208
62 -5.01023
142 -4.14087
155 -2.45544
177 4.53326
136 -2.08121
337 15.4668
354 35.2635
354 28.4599
327 21.5036
344 10.0204
174 0.296494
20 -42.8047
266 15.0504
126 -12.2445
365 14.5895
354 17.6794
201 -0.439972
146 6.73328
328 25.2971
168 -0.459686
300 30.8676
144 -3.83743
350 68.1916
256 -10.3136
178 4.97917
327 28.2737
94 -0.37413
140 -0.948944
45 -34.2598
117 2.7463
322 31.6007
174 -0.722641
146 -0.831039
91 -4.31327
302 25.9731
181 -0.253677
357 39.2368
349 17.8292
314 39.5608
100 -9.03114
331 62.9166
3 39.7192
194 0.614853
157 -1.23366
310 27.4778
178 0.71759
155 -1.80057
135 -0.740997
202 6.70197
309 25.5434
127 -12.2446
293 22.9823
127 5.01086
368 0.349457
207 1.92741
364 13.6952
72 -0.62587
20 -42.8026
354 17.6629
325 14.2629
322 22.8269
89 -4.99033
325 27.0001
335 14.571
143 -2.90741
357 37.0066
307 36.2776
352 19.9099
204 1.27805
195 1.36449
139 -3.14285
354 17.6592
127 -12.241
174 0.0878143
280 23.2995
357 39.103
85 -6.59648
108 -16.4124
304 -16.7412
116 -1.99149
373 26.0039
254 22.6282
145 -2.3622
369 24.8658
191 -0.0954895
118 0.00944519
54 -30.2176
273 22.9438
347 67.0568
274 18.8714
313 39.2961
129 -0.620789
109 -0.524757
350 2.14233
173 -0.154221
277 19.3324
308 27.6965
102 -0.293686
140 -0.912277
353 34.3907
363 -2.1955
119 -2.41275
336 14.4182
184 2.30602
275 19.9554
324 28.8539
153 0.0467072
117 -0.797165
164 4.58603
150 -0.59874
154 -2.588
125 7.59361
165 0.221786
318 31.3516
143 -2.17386
66 -1.06207
238 5.53444
320 24.6498
175 -8.2807
168 -0.504105
111 -3.47462
325 26.9996
369 48.1541
203 6.50822
228 4.93124
204 1.15828
349 71.1082
86 -10.1092
144 -2.17523
227 18.5005
336 13.6591
308 24.8627
173 -0.754196
140 -0.912476
125 -0.469749
209 1.92203
140 -0.28891
176 -0.429611
117 -0.791527
363 33.6814
274 18.8717
143 -1.54337
167 0.297287
138 -5.44527
117 2.74644
182 -0.202759
168 -0.573898
190 0.214264
180 0.0673676
322 26.7709
364 13.9435
360 35.6364
117 0.750854
186 -10.422
369 20.2778
153 2.37601
251 4.43495
187 3.06245
303 29.4134
248 8.63611
290 23.6367
366 31.3114
330 33.1716
13 -58.151
263 12.4178
372 20.621
357 36.8172
324 20.0273
137 -0.753418
165 -0.816635
177 1.52831
355 42.1187
137 -0.812225
208 1.29578
154 -0.651047
134 -0.824677
357 28.0334
54 -30.446
168 0.659683
165 -0.854019
146 -0.699753
300 30.867
335 14.9873
173 3.9201
118 -0.748642
19 -67.2638
150 -0.41304
141 5.02344
256 22.0259
134 -2.78122
145 -0.711578
355 42.1189
178 -0.190536
137 -2.15866
324 22.6427
135 -1.47423
202 1.50334
114 -15.8443
327 24.6195
345 49.3875
160 -1.55527
144 -0.954712
174 -0.698654
158 0.303528
120 -0.684418
157 -0.649796
115 -0.684097
113 -0.209908
192 0.101685
92 -21.8682
264 15.4752
258 17.448
271 -1.16187
168 -0.573273
365 16.7297
354 17.6739
354 34.8229
274 18.8721
185 -0.560974
360 1.19699
332 33.0548
154 -1.93333
122 -2.47797
167 0.203857
325 27.002
272 -7.41022
119 -6.51581
96 -1.28183
147 -0.506622
371 21.234
144 -2.21242
156 5.13219
362 60.7112
325 26.9994
357 -8.91626
338 3.54562
318 21.6548
248 12.5415
260 14.7308
339 48.9664
308 23.3304
368 33.8396
309 27.9516
232 5.32672
188 0.26857
364 37.7784
325 24.0889
89 -0.435158
105 -0.282707
141 -0.812134
360 35.3304
337 -6.2283
358 -8.58835
338 14.3112
110 -0.780937
13 -57.7033
191 -0.0597076
194 0.213608
123 -0.2929
371 45.6749
279 18.6586
39 -14.6028
287 25.2075
346 37.3835
364 13.7277
239 6.10518
201 -0.438934
291 25.4449
149 -0.693176
155 0.00657654
151 -6.84431
331 32.8881
46 -31.8845
245 16.2465
79 -78.1133
117 -0.797997
111 -3.47479
137 -5.41719
268 18.3738
271 -4.48001
309 24.8759
208 1.55928
133 -11.839
248 9.0202
369 -24.1955
145 -2.21712
353 34.3704
86 -6.16522
301 27.9943
350 7.4498
369 19.3993
83 18.8366
277 22.4285
279 18.6219
325 13.3559
140 2.35295
3 39.7226
200 1.02061
74 -3.44723
254 5.86139
305 29.6045
333 20.9082
367 50.9651
133 4.02629
351 -31.1251
113 -16.2246
242 6.51125
113 -1.39653
143 -2.62459
321 21.7065
324 24.9445
353 34.3831
300 30.8661
203 1.31781
154 -0.638931
195 -0.373154
166 -0.469971
275 19.1844
256 -10.119
159 -0.40892
121 -0.638115
187 0.23941
310 23.7239
147 -0.875244
85 -3.15502
318 21.8279
162 -0.54509
268 18.4587
145 -0.690933
364 13.726
344 22.8961
202 1.43054
139 -8.28601
354 17.6772
318 21.8501
137 -5.38556
200 0.712845
147 -0.422867
247 10.5967
272 15.0879
202 6.71124
232 5.05089
136 -0.797989
146 -0.583527
96 -1.28136
192 0.346527
332 13.7858
302 1.49072
248 9.03369
2 -47.557
185 -0.134506
248 9.02979
301 27.9941
194 13.5905
178 -0.439026
192 0.48912
287 25.2075
282 -12.4009
197 0.60968
297 -21.211
337 -6.02615
298 27.332
83 15.726
280 22.8724
285 12.2747
345 10.7759
207 1.071
148 -2.01395
194 0.227356
194 0.227829
169 -0.483734
291 25.447
152 -0.390579
147 6.36586
335 12.1139
174 0.30307
153 -10.4473
149 -0.710159
18 -62.8205
36 -32.31
173 -0.0191345
365 17.0213
71 3.50295
318 21.8265
113 -21.5282
42 -32.8121
279 22.5689
108 -16.3951
301 30.6783
3 -48.0062
331 20.7611
146 -3.78397
206 1.50769
137 -5.3867
254 11.5789
343 70.7362
370 21.7922
248 9.01741
277 15.0659
340 17.1446
144 -0.89035
129 5.87129
102 -5.00176
359 13.4139
118 -0.701645
88 8.27599
209 1.75237
255 22.2606
61 -5.91675
324 21.9212
349 23.9444
152 -0.443314
121 -0.216736
344 13.4852
154 -0.638199
296 21.9525
258 17.4924
88 -0.4272
193 0.580536
149 -0.640503
347 10.2039
134 -2.78603
310 24.2038
335 14.5702
207 1.9276
237 5.53821
302 27.706
172 -0.574844
194 0.237534
285 24.1917
278 -18.8212
277 19.3324
135 3.12788
334 -4.66144
134 -0.825165
228 5.3535
111 -3.89494
302 29.3266
272 20.5603
312 39.1696
130 -0.863358
281 23.2546
300 28.2532
345 11.1166
311 24.0807
350 11.3486
111 -3.895
150 7.02013
369 16.199
207 1.92734
351 -31.0871
232 5.32669
141 -0.812027
140 2.32512
261 20.4478
318 21.8499
299 22.6324
216 3.61935
145 -2.95132
171 -0.402969
313 28.8289
187 3.06264
128 0.763214
346 32.8633
137 -5.38548
137 -5.38992
279 -1.80563
128 0.763367
178 -0.200729
130 -5.22926
258 17.4507
371 22.8829
168 -0.0812073
331 32.4807
32 -75.0698
165 -0.514877
344 18.4406
120 -13.5818
357 39.1395
301 28.9963
262 15.2622
117 -0.801865
276 -0.691437
335 28.8906
363 13.8299
137 -5.38736
153 -0.750885
363 39.9279
128 -0.785751
310 -5.92654
311 23.1685
206 1.50281
111 -3.47422
297 -21.3918
323 21.1761
71 3.40903
262 12.6588
359 -8.38
191 0.517685
167 0.206284
213 2.10593
267 19.0182
291 24.6738
125 7.60214
95 -4.32003
140 -3.01968
32 -50.0503
235 14.3259
137 -5.38519
262 13.2114
157 -5.99939
346 11.7955
332 55.7474
334 41.0156
195 0.274506
358 29.5772
130 5.82986
307 27.079
148 -0.671829
287 25.2922
140 -1.51103
364 103.584
258 12.8367
88 -0.424072
348 23.1562
128 1.35083
3 39.7194
201 -0.438766
172 5.19864
278 21.9541
168 -0.0813293
166 0.104523
260 5.63806
128 1.35081
188 3.30939
306 26.624
202 1.47878
127 -12.2419
351 8.92679
363 16.3458
107 -0.454407
287 25.2084
331 28.2289
82 -6.51387
336 31.7985
310 -5.9411
252 6.12573
217 8.27763
117 0.749207
361 40.1705
297 22.4318
236 5.49922
193 0.754654
218 6.91824
336 34.2826
138 -0.790863
301 27.9771
260 19.7573
157 -0.565063
348 27.4025
373 22.2119
150 -0.690201
107 -5.25155
191 -0.0952301
166 0.111145
79 -16.5972
321 23.0305
187 3.06267
111 -3.4743
168 -0.504303
343 51.4762
331 35.4268
111 -3.47424
357 36.2256
132 -1.23253
203 1.55336
280 -1.16757
206 0.437164
77 -0.531082
252 5.98602
350 7.66638
207 1.92758
255 22.2586
156 -1.48744
96 -1.27078
298 27.2963
331 35.5428
202 1.50305
174 0.523697
96 -1.2819
364 13.7112
362 18.305
111 -3.89405
146 -2.74313
218 28.221
165 -0.503326
363 39.9725
248 9.03004
345 75.3195
270 16.5112
21 -66.954
175 4.5079
124 -3.23874
129 4.9855
196 0.0546265
207 1.92747
369 28.8958
264 14.0338
344 31.3282
192 0.0650787
175 -8.30896
319 17.9225
137 -5.38664
113 -1.39739
125 -2.39519
255 22.2892
264 18.7979
149 -0.70668
179 0.543884
345 28.9688
155 0.327515
279 16.3673
331 35.5406
274 18.9372
202 1.42622
273 19.8571
265 16.45
149 -1.97797
349 26.2623
41 -14.4188
145 -2.22939
267 19.5953
366 31.2817
314 35.1123
114 -0.132042
68 9.6032
125 0.378212
210 1.57973
171 1.2215
169 -0.43541
369 28.78
202 1.43141
265 16.0807
251 11.2734
364 13.9541
137 -5.38597
89 -5.00816
84 -6.21455
298 26.8277
103 -18.8053
363 36.5336
172 -0.00924683
128 1.35104
134 -0.824921
293 -3.15298
263 16.2784
106 -17.802
236 5.4912
336 12.2853
248 5.62639
202 1.43153
137 -5.41925
300 28.2527
263 18.8365
191 -0.0595703
291 25.4466
89 -22.4973
117 -6.73897
233 18.7472
325 33.2677
132 -1.23103
136 -0.308105
92 -0.390442
149 4.18648
137 -0.792206
268 18.7021
245 12.1102
92 -0.390289
75 -24.7333
140 -10.3653
146 -0.890671
301 28.5707
137 -8.65244
63 -2.90973
369 28.4126
246 9.55785
136 -11.062
203 1.54666
277 15.6225
73 -0.618919
192 0.0650635
251 1.4843
355 42.0876
123 -0.705452
65 13.2284
340 23.2424
143 -2.95729
319 28.0853
79 -2.4911
111 -0.667793
264 18.8148
347 11.8572
261 13.9502
323 22.8212
257 17.4285
162 13.0469
130 -0.864441
121 -0.630783
269 -3.9939
208 1.52213
61 -5.9166
211 2.37016
110 -3.86253
228 4.93143
369 48.0591
328 23.4826
264 18.7772
230 13.8751
98 -4.66613
163 -1.72751
179 -0.764969
314 -9.05145
288 26.9837
269 -2.00281
206 1.50871
154 -0.379181
152 -0.675446
203 1.31656
330 -6.51001
166 0.11174
193 0.614532
370 -5.70782
89 -6.45642
345 30.2099
127 -0.0735016
335 -3.31192
312 23.0183
107 -5.25141
93 -20.8313
355 42.0974
312 3.33496
276 -0.630493
144 -0.5811
194 0.557159
119 -0.658081
159 -0.383133
176 -0.574158
109 -0.308868
364 32.1435
140 5.6369
144 -0.746292
232 5.16371
335 -0.478638
134 -0.446503
351 11.3259
169 -0.524307
54 -13.5015
108 -0.458725
301 28.5291
333 34.2921
352 29.6568
326 16.6659
137 -5.41679
329 17.4888
292 28.6472
301 28.6485
343 26.8573
326 31.7502
369 28.8696
64 -29.0173
175 -0.570953
175 -0.571823
300 28.2529
147 -0.508057
166 0.115768
319 27.2177
125 7.60629
351 14.7647
125 -0.458061
265 -2.24292
200 1.10706
117 2.67478
206 1.50383
357 36.3333
334 11.3347
148 -0.658646
164 0.387054
263 16.4602
104 -1.72778
70 -4.13612
329 27.2918
81 -6.59689
346 30.3829
264 18.8594
363 17.1728
187 3.06268
322 14.4957
285 -11.1235
374 42.4039
1 -45.8791
152 -0.347046
85 -21.69
139 -10.216
118 2.58554
300 28.2928
140 -0.735275
150 -0.395096
120 -1.05772
316 29.891
298 27.3521
319 18.1429
267 19.6244
314 39.5522
154 -0.647659
309 25.1131
172 -0.162933
347 27.7497
167 -0.337341
188 4.64095
240 6.06094
347 19.6506
339 58.3346
164 -0.191589
338 26.4305
316 22.6404
325 36.4834
181 0.123413
357 38.96
130 -0.863266
154 -0.303619
337 -5.34399
349 26.2764
283 0.498993
264 17.1244
155 -0.564117
218 6.91498
137 -5.38458
140 -18.9411
314 39.562
250 5.74551
168 -0.573685
209 2.07994
228 4.60664
89 19.6319
263 14.3648
232 5.42828
354 17.6747
201 -0.438812
267 18.6135
300 30.865
149 -2.17667
362 45.2235
359 26.9412
303 -52.9231
96 -0.3489
125 7.58461
350 27.3315
232 5.41986
128 1.35088
68 -26.8158
141 2.77724
321 30.7719
137 -5.38707
158 -0.560303
181 -0.679092
119 -1.12672
207 1.61913
134 -0.446426
142 -7.77795
282 -10.6407
232 5.42014
355 42.1808
291 25.4465
360 10.4583
190 -0.865143
86 -23.071
333 29.5384
353 34.387
137 -5.38437
145 -2.9054
188 4.64008
128 1.35097
366 31.2492
159 0.779068
206 -0.189209
357 11.4004
329 31.2563
314 39.5442
128 0.763016
261 18.5265
111 -3.47479
172 4.58112
205 -0.92189
140 -9.03273
169 3.75069
136 2.15817
300 28.3011
354 17.6823
346 72.2747
287 25.2929
292 1.2392
304 22.3993
151 -2.45779
117 2.75137
277 22.2559
166 -0.50531
363 16.1814
361 36.0497
147 -0.89859
78 -6.94962
144 -0.583649
317 -10.9164
195 0.811584
127 22.0666
321 32.0794
277 22.4295
317 -23.2388
140 -0.995438
272 -7.40677
64 -26.7835
333 25.6998
323 24.1988
301 -16.5447
185 -0.560898
280 21.4873
365 13.6634
168 0.209869
312 25.1605
132 -0.886368
201 -0.439667
342 80.335
73 -0.619499
302 26.6281
317 12.1003
222 3.56264
149 4.10919
364 13.727
303 30.1674
174 -0.14035
285 25.5149
267 18.4479
41 -31.7151
140 2.38428
311 23.0977
317 29.763
360 35.3167
139 -6.69817
331 60.7718
297 23.9543
348 17.1672
297 27.5348
258 10.8328
311 27.1856
196 1.64851
272 18.8813
274 18.8727
127 5.34689
333 47.6515
125 -0.663567
298 27.3524
137 -5.38635
140 -0.948914
297 24.7497
179 -0.816895
162 -22.3591
317 21.7668
341 63.3356
279 16.367
194 0.240204
188 0.268158
91 -6.33041
138 -9.47699
330 18.3545
147 -0.418716
133 -45.0602
277 21.0218
103 -8.71576
242 6.02609
361 19.4672
146 -2.22577
147 -13.481
354 17.6719
355 64.8101
311 23.1101
349 26.2805
314 39.1043
180 4.21657
130 -0.864365
151 8.65891
144 2.56668
338 14.5379
243 -2.29721
338 26.7029
124 -0.739937
369 20.2988
276 4.48596
176 -14.1056
368 -27.3811
201 -0.439758
99 -0.340576
98 -0.288506
141 -0.810196
204 0.769257
363 40.0036
330 33.6651
355 -5.57333
364 40.3168
117 -0.805161
353 34.4036
78 -25.2579
120 -1.05435
110 -0.664719
362 36.8509
191 0.76561
366 31.3059
274 19.0955
154 -0.637985
338 26.3251
178 -0.141983
172 1.76866
76 -25.3001
345 4.31268
139 4.91142
148 -0.745392
141 1.20845
125 0.199265
147 -0.898346
242 7.19978
265 7.58649
360 26.2492
369 28.8803
325 -6.93921
319 10.1119
146 -0.477219
364 33.4279
146 2.43231
347 11.7701
303 -10.9615
311 23.1111
343 28.3475
248 9.02954
336 34.499
217 8.32704
264 2.64081
332 -6.60318
129 0.625885
346 91.3384
107 -0.501053
143 -2.58165
137 -0.753952
141 3.33488
303 -11.2297
308 27.8425
338 33.6055
208 -0.512512
370 19.938
140 -18.9389
368 40.4319
13 -58.1377
202 6.73946
233 5.29552
265 7.58548
359 12.0627
251 9.44844
2 -47.8913
67 -38.148
140 2.32846
169 2.73199
199 0.656723
369 28.8786
258 17.4447
366 32.7173
222 4.52061
258 17.448
117 -0.475861
208 1.55946
277 21.0215
137 -5.38879
228 4.56187
283 -26.1498
203 1.52487
320 25.0254
173 -0.0197296
122 -3.29383
134 -0.446335
272 -7.41913
156 0.364685
51 -14.6554
91 -0.417076
129 -0.72229
194 0.240784
167 3.60397
372 46.1559
327 17.1652
291 26.949
358 29.6055
312 3.25119
117 2.7533
336 -8.97635
248 10.9171
166 -0.45459
143 -2.96202
150 -0.527084
96 -5.015
374 42.4015
297 9.13727
195 -0.780701
357 28.0291
343 70.9452
140 5.63449
118 -0.134956
363 13.8968
82 15.7232
232 5.41962
318 21.8594
314 39.5444
275 18.8694
191 -0.0950165
361 40.6078
144 -0.58606
175 -8.16679
205 0.701202
277 -4.8848
359 16.4707
317 -10.9163
276 20.1022
165 0.317871
168 -0.573364
174 0.523941
357 39.5111
207 9.49313
140 5.62927
127 -0.0736542
206 1.50734
154 -0.0393982
229 17.646
128 1.35052
306 34.423
264 18.8048
323 22.0331
318 21.8584
232 5.4196
85 -0.505379
270 21.1566
271 19.0083
253 12.8736
86 -0.876579
270 20.8
101 -3.83893
298 29.1464
322 19.5045
243 6.14522
286 2.87772
323 23.6702
164 0.388733
338 51.1914
199 0.65593
116 -0.737144
361 40.6073
250 1.25877
325 27.0055
276 20.102
192 -0.0835419
278 -18.7921
340 23.3382
348 33.2423
324 28.5228
203 17.5554
34 -75.8558
146 -2.81187
282 23.6599
206 -0.186539
348 -4.04709
328 30.7753
130 -0.625443
352 5.12482
162 9.25653
106 -16.6514
262 4.95734
195 36.0757
348 50.5493
172 3.81491
255 17.7782
297 24.8575
299 24.9585
225 13.8892
198 6.4547
67 -28.9593
170 -0.454224
339 59.5601
351 13.785
352 -6.07135
268 19.9636
365 13.6395
321 21.6719
189 3.00461
209 1.37141
173 3.91966
302 26.2285
148 -0.602051
363 40.3939
150 -13.9746
303 25.9221
138 -0.76651
220 4.45683
326 -7.47372
169 4.55708
128 0.752609
298 28.7134
162 -0.508652
348 27.7746
265 13.4314
264 18.8159
248 9.02042
13 -58.1439
160 5.19502
137 -0.812149
144 -0.554642
329 2.64056
327 -6.97052
145 6.98633
126 -10.7301
341 1.19049
301 27.9828
306 25.9023
301 -8.32434
105 -1.74636
120 -0.582024
276 20.1649
124 -0.63755
349 27.301
298 27.3441
137 -5.41888
209 1.73126
117 2.74392
207 1.92741
199 0.655975
266 14.0395
293 18.9128
28 -34.7229
118 -0.688683
367 15.5013
201 0.996094
339 12.359
138 -5.44926
351 42.0086
130 -0.11142
188 -0.583099
86 -6.11548
366 13.3809
334 11.2476
300 28.2538
356 22.5266
89 -4.98855
228 4.93141
248 9.02072
216 18.8759
279 -1.72406
303 28.1824
128 0.760223
130 -0.995087
180 -0.459824
317 -10.9174
157 2.92888
175 -0.571457
367 6.798
264 18.8307
250 12.5562
177 -0.157623
206 -0.18779
277 20.3513
338 39.403
117 0.7509
134 -0.445923
363 34.9089
203 1.23074
207 9.49284
247 9.29578
343 11.9175
258 16.8688
135 -0.957367
360 37.0706
248 9.061
360 29.7554
151 -0.576248
253 6.12817
167 -0.498184
198 1.33487
368 13.0597
258 18.431
107 -5.25179
156 0.297012
315 -22.9149
215 -0.557022
123 -0.651627
288 -9.7778
239 6.12694
278 -18.8451
332 2.03754
328 -6.11954
270 14.1932
369 28.8835
116 -2.34859
94 20.2061
359 14.9148
347 27.8507
144 -0.56311
145 -0.710739
211 1.90207
337 -5.33136
292 26.7205
328 32.674
136 -1.54575
155 -1.87732
130 -0.706131
287 25.2078
137 -5.41734
117 -0.800797
65 -40.0282
340 -3.64575
262 11.7121
277 21.0221
258 10.8302
313 24.8176
369 67.0555
35 -36.0467
64 -29.0161
142 -0.957123
277 21.0229
302 26.4641
301 28.1196
263 19.219
306 18.9323
144 -0.583542
243 -20.3331
118 -0.680199
73 -25.3686
366 31.2845
341 11.1987
279 16.3675
89 -4.98988
143 -0.765411
342 30.1219
206 1.50949
326 22.4921
170 4.48323
283 25.4585
106 -0.557869
242 6.50917
96 -1.2733
210 1.5827
155 -0.34079
176 0.0809021
291 29.5014
207 1.92761
92 -0.390915
314 25.8005
175 -8.16798
222 3.24557
346 30.7378
153 3.87279
358 31.6576
125 8.24028
304 -16.7497
330 30.4653
312 30.2599
232 5.41989
301 27.9946
244 -28.0327
247 9.00256
258 17.4504
18 -64.0098
201 -0.439423
342 27.7362
369 28.864
350 68.054
244 8.07022
299 22.6339
139 1.76291
197 0.782761
203 1.31741
272 1.12741
125 -0.471413
175 -8.19067
188 0.267151
323 27.2069
226 15.3122
235 17.8839
151 -0.77504
291 25.4483
346 27.4984
110 -2.22278
144 -8.52539
323 23.8446
209 1.53018
287 25.2069
71 24.3978
123 4.60788
287 25.2091
85 -21.6903
254 11.1208
350 66.5459
97 22.1202
272 -7.39856
118 -4.62582
351 14.9506
180 -0.298599
278 -21.8738
291 25.4464
240 5.64
142 -0.781128
230 1.85794
248 10.8015
264 18.8073
349 32.6967
300 28.9877
339 49.0359
283 -26.1488
177 0.286163
123 0.117165
140 9.43356
118 -0.613159
305 20.4874
141 2.51553
156 -2.22449
263 19.6105
227 4.18333
89 -4.35757
277 22.2497
363 39.9213
151 -0.750015
125 -9.99227
361 0.918091
331 35.4626
123 7.0439
129 0.259399
333 29.6404
315 34.7993
331 13.3469
272 20.9996
201 -0.43988
4 -45.0497
339 23.9461
180 -0.498657
346 72.4466
328 -6.76556
126 0.505516
132 -1.23073
369 20.2762
108 -16.3699
324 -14.3637
279 16.3662
155 -0.1017
309 23.6769
337 8.85938
90 20.9269
356 22.1016
336 -4.10861
156 -0.326431
332 2.0379
134 -0.819763
117 -0.471649
314 30.8263
141 -0.811981
134 5.23103
187 -0.139938
235 6.71274
99 -17.495
353 14.0761
340 13.9917
297 -21.4476
54 -30.213
52 -14.1455
149 -0.593445
258 10.2827
310 27.2429
255 22.2729
222 4.36214
148 -0.610428
360 36.0095
94 -0.374123
287 25.2071
314 30.5084
246 14.7679
353 34.3816
299 29.8536
167 2.51363
339 24.0766
54 -30.1407
331 35.448
251 12.8755
289 23.989
171 -0.463974
373 -9.60931
192 0.0653076
272 21.1786
95 1.91731
362 56.2626
216 0.195908
330 15.0221
149 -1.9959
365 53.4406
264 19.0983
260 11.3705
158 -0.554733
251 8.65173
193 0.539413
374 -10.1235
251 6.09793
136 -1.55582
353 14.0694
367 35.852
303 -10.9499
96 -1.28199
16 -60.6435
364 13.5995
291 25.4478
360 -15.3386
168 -0.504013
3 -48.2345
359 59.497
192 0.589661
133 -45.0811
326 23.8
143 3.60506
317 -22.8269
144 -2.56055
201 -0.439255
137 -0.879364
198 1.35944
88 -0.4272
330 33.5864
260 2.42273
134 -2.78621
333 28.6025
275 20.2122
250 6.10614
140 -18.9455
366 42.7672
137 -5.41562
311 23.1422
345 1.00305
155 0.297363
244 -30.4739
336 14.0701
176 0.0806885
119 -0.661072
310 24.3096
318 21.8452
292 13.1242
348 78.3296
368 -9.4129
316 27.9332
144 2.42418
218 28.2246
278 -18.8047
276 4.45639
246 -5.06226
218 28.2263
255 22.2245
338 2.78452
137 -0.237976
167 -72.2454
243 -20.2462
171 4.38588
144 4.45856
73 -23.9477
337 -11.2069
140 -18.9441
200 1.38666
305 33.1133
336 13.8058
202 1.42621
278 21.5284
337 -13.0662
136 -0.762756
311 23.1293
87 -6.03937
129 -10.7072
330 33.5905
154 -0.650513
354 17.6571
344 9.77313
195 2.7227
330 27.7181
249 11.4745
148 -0.615707
323 -8.569
323 24.3351
130 -0.864471
282 0.86026
143 -2.75461
123 -6.19504
353 34.3733
280 22.8729
203 17.5672
331 35.5869
322 20.4701
173 -0.0234985
306 18.93
366 28.2996
107 -7.54503
232 5.32646
325 19.1812
256 26.4007
70 -4.13623
172 0.104324
361 35.6852
191 2.59483
281 23.5516
346 31.1197
351 -5.86682
199 0.656845
199 0.656952
265 12.3439
311 39.3475
289 24.1938
160 -0.323715
141 2.5976
276 20.1021
138 -0.64444
255 22.2921
175 -0.571136
188 4.6398
297 27.5356
319 18.184
245 8.3967
312 24.6221
188 -0.28894
218 28.2207
274 18.8724
169 -0.524384
292 13.2941
348 16.4127
158 4.36375
363 40.1001
195 0.277893
224 4.8054
203 17.5559
119 -0.714424
303 -10.9296
129 4.69202
196 0.0553589
151 -0.755386
50 -28.4743
149 -2.68027
117 -0.467796
114 5.96617
350 1.07495
339 17.9372
137 -5.38428
370 46.2658
301 -16.2787
276 16.9895
240 5.8981
211 -0.398376
206 1.50899
239 6.09746
194 13.5993
316 -17.3117
270 1.11218
321 14.9563
200 1.73082
229 13.5319
140 5.62753
369 32.4322
174 4.65904
142 -0.859268
327 -6.98792
193 0.433578
85 -9.94926
192 24.3903
370 46.2579
340 11.2841
185 0.726822
374 43.2801
365 -4.16461
218 6.9165
96 -1.27023
111 -2.47308
230 4.69946
329 30.9265
278 -18.8618
187 3.06258
346 87.1303
278 -18.669
366 31.2795
279 16.3637
361 40.6101
259 20.1794
265 7.59601
349 26.4055
368 0.323212
303 -11.0644
336 -4.10318
341 79.7155
228 4.52364
127 -0.073349
170 1.08861
273 23.3732
247 6.39714
176 1.14687
283 -0.348083
172 4.56264
263 13.3579
287 -4.27661
140 -0.832306
368 27.5781
312 16.1064
232 5.41989
286 2.8782
270 -48.6225
203 17.5559
287 25.1481
188 5.39545
355 24.7658
305 39.8673
140 -18.9448
351 13.2122
265 7.60724
131 -25.3109
353 31.2218
346 31.145
145 -0.711441
239 10.2305
294 27.9413
334 34.0756
12 -61.6083
135 -11.3094
362 17.0294
140 -0.910309
315 24.4625
185 5.22552
117 -0.70121
53 -29.4481
228 4.59082
370 46.334
216 2.41431
113 -1.39682
363 14.1076
310 28.0364
303 -11.0749
96 -1.28592
258 6.69299
358 63.8869
71 -2.14956
101 -0.616562
292 26.2646
261 11.7477
216 1.64603
134 -2.78146
291 25.4445
229 4.42867
362 13.6487
370 46.2734
133 -9.65498
318 28.8451
337 -5.35666
291 25.4463
136 -0.61142
373 43.3793
191 -0.0596924
169 -0.51944
158 -0.473267
330 18.3514
291 3.01251
297 -21.2121
111 -3.47422
172 -0.575592
77 -4.26477
317 -9.591
54 -14.2043
282 -12.4373
272 -7.41867
207 1.92723
301 -16.2778
126 7.19754
248 11.5037
202 1.49899
327 4.81754
279 22.1918
132 -1.23018
138 -0.763336
365 14.0029
210 1.58127
329 22.7339
359 1.64328
290 5.9888
109 -0.619576
237 13.6307
260 19.6204
348 9.51547
163 -0.768784
268 12.4698
70 -4.13601
111 -3.89472
368 60.8894
374 42.3846
301 27.993
344 52.5858
318 21.7588
372 -6.6434
296 30.6697
215 7.69417
282 2.59726
210 1.65033
139 -6.69919
96 -0.381416
353 14.5351
162 3.83005
337 8.74274
231 4.17072
202 0.218079
299 22.6333
367 49.3079
318 22.5488
240 6.28984
339 26.7523
215 30.7642
142 -0.665283
218 0.407349
137 -0.796432
318 21.854
290 -11.9114
244 12.4427
213 2.10614
370 52.5243
187 -0.587585
109 -16.089
129 -10.2612
125 -0.64547
166 -1.4453
35 -75.2225
291 13.3822
62 -28.6868
208 37.8012
235 18.9648
304 22.177
224 3.70598
239 6.10638
115 -0.338669
119 -1.04861
233 17.8002
281 -16.5963
218 6.91586
237 13.2636
191 -0.0954895
189 2.42323
146 -2.67039
250 11.6119
104 11.1597
359 38.1012
355 42.1464
152 -19.8574
354 42.5093
262 -15.5329
198 36.0022
143 8.02184
140 -0.784012
230 3.61272
320 -0.433838
320 3.94073
232 3.19582
276 20.1017
208 1.53424
331 35.4332
303 23.4245
287 -5.03879
262 19.6809
246 14.135
346 31.1328
218 0.100357
287 25.2075
270 8.56824
261 19.3122
277 19.3326
243 -20.2484
293 -11.9853
139 28.3677
168 -0.573792
85 -21.6898
86 -10.1038
79 -0.539497
281 23.1898
292 -5.2674
341 14.2059
335 17.6711
357 28.2246
336 105.108
331 35.5399
296 -9.85727
262 12.0514
276 16.9366
333 37.2866
225 5.04938
74 -4.28996
147 -0.898468
71 -24.1655
354 -14.5286
182 4.21912
325 26.9967
326 22.7381
366 13.3664
203 17.5552
339 17.508
200 1.07524
31 -76.1581
185 -0.561966
272 21.1929
260 -19.3783
217 8.34729
326 -14.2192
301 28.5988
159 -0.750748
349 79.4636
347 11.9739
230 4.43187
366 36.071
279 16.2533
319 18.3257
277 22.4288
251 11.2631
134 -0.446365
319 18.181
259 10.888
363 40.1877
362 36.6978
203 0.57016
154 -0.451797
252 11.6021
143 -7.91928
326 9.53809
142 2.06212
323 24.5486
118 -0.516815
102 -17.7806
173 3.90857
367 49.1126
343 -4.37534
267 18.7777
147 9.51799
230 4.70068
337 -13.067
191 0.0245667
142 -0.689178
126 -5.26682
306 28.3006
104 11.2011
362 0.240662
300 25.6808
361 35.5083
262 11.688
187 0.207245
13 -57.7092
315 -45.088
173 0.0125885
208 1.55884
354 10.2782
291 25.4468
361 18.6615
132 -6.10342
176 0.0808105
143 -2.14069
346 117.497
279 -1.70197
256 12.5871
121 -6.28893
243 7.90863
133 -45.0953
153 8.2626
194 13.5934
240 6.40617
243 -20.2581
315 21.2464
359 26.9564
252 11.7285
148 -0.615494
356 26.0209
222 14.0768
363 25.0579
202 1.02391
353 16.8787
224 2.7802
232 5.4196
338 21.2985
111 -0.234467
255 22.2617
299 8.19708
191 0.34819
365 -4.30643
364 35.9718
256 0.641357
357 28.3127
3 39.7197
141 -8.05023
291 25.4452
172 0.105942
301 -16.7951
293 12.2442
300 28.3051
152 -0.366455
163 -1.1122
320 24.1369
374 42.4038
162 -22.3598
146 -4.27742
337 90.9534
323 15.1385
241 6.03793
319 18.5139
354 17.6714
306 27.8045
130 -16.4579
159 -0.574234
304 21.2407
151 -0.572998
243 -20.242
127 7.953
360 14.0588
279 16.3647
278 18.6604
309 23.817
272 -7.40308
341 58.5799
208 1.52174
314 39.5426
283 -26.1341
277 19.3322
245 4.71487
202 0.607697
155 -0.542374
315 25.7128
301 27.9905
277 23.6751
369 67.0876
121 -0.556023
318 21.8496
231 16.7785
143 -0.685974
292 -22.684
162 -22.363
309 26.3297
110 -21.6695
232 5.32634
366 13.3835
233 4.90202
243 6.01582
241 6.21471
327 17.0523
254 4.68311
138 -0.0958862
191 0.428513
350 7.54593
352 28.5379
272 21.3494
315 22.9123
240 3.17741
130 -0.863708
118 -2.10982
245 8.65178
288 -4.65891
295 -9.81046
146 -0.477875
342 28.0148
123 5.25046
312 25.1442
125 -0.471138
279 16.3657
274 -22.5757
125 -0.69651
355 12.9716
330 18.1503
171 -0.187744
187 -0.612869
81 -21.9138
336 16.8398
320 1.43942
297 -32.4792
260 -19.372
335 7.50287
33 -76.0196
228 4.55617
199 0.65657
105 -1.74644
207 1.92731
337 8.60077
276 23.3899
189 0.620468
227 5.36734
73 -25.9648
192 0.190338
248 9.03262
198 1.32295
295 19.4943
346 24.1324
316 9.74643
366 13.3754
147 -0.735229
206 1.50908
141 -0.707077
143 -0.571396
304 -3.62903
129 0.260056
356 -4.64148
224 15.5807
129 0.259491
206 1.50787
144 -3.78625
208 1.52716
130 8.12601
216 1.7773
304 28.5818
348 10.083
185 4.1109
281 6.02365
318 21.8517
264 18.775
73 -0.619415
279 16.3645
145 -0.705048
318 0.294189
300 28.9882
118 5.16724
301 -16.2822
361 18.7169
229 3.68263
172 1.9881
310 3.58185
136 -0.765457
276 4.45895
299 23.7982
160 -0.364761
28 -34.7222
361 55.6568
265 7.59711
173 4.60838
138 -0.783051
321 -14.6984
363 40.0424
166 -1.92947
228 4.56024
145 -1.27919
134 -9.99696
279 16.3636
355 19.0702
276 16.9375
342 31.7709
304 24.5854
361 40.6132
356 -1.47925
364 14.0873
208 -0.512817
61 -5.91866
92 -60.6034
263 -11.9939
224 3.14502
235 5.39746
144 1.96028
274 23.4387
137 -0.756927
147 -0.396698
325 31.1721
230 4.54018
359 37.5148
179 -1.13895
87 -0.709633
334 11.3342
295 -10.2435
110 -0.527336
92 -4.38071
324 -14.1616
301 27.9958
241 8.17117
277 21.3846
136 -0.76358
303 -10.9424
269 12.5853
287 -4.2757
331 34.073
234 5.34215
311 30.4799
256 -10.3564
211 15.5501
282 24.5721
82 -22.9319
255 14.4438
366 13.3692
264 4.80121
145 -7.88483
374 16.0542
349 26.3791
357 23.6088
244 5.69478
252 5.76627
260 20.2644
143 -0.892776
130 -16.4606
125 -0.471458
128 0.760223
137 3.30357
190 -0.043808
325 23.5526
264 9.86597
91 19.7518
155 -0.332489
323 9.03479
160 -1.7296
206 -0.188339
355 -5.02789
88 -6.50116
321 -3.68811
187 3.06261
271 3.6134
365 31.969
115 9.92171
255 22.2879
303 30.4769
173 -0.0229797
206 0.757217
351 18.9417
276 17.0651
136 -0.0250397
243 8.13017
279 16.3674
230 5.33659
349 26.3166
248 11.3895
140 -18.9429
311 23.1263
240 15.2547
156 -0.12616
300 29.9892
302 28.3387
277 15.5217
232 5.41968
351 36.9874
277 15.5633
299 8.19949
111 -3.47489
274 3.00256
163 -1.70134
209 1.75529
314 39.545
333 16.7898
199 0.656174
356 110.069
226 1.72623
255 20.7521
360 18.9315
258 15.6146
154 4.57004
310 -8.37509
136 2.40216
341 80.8157
132 -1.25606
203 1.31631
354 35.2567
333 30.4087
255 22.2694
347 -2.01517
360 0.667572
124 6.94191
268 -3.38608
342 31.415
125 16.5508
202 1.50014
372 35.2889
246 5.77534
301 27.9796
349 67.1587
143 -2.94704
277 20.333
140 -0.909836
277 15.5125
342 1.69882
117 -0.47171
317 15.4908
353 -5.86655
310 -8.367
184 -0.254303
259 20.1771
219 2.74712
236 17.7493
328 30.0886
332 -6.43103
335 14.5692
87 -0.726761
349 26.7448
138 0.424698
344 -8.88428
319 18.1354
143 -2.90678
302 25.9288
289 4.37225
173 -0.02005
177 -0.438293
353 1.39938
358 29.5378
313 3.57797
287 25.2099
329 22.7584
141 2.57504
258 17.4515
356 110.031
146 2.07556
363 56.6471
208 1.52226
134 -0.820038
263 19.2258
304 23.8059
256 13.59
255 22.2968
272 -7.43475
107 27.6412
176 0.0807953
185 3.06233
266 18.2272
68 -26.8155
294 -10.8351
372 44.7983
148 -0.915695
283 24.1173
315 -44.9828
109 24.2565
137 -0.873962
315 -45.0653
208 1.64954
292 3.09601
349 26.7253
247 7.97444
257 25.8419
332 21.5145
311 23.8109
122 4.01758
162 4.10341
254 24.8862
365 33.0923
190 -0.183136
373 42.913
188 -0.251114
296 29.6968
310 13.8525
318 28.221
138 -0.77507
156 6.82379
149 -0.707748
292 13.1938
152 -6.69122
364 13.9689
64 -28.9726
240 8.19746
367 -0.145935
230 3.57985
354 17.6804
364 26.2125
304 -16.7466
315 31.3863
228 15.8039
277 19.4343
182 -0.356369
196 0.82106
220 2.0318
142 -1.54056
357 9.8978
89 4.21365
123 -1.7811
158 -0.56279
317 -23.4293
361 35.764
190 3.97968
140 5.62698
81 -0.519676
329 27.8143
279 16.3647
188 4.63976
310 -5.97208
173 -0.0198364
329 22.9434
174 -0.458832
298 -20.1074
263 5.59534
120 13.3417
155 -0.294266
363 26.3969
321 -25.7294
310 -9.93173
165 0.319046
116 -0.737366
94 -0.374062
208 1.52246
233 4.97441
274 8.23004
147 -0.876999
368 -27.3586
140 -0.786682
354 46.6116
351 1.97256
260 4.73956
296 24.1007
269 3.58762
291 27.2495
303 -10.9416
328 1.73944
329 22.4807
282 23.5548
313 23.6228
85 -2.1879
154 -0.172546
208 1.31532
72 -24.502
221 2.26352
331 35.5803
314 -9.06436
233 4.18881
188 -0.233566
171 -0.384323
123 -0.609917
154 -0.637787
369 20.7339
206 0.591187
341 30.1225
121 -0.635803
201 -0.439926
130 -9.24643
125 15.2732
345 84.8727
87 -0.460846
314 39.5437
314 39.5755
179 0.666824
324 23.05
89 -0.68998
329 22.9567
344 9.67276
366 13.3694
160 -0.473633
208 -0.511734
195 0.273499
132 -10.0556
301 1.32581
99 -0.766045
137 -5.42062
357 62.8111
269 20.7763
161 3.7982
271 15.5177
274 22.2465
265 16.9025
226 4.12535
337 -5.67554
352 21.7216
270 19.3165
299 -19.5435
128 -4.09346
272 -7.41608
150 -0.519104
218 2.82974
154 3.71577
135 -9.69865
339 1.77182
216 1.1234
183 2.67354
246 16.2727
125 -0.723
116 5.1394
301 30.6836
349 69.0892
272 5.67526
309 23.4468
140 21.1902
272 -7.29666
125 14.9959
311 28.3622
310 -5.9686
121 -0.558167
145 -1.59804
342 45.1129
329 22.7453
217 8.30525
207 9.49312
130 -0.750015
190 -0.18306
325 -7.63562
159 1.77988
229 5.11801
151 -2.63254
248 9.04504
150 -0.59845
141 -8.7612
117 -0.471405
185 -0.561905
210 1.28047
147 -0.880157
118 -0.683655
222 3.16621
228 4.93143
71 -22.854
335 -13.2964
191 -0.0595398
358 22.4649
348 8.91919
187 0.443542
132 6.0878
116 -0.736679
317 25.2439
71 -0.650711
156 0.0299377
368 49.2626
354 46.7149
245 3.88058
261 15.5923
158 3.97057
195 0.277023
216 2.40547
132 -1.25377
206 -0.185226
324 -2.77765
134 -0.446106
368 49.1169
147 -0.877121
97 22.1259
298 27.3504
251 4.42561
257 0.152069
166 -50.3994
102 11.2312
290 13.5618
167 -72.351
307 28.5679
301 28.2186
142 4.97104
149 -2.04124
361 55.6247
281 3.88641
118 -0.561928
199 0.656952
118 -0.615608
238 7.01389
198 0.196014
234 3.85558
121 -0.654488
225 11.2766
217 3.42534
189 -1.90117
128 1.35092
265 5.97815
283 22.7693
366 41.4453
333 43.4309
280 3.68726
333 16.5208
229 0.904419
334 11.2455
347 5.97006
97 -0.746704
259 20.1377
365 38.2398
172 -0.577026
304 -0.174438
157 -1.46265
102 -0.518837
254 24.8861
117 2.73803
134 8.39613
143 -0.562958
146 -1.64029
123 5.18054
86 -10.1041
239 6.15858
345 30.1667
307 28.5095
246 6.93742
323 19.7701
372 24.6746
271 21.2851
370 -8.06821
258 10.8825
232 5.41974
141 -0.780746
232 5.43129
351 -31.0971
128 -0.687721
366 14.3009
197 4.92236
299 21.0813
351 36.4053
352 8.46115
216 18.1702
365 32.0132
148 -0.660873
230 4.81874
138 -0.832336
259 18.5067
335 6.45065
217 8.1597
88 -0.422577
279 -1.9263
150 -2.0237
276 20.1642
71 10.4821
291 25.5066
96 -0.349419
314 39.5439
337 12.3898
339 -2.36304
285 1.20139
320 1.30914
319 18.5244
140 -0.91571
171 -14.1467
195 0.277298
310 27.0486
106 -0.551888
359 31.4454
185 0.579437
91 -0.675308
283 -26.1379
269 20.309
93 -21.4857
293 18.7664
330 33.5858
243 5.39561
34 -75.5722
263 18.8432
369 20.2074
345 27.2236
346 -6.93954
132 -6.77479
279 16.3676
139 14.8497
172 0.104034
304 -16.7491
314 34.2892
127 0.110283
320 29.4151
370 46.2631
137 -0.581848
111 -0.234543
215 1.7184
100 -0.24157
127 22.0626
277 19.3327
88 -0.42276
364 26.2022
157 -3.26562
273 20.718
189 0.24556
85 -9.94962
341 18.3351
242 6.11938
229 1.63455
203 17.5549
208 37.9737
301 30.5198
314 21.6252
162 -0.245834
231 5.42184
365 38.5118
369 47.5612
316 22.9309
266 -7.95471
277 22.3036
97 -4.05685
332 2.03677
229 4.95924
359 22.6111
115 -0.475365
225 4.8661
208 1.97527
348 12.1241
312 3.32526
129 -0.660217
331 -5.92004
128 1.35104
328 21.1657
144 3.79279
126 7.59744
267 1.90994
329 24.5444
358 17.422
253 7.49658
105 -0.28257
330 33.5772
287 23.5576
345 19.0228
249 -2.63187
337 12.6456
255 22.2875
165 -0.16394
266 20.5606
156 0.104187
249 10.1281
354 18.7738
300 27.0905
279 16.3637
341 28.9195
231 4.81711
278 -3.32986
277 20.3322
244 8.07249
355 -32.6782
251 4.43311
203 17.4849
276 20.102
311 23.8063
224 1.94601
280 22.1309
263 2.78845
300 -3.91827
231 13.6297
329 21.6569
269 -47.6674
140 -18.939
350 26.6795
373 87.3506
346 31.3531
228 4.56207
108 -0.530113
319 16.0959
184 0.0161133
131 -25.3105
349 26.6899
131 -0.794388
126 -0.0871964
334 11.2448
117 -0.471664
360 -79.3929
355 27.8483
369 28.4137
204 17.5313
368 60.8319
285 -4.28769
346 19.0215
351 -31.1059
312 3.33704
245 -8.15112
258 17.4501
171 -1.09097
148 -1.90013
272 -26.4811
332 22.499
208 1.55051
120 -0.583405
269 2.40643
152 -0.600128
365 13.9537
101 -17.5103
178 -0.0713654
276 -0.64917
277 19.3327
334 11.1913
325 27.0038
62 -5.00755
281 23.6624
134 -0.819061
315 -45.3828
210 1.58272
306 19.1804
264 20.0002
202 1.42598
188 4.64113
374 42.3851
314 39.5491
276 4.45215
366 13.3676
361 40.5195
234 5.1342
203 1.4846
231 1.03107
238 10.905
162 -22.3668
178 -0.150879
217 8.34561
123 -0.613174
263 19.2035
263 18.8159
144 -0.553162
123 -0.737534
201 -0.439453
230 4.68494
248 9.0885
232 5.42023
196 0.0760956
305 23.6694
344 12.4135
256 22.0551
278 -18.8224
202 1.42599
315 30.495
97 22.1256
132 -6.89146
293 18.6961
251 4.42691
244 8.07433
309 19.7466
359 -44.4977
347 17.8852
249 6.20175
121 -0.639259
292 13.2545
271 20.5229
346 76.0809
330 39.123
111 -3.47486
214 1.71553
252 9.17725
317 -6.41641
277 -1.64142
354 34.859
130 -16.45
357 28.0056
349 26.3881
346 30.3239
355 21.9846
221 4.16788
308 22.619
301 28.0927
318 21.8554
249 7.04663
258 10.8307
154 -0.638962
298 29.9566
288 23.9887
336 -4.12778
327 -6.67023
276 4.51291
267 12.3033
304 -16.7502
306 28.7001
226 3.97495
300 25.3001
134 -0.618958
115 -0.338364
87 -6.01609
320 30.062
125 -0.783508
125 -0.519737
210 1.57588
339 23.9058
364 13.9229
335 62.2193
323 24.0481
295 -12.1306
291 13.3154
357 28.238
216 2.3959
158 -0.528961
117 2.67984
227 3.00749
300 30.8643
252 15.3903
173 -0.0203552
238 4.23593
342 85.4849
301 -16.3246
298 -34.312
366 55.3313
120 -13.5825
194 13.5964
364 40.2425
192 0.0650787
195 0.216095
317 -90.0293
356 27.144
128 0.760284
299 22.6335
316 28.5182
365 31.6767
152 5.52026
258 10.8167
146 -8.93137
239 6.60635
365 32.157
283 -26.1468
365 31.9054
138 3.17285
187 3.06265
286 2.87692
267 2.21561
116 -0.737053
336 9.44269
293 1.18802
117 -0.470184
320 3.08221
232 4.89966
191 -0.09552
209 1.52989
146 7.64514
358 -4.94885
199 1.29182
319 33.2651
143 -2.77817
228 4.55748
264 6.48431
152 -0.493713
151 3.47028
209 0.163818
242 -24.497
135 -1.12274
258 10.8308
67 -25.4129
282 -6.25443
308 -7.00229
207 0.171661
231 13.1587
267 1.75293
110 -0.318672
304 27.2238
139 -0.639755
277 22.4296
251 4.45711
305 31.2146
186 -10.4769
346 38.5952
309 -7.78729
209 2.31279
366 53.3484
243 6.48347
308 25.6303
258 11.9864
251 4.42125
245 -42.4022
294 -8.22699
121 12.1833
324 -3.54019
134 -0.819839
133 -7.56189
218 2.765
315 30.854
360 32.1267
216 1.47072
222 14.0769
251 11.3367
196 8.59674
309 -8.37183
374 42.405
130 -16.4566
117 -0.113441
203 1.31828
313 24.7544
351 27.0912
322 6.08334
301 -16.7935
188 -0.250534
157 4.91251
361 40.6061
191 -0.0951996
159 9.23479
304 -16.7451
84 -0.502304
272 23.4442
206 1.62894
371 28.239
76 -0.586342
117 -0.471535
300 29.4169
154 -0.650558
235 21.2476
342 28.2744
314 22.1118
84 -0.502075
232 5.41978
365 13.5968
240 15.5623
146 1.32153
366 31.3068
123 -0.584183
158 -4.86981
194 0.240372
249 12.7161
183 1.46931
219 3.25616
142 -0.617966
161 -0.315186
128 0.762695
228 4.94398
270 -48.566
365 38.3615
146 -0.500931
175 -8.22502
364 21.02
237 3.58275
259 20.0808
189 4.6409
71 -9.3812
311 23.497
295 30.0116
72 24.9456
121 -0.629036
160 7.13597
257 0.158569
131 -5.89571
369 -8.64362
371 45.7804
188 0.267761
319 30.0648
356 21.0012
164 1.45854
118 -0.701614
370 -5.17242
265 -7.46802
223 3.59079
279 16.2522
128 -10.7147
116 -0.736794
329 27.8861
319 33.4215
101 -0.488724
191 -0.059433
178 -0.199387
171 -0.187531
217 1.03357
255 21.8487
354 13.0851
255 12.5385
127 -6.83667
230 4.55753
350 -13.3405
252 10.4291
373 87.6799
104 -0.573616
216 -0.142975
155 -0.33017
359 31.443
291 -11.9654
322 15.1517
175 -0.463303
303 -11.0862
71 -0.650757
279 12.5488
349 9.5065
369 -42.1837
256 -17.1927
256 19.6049
298 29.499
249 10.2554
71 -23.287
278 -12.9929
120 -6.61771
308 24.2384
201 -0.440628
230 3.30173
279 18.6183
264 7.87036
188 -0.261719
146 -1.49966
244 16.7614
288 -9.02997
117 -0.471581
199 2.83112
274 -49.3038
166 -0.46965
221 2.65074
207 9.49298
322 19.5077
241 20.2152
270 21.2469
301 -16.7915
260 -19.3728
368 60.8958
339 -4.18427
235 6.04878
251 4.44135
271 7.77994
163 -0.450089
226 4.4417
269 -47.6764
308 -12.9904
301 27.9778
192 0.499634
172 1.98874
235 4.30243
310 -8.3743
349 27.3957
315 35.3443
214 15.2079
148 6.08601
199 33.0035
344 54.5905
303 -11.1322
172 -0.577911
147 -0.507523
143 -8.50296
196 0.648773
257 1.97433
255 22.2618
136 0.11586
230 4.61845
172 -0.189819
153 -0.592346
160 -0.51619
204 -0.591431
188 0.260117
180 -0.468033
354 19.601
283 -26.1234
373 44.8495
251 12.8478
152 -13.3203
285 1.68747
288 -16.3943
310 23.7241
199 0.657089
100 -0.610947
354 47.0543
94 -5.7608
339 27.2551
188 -0.686081
148 -1.07523
369 49.198
349 -6.28946
303 -10.964
346 31.393
201 0.738144
319 3.43323
368 50.2808
117 2.68277
331 35.6761
305 29.5121
202 0.693344
274 21.6533
244 8.06833
266 20.4963
320 23.2478
205 -0.192932
364 -0.266266
115 -0.328339
374 40.4627
357 -5.89563
134 -0.815887
309 -9.4808
357 107.01
347 31.0968
296 28.3802
252 12.4565
203 -0.67128
194 0.467865
309 -7.79379
227 4.29543
355 8.05109
126 -5.25717
326 15.113
240 7.09433
99 -36.061
77 -0.530853
94 -0.373199
316 -8.95908
226 3.79329
277 -4.38812
301 25.3716
360 37.2347
85 -21.6904
361 55.7573
303 9.19849
299 5.01819
132 -0.553101
131 -25.3149
135 -7.90154
304 -17.6783
253 11.4741
277 19.3326
247 9.82901
127 -5.59343
372 24.6404
233 18.9109
172 -0.575836
301 -16.3819
345 8.10587
121 2.86266
286 2.88062
254 12.4031
258 13.9888
356 32.567
154 -0.205048
189 -0.0453644
272 -7.41797
299 28.6121
240 4.13855
322 22.8679
365 2.53839
235 5.34482
300 28.2527
350 33.6133
368 37.7498
277 21.0208
120 49.6644
320 26.3415
203 2.51962
331 17.3588
270 19.6455
132 -3.28421
289 -17.1538
162 -22.3637
250 9.81885
166 1.75919
297 -21.3913
272 -7.40543
117 2.67742
242 4.27156
328 25.5989
300 29.6808
263 5.14856
54 -30.1051
336 17.2081
325 29.2674
121 -0.435005
208 1.57793
310 16.5659
178 -7.14037
368 49.6247
168 -0.0812988
256 22.0497
196 19.4514
116 -0.736832
259 10.9378
351 -31.0801
254 -19.4459
133 -0.426392
235 4.02766
301 30.518
257 0.146362
267 17.5214
113 7.64098
303 -10.9631
279 18.6217
230 4.40749
230 4.65198
314 5.38467
341 57.0121
343 24.222
292 29.3526
286 2.90604
90 21.3443
248 9.06107
240 -13.5709
102 -0.385391
193 0.281189
343 31.7055
172 -0.189926
299 2.09818
278 22.1311
202 0.649292
193 0.608322
360 57.6357
371 -13.5534
317 29.4933
143 -2.90533
256 7.57043
292 2.18961
203 1.10118
312 3.30545
367 -8.48093
153 -0.723953
280 6.03915
62 -1.33356
358 18.0138
279 18.749
335 17.6834
264 15.563
245 5.61731
316 31.2479
127 -2.80873
300 28.2523
120 -0.692665
209 1.52988
223 4.00803
251 4.43271
290 5.94736
79 -7.12462
62 -5.00512
229 3.68643
249 11.2182
128 1.35083
150 -0.657593
120 1.41044
147 -0.898422
329 27.8515
233 5.07333
363 40.0214
284 -6.68076
248 7.22105
131 -25.3233
272 -7.40771
118 -0.701561
356 34.6247
331 34.6534
254 12.6424
174 4.60817
322 2.58615
201 0.0270386
118 6.0526
203 17.5015
166 -50.3829
201 -0.440689
205 -1.12074
266 3.82748
359 37.5295
244 8.08017
100 0.882027
106 -2.0218
340 31.0305
199 0.642517
278 -8.76276
300 29.4167
262 15.7485
119 -0.427139
269 21.2717
346 31.2309
203 17.4868
365 31.5779
185 21.5128
210 0.0920258
232 5.41991
361 64.0332
118 6.73887
225 5.20227
207 1.82991
313 22.2798
259 10.8985
212 -9.09723
252 9.45557
316 -42.6954
277 21.0208
310 21.5056
269 18.6272
355 36.9026
353 48.3153
335 22.5482
303 -17.6884
272 19.6574
119 -1.59923
208 1.2747
241 3.03343
296 30.1567
342 17.5905
317 -10.7675
261 16.8912
260 -19.3729
265 14.3081
370 0.318573
87 -0.670502
258 10.876
317 -15.962
337 29.9577
149 15.1062
335 7.82086
118 8.11146
357 22.9788
131 48.5776
201 -0.440536
281 19.2412
141 -0.807266
309 25.4843
116 -0.736649
363 40.191
62 -4.99877
251 -25.8789
294 30.2148
147 -0.387802
251 4.43283
278 24.1077
322 -7.43387
278 17.764
191 -0.0959015
204 17.5299
362 35.5836
279 16.3676
240 3.42966
227 1.82585
116 -0.736763
329 22.9568
251 4.42918
172 -0.00921631
129 0.260101
332 7.76053
334 11.2514
130 -16.4506
105 -7.86157
97 22.1234
64 -41.6396
168 -0.573853
233 21.0006
334 84.8016
140 -0.948837
353 14.074
278 -10.1897
189 1.32245
279 23.0659
338 21.4177
361 56.1964
117 -0.471268
128 1.35075
140 -0.910492
316 23.2791
220 3.38281
336 14.9675
349 28.1777
196 1.01453
303 -10.9389
157 -0.583435
191 4.11121
254 10.8367
339 20.5781
327 23.6835
369 12.8055
121 -0.629257
253 24.9275
314 39.5498
264 2.64148
306 19.0638
174 0.524414
232 5.4198
85 -6.10962
359 0.358978
328 15.9676
130 -16.4499
323 116.476
178 -7.14154
352 -44.1886
272 13.9749
329 29.8875
144 -0.583496
331 3.62631
130 0.645401
283 -26.144
141 -0.752457
92 -4.42136
310 29.6397
275 -0.767548
337 19.4933
172 -0.576828
250 -1.47043
283 -26.097
191 -0.386108
241 6.91827
199 32.2759
299 6.98611
243 -20.2385
358 37.5077
350 -11.2524
137 6.064
312 3.27832
332 86.8159
175 -0.574631
258 10.8214
280 17.032
323 -1.67258
230 1.96214
264 2.6272
365 -4.84637
330 27.5232
133 -0.775711
156 0.026825
155 -0.541245
262 14.2977
350 -11.3752
40 -33.7116
298 25.8251
248 10.6649
208 1.55931
298 1.4718
134 -0.869446
363 -38.5206
256 -10.1258
251 4.42282
199 0.641495
96 -0.34877
322 123.8
368 -27.3986
265 7.61572
253 10.3184
364 98.4119
316 22.9664
123 -0.599121
351 65.6252
221 2.60776
276 19.9673
206 -0.184235
318 -6.82825
277 -5.2767
173 3.91899
165 -0.307022
58 -11.8563
269 3.12283
361 40.5048
119 -0.692947
110 -21.2069
98 -0.28846
292 29.0581
156 0.48317
299 6.82043
304 29.2294
140 -0.912125
230 13.1202
125 -2.11032
363 40.0102
299 29.8532
181 0.837036
332 74.9656
371 30.1927
361 40.4998
214 1.56453
298 22.8231
171 1.27792
214 2.3795
264 7.86859
276 -10.1309
167 -0.25914
273 -24.6403
140 -18.9417
302 28.3489
364 106.082
280 6.08673
319 -3.32397
126 -0.203354
254 17.0182
164 4.55597
312 8.01303
279 21.763
305 -18.1874
251 4.41801
187 3.06258
363 56.5067
319 18.1649
354 20.7436
361 55.6515
116 -0.736931
123 -0.480591
175 -8.16922
374 42.3984
241 5.15559
277 21.0209
337 -13.0715
203 17.4556
281 -18.3483
336 20.4232
98 -0.420082
237 6.28667
105 -0.495087
162 -35.989
259 1.73901
257 24.0655
253 -26.5326
67 -1.06418
212 2.08887
153 -5.26727
67 -38.1466
141 -7.76254
185 3.25523
117 -0.487152
279 16.3673
139 -3.07336
301 28.1833
311 23.13
127 5.69241
226 3.74159
333 -12.1507
151 -0.274246
338 28.9393
346 70.4562
202 1.49997
344 30.9189
341 14.2071
172 3.71494
363 14.1771
115 -0.479279
97 -0.80175
308 21.472
199 0.656006
359 26.9615
302 28.6013
