225 -1.06686
226 -1.0502
226 -1.05002
104 -2.84831
215 -0.841248
166 -1.05093
158 10.6247
244 6.80832
41 -4.3106
171 -0.799377
163 -1.72437
163 -1.71533
242 7.78905
188 -0.267624
58 -3.84
242 7.34004
161 -3.28802
245 11.2998
225 4.72696
41 -4.30927
7 -18.4544
161 -3.27739
192 0.0606232
246 9.54889
198 0.27124
161 -3.28543
41 -4.30855
163 -1.71504
158 -3.40913
151 -4.29904
143 -3.70036
225 6.25497
240 7.3107
228 4.1062
155 -20.2426
245 11.3008
228 5.31958
7 -18.4685
149 -4.27147
152 -2.80833
150 -3.89024
202 -0.393677
166 -1.41769
213 -0.376266
246 8.84837
163 -1.71498
166 -1.41745
158 -3.41107
166 -1.05219
173 -0.719589
171 -0.799469
243 6.57433
166 -1.05197
34 -4.3987
181 -0.0461578
230 4.46977
200 0.288849
227 4.39417
209 -1.16594
137 -0.281555
243 12.9365
30 -4.90277
155 -20.2415
211 -0.954559
166 -1.05054
27 -5.05564
239 7.31665
228 5.33788
10 -19.6288
161 -3.27719
215 -0.841904
7 -18.4971
187 -0.271072
161 -3.28917
206 -1.21941
225 6.25462
211 -0.600571
150 -3.89029
12 -10.583
170 -0.896088
27 -5.05553
228 4.11177
227 4.01593
168 -1.46765
225 6.25369
250 10.0813
155 -20.2435
227 4.01566
71 -1.65774
226 -1.05006
228 5.33687
225 6.25375
152 -2.80739
168 -1.18155
11 -10.5769
252 9.67316
225 6.25362
12 -11.1321
246 8.81891
246 8.88481
185 -0.14476
164 -2.39708
225 6.25407
18 -5.87297
239 7.31499
7 -18.5175
181 -0.0454712
168 -1.40665
186 -0.26825
71 -1.75386
200 0.288467
197 0.153976
227 4.3941
246 8.81895
163 -1.71443
161 -3.28638
192 -0.0104828
168 -1.40677
164 -2.39546
152 -0.420105
96 -1.21645
168 -1.46761
183 -0.240234
171 -0.794434
164 -3.55588
215 -0.8423
170 -0.894623
240 6.23465
152 -2.8055
227 3.93219
185 -0.276901
190 -0.138077
168 -1.40634
166 -1.05026
7 -18.4743
239 7.31644
225 4.869
225 7.33131
232 4.78815
145 -4.64265
212 -0.811035
166 -1.05109
129 -2.17549
159 -1.10738
128 -0.872498
193 -0.428757
12 -11.1331
158 -3.41077
30 -4.92223
151 -3.77481
163 -1.71489
18 -13.5942
158 -3.40146
152 -0.419785
215 -0.459473
243 7.39284
166 -1.05125
172 -0.807816
246 8.88635
27 -5.05563
30 -4.94908
242 7.77333
164 -2.39618
168 -1.46811
214 -0.656967
164 -2.39737
250 10.0813
37 -4.52224
150 -3.8903
250 10.082
87 -1.75513
167 -1.05235
31 -4.35294
34 -4.39891
225 6.25362
37 -4.5222
214 -0.434647
41 -4.30858
104 -0.843758
246 8.83647
222 -0.853088
215 -0.841049
225 4.86844
228 4.11311
19 -13.2979
171 -0.799088
156 -0.898712
170 -0.896561
239 7.31625
158 10.6271
59 -7.38479
166 -1.24223
223 5.1012
155 -20.2419
161 -3.27939
166 -1.41791
208 0.600098
7 -18.5162
186 -0.263397
221 -0.921219
227 7.38329
215 -0.84166
166 -1.41777
227 7.38342
41 -4.31062
245 7.11734
158 -3.79987
250 10.081
72 -1.68972
120 -3.18731
222 6.52597
150 -3.89003
163 -1.71431
250 10.082
157 -3.35951
15 -5.90305
208 -1.30182
36 -4.20011
218 5.11348
137 -2.24864
227 3.93413
155 -20.2412
34 -4.39859
12 -11.1314
158 10.6478
170 -0.895981
234 5.0769
225 6.25374
244 6.8082
183 -0.198074
219 -0.830475
174 -0.573395
90 -5.88607
238 4.98503
161 -3.28003
7 -18.5194
144 -1.85568
200 0.84256
70 -1.6798
223 7.13271
59 -3.72377
45 -7.34889
164 -2.39722
143 -3.70052
197 0.156387
242 6.51695
228 -1.10973
220 4.18222
30 -4.91747
224 5.65904
208 -1.35338
166 -1.05226
154 -1.63266
160 -3.9411
78 -7.99733
168 -1.19238
151 -3.77475
228 5.36072
32 -4.12008
7 -18.4932
120 -3.18719
231 6.83199
218 5.16905
78 -7.99522
242 7.79649
151 -3.77448
151 -3.77087
157 -3.35925
145 -4.63133
231 6.83192
168 -1.40634
10 -9.54851
226 -1.05005
172 -3.70665
6 -6.40382
7 -11.2868
152 -0.420074
18 -13.5926
37 -4.52196
10 -9.54838
181 -0.0458832
18 -16.6048
27 -5.01839
157 -3.35861
7 -18.5157
166 -1.05034
226 7.09262
168 -1.40582
171 -2.1337
197 0.168518
163 -1.71497
239 7.31468
120 -3.18739
54 -4.24889
212 -0.925491
167 -2.29094
151 -3.77446
151 -4.29858
217 -0.687134
151 -4.29916
91 -1.4052
168 -1.46371
58 -4.21429
215 -0.841766
140 -0.679565
16 -5.83449
19 -9.39421
120 -3.18748
168 -1.46446
250 3.94188
171 -0.799438
34 -4.39916
192 -0.672943
59 -3.72385
45 -7.34993
242 7.77222
151 -3.77072
168 -1.03905
157 -3.36063
153 -0.610062
41 -4.30865
175 -4.0594
152 -0.42009
221 -0.828384
150 -4.24483
132 -1.84517
12 -11.1322
57 -3.94353
155 -20.2392
200 0.289139
34 -4.39929
59 -3.72373
166 -1.41772
225 4.70224
188 -1.03159
240 7.31224
228 5.32008
216 -0.577026
7 -18.5175
204 -1.29559
214 -0.731705
174 -0.227707
168 -1.4677
145 -4.63612
218 -0.60376
173 -0.968124
131 -1.88251
41 -4.31057
218 5.23929
168 -1.46358
44 -4.29785
140 -0.975449
166 -1.04898
158 -3.59355
210 -0.782242
221 -0.889175
7 -18.4905
197 0.153549
10 -9.54753
172 -3.70633
177 -0.212448
90 -5.88636
173 -1.07637
105 -2.57704
164 -2.39641
172 -3.70636
241 5.56496
228 4.11325
217 0.262436
158 10.6438
56 -3.90184
227 7.38979
58 -7.2797
227 3.93459
215 -0.842239
158 -3.41093
168 -1.46768
120 -4.13758
166 -1.41786
125 -2.58463
168 -1.04808
199 -11.0835
218 5.25223
174 -0.564362
202 -0.391205
136 -2.0629
37 -4.52224
151 -3.77441
158 -0.618607
42 -4.47599
125 -2.58316
41 -4.3083
174 -0.563583
157 -3.3593
245 7.4561
18 -13.5924
188 -0.975815
145 -4.63089
167 -0.338867
225 5.44559
157 -3.36044
228 4.11243
14 -6.12959
7 -18.479
173 -0.719727
166 -1.41772
217 1.80498
120 -3.18735
161 -3.28313
153 -1.63855
165 -0.565811
151 -4.29848
292 32.735
191 0.371124
160 -3.79842
173 -0.719391
240 6.20116
85 -1.68258
240 7.3132
168 -1.4688
121 -2.97997
239 7.31593
166 -1.05171
145 -4.6387
78 -7.99566
144 -1.85916
19 -10.5054
168 -1.46767
166 -1.4173
59 -7.38532
163 -1.7251
164 -2.39589
207 4.27301
16 -5.89075
145 -4.63011
140 -0.678833
213 -0.734253
128 -0.872871
245 8.53578
14 -6.60418
171 -3.28284
157 -3.35973
208 1.38173
150 -3.89047
227 4.39394
171 -2.70433
173 -0.719452
297 32.6705
128 -0.873436
250 10.0811
164 -2.39777
87 -4.16149
84 -2.9756
120 -2.99323
208 1.38161
72 -1.68933
153 -1.63855
168 -1.46806
168 -1.46677
223 2.53653
90 -5.88604
218 -0.683884
188 -1.00667
215 -0.841293
153 -1.63802
146 -1.55167
145 -4.62984
120 -2.99306
246 6.96861
48 -4.35801
45 -4.42227
174 -0.603806
217 -1.21719
128 -3.65008
65 -7.33013
146 -1.55153
21 -12.1229
128 -4.04408
157 -1.06551
227 7.38963
170 -1.30344
239 5.5273
24 -5.97842
223 0.261398
153 -1.6385
151 -4.29826
182 -0.733154
43 -4.43163
200 1.2341
218 5.23311
166 -1.41777
223 7.11008
226 -28.2148
166 -1.41788
186 -0.260086
140 -0.679047
168 -1.40556
12 -11.1323
72 -1.68909
128 -3.65043
168 -1.18147
143 -1.69135
240 7.32185
158 -1.46117
140 -0.679138
231 6.83171
228 4.11263
41 -4.31064
239 7.31552
170 -0.896133
170 -0.896484
218 -0.785522
158 -0.288651
128 -3.65017
132 -1.84538
127 -2.88827
200 0.288162
172 -0.309952
12 -11.1306
157 -0.720383
164 -2.39565
30 -4.93426
235 5.77895
158 -1.31709
23 -8.6545
41 -4.30817
52 -8.28912
125 -2.58436
61 -7.4249
239 7.31633
176 -9.75656
204 -0.294601
140 -0.678818
224 7.05365
200 0.842773
152 -1.24736
243 6.87892
173 -0.719391
170 -0.895142
155 -20.2404
215 -0.696899
155 -1.33972
152 -0.4198
173 -0.719391
250 12.1974
213 4.96741
140 -0.679245
87 -4.61253
100 -4.08873
250 10.081
37 -4.5223
227 5.72758
156 -0.636795
3 -9.31141
170 -0.313507
174 -0.564163
216 -0.874298
164 -2.3961
18 -5.82517
45 -7.35006
151 -0.505539
289 16.0016
151 -4.29851
45 -7.34881
103 -4.70062
170 -0.89502
140 -0.677963
173 -0.719391
131 -1.88269
7 -11.231
171 -0.799545
45 -7.34885
120 -4.1375
34 -4.39915
242 7.79439
87 -4.60977
162 -3.79823
142 -2.25861
127 -1.83155
77 -6.47939
59 -3.72383
131 -1.88248
7 -11.2275
139 -3.21652
158 10.6241
186 -0.899902
163 -1.715
195 -0.343842
84 -2.97538
126 -4.38667
140 -0.679199
228 5.32043
41 -4.33012
168 -1.18112
156 -1.27165
227 3.93271
164 -2.39581
186 -0.265137
151 -3.77425
198 0.269073
151 -4.30011
153 -1.61743
58 -7.27953
152 -0.420074
153 -1.66681
15 -5.96785
225 5.37863
207 1.47353
26 -4.79498
172 -2.95766
78 -7.99548
184 -0.208755
128 -3.65018
152 -5.41823
115 -0.665077
52 -8.28961
72 -1.6898
151 -4.29849
191 0.369751
158 -0.621109
153 -1.66658
143 -3.701
220 0.274734
25 -5.73661
19 -9.19546
152 -1.38048
155 -20.2408
151 -3.77104
60 -3.70591
16 -6.66977
170 -3.14017
13 -7.02099
72 -1.68899
157 -1.45726
145 -1.44142
29 -4.93595
190 0.451462
219 -0.748795
129 -2.17576
173 -0.719284
155 -20.2403
191 -0.698288
157 -3.36055
152 -1.39601
177 -0.212753
52 -8.28887
224 12.1562
99 -0.994637
79 -6.79407
102 -5.67317
170 -3.05563
217 3.7648
151 -4.29846
153 -1.74255
157 -1.34058
185 -0.15451
125 -2.02946
10 -6.19204
162 -1.14015
47 -3.96126
142 -2.25949
158 -0.48497
225 5.21053
177 -0.21254
220 3.20328
212 3.54214
128 -4.04409
20 -6.61947
140 -0.679321
137 -0.281693
182 -0.184555
36 -4.45061
100 -4.0886
34 -4.46762
203 1.31302
112 -3.57631
200 0.287964
144 -1.8591
120 -2.99026
19 -9.28625
168 -1.46437
32 -4.53722
34 -4.39942
59 -3.72382
155 -20.2405
49 -4.54403
158 -4.55521
173 -0.719238
158 -0.485168
129 -2.17548
146 -1.55197
225 5.379
232 -40.4146
171 -0.787598
59 -3.72342
118 -4.2349
78 -7.99471
145 -4.63869
115 -0.665337
125 -2.58454
7 -18.5098
224 12.1474
156 -0.630997
98 -4.10543
140 -1.69479
7 -11.2898
173 -0.719666
157 -0.990982
140 -0.678802
172 -3.70633
189 -13.3004
176 -0.559784
131 -1.88264
170 -0.895981
239 7.31657
170 -0.896286
155 -1.68578
161 -3.27727
146 -1.55211
59 -7.38623
87 -4.61137
104 -2.84718
246 7.43069
231 -38.9796
167 -5.97795
246 8.88487
72 -1.68913
236 5.31169
12 -10.5822
30 -4.9276
171 -0.799469
59 -6.56017
30 -4.94152
128 -0.867828
155 -20.2399
21 -9.71269
244 6.80821
227 3.9332
142 -0.537857
178 -0.75499
170 -0.894302
174 9.03163
120 -2.99232
227 4.39413
177 -0.276764
237 5.36053
168 -5.07748
174 9.03265
35 -4.48754
196 0.177856
78 -7.9954
172 -3.70642
34 -4.3997
150 -3.45523
171 10.3912
173 -0.71936
131 -1.92995
201 -0.586288
152 -2.80913
172 -3.70625
132 -1.8454
46 -4.69678
53 -4.24279
170 -0.894913
196 0.177887
205 -18.0781
165 -0.681732
166 -1.05119
158 -0.618439
195 -0.192261
151 -4.29836
96 -3.70448
35 -4.38509
153 -1.67882
136 -3.89825
137 -2.24881
58 -7.27954
81 -6.6629
101 -5.35491
125 -2.5824
157 -3.36023
150 -1.02258
153 -1.63815
151 -1.64218
187 0.731674
224 12.1562
145 -4.63794
165 -0.565582
81 -6.66497
142 -3.1297
231 6.8317
168 -1.46445
199 0.264511
172 -19.465
137 -3.68088
169 -1.20479
22 -5.75817
96 -5.96582
199 0.962845
174 -2.84227
223 5.03549
141 -1.7323
99 -4.10083
115 -0.665077
128 -4.044
207 1.4736
178 5.65945
36 -4.49528
128 -4.0443
172 -3.7066
142 -2.28041
171 -18.4219
130 -4.34234
128 -4.0441
41 -4.48598
120 -3.18758
27 -8.3721
155 -1.55858
56 -6.86501
161 -3.28119
145 -4.63287
128 -4.04403
87 -4.18995
69 -1.70662
81 -6.66519
161 -3.28104
103 -5.06697
158 -3.41064
217 3.76009
232 -40.4446
156 -4.46036
172 -0.787048
142 -2.28088
84 -6.37427
207 1.47398
191 0.37059
170 -3.0576
138 -4.45642
173 -0.719345
10 -6.27666
243 9.37727
173 -0.71965
242 7.82925
197 0.153671
243 12.0104
45 -4.44228
202 1.24768
166 -36.1646
168 -1.46764
224 -35.0658
168 -1.46848
160 -0.987137
100 -4.42914
147 -3.60951
171 -18.3943
70 -2.10721
72 -6.6957
153 -1.89014
125 -2.58312
23 -8.66356
174 -0.573227
215 -0.840866
199 -11.0837
15 -11.4502
131 -1.88252
155 -20.2412
131 -1.88258
125 -2.58384
151 -1.35953
45 -7.34986
10 -9.54853
239 7.31627
145 -4.63043
196 0.180069
131 -1.88246
140 -3.26462
196 0.179031
164 -2.39598
171 -0.799438
186 -0.268158
38 -7.54404
47 -4.59007
45 -7.35008
165 -0.565735
107 -2.6657
16 -5.86963
158 -0.485092
7 -11.281
145 -4.63641
15 -17.9335
99 -4.10081
154 -1.33482
163 -0.874008
160 -0.976868
81 -6.66241
170 -0.896194
246 7.42863
78 -6.58325
87 -4.61031
102 -0.908356
205 1.39565
151 -1.3627
158 -1.16669
151 -1.27953
172 -3.08508
179 -9.49091
162 -0.754059
131 -1.72601
166 -1.41748
196 0.176895
158 -0.620987
191 0.370712
116 -3.8366
36 -4.40069
171 -18.4047
145 -4.631
145 -4.63889
164 -3.10176
65 -7.33026
139 -3.77243
197 0.15358
131 -1.86406
154 -1.14145
150 -4.23917
30 -4.91711
170 -0.894516
155 -1.88322
159 -0.617889
187 -18.4448
131 -1.86412
100 -4.08875
165 -2.0641
163 -1.82906
100 -4.08871
90 -5.88669
158 -1.04497
61 -4.15763
90 -5.8866
142 -2.28027
161 -3.90268
58 -7.27988
7 -11.2853
87 -4.64373
65 -7.33067
127 -1.91769
196 0.177994
225 5.37894
166 -1.41774
47 -4.57831
142 -2.98172
146 -1.55185
158 10.7059
131 -1.86447
30 -4.91435
109 -5.16866
168 -1.04161
152 -1.27831
147 -2.44695
154 -2.22118
170 -18.7151
120 -3.18726
157 -3.35939
177 10.4978
30 -4.92166
33 -6.00644
239 7.31651
37 -4.52213
143 -3.70117
205 -18.0762
23 -8.65238
167 -15.3555
63 -7.26642
120 -2.99289
100 -4.08863
41 -7.84132
195 -0.378494
128 -0.867821
122 -4.47916
120 -3.18739
7 -11.4925
40 -7.42419
10 -9.54766
30 -4.92776
107 -2.66631
202 -1.27199
205 1.53493
165 -4.71709
190 0.451599
87 -4.64447
66 -6.85221
59 -7.15762
232 -40.4186
23 -8.65452
107 -4.43464
115 -4.51884
150 -3.89343
151 -3.77425
132 -3.71736
110 -3.54636
142 -2.28082
177 -0.58812
188 -0.981262
158 -1.27203
142 -2.28065
138 -3.80659
176 -3.48387
120 -3.18759
115 -4.51968
115 -4.52034
151 -1.1904
80 -6.81567
172 -2.78816
230 6.78105
240 -8.29866
166 -29.6726
131 -4.07692
174 -1.30725
72 -6.69565
203 -1.58769
173 -2.91722
37 -4.38745
115 -0.664673
176 10.333
155 -1.10449
172 -3.30347
187 0.731781
227 7.38382
17 -9.43742
214 1.26024
92 -6.09509
28 -8.92583
140 -2.94208
358 97.6127
38 -7.55497
124 -2.9342
137 -0.281693
45 -7.34993
166 -1.41785
252 8.86945
58 -7.28037
183 -2.55937
171 -0.793304
158 -1.15868
23 -8.65642
29 -8.90613
147 -2.5446
107 -2.6645
128 -3.65012
61 -7.52473
183 -3.2594
161 -0.783463
122 -3.11667
128 -3.6507
301 19.0721
155 -20.2398
44 -7.82207
120 -2.99237
171 -0.799347
145 -4.63947
224 12.1471
65 -7.33044
150 -4.24454
171 -0.792633
174 -0.620514
72 -1.68896
146 -1.55167
175 -0.603394
139 -2.40488
150 -1.25595
151 -1.48061
95 -1.95405
195 -0.377228
18 -13.5935
58 -7.27975
130 -4.27099
87 -4.19086
151 -4.21861
231 6.83171
195 -0.370941
137 -1.29903
104 -2.84869
154 -1.62376
66 -7.17521
30 -4.92522
207 4.27296
10 -9.54822
227 4.42636
179 -0.227905
215 -0.8405
240 5.51704
172 -0.754303
158 -0.621216
240 7.31769
45 -4.45107
244 6.80811
103 -4.70558
227 4.39436
226 -1.05006
20 -4.93393
128 -0.867714
33 -14.6412
66 -7.11095
59 -7.3863
145 -2.39226
187 -19.062
175 -15.2857
37 -4.34892
29 -5.02401
107 -2.66357
40 -11.415
127 -4.78052
47 -4.60609
65 -7.04731
172 -3.70671
148 -2.16475
92 -1.41901
272 12.2127
253 9.53754
176 -3.35472
95 -6.06237
93 -6.11039
180 10.1994
105 -2.57683
129 -2.17424
228 5.3206
162 -32.1636
28 -8.92182
38 -4.41251
80 -7.15319
104 -2.84867
4 -9.60709
156 -4.40721
154 -1.67412
125 -2.02951
33 -9.24975
108 -2.6898
78 -7.99831
163 -2.81485
36 -9.03158
115 -4.50885
137 -0.281509
113 -4.65879
78 -6.7216
131 -1.88263
191 -0.225174
23 -8.65423
33 -14.6807
107 -2.66412
158 -0.288498
148 -4.27032
158 -0.485092
81 -6.66485
80 -6.81591
59 -7.3864
10 -9.54848
103 -4.70358
44 -4.48503
38 -7.55491
166 -32.1889
137 -3.25534
151 -2.75131
146 -1.5518
162 -1.74962
133 -1.75693
272 12.2129
149 -1.57294
87 -4.6114
172 -4.74609
10 -9.54827
137 -2.24777
172 -0.786942
138 -4.42305
160 -0.986938
115 -0.664864
158 -0.620743
67 -6.41732
49 -7.94332
172 -35.7591
158 -1.22318
166 -4.15912
120 -4.13758
93 -3.57059
87 -4.1908
144 -1.85884
44 -4.53878
33 -14.645
87 -4.64452
196 0.177582
170 -18.7172
131 -1.72664
158 -0.618256
149 -1.98729
168 -1.46756
153 -1.54277
87 -6.06932
120 -2.99307
191 0.370972
165 -3.17503
140 -3.20993
170 -0.896332
134 -3.47835
190 0.452103
143 -3.70084
144 -1.85892
134 -4.12842
42 -8.37309
207 1.43491
94 -4.30035
87 -4.64334
152 -4.30606
79 -6.794
166 -1.41806
87 -4.64312
106 -5.0203
150 -1.41478
177 -0.212021
204 1.43869
138 -0.577484
232 -40.4293
209 1.57437
140 -0.678802
136 -1.69983
10 -9.54731
72 -6.69542
121 -10.0391
72 -1.68921
163 -1.03375
50 -7.58778
100 -4.08871
212 1.47519
175 -0.411285
164 -0.71637
98 -4.13702
161 -3.27692
67 -6.41778
144 -1.85921
146 -1.55196
180 -1.87195
155 -20.239
23 -8.66354
155 -1.74635
55 -7.00425
170 -0.896515
358 97.6362
171 -6.12547
132 -1.84544
152 -1.40358
151 -2.28888
190 0.735306
210 2.94362
177 3.59372
362 99.3337
190 0.735199
37 -4.52224
118 -2.81936
38 -7.5549
141 -2.30605
90 -5.88602
151 -4.29843
236 12.6518
110 -3.98906
80 -6.03207
207 1.47386
170 -13.4304
132 -3.66704
227 -0.870758
179 -13.1931
148 -2.21542
147 -1.3517
215 -0.840561
244 6.80818
114 -4.48611
135 -1.75034
89 -4.42667
79 -8.12083
67 -6.41645
127 -4.73742
81 -6.66238
33 -14.6434
104 -4.84031
132 -1.84528
201 -0.218369
203 1.58968
213 4.36839
103 -4.65906
172 -3.29865
142 -2.28078
108 -5.08662
165 -0.565674
168 -1.4063
29 -8.90595
125 -4.2045
128 -3.65005
139 -3.83041
62 -6.73626
146 -2.50175
191 -0.719284
195 -0.372406
47 -8.73056
7 -11.2349
10 -9.54735
55 -4.2658
224 -42.3754
38 -7.55486
58 -7.27989
146 -1.55157
229 0.280762
152 -2.81657
166 -1.05215
141 -2.30817
115 -3.71122
160 -1.07626
240 -8.30676
168 -36.6687
208 3.76817
199 -0.735947
24 -4.75484
115 -4.51991
197 -0.537842
79 -6.79404
171 -0.799393
146 -1.51471
172 -2.78743
195 -0.346252
205 -18.0768
218 0.739563
65 -7.3301
153 -1.66629
124 -4.53091
110 -3.79003
169 -4.00414
177 -30.4077
154 -0.62088
7 -11.2616
187 0.731064
184 -3.18311
163 -2.80812
196 0.166107
137 -1.80173
34 -4.39912
181 -0.322556
94 -6.07309
95 -6.06425
30 -8.80306
146 -1.55151
87 -4.64371
171 -0.799393
51 -4.88544
190 0.735275
200 0.842453
166 -1.05186
138 -1.78561
191 0.369125
144 -1.85941
129 -3.09737
225 6.25348
158 -1.13728
93 -1.61301
182 -1.88771
129 -4.09192
171 -0.79953
100 -4.08873
140 -3.49146
122 -3.03386
141 -2.30641
178 -3.01035
220 1.18239
7 -11.2454
134 -2.00165
23 -8.65462
107 -2.66457
115 -0.665642
156 -0.713058
179 -3.93683
156 -1.38083
175 -15.3313
144 -1.86011
5 -13.5432
221 8.3432
177 -0.324844
250 12.1967
99 -4.10097
107 -2.6653
146 -1.552
195 -0.369583
105 -5.47118
225 4.86984
10 -9.43181
79 -6.79398
141 -2.30779
213 4.96667
7 -11.9717
107 -2.66508
151 -1.3244
131 -1.72568
55 -7.4314
247 11.8192
131 -1.97208
173 -2.44417
129 -2.17457
183 -17.9178
209 4.58327
134 -2.61874
226 -28.2131
143 -1.52107
145 -2.6216
199 0.964859
208 -23.573
100 -4.0887
90 -5.8867
240 -8.30997
159 -0.966019
58 -4.12956
162 -0.964859
207 1.43478
210 3.10281
40 -8.91143
142 -2.25958
34 -4.39921
111 -4.8259
226 -36.8493
109 -5.20196
98 -4.13799
246 9.7299
131 -2.16992
163 -0.615906
142 -1.82562
166 -28.7529
131 -1.88258
128 -4.04427
324 93.5309
98 -5.37064
132 -1.84621
183 -0.242722
168 10.3895
214 -34.3904
10 -9.54719
172 9.30385
215 0.744568
18 -9.46106
128 -4.04413
125 -2.94785
181 -3.73842
190 0.73526
158 -0.485168
57 -4.19629
176 -10.0965
186 -2.12129
8 -9.24743
68 -6.42557
191 0.369156
87 -4.64389
59 -3.79558
87 -4.64747
227 7.38881
203 -0.913986
200 0.842743
174 -0.563797
147 -4.30522
57 -6.80666
107 -2.66484
186 -0.260544
174 -0.564346
128 -4.04408
47 -8.72967
57 -4.20435
21 -5.91603
172 -3.7065
181 -1.10889
137 -2.24835
358 97.6302
191 -0.398743
110 -4.07625
240 -8.30869
7 -10.8546
141 -1.77605
95 -3.50515
80 -6.81576
189 -13.3001
183 0.487915
141 -2.98312
117 -4.29584
207 4.27188
118 -2.79556
146 -1.55154
48 -7.55323
10 -9.54854
194 -0.21994
78 -7.99555
156 -0.593842
146 -1.55205
168 -1.42804
146 -1.55196
205 -18.0791
106 -5.02064
129 -1.96128
86 -1.45225
227 7.38449
190 0.451569
15 -11.4512
132 -2.64278
106 -5.02039
125 -2.02943
103 -4.71357
159 -1.61746
7 -11.2233
171 -0.774506
166 -1.05078
112 -3.64756
68 -6.93765
52 -7.09229
227 -29.0325
167 -36.9038
207 4.27278
175 -14.2091
103 -4.68855
94 -5.95158
110 -5.12204
202 1.19862
97 -5.83677
44 -7.45909
179 -1.98502
176 -6.94986
97 -4.16635
177 -0.212448
87 -4.19286
81 -6.66481
41 -4.25193
141 -2.30522
120 -4.13754
152 -2.24681
181 -11.6825
172 -2.78673
108 -4.01104
125 -4.21207
120 -2.99237
196 0.179504
181 -10.0759
155 -1.16273
158 -0.621002
48 -7.70799
90 -1.75878
168 -0.307144
185 -2.38635
38 -7.55542
127 -4.7415
151 -2.29929
185 -2.47478
30 -4.9303
240 -28.6366
153 -1.99657
87 -4.61232
168 -1.46361
5 -16.6988
8 -9.57751
185 0.499512
115 -4.50005
167 -23.5912
131 -1.86375
143 -1.81064
185 -2.36569
32 -5.31806
146 -1.50127
127 -4.74429
63 -7.14644
88 -1.77892
178 -1.21875
90 -5.88647
49 -5.33005
172 -3.70638
170 -18.7116
147 -1.35172
5 -10.794
162 -3.06978
154 -1.35918
113 -4.92453
225 5.37886
60 -3.70601
98 -4.10499
131 -1.88261
100 -2.97862
200 0.998886
107 -2.60818
139 -3.43753
202 1.46509
166 -1.05283
120 -2.99296
189 -2.77022
181 0.405106
47 -8.72953
169 -8.47722
115 -0.664909
112 -3.7055
236 -36.1729
182 -0.984787
45 -7.34879
171 -18.4167
197 0.617249
171 -18.4151
120 -4.13769
31 -8.49206
157 -3.36015
23 -9.36002
105 -2.60657
65 -7.32994
68 -6.42617
204 1.39639
221 8.34232
100 -4.08877
251 8.87915
195 -0.0657196
78 -7.99297
28 -8.92732
240 -8.30911
87 -4.13178
79 -8.12485
23 -8.66299
358 97.634
178 0.330399
132 -1.8456
198 1.27228
93 -1.44878
246 8.81879
227 -29.5402
78 -7.99731
154 -1.53201
164 -6.0239
19 -9.88147
145 -3.35213
180 0.161697
225 -1.06683
45 -7.34888
44 -4.35578
212 -25.5279
169 -0.628616
121 -4.55808
254 9.79584
153 -1.66679
27 -8.34408
108 -3.41494
225 5.37895
128 -4.04416
200 -0.155289
240 -8.30896
170 -0.896378
112 -3.76272
72 -3.36732
65 -7.33002
178 -19.7119
158 -0.485107
201 2.60684
38 -7.40916
146 -2.43268
3 -14.4189
87 -4.41882
115 -4.56332
186 -0.267899
169 -18.4915
99 -4.10114
153 -1.63861
128 -4.04413
152 -1.73128
244 6.97812
190 0.735291
134 -3.49866
96 -2.69888
152 -2.81685
136 -3.18623
10 -9.54786
105 -2.57677
223 -20.3156
106 -5.01948
105 -2.57702
146 -1.55196
99 -4.29519
158 -0.485138
292 32.7349
99 -4.10094
193 -0.046936
136 -1.7854
52 -8.29159
33 -8.17487
49 -8.55914
211 -25.2975
179 -3.1871
154 -1.51132
250 3.94131
2 -10.0266
165 -35.8343
96 -6.05163
101 -5.63957
34 -4.39928
170 -17.5022
144 -1.85892
40 -8.68401
249 -4.03676
170 3.95903
38 -8.7394
98 -5.65773
70 -6.34028
218 6.49846
138 -1.83691
130 -2.60008
207 1.47401
259 14.3852
158 -0.485031
318 18.7716
207 0.873108
168 -1.04178
79 -8.12349
92 -5.96117
115 -4.5071
90 -3.58173
203 0.610519
183 2.38141
170 -3.24348
103 -4.69307
50 -7.34496
216 4.08296
215 3.97891
40 -4.46304
190 0.735352
269 9.94913
161 -0.982239
180 -2.94411
117 -2.30701
201 0.748825
7 -11.2497
126 -2.06613
47 -4.59882
185 -15.7585
134 -2.61827
201 1.11916
141 -2.30501
137 -2.24905
90 -5.88665
166 -0.604263
49 -8.58842
255 5.29013
158 -1.22685
139 -1.81839
186 -2.14665
24 -8.62301
133 -2.3414
169 -4.72108
23 -8.66344
170 -4.18129
179 -10.4571
187 -39.4157
214 3.96678
11 -10.5787
10 -9.54748
78 -7.99618
47 -8.73221
5 -16.424
102 -4.09539
146 -2.09718
40 -8.68353
269 9.9711
171 -18.4145
206 0.717484
218 5.25435
120 -2.99234
103 -4.68378
172 -3.70631
80 -6.8156
190 -20.1482
201 1.14432
153 -1.66632
139 -3.33812
68 -6.4259
250 8.42688
227 7.38339
131 -1.88258
147 -1.41559
177 -0.311768
180 -1.98859
177 -0.337006
168 -1.40677
154 -0.615585
128 -3.6623
136 -1.85684
142 -2.26019
199 -0.571014
158 -0.288498
161 -0.626007
125 -4.23427
169 -5.73247
12 -10.5796
242 7.79898
146 -2.38615
133 -4.54648
30 -8.21154
178 -30.1748
78 -7.99497
140 -3.14548
107 -2.66081
65 -7.33039
10 -9.54723
202 0.445648
145 -1.41736
52 -8.28949
68 -6.42517
83 -6.52422
151 -2.02475
122 -4.57275
9 -10.2414
46 -4.58466
140 -3.28809
2 -13.0322
181 -1.95262
356 111.49
95 -1.6236
98 -5.92197
180 3.43384
170 -18.7084
232 6.64098
166 -0.961197
29 -9.61832
226 -24.6909
100 -5.78964
199 -0.192596
10 -9.54751
54 -6.92421
114 -9.91967
172 -31.1619
205 -18.0779
125 -4.8159
147 -1.35216
102 -4.51329
228 -25.4054
195 -0.372955
180 0.466522
2 -13.1132
118 -2.79579
368 90.0242
141 -2.30623
168 -1.46443
222 -41.0044
100 -5.70006
168 -29.8631
253 11.6258
107 -2.66708
142 -2.26241
127 -7.46111
172 -2.78487
137 -3.7291
118 -4.76907
186 -1.7791
115 -0.665092
81 -6.66527
129 -2.50354
191 0.36882
67 -7.14056
305 158.333
172 8.38763
128 -4.0441
87 -4.63989
190 0.735321
213 4.96609
126 -2.70581
115 -4.52026
163 -1.715
173 10.4041
103 -4.93612
89 -4.48875
93 -5.55651
126 -1.96186
146 -2.54922
189 -13.3026
199 -11.0782
137 -2.24712
58 -7.2795
172 -3.70624
244 9.36929
151 -4.29919
110 -5.17338
21 -9.4128
156 -0.879105
98 -5.90745
137 -2.24838
150 -1.21126
225 5.37877
172 -3.70631
232 -36.0644
128 -4.04428
113 -3.7715
199 -0.205551
118 -4.13625
271 13.1613
136 -2.94269
240 7.31535
182 -0.245773
84 -2.9753
132 -1.55637
125 -2.02943
212 0.571915
1 -14.0369
125 -2.02946
146 -1.55193
161 -3.28072
80 -6.81509
155 -1.37549
65 -7.33057
29 -5.45002
155 -0.512985
172 -2.78711
148 -1.92274
192 -0.222107
205 -0.707443
86 -4.50497
170 -0.894485
168 -17.5659
147 -1.42319
67 -6.41734
36 -9.08965
92 -6.02602
23 -8.65776
236 -34.4864
159 -0.48082
170 8.68982
190 0.452133
137 -2.24905
372 114.921
93 -6.38263
137 -2.24738
145 -1.49416
137 -2.24547
137 -2.44446
166 -5.66159
30 -4.91604
223 -18.674
107 -2.66672
132 -1.84537
120 -4.06264
170 10.5413
125 -4.8993
173 -33.2951
147 -1.40793
120 -4.09949
200 0.288208
28 -8.72182
131 -4.27455
2 -14.3814
93 -4.10948
86 -7.82225
92 -6.09194
243 2.24213
84 -2.97531
199 -11.0813
201 -0.158066
100 -5.65213
215 4.6624
169 -17.9038
65 -7.33042
90 -5.88662
229 -42.8629
191 -0.23468
128 -4.04429
144 -1.65088
170 -4.2426
145 -2.89803
254 9.56427
37 -8.93918
186 -1.65059
141 -4.89691
246 8.81886
96 -4.28333
28 -8.35001
130 -2.47514
186 -0.913788
112 -4.89816
132 -4.12686
15 -11.451
1 -12.9194
212 3.48703
133 -2.52051
190 -2.03447
218 4.72653
187 -1.74959
45 -4.59418
85 -6.45515
128 -3.65033
240 -8.30898
212 3.54483
161 -3.65146
38 -8.76755
185 -2.20032
45 -8.17513
179 0.11261
170 -0.502319
128 -3.65011
271 13.1617
187 -39.3955
158 10.625
252 0.834183
158 -1.21683
97 -4.12675
158 -0.485123
103 -5.03319
187 -21.9131
140 -2.26669
23 -9.67217
199 0.963608
18 -13.5926
23 -8.66356
78 -7.99562
226 -28.2079
147 -1.48822
172 -3.30275
271 13.1615
250 10.0818
119 -4.23544
144 -2.26141
152 -2.82875
155 -1.06721
112 -3.88095
132 -4.18996
115 -0.665482
19 -9.65962
38 -8.75093
134 -3.74059
100 -5.51379
227 7.38979
141 -4.18146
143 -1.69632
148 -2.6716
188 -0.347534
139 -2.42957
197 1.61624
173 -0.837662
168 -1.4644
166 -25.0472
78 -7.99829
120 -2.99283
141 -2.30838
221 8.34409
46 -4.42994
116 -3.76199
201 -5.05229
141 -4.82788
23 -9.22724
207 -23.4894
117 -4.65631
228 5.3607
124 -5.04654
269 9.95255
128 -3.65054
58 -7.27988
27 -9.93388
28 -8.92605
226 -28.2155
175 -39.1066
144 -2.87523
173 9.76009
227 7.38557
87 -4.19032
162 -1.65654
141 -2.30388
226 -22.7665
132 -2.64839
34 -4.39873
154 -1.11522
125 -2.02945
250 3.94565
140 -1.73364
190 0.451828
216 4.63307
100 -3.71232
109 -5.155
90 -5.88649
157 -1.74408
170 -18.7169
140 -1.66084
170 8.69434
112 -3.03525
79 -8.12597
113 -3.54163
92 -3.49238
218 -18.0412
37 -4.52216
176 0.428955
160 -1.02574
11 -10.5782
72 -6.63489
129 -1.75873
34 -13.7537
261 14.6912
105 -4.74698
160 -0.651657
47 -8.75142
115 -4.5126
206 1.63547
141 -2.37515
134 -2.10342
69 -7.04268
28 -9.95697
143 -1.50569
14 -9.81559
87 -4.64403
87 -4.13063
171 -3.14014
134 -2.6187
35 -5.29954
172 -2.7921
37 -4.52227
301 19.077
40 -8.62455
96 -5.30717
3 -14.2437
114 -3.79992
185 -2.34561
38 -8.76869
126 -2.94038
151 -1.46082
200 1.3725
70 -6.30166
101 -5.29066
149 -0.881561
183 -28.9874
144 -1.57945
186 -0.909866
105 -2.57679
187 0.731598
148 -1.34503
47 -8.71614
106 -4.69238
160 -0.595856
87 -5.41607
183 -2.62419
182 3.44849
156 -3.36725
158 -1.0663
150 -1.32565
147 -2.36856
132 -5.78152
16 -5.88635
159 -0.635941
149 -1.26103
158 -3.36212
246 -17.8903
205 -41.3558
217 4.42577
189 -13.301
116 -3.59345
112 -3.03416
165 -3.4969
128 -3.65012
145 -1.37515
191 0.369141
151 -4.299
355 106.723
141 -2.95172
150 -4.23886
230 0.111877
81 -6.66534
164 -2.82507
28 -8.92552
144 -2.94087
231 -42.5879
183 0.656464
140 -1.50246
159 -1.03398
125 -4.20458
153 -1.66666
128 -3.69249
207 2.96371
98 -4.48117
33 -14.6464
59 -7.3863
165 -0.565689
247 -15.4732
89 -6.29491
280 14.3661
76 -6.16658
180 -38.9775
107 -5.20911
104 -4.7141
163 -1.71478
175 -0.0955963
47 -4.60508
142 -3.57143
158 -0.288742
27 -5.05567
221 8.34373
156 -12.3134
22 -9.29984
201 1.2845
263 10.7213
170 8.69159
172 -3.30232
173 -34.1035
38 -7.5444
211 -22.9855
123 -4.24301
97 -5.85171
61 -4.15954
168 -8.48428
207 -40.623
22 -5.88444
115 -4.10124
197 0.342926
44 -8.56339
202 1.37164
360 98.7
83 -2.95628
25 -10.1047
172 -3.70616
50 -4.49416
132 -4.11115
42 -8.44228
150 -2.16432
47 -4.23918
171 -0.799438
178 -2.63443
151 -1.85002
112 -4.99001
251 3.74226
174 -1.10423
94 -5.72944
227 7.38301
265 -5.89914
163 -0.899857
238 -18.7302
146 -1.29161
70 -6.30165
190 0.452332
250 3.94347
45 -7.34883
180 0.548553
128 -4.04475
137 -1.29982
169 -5.4959
199 0.963272
193 1.52356
190 0.452103
138 -1.25955
164 -2.82552
149 -1.26949
189 6.58315
203 -0.847595
178 -34.2453
5 -16.4373
176 -1.05399
81 -6.66539
153 -2.45557
201 1.77084
127 -3.09859
14 4.434
198 -0.106689
29 -8.91838
147 -1.35219
119 -3.65983
185 -19.6081
152 -0.42009
27 -9.54545
30 -8.85435
205 -41.3571
173 -0.71962
125 -4.20396
130 -5.50301
49 -4.87171
231 6.83202
237 -13.1668
248 -8.06201
158 -0.608536
10 -9.54823
218 4.8062
245 8.53654
199 1.07384
43 -13.5036
252 -1.08205
297 160.447
139 -4.5377
183 0.467865
144 -2.83604
205 -41.7097
196 -1.1443
35 -5.15695
157 -0.870316
1 -13.9873
195 0.239731
106 -5.02007
184 4.5856
207 1.47433
229 -19.4221
172 -3.3011
23 -8.65416
105 -4.49957
159 -0.588684
210 4.90251
204 2.02182
360 98.6712
218 5.25334
79 -8.12649
259 -16.579
212 3.40117
214 1.47884
200 0.84259
147 -1.35191
179 0.522827
213 -37.2517
177 -39.065
34 -13.758
131 -3.15203
1 -12.6395
125 -2.03309
165 -29.3066
132 -1.84618
10 -9.54736
165 -21.0987
266 15.1267
191 0.368668
362 117.076
117 -4.30431
65 -7.33007
209 4.2023
7 -13.2735
139 -2.55423
87 -4.61069
104 -5.04134
119 -2.52061
127 -4.79864
70 -6.30171
80 -7.15289
96 -5.85345
115 -4.52038
245 8.53566
164 -2.39629
182 -0.263565
195 1.00177
52 -8.29098
30 -4.90189
145 -1.37621
173 -0.333176
158 -0.485153
23 -8.66314
170 3.95752
127 -2.03609
96 -6.02213
200 0.0964813
311 146.514
213 4.33046
50 -4.49407
269 9.95209
181 -39.6234
200 0.438217
158 10.6443
166 -33.1339
227 7.38481
207 1.47539
116 -3.2579
84 -3.09139
153 -0.607895
147 -1.44115
134 -2.51501
116 -4.78727
124 -3.06934
183 -2.38861
146 -1.55202
84 -2.94241
245 9.0416
198 0.97966
136 -5.76274
250 10.0819
156 -0.611206
132 -1.94495
180 -1.10835
208 -23.6175
10 -9.54521
194 0.345673
179 -3.32632
226 -28.2481
178 -27.7404
147 -1.34862
126 -4.46297
81 -6.66466
243 -20.5409
170 8.68515
172 -3.29843
50 -4.49345
60 -3.70594
180 -0.247162
81 -6.665
200 0.28801
199 1.44934
170 3.9494
18 -13.5924
201 1.26907
104 -5.36618
102 -5.47507
181 -3.24014
245 9.2249
139 -4.41422
123 -3.01917
95 -5.77554
37 -5.12018
149 -1.79733
211 3.3454
171 -2.1451
297 32.6704
199 -0.0819244
319 15.781
158 -0.48497
247 11.1729
250 12.1967
29 -9.61743
30 -6.14687
183 -28.9797
59 -7.38478
139 -1.81812
171 -0.456314
33 -14.6476
172 -3.29922
171 -18.4086
103 -4.69051
242 7.77377
98 -5.65199
213 4.90298
244 6.80814
64 -4.38498
84 -2.97532
205 -18.0766
120 -3.18747
173 -1.10173
81 -2.31837
100 -5.3242
139 -1.66971
218 4.73273
46 -8.51863
79 -5.94131
49 -6.32293
171 -18.4187
312 20.2566
209 -30.9819
172 -2.78383
237 -33.3761
12 -10.5837
91 -6.13383
131 -2.69795
233 -21.9029
151 -1.14206
18 -9.33311
164 -2.39613
201 0.688187
115 -3.62552
120 -2.99308
175 -37.2953
176 -0.240646
112 -3.99802
361 97.0264
84 -2.9753
106 -5.02026
213 3.39589
47 -8.72916
107 -2.66589
48 -7.84624
181 -0.0460052
29 -8.90578
202 1.2027
255 9.24686
10 -9.60711
99 -5.05541
56 -6.82045
169 -37.5732
79 -8.12722
181 -1.48151
147 -3.68118
93 -1.66364
158 -0.621613
305 154.444
138 -3.59698
200 1.09572
144 -1.37753
152 -1.23628
81 -6.66526
93 -4.09682
104 -5.14032
208 1.38164
14 -11.167
33 -5.03139
142 -3.4095
123 -2.86823
145 -4.63852
144 -1.49529
34 -7.8116
106 -5.01951
98 -5.87102
137 -4.01566
115 -3.58737
177 -0.212143
132 -7.76604
148 -4.26956
185 -18.1081
105 -5.48657
137 -4.2804
168 -1.40677
187 -0.777771
218 5.23325
161 -0.606827
79 -6.11607
228 -22.4596
72 -1.68982
120 -4.13761
272 12.2177
118 -3.49948
245 8.53645
133 -2.5502
114 -4.5536
163 -1.715
201 -5.05403
106 -3.93224
148 -1.10875
246 7.4326
142 -2.57745
232 -40.4138
197 -0.941467
173 8.36636
148 -4.26929
1 -11.1252
29 -9.43821
144 -1.67786
147 -1.464
243 -27.1377
202 1.455
161 -3.2863
178 -0.928314
190 0.735321
60 -3.70622
200 1.37111
215 5.23628
37 -4.52205
15 -11.4498
266 -2.95255
115 -2.10391
201 1.23912
67 -10.0924
138 -1.67429
126 -1.56382
356 111.358
130 -3.77377
255 8.96063
187 0.731812
137 -2.2467
172 -3.30132
114 -4.12029
29 -8.90206
144 -1.85934
150 -0.895462
132 -4.46334
174 -0.563354
128 -4.04412
104 -2.8469
215 4.54021
176 -1.0891
190 -0.968765
117 -4.06369
164 -0.596527
250 -12.4992
126 -4.31254
150 -1.88333
177 -36.9782
85 -1.69033
217 5.06235
45 -4.57613
200 1.47594
146 -1.55182
189 -1.63559
193 0.671677
202 -31.9765
125 -4.20419
311 146.622
223 -27.6072
131 -4.3324
175 -0.130615
34 -13.7565
272 12.2145
139 -1.75777
162 -0.979477
199 -11.0797
245 11.9835
184 0.654358
179 -0.212585
35 -4.90751
212 3.54474
165 -15.384
299 17.5681
125 -4.20426
136 -3.20764
225 5.37874
196 0.646606
164 -4.11044
184 -3.3846
261 15.134
242 7.79434
199 0.962601
183 -28.9878
106 -4.26066
188 7.83453
168 -1.20581
368 90.1585
5 -13.353
127 -2.5358
224 12.1474
116 -4.60597
359 102.033
171 -18.4173
206 2.24608
107 -2.66367
88 -6.32977
30 -4.92991
201 -31.4186
14 -13.9201
197 0.15564
85 -6.24924
171 -0.762924
164 -1.51312
45 -7.34981
125 -4.20361
112 -3.59669
152 1.04288
89 -6.23418
153 -0.606323
168 -1.46356
199 0.964157
128 -1.90947
68 -6.42535
118 -2.796
143 -1.73813
161 -3.28781
81 -6.66465
54 -4.85539
198 1.20622
143 -1.52106
112 -4.81115
147 -4.31152
144 -1.47818
153 -2.26347
110 -4.7188
23 -17.419
185 -16.5922
129 -1.75874
143 -2.72684
37 -4.52213
153 -3.34283
168 -5.58701
152 -4.32498
144 -1.42865
255 8.97607
242 7.81102
100 -5.40191
158 -0.621735
102 -5.0033
152 -2.81729
143 -1.75352
114 -3.82597
51 -4.49501
10 -9.54762
297 160.501
183 -0.975006
261 13.6272
230 0.111542
170 -17.5209
143 -1.46263
2 -13.5132
237 -18.8549
95 -6.13488
144 -3.02843
158 -0.48526
159 -3.83441
171 -18.4131
172 -3.29814
37 -8.93521
115 -6.47379
199 0.963699
272 12.2116
181 -0.251572
186 -0.268311
372 86.4658
104 -5.45346
47 -4.5921
132 -2.75769
35 -7.65444
182 -22.265
237 -14.3274
231 6.8318
201 1.2695
32 -6.28413
216 3.99919
230 9.85469
152 -1.66913
41 -4.68621
107 -2.66491
214 -34.6403
172 -3.29778
360 98.6738
147 -1.35165
202 -0.520248
240 -8.30325
190 0.45192
199 -11.0813
130 -4.39185
110 -5.12212
194 0.924561
225 5.37871
123 -5.29128
305 150.941
6 -13.9201
137 -2.24706
228 0.519958
147 -1.34152
137 -2.24733
128 -3.65064
51 -4.49516
10 -9.54754
95 -6.16424
129 -2.50923
13 -11.1767
9 -9.51123
85 -5.60638
79 -5.96803
107 -4.22333
195 -0.808578
173 -0.269562
148 -1.01521
115 -4.51866
207 1.43475
110 -5.14408
198 -30.6194
143 -3.7014
138 -4.74878
101 -4.04947
200 -44.7256
137 -2.24863
127 -1.95061
227 4.39412
112 -4.29713
162 -19.9826
169 -0.53508
245 11.9831
166 -2.93958
114 -4.12547
368 90.0104
146 -1.24564
128 -2.53251
184 -3.37808
193 1.52357
112 -3.78867
78 -9.85162
227 -10.8133
180 9.93277
146 -1.55167
197 0.937195
23 -8.65882
92 -2.74905
172 -2.78476
205 -41.3608
84 -7.03094
196 -0.218658
158 -0.618637
129 -2.1747
110 -5.12183
12 -10.5829
300 17.7351
129 -2.68919
117 -3.59143
107 -2.66071
92 -6.17497
249 3.07565
217 4.85425
158 -0.621124
199 0.264236
168 -1.21925
237 -13.1324
93 -5.25606
118 -4.24516
168 -1.46487
181 -0.244736
164 -5.02487
141 -2.30659
51 -8.19728
114 -4.17535
85 -5.94461
147 -2.4044
172 -2.79291
11 -10.5765
214 4.16322
126 -2.59116
128 -4.26559
205 -18.0757
87 -6.34372
125 -4.1469
159 -1.09659
203 -0.0596924
224 -41.3066
194 3.72508
72 -1.68899
165 -28.4566
128 -4.0447
79 -6.79425
208 6.82034
214 -41.7775
218 4.30981
180 -1.18352
137 -2.24747
15 -11.4616
163 -8.65121
196 0.178955
196 -0.225739
183 -0.242126
103 -4.68599
131 -1.88252
51 -4.49505
100 -5.45182
137 -2.24634
156 -1.4893
128 -3.65042
125 -4.22781
95 -5.55395
306 151.831
170 -17.5044
69 -1.67646
254 12.6491
269 9.96347
207 2.40631
170 -18.709
253 7.60895
44 -5.01846
216 0.863251
6 -13.8301
156 -1.80212
231 -19.4241
153 -1.9942
144 -2.71118
205 2.56833
169 -31.4712
187 -1.47957
199 0.963074
304 136.329
244 6.80841
272 12.2181
226 -0.788971
130 -1.74576
188 -0.535477
100 -4.08884
201 -5.05313
37 -8.94206
125 -2.58387
196 -0.765305
269 9.96329
201 -5.0535
187 -1.48247
109 -5.24441
146 -2.31334
261 10.6694
121 -4.59079
115 -0.665573
98 -3.9961
213 -22.6105
197 0.270615
84 -2.79868
220 5.30269
50 -8.10256
230 9.85475
135 -1.73886
112 -4.08545
169 10.661
137 -1.29909
187 -39.4145
184 -22.5256
125 -2.02938
55 -4.73547
139 -1.75351
184 3.87189
179 -0.94519
134 -2.6183
198 1.30034
156 -0.612244
212 3.54446
229 5.1568
74 -3.21964
253 9.01398
58 -7.27954
232 -23.4431
118 -2.7928
10 -11.4914
30 -4.91536
187 -0.555588
179 -3.41307
113 -3.71168
145 -4.63797
193 0.246826
137 -1.80171
297 17.4075
158 -0.484848
306 151.837
240 7.91617
3 -12.1731
245 11.9834
118 -2.79557
143 -2.79956
142 -3.34541
102 -5.01576
191 0.369156
190 0.452087
32 -10.265
209 2.95023
201 0.327072
75 -3.23578
153 -0.607742
133 -1.93777
96 -3.02066
187 -38.5802
125 -4.55196
299 157.723
161 -28.9483
54 -4.89427
30 -5.54021
148 -4.26842
219 5.14479
84 -1.74439
128 -0.875778
205 -41.3642
301 156.37
187 -1.47928
171 -18.4165
181 -18.4253
363 93.4573
224 12.156
101 -5.16788
115 -0.66571
208 2.27597
182 -0.998947
28 -8.92655
99 -5.08787
169 -37.6868
87 -4.19
166 -0.613403
170 -17.5062
245 11.9835
96 -4.29691
43 -5.21192
29 -8.90608
155 -20.2389
196 -0.227234
161 -0.865097
221 1.29736
353 13.6668
109 -5.04785
180 -2.73849
40 -8.28802
204 1.33884
1 -15.9804
185 -16.113
170 -17.5154
204 -0.887497
187 -38.5807
201 -5.07176
250 6.53772
247 9.22925
181 -0.0460052
84 -2.97539
181 -23.098
87 -4.18137
190 -25.209
102 -5.56342
172 -3.30106
14 -8.00577
94 -6.32684
159 -0.990356
37 -4.97264
104 -4.71355
28 -8.79317
358 115.663
134 -3.43314
99 -4.10094
115 -0.665573
119 -3.34409
125 -2.02946
110 -4.66488
186 -2.18871
203 0.139618
217 3.08919
58 -4.23026
128 -4.06846
33 -5.11215
137 -3.00967
59 -7.38627
170 -0.612762
126 -0.163612
55 -7.76851
224 12.1471
129 -4.18106
50 -4.49869
182 -20.0022
90 -5.88634
30 -8.7795
90 -5.88663
83 -6.6445
340 -8.04987
187 -1.48053
235 -29.53
211 3.29912
129 -1.75858
188 -19.7087
196 -0.189194
68 -6.42514
199 -44.223
207 -33.8291
137 -2.24796
265 11.7721
111 -4.1804
142 -1.77086
96 -5.66608
200 -16.7379
194 -0.510315
174 9.05177
178 -1.19353
191 0.368774
104 -4.7025
101 -5.86871
11 -10.5773
136 -4.11197
117 -3.5503
123 -2.84756
338 -7.19
115 -4.07882
218 7.3759
105 -5.40339
50 -4.49367
115 -6.47394
222 -40.903
141 -3.44562
134 -2.61833
203 -0.908798
254 -5.8261
148 -3.9191
140 -1.67227
80 -5.92799
280 11.0307
235 6.29561
255 7.33893
177 -0.212448
271 13.1614
115 -3.93522
218 5.25424
85 -2.08386
12 -10.5836
250 3.93848
117 -4.60042
29 -8.90385
125 -2.02957
247 11.8193
362 100.017
255 -11.823
119 -3.54565
188 -26.1719
39 -5.02393
183 -0.227707
128 -4.0442
302 157.759
94 -4.38477
93 -4.10937
153 -1.04256
187 0.731232
168 -31.3232
339 -8.47644
227 3.93394
173 -4.8239
163 -17.5201
70 -1.63535
173 -0.197845
243 2.3902
180 0.411255
38 -8.17312
227 7.38416
172 -0.466629
202 -32.9881
214 4.02367
222 2.26466
90 -5.88673
95 -2.75217
368 89.9625
12 -12.6728
90 -5.8866
161 -3.02014
115 -0.665565
129 -2.17561
158 -0.288605
102 -5.09722
227 -10.8421
13 -9.74017
135 -3.99112
195 2.29112
32 -7.92312
107 -3.93554
201 1.78429
25 -9.05671
15 -11.4518
103 -4.68909
368 -15.0274
238 12.073
119 -2.52387
92 -6.06292
233 26.7786
89 -5.2855
194 -0.65387
250 3.94423
45 -7.3489
220 5.20172
184 0.17746
270 14.8915
246 7.43388
188 -17.174
221 6.36746
240 -8.29803
118 -2.79598
120 -4.13752
110 -5.17319
299 159.529
250 3.94383
14 -8.1244
204 2.33453
204 0.784332
145 -4.63422
199 2.3309
90 -5.88673
228 -19.687
137 -2.24599
356 100.277
141 -3.48131
61 -4.15947
131 -4.24461
250 3.93944
254 8.81561
137 -5.08543
189 0.138641
52 -4.84965
112 -3.8975
171 -0.350189
190 -0.109528
177 -0.212326
185 -2.22963
197 0.921494
70 -3.48732
194 -4.90501
95 -6.27687
188 0.0209656
34 -4.39874
189 -2.03763
78 -9.85234
196 0.178406
90 -5.88681
230 8.24498
135 -3.53294
231 6.68472
136 -4.04922
93 -6.08553
116 -4.33111
209 0.238602
25 -18.2529
212 4.07355
188 -0.0247498
79 -6.79405
184 -11.9406
176 -0.382919
104 -4.74136
137 -0.281555
110 -5.12183
107 -2.66582
193 0.246674
111 -4.53427
97 -4.16709
125 -2.5836
4 -3.05424
254 8.97476
108 -4.87011
176 0.0211334
118 -10.3745
168 -0.733734
193 0.241119
30 -5.51816
240 -8.30406
70 -6.30155
232 -40.4149
29 -8.90683
187 -2.08104
307 154.351
187 -3.64217
49 -8.52205
132 -3.49994
99 -5.81441
80 -6.65535
101 -5.05626
170 -0.896133
281 10.3347
193 -23.2382
129 -1.75847
148 -4.26903
299 164.883
68 -6.42518
171 -24.379
178 0.320602
159 -1.21442
44 -4.88824
202 2.31839
90 -5.8866
186 -1.83606
174 9.03891
84 -2.97533
175 -0.217209
23 -9.14236
98 -5.87435
230 0.111938
305 151.191
117 -3.53527
218 5.25319
56 -5.1198
118 -2.79549
306 151.939
263 10.0171
201 -0.453354
87 -4.13076
62 -12.8834
194 -5.21364
34 -13.7754
305 153.339
160 -4.3983
14 4.43501
180 -24.6805
240 -8.30078
354 105.813
199 -43.2604
330 -8.01459
262 10.8412
336 -10.4649
15 -11.4503
227 -10.8534
188 -0.254791
49 -4.6101
153 -0.598022
146 -1.55159
132 -1.60696
183 -3.77591
120 -4.13747
106 -5.02036
228 6.78404
186 -16.2993
200 -44.7231
136 -3.44061
37 -4.52221
133 -4.77576
236 0.179062
305 154.274
155 -0.639938
48 -7.69857
94 -2.71278
88 -5.72205
372 87.2487
120 -3.45749
110 -2.73389
120 -4.13754
131 -1.72571
87 -5.59492
148 -3.91914
52 -4.78689
254 -16.4983
156 -0.441849
165 -2.8721
45 -4.39928
198 4.70926
200 0.288818
199 -1.04897
257 11.7565
324 93.5304
72 -4.90033
191 -2.56934
186 -1.79185
60 -3.70617
225 -1.06691
241 -14.6974
205 -41.7161
139 -3.48593
278 16.7215
194 0.330841
233 -23.6798
51 -7.4318
47 -7.8001
107 -2.66543
178 0.496063
126 -4.17633
170 -0.496292
237 0.569717
254 7.42188
183 -28.9796
90 -5.88667
11 -18.6317
125 -2.02944
271 13.1613
196 -0.228088
56 -8.96899
35 -5.50515
153 -1.65256
82 -6.42926
158 -0.288422
205 -32.4285
187 -39.4116
90 -5.88602
360 115.23
15 -11.4501
183 -17.4716
156 -0.639511
20 -9.31315
89 -2.82894
39 -8.86757
164 -0.415939
102 -5.12319
106 -5.02004
74 -3.21507
147 -1.35178
317 47.1457
205 -41.7535
41 -4.72601
241 9.49471
131 -4.43516
117 -4.12233
264 3.32028
237 10.8851
190 0.451553
126 -4.32429
224 5.25543
311 144.971
369 87.0728
131 -1.88251
103 -5.16093
202 0.866898
58 -7.27833
256 5.02948
187 -2.80876
190 -3.76228
60 -3.70609
294 16.7752
104 -4.71667
232 -40.412
90 -5.88599
108 -4.40973
170 -18.7119
183 -2.62743
104 -5.03107
209 2.37093
170 -18.7121
25 -10.0552
93 -6.32126
8 -13.5964
107 -2.6638
137 -2.24802
211 -34.2616
186 -1.20515
40 -4.78381
214 3.64221
77 -3.17352
82 -5.96965
369 91.7273
205 -41.7112
299 157.096
250 -17.0147
134 -3.69525
181 6.77924
374 86.2241
196 -0.189255
7 -11.2807
129 -3.37101
70 -6.13702
58 -7.28046
245 11.9835
249 9.51862
192 0.524185
105 -5.02746
224 -0.792908
34 -13.7532
170 -4.36383
116 -3.63052
360 98.4479
130 -4.30936
270 14.8908
240 12.6913
108 -5.08677
181 -25.0846
186 -1.84746
109 -5.15094
258 14.9839
42 -8.79478
305 154.279
50 -4.49483
116 -4.10502
221 3.32285
103 -4.24718
218 -15.5098
54 -4.78851
241 -19.4725
194 -4.90132
84 -2.79862
224 5.49965
250 12.1976
200 4.69292
244 6.8084
131 -4.68024
54 -4.82859
214 -38.9784
305 157.8
207 2.6758
51 -4.49521
27 -16.0718
305 154.267
155 -0.64975
202 1.53967
170 3.95853
79 -6.79401
221 1.82159
307 152.867
223 4.3773
194 -1.22348
138 -4.80954
225 -1.06685
207 2.48051
186 -1.77997
240 7.32376
193 -21.28
116 -2.05875
187 -12.0301
58 -7.27995
146 -1.70944
271 13.1617
53 -4.22749
116 -4.0736
192 3.03859
145 -1.3757
228 5.31952
181 -26.5246
184 -1.2377
52 -4.20351
253 7.29886
251 10.7728
168 -0.572281
187 -11.4201
144 -1.64722
10 -9.06388
121 -4.21629
187 -1.47974
171 -18.4171
52 -7.96822
105 -4.59598
205 -41.7448
173 -0.719635
351 -7.30652
12 -11.4963
156 -0.640213
200 -44.7284
199 -11.0841
207 2.57803
119 -3.34982
216 -21.6261
227 -10.8087
192 -0.176102
304 -3.69711
238 -24.4356
109 -7.38423
188 -12.1029
4 -13.7427
193 -25.8047
45 -7.83084
218 -15.3066
262 14.0081
239 12.1194
41 -8.88568
222 -44.9352
311 145.521
155 -20.243
213 0.861252
174 9.03333
158 -0.620575
200 0.266815
191 0.229416
226 -28.2106
183 -18.604
125 -2.67834
301 160.019
245 9.04163
107 -5.35828
204 4.89479
367 90.8174
134 -4.63049
73 -3.37424
106 -4.39414
164 -2.39258
221 8.34344
142 -2.64963
100 -5.40376
188 -0.656174
211 0.57637
68 -3.97078
205 -29.7759
189 0.204102
185 -11.8587
34 -4.39925
50 -4.91672
242 7.79715
196 -0.189301
90 -84.9489
235 -27.4964
211 3.33829
243 2.1235
145 -1.43687
29 -16.2077
187 -39.412
137 -4.15767
111 -3.79787
120 -4.13754
69 -3.66476
374 82.3013
5 -27.9568
92 -6.37406
120 -3.18737
229 -36.8825
190 -1.14209
120 -4.13758
90 -1.9068
43 -4.75359
24 -9.17555
225 -0.899124
166 -0.755722
152 -0.419632
118 -5.21604
43 -4.52332
223 -5.68857
23 -19.2765
37 -4.72462
92 -6.32392
228 5.31947
245 11.3006
305 151.348
125 -4.20422
98 -9.32794
4 -13.7234
248 -16.8307
212 3.54308
301 19.0739
202 -40.349
84 -1.79365
371 89.6216
158 -3.75977
221 4.67975
234 11.1488
36 -4.48055
165 -0.368637
6 -14.036
89 -3.50564
191 -21.2217
79 -8.12613
15 -11.4505
232 -40.415
259 12.4474
79 -6.79408
158 -0.288666
227 -10.7973
228 8.19576
111 -1.41267
335 -6.03342
93 -4.09328
311 146.697
205 -41.7253
18 -13.3284
34 -13.7724
148 -3.9191
230 9.85191
250 11.2668
220 4.9184
205 -41.683
158 -0.484772
115 -6.47266
194 -0.578979
134 -2.61833
95 -5.95145
134 -2.6189
207 -40.6137
363 94.7669
7 -11.264
353 14.0724
78 -12.4183
12 -12.3541
103 -5.31883
341 -10.3941
272 5.98712
184 -21.7612
184 -1.89133
201 -36.0556
249 -12.7309
252 3.22491
11 -10.5784
216 -10.1861
187 -1.47919
155 -20.2431
243 -31.8765
61 -8.22655
129 -1.75851
227 -10.8089
286 17.0943
187 0.7314
240 -8.29819
297 160.464
68 -4.82317
250 -22.3905
45 -4.77254
129 -1.75844
246 11.0154
34 -13.7559
360 98.4298
168 -1.40657
158 -1.19455
220 -28.7583
58 -7.27955
216 -42.7775
85 -2.89239
247 -22.719
33 -14.6507
292 32.7354
152 -2.82286
301 19.0774
168 -0.840591
90 -5.88662
28 -9.02452
280 24.0739
207 1.99875
217 7.83237
220 4.62546
79 -8.11058
178 -0.258179
254 5.91229
186 -2.15428
210 5.08542
91 -6.6949
93 -4.11172
227 -10.8132
134 -3.72797
89 -5.69513
59 -7.70186
172 -0.381271
190 -26.5889
103 -5.5854
228 5.36076
174 -40.1715
204 4.74619
201 -0.192474
308 -8.42453
200 1.02998
337 -6.4519
272 12.2161
257 4.45514
241 -31.118
226 5.39824
186 -1.81483
181 -2.63284
230 6.85577
10 -9.54847
171 -18.4165
112 -2.45313
207 1.47437
201 4.70949
372 84.3031
284 16.8965
96 -6.24191
34 -4.39883
143 -3.70119
217 -9.70947
143 -1.52109
143 -1.69362
95 -6.0977
361 -32.994
186 -19.0497
211 1.45529
47 -4.60186
167 -0.604645
135 -6.64514
168 -1.26236
187 0.732224
354 17.7566
162 -0.0911713
253 8.55194
72 -6.69528
181 -1.87155
43 -4.51945
104 -4.71721
142 -5.02426
227 -29.0489
161 -3.27271
195 -0.583923
251 -21.8579
223 4.16304
233 -25.6479
205 -18.0775
103 -2.76756
365 91.5581
248 65.3839
252 8.53827
80 -3.22736
192 -1.98622
30 -4.92105
209 6.86256
81 -6.66274
221 5.26694
190 0.451523
337 -5.50372
42 -5.0282
283 32.5362
80 -12.2627
84 -2.79988
253 -2.3645
129 -1.75861
42 -4.8942
12 -10.5829
230 9.85291
254 7.69965
96 -2.76974
61 -4.1592
105 -2.57707
252 12.405
15 -11.45
138 -1.31064
45 -19.7002
83 -2.23889
36 -9.03746
170 -18.7104
263 13.5951
245 11.302
141 -2.30431
47 -4.59327
128 -0.872215
207 4.27187
201 -12.495
256 -11.6789
53 -3.96572
122 -4.27271
206 4.75116
90 -2.76364
198 1.15913
201 -5.05693
330 -8.00903
305 151.472
197 0.291245
58 -7.27719
212 3.54546
287 31.4266
256 10.4322
250 12.198
26 -19.6206
178 -25.7828
146 -3.94441
191 0.369217
76 -2.16899
316 19.7572
218 5.25409
201 -12.509
360 98.6879
304 -3.68054
204 -0.964249
212 1.18159
57 -4.89739
93 -4.09383
110 -5.17182
90 -5.88662
160 -3.72461
29 -15.964
100 -4.0886
215 7.2291
84 -2.79846
180 -3.91959
213 4.96671
174 -0.286499
197 -32.9654
265 15.0609
270 6.03613
312 89.8488
358 103.384
236 -1.30061
233 10.6465
260 9.18903
163 -0.320435
179 -2.66844
225 6.25388
316 19.756
149 -4.24344
217 -5.94331
62 -12.8845
206 -0.665955
125 -4.20397
212 0.970963
176 -0.24971
247 11.0497
214 0.469955
192 -1.70486
93 -5.45865
242 8.53799
207 1.44724
192 3.02859
368 90.1707
179 0.0783997
72 -4.06837
123 -4.24331
218 -38.5668
169 -35.0154
70 -3.80905
238 -24.3987
364 97.0257
188 -1.03815
258 12.5133
208 -30.4934
8 -31.1111
66 -7.1988
260 12.1826
225 5.37866
88 -10.7128
135 -3.17493
250 10.5633
29 -7.61162
283 12.2587
142 -1.79268
40 -5.23554
190 -12.5798
125 -2.02949
89 -5.49137
169 -0.590424
341 -4.64832
201 -5.05357
200 0.264008
207 -40.4636
311 90.1554
182 -20.1357
374 118.937
107 -24.6615
343 -29.5052
36 -12.7049
306 155.557
141 -3.32265
79 -8.12552
96 -5.9555
255 12.6265
171 -18.4168
186 -2.17403
254 12.75
328 -8.40167
122 -2.12395
190 -0.328445
153 -3.8036
246 1.70836
271 13.1612
132 -4.64221
197 -0.271667
177 -0.301987
