417 6.62643
417 6.6264
354 6.20474
417 6.62747
428 6.62769
465 8.03445
417 6.62634
440 6.86362
463 7.51501
393 6.70459
393 6.70499
424 7.73038
428 6.61816
331 7.03131
316 5.71951
321 5.80408
463 7.51822
326 5.65146
179 8.60104
326 5.64914
342 6.56128
463 7.51541
428 6.62057
302 6.99652
832 -3.21985
447 8.15628
197 8.24533
447 8.18414
466 7.87549
701 11.4848
300 5.22171
321 6.46042
342 6.62332
578 8.16437
463 7.51785
142 8.44815
331 7.03253
357 8.1922
326 5.65054
195 8.31992
399 6.13217
754 12.1965
176 3.782
770 12.6868
274 7.46127
193 8.23515
425 8.44391
406 6.63538
770 12.6432
440 6.86383
148 3.37741
160 8.7944
194 8.22337
321 6.47092
367 -1.85034
460 7.68872
425 8.44626
407 7.46246
425 8.44577
342 6.48837
189 3.55406
440 6.86371
134 9.26801
417 6.62631
439 6.85706
342 6.61319
542 7.97656
221 6.88719
331 7.03165
400 5.73083
331 7.03226
271 -0.631561
406 6.6351
425 7.479
463 7.51685
312 5.22278
855 15.8867
542 7.97827
463 7.51801
272 9.00131
300 5.22308
342 6.61685
174 3.64264
197 8.21889
353 -1.70468
417 6.62646
60 -2.90487
377 4.83118
197 8.38397
372 7.31934
240 2.83199
542 7.97662
425 7.47745
212 8.13951
371 7.2912
770 12.6431
66 2.09019
197 8.38402
261 8.52533
342 6.48969
375 7.15237
174 3.6429
195 8.12225
101 5.00213
817 -2.78516
1055 23.7903
425 7.47879
427 7.96588
453 8.19766
240 2.8322
455 8.18903
119 1.97397
300 5.216
134 6.13881
239 2.91678
388 5.84088
333 -1.14587
377 6.62646
129 4.36981
129 4.6105
417 6.62683
427 6.62177
189 3.55302
223 6.93143
311 7.35611
300 5.21716
114 5.92511
424 7.72867
144 5.62502
224 6.83165
158 2.78969
290 5.26276
174 3.64262
300 5.38776
295 -1.42969
826 -2.7063
367 5.58414
300 5.21536
371 7.28928
44 1.18393
176 3.78207
342 6.41165
261 8.52783
387 6.21295
375 7.15268
176 2.62543
76 1.6151
111 8.41332
142 8.44806
425 7.4787
440 6.86349
146 4.054
355 8.30115
145 9.64447
401 6.32187
374 7.26041
160 8.79442
425 7.6572
261 8.52805
174 3.64609
240 2.83174
801 -1.65192
194 8.22537
111 6.14992
111 6.15199
114 5.92285
1079 22.5476
261 8.52853
197 8.38345
355 7.47229
197 8.09007
217 8.77443
267 -0.927002
176 3.7917
154 3.22098
397 6.23007
151 2.96855
195 7.33855
449 8.16583
330 8.28064
158 2.84813
139 6.67775
221 10.7062
775 12.791
682 10.8112
440 6.8584
129 4.59297
225 9.95277
442 8.02155
261 8.52942
342 6.65289
154 3.22078
346 6.59567
195 8.31989
119 1.97369
114 5.92844
224 6.83185
461 7.64865
340 6.47922
449 8.15765
331 5.92621
427 6.62149
341 6.53094
293 -0.721588
445 8.14499
578 8.16437
261 8.52875
353 8.57153
1089 22.7812
200 4.71474
408 7.44958
409 7.60205
388 8.21323
199 3.16431
48 -2.78207
261 8.52969
371 7.28699
326 5.65002
135 4.23892
228 9.28772
332 5.85141
321 6.45993
427 7.96533
360 8.29062
228 7.77892
197 8.23163
438 8.02036
225 8.94395
425 7.65753
300 5.215
197 8.38339
178 8.58485
342 6.65405
187 8.20189
425 7.47876
449 8.19409
194 8.22395
224 6.83214
185 4.11024
300 5.21698
300 7.76871
174 3.41849
372 7.30612
344 6.49191
94 3.05966
162 3.03973
337 6.24966
169 2.81502
114 5.92493
438 8.02039
168 8.45219
280 8.81488
142 8.44826
342 6.61481
427 7.96674
197 8.23643
339 7.09512
317 7.8858
197 8.24899
216 5.98524
300 5.21671
257 9.25073
355 6.20813
320 8.75134
205 3.90605
174 3.6427
184 8.06654
355 8.29877
197 8.23219
162 3.0397
189 3.55319
232 7.62364
194 8.22441
146 8.71524
198 8.16336
56 2.76019
446 8.16434
104 7.54329
186 4.01926
137 8.86143
858 15.9802
1055 23.7911
167 2.71532
119 8.91586
250 8.33098
176 3.78993
225 6.82269
114 5.92252
11 -3.42193
393 7.58237
321 6.46045
197 6.10504
438 7.42447
300 5.21704
440 7.50351
355 6.20813
407 7.46039
1002 19.7253
271 -0.631256
375 7.15341
261 8.52936
773 12.8031
177 8.44299
375 7.15375
145 3.32585
466 7.87546
55 1.32206
49 2.31448
238 7.92256
206 7.78099
366 6.74619
383 7.72339
129 6.05167
232 7.62212
770 12.6866
424 7.72858
194 8.22501
391 -1.70743
381 7.48624
425 7.87
691 11.1783
355 6.20831
158 8.34409
347 6.46176
232 7.63297
321 6.45978
194 8.22366
351 6.86014
189 4.04504
1055 23.7909
250 8.33795
154 3.22086
202 5.14229
404 6.99368
194 8.22511
1079 22.2303
424 8.4407
197 8.38344
69 -3.18199
71 3.7923
280 8.81668
195 8.31921
46 1.24065
304 8.50623
356 8.5451
774 -3.93481
790 13.3615
204 2.51967
1099 23.3822
428 6.58945
775 12.7909
774 -3.935
770 12.6412
214 5.49092
375 7.17255
228 9.28645
171 8.10684
442 8.21756
162 9.24675
342 6.65457
159 8.48062
1120 27.5107
162 3.00063
162 3.03966
253 8.24718
146 3.31122
186 4.02553
454 8.20679
341 6.53162
394 7.49301
228 9.28673
174 3.64012
829 -0.0133057
126 8.93538
244 9.26736
114 5.92294
425 7.81686
76 1.62151
119 1.97427
408 6.85764
178 8.48474
19 2.0616
320 8.76004
790 13.3671
388 -0.990479
111 8.41411
300 5.21585
165 8.51535
72 -1.55919
322 -1.74472
213 8.09419
175 3.55804
238 7.92569
330 6.95062
246 8.0273
235 8.40099
224 6.83186
176 3.78766
125 5.97586
221 10.7095
176 3.78136
195 8.11725
196 7.02362
814 -1.94336
405 6.9306
324 5.83395
162 3.03976
437 7.41885
111 8.41367
61 -2.44696
142 8.44817
773 -3.14545
754 0.36322
134 6.1391
406 6.92804
284 8.88025
790 13.357
253 8.42676
323 7.4241
375 7.17169
134 6.13908
813 -2.98077
164 8.88574
408 7.60446
112 2.51975
698 13.0057
1099 23.3916
1055 23.7913
196 5.83945
265 8.46985
94 3.03011
294 -0.725372
34 1.24127
419 6.95538
100 7.5458
178 8.57779
42 9.44349
427 7.96573
335 6.41873
774 -3.93494
284 8.88916
7 8.86594
225 8.92679
335 8.51071
120 8.38867
221 10.7115
264 8.53989
329 6.59854
61 -2.44165
132 6.5685
355 8.2995
216 7.62132
754 12.1962
773 12.8093
377 7.64136
111 6.17401
209 8.66379
405 6.92856
132 5.9951
157 3.46736
299 8.98828
355 6.20813
197 8.38345
154 3.22304
161 4.71106
60 -2.90482
357 8.13007
104 5.11494
226 7.64966
194 8.22574
44 1.92435
282 8.89697
132 4.06586
64 1.1432
404 6.98129
128 4.3168
174 8.09088
464 7.52997
87 5.75259
179 8.47061
261 8.52762
245 8.96391
134 3.6622
265 8.4581
12 -3.31782
169 2.6427
233 9.34265
396 6.92453
425 7.65714
99 7.22601
175 3.42047
178 3.51677
331 6.44336
129 4.59381
195 7.33803
111 8.41393
313 -1.01764
160 8.79362
119 5.72787
439 8.02231
317 7.88544
311 -1.24231
195 8.3199
176 3.38393
774 -3.93488
206 7.86661
174 3.64291
104 7.54523
139 9.49899
56 2.76043
114 5.92545
238 8.02554
773 -3.14496
424 7.72339
417 6.62659
70 5.93387
388 -1.00308
355 6.20816
204 2.54787
103 5.31039
377 4.83179
754 0.362976
433 6.96417
48 -2.78239
194 8.22552
189 7.95468
280 8.81497
189 3.55464
212 8.03326
100 7.57449
266 0.0389709
306 -1.10992
395 0.533997
94 8.92516
776 12.5662
792 13.4315
387 7.7493
206 8.36131
542 7.97833
371 7.29153
88 6.05782
425 8.44357
377 6.6254
162 3.04008
377 6.62595
201 5.20294
194 8.22568
209 8.5318
398 6.82401
186 3.58633
372 7.2981
433 6.96414
185 8.37099
228 9.28729
466 7.87546
200 5.94521
184 8.06758
407 7.15256
174 3.64621
197 8.23154
788 13.1526
424 8.4754
321 6.46045
385 8.01331
408 7.44763
341 6.5311
141 3.34851
162 8.90761
168 2.45927
271 -0.630981
194 8.22382
250 8.47186
208 7.33296
174 3.64244
119 1.9737
158 2.84961
265 8.72937
99 9.29704
225 8.9268
75 -1.9501
17 2.37245
174 8.39935
766 12.5411
451 6.61057
198 6.00154
114 2.44992
98 9.276
91 8.76068
61 -2.44577
390 5.23724
1104 23.8123
253 8.43483
77 5.12505
248 8.12263
358 6.21021
407 7.15305
405 6.983
284 8.88419
164 8.88203
367 5.57925
164 8.88631
103 7.55511
119 1.97388
194 8.22588
48 -2.7802
324 5.67419
355 8.30084
460 7.68808
168 8.83817
259 6.47772
179 8.20723
1055 23.791
383 7.64633
242 8.81671
371 7.28879
179 8.58499
810 -1.65497
406 6.92819
164 8.86655
134 6.13914
315 8.4437
788 13.1279
1119 24.4685
165 8.86174
355 8.29865
176 3.78613
294 -0.725922
355 -1.63739
189 7.93266
228 9.28769
175 8.71512
770 12.6433
341 6.53131
121 4.36553
149 9.16335
433 6.96481
237 7.90079
195 7.33894
226 7.59436
1089 22.7812
237 8.09349
966 18.3203
466 7.87552
321 6.47754
406 6.63425
407 7.15286
162 2.985
784 13.0328
1055 23.7909
160 8.79451
329 8.56506
184 8.06766
155 8.42169
184 8.06676
19 1.68716
245 9.07945
313 -1.17065
404 6.98053
291 8.96979
236 8.24327
287 -0.759399
280 8.82828
1087 22.9922
1194 34.9623
792 13.4264
425 7.48114
284 8.87421
1055 23.7911
354 6.7959
343 6.66376
111 6.17076
238 7.45934
331 7.03244
190 8.18449
384 8.01105
100 9.20214
162 3.00052
146 9.19081
178 8.58205
114 5.92274
47 -2.51226
814 -1.94263
48 -2.78193
159 8.48061
255 8.50006
315 8.76053
301 8.52258
141 3.4532
347 6.62015
195 7.32747
795 -1.9071
788 13.0928
136 8.19203
68 -1.34557
221 10.7122
433 6.9639
228 9.28732
819 -1.53595
384 6.80954
375 7.15439
244 9.03951
111 6.17362
17 -1.12579
99 9.2971
160 8.79514
114 5.92272
182 8.40933
69 -3.18212
395 5.5195
51 1.31606
154 3.22333
341 6.53098
333 -1.14587
408 7.44958
176 3.38379
440 6.86353
221 10.7112
773 12.8099
104 5.95031
102 5.84737
424 8.44049
189 3.54678
194 8.22575
67 0.807205
157 8.45917
212 8.03281
321 7.19275
7 8.86616
1146 25.1464
127 4.44017
397 6.78873
341 5.65173
1036 21.3807
1089 22.7814
226 8.3271
236 9.29439
152 8.57693
141 7.69035
741 -0.500977
72 7.23139
127 5.99988
438 8.01685
165 3.40079
408 7.44925
225 8.9268
236 8.14308
240 8.29723
438 8.02032
139 6.53261
313 -1.02695
578 8.16803
451 6.61072
162 3.03992
265 8.47549
387 6.78058
159 8.47859
339 6.42633
826 -2.70618
226 8.44324
321 6.45981
371 7.33685
136 9.06042
276 8.72726
134 6.13896
791 13.4884
146 3.31355
140 4.72818
100 7.57391
114 8.73497
12 -3.32051
770 12.6871
7 8.86586
180 8.81358
149 3.51265
48 -2.78259
81 9.02277
159 8.48991
776 12.5661
425 7.65759
578 8.16461
69 -3.1819
359 8.0202
99 9.29762
795 13.4476
78 6.35153
41 9.6315
60 -3.44041
221 10.7124
103 7.55511
377 4.83212
212 8.03654
154 3.4917
770 12.6866
839 -1.53833
50 1.93086
164 8.88275
286 7.18588
333 -1.14584
377 7.2081
218 7.25723
142 8.44809
814 -2.72278
813 -2.40594
141 8.08298
212 8.03362
261 8.52829
94 3.04247
48 -2.78045
792 13.43
131 3.22064
392 6.93478
315 8.43756
188 8.01375
1079 22.5475
98 7.32545
272 5.97891
92 9.30602
227 7.85275
197 6.11365
826 -2.70636
330 8.57516
313 8.41068
317 7.88937
236 8.12726
773 12.8095
466 7.87546
111 6.17392
195 7.33788
321 6.461
181 3.53056
43 1.3306
122 8.9597
159 8.55972
77 8.7411
162 3.00066
424 8.47369
253 8.43327
1036 21.3792
324 8.65179
195 8.11765
54 1.33311
200 5.93185
422 6.98627
164 8.86569
182 8.25992
773 -3.14484
444 8.17584
163 8.33694
60 -2.90472
391 -1.70657
167 8.5932
228 9.28786
433 6.96457
395 8.1911
324 5.71158
278 8.70963
1173 26.3104
111 8.41359
60 -2.90475
185 4.01663
146 8.9968
100 7.10758
178 8.58192
175 8.17572
69 -3.18253
267 9.08118
125 4.42494
188 8.01575
314 7.64511
237 8.1088
343 6.68945
65 5.50095
299 9.94592
49 2.31369
343 7.61987
56 2.72166
141 4.15417
284 8.95764
402 6.79263
49 2.31502
581 9.31384
129 4.58913
197 8.38416
384 -1.67493
1123 24.5376
272 8.36295
463 8.16736
228 9.28773
189 8.25456
212 8.03258
54 1.33327
814 -2.78772
408 6.85379
354 8.54813
812 -2.68353
129 4.57965
112 6.13802
136 6.23535
1055 23.7913
384 7.71838
211 9.12581
306 8.5813
56 2.76222
391 8.34833
181 8.56021
195 8.31998
802 13.7919
94 3.21967
271 -0.625732
119 1.97312
464 7.53125
127 5.86487
125 4.45776
122 8.95949
294 2.50613
99 9.27592
408 7.44687
331 7.0314
160 8.79387
163 3.80769
155 3.23048
95 3.35432
306 8.53467
280 8.82828
224 8.3727
404 6.98035
181 3.79164
95 3.35743
121 4.65177
225 8.41695
111 8.41412
316 7.76334
72 -2.53656
178 8.58316
1122 24.5531
454 8.17435
770 12.6822
146 3.30592
355 8.3013
271 -0.631012
279 8.7403
91 9.31087
367 5.59366
315 8.4624
52 1.32407
151 9.31979
250 8.33076
315 8.44489
331 7.03268
388 7.78799
355 8.30148
254 8.33408
274 8.8667
92 8.36506
237 7.94966
332 8.52322
1163 26.6409
17 -1.12457
61 3.21957
206 8.30334
114 4.63519
237 8.92207
213 9.08504
159 8.48059
253 8.41972
153 3.31538
263 8.85922
173 8.10135
424 8.47528
754 12.1973
160 8.79478
225 9.22781
261 5.10767
212 7.98334
145 3.34288
216 8.86169
129 4.58571
60 2.7966
20 2.00207
968 18.6065
46 1.82027
259 3.83554
1099 24.881
60 -2.90466
48 -2.78226
1087 23.0464
274 8.89987
119 2.83449
172 8.69853
286 8.60809
265 8.59799
142 8.4481
802 13.6817
194 8.22549
104 9.45384
419 7.01349
770 12.6872
787 13.0902
128 4.53816
69 3.35675
797 0.29541
1079 22.5476
113 4.62409
465 7.42325
223 7.59825
232 8.54115
94 3.08142
351 8.47235
184 8.09505
377 6.80475
188 3.82454
354 7.17819
399 6.85422
408 6.18604
162 3.03973
922 18.2333
198 6.20844
261 8.52991
191 8.17929
149 3.78369
352 7.07672
227 8.18246
412 6.67276
391 7.75424
179 8.71091
487 7.68652
377 6.62622
228 7.72374
346 5.96127
237 8.70879
394 7.89398
225 8.92676
337 5.91589
122 4.47153
922 18.2329
1036 21.3792
438 8.02036
157 7.72662
367 5.58713
16 2.37615
69 -3.1819
1089 22.7814
209 8.29668
405 6.93002
114 5.92449
159 8.49129
176 3.78734
17 -1.12481
113 4.40462
100 7.57854
339 8.84354
815 -2.70343
60 -2.90478
100 4.96411
754 12.1971
266 -0.835388
114 5.92442
237 8.11729
103 7.54679
195 8.11783
361 7.18622
265 8.46921
61 -2.53251
315 8.43665
1087 23.0557
382 6.78973
55 -2.7497
53 1.26461
211 8.60081
162 3.03964
212 8.55582
320 8.77469
111 6.17472
377 4.83115
440 7.58673
371 7.32797
350 6.48715
775 -3.27112
687 10.9086
176 3.78586
400 7.80029
1088 22.7758
173 8.43404
66 1.86658
56 2.76126
227 8.06903
136 9.30003
44 -3.13713
288 8.52985
85 4.63245
355 8.29855
174 3.64299
194 3.75703
440 7.45847
315 8.44507
188 8.01595
228 9.28784
76 -2.68467
212 8.0363
253 8.43172
56 2.75777
228 9.28688
164 8.88271
174 3.64291
178 8.53319
820 14.2996
433 6.9639
71 4.04155
236 8.14268
408 7.44788
164 8.88208
18 2.25595
142 8.44809
427 6.93024
126 8.99798
266 -0.841492
385 7.57809
451 6.61047
250 8.35939
186 8.284
194 8.13359
185 3.98465
802 13.7828
92 6.42965
347 8.56726
248 8.12285
114 5.92502
216 7.74501
263 8.85779
330 5.95941
249 8.36969
306 8.67154
396 8.01035
250 8.34479
293 -0.721558
784 12.9344
69 -3.18241
397 6.87521
343 6.68896
194 8.22575
802 13.7977
204 8.14001
54 1.33263
195 8.3201
160 8.79456
239 7.88004
389 7.64249
184 8.06674
1176 25.7098
60 -2.90488
770 12.6868
447 8.19574
251 8.40051
212 8.03586
1036 21.3792
199 3.55148
225 8.92685
326 6.84262
814 -1.94263
158 8.58202
425 7.47656
94 3.07756
32 9.58923
759 12.3531
116 2.80706
44 -3.1382
100 7.51016
135 6.52658
206 8.16824
802 13.7922
125 4.47404
173 9.12764
195 8.11769
787 12.3984
100 7.54366
425 7.65775
6 3.80141
118 2.82716
248 8.1227
235 7.6004
271 -0.626251
235 8.19789
267 9.06549
245 9.26993
410 6.58682
317 7.88928
305 8.82468
1055 23.7898
273 8.89465
212 8.03609
228 9.28764
812 0.935791
177 8.62622
146 3.30556
215 6.69385
1123 24.5376
180 4.1479
404 6.98035
163 3.84515
184 8.09506
773 12.8092
1197 35.2449
253 8.40892
402 6.57648
212 8.58441
94 3.25773
272 8.94156
31 1.88007
93 5.91355
392 6.67465
369 7.16467
174 8.44119
433 6.96307
245 9.13774
368 -1.85101
122 8.95973
715 14.1577
227 8.93327
150 8.50468
66 4.18006
243 7.98122
159 2.87903
426 7.83987
134 8.81731
330 5.16504
70 5.93415
315 8.44516
110 9.31009
250 8.34634
189 7.90013
208 8.71745
164 8.88281
196 5.90561
387 7.51385
54 1.31416
188 8.01302
165 3.27141
1146 25.1464
438 8.02042
105 9.40608
990 19.9927
339 8.85431
435 7.33661
327 5.4852
195 8.31912
1197 35.2404
97 6.64117
577 8.37061
236 8.12616
922 18.2329
206 7.85687
282 8.58054
219 13.0289
248 8.12292
770 12.6873
1088 22.7765
161 9.15952
71 -1.67073
197 7.95958
355 8.30142
579 8.46454
159 8.48965
117 4.61536
164 8.88293
318 7.39349
341 6.53152
791 13.4078
251 8.21362
341 6.53104
222 8.40761
68 -1.3468
240 8.37433
17 -1.11174
417 6.82779
195 4.38123
355 8.2984
26 9.55338
132 3.42577
237 8.10036
127 8.95929
252 8.45564
22 1.20499
367 -1.84985
121 9.01045
144 3.90742
217 8.75386
230 8.08824
802 13.7998
122 6.02402
240 2.28922
151 9.31984
280 8.46866
249 8.5686
286 8.62286
66 4.17912
254 7.31973
257 6.78912
118 4.36514
280 8.82809
196 5.86301
68 -1.44215
164 8.88203
122 3.065
259 8.78339
1002 19.7251
253 8.41071
832 -3.21942
217 8.82852
237 8.08305
699 2.56348
188 8.01436
189 3.55412
191 8.19463
344 -1.21326
232 7.63861
392 7.10858
60 -2.90474
293 -0.721069
188 7.98434
154 3.22308
341 6.53174
271 -0.626465
160 8.7946
315 8.44296
402 6.80353
103 9.37956
203 8.22002
355 8.40268
345 8.59506
56 2.7501
355 8.29843
789 11.4205
193 8.28426
966 18.294
361 6.72079
60 -2.90467
309 8.67783
81 8.97698
230 8.19826
249 8.40071
265 8.46497
451 6.60928
377 7.42633
250 8.32425
159 8.49042
795 -1.90967
253 8.42688
212 8.03642
344 8.57001
138 3.50647
10 5.18966
353 -1.5741
302 8.43964
219 8.81763
81 8.9754
237 8.11003
279 8.67844
24 3.27395
1089 22.7814
404 6.98041
254 8.24821
224 6.83252
66 1.91241
175 3.42422
183 8.85629
176 3.79008
749 12.1462
129 4.58638
107 2.10142
341 6.53204
408 6.85638
120 4.50792
159 8.47984
842 4.20477
326 5.64908
427 7.96497
451 6.60724
104 5.92402
237 8.10622
159 8.48938
176 3.79144
254 8.36633
394 7.5546
251 8.28824
405 6.92831
17 -1.11469
27 2.17999
433 7.20697
356 7.74881
741 -0.500366
180 8.41623
121 8.8244
146 9.6261
236 8.1263
194 8.2256
342 6.48856
232 8.23502
315 8.44595
360 6.32349
46 -2.82314
311 5.30844
433 7.9826
1055 23.7914
306 8.65198
142 8.44812
197 5.94644
91 5.89584
111 8.41405
448 6.69315
56 2.76014
410 7.05344
164 8.88264
1093 22.8485
212 7.98671
154 3.22324
315 8.44687
266 0.0388184
221 8.01939
301 8.31424
162 3.04002
245 8.2191
228 9.28665
49 2.31386
17 2.29325
183 8.46933
253 8.22156
17 -1.1123
253 8.39888
212 8.13934
114 4.42023
75 6.04812
283 8.41724
122 8.9604
159 8.48973
922 18.2333
58 2.85892
280 8.82812
770 12.6868
104 7.54561
119 8.91577
812 14.0549
180 8.70534
788 13.1368
90 1.14388
263 8.87842
169 3.24512
276 8.72745
425 7.6572
265 8.46832
34 4.99323
173 8.45668
174 3.64281
1144 28.4991
148 9.0397
375 7.17224
1089 22.7812
423 6.97739
232 8.03096
820 14.2996
119 2.698
367 7.47751
265 8.47287
1036 21.3964
137 3.5105
266 8.77554
120 8.38783
75 -1.94966
355 6.20807
126 2.84381
251 8.26443
182 8.45743
44 -3.14691
815 14.2927
355 8.29837
212 7.9837
265 8.45865
98 9.27602
289 8.52866
178 8.51892
277 8.87003
433 6.96448
355 -1.64377
101 5.84214
439 8.42828
164 8.86285
6 2.77395
287 -0.541718
1089 22.7812
162 3.03989
355 8.29837
56 2.7621
439 7.52075
233 8.13918
134 6.13881
438 8.02045
715 14.1576
292 2.60132
197 8.38397
776 12.5662
388 6.66138
341 6.53122
116 5.73867
393 8.01413
129 4.58418
579 8.45648
405 6.9808
810 -2.66772
218 7.77426
1002 19.7241
69 -3.18257
438 8.27106
185 3.96585
33 2.68385
158 2.85023
1055 23.7911
341 6.53171
460 7.68866
202 8.0464
448 6.69312
67 4.14804
427 7.96509
189 3.5526
226 7.86743
56 1.81942
236 8.12532
11 -3.37697
216 7.6077
367 5.58258
1089 22.7814
345 6.40897
76 1.61162
427 7.96518
416 6.86536
237 7.96486
382 7.7117
212 7.98373
237 7.95268
93 6.2773
928 18.3822
754 0.852112
355 6.20828
404 6.98041
228 9.28682
66 4.16134
236 8.1366
1088 22.7761
128 4.59843
17 -1.11287
176 3.91852
1088 23.0989
396 7.15686
19 2.85127
388 5.69397
108 2.7092
773 -3.14514
769 -1.23669
152 3.07199
362 -1.79907
460 7.68884
128 4.60178
699 2.55109
253 8.43224
460 7.68793
803 13.8665
189 7.93964
387 6.77341
689 10.9427
797 13.566
392 5.26599
367 5.58578
237 8.35602
184 8.49722
99 9.29708
85 6.04897
121 4.55983
1094 26.1774
265 8.81259
412 6.93918
68 -1.43854
322 6.60278
773 12.8034
200 8.17137
59 -3.19791
313 -1.0249
804 13.8837
6 2.77085
197 8.09813
49 1.20671
150 3.62256
342 6.5611
328 6.43933
75 -1.94777
392 8.21741
395 7.66498
377 6.62656
1123 24.5376
253 8.39871
322 -1.74298
388 7.76364
294 -0.725464
60 -2.90478
95 6.99746
249 8.40179
286 0.872925
195 7.34628
263 8.84119
126 8.99796
390 7.85983
357 8.19476
205 7.76204
315 8.44458
197 8.2468
50 -2.67621
66 4.16087
261 8.52771
54 2.45369
803 13.8641
189 7.91583
99 9.28851
284 6.72177
1223 31.6578
132 3.75841
99 9.29715
11 -3.42174
9 1.72967
315 8.43912
159 8.4895
294 8.51892
95 5.92912
143 3.91467
393 7.77878
367 5.58414
261 8.52496
195 8.13927
249 8.37378
1196 35.3342
315 8.4454
313 8.72705
409 6.58447
424 8.44073
356 8.52878
17 -1.12541
95 5.84757
245 8.20277
158 3.7919
393 7.63916
254 8.24792
579 8.45416
773 -3.14508
174 3.64243
967 18.6575
9 1.72969
238 7.92581
392 8.24356
1083 25.5428
301 8.3143
177 8.19144
203 8.01324
114 4.42292
94 3.0266
285 8.69666
901 17.2079
395 6.68649
225 8.96129
66 4.17619
194 8.22562
9 8.89135
88 8.6659
94 3.0778
578 8.16449
276 8.70651
60 -2.90484
401 6.27231
465 4.53381
393 7.95551
245 9.26985
377 6.62576
135 9.33325
361 8.42719
367 -1.85049
1073 22.7155
75 -1.95059
992 20.0226
88 6.15767
442 8.12729
1125 24.7155
146 3.31259
409 6.81436
1195 34.942
402 6.95743
266 8.66714
75 -1.94859
815 14.2928
128 4.59009
194 8.22543
92 9.14216
359 6.45816
424 7.90057
301 8.31439
463 7.51801
130 3.07841
61 3.06613
127 9.00497
46 1.76496
1079 22.5476
142 3.43562
56 1.22722
175 8.16351
160 3.9277
791 13.483
408 6.8533
49 2.31289
224 7.92984
76 -2.68462
404 6.98053
901 17.2081
1238 30.7168
248 8.12271
306 8.66891
246 8.20885
313 -1.01819
379 7.461
162 8.47522
433 6.96481
319 8.77621
424 8.47321
45 1.1685
65 5.58878
154 8.73351
991 19.6415
460 7.68771
146 3.32436
239 8.75835
92 8.36366
404 6.98044
178 8.14986
266 0.0402222
385 6.79855
391 -1.71698
922 18.233
157 3.69322
331 7.03137
113 4.48637
371 7.29129
265 8.46347
94 3.21975
339 8.84335
1093 25.9191
265 8.46362
87 6.45887
114 5.92553
266 -0.84137
190 8.02518
970 18.366
74 4.66292
197 6.01456
315 8.43198
751 12.0953
355 6.20837
280 8.82809
64 1.89017
258 7.90497
174 3.64447
306 8.56461
250 8.16089
253 8.43137
301 8.31482
185 3.97598
813 -2.9527
146 3.30547
263 8.86203
265 8.4736
252 8.44713
1119 24.4672
755 12.231
498 7.50919
120 8.38845
200 5.93947
138 4.61414
288 8.18436
88 8.72241
375 7.17218
1044 22.6829
425 7.47293
100 -2.07655
232 7.30429
199 7.95731
173 8.451
275 8.82059
208 8.43889
117 2.65621
808 11.7626
422 7.77689
236 8.13342
61 -2.44552
249 8.14911
270 8.81747
256 8.47571
212 8.43872
341 6.53033
98 5.85692
217 8.83615
393 7.94641
274 7.46176
331 -1.58023
148 6.15501
217 7.79099
451 6.61035
821 14.4233
355 6.38589
251 8.31979
5 -1.74098
195 7.27304
810 -2.59363
408 6.85123
289 -0.777893
115 2.59279
119 1.97388
217 8.78151
1123 24.1189
791 13.4072
270 -0.949951
1239 29.0935
229 8.68564
287 8.98465
176 3.79114
784 12.9627
25 3.40866
66 4.15932
225 8.09886
305 8.6153
351 6.86853
163 9.21339
1147 26.7935
281 8.81149
1056 21.5061
148 5.50333
80 4.33269
131 8.76825
65 7.5929
159 8.49091
385 7.4343
436 7.28598
463 8.16718
1088 23.0986
1086 23.0458
79 4.74933
95 3.40636
178 3.57634
195 8.31989
222 7.71619
189 7.95871
342 6.65414
428 8.46759
226 7.78589
513 7.77057
176 3.79239
121 -4.83583
240 7.78058
361 8.44452
375 7.17184
356 7.75638
239 9.36417
396 7.23459
319 8.78082
390 7.8602
188 7.97534
968 18.6071
174 3.64279
307 8.4968
17 -1.12493
247 8.06714
110 9.19653
426 7.03183
130 3.16754
129 8.82381
102 5.84315
801 13.7031
44 -3.13718
339 8.84219
247 8.09846
11 -3.41894
17 -1.12642
194 8.22516
216 7.70436
448 6.69296
517 8.08875
1147 26.8909
48 -2.70396
225 8.92685
242 8.46915
404 6.83978
44 2.22635
233 8.08798
1073 22.6749
450 7.69659
248 8.2912
128 2.93217
238 7.92284
363 6.34686
342 6.65427
236 8.23325
811 -1.73126
393 6.84299
158 3.23816
240 7.80579
307 8.59833
425 7.47937
401 6.83463
196 3.46605
463 7.51807
1119 24.4674
122 8.95973
328 7.80466
306 -1.11005
159 8.47946
154 3.17593
389 7.77231
189 7.93349
159 8.48103
279 8.4761
126 8.99754
901 17.2051
371 7.29138
253 8.43243
287 8.55545
252 9.37114
137 6.34448
225 8.92686
1198 33.431
315 8.43167
387 7.68671
92 8.3648
46 1.81943
436 7.28799
10 5.19028
1047 23.3324
1089 22.7814
134 4.30406
146 3.30611
393 8.02325
392 7.72275
7 8.86606
759 12.3354
1060 24.4526
188 8.01666
287 8.91214
1224 52.0187
93 1.79891
76 1.61626
408 6.85818
226 8.26495
354 7.73459
317 8.67438
1080 25.3136
112 9.14325
60 -2.905
103 3.38754
414 7.01196
195 7.27798
1134 28.1698
183 8.869
85 6.25708
504 8.60883
144 9.58701
9 8.96162
176 3.78786
121 8.90508
313 -1.01782
87 6.15707
100 7.50557
188 8.01625
487 7.68723
142 8.44826
76 -2.68462
267 8.69904
91 6.45466
239 9.48607
112 9.13533
54 2.02079
134 6.08688
463 7.51566
1087 22.9921
152 3.75417
301 8.314
164 3.575
138 9.31664
430 7.17081
375 7.17618
425 7.4809
244 9.27032
425 7.65753
342 6.66818
391 6.80945
826 -2.70612
148 9.23364
781 -0.156128
400 8.0051
390 7.85989
278 8.7048
302 8.42288
144 3.80702
361 8.40234
393 7.81497
1047 23.3507
9 1.72975
934 18.4277
803 13.8637
41 1.04115
326 8.48456
404 6.98138
67 4.23784
691 11.1249
192 6.37425
274 7.63519
11 -3.42615
1105 23.9679
222 8.67662
280 8.82809
352 6.17709
195 8.31911
1002 19.7241
441 8.13742
1176 32.1532
76 1.97939
212 8.03317
223 7.85165
160 8.79449
1105 23.9707
1131 28.1589
594 8.56622
271 9.11139
186 8.25037
831 -1.4751
795 -1.90942
271 8.22656
38 1.12865
762 12.5117
773 -3.14514
50 -2.96427
402 7.26114
289 8.75967
142 8.63802
237 8.01828
414 7.43222
1196 35.334
238 7.92453
2 3.71515
248 8.12277
367 5.58395
122 2.74196
60 -2.90494
181 8.36194
134 6.08583
23 1.56767
156 3.71489
816 -1.43524
190 3.34178
361 8.27328
1087 23.0494
397 7.05753
1123 24.5375
438 8.02032
367 -1.85052
60 -2.90506
436 7.28796
76 -2.66451
407 7.15295
195 8.31995
375 7.5455
154 3.22316
134 6.13904
9 1.72926
368 8.3584
405 6.92847
17 -1.06343
775 12.7909
387 7.55197
404 6.98032
1045 22.3749
1157 25.4512
240 2.83263
44 -3.13718
333 -1.14587
845 5.98816
389 6.93976
94 3.03442
92 6.64326
238 7.91994
319 8.78079
164 8.88281
785 12.7645
291 8.49133
392 6.80463
6 2.77125
377 7.65384
122 8.95966
358 8.21558
487 7.68671
212 8.0363
404 6.98032
220 7.71059
308 8.53275
1047 23.3215
498 7.40915
407 7.15244
246 8.19994
285 8.93204
339 8.85028
100 4.96205
791 13.4933
433 7.20731
277 2.866
312 8.5946
396 6.89606
985 19.7896
103 9.09624
197 5.43022
96 6.70197
274 8.8782
133 5.09956
95 6.26355
162 3.0006
785 13.1778
176 3.78255
290 7.5668
66 4.17846
276 8.81146
11 2.30862
286 8.6203
377 6.62564
56 2.74776
773 12.8095
1059 24.1158
444 7.30179
28 -1.38815
34 4.49414
9 2.40143
383 7.55743
7 8.86627
816 -1.43646
439 4.75638
247 8.30901
228 7.92508
304 8.49655
800 11.4314
195 8.31924
1109 24.381
808 13.9193
162 3.00078
369 8.32993
664 10.0204
414 7.14209
33 9.29684
242 8.15691
241 8.66782
249 8.3047
821 14.423
404 6.98026
221 8.8927
164 3.70978
63 1.55762
350 6.85956
353 6.39786
774 -3.93524
6 2.77396
36 2.6206
1185 21.6919
134 6.13899
114 5.75295
94 -0.293404
353 6.45224
175 3.35881
1162 25.9066
206 8.17818
300 5.21536
271 -0.631409
302 8.42346
845 -2.88922
424 7.72934
119 9.00168
173 8.43823
133 5.3298
395 5.52118
44 -3.13866
339 8.85141
572 8.4184
551 7.98444
197 8.24342
1016 20.6588
132 3.34431
287 8.60956
122 3.06668
388 7.80801
96 -7.39734
803 11.8761
381 7.22226
157 8.56154
335 8.61374
329 8.53867
68 5.8551
361 6.29578
232 8.33374
286 8.62296
815 14.2928
339 8.84863
245 9.27002
392 8.13547
492 7.50629
1190 33.1498
236 8.131
372 7.31244
301 8.4436
1179 25.7258
66 4.16557
408 6.85556
176 3.79221
377 6.6261
427 7.96518
299 8.98859
343 8.10464
386 7.86246
44 1.81694
776 12.5662
103 7.54559
130 3.1561
825 0.348328
803 11.8742
105 5.10889
265 8.46301
11 -3.4167
1022 22.4603
7 8.8659
306 7.09247
404 6.98041
193 3.6969
2 3.42705
242 8.09409
817 14.2332
1172 26.0804
301 8.31311
273 8.83316
66 4.17874
244 8.13821
112 8.67849
244 8.35927
353 -1.70456
843 -2.95972
188 7.91403
380 7.24527
12 2.65205
321 8.61017
11 4.83599
189 3.55707
1195 35.1857
404 6.9805
812 0.937683
76 -2.66425
355 8.29858
356 6.32144
122 8.95944
75 -1.94775
34 1.26463
197 3.27406
241 7.87206
286 8.62238
134 3.49756
280 8.81503
100 7.50746
200 5.93176
350 -1.55878
1056 21.5514
749 12.0959
391 7.69507
940 18.9696
1052 23.6884
1158 26.1626
754 12.1962
153 2.86398
301 8.31451
279 8.67126
103 6.07217
460 7.68805
342 6.60571
275 8.78937
280 8.82809
407 7.15314
376 7.00467
1217 52.1066
49 1.53248
190 4.34262
424 7.7294
301 8.31461
516 8.7688
339 8.85489
287 8.5672
753 0.23822
936 18.6993
282 0.154297
24 1.60697
327 7.43353
212 8.03296
1087 23.0463
388 6.6521
307 8.65863
182 8.24487
114 4.48967
788 12.9359
235 8.20052
15 1.94039
144 3.80452
75 -1.94953
421 6.96774
513 7.77063
1088 22.7791
433 7.2067
377 7.1586
940 18.9616
735 11.6226
628 9.52551
261 8.52505
404 6.98035
14 8.80251
1073 22.88
212 8.13908
280 8.8284
572 8.41809
262 5.44772
42 1.15972
6 2.77277
286 8.59042
11 2.89649
453 6.82547
105 5.10775
513 7.77069
769 -1.83997
496 6.67746
401 6.87061
826 -1.93042
128 8.61862
146 6.04607
289 0.77002
176 3.79372
1197 35.2449
66 4.16841
94 3.05319
1146 25.1461
239 8.50873
315 8.43298
251 8.1423
94 -1.72641
270 9.14883
1106 24.5001
402 7.0575
194 8.22403
342 8.44785
815 14.2929
10 5.18891
221 10.7114
273 8.64053
839 -1.52893
24 9.72937
427 7.96686
1196 35.3342
17 -1.12432
341 8.69757
504 8.62692
346 -1.3465
425 7.48068
855 15.887
335 8.24326
230 8.08109
266 0.0383911
1101 23.463
9 8.89154
93 2.38139
419 6.93076
49 2.31419
207 9.04053
1146 25.1826
893 17.3196
195 7.31006
1239 29.0767
297 8.85907
450 7.79575
1183 31.7767
66 4.16632
1074 22.4352
286 8.62277
808 13.9186
1142 28.3073
199 5.94553
504 8.60928
342 6.61295
1119 24.4702
99 9.29724
162 3.04007
426 7.96637
1196 35.3337
273 9.18799
86 6.4082
343 6.68829
7 8.86609
281 8.7952
107 2.74068
250 8.36859
72 4.03746
749 12.1069
243 7.33118
17 -1.1126
504 7.50775
1173 26.5065
569 8.58398
198 6.21524
1161 26.3118
377 6.91525
263 6.96796
16 2.37609
88 6.01091
580 8.35126
68 -1.4397
45 1.87332
223 8.3221
44 -3.1372
1146 25.1464
181 8.41246
839 -1.53827
54 1.33407
100 7.53142
754 12.1148
133 2.99423
1047 23.3893
448 7.729
35 2.29292
66 2.02092
306 8.66718
286 8.62335
250 8.34703
56 2.76178
200 5.93596
261 8.52786
9 2.40052
1194 34.9614
168 8.06555
142 3.88226
92 8.36371
225 8.96132
331 -1.53836
311 8.14432
33 2.08604
1162 25.9066
154 3.00729
89 -1.89049
6 2.76581
48 -2.77581
407 7.15271
1234 50.3114
126 3.08861
252 9.373
288 8.52762
195 8.32001
357 7.78043
633 9.30841
286 8.57678
188 4.43077
433 7.21323
323 8.58939
779 -0.381714
339 8.85059
1086 22.6327
539 8.18341
95 6.89301
342 6.49109
342 6.4903
166 3.89085
355 7.18671
90 -1.8738
359 7.32742
25 2.50176
403 6.8407
204 6.11942
339 8.74103
115 4.49103
104 7.61093
113 4.65825
237 7.95833
1036 21.3792
69 -3.17999
1194 34.9508
112 4.75362
265 8.46536
94 3.0322
4 -1.11716
253 8.43314
504 8.62836
812 0.937561
1002 19.724
302 8.41901
994 19.8727
1158 29.4214
317 7.88956
424 7.72946
164 3.21928
173 3.27524
194 8.22534
252 9.37177
278 8.70901
1236 49.1479
86 5.66206
386 6.79495
32 2.74221
5 -2.13178
371 7.22437
245 8.22542
405 6.92996
140 3.97176
487 7.68683
490 7.56927
388 6.75845
339 8.8476
371 7.29974
315 8.44705
1087 23.0535
16 8.83731
970 18.3585
424 8.4418
56 2.72722
274 7.46542
1119 24.4708
424 8.47372
99 9.28659
832 -3.2193
255 8.63947
635 9.28723
301 8.31543
306 8.66156
207 8.71054
123 3.09474
839 -1.53845
409 6.90677
303 9.1311
814 -2.75226
301 8.34421
195 8.12631
1088 22.7769
392 6.9115
377 7.84375
1086 23.0458
805 -2.49402
154 3.22023
134 6.1391
893 17.3199
278 8.46979
250 8.64441
315 8.43176
195 7.33556
305 9.10077
52 -0.891335
100 7.57571
303 8.4657
60 -2.90467
337 8.34857
812 14.0528
1089 22.7812
144 9.20554
44 -3.13803
1187 32.3939
16 2.90067
624 9.48767
1055 23.7896
643 9.82245
1088 22.7778
967 18.2858
313 -1.01724
1175 25.7896
142 9.24243
145 9.64494
1099 24.8813
48 -2.78063
57 2.6244
1087 23.0519
176 3.7793
341 6.5321
822 -1.88849
797 0.294128
170 4.00952
466 8.20001
26 1.4843
29 9.51629
374 6.64133
386 7.77899
1147 26.7932
992 19.819
1039 23.3326
223 9.20767
147 5.59444
159 8.48993
504 8.60651
131 5.90602
197 8.24602
154 3.48755
267 9.13052
815 14.2928
122 8.95975
87 6.25953
1104 23.7645
424 7.72885
151 3.34305
76 1.61623
513 7.77057
89 5.39577
1109 24.3772
173 3.70921
344 8.56558
1178 25.674
368 8.42392
1002 19.7255
377 4.80969
271 9.06662
162 3.93318
386 7.64377
407 7.15256
1086 23.0458
288 8.60657
806 -2.37939
492 7.50623
347 6.36197
1 8.73496
248 8.31052
44 -3.13712
420 6.51462
458 6.91675
815 14.2928
164 3.93629
572 8.4184
390 7.85977
394 3.496
241 7.97325
504 8.61008
209 7.4227
223 8.21825
24 2.18887
145 9.6445
216 7.79442
433 7.20514
372 6.64145
129 4.57977
15 1.9402
1001 19.73
245 8.20274
53 -2.85094
414 6.8497
164 2.83269
773 12.8033
301 8.31421
346 8.51346
61 -0.526886
225 8.92682
315 8.43884
1162 25.9066
221 8.59201
95 6.93931
783 0.78064
384 -1.67508
372 5.41501
144 8.94615
195 8.31995
220 7.75536
205 6.83084
1159 30.6942
17 -1.0649
99 9.28725
113 4.62968
301 8.31448
90 9.05467
15 1.94099
425 8.44388
195 8.12314
174 3.37201
1157 25.3387
119 1.97333
106 3.13788
449 6.88019
303 8.46341
357 8.14206
10 5.1904
845 -2.88391
159 8.48903
286 -0.596375
49 2.31408
260 8.76617
282 8.81854
402 7.03827
817 14.2332
662 9.7464
1220 27.9995
216 7.66814
1158 29.5007
255 8.39169
1087 22.767
94 3.02769
599 8.77594
66 4.16569
284 8.88675
312 8.38574
821 14.4235
214 6.51904
197 8.38412
339 8.84943
251 8.29773
128 2.93121
291 8.00586
343 6.37454
365 7.73828
74 -1.38155
32 9.84206
68 -1.40691
39 2.02272
81 6.04817
238 7.92331
84 6.16376
628 9.52808
88 8.66577
232 7.97282
208 8.15605
1163 29.7983
180 3.87132
39 1.00828
162 3.0013
1144 35.8492
1180 34.1492
368 8.41803
39 1.32698
189 4.84843
664 10.0202
258 8.81598
418 6.60257
693 11.4542
283 -0.590454
274 7.46127
394 7.25833
228 8.0766
781 -0.5896
103 7.56238
572 8.41846
349 6.15021
145 6.69281
448 7.677
44 -3.13714
635 9.28784
89 9.02132
190 4.83589
197 8.38419
922 18.233
51 -1.70752
1055 23.7886
1059 24.1162
7 8.86617
221 8.70541
635 9.27985
156 2.90457
184 8.60481
161 8.41957
69 3.63643
127 3.31607
61 -2.44572
423 7.67773
427 7.96567
357 7.56293
1120 27.511
308 8.3443
1055 23.7897
368 7.33511
308 7.03336
159 8.48875
165 8.86098
184 8.06886
412 7.78323
371 7.29178
360 6.9953
690 11.172
238 7.92451
227 7.6028
277 2.87161
394 7.40399
89 6.96684
99 9.29721
1002 19.7237
788 12.584
64 -10.2568
1086 23.0458
1002 19.7239
304 8.4133
814 -1.94257
803 -2.27759
1059 24.1163
40 -2.83565
49 -2.38738
76 9.44083
361 5.5484
183 3.8414
111 2.56732
75 -1.95007
299 8.46964
807 -1.60413
250 7.43646
267 9.08093
450 8.17236
111 8.01728
1142 24.9276
815 14.2929
25 2.35184
44 -3.14687
125 3.32077
121 -4.83626
424 8.47025
355 8.30154
809 -2.67401
1119 24.4677
171 3.90581
355 4.70184
421 7.57513
173 3.17996
230 8.06372
341 6.36313
504 8.62598
146 3.30585
401 6.28064
741 -0.500793
293 8.79794
46 1.81987
1010 16.6694
1056 21.5055
755 12.2646
305 8.82214
1223 29.9858
126 3.05222
135 4.98198
774 -1.79169
249 8.23886
1158 29.4182
579 8.45599
682 10.8088
17 -1.12449
1087 23.0464
539 8.18304
11 -3.4245
893 17.3195
1146 25.1464
350 6.0282
312 8.6261
1119 24.4713
99 9.27016
280 8.8287
617 9.04834
306 8.67197
1196 35.3345
133 3.17192
26 2.30071
617 9.04877
606 8.70056
360 8.08456
689 10.9421
301 8.31473
382 7.30789
1059 24.1163
318 8.71191
32 9.66173
452 7.88794
754 0.854614
149 7.7648
786 12.6479
1226 28.8379
1163 29.8016
873 15.81
814 -2.27148
1159 30.6935
1122 24.5529
797 0.294556
384 7.96927
9 8.96174
305 8.82272
1120 27.5106
66 -1.05084
826 -2.70612
826 -1.38177
162 3.0009
277 8.72754
769 2.14465
436 7.28818
365 8.34961
175 8.20796
266 0.0409241
33 1.29803
212 8.0334
922 18.2337
284 8.88501
1202 34.4047
44 -3.14687
44 2.22692
104 7.54572
343 6.56409
6 2.77135
214 8.05484
593 8.591
551 7.98462
390 7.85974
287 8.9263
339 8.84637
402 6.58063
357 -1.79263
133 4.62794
1119 24.4719
126 8.80812
32 9.84178
818 -2.88885
183 8.33746
311 8.69678
820 14.2993
781 -0.156982
146 4.30753
266 0.0405579
323 7.68246
70 -1.70396
693 11.4543
354 6.46481
25 9.80363
99 9.29762
795 -1.91113
460 7.68784
463 8.16739
1048 23.3356
186 4.59618
206 7.8485
261 9.47229
15 1.94061
406 6.63483
302 8.4866
44 2.22686
251 9.24786
100 8.07808
162 4.18918
145 9.64554
14 1.95958
66 1.91333
92 8.36803
580 8.32739
87 -2.45785
69 -3.18019
301 8.34351
276 8.80951
339 8.8428
342 8.50629
815 -2.83752
1156 25.7479
301 8.31934
351 3.2897
680 10.3051
116 2.63634
504 8.60962
326 5.64661
424 8.46976
271 -0.625946
99 9.28721
301 8.33545
93 6.91293
44 -3.13718
300 5.21472
79 5.89984
922 18.2333
69 -3.18143
795 -1.91101
263 8.85782
293 8.80319
24 1.60308
1084 23.0271
372 5.4158
44 2.22699
1099 24.8813
271 -0.626007
126 8.99787
275 8.6929
487 7.68817
311 8.4194
261 9.22949
170 3.87074
624 9.55817
318 8.69836
311 -1.24252
593 8.55115
194 8.22369
127 3.66313
294 8.80109
210 8.93652
439 8.4982
740 11.7955
447 7.6095
122 8.95983
81 9.08298
89 5.5071
390 7.85986
284 7.57462
248 8.12285
293 8.57513
124 3.31378
1082 22.9851
131 3.16669
6 2.76933
493 7.35019
749 12.1461
98 2.24287
1046 23.4867
823 0.642822
237 8.092
146 9.5253
341 8.78296
377 6.6265
408 6.85855
19 1.97274
368 5.83655
76 9.44096
205 5.94357
371 7.29172
28 2.25444
60 -3.43789
433 7.20737
220 8.02019
33 2.20904
431 7.94904
593 8.57135
1180 34.1495
1038 23.2677
23 -20.8977
250 8.33302
287 8.55377
321 7.72754
126 8.9966
805 -2.56818
253 8.65442
496 7.43347
291 -1.16409
321 6.46069
104 7.54121
184 8.06664
301 -1.1315
342 6.66574
790 10.8911
302 9.00635
120 8.92035
585 8.91425
76 1.61593
250 8.5459
235 8.14796
1055 23.7892
425 7.48071
143 9.18201
424 8.44186
17 -1.11412
425 6.95383
155 8.51045
27 3.81299
425 7.48044
126 8.8382
7 8.86585
28 0.382393
154 8.57751
215 8.19495
1145 26.7129
1176 32.1448
427 7.96536
173 9.44035
285 8.57336
268 8.71634
1142 24.9282
11 -3.41712
42 9.33609
826 -2.70612
497 7.32669
66 4.17819
424 7.72943
129 2.9313
94 9.33829
87 8.68127
801 -0.199097
701 11.4842
1059 24.1163
439 6.61935
577 8.72076
922 18.2332
610 8.9762
352 6.26273
300 8.36484
452 7.00388
31 3.46294
158 3.49677
200 5.93578
153 3.32349
346 6.16205
35 9.61119
1233 36.4537
845 -2.88922
82 6.00538
46 1.82201
38 2.47306
15 1.94038
355 6.21506
205 4.09668
433 6.96469
245 8.90259
513 7.77069
820 -2.68634
76 1.70271
299 8.98853
206 8.46719
279 -1.06091
386 6.77454
490 7.56992
1117 23.625
368 7.51682
223 7.6656
1156 25.7606
274 8.68539
180 8.53813
59 -3.30147
132 3.39227
14 2.5032
302 9.0072
188 4.81741
1148 25.1877
32 9.52345
115 9.07205
377 6.6265
34 2.25923
244 8.36525
404 6.98135
44 -3.1382
1079 22.2286
237 8.11993
752 -0.262878
99 9.2878
295 -0.86319
93 2.38085
303 -1.14542
97 8.61508
1048 23.3246
1087 23.0519
1205 35.356
447 7.57416
15 1.94006
457 5.46027
433 7.94977
424 7.72281
296 8.55017
769 0.950928
224 8.22797
11 -3.41728
75 -1.94988
1058 21.912
407 7.15302
876 16.4341
1197 35.245
32 2.33291
104 7.55761
104 5.11522
144 9.58698
758 -0.269226
64 -10.2568
287 8.57523
142 3.25134
396 7.52524
24 9.78144
634 9.30554
1059 24.1165
1088 22.7767
83 0.853455
448 6.69324
160 8.79448
1088 22.776
86 5.45189
124 8.85565
83 5.8502
5 4.88302
387 7.61105
1144 35.8491
1125 24.7152
43 -3.43046
1039 23.3708
302 8.43228
420 7.44861
341 6.53064
339 8.84625
1002 19.7248
370 6.60934
1042 23.0765
504 7.50601
221 10.7119
300 8.45511
1007 21.3089
772 0.93103
801 -2.33557
807 -2.59802
189 7.96434
112 8.95931
701 11.4842
616 9.34723
48 -2.77558
9 8.89141
377 7.5275
107 9.46071
428 7.53943
159 8.48932
150 3.29105
341 6.53217
48 -2.78245
327 8.51166
513 7.77069
826 -2.70624
267 9.09979
282 8.83252
101 4.93919
11 -3.41808
463 7.51804
140 9.1114
88 -2.08375
769 -1.23602
1156 25.7838
280 8.8161
15 2.45894
906 17.3171
335 8.59958
152 8.64076
845 -2.93732
156 8.50339
369 6.73044
286 8.62454
121 -4.83517
416 6.78745
617 9.04865
425 7.86224
873 15.8099
1217 52.12
798 11.2438
372 7.39664
664 9.85193
826 -2.70636
197 8.38414
214 8.35532
119 8.91576
7 8.86638
226 8.34525
70 5.93598
1235 92.9493
603 8.82672
463 8.16721
11 -3.41882
386 7.80811
424 8.44214
315 8.73563
24 1.58448
342 6.49017
1123 24.5375
758 -0.771729
44 2.22653
783 0.780884
491 7.89542
11 -3.41922
225 8.03342
378 7.99667
33 -9.81609
228 8.06252
1213 36.7319
46 1.81816
235 7.62024
257 8.3046
143 9.20035
74 0.684921
14 -0.327127
25 2.1503
579 8.3761
318 8.68469
70 -3.14686
216 7.63513
126 8.99804
294 8.74371
84 6.38208
391 7.59882
593 8.56519
40 1.98466
594 8.56598
372 7.25549
160 3.4971
922 18.2332
43 -2.42452
274 7.46509
514 7.96497
44 -3.14676
352 8.42847
328 8.67487
359 7.26804
501 7.46396
11 -3.41691
88 8.66611
160 8.79472
417 6.62695
813 -2.63782
146 -2.34082
23 -20.8812
96 -7.39691
405 6.92984
682 10.808
617 9.04736
126 8.99667
221 10.7113
599 8.87573
91 6.51089
821 14.4236
76 -2.68459
603 8.92737
606 8.76617
205 6.16953
25 3.63672
1156 25.7634
146 8.86531
17 2.37224
451 7.43298
802 -2.29187
600 8.74615
395 7.21872
756 -0.676941
274 7.46405
377 6.62592
136 9.43262
22 -20.7332
189 4.94427
590 8.55969
287 8.57074
340 8.56812
1099 24.881
373 8.07919
696 10.3964
287 8.89859
503 8.33578
367 6.39514
832 -2.90765
459 7.39807
277 2.89059
260 9.2442
424 8.44241
341 6.53214
44 -3.51372
120 8.38873
587 8.56525
104 5.11529
407 7.15253
306 5.86514
681 10.9052
26 9.43899
990 19.9284
709 10.5998
376 7.73102
607 9.18024
594 8.57489
431 7.96707
628 9.5459
76 -2.66455
682 10.8123
86 -2.23216
99 9.28775
1223 31.652
73 7.65333
265 8.46552
277 4.93805
343 -2.40311
492 7.5062
170 8.09969
93 2.38114
600 9.01129
17 -3.20613
1223 29.9792
235 8.14163
342 6.49072
816 -1.43689
457 7.46039
286 8.54596
391 -1.7059
769 -1.23657
425 7.47998
509 8.02505
487 7.68781
784 -0.608276
11 -3.41691
137 3.57159
17 2.37219
302 9.00641
305 8.8223
893 17.1197
11 -3.41815
781 -0.157104
1239 29.0765
355 8.29819
1158 26.1624
774 12.6558
801 -2.07428
1235 92.6283
342 6.64301
612 9.23517
1217 52.1104
17 -1.11391
330 6.55685
274 7.78976
267 8.72501
147 3.38022
127 9.01443
1017 15.0251
1131 28.1158
518 7.67334
60 -2.90491
388 -1.00284
371 7.29138
291 8.95834
693 11.4542
447 7.31213
1175 25.7346
341 6.53156
203 4.35316
1146 25.146
301 8.31461
446 7.03754
1157 29.592
217 8.67488
45 -2.52157
24 1.60472
1040 23.3076
44 2.22697
271 -0.625671
44 -3.13721
433 6.96408
1086 23.0465
794 13.3896
693 11.454
592 8.54187
119 8.57479
664 10.0207
65 1.16354
405 6.93008
436 7.28784
22 1.74025
354 8.40652
263 8.85873
266 0.0391235
306 8.65186
1142 24.9274
9 8.89132
186 8.72066
236 8.14647
76 -2.66428
474 5.88324
135 9.21336
783 0.760803
287 -0.857422
247 7.65657
985 19.7906
218 8.88635
513 7.76971
416 6.63449
572 8.41815
263 8.85944
789 -3.18848
280 3.97528
436 7.28781
61 -2.52095
220 7.87334
284 8.87579
390 7.47946
844 15.2368
145 9.12718
98 9.34772
288 8.67047
25 9.79805
680 10.7068
457 5.4614
370 7.33096
1122 24.5527
812 0.936646
438 8.02045
591 8.55182
315 8.44626
284 5.92154
210 8.86101
843 -2.95905
1002 19.194
379 7.25095
372 5.55392
321 8.63571
476 7.26505
210 7.76509
274 9.15573
522 7.66943
356 7.81052
60 -2.9049
1208 35.8933
128 4.58897
42 9.44325
1195 35.1857
302 8.86752
281 -0.984314
368 7.12955
124 8.7587
392 7.6597
30 1.57797
302 8.46515
876 16.4342
1021 22.4338
396 5.61954
1238 28.219
355 6.8096
1014 14.8533
47 -3.41224
294 8.88083
159 8.47984
1195 34.9352
81 9.06763
607 8.9101
195 8.31892
1002 19.7238
928 18.3931
583 8.85785
321 8.70596
579 8.49469
21 9.86219
342 6.65411
299 8.45395
461 7.41843
281 -0.927155
237 8.11902
232 8.08051
134 9.04938
832 -3.2193
422 7.94638
594 8.56598
1056 21.5067
245 8.21899
1060 24.4528
166 8.76396
607 9.1803
264 8.80832
301 8.31546
51 1.34632
601 8.8999
210 4.88567
250 7.60666
318 8.74216
1220 28.0018
606 8.70728
70 -1.18631
781 -0.161682
284 8.62262
302 9.00772
104 7.54425
99 1.00224
13 2.54374
1040 22.3229
377 7.08279
60 -3.42638
459 8.25064
400 7.01685
1080 22.4709
302 8.42529
268 6.72116
8 2.56571
368 5.52475
588 8.93732
1170 30.2432
1093 25.9193
421 5.01324
453 7.41385
1146 25.1461
1142 24.9286
302 8.43066
96 6.46065
813 -0.213623
1176 33.0591
232 8.09093
185 8.25429
184 8.08315
342 6.49057
9 8.95714
46 1.96492
457 5.4614
145 8.5938
255 8.26828
1111 24.6974
9 9.03734
289 8.49234
496 6.67804
1158 29.501
104 7.54376
624 9.3111
266 8.70523
457 7.41608
321 6.47238
296 8.93079
514 7.96484
1195 34.9452
442 6.66809
66 4.17732
839 -1.53833
643 9.48181
271 8.6459
591 8.53638
1223 31.6594
380 7.19678
367 6.08151
190 3.69846
274 7.46536
114 2.51861
394 7.46899
614 9.18121
6 2.76717
842 15.3498
66 1.97765
81 9.03271
17 -1.11225
252 9.37032
263 8.85568
576 8.41479
266 0.0387878
663 9.66302
200 7.7402
289 8.97992
498 8.17133
635 9.27942
572 8.41827
99 8.73615
476 6.40054
507 8.34778
797 0.29541
112 8.29148
453 7.38925
311 -1.24274
225 8.04312
1194 34.9503
108 1.4922
194 8.31151
1061 20.96
819 -2.86908
395 7.46506
436 7.2887
1068 22.3186
260 8.76581
261 9.14374
72 0.886627
433 6.96451
425 8.45959
463 8.19351
111 6.48634
783 0.780884
49 -3.39415
164 9.10881
1099 24.8813
395 7.51044
589 8.58484
86 0.825584
1237 31.1395
806 -1.41754
447 7.4841
1036 21.3792
232 7.62094
783 0.760803
12 2.08183
628 9.52808
84 6.04494
594 8.56573
310 8.57812
150 4.29782
628 9.58289
600 9.06122
311 8.4184
28 1.95235
9 8.89138
450 7.47012
250 8.59491
9 1.72965
283 8.51193
294 8.67166
96 0.878838
87 7.00672
66 2.09628
1002 19.725
39 2.14125
424 7.72961
433 7.20798
355 6.20819
17 2.36593
418 7.6214
291 8.8569
682 10.8112
693 11.4543
144 9.58614
814 -2.61035
388 7.38693
299 8.98965
75 -1.94846
311 8.41837
270 9.13147
331 6.69949
199 6.07216
57 0.899643
1036 23.2087
832 -3.2193
262 8.76501
635 9.28864
154 3.22032
1125 24.7152
261 9.3649
1059 24.1162
624 9.31036
286 7.90784
211 8.24265
53 0.879665
7 8.86594
76 -2.75787
464 7.52985
287 8.27585
414 6.63962
49 2.31383
24 1.6013
588 8.9176
447 7.72052
14 2.41889
9 8.96156
293 -0.541779
7 8.86631
876 16.4343
464 7.53067
312 8.54688
343 6.56671
794 -2.43036
595 8.57953
1195 34.9349
403 7.99594
592 8.58057
1040 23.3336
322 8.66055
217 8.80341
326 8.38574
265 8.79114
1093 25.9197
6 2.59377
627 9.51562
292 8.85541
326 8.67279
1158 29.4987
265 8.46234
1156 25.7562
595 8.57806
403 7.97092
293 -0.721558
396 7.3609
277 2.8732
773 -3.1452
95 6.67454
96 -7.3971
284 8.88937
599 8.99445
9 8.96159
1223 31.6552
783 0.776794
215 8.20383
151 3.19432
803 -2.48822
1017 20.7379
274 7.46393
237 8.10405
46 1.81971
370 6.8428
1085 22.6317
589 8.78546
66 2.09653
228 9.28778
4 3.00424
44 -3.13715
284 8.88553
230 9.22569
366 7.62946
496 7.41476
282 7.92203
119 8.91026
22 9.61011
1186 34.321
608 8.73975
379 7.90384
299 8.69168
391 -1.70575
774 -3.93524
1142 24.9276
344 8.60522
1134 28.2303
523 7.65564
83 9.11743
37 2.22845
255 8.65417
425 8.4444
550 7.94672
201 7.59805
126 5.52325
299 8.98965
437 6.57181
384 8.10321
599 8.96198
680 10.3047
323 8.7478
398 7.36172
1089 22.7814
24 1.58147
9 8.8929
11 -3.41928
126 8.99683
155 8.51981
594 8.56616
67 5.4144
847 15.8177
207 8.26314
43 2.28136
9 8.95883
196 8.25383
1178 32.9076
391 7.76181
286 8.58423
1155 25.6534
71 2.10254
313 -1.17017
1158 29.3984
222 2.57419
812 -1.64355
339 8.85043
1079 22.2322
377 6.62683
27 2.25692
315 8.43365
218 8.12175
7 8.86614
956 19.5701
357 7.85013
142 8.44812
609 9.1416
315 6.23413
46 1.81975
185 3.55986
212 8.1395
76 -2.68493
798 12.8046
184 8.45323
587 8.56421
774 -3.935
499 7.4805
831 -2.50024
260 4.0061
810 -0.372986
839 -1.53839
44 2.2263
1034 22.3936
39 1.92259
470 7.48544
126 8.99655
9 8.95992
598 8.58704
24 1.61195
75 -1.94991
441 7.21765
361 -1.81198
1101 23.463
265 8.68433
92 5.57902
1161 29.6503
311 8.49173
598 8.89886
330 5.83551
280 5.98047
265 8.81262
812 0.936096
1172 26.4025
268 4.53891
783 0.76001
427 7.96478
755 0.248352
796 11.7853
456 8.06702
1144 28.4994
19 2.04928
355 6.20831
624 9.25677
19 2.07782
280 8.82816
635 9.28003
369 7.89114
649 9.40411
513 7.77069
522 7.66943
140 8.56529
795 -1.91071
300 8.32291
287 8.91058
617 9.04852
228 8.25362
812 0.935974
810 -0.0935059
195 8.12251
524 7.44934
1237 47.8065
544 8.33618
370 6.7886
370 6.70767
9 8.95998
48 -2.78271
393 7.13989
443 7.33395
81 6.1049
219 8.80783
820 14.2992
1093 25.92
86 8.97786
293 8.40265
820 -3.05402
1142 24.8307
266 0.039032
43 1.83054
1142 28.2064
770 2.00763
126 8.99668
154 3.22
341 6.53201
225 8.05037
958 19.7272
1002 19.7247
1158 29.4967
1036 23.1067
474 5.88309
741 -0.501038
93 2.38131
120 8.38789
808 -2.48383
7 8.86624
1163 29.8011
440 6.86255
527 7.52795
509 8.02524
172 8.43404
70 5.93331
76 1.61408
288 -0.574463
447 6.67224
5 1.7528
778 -0.601685
39 2.38021
578 8.16425
270 8.71078
216 7.98598
858 15.9802
759 -0.77655
374 7.33035
337 8.50079
112 6.06628
460 8.22516
1034 22.4069
600 9.11292
791 12.1974
311 7.3808
474 5.88297
475 7.45834
137 3.75642
816 -1.43579
628 9.54706
118 8.52139
814 -1.94269
450 7.65436
1197 35.274
218 7.99049
579 8.62805
617 9.04767
592 8.57275
99 9.28708
1144 28.4994
76 -2.66454
419 6.52029
208 4.52231
1199 33.613
305 8.82465
472 7.33636
281 -0.847778
34 3.01301
365 6.53052
335 8.50308
368 5.59567
9 8.9594
17 2.36666
99 9.28785
1233 37.5282
758 0.290833
280 -0.824493
643 9.82281
24 1.58157
434 7.23077
169 3.78682
414 6.70789
299 8.98965
614 9.13037
1111 24.6316
377 6.62555
509 8.39362
444 7.30804
466 7.6955
831 -2.43671
303 -1.45865
611 8.96942
1101 23.463
272 8.73602
145 9.18417
342 6.61307
10 9.02089
572 8.41846
510 7.48465
456 7.09726
597 8.57874
504 7.50775
572 8.41815
432 8.17053
1147 26.7933
233 8.13069
436 7.28763
419 7.15408
366 7.62396
177 9.70316
266 0.0388184
498 7.48679
775 -3.271
77 1.00768
19 2.87527
1233 37.5242
128 9.11005
368 6.54514
422 6.59567
1032 22.6025
287 8.54938
1233 37.5231
238 7.67592
287 -0.760193
258 8.81592
1158 29.5012
67 -2.69734
1156 25.7625
71 5.8837
448 7.32401
805 11.8998
510 7.48294
1074 22.4736
195 8.31996
335 -1.82242
120 8.36034
225 8.92671
454 8.04391
378 7.18851
259 7.65506
343 6.69199
283 -0.902344
279 -1.06879
937 18.5439
433 6.96442
308 8.35291
396 7.26147
327 6.88983
390 7.85986
460 8.23569
797 0.294128
1201 32.7886
306 8.56247
23 2.44355
372 6.91476
302 9.0062
292 3.07089
1007 21.389
32 9.72747
419 7.0791
893 17.1212
448 7.31662
1167 25.4501
1209 35.2465
825 -1.39362
79 1.97598
1207 28.8109
126 8.99686
330 8.01141
1237 33.7247
958 19.6458
958 19.7067
174 3.64279
299 8.98984
332 6.58282
125 8.77083
463 7.34879
329 6.75592
408 7.44644
783 0.760559
500 7.46204
821 -1.56897
508 8.33533
876 16.4342
1057 21.4961
601 8.94025
379 5.34702
694 11.5031
425 7.48065
466 7.87546
94 3.08334
1070 22.3428
148 3.40099
606 8.70746
439 6.63681
1071 22.8217
821 -1.14154
22 9.58969
32 9.84182
693 11.454
407 7.15274
61 -2.44515
1059 24.1163
786 12.8357
570 8.70154
823 -2.40845
80 6.20257
76 -2.66421
76 -2.66438
498 8.13361
598 8.93781
665 9.92053
281 1.52237
442 6.66675
767 -0.211426
284 8.88977
796 11.6061
23 2.63717
464 7.52966
792 10.9081
510 7.48325
276 3.78082
300 -1.108
390 7.85992
1183 31.7803
133 2.11343
958 19.6459
579 8.45538
46 1.82141
594 8.56567
1017 20.738
1170 26.5559
1087 22.9922
252 9.37442
424 6.69376
253 8.40582
34 -2.98632
769 0.810913
379 5.23276
1138 28.1848
60 -3.44114
299 8.98978
783 0.780823
1093 25.9197
366 6.41861
344 8.51624
593 8.56793
1131 28.0974
163 8.70296
120 8.38872
420 8.314
94 0.857559
777 -1.61792
821 14.4238
464 7.53784
1233 37.5266
1001 19.4398
192 8.18634
552 7.89807
624 9.31024
617 9.04791
1197 35.2477
644 9.4256
45 -2.421
366 6.48886
411 7.0817
365 6.49756
176 3.71031
452 7.44107
11 -3.42508
820 -0.798218
1101 26.5127
109 9.36181
377 5.16922
1206 29.7089
1206 31.8354
293 -0.721802
100 7.57286
469 7.61459
809 -2.27734
1169 26.4561
43 -3.50515
1142 24.9276
408 7.6167
32 9.72733
373 7.0864
1022 22.4596
826 -2.70691
315 -1.09598
1190 33.1232
254 8.8252
855 15.8868
1190 33.1522
510 7.48178
292 -0.521057
397 1.85382
11 2.52538
873 15.4158
265 8.45886
27 3.40891
494 7.39145
796 11.0819
284 8.87469
618 9.50165
812 0.936707
1237 47.9137
393 6.70633
1046 23.3857
929 17.942
754 0.852539
236 8.13908
404 7.83691
299 8.9899
104 5.09177
226 -2.34253
475 7.45816
463 8.16724
279 -0.815765
348 6.83441
763 -0.333862
408 6.85852
428 6.46967
440 8.59222
274 7.46054
100 7.57325
185 8.07202
439 8.23752
290 8.65451
1213 50.3533
313 -1.17087
313 -1.17026
1089 22.7814
597 8.60864
1196 35.3342
294 8.7388
1233 36.4576
411 7.0405
811 -0.252747
194 4.08665
817 14.2072
1018 20.7412
656 10.0006
572 8.41815
279 8.6579
347 8.40738
493 7.3696
9 8.95897
76 9.44386
149 3.4632
459 7.47134
454 7.79764
261 8.52826
198 8.24829
593 8.58691
1123 24.1189
1011 15.6239
99 9.28712
795 -1.9101
522 7.66937
834 0.884155
1055 23.7913
16 8.90986
833 -1.54248
1082 22.5973
364 6.61044
680 10.2282
397 1.17422
1206 34.7008
1100 23.5518
1101 26.4456
407 7.15231
569 8.64935
1159 29.5314
32 8.35436
266 8.68683
783 0.7771
812 -2.22321
651 9.26733
195 7.32997
31 1.40984
307 8.3382
148 3.54845
140 3.48578
433 7.29941
1163 29.8013
101 6.08091
845 -2.88922
599 8.99225
807 -0.307922
46 1.96462
593 8.59198
127 9.00986
796 -2.12769
302 9.00626
559 8.0899
1139 28.1548
464 7.53308
955 19.5991
801 -0.198975
3 -11.9573
10 2.83773
14 2.41707
1196 34.3794
371 7.29153
617 9.04785
935 18.3466
311 8.41797
893 17.1174
463 8.16721
846 14.7979
436 6.72894
795 11.1693
943 19.1693
790 10.4695
38 9.23304
280 8.81464
436 7.2876
388 7.9202
408 7.44827
426 7.8688
100 7.55217
922 18.2341
289 8.62509
1112 25.9796
53 -1.64764
1142 24.9277
81 9.26792
279 8.59427
15 1.94047
1036 23.2144
893 17.3186
816 -1.43652
579 8.45612
123 3.74146
464 7.53769
374 5.23257
9 1.72946
1200 34.5887
1007 21.3885
92 8.36523
212 8.13939
929 17.9418
75 -1.94963
28 1.65168
504 7.50705
285 -1.2171
80 -2.60112
211 3.4523
840 15.2697
292 -1.30774
528 7.79279
355 6.7197
848 15.8726
305 8.45514
58 -1.41987
449 7.526
461 7.43793
1093 25.9197
17 2.37051
826 -0.682373
1142 24.8306
643 9.82574
222 2.57295
680 10.3049
60 -3.4384
1158 29.6265
1160 29.6324
814 -1.9425
382 6.23953
284 8.88727
816 -1.4364
392 7.56219
392 6.67523
1163 29.8011
812 0.0969849
352 -1.74869
92 8.35316
84 9.10187
643 9.8252
425 8.44867
123 8.51562
18 2.60579
36 1.54865
220 7.84485
635 9.28851
599 9.07721
472 6.28928
72 1.87778
1196 35.3337
635 9.28003
628 9.52814
464 8.00507
522 7.70105
68 -1.34906
76 -2.66435
1196 35.3337
826 -2.70624
25 9.52421
148 8.90465
99 6.05721
124 8.93314
929 17.6112
1035 22.5208
99 9.27013
1190 33.1499
279 3.64185
766 1.38037
623 9.41278
606 8.70111
75 -1.95007
582 8.79077
29 2.2834
930 16.5766
569 8.19592
32 9.72741
414 7.47452
374 5.22104
606 8.70721
464 8.09171
1222 30.2692
617 9.04779
289 -1.54797
1156 25.7667
327 8.55875
276 9.3696
643 9.48108
801 -0.198975
797 0.294434
289 3.05899
795 -1.90948
271 -0.626007
320 8.76224
348 7.70795
294 -1.25061
275 9.06738
99 9.28833
130 9.20189
909 17.6013
1180 34.0812
873 15.8099
73 2.13431
109 7.63409
1080 22.6031
265 8.46164
230 8.18985
786 -3.71326
15 1.94073
93 5.78355
416 6.63016
812 0.937744
804 11.9716
1223 29.9857
252 9.37079
826 -2.70624
122 8.95977
356 7.88074
357 6.68668
138 9.34825
290 -1.5101
680 10.4108
177 8.33008
464 7.53745
1033 20.314
643 9.82281
329 8.34946
76 -2.66425
150 4.29774
929 17.9416
373 7.40872
141 2.31236
350 7.75601
375 7.52011
199 6.28937
1107 23.8163
826 -2.70612
811 -1.40735
408 7.6199
441 7.32971
402 7.76703
784 12.748
1056 21.5065
893 17.1169
294 -0.725464
777 -1.24524
1101 23.4628
458 6.97714
324 8.25897
1022 22.4601
751 0.334351
517 8.08893
1108 24.7727
812 0.936218
590 8.9364
132 9.42827
593 8.57001
82 4.72678
443 7.86856
1237 47.8257
775 -3.27106
825 -1.3335
311 8.41821
571 8.59985
266 8.79587
284 8.87625
505 8.59125
120 8.38762
322 8.63376
797 0.294617
804 -2.20282
929 17.9418
60 -3.07112
111 8.40766
1154 26.7549
70 1.24586
89 5.02383
75 -1.95028
272 8.66898
873 15.8099
106 2.32481
76 -2.66415
381 7.99515
936 18.4874
1086 23.0458
584 8.70001
116 5.26136
143 9.116
407 7.15271
326 8.65076
524 7.64703
807 -2.52179
36 -2.05766
319 -0.986145
476 6.39853
598 8.89923
430 8.05997
550 7.94769
493 7.60901
381 8.19632
1036 21.3964
358 7.37152
100 7.56992
404 8.06857
604 8.66925
1022 22.3961
528 7.79114
604 8.72101
801 -0.387756
37 9.58958
10 -11.4442
185 -0.321808
46 -2.54731
1238 48.6147
691 11.2059
600 8.99487
130 9.30324
1206 31.8396
782 -1.90759
357 5.88776
796 -2.15753
820 14.1346
1196 35.3336
271 -0.631317
408 7.44919
150 4.29822
393 -1.42044
466 7.3544
503 7.76193
82 6.2655
1072 24.8695
274 7.46182
1022 22.4603
594 8.5907
772 12.6194
799 0.00378418
1196 34.3784
591 8.53497
30 1.504
494 7.5849
270 8.74326
663 9.66211
1196 34.3778
812 0.93634
246 7.65019
29 1.40181
445 8.51331
20 9.7176
1190 33.1536
149 9.00578
216 7.88405
1169 25.6943
572 8.61603
510 7.47095
1093 25.9191
769 -1.23639
578 8.1687
55 -2.56464
764 0.626282
179 7.77432
694 11.5153
509 8.30383
377 6.62637
382 7.2341
1086 23.0458
805 -2.33539
606 8.70715
579 8.4563
803 11.8718
773 0.876953
111 8.40691
823 -3.11743
415 7.66986
814 -1.55865
111 8.40765
34 8.51487
126 8.99682
1194 34.9487
1110 24.4297
1204 34.4088
1176 32.1523
1206 31.8379
819 -2.33368
635 9.29059
595 8.55792
32 9.72738
453 7.45282
110 2.34927
407 7.15259
342 8.49905
504 8.60291
1059 24.116
49 2.31458
306 8.67099
435 8.50333
122 8.96041
494 7.46039
759 -0.790222
63 5.06664
797 0.151672
320 8.75568
776 12.5662
67 1.31113
157 8.73303
511 7.5152
893 17.1119
587 8.56531
503 7.87546
1177 26.0402
142 8.44806
454 7.39929
1218 42.7496
794 0.0311279
509 8.02521
802 -0.250793
320 8.24094
1184 39.6162
812 0.935791
371 7.2912
295 -1.32779
433 7.20724
530 7.90497
624 9.31122
826 -2.7063
593 8.58051
118 8.93304
773 12.8096
693 11.4539
1211 36.9844
57 1.43056
583 8.77295
396 5.51416
990 19.9283
643 9.82574
613 9.12817
410 -1.53079
526 7.63696
504 8.5954
462 8.17801
1169 26.454
447 7.4657
228 9.28664
133 9.16098
1007 21.3892
772 0.852417
587 8.53363
271 -0.62616
32 2.2417
414 6.96115
523 7.65118
63 -3.08844
406 6.63406
299 8.98865
21 9.52827
280 8.81424
929 17.9418
493 7.32169
1079 22.5475
1176 32.1523
762 -0.786377
23 2.35355
29 1.5011
76 -2.68456
465 7.62408
518 7.659
1022 22.1265
775 12.7911
24 -10.104
801 -0.247131
591 8.96301
370 7.6611
579 8.4552
404 7.86111
354 8.0593
491 7.59732
825 -0.624084
508 7.6167
819 2.26605
615 9.28418
1220 28.0038
806 13.1821
237 8.10979
200 5.93231
1161 29.6733
618 9.07611
893 17.3185
509 8.02499
42 -3.48907
770 2.00525
859 15.9938
76 -2.66416
1192 34.562
530 7.89435
1223 31.287
242 7.21989
1206 31.8387
643 9.8255
313 -1.02533
1022 22.4602
606 9.06567
1200 34.1162
153 3.24164
288 -0.708588
1205 35.356
140 9.31969
773 -0.994324
32 9.72761
873 15.81
39 -2.64994
760 0.558289
216 8.14049
52 -2.70964
3 5.45458
294 8.93936
1156 25.761
49 -2.97001
3 -23.2096
1031 22.6329
150 4.29749
247 8.4389
794 -0.101807
812 0.937073
325 8.60556
1188 34.1862
1176 32.1533
339 8.56064
958 19.6461
122 8.95932
456 8.31775
608 9.04773
268 8.74124
612 9.04553
876 16.4342
445 7.37903
302 9.00769
1146 25.1462
751 0.337219
606 8.75507
130 9.41626
597 8.72949
1007 21.3884
436 7.28772
1060 24.4526
1180 34.149
826 -2.70618
448 8.52692
1155 25.8558
1093 25.9199
75 -2.66331
766 -0.559814
1002 21.5814
442 7.72064
32 9.7275
816 -1.43549
596 9.00098
701 11.4791
797 0.181946
775 -3.271
352 -1.70639
634 10.1774
1200 34.123
773 -3.14539
153 8.53593
1032 22.6129
284 8.15805
810 13.8771
15 1.94059
586 8.54547
267 9.10925
820 14.1348
771 -0.815674
159 8.31853
1224 38.5947
783 0.760925
990 19.9282
1034 22.3962
28 1.53799
138 9.36388
44 -2.09852
624 9.31018
231 8.08929
599 8.99805
342 6.66562
1161 29.6279
593 9.06268
1198 34.5687
57 -2.87494
821 14.423
302 9.00629
593 8.41211
346 8.13321
1100 23.5316
323 -1.42542
954 -10.4756
325 -1.65405
419 6.59384
701 11.4788
845 -2.88928
783 0.780884
609 9.11267
595 8.99426
1197 33.7543
516 8.54517
504 7.50757
816 -1.66302
381 5.63123
1176 32.1533
559 8.75214
562 8.22717
568 8.23615
40 8.15629
893 17.1197
48 -2.77525
566 8.37769
826 -1.02924
35 1.22198
8 2.41992
17 -9.01369
1149 28.9314
115 8.96252
764 0.674377
624 9.48804
929 17.9417
803 11.877
586 8.83118
809 13.1202
783 0.761353
572 8.4184
585 8.76538
378 7.33487
349 6.87595
439 7.42795
740 11.8264
158 8.38206
150 8.80577
215 3.90138
764 -0.138245
92 8.35418
1206 31.8386
294 -0.726318
9 8.9618
24 9.60036
256 9.25995
443 7.86786
592 9.04034
1205 35.3585
873 15.4185
783 0.77533
9 8.89148
37 -2.90607
1002 21.5797
789 -0.724426
454 7.09787
484 7.55255
780 12.7359
83 9.19234
876 16.4344
449 6.79175
120 8.3877
408 7.44873
900 16.7073
133 9.25887
371 7.29099
593 8.56647
1002 21.5803
513 7.59589
754 12.1268
99 9.29715
773 -3.14526
499 7.52045
136 9.35156
184 8.07751
1240 44.4314
100 7.57352
49 2.31339
351 3.28976
446 8.56918
284 8.88535
349 -1.54382
1190 33.1213
155 8.44598
797 0.294434
333 6.42642
89 9.40511
440 8.08347
1183 31.8243
415 7.80316
969 18.4613
873 15.4957
578 8.16431
598 8.96313
648 9.83282
38 9.7393
142 9.10028
133 9.3551
374 6.64328
109 9.01197
421 6.63632
307 -1.03732
124 3.86361
76 -2.68462
36 1.41567
459 6.35248
328 7.60855
88 9.13032
411 7.86481
770 2.05994
1070 22.4121
464 7.53345
883 7.37543
1036 21.3793
1157 29.5332
377 6.62613
1234 48.1897
940 18.6798
316 8.64197
384 -1.67471
802 -0.399231
509 8.02521
595 8.61383
238 7.46049
990 19.9284
847 14.5736
585 8.66492
771 -0.744141
551 7.9068
75 3.47575
1156 25.7626
79 9.01202
297 -1.37286
448 6.69278
87 8.94193
623 9.33008
9 8.89024
106 -1.16885
344 7.23834
946 17.2421
843 -2.95966
6 2.77371
153 3.30278
324 8.67999
528 7.55963
51 -2.34743
1169 26.4641
294 8.16479
846 14.7983
17 -1.11448
587 8.46637
802 13.6794
568 8.2356
198 8.26509
466 7.99582
1223 31.3075
1169 26.4574
279 8.59921
781 -0.161621
596 8.68225
48 -2.7941
246 8.16943
586 8.40088
606 8.7074
859 15.9938
800 12.4969
946 19.1628
73 1.34279
823 14.2012
410 6.47623
448 6.69336
795 -1.90948
99 9.29716
51 -2.38556
469 5.883
900 16.7089
463 7.42285
1021 22.4149
391 7.12524
601 9.12219
635 9.28912
1144 28.4989
1022 22.4604
825 -0.55249
807 13.3909
265 8.45929
509 8.02499
408 6.85699
408 6.70599
812 -1.5224
465 7.96536
41 -1.68061
1144 28.4999
1223 29.9857
1093 25.9197
449 7.30026
834 -2.4762
794 -1.45825
274 7.46207
602 9.10486
1070 22.342
741 -0.500916
75 -1.19763
858 15.6298
812 0.936951
290 8.63199
32 9.83992
369 5.80463
1042 23.4612
770 2.05566
829 -0.455933
76 -2.66434
424 8.4404
812 0.937134
1200 35.7006
10 8.99348
474 5.88333
1104 23.3442
966 18.5123
1081 22.5527
550 7.94574
528 7.79279
32 9.77948
517 8.08929
264 8.90329
1060 24.453
989 19.9982
775 -1.34467
830 -1.42249
527 7.73413
29 -3.16749
985 19.7892
430 8.35199
816 -1.43524
551 7.98419
52 -1.67969
76 1.61341
765 -0.129395
664 9.85168
301 8.72458
600 8.7699
1217 52.1041
65 9.6651
1056 21.5515
354 6.26297
279 8.52319
601 8.98279
82 2.81591
128 2.93443
528 7.72729
797 0.295044
574 8.67517
315 -1.14059
146 9.00378
1169 26.4574
581 8.84814
281 -1.16779
14 1.78101
424 8.44052
754 0.85498
942 18.8822
1199 34.1167
781 -0.161621
618 9.07623
8 -13.8693
778 -0.662292
1024 21.3784
795 -1.91144
624 9.48737
19 -2.90914
370 7.27835
801 -0.631897
589 8.9306
966 18.5108
86 9.00055
597 8.73328
594 8.56592
509 8.02518
821 14.4232
99 9.28729
301 8.90778
1144 28.4991
783 0.776978
237 8.23834
430 6.58972
1234 48.1917
883 16.5412
786 12.7792
111 8.40688
367 6.51752
1144 28.4989
476 6.40146
444 8.62866
780 -0.706726
799 12.7268
361 6.60699
527 7.73438
436 7.28806
544 8.336
79 3.91822
1158 26.1622
1129 35.8865
424 8.44263
496 6.67804
129 9.07318
766 0.966309
522 7.66968
1183 34.269
509 8.02493
943 19.1629
127 9.03755
795 -2.96301
311 -1.24258
215 8.51842
1022 22.4602
929 17.9419
354 6.26202
32 9.84173
9 1.72975
277 8.72394
550 7.94617
1224 38.6096
1143 25.1176
754 0.363708
363 8.3717
424 8.44049
443 7.86755
56 -2.92296
814 -1.67609
859 15.9938
492 7.50623
313 -1.0256
513 7.77063
1066 23.5681
876 16.434
487 7.68658
1218 42.7728
574 8.63702
1061 20.9589
1002 19.5978
523 7.77753
1073 22.7305
756 12.1422
464 7.53259
797 0.294617
527 7.73492
634 9.33752
6 -10.8835
970 18.366
817 -1.96307
834 1.10809
987 20.1552
325 8.60712
1197 43.662
873 15.5358
599 8.99231
871 16.205
627 9.6217
440 8.08258
899 16.696
701 11.4814
804 12.7942
409 6.80164
839 -1.53845
415 6.58789
120 8.38836
782 -1.91174
925 17.6685
540 7.77057
893 17.3185
1093 25.9189
487 7.68689
266 0.0389099
657 10.0193
662 9.41125
104 8.89461
1151 25.4489
33 1.27355
9 1.72938
954 -10.6887
54 11.6206
520 7.7121
315 8.55133
820 14.2192
99 9.28778
551 7.98431
876 16.434
408 6.85867
991 20.0396
936 18.6949
517 7.59833
767 -0.524292
362 6.22083
463 7.72058
922 18.3475
985 19.7904
568 8.40369
986 19.8223
651 9.27002
440 8.48285
754 0.85553
766 0.899719
604 9.12695
408 7.6188
876 16.4343
121 3.66044
476 6.40109
572 8.41815
585 8.41882
845 13.8814
1041 22.9725
9 1.7296
801 -0.199097
1195 35.1855
642 9.40833
829 -0.953979
600 8.74927
1018 21.6027
819 -1.58746
1176 32.1527
342 6.62003
7 8.86606
594 8.56586
301 -1.18927
368 7.51453
762 0.642944
1060 24.4528
277 8.68665
893 17.1117
68 -2.10133
778 -1.22015
320 8.77664
51 -2.54618
585 8.52386
247 8.79703
440 8.58969
801 13.9298
62 -3.12087
186 8.25145
266 -0.841522
881 15.2673
1021 22.4342
814 -1.95691
796 -2.15204
923 18.5399
444 7.25897
1237 48.6111
424 8.43979
76 9.44077
828 -1.65778
827 -1.67255
1021 22.0067
87 8.96408
258 8.66269
615 9.41748
380 -1.90793
802 -0.698669
958 19.6461
797 -0.131287
958 19.6875
1125 24.7153
1190 33.1488
433 6.9241
817 14.1672
15 1.94083
643 9.82556
31 9.73723
292 -1.1004
1219 33.9174
790 12.7175
789 -0.692322
423 6.6734
1106 26.6019
336 6.3381
418 -1.59915
1224 78.4479
647 9.45074
1159 26.2412
627 9.61853
992 20.0228
1148 25.0005
276 8.99066
133 9.4294
690 11.1721
339 -1.58353
600 8.90295
796 -2.13092
883 16.3629
465 8.09732
803 14.0668
94 8.78647
33 1.29923
473 7.42035
1041 23.1752
86 8.97687
32 9.72734
773 -3.1452
88 4.58666
823 14.295
1137 28.2115
931 16.9939
1200 34.1216
777 -0.907654
421 6.60541
925 18.4695
870 16.147
428 6.63211
507 7.89368
86 5.00477
265 8.46115
1200 34.1333
142 8.44806
265 9.75739
1070 21.933
299 8.52631
873 15.4007
1022 22.4603
755 0.317383
195 4.74397
492 7.5062
929 17.6114
26 -9.78745
266 9.32104
444 8.76962
604 8.72467
375 7.1723
433 6.59558
459 7.16757
834 1.08362
1187 34.2023
826 -2.70612
646 9.27393
123 3.3535
744 1.63715
929 17.8185
1111 23.9608
443 7.8678
778 -0.838135
1146 24.964
783 0.780701
741 -0.500793
365 6.39868
42 2.24091
787 -0.254089
820 14.1348
407 7.46198
1200 35.1238
448 8.52533
617 9.04871
424 8.44052
232 7.61995
307 -1.03723
31 -3.43847
475 7.64172
485 7.08298
476 6.40146
878 16.5644
1086 23.0458
122 8.95954
404 6.85931
964 18.7493
807 -0.323242
69 -3.18189
422 6.56232
126 8.99654
487 7.68695
404 8.10214
440 8.02509
284 8.78027
968 18.6072
783 12.9156
934 17.9214
599 8.98694
268 4.75256
954 -10.4921
827 -1.46539
459 8.28476
929 17.9349
209 8.25081
596 9.03406
805 14.4381
1120 24.1572
424 8.44189
693 11.454
12 2.76007
654 9.94849
1195 35.1855
603 9.10303
511 8.06067
601 8.78412
195 5.06535
830 14.3101
814 -1.9425
1088 22.7765
807 -2.6449
830 1.88342
794 12.8528
516 8.67279
606 8.70538
753 -0.521118
1034 19.9907
608 9.06982
613 9.2796
409 6.66077
797 -2.43054
88 9.27477
448 8.60641
466 7.41812
599 8.992
76 9.44104
1122 24.5532
1235 36.5527
7 8.86617
784 12.7253
306 -1.11002
53 -2.23645
519 7.50702
35 2.19238
476 6.3992
797 11.3915
136 2.22368
656 10.0021
1169 26.4572
142 8.44803
525 7.41156
929 17.9417
839 -1.53833
441 7.66928
433 7.20523
929 17.6112
815 -1.60602
142 8.4482
79 0.429482
792 -2.76074
1014 28.6964
1156 25.761
1007 21.3889
359 6.63898
1185 34.8844
232 7.32123
374 5.33182
1194 34.9646
1104 26.455
363 8.47269
1007 21.389
929 17.8945
845 14.527
873 15.81
815 14.1841
1180 34.1497
507 7.89297
985 19.7904
680 10.4104
624 9.31018
607 12.3362
1218 34.3268
303 -0.99472
313 -1.02539
1163 29.8014
522 7.66956
721 3.25574
103 7.55416
447 7.41696
355 6.22513
11 0.40256
1233 37.5281
662 9.41113
462 7.9552
297 8.90356
845 13.8815
550 8.22131
413 6.9332
1061 20.959
818 -1.72156
825 -1.32947
798 -2.36523
929 17.8156
778 -0.942627
796 -1.58124
307 -1.03723
39 1.31542
1007 21.389
173 8.54102
859 15.9938
901 17.205
787 -0.529419
594 14.1085
812 0.935913
1101 26.496
933 18.4027
496 7.2912
319 -1.09857
578 8.16443
688 11.5147
624 9.61902
363 4.94501
781 -0.161804
504 7.50632
760 12.3609
474 7.58719
1202 35.6014
1165 25.9799
444 8.13934
20 2.73001
711 10.6042
35 2.18134
47 -2.44608
805 -1.68292
278 -0.801941
347 -1.52869
815 14.2929
530 7.86877
48 -3.19484
1061 21.8365
271 -0.625824
783 -1.84497
492 7.50638
768 -0.460693
96 9.32487
232 7.3058
355 -1.85471
252 9.37155
764 -3.48859
302 -1.74091
1054 21.9653
272 -0.434998
662 9.41113
1101 26.4469
10 8.88974
813 0.430786
432 6.62598
790 -2.59576
1169 26.4563
1237 48.6089
474 7.54208
454 7.41122
495 7.75568
827 14.4323
328 6.98062
1221 32.3347
1073 22.5071
65 -2.66805
1085 25.5396
448 8.43988
1235 92.6548
793 10.7852
800 12.4542
643 9.48132
966 18.5123
992 20.0227
343 6.5657
1036 21.3793
773 -1.33942
870 15.2552
403 3.21313
138 9.10153
1206 31.8387
766 -0.560181
509 8.0249
66 -3.05814
797 -1.01007
787 13.2047
662 9.41119
640 10.5335
677 10.5176
577 8.72687
923 18.1127
398 7.71289
1120 24.1703
267 4.36423
306 -1.11005
810 13.9576
99 9.2879
1039 22.879
1069 22.7588
322 8.63107
841 14.2449
934 18.6712
929 17.8986
66 -2.76428
820 14.2192
992 19.8585
1072 25.0549
610 9.08221
9 1.72977
1088 23.0988
950 17.3143
266 -0.835419
1169 25.693
994 19.8697
476 6.39893
248 8.12283
446 7.40503
79 1.26704
843 -2.95959
422 8.01633
103 9.1573
476 6.40115
715 14.1576
1205 35.3545
598 8.99939
9 -10.3191
293 -1.26465
820 14.2191
24 9.53664
772 -0.627319
820 14.1347
1234 37.9575
161 8.88199
1191 34.6187
1099 24.8813
643 9.82593
463 8.16772
664 10.0409
1225 15.2043
353 -1.61551
1144 28.4985
976 18.5779
782 -1.9115
741 -0.500916
407 7.15253
472 7.38791
992 19.8586
44 -3.13717
774 -3.935
86 8.81938
1039 21.4452
284 8.87686
472 7.27139
803 -0.121399
607 12.3386
460 7.68903
286 -0.668335
534 7.77728
508 7.61572
782 -1.36237
447 8.36942
514 6.56427
1201 35.3383
182 8.3916
1199 34.0626
755 11.8709
991 19.6401
159 8.49129
782 -1.91748
54 -10.5198
490 7.57104
643 9.82568
1229 34.8756
1019 21.8827
762 0.218567
1144 28.4991
382 7.1828
1006 19.5747
134 9.34836
761 -0.694092
429 6.59619
306 8.672
754 0.362732
623 9.58575
178 8.23824
987 20.1644
216 7.23491
513 7.49915
99 9.31294
44 2.22607
278 -0.77179
9 1.7299
126 8.99686
408 7.61868
922 18.1833
103 5.09468
801 12.4296
7 2.86065
566 8.33032
871 -0.922363
484 7.55237
270 -0.270264
1061 22.019
875 15.5396
849 15.5902
756 -0.6828
787 12.2233
474 5.88303
1067 24.6836
380 6.92191
925 18.1066
1141 28.2914
540 8.12317
852 -1.86316
44 -3.14692
838 14.4825
1159 30.694
751 0.332947
311 8.41827
514 6.56396
11 -10.0536
187 4.61942
195 8.1171
950 17.3143
874 15.8248
810 13.6544
420 6.8186
56 -3.11273
281 8.57968
9 1.72996
1016 20.6586
812 -1.18915
803 -1.76031
699 2.55194
751 0.333191
751 0.333008
853 15.5234
883 16.6971
1033 20.3149
515 7.60822
1174 28.8516
859 15.8229
820 14.1349
161 8.28618
343 7.23184
608 9.05548
617 9.36243
990 19.9285
37 1.23014
528 7.78699
64 -10.2568
53 -1.76355
829 -1.6958
463 8.16702
21 9.8335
6 2.99803
802 -0.0844727
754 0.852356
873 15.8103
62 -3.28841
768 -0.819275
808 -0.250122
613 9.24963
881 15.3256
904 16.5582
403 2.18155
929 17.6113
1007 21.3887
542 7.98047
801 13.2012
551 7.98438
1175 34.0997
492 6.98279
413 7.80917
1016 21.5056
1217 52.1117
1223 31.6576
989 19.8662
216 7.62543
162 3.03964
509 8.02533
529 7.93842
873 15.3347
879 -3.40753
985 19.7891
325 8.60913
986 20.1199
76 -2.68478
133 9.2132
788 12.8776
830 -1.66876
270 8.61002
1032 20.1938
1203 35.7659
1007 16.074
407 7.26385
451 8.60449
900 16.7057
1039 23.3542
241 8.65631
873 15.334
333 -1.14703
1016 20.6585
445 8.43195
841 14.2461
443 6.52237
282 8.82867
1146 25.1829
873 15.3331
440 8.59048
1023 22.368
1194 34.9615
412 7.76816
83 9.12202
325 8.53131
504 8.11743
528 7.77734
361 5.88696
1041 21.6096
453 8.47333
1061 21.9406
816 -1.43195
510 7.59131
50 1.97934
397 0.0119934
701 11.4846
448 8.30014
783 -1.93604
446 8.79086
426 6.64902
854 15.7769
732 11.6013
607 12.3459
554 8.16193
1222 30.786
970 18.6426
734 11.9854
521 7.39966
369 6.63562
507 7.89365
893 17.3184
1082 22.9855
467 7.39819
145 3.15781
454 6.81378
805 -0.176392
1071 22.948
790 -3.00977
311 8.418
530 7.94281
774 -1.11151
514 7.9646
195 5.06403
773 -3.14532
775 12.791
437 8.25812
763 0.501892
734 11.9915
123 9.2336
990 19.9287
504 7.50659
551 7.98431
1104 23.333
992 19.8586
463 7.51761
846 14.7883
1199 35.0189
52 2.03061
1190 33.1484
514 7.50812
1001 19.6327
138 8.91911
999 19.5353
1057 21.7207
1016 20.6587
475 7.45889
36 3.79196
168 8.1131
765 -0.223816
1016 20.6586
462 8.24637
1201 34.885
984 20.1141
9 1.72964
1196 34.0372
674 10.556
293 -0.72168
873 15.3334
1106 23.5951
929 17.9291
904 16.5672
134 9.24796
796 -2.15302
1056 21.5514
810 -1.99683
795 -0.971313
184 8.32063
579 8.73755
989 20.0325
618 9.33197
64 -10.2565
322 8.59442
738 11.9925
9 8.96164
411 6.82346
870 16.3145
328 5.50436
80 9.31763
1206 31.8407
28 2.61176
1094 26.1696
990 19.9287
9 1.72986
792 11.8433
760 12.3591
618 9.0744
1233 35.101
812 -2.21881
66 2.00976
662 9.41089
289 -0.611786
99 9.28719
779 -1.43054
809 -0.17572
1073 22.6749
1073 22.4303
935 16.8115
1146 25.1827
427 6.83432
288 -1.81223
808 -2.50031
1035 21.2593
624 9.31207
494 7.5181
885 16.7434
54 11.0604
284 8.88895
112 8.77144
680 10.4088
821 -3.15289
362 7.64322
929 17.6107
751 0.338928
424 7.84744
1021 22.4339
774 -0.94397
798 -1.0882
1060 24.4529
43 9.60551
790 0.375793
1163 29.799
859 15.8237
1144 24.9135
922 18.233
594 14.0394
664 10.0206
614 9.16455
779 -1.29871
591 9.04584
1196 35.3346
876 15.561
623 9.19788
788 13.1201
1146 25.1829
567 8.22522
589 8.78918
1161 26.3119
197 8.38354
1196 34.042
1093 25.9198
758 12.5874
24 1.59689
530 7.90674
441 6.73856
1223 29.9884
41 2.94574
898 17.3292
529 7.93829
471 7.07132
734 11.9907
662 9.41107
314 8.38657
1099 24.8813
1233 37.5288
820 14.1348
604 9.00043
509 8.02496
940 17.795
400 7.82422
811 -0.147827
1147 25.151
17 8.93641
1065 22.1171
357 6.82443
786 -2.85638
351 -1.724
98 9.27419
197 8.21944
1023 22.1379
137 8.68294
1099 24.8813
119 8.91576
544 8.12061
1197 33.9215
103 6.96427
594 14.0777
17 8.94552
801 -2.71832
819 -1.56299
458 6.1218
990 19.9286
289 8.43881
78 4.63062
873 15.4185
784 12.9613
1188 34.6149
804 13.1697
1194 34.483
409 6.58939
8 2.53555
794 12.8011
797 0.294495
1196 34.0404
1057 21.8112
1155 29.5059
438 7.51917
859 15.8257
433 7.20697
954 19.687
809 -1.84937
1063 22.2123
408 6.59888
635 9.2887
25 -3.53286
1093 25.9197
452 7.40866
618 9.39612
103 7.55359
138 9.18031
510 7.48257
313 -1.16974
6 2.20061
510 7.48248
433 7.20532
796 12.9442
1017 20.738
1225 80.5542
966 18.5107
1055 23.7887
839 -1.53906
170 8.51225
579 8.45227
828 14.353
396 5.51532
453 8.53265
394 7.66354
20 9.45916
512 8.2699
789 -0.945129
606 9.01831
1140 28.194
796 -2.15033
1112 24.7137
816 -1.43701
823 14.2939
1197 34.733
929 17.9371
56 -1.54051
992 19.8586
816 -1.43646
845 13.881
811 14.0042
1159 26.3409
1079 22.5474
1003 19.4477
870 16.318
715 14.1578
1200 35.7809
484 7.5527
781 -3.78668
957 19.5712
792 -0.753601
690 11.1723
1094 26.1716
504 7.50571
1057 21.7212
782 -1.90582
19 1.97183
25 -3.52684
17 2.37531
477 6.35391
277 5.19708
942 19.0674
1058 21.6874
623 9.56342
1003 19.6373
44 -3.13713
291 -0.285217
76 9.4447
492 7.8111
135 8.51933
942 14.7617
795 -1.90692
845 13.8849
432 6.60159
783 0.780701
873 15.5273
