578 -5.87738
657 -16.5817
307 -1.64359
731 -0.12207
613 -16.9951
636 -16.5856
731 -0.12207
517 -0.29303
718 -0.10791
614 -0.317627
639 -16.6987
379 -0.451904
672 -16.5959
578 -5.87402
671 -0.135376
824 0.200562
272 -30.4296
174 -14.4044
422 -0.302429
625 -17.2489
612 -0.193848
405 -0.35437
92 -0.597107
540 -0.178894
424 -0.336029
964 0.980591
612 -0.194031
637 -16.8635
578 -5.87317
827 0.175415
379 -0.451843
585 -1.61493
964 0.980652
638 -0.192383
748 -0.0353394
172 -0.799606
824 0.200745
620 -16.9421
961 0.849365
961 0.849304
501 -0.263184
772 0.0358276
638 -0.192688
578 -5.82245
672 -16.5961
718 0.541199
958 0.903503
672 -16.5961
961 0.849609
824 0.200562
701 0.573914
772 0.0359497
424 -0.265198
718 -0.10791
404 -0.316803
690 -15.576
440 -0.3909
824 0.200317
375 -1.31586
629 -16.8434
599 -12.3917
824 0.199951
394 -1.96399
315 -1.43265
944 0.83136
616 -0.229553
384 -6.42871
625 -17.2483
394 -1.96457
625 -17.2483
824 0.199951
422 -0.345673
386 -0.432739
504 -0.301483
504 -0.301636
595 -0.205444
504 -0.302032
748 -0.0352783
92 -0.598701
307 -1.64374
904 -1.92798
517 -0.285156
772 0.0358887
771 0.0762939
904 -1.92761
150 -0.813507
718 0.542114
504 -0.301422
719 0.530212
700 0.580139
827 0.175354
517 -0.295593
355 -1.33179
614 -0.228943
964 0.980591
424 -0.26532
824 0.199829
272 -30.4295
819 1.41577
556 -0.24231
824 0.199951
394 -1.96457
578 -5.86786
771 0.076355
375 -1.31613
596 -0.131165
977 0.940063
578 -5.86847
961 0.0922852
636 -16.5859
595 -0.206177
753 0.8797
556 -0.263916
37 -2.24491
436 -0.318787
232 -1.04169
589 -18.0374
824 0.200012
446 -0.37796
413 -0.35907
887 0.446472
618 -0.234863
446 -0.303925
405 -0.339966
423 -0.343353
195 -36.403
323 -1.33578
195 -36.4027
273 -0.426117
961 0.0935059
405 -0.354218
273 -0.427887
743 -0.0594482
621 -0.233337
379 -0.452118
766 1.13037
386 -0.430847
446 -0.39389
453 -0.323486
394 -1.96484
599 -12.3885
394 -1.96576
571 -1.14124
243 -1.09023
424 -0.373199
887 0.446228
37 -2.24485
743 -0.0594482
319 -1.45026
644 0.0363159
446 -0.394135
961 0.0919189
903 -1.909
824 0.200073
405 -0.340424
945 -0.384705
1191 1.88599
731 -0.122437
625 -17.2501
311 -1.38547
453 -0.349792
405 -0.338165
355 -1.36011
887 0.44635
961 0.0892944
379 -0.452148
967 0.93042
517 -0.285645
718 0.541321
771 0.0714722
424 -0.335632
578 -0.293091
446 -0.393921
273 -0.427673
622 -5.27936
771 0.0766602
381 -6.53546
772 0.0358887
581 -0.180847
748 -0.0354614
424 -0.335541
1227 4.41931
424 -0.265961
944 0.831055
446 -0.304413
498 -0.903229
504 -0.301697
405 -0.521027
700 -0.14679
642 -0.145264
642 -0.144836
446 -0.297852
825 0.181091
748 -0.0353394
731 -0.122375
550 -0.235657
404 -0.308014
559 -0.462891
887 0.446472
453 -0.336914
423 -0.376556
887 0.44635
428 -0.340942
529 -0.266846
504 -0.301819
399 -0.286987
446 -0.296539
588 -16.8427
424 -0.26532
375 -1.31592
959 2.97693
869 0.72168
869 0.724487
406 -0.3815
225 -14.3727
599 -12.4111
1175 1.86011
504 -0.301636
232 -1.04169
573 -0.217834
644 0.0365601
92 -0.598572
414 -0.732483
524 -0.566711
845 0.146301
405 -0.28479
581 -0.179871
872 0.51886
771 0.0765991
945 2.75336
578 -0.293396
718 -0.129578
453 -0.324097
599 -12.4046
1213 -0.00646973
504 -0.301575
424 -0.39975
399 -0.286957
325 -0.529236
869 0.721191
541 -0.244812
225 -14.4188
299 -0.648071
599 -12.3918
405 -0.340942
599 -12.4029
743 -0.0597534
668 -0.0401001
517 -0.285767
921 -19.4719
567 0.287048
422 -0.345673
483 -0.356598
453 -0.346222
37 -2.24487
1032 0.292725
405 -0.355042
563 -0.227844
438 -0.37915
531 -0.193848
453 -0.324219
869 0.724365
221 -34.7216
538 -0.227966
819 1.41443
273 -0.425995
996 -20.4456
690 -15.5534
243 -1.09116
872 0.518188
273 -0.426483
428 -0.342316
876 0.441101
501 -0.263031
547 -0.21283
473 -0.40213
208 -35.6012
421 -0.314697
721 -0.0922241
961 0.0916748
668 -0.0401001
879 0.81427
328 -0.698425
578 -0.67804
719 -0.108093
446 -0.303406
556 -0.234985
721 -0.09198
336 -0.595612
884 0.164429
422 -0.345673
174 -14.4
405 -0.35434
437 -0.383331
410 -0.381927
961 0.849426
1123 -13.2538
453 -0.346161
172 -0.799561
172 -0.799728
405 -0.348877
504 -0.281616
603 -17.097
399 -0.287567
405 -0.341003
896 0.448486
504 -0.301575
457 -0.340668
424 -0.263458
964 0.98053
424 -0.265564
827 0.170593
504 -0.301422
225 -14.3794
355 -1.35776
515 -0.293579
578 -5.83142
453 -0.347015
721 -0.0923462
424 -0.265808
546 -0.623474
546 -0.621338
436 -0.338196
355 -1.3317
753 -0.0183716
446 -0.297577
406 -0.383118
577 -0.237427
273 -0.426636
433 -0.359467
444 -0.386047
446 -0.298065
581 -0.180725
273 -0.426361
613 -16.9953
884 2.08752
253 -5.01097
876 0.441101
498 -0.903107
980 0.704407
429 -0.36377
961 0.0922241
961 0.849365
320 -0.618805
805 0.0648804
618 -0.23053
483 -0.324005
33 -2.14567
610 -16.4191
748 -0.0353394
668 0.0656128
960 0.90155
436 -0.380646
172 -0.799698
437 -0.383423
625 -17.2509
563 -0.228333
631 -0.00964355
424 -0.265747
453 -0.349518
1032 0.28772
232 -1.04176
638 -16.713
319 -1.44937
904 -1.93158
671 -0.138855
328 -0.769836
875 0.399841
424 -0.265289
460 -0.315552
884 2.0885
668 0.0620728
446 -0.296326
599 -12.4096
174 -14.3973
424 -0.266296
828 0.842407
631 -0.00823975
711 -0.135559
355 -1.35992
564 -0.203979
453 -0.330231
172 -0.799789
315 -0.582916
236 -6.0826
405 -0.35498
419 -0.390747
671 -0.151672
1157 1.76086
1031 3.3905
319 -1.45477
501 -0.263214
599 -12.4073
405 -0.354614
453 -0.349365
845 0.14624
594 -0.0374756
225 -14.3754
453 -0.323761
296 -0.624847
599 -12.3917
570 -0.63147
1026 0.22998
453 -0.345886
684 -0.180542
428 -0.355194
172 -0.799561
355 -1.3584
355 -1.36017
412 -0.331055
475 -0.440735
876 0.440125
1227 4.41833
1083 0.0408936
638 -0.194336
869 0.723816
599 -12.3918
195 -36.4028
628 -0.183167
296 -0.624603
441 -0.377075
547 -0.212646
869 0.721558
964 0.980652
453 -0.326263
502 -0.281738
564 -0.203735
423 -0.381927
361 -0.25946
38 -2.2152
903 -1.90918
172 -0.799606
996 -20.4459
453 -0.347137
1114 0.43396
845 0.143982
622 -5.58167
468 -0.45929
828 0.841675
454 -0.339478
758 -0.0418091
422 -0.346161
845 0.144043
1161 1.81531
598 0.0554199
638 -0.194702
956 0.778992
174 -14.3755
329 -1.35605
315 -0.583008
1085 0.882324
903 -1.909
1175 1.85999
422 -0.281677
468 -0.459717
323 -1.33588
329 -1.34802
801 0.0422363
671 -0.151855
172 -0.799728
896 0.448486
961 0.0922852
232 -1.04155
1123 -13.2386
954 0.887268
319 -1.44922
326 -1.05457
490 -0.314453
626 -0.184509
865 0.284241
578 -5.82703
423 -0.326721
402 -0.391174
1017 3.49518
788 0.000183105
599 -0.134521
504 -0.301697
367 -0.507202
556 -0.236511
394 -1.96402
350 -0.488098
424 -0.335632
1112 0.580078
454 -0.393616
901 0.202637
872 0.518555
887 0.1922
424 -0.265015
861 0.0759277
405 -0.354248
584 -1.33801
547 -0.212708
880 0.355774
949 0.22113
966 -2.97217
439 -0.350922
424 -0.335602
1001 0.284851
857 0.102722
771 0.0769653
483 -0.349396
649 -0.1604
414 -0.331909
383 -0.482147
315 -1.43283
721 -0.0921021
225 -14.3723
786 0.681946
788 0.000671387
937 -9.69214
172 -0.799561
758 -0.0418701
386 -0.431305
561 -0.704041
437 -0.383118
690 -15.5535
320 -0.620941
748 -0.0352783
453 -0.328064
320 -0.621033
700 -0.146667
1003 0.845093
518 -0.288696
1194 4.31445
711 -0.135376
483 -0.330505
1085 0.882324
412 -2.37546
385 -0.447144
721 -0.0922852
924 0.292236
556 -0.260803
824 0.199829
171 -0.732101
446 -0.298218
601 -0.22583
171 -0.678848
746 -0.0724487
595 -0.0536499
871 1.18481
924 0.292419
502 -0.287933
719 -0.109192
296 -0.624634
935 -14.4887
1032 0.292236
964 0.980652
737 -0.092041
884 0.164429
421 -0.34549
599 -12.3917
325 -0.528931
211 -10.1523
537 -0.233093
1168 1.8429
911 0.149902
888 0.204468
556 -0.263794
307 -0.615082
490 -0.315033
711 -0.134766
896 0.448425
554 -0.203857
440 -0.689301
568 -0.218994
958 -1.26001
951 -2.65594
1096 4.07153
877 0.980957
881 0.190308
875 0.385742
318 -1.61606
370 -0.431091
483 -0.357239
859 0.0704956
424 -0.263885
939 0.244019
495 -0.292877
613 -17.0165
225 -14.4118
381 -0.308289
405 -0.341156
981 0.623352
357 -0.334717
1194 4.31421
209 -8.39265
616 -17.0064
446 -0.394073
1019 -4.87866
563 -0.228333
375 -1.31644
496 -0.26001
225 -14.4169
547 -0.210327
446 -0.298248
450 -1.31516
1191 1.88599
253 -5.0099
547 -0.212097
571 -1.51904
884 0.164368
884 0.271118
924 0.29126
422 -0.345734
150 -0.812698
296 -0.625031
859 0.576843
877 0.970703
499 -0.312408
737 -0.0919189
964 0.980591
296 -2.09747
195 -36.4028
490 -0.317444
1012 0.15155
33 -2.14552
1115 0.590942
731 -0.122314
824 0.199768
671 -15.6887
711 -0.134644
911 0.149902
404 -0.316956
253 -5.14597
307 -1.64377
884 0.187439
1121 0.513794
429 -0.771393
788 0.00317383
446 -0.395844
794 0.0333862
501 -0.262787
132 -0.62706
890 0.109863
1176 1.76904
426 -0.339417
564 -0.203857
786 0.687561
1085 0.882202
996 0.284912
443 -0.368286
581 -0.179993
561 -0.703857
524 -0.568787
472 -0.395752
595 -0.0540771
203 -9.58699
700 -0.146667
296 -0.625061
422 -0.345612
407 -7.03635
983 0.743225
453 -0.345581
1029 0.275024
883 0.377258
150 -0.812363
671 -0.151855
538 -0.227966
538 -0.228088
1099 0.442139
911 0.150024
855 0.458496
381 -0.307556
126 -4.64653
758 -0.0418701
315 -1.43274
877 0.153259
995 0.293274
1003 0.844727
1032 0.29248
468 -1.16669
610 -17.0989
982 0.272217
721 -0.155579
1115 0.590088
599 -0.228699
903 0.191467
964 0.980652
424 -0.265808
320 -0.620972
845 0.144043
453 -0.324188
809 0.0505371
862 0.0928955
407 -7.03656
908 1.25677
1204 4.37012
320 -0.620972
330 -0.631073
876 0.441101
877 0.96875
876 0.44104
526 -0.284851
435 -0.383942
956 0.757874
649 -0.160278
232 -1.04167
446 -0.39386
420 -0.428986
515 -0.298279
232 -1.04175
319 -1.44928
871 1.19104
1085 0.882202
1084 2.12915
599 -12.401
1086 0.322144
386 -0.397675
313 -1.39108
700 -0.145935
1008 0.128296
550 -0.223267
882 0.361328
501 -0.262665
897 0.193604
876 0.441162
876 0.430786
637 -16.8636
525 -0.29425
774 -0.0119019
617 -0.198914
672 -16.5962
1156 1.74927
435 -0.339264
355 -1.35992
876 0.440979
405 -1.51883
253 -5.1418
890 0.11853
1086 0.322388
809 0.0524902
885 0.17688
444 -0.344269
748 -0.0353394
307 -0.608215
1032 0.293457
307 -1.64371
547 -0.212585
1164 1.75098
397 -7.54169
243 -1.091
414 -0.29892
692 -0.170105
578 -5.86731
1159 1.755
307 -0.613617
201 -0.70639
437 -0.383453
703 0.280334
1175 1.86035
405 -0.339294
453 -0.377533
206 -13.4996
1141 1.44922
876 0.44104
772 0.0359497
465 -0.745483
467 -0.431763
370 -0.430939
911 0.150024
465 -0.743896
501 -0.262665
245 -18.9816
1084 -4.69214
453 -0.326569
973 0.816895
1129 0.428711
1026 0.283325
464 -0.405762
581 -0.17981
652 -16.6956
581 -0.180359
213 -10.4353
410 -1.21207
355 -1.35999
745 0.715576
454 -0.375183
1198 1.42419
788 0.000244141
1141 0.33374
612 -0.188965
524 -0.565613
497 -0.972961
375 -1.31641
1085 0.882324
703 0.279114
788 0.000488281
963 1.88928
853 0.594971
794 0.0313721
1109 -21.2133
394 -1.96457
599 -12.3988
307 -1.64386
202 -9.47221
333 -0.607239
982 0.274414
454 -0.368256
745 0.70929
440 -0.689392
672 -16.5957
624 -0.158386
801 0.0428467
203 -35.219
355 -1.36026
890 0.119446
873 0.324402
737 -0.090271
201 -4.31776
407 -7.0368
714 -6.51508
961 0.0943604
328 -0.854126
412 -1.50266
538 -0.228027
1144 1.21838
1085 0.882324
414 -0.299042
424 -0.335632
737 -0.0897217
399 -0.287079
1083 0.0721436
320 -0.620911
201 -4.29941
1115 0.591187
894 0.182068
890 0.145752
453 -0.327057
315 -0.583038
418 -0.332123
586 -0.599915
1115 0.590698
1168 3.99683
384 -0.394043
531 -0.278809
457 -0.388
1204 0.0316162
871 0.131226
325 -0.5289
894 0.182129
330 -0.641571
1083 -4.68091
464 -0.41214
315 -0.582886
501 -0.263306
961 0.849182
788 0.00323486
872 0.382141
497 -0.972931
407 -7.03668
904 -1.93024
877 0.153198
1115 0.597778
1118 0.514526
1213 -0.000732422
496 -0.334473
612 -8.04797
581 -0.180542
490 -0.318115
342 -1.44131
995 0.279236
931 1.58411
501 -0.263062
405 -2.27838
887 0.446289
758 -0.0419312
1194 4.31409
441 -0.387573
911 0.149963
319 -1.45038
1084 -4.69165
949 0.219788
877 0.151794
37 -2.15525
1085 0.882324
243 -1.09108
719 -0.108093
944 0.202393
1114 0.433105
592 0.154663
743 -0.0827026
957 0.611328
1167 1.86597
1086 0.322144
132 -0.634598
636 -16.5839
788 0.000488281
296 -0.625854
394 -0.370728
454 -0.342957
1070 2.76843
636 -16.5842
36 -2.1515
700 -0.14679
407 -7.03641
874 0.148682
890 0.126831
1122 0.530273
453 -0.375671
982 0.274414
453 -0.34671
888 0.179321
876 0.434143
296 -0.624664
874 0.216187
818 0.505371
612 -0.188232
580 -0.446838
512 -0.286072
924 0.291321
954 -1.54663
887 0.446289
1114 0.433228
995 0.293396
501 -0.262604
1114 0.436157
1222 4.53625
719 0.108032
296 -0.624756
315 -0.583099
329 -1.34827
581 -0.179993
8 -0.964938
638 -0.192383
887 0.446289
856 0.09552
671 -0.140564
856 0.0942383
394 -1.9646
320 -1.67215
160 -0.730057
1114 0.43335
671 -0.151733
355 -1.33173
280 -0.621521
1012 2.10168
245 -31.3071
852 0.518372
238 -1.03735
92 -0.597008
446 -0.296997
1115 0.589233
908 1.25665
613 -16.9958
320 -0.618622
22 -6.59336
596 -17.2637
1032 0.292725
828 0.0970459
742 -0.0444946
837 0.116882
1115 0.588989
329 -1.34851
863 0.293762
852 0.516968
394 -1.96515
434 -0.335388
890 0.117249
195 -0.797989
887 0.180786
700 -0.145996
280 -0.629272
537 -0.26178
887 0.445557
635 -16.7687
801 0.0429688
301 -0.613403
1110 0.615356
633 -16.8079
961 0.849365
879 0.174988
578 -0.293457
1216 0.644897
296 -0.624695
582 -0.19928
1115 0.59021
863 0.140686
201 -4.29745
1083 0.0213623
1086 0.59436
1123 -13.2587
238 -1.08794
307 -1.64374
239 -1.08897
1086 0.322144
1211 4.42261
367 -0.505585
911 0.150024
797 0.291809
360 -0.483002
454 -0.385681
809 0.0525513
547 -0.212708
809 0.0527344
1059 2.50867
482 -0.176727
298 -1.2168
788 0.00311279
931 1.58374
422 -0.345734
298 -1.21802
1162 1.74561
161 -0.641541
1032 0.29248
315 -1.43311
1056 0.461914
219 -0.728867
872 0.517944
1084 2.1272
638 -0.194031
370 -0.431122
876 0.535339
1001 0.198914
818 0.520142
456 -0.352875
966 -2.97168
803 0.0524902
490 -0.318604
944 0.202209
37 -2.15533
672 -16.5961
36 -2.15135
219 -0.729095
578 -5.81946
459 -0.427643
787 0.00622559
711 -0.134949
422 -0.471191
355 -1.33179
701 0.220886
924 0.29248
911 0.150024
246 -0.639587
501 -0.262634
911 0.149902
280 -0.622467
394 -0.402893
827 0.172424
490 -0.318909
614 -16.8065
33 -2.14556
355 -1.33173
1120 0.516724
414 -0.299744
326 -1.17938
350 -0.491913
758 -0.0419312
1085 0.882324
280 -0.622009
580 -0.212036
1176 1.77063
908 1.25903
1114 0.435669
975 0.818665
912 1.54938
773 0.0697021
1232 4.61328
458 -0.352356
297 -0.600159
961 0.849304
876 0.535217
470 -0.352661
372 -1.71341
315 -1.43298
578 -0.293335
581 -0.179993
961 0.849365
1012 2.09753
1184 1.81274
208 -7.57527
246 -0.639755
1014 0.0749512
578 -0.215515
798 0.285828
202 -9.47244
1033 0.2771
219 -0.725098
649 -0.160706
943 0.235046
1086 0.322144
1084 2.12891
1095 -2.71741
315 -1.43298
1226 0.679932
610 -0.21582
581 -0.179871
585 -2.33337
963 1.88501
438 -0.376831
500 -0.264954
777 -0.0240479
315 -1.43271
885 0.183472
232 -1.04163
412 -1.50272
876 0.441284
1115 0.589844
206 -0.704666
369 -0.403351
878 0.364746
877 0.980957
513 -0.297607
163 -0.799011
613 -16.9957
890 0.123108
877 0.153259
823 0.0794678
172 -0.790894
1085 0.882202
637 -16.8636
788 0.0032959
808 0.0956421
719 -0.109985
1175 1.85986
225 -14.3821
1084 2.12927
1133 -15.0148
1077 0.567261
788 0.00341797
399 -0.337128
838 0.104065
1085 1.02881
840 0.071228
896 0.196106
353 -1.3175
658 -16.6693
1173 1.7804
471 -0.36554
578 -0.293274
1230 0.711304
1086 0.322266
891 1.06384
196 -0.774155
36 -2.10524
1026 0.200684
582 -1.07898
829 0.102478
209 -32.1259
1073 0.47644
490 -0.314758
328 -1.02487
440 -0.689545
612 -0.188965
809 0.0525513
372 -1.7128
878 0.263794
671 -0.151855
890 0.123108
407 -7.03638
846 0.733765
809 0.0524292
957 -0.676453
623 -0.190186
524 -0.375488
1009 0.128357
219 -0.725555
433 -1.04221
332 -1.98199
876 0.431458
885 0.341614
296 -0.624451
852 0.517151
1026 0.30249
446 -0.29718
877 0.150879
36 -2.15102
612 -0.193909
315 -1.43311
694 -15.9644
530 -0.200623
251 -0.651459
389 -1.25195
370 -1.4035
581 -0.17981
578 -5.87457
564 -0.232178
1081 0.508667
897 -0.31427
795 0.266113
1144 1.11707
98 -0.793373
1231 0.365601
1208 0.708862
877 0.981018
878 0.365051
246 -0.639557
891 0.181519
1126 0.56543
195 -36.4028
887 0.262146
1083 -4.67981
719 -0.110474
351 -1.30792
1084 -4.69092
700 -0.146606
108 -0.494087
172 -0.799683
1107 -1.84399
829 0.105652
1079 0.550171
195 -0.797913
921 -19.4721
1017 -4.22577
1083 -4.68005
658 -16.6059
494 -0.258911
40 -2.0701
407 -7.03638
10 -2.75533
839 0.500061
306 -1.76929
1172 4.27002
41 -6.40646
1207 4.46484
469 -0.352264
581 -0.179993
490 -0.318481
1110 0.603394
253 -5.00987
809 0.0525513
490 -0.315002
238 -4.54201
1169 3.98938
355 -1.36008
225 -14.4222
757 -0.0424194
1144 1.21814
1052 0.460815
1085 1.02844
171 -0.679413
461 -0.437836
649 -0.160034
956 0.781921
225 -14.426
1135 0.328125
733 -0.108093
329 -1.35559
945 -0.384949
1056 0.461182
993 0.0765381
454 -0.342682
263 -0.660278
1176 1.7738
701 0.131653
458 -0.382812
33 -2.14546
1153 1.74512
815 0.146973
433 -1.04163
451 -0.384827
267 -2.39584
1222 4.52905
919 1.32379
232 -1.04163
1211 4.5946
576 -0.217163
613 -16.9957
320 -1.67227
187 -0.518631
1097 0.763794
1110 2.95142
961 0.0891113
33 -2.14608
719 -0.0587769
801 0.0429688
962 0.79718
1229 1.20996
422 -0.345612
490 -0.314941
852 0.516418
788 0.00323486
1128 0.151978
901 0.128601
219 -0.72551
745 -0.0731201
1222 4.53577
886 0.196777
884 0.164551
225 -14.3984
115 -0.770226
869 0.722534
352 -0.773285
720 0.532593
570 -0.214661
651 -16.6434
1084 2.12842
273 -0.624603
160 -0.759338
836 0.218079
172 -0.799652
811 0.0614624
942 1.41351
877 0.152954
332 -1.98053
1229 1.20972
307 -0.608307
1230 0.709839
459 -0.359314
211 -33.0692
332 -1.98035
334 -1.45352
185 -0.745605
1114 0.433838
690 -15.9167
1176 1.82129
440 -0.688995
716 -0.148254
737 -0.0918579
460 -0.370392
575 -0.329102
995 0.293213
612 -0.193848
1032 0.28772
142 -3.47479
735 -0.104492
1086 0.322021
911 0.965698
744 -0.0749512
828 0.0970459
307 -1.64374
202 -9.46124
1224 0.194214
303 -1.7558
1110 0.597656
320 -1.67221
867 0.398499
1084 2.12842
407 -0.396423
422 -0.345673
464 -0.343201
956 0.778625
711 -0.134583
403 -0.987823
1123 -13.2386
172 -0.799713
355 -1.36026
1197 0.419067
199 -9.66467
1041 1.93091
236 -0.656464
547 -0.212219
5 -1.01582
852 0.517761
858 0.502136
33 -2.14556
230 -0.689896
865 0.32959
453 -0.426941
1180 1.81042
163 -0.784653
1223 4.70337
261 -0.658569
171 -0.698059
1222 4.53564
479 -0.338928
195 -0.767822
773 0.0195923
809 0.0526123
794 0.03302
172 -0.799545
415 -0.300446
961 -20.0811
1063 0.479126
877 0.970825
1221 4.21875
888 0.994141
160 -0.759293
676 -16.3973
450 -0.332184
672 -16.5961
877 0.971802
1235 0.397095
325 -0.538055
354 -1.4985
1032 0.29248
884 0.164368
1012 2.72571
225 -0.812134
1213 -0.000610352
863 0.143127
315 -0.582916
801 0.0427856
0 -12.2484
34 -6.41795
578 -0.293274
863 0.144165
887 0.446289
407 -0.34549
468 -0.399811
966 0.183105
828 0.0968628
671 -16.4407
1023 1.70514
625 -0.191162
355 -1.33179
201 -4.30653
1084 -4.68652
1222 4.53601
375 -0.409027
891 0.17688
279 -0.655609
1190 1.75793
319 -1.50616
194 -0.75737
934 -19.1918
1190 1.75854
1206 4.30176
943 -2.78003
774 -0.0251465
581 -0.180969
578 -5.86755
594 -0.210449
3 -3.17846
134 -0.667877
1036 0.306396
1141 1.44714
408 -1.26929
857 0.219849
375 -1.31454
483 -0.34848
471 -0.303253
962 -20.4826
329 -1.55942
399 -0.286346
359 -1.45734
1208 0.70874
22 -5.82937
1222 4.53418
757 -0.0422974
298 -1.21677
721 -0.0932617
263 -0.617554
547 -0.212219
949 0.21991
456 -0.371521
1222 4.53577
1008 0.124512
190 -0.61676
1020 0.114929
547 -0.213074
581 -0.179932
743 -0.0598145
700 -0.159729
440 -0.361176
296 -0.626038
672 -16.5961
1213 -0.000854492
517 -0.162659
794 0.0328369
571 -0.230835
296 -0.625549
1213 -0.000488281
994 0.297119
1023 1.70544
720 0.532593
898 0.179565
877 0.969788
773 0.0692139
890 0.116394
830 0.115479
856 0.0942993
1059 2.50549
174 -14.3969
889 0.186401
1229 1.20996
773 0.0697021
190 -36.6412
41 -6.40303
1176 1.76929
705 -11.8486
201 -4.2999
1031 0.206177
770 0.155518
1154 1.74548
213 -31.1177
160 -0.759323
409 -0.859039
1115 0.589111
552 -0.188599
1213 -0.000610352
1114 0.43335
1077 0.134521
305 -1.7709
307 -0.615967
150 -0.813477
1091 2.68738
846 0.711426
325 -0.536438
852 0.278442
370 -0.388519
1073 0.419067
101 -1.20448
294 -0.576843
930 0.339478
47 -0.783363
1202 1.82751
958 0.808594
361 -0.256348
1230 0.714966
355 -1.33179
1153 1.76929
468 -0.460022
812 0.0662231
1123 -13.2416
924 0.267395
700 -0.160278
1008 0.129944
901 0.231445
1168 3.99683
929 0.333557
599 -12.4012
424 -0.265625
394 -0.375702
1133 -15.0358
1184 1.82373
1048 0.485107
852 0.516479
1033 0.279053
594 -17.8854
1197 0.418823
788 0.0032959
863 0.140808
354 -1.49875
501 -0.193359
115 -0.770317
183 30.5175
330 -0.779572
1073 0.417969
937 1.31567
201 -4.31628
540 -0.184753
342 -0.310791
774 0.185181
183 -0.82605
719 -0.110229
1063 0.479248
150 -0.81337
1083 -1.03687
252 -31.2927
468 -1.16684
548 -0.290222
721 -0.0932007
381 -0.28299
115 -0.770042
1115 0.591187
1102 0.539429
669 -16.5476
825 0.206848
848 0.15564
1168 3.99683
1106 1.49988
225 -0.799301
1105 0.551514
583 -6.18347
880 0.176147
381 -0.283325
357 -0.335693
315 -1.4328
1175 1.86279
1195 1.50867
949 -19.5483
1010 0.0682983
968 0.782166
766 0.0829468
921 -19.4722
590 -0.219788
884 0.164612
593 -17.7036
484 -0.421509
1222 4.53162
1216 2.1709
600 -17.21
1073 0.417603
664 -16.5718
555 -0.244568
599 -12.3982
617 -0.200317
850 0.162659
1141 0.620605
477 -0.461212
1151 1.7467
483 -0.352142
537 -0.464722
307 -0.607849
1118 0.535156
845 0.146057
1046 0.362183
1009 0.128174
320 -0.61853
856 0.0941772
998 0.309204
788 0.00354004
1033 0.276367
461 -0.351349
769 -0.0240479
1048 0.484985
1082 0.502563
1054 0.462891
779 0.041748
393 -0.386902
1175 1.85986
876 0.441101
162 -0.756622
469 -0.362885
378 -59.8363
964 0.98053
468 -0.45993
887 0.445984
1033 0.280151
751 -0.0270996
747 -0.0733032
967 0.282593
876 1.12317
1134 0.458618
172 -0.790894
566 -0.210693
719 -0.110535
768 -0.0322266
296 -0.624634
961 0.84967
498 -0.28653
966 0.771667
680 -16.2174
1063 0.480225
325 -0.918091
150 -0.814041
1111 -21.3275
878 0.364624
278 -0.587036
258 -0.566956
547 -0.270508
370 -0.73349
1231 4.81116
743 0.0184326
405 -2.65692
1032 0.292725
286 -0.526031
698 -14.8003
832 0.117676
106 -0.790451
225 -14.3793
132 -0.634415
1165 1.81665
719 0.614014
554 -0.231079
337 -1.35687
490 -0.317413
490 -0.317413
910 -2.34351
296 -0.624725
1226 0.241699
395 -0.371368
1151 1.72107
1140 0.301758
1133 -15.0571
233 -0.678818
801 0.0423584
808 0.0930176
1006 1.61884
1133 -15.0583
413 -0.301514
1176 1.77161
453 -0.407501
794 0.0326538
1234 1.45703
801 0.0428467
1086 0.322144
1086 0.322144
329 -1.3559
547 -0.212402
877 0.150391
1113 0.535278
998 0.309509
172 -0.799561
531 -0.193909
961 0.221069
341 -1.38525
452 -0.352478
325 -0.528961
1233 4.81787
239 -1.05568
1084 -4.68738
420 -0.312225
886 0.166138
1084 -4.6842
1115 0.590942
1212 0.713501
535 -0.272949
703 0.280518
494 -0.355316
788 0.00317383
1163 4.09167
36 -2.15105
945 0.464661
1161 0.527588
705 -0.0784912
766 -0.00946045
1186 0.773438
233 -0.682053
1075 0.555664
884 0.164368
1230 5.21655
808 0.0942993
677 -16.5792
399 -0.286469
375 -1.3157
1084 0.0714111
241 -0.745224
496 -0.299927
1165 0.631958
425 -0.320526
773 0.0697632
673 -16.4099
3 -3.1785
246 -0.639771
414 -0.299896
887 0.446777
1056 0.460938
280 -0.629364
241 -5.98169
1048 0.213745
720 0.534424
613 -16.9957
907 0.175598
198 -25.0056
1063 0.47937
219 -0.729752
877 0.150391
998 0.309143
739 -0.0565796
225 -14.3725
1021 0.2229
738 0.0306396
1008 0.124451
787 0.0512085
1022 0.232971
587 0.192749
240 -0.725006
1104 0.416138
1129 0.581787
665 0.152588
1197 0.419067
32 -2.33825
858 0.138794
720 0.534851
1236 4.96875
1207 0.180786
877 0.981384
1197 0.428955
711 -0.134888
625 -16.9694
1081 0.486572
315 -1.43286
808 0.0952148
612 -0.188599
1239 5.28857
780 0.0022583
1156 1.77527
940 -2.35321
448 -0.377441
309 -0.595886
532 -0.27887
271 -0.675995
595 -17.4127
201 -4.30145
904 -1.92749
788 0.00335693
7 -6.99528
592 -17.6653
649 -0.160339
1234 1.45667
649 -0.160217
1203 4.29321
396 -0.356079
752 -0.0348511
671 -15.6885
1222 4.53577
719 -0.110596
1223 4.56421
1068 0.460327
890 0.122864
1022 0.197754
174 -14.3924
828 0.0975342
533 -0.286316
943 -2.7821
495 -0.351013
819 0.090332
353 -0.511749
273 -0.720367
1086 0.769165
1130 0.565918
655 -12.6219
149 -0.756485
592 -0.213562
965 0.792969
1084 0.530518
446 -0.394562
440 -0.688568
863 0.144104
540 -0.178833
828 0.09729
1165 0.632935
845 0.146118
141 -0.745285
1186 0.773682
749 -0.0470581
614 -16.9296
446 -0.393951
908 -2.29547
966 -20.1096
1075 0.552124
829 0.10199
502 -0.321869
700 0.118896
1115 0.597412
908 -3.4256
797 0.0687256
474 -0.252258
1024 0.137817
552 -0.280151
315 -0.583008
702 0.388916
821 0.0767822
329 -1.35648
1213 4.66577
931 0.348633
129 -0.72995
104 -0.568268
257 -0.658081
1114 0.550415
898 0.176575
195 -36.4029
884 0.164551
390 -0.4245
1208 0.708862
317 -1.58591
775 -0.0281372
460 -0.39389
171 -0.678894
754 0.0391846
1161 0.526001
1092 0.567261
517 -0.293823
4 -0.889671
718 -0.108276
1172 4.27136
672 -16.5961
1033 0.285522
708 -9.65656
1114 3.80017
315 -1.43292
807 0.0657959
773 -0.0147095
329 -1.35568
399 -0.286987
389 -1.25189
1225 5.85181
1020 0.23999
757 -0.0423584
40 -2.06963
754 0.0393066
851 0.143799
1200 4.37036
886 0.401611
292 16.2614
995 0.278748
538 -0.227905
1115 0.590942
1208 1.23682
1186 0.773438
317 -1.58597
718 0.542114
929 0.346558
1086 0.322388
115 -0.770149
1203 1.84912
1117 0.553101
896 0.448181
1186 0.773315
834 0.135437
767 -0.00305176
307 -1.64389
702 0.374268
829 0.09729
704 -12.8717
1033 0.281128
573 -0.717712
1138 1.62866
720 0.534424
577 -1.13861
941 1.40753
10 -2.75553
1218 4.45569
809 0.0521851
132 -0.594482
1176 1.77136
323 -0.518738
5 -0.888701
905 -0.382568
1198 1.42444
877 0.980896
262 -0.649323
1048 0.485229
1137 1.62781
1236 1.82483
950 0.253784
33 -2.14561
757 -0.03302
1180 1.7655
262 -0.656342
1152 1.75525
835 0.153076
1217 0.642212
1114 0.56189
453 -0.3284
900 0.169373
700 -12.8978
825 0.0971069
531 -0.193909
307 -1.6438
888 0.860535
1203 4.25073
424 -0.265656
863 0.143433
246 -2.42323
468 -1.16675
878 0.365173
657 -16.6197
834 0.136353
828 0.0977783
797 0.0618286
1104 0.209473
1176 1.77344
1211 4.6355
829 0.101929
1137 1.62805
596 -0.128601
7 -6.87786
1084 0.0739746
856 0.0935669
920 0.34729
788 0.00335693
774 0.0776367
731 -0.12207
1141 1.44714
317 -1.58594
1208 0.708618
768 -0.0323486
1114 3.61389
794 0.0571899
981 -0.8125
232 -33.212
1019 0.236511
453 -0.330261
186 23.4913
1230 0.602417
720 0.532654
1178 4.11841
174 -14.3949
1085 0.820801
971 0.883484
1048 0.484863
1022 0.203491
1073 0.419312
1213 -0.000732422
1222 4.53613
895 0.210205
824 0.0950317
971 0.251709
794 0.263367
678 -16.311
181 -0.771317
1048 0.484985
365 -0.424377
900 -2.38477
1115 0.590698
33 -2.14611
1216 4.68213
836 0.223206
630 -0.168152
874 0.166504
92 -0.596359
75 -0.852379
1207 4.26306
1202 1.82727
828 0.0974731
1130 0.489746
887 0.446289
821 0.188965
581 -0.181519
1210 4.40588
1133 -15.0637
1008 0.124084
1175 1.86023
1100 0.554199
1106 1.50037
808 0.0928955
1048 0.485229
367 -0.507935
122 -0.774269
79 -0.819122
965 -20.3553
878 0.364807
773 -0.0304565
878 0.172913
320 -1.67258
852 0.517212
33 -2.14553
315 -1.43307
1063 0.479004
863 0.143982
217 -31.6017
954 0.202026
898 0.199036
1166 1.79333
830 0.0980225
1208 0.70874
497 -0.368317
796 0.0594482
1175 1.85999
809 0.0525513
815 0.0665894
490 -0.314392
840 0.122314
494 -0.0965271
1230 0.716797
1133 -15.0222
452 -0.377777
1089 0.579712
671 -15.6886
1222 4.53186
780 -0.0181274
598 -0.224731
509 -0.269043
367 -0.505554
770 -0.0410156
1141 0.30542
1085 1.02856
364 -0.37027
1208 0.708618
237 -0.906982
980 0.423828
622 -0.196533
834 0.13623
468 -0.460236
1210 0.495605
141 -0.743271
218 -0.771805
381 -0.410065
354 -1.49246
325 -0.52887
253 -0.754639
407 -0.396179
1230 0.713501
758 -0.0418091
423 -0.293365
126 -4.64648
1025 0.178711
243 -1.09108
468 -1.16663
423 -0.357361
754 0.0392456
808 0.0925903
549 -0.195984
464 -0.340118
1041 1.93225
305 -1.44281
389 -1.2515
751 -0.0224609
768 -0.036377
795 1.59662
852 0.516846
829 0.101562
173 -17.339
1075 0.524536
456 -0.392181
877 0.981445
1227 4.61743
392 -6.59952
208 -0.699097
174 -14.3959
472 -0.335449
845 0.144043
794 0.0297852
980 0.870605
475 -0.387787
230 -0.750824
1147 1.59229
1239 5.35706
625 -0.200623
995 0.278198
405 -4.98102
964 0.222107
756 -0.0269775
1191 0.758179
1227 4.41846
417 -0.297699
1008 0.130859
219 -0.725449
863 0.140625
468 -0.219635
741 0.00872803
1114 3.61365
690 -15.574
993 0.072876
945 1.03821
456 -0.369141
233 -1.10748
1236 1.82507
982 0.370728
13 -2.51472
1091 0.534668
141 -0.743942
354 -1.49216
1192 1.88245
304 -1.78491
1235 4.67737
1207 0.422729
1123 -13.2493
826 0.105042
985 0.43811
100 -4.77988
169 -0.757416
821 0.144409
1176 1.77185
398 -0.371643
462 -0.39624
829 0.0894165
604 -0.279236
226 -2.57961
737 -0.0918579
1197 0.419067
247 -0.647278
47 -0.782921
1041 1.93213
757 -0.0230713
884 0.164368
1239 0.651123
296 -0.624725
964 0.980591
949 0.219666
40 -2.11229
169 -0.757568
768 -0.0324097
1230 5.27478
1229 0.713257
595 -0.211792
410 -0.308655
854 0.0947266
374 -0.42984
958 0.79071
37 -2.25832
773 0.0692749
637 -16.8634
884 0.164856
292 -0.54071
770 -0.0587769
1238 15.5338
897 -0.512695
399 -0.28595
616 -17.0448
612 -0.188538
464 -0.38855
600 -0.21936
313 -0.545563
1144 1.65906
490 -0.328491
595 -0.210938
240 -0.725388
1226 4.62537
772 0.0359497
467 -0.294342
279 -0.61734
1228 4.73352
1123 -13.2452
305 -1.07959
523 -0.103333
945 0.837341
551 -0.218811
439 -0.38089
700 0.23114
776 0.664429
625 -17.2475
353 -0.451294
826 0.0788574
1115 0.590942
1212 4.61023
844 0.226135
995 3.03967
749 -0.0457764
876 0.430969
849 0.153503
894 0.416016
620 -16.9776
454 -0.338043
329 -1.35571
271 -0.638519
40 -2.06972
33 -0.787914
1096 0.563354
1101 0.264771
651 -0.226196
719 -0.107666
1168 -23.7899
716 -0.0541992
437 -0.383484
1227 4.41931
857 0.178467
1229 0.281494
1078 0.461182
587 -0.216614
651 -0.211426
758 -0.0418701
773 -0.0155029
856 0.0878296
749 -0.0471802
879 0.322815
1138 0.326782
555 -0.244141
682 -16.2039
1225 4.69617
302 -1.75433
751 -0.0230103
649 -0.160339
966 -2.9718
1033 0.278076
488 -0.394653
1191 1.77539
599 -0.123657
1080 0.44751
768 -0.0324707
1186 0.773071
817 0.0411987
748 -0.0352783
27 -2.14066
1056 0.462036
1135 0.362183
1175 1.77588
781 0.00134277
232 -1.04164
1064 0.332886
1114 3.61499
805 0.0838623
798 0.0496216
923 0.267151
794 0.0730591
982 0.272034
284 -0.571472
935 -19.1364
1120 0.380981
801 0.0544434
392 -0.401886
150 -0.813431
769 -0.0352783
483 -0.324341
998 0.260315
1195 1.50806
1168 -23.7858
58 -0.807762
737 -0.0978394
174 -14.3886
965 -20.6122
570 -0.208618
858 0.0907593
319 -1.4491
834 0.137695
44 -2.05632
808 0.0929565
161 -3.92783
1179 1.79028
1069 0.452881
856 0.0936279
612 -0.193726
171 -0.678741
711 -0.133301
1189 0.756104
768 -0.00604248
1056 0.461426
553 -0.185059
557 -0.325256
1056 0.457642
856 0.1073
790 0.00811768
794 0.0733032
808 0.0929565
1087 -3.39551
580 -0.187744
354 -1.49832
272 -0.45932
40 -2.1123
964 0.193298
296 -0.529633
1195 1.51355
892 0.34668
878 0.365051
739 0.186646
1175 1.85974
814 0.106628
1132 1.61975
931 1.58026
711 -0.141541
1104 1.47668
738 -0.0542603
866 0.169983
834 0.13562
5 -0.888706
977 -4.29248
890 0.387634
575 -0.261719
200 -0.761993
847 0.0518188
560 -0.227417
928 0.717407
303 -1.80234
1236 0.693604
628 -0.205627
141 -0.745529
842 0.0975342
475 -0.32193
315 -1.43289
740 -0.0693359
296 -0.62616
564 -0.203003
776 -0.0275879
1111 -21.7864
315 -1.43295
1124 0.523682
1191 1.77429
793 1.61731
35 -2.25324
1148 1.79041
1112 -21.4105
468 -0.260834
1186 0.772949
150 -0.813171
129 -0.730087
612 -0.188843
692 -0.160645
1061 0.356445
919 1.35577
1133 -15.0194
102 -0.80468
834 0.137024
718 0.542053
476 -0.437225
475 -0.379578
890 0.121765
757 -0.0425415
543 -0.249207
1230 4.99231
32 -1.99241
195 -36.403
538 -0.256287
835 1.49329
732 0.666443
623 -0.176575
246 -0.639847
490 -0.347107
1222 4.53064
37 -6.3957
945 1.03687
1175 1.78235
781 0.0606079
53 -5.48349
195 -0.797882
841 0.138062
1004 -1.28253
772 0.0358887
863 0.137451
580 -0.223816
808 0.0928345
1149 1.8396
252 -0.7061
375 -1.31403
566 -0.206116
580 -0.457703
124 -0.784973
700 -0.14679
875 0.175537
134 -0.668076
580 -0.184998
1055 0.391235
1188 4.20361
113 -0.753418
659 -14.1471
865 0.333984
878 0.365051
171 -0.678848
1160 1.76868
702 -13.032
1115 0.597168
171 -0.678711
219 -0.728867
556 -0.265015
462 -0.393372
814 0.0637207
762 -0.00769043
1057 0.320679
36 -6.41328
563 -0.253845
1230 0.710205
566 -0.186096
516 -0.297302
1193 1.89587
1105 0.557617
826 0.0786743
1216 6.45886
1014 0.10022
961 1.25543
468 -0.219727
22 -6.59353
1123 -13.2356
1017 -4.22644
211 -0.79512
995 3.0401
389 -0.444946
871 0.384277
982 0.27417
996 0.2995
1211 0.611572
665 -16.5704
272 -30.4287
1110 0.597656
738 -0.0750732
126 -4.19966
69 -0.822403
459 -0.41391
367 -0.446716
98 -0.793221
598 0.0562744
79 -0.832504
1141 0.524292
585 -0.243042
866 0.455811
132 -0.595917
1086 0.322144
1186 0.480469
736 -0.0545654
315 -0.582886
751 -0.0265503
1165 0.632446
161 -0.795349
79 -0.822151
174 -14.402
845 0.144043
863 0.144043
733 -0.0984497
862 0.131409
302 -1.76355
258 -0.560394
909 -2.24139
553 -0.207642
794 0.0697021
280 -0.629669
613 -16.9714
975 1.3999
2 -25.6793
1114 3.61401
783 0.045105
1175 1.86206
494 -0.760345
113 -0.589134
860 0.0702515
232 -1.04175
547 -0.24408
853 0.0874023
828 0.0828247
1148 1.79846
896 0.102417
580 -0.185303
1073 0.418335
751 -0.0249023
33 -2.14569
846 0.753784
559 -0.246033
798 0.686401
248 -0.666748
405 -0.352783
957 -20.1509
938 0.833923
329 -1.35529
978 1.36298
778 -0.0194702
561 -0.242981
475 -0.355621
869 0.338257
451 -0.375397
903 -1.90912
781 -0.0032959
1175 1.86218
901 -7.31158
769 -0.0413208
367 -0.505402
407 -7.03647
1234 0.647217
1046 0.376221
737 -0.0918579
307 -0.616699
825 0.147888
564 -0.197266
601 -0.229065
54 -1.48222
337 -1.47906
876 0.42981
1076 0.556396
242 -0.701233
5 -0.889016
1141 0.620605
40 -2.0891
463 -0.359589
27 -2.12757
1222 4.52905
282 -0.550385
947 -19.9368
794 0.0249023
418 -0.396851
92 -4.95985
834 0.137756
1215 0.61731
165 -0.847275
477 -0.374847
1106 1.49963
1165 0.630859
480 -0.265045
290 -0.607513
225 -14.3719
1196 4.48657
864 0.220032
1232 0.36084
956 1.49103
172 -0.790787
342 -0.310486
861 0.14447
577 -0.581787
291 -0.526062
612 -0.195068
1191 1.88574
754 0.0393066
815 0.141479
924 0.299316
467 -0.271393
711 -0.133789
194 -0.758026
1063 0.479004
637 -16.8633
345 -1.18253
302 -1.78571
1182 0.743652
781 -0.00335693
869 0.729004
924 0.292175
931 1.57922
769 -0.0240479
852 0.103882
1159 0.677124
944 0.831726
198 -0.785309
1234 1.45642
728 0.0164795
553 -0.199219
838 0.108643
477 -0.350769
22 -2.26941
1133 -15.0737
248 -31.0183
772 0.0245972
845 0.14386
737 -0.09198
877 0.981384
768 -0.0322876
703 0.104492
493 -0.391541
320 -0.618195
468 -0.219818
1181 1.81079
739 -0.101624
754 -0.020874
1239 5.50085
295 -1.45782
816 0.0825195
710 -0.155212
194 -0.8116
1230 4.76794
840 0.12085
872 0.358398
804 0.0617065
1186 0.773193
1190 1.75842
184 -3.4984
755 -0.0385132
320 -0.618683
524 -0.243958
700 -0.146851
1013 0.0922852
75 -0.849419
440 -0.68927
1133 -15.0016
939 -19.292
738 -0.0733643
1176 0.712524
488 -0.398956
296 -0.625763
829 0.118713
178 -3.66209
1032 0.292847
40 -2.1122
896 0.448669
580 -0.188354
149 -3.15088
920 0.338867
58 -0.807957
768 -0.03302
756 -0.0100708
817 0.148499
731 -0.0981445
493 -0.383179
1117 0.500977
536 -0.250244
1107 -0.65625
801 0.0733032
729 -0.116882
522 -0.215576
476 -0.334503
855 0.376343
1229 1.20996
836 0.134094
944 0.831055
909 -1.73273
866 0.258362
1186 0.773682
184 28.2823
784 0.0169067
307 -1.52368
801 0.0429688
321 -1.39688
131 -0.566742
523 -0.27948
856 0.0892334
1203 1.84912
876 0.44104
807 0.0643311
171 -27.3983
794 0.0697021
234 -2.74232
553 -0.225159
828 0.0861206
1056 0.461426
1230 0.721069
548 -0.215332
580 -0.184937
856 0.0927124
172 -0.799698
1141 0.620483
1133 -15.082
88 -5.57273
734 -0.0917969
863 0.143921
892 0.178162
238 -0.753464
965 1.25214
869 0.374084
1227 4.41772
835 0.133911
1222 0.635498
756 -0.0351562
607 -0.254333
994 0.286255
1236 1.82227
1213 5.90637
174 -14.8152
596 -0.225342
1176 1.77319
58 -0.807487
831 0.104004
924 0.292114
924 0.292236
489 -0.130341
914 -7.20618
574 -0.563843
352 -0.776978
278 -0.587097
325 -0.52887
127 -4.29932
465 -0.392395
1106 -21.0044
0 -7.58064
1038 0.293457
560 -0.214661
441 -0.311859
598 0.0560303
1234 0.678345
1089 0.516846
894 0.184509
463 -0.348389
737 -0.0918579
570 -0.219299
245 -0.736893
239 -30.2045
818 0.0785522
840 0.126099
1108 0.587769
467 -0.269745
501 -0.263458
405 -0.354309
1144 0.686157
876 0.535217
580 -0.213196
714 -6.76428
751 -0.0388184
769 -0.027832
51 -1.73231
806 0.0396729
772 0.0446777
1114 0.434326
828 0.109497
58 -0.808029
828 0.0970459
1222 4.53503
1014 0.0667725
741 -0.0532837
772 0.0445557
791 0.0313721
851 0.147095
1190 1.89429
714 -0.163818
22 -5.83024
700 0.119202
438 -0.375458
200 -0.787766
1056 0.461182
468 -0.231567
1075 0.561401
468 -0.229279
987 0.29187
780 0.300049
604 -8.51971
75 -0.852303
1230 0.710449
1186 0.32666
768 -0.03302
827 0.175476
859 0.148865
598 -16.787
364 -0.363861
469 -0.3909
549 -0.629944
895 0.0374146
767 -0.00476074
1200 5.80127
886 0.408691
944 0.832092
449 -0.380493
1073 0.440552
367 -0.503845
267 -0.608398
1236 1.82532
129 -0.727615
1197 4.33154
996 -20.4496
762 -0.00170898
861 0.131836
1077 0.606323
556 -0.260986
690 -15.5535
150 -0.813492
942 0.862488
813 0.0579224
1141 1.44995
808 0.0927124
296 -0.530457
950 0.253723
320 -0.620911
625 -17.2474
913 0.170898
656 -0.196411
794 0.0298462
1132 0.62793
367 -0.508209
1048 0.355225
468 -0.229218
766 -0.0159302
126 -4.64632
536 -0.252014
485 -0.300873
626 -16.9608
468 -0.273712
1101 3.29712
653 -0.198364
1144 1.21826
79 -0.652153
582 -0.211487
541 -0.255066
998 0.309387
690 -15.5758
1098 0.553345
1225 4.63025
115 -0.770851
877 1.11346
7 -6.99533
752 -0.0272827
1026 0.161377
471 -0.342499
831 0.13446
843 0.124939
1240 4.87146
1115 0.591187
1231 6.49158
654 -0.160828
833 0.178955
504 -0.301575
808 0.0928955
683 -16.1279
835 0.17865
536 -0.251343
1083 0.498779
848 0.118652
1085 0.49585
1056 0.461182
340 -1.22662
702 -9.27545
1190 1.75793
865 0.27533
542 -0.242737
877 0.981567
36 -5.63151
878 0.516174
878 0.36499
282 -0.560303
850 0.127686
809 0.0525513
468 -0.21933
1227 4.72607
589 -19.116
58 -0.807796
161 -3.92885
710 -0.0866699
692 -0.160583
826 0.0787964
490 -0.317749
638 -0.194153
833 0.110413
1107 0.542847
556 -0.224243
921 -19.4723
307 -0.613007
755 -0.0338135
803 1.56549
806 0.081665
518 -0.261292
537 -0.223633
407 -7.03662
608 -0.198486
148 -3.99544
995 3.03992
372 -1.84991
69 -5.28125
809 0.0753174
711 0.405273
1176 1.76965
834 0.141418
1212 4.64355
591 -0.256287
1122 0.55542
1106 1.49805
1038 0.281372
569 -0.238281
750 -0.0186768
580 -0.187927
855 0.127991
612 -0.189026
759 -0.0196533
1176 0.711548
518 -0.25293
1073 0.480469
1165 0.631836
758 -0.0336304
10 -2.75428
608 -16.9785
734 -0.057373
463 -0.406891
465 -0.387054
830 0.107788
1215 5.91113
1012 0.074707
1193 1.78394
27 -0.816303
671 -15.6882
407 -0.396362
428 -0.707794
1084 -4.68982
855 0.158752
777 -0.0272217
446 -0.368073
208 -0.796707
1227 4.41772
828 0.0904541
234 -2.74321
801 0.052002
21 -1.17299
521 -0.298523
777 0.298401
1219 0.651123
234 -2.74289
131 -0.593613
225 -2.54979
794 0.0509644
1044 0.326294
939 -0.160156
160 -0.79538
131 -0.566742
536 -0.256409
1239 5.96436
1170 0.636963
720 0.533569
977 -3.06421
449 -0.336151
195 -0.859238
475 -0.394073
814 0.064209
580 -0.185913
1111 -21.7881
852 0.104126
884 0.164551
961 0.0908813
1084 0.83313
1144 1.21826
958 0.850037
824 0.200562
370 -0.431061
766 -0.0307617
1063 0.480225
461 -0.389557
649 -16.678
1098 0.227051
808 0.0931396
229 -0.706375
299 -1.50131
836 0.150085
808 0.0925293
258 -0.56842
1056 0.46106
516 -0.293945
886 0.421692
580 -0.188354
1187 0.75
536 -0.252136
375 -1.31604
481 -0.304993
241 -0.744186
470 -0.355621
748 -0.0354004
247 -0.67392
10 -2.75464
876 0.535278
834 0.138123
801 0.0421753
10 -2.75439
777 0.0151367
992 0.275574
386 -1.38394
1010 0.163696
327 -0.602051
720 -0.168213
101 -1.20506
840 0.111938
715 -0.128906
37 -2.24482
244 -0.823166
516 -0.293274
945 -0.384888
620 -16.9742
224 -0.765091
570 -0.210083
169 -0.757401
10 -2.75457
1214 1.96289
748 -0.0309448
581 -0.179871
847 0.175842
626 -17.2725
1176 1.77136
366 -0.438538
389 -1.25146
654 -0.169922
608 -0.192383
484 -0.309845
468 -0.219391
1165 0.631958
161 -0.792465
423 -0.408173
546 -0.129456
523 -0.295593
1237 4.71167
887 0.321838
552 -0.188599
771 0.076416
1126 0.496338
664 -0.176758
564 -0.183838
195 -0.778397
258 -0.561066
485 -0.351135
1206 4.30371
472 -0.336243
567 -0.215759
1063 0.479492
279 -0.584656
880 0.171509
1190 1.7561
115 -0.770721
654 -12.7408
834 0.13562
1044 0.353394
1190 4.31873
914 -0.0927124
370 -0.431
355 -1.33173
143 -0.686203
810 0.409851
788 0.0246582
463 -0.381287
961 0.455139
980 0.935059
1114 0.433838
462 -0.349304
618 -0.186584
10 -2.45322
258 -0.56839
99 -5.42677
898 0.258362
534 -0.270935
835 0.110352
598 -16.9796
454 -0.355652
317 -1.58594
768 -0.0323486
538 -0.228027
876 0.440491
608 -0.206787
981 2.3161
1073 0.420776
1231 6.49097
868 0.127869
996 -20.4496
33 -2.14558
853 0.596436
446 -0.395721
542 -0.246582
1073 0.428101
852 0.10376
742 -0.0334473
835 0.133423
863 0.14325
467 -0.294464
580 -0.231018
459 -0.391113
1213 -0.000732422
1021 0.232666
470 -0.349762
115 -0.770348
718 -0.108154
862 0.154114
790 0.00488281
286 -0.627869
222 -0.80925
1004 -20.6387
379 -0.451965
489 -0.330872
814 0.0698853
483 -0.349518
703 0.0612183
877 0.981323
956 0.410217
612 -0.188538
271 -0.630096
924 0.264343
626 -16.8657
838 0.0905151
1191 1.88586
859 0.125732
598 -0.235168
540 -0.241028
1220 0.655884
840 0.151245
834 0.137939
671 -15.6886
814 0.0474243
821 0.0753174
792 0.0534668
3 -3.17783
131 -0.593872
258 -0.568573
329 -1.35611
536 -0.251343
829 0.0993652
555 -0.184998
1190 1.75818
131 -0.594009
470 -0.389008
824 0.118652
533 -0.263
757 -0.0350952
742 -0.0335693
783 0.0314331
5 -0.888888
757 -0.0349121
477 -0.365326
862 0.109314
1070 0.450562
319 -1.44955
454 -0.344208
896 1.09143
924 0.291321
328 -0.64035
877 0.980896
117 -4.21126
205 -0.823334
1074 0.522095
754 -0.0223389
364 -0.443329
828 0.0823975
751 -0.0227661
893 0.422546
168 -0.706085
1222 5.90125
466 -0.309143
20 -0.790915
1240 0.135864
1194 4.31421
270 -0.624878
33 -2.24809
1063 0.479126
1076 0.583008
1208 0.708618
150 -0.812332
367 -0.507294
976 0.273499
1044 0.343628
1104 2.8313
210 -0.684937
1034 0.299561
225 -0.904709
922 0.888916
1114 0.435791
33 -0.787792
1059 0.472534
764 -0.0241699
177 -0.722977
857 0.129944
258 -0.561188
858 0.150391
1135 0.388672
549 -0.299988
1112 1.22742
468 -0.271667
1123 -13.2545
829 0.104187
843 0.119568
898 0.119202
794 0.0699463
758 -0.0231934
856 0.0891724
404 -0.320374
201 -3.21294
495 -0.352753
107 -0.797142
638 -0.192505
591 -20.752
350 -0.491821
1092 0.512817
601 -0.1922
824 0.200012
768 -0.0319824
1196 4.51562
580 -0.186218
201 -4.30127
297 -0.565979
1205 4.3656
58 -0.812241
354 -1.49756
1063 0.478638
771 -0.0239868
1047 0.326172
482 -0.345062
420 -0.418488
115 -0.770035
1008 0.128357
929 0.298096
998 2.2002
1187 1.76294
813 0.0518188
795 1.2608
815 0.0900879
890 0.82959
767 -0.0105591
817 0.0744629
389 -1.25171
764 -0.0278931
101 -1.21143
710 -0.0979614
846 0.123291
307 -1.64371
236 -1.09749
672 -16.5961
1222 4.53064
258 -0.568665
40 -2.11353
1178 4.12256
637 -16.8633
1063 0.478882
896 0.213989
1137 1.62781
683 -0.138123
794 0.0698242
625 -0.211426
580 -0.185425
606 -16.2803
726 -0.143311
982 0.274109
1115 0.590698
530 -0.25354
236 -31.8628
1216 6.42615
482 -0.336914
246 -0.639816
131 -0.593628
869 0.206421
818 0.0975952
263 -0.639343
1061 -4.49231
924 0.290955
804 0.0805664
580 -0.451538
272 -0.69986
799 0.0615234
590 -0.247925
484 -0.345367
878 0.365051
79 -0.820671
850 0.0996704
641 -21.7343
860 0.132812
1039 0.318237
1060 0.499878
1063 0.47876
814 0.146606
751 -0.0290527
180 -0.747757
271 -0.608459
1048 0.214966
879 0.182373
350 -0.487701
1201 0.401855
1096 0.639648
1107 0.544434
1024 0.171143
765 -0.0136719
169 -0.757904
504 -0.301697
1106 2.31421
1063 0.47937
1017 3.49426
671 -0.135681
559 -0.238281
1114 0.433716
479 -0.312561
1159 3.95178
1232 5.20215
296 -0.624329
845 0.143982
1237 4.89209
739 -0.0466309
1210 4.57629
114 -4.55632
1229 4.67578
731 -0.122375
1004 -20.6234
1130 0.596558
116 -4.4811
697 -0.09729
1005 0.046814
569 -0.237488
814 0.0762329
344 -1.3822
1158 1.99438
172 -0.799698
1091 0.528198
182 -0.661285
751 -0.022583
857 0.151245
1204 4.44006
468 -0.261322
1225 0.665405
1106 1.50073
1017 0.822632
769 -0.0357056
828 0.0976562
844 0.130676
794 0.0733643
752 -0.0147095
988 2.28113
466 -0.33783
733 -0.106201
932 0.772522
1083 0.498901
386 -0.407196
612 -0.186035
873 0.180298
284 -2.22672
479 -0.331055
525 -0.309692
307 -0.592407
770 0.0184937
837 0.116882
602 -0.220459
131 -0.593643
364 -0.363586
307 -1.64365
572 -0.274902
291 -0.642303
541 -0.255798
275 -0.563202
791 0.00537109
888 0.953003
799 0.0715942
1097 0.575806
1161 0.52771
454 -0.36972
41 -2.28738
805 0.0736694
517 -0.267029
466 -0.391846
964 0.980591
1236 1.82507
309 -0.58725
40 -2.06958
128 -0.779556
803 0.0462036
1049 0.389893
170 -3.68417
752 -0.0310669
34 -2.23724
768 -0.0324707
686 -0.130615
251 -0.643051
905 0.169617
468 -0.261169
834 0.138245
1092 0.52478
467 -0.29422
753 -0.0505981
732 -0.0839233
541 -0.236938
773 0.0692749
85 -5.00626
1143 0.557739
518 -0.282227
731 -0.122314
671 -0.151978
141 -0.745758
694 -0.136414
561 -0.23114
749 -0.0397339
731 -0.122314
343 -1.44092
1143 0.556396
172 -0.799713
1102 1.93665
1016 0.150208
1102 0.599121
834 0.137756
48 -2.22727
467 -0.294708
477 -0.343536
273 -0.695709
1033 0.201904
1118 0.531372
449 -0.365631
1208 0.70874
630 -0.220947
490 -0.31366
756 -0.027771
1176 0.711548
849 0.124512
234 -1.00078
1210 4.28992
859 0.120422
217 -0.65361
742 -0.0465698
794 0.0698853
456 -0.372772
794 0.0323486
715 -0.175415
829 0.11438
648 -0.244202
146 -4.04591
827 0.170532
300 -1.57281
1057 0.389282
859 0.125366
891 0.426392
767 -0.0133667
528 -0.245789
768 -0.0322876
239 -0.772415
696 -0.148804
842 0.246155
748 -0.0353394
860 0.13623
857 0.353943
776 -0.0217285
578 -0.245422
354 -1.49326
656 -12.9265
638 -0.192017
307 -1.64368
1234 1.45764
625 -17.2483
566 -0.212708
374 -0.466431
939 0.244019
908 1.25653
984 -17.2257
804 0.0619507
853 0.597717
794 0.0697021
869 0.729553
859 0.195618
809 0.0442505
1071 0.430664
451 -0.578979
829 0.126099
758 -0.0172729
1229 1.20996
1231 6.49158
748 -0.0354004
1235 6.50085
255 -0.68338
402 -0.969147
235 -1.10342
592 -0.21521
568 -0.199341
982 0.274109
179 -0.762589
1165 0.632812
466 -0.380341
591 -0.22406
467 -0.291168
1114 3.61389
248 -0.66066
767 -0.0164185
557 -0.235107
924 0.292358
568 -0.20752
493 -0.377411
837 0.137451
1189 0.735718
905 -1.65155
863 0.133057
98 -0.793007
868 0.153503
1138 3.63074
367 -0.506714
814 0.129944
481 -0.327789
580 -0.230103
766 -0.039917
695 -0.133179
897 1.72766
343 -1.25974
564 -0.203552
612 -0.194275
201 -3.21393
808 0.0909424
848 0.160217
1222 4.53601
856 0.09375
714 0.426941
325 -0.5289
299 -1.61603
225 -0.692627
1093 -3.09143
85 -5.56375
1232 5.08557
1186 1.95129
1124 0.523315
437 -0.383301
1090 0.527222
555 -0.237122
924 0.299988
278 -0.526733
148 -3.98927
337 -1.6358
153 -0.76062
1234 1.45593
550 -0.241272
1077 0.568237
794 0.0734863
525 -0.312073
866 0.307068
876 1.13171
483 -0.324219
1091 0.747559
757 -0.03302
536 -0.237671
540 -0.178894
1006 0.923096
1011 0.0799561
690 -15.5768
1178 4.12646
1142 0.366211
797 0.0457153
40 -2.08968
762 -0.00384521
234 -2.74281
743 -0.0595703
769 -0.0419312
1213 -0.00732422
737 -0.0930786
751 -0.029541
1107 0.543335
159 -4.43915
538 -0.227905
769 -0.0356445
1071 0.412598
816 0.0905762
4 -15.5832
843 0.115417
710 -0.162354
1128 0.60022
149 -0.751678
1056 0.45813
924 0.299866
959 0.776917
591 -0.260071
542 -0.254395
908 -9.99127
69 -0.906464
522 -0.330933
440 -0.689819
257 -2.36975
856 0.153198
1180 2.00061
472 -0.371338
874 0.132507
738 0.737305
1211 4.50903
467 -0.294678
268 -0.612152
732 -0.0858765
437 -0.383392
247 -2.3989
849 0.149658
1064 0.492798
22 -6.58867
773 -0.0195312
458 -0.329498
284 -2.22662
671 -15.6886
944 0.83136
805 0.0714111
119 -4.43284
107 -5.27483
721 -0.0922852
543 -0.247314
472 -0.349792
1125 0.501465
709 -0.148865
1086 0.322144
540 -0.240662
1063 0.479248
841 0.0872803
395 -6.54303
805 1.33466
857 0.127686
1200 5.80139
121 -0.977638
580 -0.187744
774 -0.00634766
742 -0.0323486
633 -23.9191
462 -0.329803
897 1.72418
246 -0.639969
766 0.0702515
728 -0.125854
721 -0.0922852
160 -0.759323
995 0.297791
558 -0.235474
194 -0.818832
671 -0.134949
538 -0.228027
218 -0.752747
879 0.174805
517 -0.286499
375 -1.31393
1063 0.47998
112 -4.9848
1114 0.433594
769 -0.0354614
531 -0.194031
329 -1.3551
1218 0.610962
794 0.0730591
734 -0.0597534
863 0.140747
536 -0.205627
1235 1.23218
85 -5.00677
762 -0.053772
737 -0.0479736
344 -1.5318
468 -0.236786
1208 1.9032
1085 0.48645
254 -0.598053
1114 0.434448
1174 0.669434
357 -0.334991
548 -0.221375
732 -0.106079
103 -4.71276
788 0.000549316
40 -2.10395
878 0.177063
401 -0.417511
159 -0.820099
793 1.17285
838 0.108215
258 -0.568665
364 -0.363342
533 -0.230713
857 1.01349
996 -20.4499
497 -0.9729
860 0.520081
979 0.733826
272 -30.4287
829 0.115784
1213 5.84436
225 -0.797668
1127 0.418091
199 -0.788956
1186 0.773071
247 -0.66156
553 -0.221802
852 0.0949707
317 -1.58575
671 -15.6884
327 -1.58746
977 -5.53552
1190 1.75781
854 0.12793
761 -0.0465088
1050 0.310913
355 -1.35803
322 -1.32483
659 -13.0279
1226 0.286377
796 0.682861
1235 1.22449
1110 0.599365
289 -0.553772
1145 0.688965
1086 0.322144
272 -0.695526
129 -3.76845
247 -0.664856
603 -0.255249
1044 0.298218
520 -0.239807
368 -1.16788
715 -0.132629
518 -0.266479
1227 4.41797
907 -0.493103
637 -16.8636
1059 0.442017
444 -0.366333
596 -0.171631
828 0.674927
160 -0.820206
456 -0.323883
1144 1.7926
824 0.117554
596 -0.221191
432 -1.06091
1044 0.305542
750 -0.0476685
740 -0.0174561
56 -1.84245
201 -3.21404
801 0.0422363
526 -0.242493
944 0.831665
1099 0.54248
246 -0.647537
757 -0.0383911
121 -0.78019
580 -0.187988
638 -0.192627
758 -0.0418701
1017 3.49176
1210 0.610596
536 -0.253174
1176 0.712524
535 -0.223572
548 -0.23407
247 -0.663361
1060 -0.240845
386 -1.39108
944 0.831055
493 -0.376923
1056 0.461426
558 -0.224304
637 -16.8635
561 -0.261719
904 0.147461
788 0.000488281
693 -0.158936
848 0.135132
40 -2.10407
580 -0.437988
769 -0.0373535
859 0.143433
605 -0.254211
1071 0.239624
679 0.323486
975 1.00714
1222 4.53113
377 -0.436462
876 1.12311
851 0.133545
475 -0.36972
969 0.177429
1217 0.607544
348 -0.999146
294 -0.552277
739 -0.0561523
1091 0.465698
1018 0.0822144
1231 6.79138
617 -0.217651
748 -0.0506592
777 0.0757446
250 -0.637054
688 -14.2051
126 -4.64642
1165 0.518433
339 -1.38486
710 -12.4607
364 -0.363129
1055 0.391479
272 -0.662842
203 -4.6281
988 2.88654
817 0.0700684
757 -0.0335083
292 -0.588165
199 -2.92354
856 0.0962524
738 0.0167236
544 -0.22113
838 0.0925293
350 -0.492035
758 -0.0274658
1182 0.631226
638 -0.191956
555 -0.235962
828 0.0969238
876 0.185913
703 0.129944
856 0.0936279
845 0.143921
89 -2.07715
40 -2.07031
196 -3.32198
167 -0.656174
989 2.90631
896 1.09949
580 -0.192383
867 0.146057
1144 1.21814
1189 1.82324
118 -3.08968
494 -0.35611
808 0.0957642
757 -0.00750732
916 2.54279
234 -1.05148
245 -0.723373
118 -4.21611
951 0.842712
367 -1.11908
569 -0.233276
1056 0.461182
1077 0.457397
482 -0.312927
1190 4.31689
1222 5.48828
329 -1.34875
911 0.150024
266 -2.40265
889 4.55835
45 -2.18286
732 -0.10437
957 0.762329
788 0.000610352
126 -4.64635
809 0.0524292
166 -24.8658
166 -0.710571
768 -0.0323486
729 -0.125427
523 -0.231873
876 0.431213
692 -13.3848
201 -3.21262
277 -0.602142
769 -0.0426636
737 -0.09198
488 -0.286469
194 -0.820374
255 -0.667725
421 -0.591888
40 -2.11232
1080 0.831787
834 0.137634
131 -0.593643
818 0.0592651
916 2.54358
367 -0.478485
183 -56.7183
866 2.08148
690 -15.576
713 -5.34869
711 -4.66254
1240 4.88733
239 -0.667694
239 -4.12071
1048 0.214233
824 0.19989
909 -1.73279
401 -0.351562
476 -0.360992
221 -0.749985
746 -0.0897827
559 -0.197449
1141 0.651978
638 -0.192505
456 -0.394836
1230 0.657104
170 -25.6421
779 0.0292358
545 -0.210938
1172 4.27039
552 -0.21875
791 0.0150757
1111 -21.7872
1172 4.26135
454 -0.344452
457 -0.349304
692 -0.160645
903 -8.33539
828 0.117493
361 -0.260712
1196 0.375854
909 -3.28571
1206 1.32532
975 0.914673
411 -0.821747
853 0.111877
1173 0.66272
389 -6.49829
850 0.126953
737 -0.0919189
982 0.775269
466 -0.322388
249 -1.04797
612 -0.195374
822 0.123779
476 -0.22699
1084 2.12878
935 -20.5463
198 -25.0084
751 -0.0385132
637 -16.8632
29 -1.94497
864 0.308411
816 0.03302
75 -5.20072
350 -0.488373
811 0.0625
707 -11.3599
868 0.146484
808 0.0928955
906 0.146912
1142 1.64465
790 0.0152588
329 -1.34833
796 0.0634766
36 -2.15125
149 -3.09293
200 -0.787766
1186 0.773193
648 -16.8759
753 0.879944
734 0.0531616
840 0.142212
915 -9.03259
1122 -22.11
861 0.126282
1056 0.276123
815 0.100403
981 2.31549
923 0.225708
56 -3.16162
947 0.915161
411 -0.740509
1196 4.14819
821 0.086853
848 0.12384
760 0.111023
546 -0.21991
1229 4.58423
1099 -2.01941
183 -0.582336
760 -0.0339355
160 -13.7945
749 -0.0473022
258 -0.568451
614 -0.174866
859 0.120667
465 -0.381409
1077 0.500977
1055 0.390503
757 -0.0332642
361 -0.260254
921 -45.0521
300 -0.552338
803 0.0513306
787 0.0391235
272 -0.662415
150 -0.813416
521 -0.23114
242 -0.719925
1072 0.577515
1144 3.47253
547 -0.254883
1229 1.21008
524 -0.238037
212 -0.72348
555 -0.222961
118 -3.08943
887 0.446472
256 -0.680008
759 -0.0107422
551 -0.203491
732 -0.0848999
461 -0.396179
861 0.132507
765 -0.041626
794 0.0493774
594 -0.233643
835 0.109253
77 -5.17239
1236 5.68225
1199 1.69006
1174 0.709473
538 -0.227905
737 -0.0917969
830 0.116333
1172 0.675415
122 -0.663383
464 -0.359955
575 -0.209167
1184 0.479004
129 -0.729843
1086 0.322266
1086 0.322266
1123 -13.2386
813 0.059021
989 1.54602
864 2.00861
757 -0.022522
1051 0.582642
545 -0.273071
1231 6.49146
1165 0.632446
1212 4.39734
827 0.104126
869 0.349304
738 0.735596
261 -0.652954
751 -0.0484009
859 0.125916
1012 2.72827
930 0.731689
766 -0.0221558
1056 0.45813
682 -0.150391
467 -0.269165
936 0.287659
1217 0.642334
1114 0.434082
845 0.137634
133 -33.9764
935 -20.3472
419 -0.85376
671 -0.151733
693 -9.84937
607 -0.233398
122 -0.71032
791 0.0499268
1228 0.662109
345 -0.993896
245 -0.701035
501 -0.263123
389 -1.25714
778 -0.0301514
660 -0.217407
819 0.1026
858 0.134033
1094 -3.48877
741 -0.0648804
865 1.82758
1177 0.415039
966 -2.97198
327 -1.56378
1163 0.656372
938 -20.2743
1120 0.550171
1124 0.524048
943 0.233276
165 -0.849869
166 -0.71077
1149 1.68274
198 -0.7211
1174 0.705933
1219 4.60754
544 -0.156067
367 -0.507141
401 -0.43866
783 0.0278931
926 1.38281
77 -5.16882
386 -1.37979
591 -0.266785
1031 3.3905
522 -0.244995
1077 0.495605
150 -0.812149
906 0.357971
927 3.17883
768 -0.0250244
1227 0.614868
471 -0.351807
743 -0.0595093
932 1.323
877 0.151123
444 -0.360962
10 -2.75491
124 -0.804527
246 -0.640106
1199 1.7063
1222 4.53613
488 -0.302673
710 -0.0738525
918 0.299805
1009 0.0722046
1175 1.86011
268 -0.628998
758 -0.0343628
268 -0.648926
433 -1.04233
1221 2.25085
841 0.109924
864 0.47998
1037 0.236206
802 0.0806274
1235 0.697144
836 0.114624
1048 3.72156
194 -0.812347
896 -0.238586
285 -0.569855
350 -0.492554
612 -0.196289
207 -0.845322
944 0.831299
298 -0.747955
1059 0.468384
924 0.291382
1209 4.26331
301 -1.04446
651 -14.7394
743 -0.0812378
810 0.121826
752 -0.0549316
545 -0.162659
1131 0.461914
532 -0.271545
828 0.110596
887 0.446228
195 -0.618988
1085 -1.12939
798 0.0294189
413 -0.726227
536 -0.251282
425 -0.325104
113 -0.468651
200 -0.787231
671 -15.6889
313 -0.525482
1079 0.511841
601 -0.220398
829 0.0947266
580 -0.189331
1144 1.22021
150 -0.813599
1229 0.688232
857 0.143555
1158 0.707275
946 3.27594
933 0.343079
297 -0.565857
915 0.260803
225 -0.812576
739 0.186523
49 -5.5708
843 0.109619
1209 0.591797
859 0.123718
879 2.21234
133 -3.46954
853 0.597412
303 -0.7742
272 -0.663361
1068 0.499023
1182 0.490479
772 0.0288696
1202 1.66492
596 -0.225891
1203 1.84912
1230 5.08691
232 -1.0417
1083 0.493286
1137 1.62756
1120 3.30847
671 -0.151855
320 -1.67227
1102 0.5979
909 -1.73126
848 0.147644
1055 0.390747
1165 0.631226
1048 0.214478
467 -0.402039
839 1.53986
85 -5.00774
364 -0.363434
412 -0.331207
280 -0.629486
682 -15.7595
768 -0.0349121
524 -0.257385
969 0.845947
1231 0.64856
1194 0.779541
520 -0.268005
852 0.164612
924 0.268188
496 -0.253143
536 -0.252502
210 -0.82135
809 0.0623169
877 0.175842
1230 0.710571
945 0.262085
1220 0.657959
291 -0.614655
1048 0.336792
867 0.119263
563 -0.232788
523 -0.293335
295 -0.650482
1106 0.498901
1140 0.628662
563 -0.190063
992 1.52502
791 0.0127563
22 -0.806126
856 0.602112
305 -1.58163
671 -0.151855
786 0.0516968
1125 0.600098
605 -0.227844
1102 -0.0218506
33 -0.787819
801 0.0421143
1198 4.14563
298 -1.21677
166 -0.750366
657 -14.8574
998 0.261108
1232 0.234741
859 0.113953
838 0.103271
544 -0.248657
132 -0.604874
1110 0.598389
1060 3.14563
1165 0.63147
224 -0.690308
1197 4.50012
824 0.0846558
553 -0.273743
749 -0.0461426
486 -0.342682
645 -16.941
580 -0.184814
212 -35.4508
769 -0.0176392
1010 0.179626
1176 0.704834
1062 0.420532
152 -0.664612
275 -0.569489
351 -0.404938
580 -0.189819
1125 1.54041
536 -0.257507
1056 0.414551
538 -0.227966
694 -11.6906
1185 5.44739
866 0.185974
1090 0.496216
1139 0.666748
1186 0.339111
788 0.000610352
835 0.122009
516 -0.29303
252 -2.40726
359 -0.372223
637 -16.8636
370 -0.430908
230 -1.1929
219 -0.729782
1141 0.550903
869 0.148193
981 2.31598
859 0.126099
1060 0.421509
1029 0.211914
972 1.8493
759 0.723694
1058 0.295532
292 -0.51236
298 -0.856018
206 -0.734253
1208 1.89673
168 -29.7184
1083 0.0284424
283 -0.463104
201 -3.21307
757 -0.0505371
1212 4.33984
526 -0.240479
685 -17.8427
1101 0.516479
981 2.3161
733 -0.107544
638 -0.194519
780 0.681519
1063 0.412842
370 -0.431122
808 0.0951538
1119 0.529907
852 0.104919
1184 0.479004
751 -0.024292
245 -0.738403
821 0.0875244
753 0.879822
1056 0.408203
1036 0.215698
350 -0.492004
564 -0.233215
749 -0.0447388
269 -0.606812
1047 -0.0699463
337 -0.491699
853 0.133362
791 0.0192871
4 -16.7831
370 -0.431274
1063 2.53955
1192 4.4696
272 -0.605652
276 -0.617767
496 -0.281586
740 -0.038147
690 -15.5741
525 -0.223877
893 0.451721
241 -0.820892
261 -2.35681
58 -0.811634
863 0.14093
587 -0.214233
276 -0.472046
616 -0.176025
834 0.137695
950 0.254272
367 -0.505707
613 -16.9952
159 -4.43892
852 0.127686
653 -13.9641
109 -4.61238
225 -14.4237
91 -1.10715
318 -1.44006
218 -0.721603
847 0.138245
283 -30.0088
1111 -21.7872
853 0.596375
911 0.150085
1190 0.471802
1056 0.461914
815 0.0698853
772 -0.0270386
1180 0.291626
1221 6.56396
79 -1.86417
225 -2.55907
258 -0.568573
361 -0.259247
671 -15.6885
296 -2.09836
910 0.182922
5 -0.888764
876 1.13196
557 -0.312378
317 -1.62933
1163 4.01184
553 -0.243713
1178 4.11804
216 -2.89021
868 0.14209
812 0.0567017
1203 1.84924
993 7.86035
145 -0.728439
2 -14.2348
220 -0.847275
143 -0.720795
174 -14.3795
575 -0.246155
937 0.267212
757 -0.0372314
545 -0.142273
250 -30.1156
856 0.0961914
473 -0.349609
1181 0.279541
772 0.0482178
1143 1.16785
801 0.0422363
1081 0.44519
270 -0.589874
1187 5.18445
234 -2.74245
505 -0.304321
742 -0.0341187
768 -0.0325317
794 0.0697632
1056 0.461914
1208 0.617065
300 -0.958801
274 -0.627289
798 0.0995483
232 -0.675125
980 0.829041
246 -2.42307
599 -0.204712
856 0.0933838
716 -0.156555
939 0.597229
815 0.0941162
1229 1.20996
279 -0.627441
536 -0.252441
1001 0.97699
218 -0.66748
1032 0.204956
748 -0.0354614
284 -2.2269
704 0.119019
580 -0.18811
266 -0.63501
611 -0.191345
1013 0.182983
513 -0.282593
854 0.137756
227 -0.739624
970 -27.3011
750 -0.052002
747 0.614014
759 -0.0374756
801 0.0422363
1086 0.322144
758 -0.0419312
10 -2.7552
614 -0.216858
1201 5.23291
853 0.515686
1115 0.597656
225 -0.809341
1234 0.658325
657 -13.2894
1135 3.5979
229 -0.7966
274 -0.600403
774 -0.0175171
521 -0.249512
937 0.254211
922 0.216309
1179 1.7533
185 22.6376
377 -1.15927
234 -1.02153
538 -0.227905
548 -0.263611
1034 0.232178
909 -1.73615
452 -1.50436
876 0.441101
951 0.256226
1079 0.529175
466 -0.274628
1087 0.5354
803 0.0626221
821 0.0811157
89 -2.07734
1035 0.237793
1236 4.78406
924 0.299316
834 0.135193
1032 0.292847
715 -0.149841
611 -0.205627
869 0.137451
681 -10.157
444 -0.369446
172 -0.799667
1229 4.69373
1176 0.701172
688 -0.148193
852 0.516418
789 -0.00305176
796 0.0583496
526 -0.244812
206 -0.741211
126 -4.64645
123 -0.772247
1168 4.99573
806 0.0844727
549 -0.605957
685 -0.155701
386 -0.436432
144 -3.88695
1085 0.485352
124 -0.804214
1145 0.653076
705 -10.5351
954 0.261108
708 -11.5316
53 -5.47921
451 -0.463928
700 -0.146667
868 0.133362
124 -0.803162
614 -0.173218
486 -0.332855
772 -0.0130005
808 0.0932007
1211 0.593872
101 -1.20539
1055 0.391479
81 -0.84919
56 -1.24098
377 -0.44696
1133 0.597534
364 -0.366089
822 0.115723
1120 3.29529
1054 0.40332
775 0.0546265
464 -0.394562
1055 0.390259
860 1.77527
18 -1.1349
791 1.55322
429 -1.08817
728 -0.136353
748 -0.0389404
504 -0.301636
766 -0.0055542
791 0.00689697
167 -0.731491
262 -0.62085
834 0.136597
242 -0.719925
859 0.120422
578 -0.245056
185 -0.750839
656 -0.206787
1224 4.63818
801 0.0422974
611 -0.240234
1127 0.588501
938 0.253967
174 -14.3958
694 -0.0737915
1084 0.53064
458 -0.437164
1237 4.63708
859 0.171082
869 0.729553
1052 0.391968
1176 0.707153
166 -0.690002
969 -3.72339
671 -0.151794
222 -3.89171
280 -0.629578
149 -3.15251
732 -0.1203
143 -3.91345
108 -4.6442
259 -0.650452
149 -3.15346
166 -0.70932
795 0.0404053
237 -6.30969
1158 0.706177
922 0.201233
182 -0.718719
865 1.04388
472 -0.3367
924 0.264587
535 -0.222717
655 -0.183044
848 0.123047
802 0.0558472
898 0.201965
1194 4.31409
208 -0.737488
682 -12.8805
950 0.254272
719 -0.158264
791 0.0159912
1175 1.85999
1172 4.26184
690 -15.5757
794 0.0570068
979 0.734436
1198 1.42407
464 -0.384155
1190 0.79126
809 0.0525513
763 -0.0335083
560 -0.211182
738 0.736511
722 -0.134521
286 -0.628723
1073 0.517334
1143 0.554565
78 -0.725777
869 0.137329
1172 4.26184
413 -0.339844
536 -0.258057
770 -0.0117798
568 -0.227478
1206 1.30603
823 0.0522461
379 -0.452332
1158 0.716309
238 -1.14455
887 0.44635
840 0.0998535
242 -1.11787
217 -0.757523
1171 0.714478
1133 -15.0782
246 -0.650238
1143 0.651489
1052 0.364258
467 -0.362671
1075 0.536499
708 -0.116211
177 -0.75473
315 -1.43283
27 -2.13098
777 -0.0231934
33 -2.14565
913 -0.126343
681 -15.1023
1120 3.30872
741 -0.0713501
51 -1.76944
1072 0.538086
1035 0.302734
1137 1.62781
951 0.254517
246 -0.736633
151 -0.731522
1168 0.636719
126 -4.64616
195 -0.798126
586 -17.7802
1214 4.41895
256 -0.652496
1033 3.07019
827 0.103821
1170 3.98621
156 -0.79213
342 -1.20279
1158 0.706665
477 -0.358032
185 -37.4266
1142 0.680054
922 0.316895
819 1.41632
688 -15.3212
859 0.125488
210 -3.1673
912 0.195801
769 -0.0269775
1096 0.516968
849 0.147461
58 -0.808155
705 0.21228
560 -0.277588
811 0.0443115
1138 0.627563
465 -0.380707
14 -2.48237
932 0.308899
258 -0.562439
995 0.311523
258 -0.568451
1110 0.614258
161 -3.92236
481 -0.299011
482 -0.300323
981 0.89563
1053 0.396729
296 -0.62558
1114 3.61401
273 -0.588593
327 -1.29416
633 -23.4656
671 -0.140564
697 -0.151062
612 -0.214722
1132 3.80579
872 0.1922
219 -0.880341
831 0.183777
284 -2.22672
782 0.694275
63 -4.99226
884 2.08771
1186 0.773315
350 -0.427094
790 0.0722656
921 -19.4719
1147 0.600586
1165 0.630981
944 0.831665
913 2.93262
684 -14.5254
719 -0.183777
846 0.155212
176 -0.889465
944 0.830994
1194 4.31421
801 0.0689087
1232 5.18225
1083 0.496704
194 -0.757477
756 -0.0374146
219 -0.726013
209 -0.774323
801 0.0423584
846 0.114136
794 0.0697632
784 0.137268
1176 0.711914
552 -0.188599
1147 1.53088
718 -0.102539
802 0.0715942
246 -2.42276
218 -31.4174
937 0.241882
1055 0.391479
819 0.0962524
1071 4.72644
547 -0.244141
868 1.84174
758 -0.0419312
772 0.0445557
611 -0.210754
802 0.0585327
754 -0.0158691
355 -0.436981
1068 -0.377563
1211 4.13159
1177 4.65161
612 -0.188171
601 -0.185242
789 0.0270996
1176 0.701172
783 0.0310059
413 -0.295319
234 -0.687469
177 -0.755707
561 -0.184692
246 -2.42258
180 -0.89299
844 0.134277
536 -0.251221
915 2.97076
208 -0.680069
1095 9.32385
256 -0.661362
837 0.115295
268 -0.637024
862 1.85004
822 0.0894165
468 -0.269714
999 1.57941
989 2.90558
561 -0.205078
773 -0.0113525
929 2.81915
1163 0.624634
659 -11.6608
1137 1.62781
474 -0.253204
865 0.143005
201 -0.860046
1059 0.343628
474 -0.244965
862 0.167664
936 0.316589
242 -0.675018
259 -0.634583
219 -0.960587
306 -1.23862
667 -12.0389
225 -14.3835
361 -0.26004
769 -0.0390625
79 -1.85503
246 -8.15942
718 -0.104431
545 -0.131165
269 -2.3541
829 0.0817871
692 -0.167908
270 -0.615601
195 -0.728241
814 0.0859985
169 -0.757309
197 -25.8847
620 -0.177979
789 0.0359497
168 -17.9552
766 -0.0358887
1186 0.773193
801 0.0718384
949 0.287903
1032 0.292847
846 1.60742
1227 4.73999
762 -0.0484009
538 -0.227905
486 -0.321198
792 1.78198
560 -0.225586
246 -0.639832
517 -0.30957
476 -0.323364
356 -0.405304
443 -0.388458
96 -5.41166
808 0.0960693
165 -0.843384
725 -0.13739
637 -16.8635
467 -0.268646
827 0.113342
433 -1.04218
927 3.17859
88 -3.39461
113 -1.15993
454 -0.572845
847 0.131287
1237 1.2323
115 -1.17794
1069 0.187012
897 0.205811
919 0.286072
791 0.0413818
386 -0.443268
553 -0.220276
1111 -21.7872
364 -0.36319
892 0.13385
775 -0.024231
12 -2.33401
865 0.143066
1208 4.16089
909 -0.723206
226 -0.691666
804 0.0656128
269 -0.573761
1191 0.498779
9 -5.9179
685 -0.125366
558 -0.235229
964 0.98053
962 -3.72382
995 3.62646
361 -0.29422
721 -0.0922241
142 -3.48254
953 1.66321
738 -0.0768433
215 -0.702866
808 0.0932617
351 -0.758759
1229 1.21008
268 -2.39691
142 -3.47733
757 -0.0250244
171 -0.598328
1115 0.59082
165 -0.822296
468 -0.268951
859 0.114319
368 -0.360046
827 0.171692
358 -0.461548
1164 2.03992
1106 1.49792
338 -0.467773
246 -2.45541
702 0.00323486
820 0.119507
939 0.216858
1083 0.484253
926 -19.7682
558 -0.239929
266 -0.62616
106 -4.65606
671 -15.6886
945 0.868774
514 -0.31073
453 -0.33905
232 -0.723892
879 0.483276
794 0.0611572
320 -0.621002
797 0.0443115
852 0.518127
246 -0.639709
834 0.11145
799 0.0510254
702 -0.136353
231 -1.10626
957 3.5816
1047 0.355103
234 -4.29802
904 -0.443481
702 -12.7435
721 -0.092041
959 2.11084
198 -25.0098
804 0.0600586
758 -0.0336914
1069 0.270874
580 -0.185303
533 -0.245361
708 -11.4529
637 -16.8635
1107 0.543579
996 -20.4459
834 0.137024
792 0.711243
950 0.271667
850 0.119385
106 -1.55395
320 -1.24683
1173 4.12085
185 -0.757645
1141 0.620728
1076 0.449341
241 -0.818298
552 -0.232971
739 -0.0550537
902 2.34808
657 -0.177124
346 -0.426361
597 -0.153625
1177 0.696777
571 -0.210571
149 -0.751099
758 -0.0198975
610 -0.188232
518 -0.255432
835 0.114014
444 -0.37793
1208 0.593872
1134 1.61877
718 -0.138916
748 -0.0708618
227 -1.07532
1106 1.49963
1045 0.299927
149 -3.15182
819 0.10907
241 -0.733459
856 0.144348
818 0.630127
134 -0.667908
148 -3.89531
1041 1.93164
483 -0.39679
1021 0.688354
609 -0.235107
645 -12.5358
922 0.306335
544 -0.295044
526 -0.219238
1236 0.685181
874 1.60809
1051 0.344849
1067 0.514526
826 0.0791016
748 -0.0620728
40 -2.08906
862 0.445496
422 -0.346222
35 -6.05945
133 -33.9764
900 2.44971
7 -6.86347
1090 0.466187
1056 0.460693
429 -0.612396
688 0.285522
1187 0.744751
1227 0.669312
924 0.29126
480 -0.329315
806 0.0914307
149 -0.750443
1180 0.494263
201 -0.833572
323 -1.52774
1062 0.470093
665 0.152466
159 -24.6558
209 -0.789566
836 0.14032
478 -0.290253
951 0.278931
275 -0.633392
496 -0.281464
705 -0.138306
150 -0.762039
731 -0.122314
33 -2.14618
179 -0.754318
748 -0.0646362
150 -0.764053
468 -0.336365
757 -0.0497437
124 -0.71273
770 -0.0274048
1084 2.1283
27 -0.819479
254 -0.646591
1185 0.797729
996 -20.4496
783 0.0308228
844 1.60925
240 -0.780563
552 -0.218445
486 -0.347595
322 -1.47604
1228 6.58362
701 -12.6133
71 -5.41316
230 -0.695343
982 0.272278
364 -0.364319
786 0.00720215
268 -0.614471
1016 2.58649
853 0.153992
814 0.0821533
149 -0.750183
171 -0.678619
93 -4.80064
239 -1.09686
1186 0.773315
1117 3.41772
136 18.6962
361 -0.257416
258 -0.568237
152 -0.70546
924 0.292236
1070 0.441895
246 -0.639679
573 -0.207275
389 -1.25732
788 0.000183105
437 -0.383728
465 -0.368256
368 3.02026
533 -0.263245
830 0.121033
996 -20.4472
874 1.65924
715 0.238281
1229 4.62573
149 -3.15085
1124 0.523804
1143 0.579956
807 0.0281372
159 -3.67668
239 -0.742813
812 0.0879517
222 -0.687515
175 -3.71695
864 0.929077
437 -0.383301
445 -0.385468
273 -0.587372
863 0.139893
276 -0.575836
826 0.101562
1049 0.371704
153 -0.760223
740 -0.0465698
131 -4.18031
286 -0.439484
1158 0.714111
572 -0.227478
860 0.757812
168 -0.709808
749 -0.0474243
557 -0.213623
877 0.981384
824 0.105225
911 0.150024
792 1.78094
1200 4.14099
624 -0.208191
196 -0.728851
189 -0.735641
517 -0.28595
783 0.0318604
702 -13.1142
239 -7.51099
221 -34.7215
370 -0.430817
213 -0.762817
241 -0.7267
245 -0.734833
1117 3.41833
280 -0.576874
984 0.265564
683 -21.311
184 -0.721527
373 -0.355011
789 0.0325317
1234 0.679077
259 -2.35791
295 -0.549622
877 0.150574
891 2.52173
944 0.831421
646 -21.6599
185 -0.746506
174 -0.749176
538 -0.227905
683 -0.154419
754 -0.0268555
630 -23.4211
1238 0.662354
735 0.62207
877 0.981323
754 -0.0286865
901 1.33459
1084 2.12842
213 -0.779709
271 -0.596375
742 -0.0460205
1188 1.83411
873 0.202087
366 -0.378662
709 -12.6963
1214 4.19751
386 -1.37787
754 -0.0354004
228 -0.676559
1146 0.686157
267 -0.638824
1141 1.44934
195 -0.793457
150 -0.755585
214 -0.689957
834 0.135559
721 -0.14624
901 0.121094
1067 0.494385
260 -0.618958
518 -0.269531
1111 -21.7871
538 -0.227783
623 -0.18042
201 -3.21384
1139 0.532593
969 0.20874
181 -0.711929
921 2.79865
869 1.78357
1158 0.688232
1225 4.5813
741 -0.0397949
1067 0.512451
1155 0.69873
867 0.227051
819 1.41608
223 -0.762344
743 -0.0866699
882 0.166626
671 -0.135132
702 -12.7704
929 2.74628
277 -0.63208
831 0.141663
998 0.309143
350 -0.492004
389 -1.25504
1228 0.648193
1124 0.523193
1123 0.53186
803 0.0564575
665 0.153076
233 -1.09462
789 0.0325317
744 -0.0790405
131 -0.588455
465 -0.378845
535 -0.221619
111 -0.45475
385 -1.60269
17 -0.806677
262 -2.3894
382 -0.336945
161 -25.5639
284 -0.383362
768 -0.00622559
919 -6.75494
249 -2.43311
639 -0.25415
302 -1.75403
690 -15.5741
758 -0.0418701
814 0.162598
239 -0.670547
625 -0.228699
65 -5.30734
940 2.96796
1074 0.442017
88 -3.39495
1127 3.39636
849 0.162659
517 -0.273132
22 -5.82981
1075 0.157104
110 -0.642136
181 -0.707321
1058 2.32971
497 -0.339813
270 -0.586273
1082 0.4729
1051 -0.092041
878 0.36499
407 -7.0368
737 -0.0917969
815 1.59479
612 -17.0053
159 -3.95673
690 -15.5756
1106 1.49841
12 -2.15063
902 2.50769
115 -0.770775
884 2.08752
22 -5.80104
728 -0.13324
1084 2.12915
348 -0.462921
1172 4.2699
219 -0.728973
544 -0.263733
690 -15.5756
940 3.40552
390 -1.02588
1084 0.516235
829 0.10144
435 -0.883362
818 0.0786743
1115 0.59729
181 -0.723801
692 -13.9511
1229 4.51868
801 0.0427856
219 -2.93808
283 -0.580017
576 -0.226196
185 -0.757523
245 -0.756027
831 0.136353
707 -11.4049
451 -0.450073
351 -0.426788
225 -2.55707
846 0.127319
751 -0.0494995
482 -0.310211
284 -2.22662
1070 3.90149
79 -0.819489
764 1.60889
913 0.214783
949 1.44397
547 -0.235352
298 -1.21704
225 -0.809204
827 0.171509
1124 0.52356
254 -0.647842
724 -0.146362
1226 4.47217
1236 0.596558
767 -0.0105591
225 -0.809402
914 -12.8508
1206 0.585205
1082 0.446777
1055 0.390381
628 -21.5513
751 -0.0274048
839 0.108215
350 -0.488281
911 0.183289
845 0.0672607
1106 1.50049
211 -0.820251
913 2.93298
241 -0.816086
277 -0.60434
937 2.33698
828 0.0970459
876 0.443481
758 -0.0418701
819 0.0911255
386 -0.435333
773 0.0699463
467 -0.294617
203 -4.62804
191 -0.716721
1137 1.62671
150 -0.813416
878 0.36499
707 0.567261
1237 1.22229
357 -0.394165
946 3.28644
177 -0.832947
201 -0.859406
1120 3.30774
196 -0.716888
1183 0.483154
853 0.161316
715 0.0233154
1132 3.80591
1125 3.39453
1210 4.31604
937 0.279175
1208 0.708618
1158 0.709106
616 -0.193787
1161 0.527954
1163 1.72571
245 -0.747406
525 -0.291809
465 -0.390808
538 -0.227905
468 -0.22934
1056 0.458008
1048 0.483276
96 -0.719009
1178 0.604004
1212 4.33691
1192 1.88318
856 0.0934448
903 1.39569
228 -0.635193
819 1.41626
472 -0.369934
279 -0.614807
535 -0.219849
1060 3.14526
1161 0.527222
525 -0.337402
198 -0.844284
1147 4.54492
824 0.107056
1068 4.495
831 1.50098
671 -0.152039
518 -0.272949
915 2.54419
788 0.0975952
234 -4.29782
22 -6.58838
453 -0.429108
560 -0.206604
161 -0.735886
739 -0.0593872
852 0.126099
707 0.564636
893 0.361206
792 1.78412
990 0.765137
874 1.63385
273 -0.57785
53 -5.45931
1204 1.40662
737 -0.09021
753 -0.0603027
522 -0.222656
1227 4.41846
591 -32.3636
143 -0.71936
244 -0.645554
955 3.35229
266 -0.593506
1037 0.339844
1189 0.607666
837 0.116699
1192 1.88293
853 0.146667
817 1.56543
1015 2.92957
1187 0.405518
822 0.0839233
161 -0.710297
448 -0.339447
1044 0.336792
86 -0.786392
330 -0.758484
307 -1.64377
219 -2.93584
851 0.141113
1141 0.620728
1173 0.472046
612 -0.194275
854 0.124023
982 0.274292
149 -3.15207
1163 0.439819
1237 4.66394
981 3.39154
174 -0.841034
1202 4.4303
256 -31.7413
790 0.0194702
1055 0.391968
788 0.0479736
231 -0.747086
134 -0.667923
832 0.105835
945 0.266663
790 0.0569458
200 -0.787491
979 1.02277
924 1.32428
478 -0.319275
1159 1.8158
1086 3.9054
1159 0.663574
212 -0.733383
808 0.101562
1015 2.92096
716 -0.144958
357 -0.334991
730 -0.111877
129 -0.745987
845 0.134216
1147 1.0752
860 0.510254
258 -0.568207
234 -4.30194
902 2.40338
1213 -0.000610352
902 -0.097229
1207 1.89404
1048 0.212891
245 -0.70018
662 -0.201172
780 0.0470581
1161 0.527466
1132 3.80603
355 -1.35907
876 1.12115
533 -0.269836
535 -0.219238
337 -0.758972
835 0.110046
860 0.83905
1227 4.41858
638 -0.194824
195 -0.728104
142 -3.4726
1071 3.6438
1206 4.45728
342 -0.310455
1056 0.457886
304 -1.39703
1115 0.492432
867 0.143799
1031 3.38977
1148 0.675537
819 1.41431
367 -1.15588
732 -0.117798
831 0.597107
978 1.35486
164 -0.836594
242 -0.736877
929 3.13458
1175 4.07153
840 1.57385
792 0.0728149
108 -0.723251
845 0.143738
276 -0.574219
843 0.0983276
529 -0.290222
479 -0.29715
529 -0.291504
149 -3.15169
954 0.250244
191 -0.818756
963 1.88409
1213 4.65186
538 -0.227844
225 -0.809998
478 -0.33902
1148 0.671509
1164 1.75305
4 -15.5683
522 -0.246948
746 0.65448
817 0.0471802
280 -0.629608
539 -0.39856
703 0.117493
1143 0.68103
1077 0.473267
1158 0.705078
70 -0.828285
957 2.27643
550 -0.306824
5 -0.888741
1137 1.62793
211 -0.599823
200 -0.787613
79 -0.583542
393 -6.53015
1080 0.438477
1015 2.91608
879 0.458862
511 -0.346405
1038 0.306519
269 -0.613159
695 -0.140564
3 -3.17966
556 -0.225037
915 -10.3687
272 -0.686218
1153 0.484985
537 -0.258423
865 0.137878
82 -0.860916
551 -0.247681
298 -1.2182
896 0.448669
1122 0.510498
189 -0.70993
236 -0.744492
285 -0.548004
247 -0.663742
33 -6.13069
834 0.772583
276 -0.568298
817 0.0502319
951 1.87598
711 -0.160156
702 -12.5944
1164 0.664307
624 -17.0523
827 0.098999
924 0.292236
217 -0.687195
501 -0.344238
832 0.114685
751 -0.0723877
1005 4.09796
625 -0.219543
127 -0.780769
370 -0.431152
826 0.078064
452 -1.50107
552 -0.188538
884 2.08777
718 0.92218
109 -0.701294
141 -0.786636
281 -0.581573
140 -0.77066
755 -0.0770264
92 -0.596909
924 0.292542
925 3.16821
1161 3.91565
898 1.72217
1232 0.265991
718 -0.0980225
291 52.079
539 -0.261047
1056 0.45813
1060 3.14856
273 -0.615326
788 0.000549316
811 0.0939331
177 -0.722366
245 -0.726837
222 -0.83609
150 -0.764008
742 -0.0569458
527 -0.216858
863 0.144287
130 -3.56992
878 2.00488
1163 0.629395
134 -0.668289
900 2.22168
875 0.174561
472 -0.342712
883 0.803345
710 -0.0733643
783 0.0357056
33 -2.14573
350 -0.487518
197 -25.8823
1055 0.391357
905 1.36652
1172 0.560913
67 -5.44474
450 -0.360016
213 -0.808807
831 0.13678
1176 0.7146
641 -23.1268
846 0.162659
242 -0.720367
835 0.159302
295 -0.68277
5 -7.01837
949 1.45111
1161 0.528076
234 -2.74295
643 -28.7214
479 -0.318848
737 -0.0900879
124 -0.689522
1034 2.96008
1082 1.17371
161 -3.9292
1026 4.09692
538 -0.227905
233 -0.670547
762 -0.0262451
921 -19.4726
971 0.202637
440 -0.689606
363 -27.1748
818 0.0873413
234 -2.74278
1060 0.317993
33 -2.14572
1195 4.35645
134 -0.667694
245 -1.15991
1230 0.671753
637 -0.252197
523 -0.192688
240 -2.64813
833 0.105286
137 -0.805191
792 1.78302
945 2.75317
542 -0.246582
195 -0.770615
1216 5.9231
258 -0.568359
659 -13.7268
738 -0.0628052
1050 0.329834
795 0.0877686
821 0.108887
546 -0.391113
58 -0.807312
189 -37.3403
1084 0.490601
1131 0.618774
1066 3.85632
932 2.83441
874 0.142334
1235 1.22266
1132 3.80591
981 2.31616
838 0.0927734
848 0.137451
152 -0.83844
343 -0.496613
535 -0.221252
182 -0.736038
246 -0.640167
538 -0.227966
1081 0.500732
952 0.687622
924 0.264648
203 -0.794037
227 -0.7957
201 -0.773071
809 0.0646362
643 -22.6917
1190 0.791626
989 -0.32312
1137 1.62793
706 0.322876
100 -0.656357
126 -4.3075
987 2.89197
767 -0.0335083
1165 0.632324
847 0.148315
247 -0.665512
1184 0.47876
1062 0.434937
179 -0.779709
745 0.994751
1197 0.418945
825 0.141907
509 -0.292725
915 2.66235
744 -0.0814209
37 -2.24482
265 -0.605591
1161 0.523315
322 -0.971283
1082 3.57971
1032 0.288574
355 -1.35834
893 2.38489
970 -28.0739
343 -0.986053
1156 4.7334
735 0.629883
265 -0.610474
121 -4.34351
282 -0.446503
908 2.22504
798 0.0309448
826 0.0786743
217 -0.698944
227 -0.701889
1022 4.3811
499 -0.296631
307 -1.6438
211 -0.691208
54 -1.53717
1074 0.581177
972 0.64502
579 -0.248474
938 3.02136
996 -20.4492
1184 0.479004
835 0.125549
243 -0.704742
1058 0.429932
692 -0.17157
1035 -2.65234
841 2.03729
1175 1.86023
535 -0.220032
1144 4.30237
798 1.24628
161 -3.92903
482 -0.271729
131 -0.593735
157 -20.9477
922 -9.1496
703 0.280762
85 -5.00766
1146 0.588989
242 -0.747116
1038 3.20007
164 -0.777939
147 -0.660095
1048 0.484985
228 -0.759415
889 0.54718
192 -0.732925
596 -0.154175
271 -0.660583
1066 4.87415
37 -2.13743
1114 0.495972
1056 0.310059
713 -0.15332
316 -1.58759
821 0.123108
281 -0.362427
671 -15.6888
718 0.943054
166 -9.78185
216 -0.773453
247 -1.12469
1135 0.623535
221 -2.76959
580 -0.210327
236 -0.757858
946 0.236755
1133 0.550537
215 -2.65627
836 0.187927
141 -0.719177
925 2.62799
488 -0.306427
1208 0.70874
512 -0.265045
768 -0.0419312
963 0.215515
165 -0.84761
925 2.45819
374 -1.52927
1128 4.07581
108 -0.723412
1153 5.89771
986 3.18073
515 -0.284912
589 -0.220581
817 0.086731
787 0.10614
218 -3.10234
185 -32.3536
214 -2.88019
1124 0.523071
1042 3.73315
1148 0.621948
240 -0.753708
671 -0.151733
1147 4.54626
1165 0.632202
1000 1.78369
798 0.0300293
302 -1.73709
289 -0.615387
671 -0.134644
247 -0.663376
1035 -2.79102
1072 0.473633
969 0.797241
816 0.62738
730 -0.105896
280 -0.452667
811 0.422363
1127 0.600098
1128 5.2074
831 0.048645
1068 4.42944
1176 0.705933
922 2.30731
838 1.63379
911 0.150024
962 1.88531
210 -0.772385
741 -0.0634766
195 -0.889648
1172 4.27271
93 -4.6028
225 -0.797104
803 0.465881
899 1.31738
814 0.0494995
197 -25.8687
1107 0.541748
219 -0.728531
1038 -2.47351
1153 3.89893
768 -0.0375366
79 -0.833397
198 -2.9234
846 0.155518
859 0.103516
193 -0.834549
856 0.09375
737 -0.0901489
1026 4.09814
949 0.818054
225 -0.809921
898 2.66528
1046 0.343384
819 1.41443
221 -0.72876
947 3.45294
232 -1.04169
1153 5.89502
1168 4.99585
985 0.685364
186 -0.737198
161 -3.92906
792 1.78119
27 -2.23867
1104 4.42383
156 -0.768219
215 -0.716568
106 -1.53065
1202 1.70935
744 -0.0143433
908 -0.427612
898 2.51196
1186 0.350586
1044 0.148682
998 1.82739
1064 3.54614
1124 0.561646
346 -0.439209
87 -0.758835
851 0.115723
122 -4.05975
826 0.153137
638 -0.192322
1197 0.418945
796 -0.026062
207 -0.704773
302 -1.33807
1053 -0.0661621
1224 4.50134
817 0.396484
773 1.35114
71 -5.41338
285 -0.849884
171 -0.728333
317 -1.58572
1155 0.445312
342 -1.70428
1218 3.98499
224 -0.721725
1154 0.413086
241 -0.744186
197 -25.8855
876 0.441101
876 1.12115
1198 4.38867
37 -2.24476
228 -0.993683
1140 3.66455
295 -0.786377
949 0.756958
580 -0.186035
1068 0.481079
241 -0.733444
915 1.59308
1233 0.652832
239 -1.13988
182 -0.717392
792 0.0545044
151 -0.799561
1084 2.1283
271 -14.149
172 -0.79068
2 -25.916
261 -0.671692
581 -0.252869
216 -3.1187
586 -0.21283
40 -2.09098
1234 1.45691
905 -3.00952
44 -5.23787
1084 2.12891
434 -1.02655
607 -0.213074
1126 0.543945
200 -0.671112
969 -3.71655
1221 6.56384
1137 0.713257
40 -2.0887
150 -0.812592
117 -4.21124
638 -0.194336
1199 1.74951
89 -2.07851
1210 4.32483
933 2.68585
111 -4.66035
1158 0.703125
943 1.92603
1128 3.94617
214 -0.697601
293 -0.560608
794 0.292725
1037 -2.5946
1003 2.44366
40 -2.08904
1165 0.63208
2 -25.7986
1078 -2.98059
353 -1.15118
181 -0.759338
780 0.0357056
1137 0.694092
671 -15.689
231 -1.09889
905 2.48535
206 -35.7321
762 0.871094
2 -25.7605
417 -0.951904
1126 0.571533
697 -19.116
737 -0.0728149
754 -0.0445557
182 -57.1601
40 -5.33321
1067 0.514526
1186 1.95239
896 1.39032
1015 2.91724
743 -0.0595093
278 -0.456787
558 -0.194641
944 0.831604
703 0.0849609
1150 0.657837
334 -0.717407
306 -1.75336
795 0.715332
191 -0.723358
1004 -1.04785
873 0.173828
535 -0.405273
221 -0.686493
166 -0.696304
1065 0.494385
895 2.38245
128 -4.07562
1084 2.12891
247 -2.39777
896 0.448608
963 1.88428
942 0.766296
876 1.12268
381 -0.41037
859 0.124146
371 -0.447113
264 -0.563293
1085 0.485352
367 -0.508331
122 -0.783493
776 -0.0233765
197 -25.8909
209 -0.687881
669 -14.2464
1230 0.716919
209 -0.759674
71 -5.31987
1238 5.66687
1094 -3.40576
181 -0.785492
317 -1.5856
283 -0.579437
366 -0.459625
813 1.43439
128 -0.779915
150 -0.75029
747 -0.0569458
355 -1.35818
852 0.516785
1043 4.39673
993 0.071106
943 0.501587
503 -0.306641
197 -0.748566
724 -0.141113
1071 3.90088
1172 4.03601
982 0.255859
1088 0.463379
1131 5.21265
22 -2.17661
70 -0.828308
864 1.79285
343 -1.54202
361 -0.383026
935 0.301514
1132 0.457886
377 -59.8546
671 -0.138733
1128 0.538452
101 -0.686661
950 0.669373
159 -0.819153
612 -17.0898
476 -0.340332
276 -0.598236
84 -0.749916
884 2.08771
66 -5.33151
213 -0.772659
482 -0.0855103
164 -0.73291
1165 0.632812
833 0.110291
860 0.126465
1176 0.706055
188 -0.717117
671 -15.6887
125 -4.03146
200 -0.728302
860 0.180115
281 -0.593964
950 0.674072
124 -0.662361
547 -0.212158
1110 0.61853
857 0.315063
247 -2.43881
201 -0.706497
434 -1.02737
921 1.44165
467 -0.389313
1073 0.436157
644 -31.0848
2 -25.7365
189 -0.784225
343 -0.44809
1132 0.588135
955 3.35291
379 -0.452179
465 -0.7453
1131 5.21753
876 0.44104
636 -16.5856
1240 5.33777
64 -0.811264
743 -0.0596313
851 1.60931
105 -4.3336
225 -0.810013
225 -0.796768
876 1.1214
276 -0.570618
241 -0.679749
1071 0.45752
794 0.0507202
1138 0.619629
1015 0.174988
704 -12.975
998 0.309143
1063 0.479248
788 0.0201416
56 -3.1597
834 0.141296
1209 1.06799
596 -0.223633
758 -0.0419312
963 1.89001
661 -13.5231
1149 3.98376
339 -0.670288
966 -2.97284
480 -0.328949
706 -0.158875
317 -1.5853
1144 0.375488
841 0.11499
747 0.615723
219 -0.728821
228 -0.998352
171 -0.679398
190 -0.697189
48 -2.20847
749 -0.0650635
184 -0.682358
71 -5.33321
1168 4.05737
880 1.14636
876 1.14301
865 1.69263
195 -0.688934
829 0.116333
959 2.97668
936 1.93658
1070 3.89185
989 2.90619
903 2.42017
929 0.297302
1079 0.514038
457 -0.389832
169 -0.736832
138 -0.846786
925 2.69562
1103 0.533569
1013 3.05109
437 -0.383453
137 -0.754364
1235 0.453979
317 -1.61795
966 0.252502
354 -1.49741
291 -0.477844
710 0.0558472
1163 0.604126
825 1.35132
110 -4.82001
279 -0.609283
1180 0.634155
747 -0.074707
361 -0.255615
963 1.88959
558 -0.222412
227 -0.996964
225 -0.79921
1122 0.550171
769 -0.0283203
859 0.121094
473 -0.351898
367 -0.507111
296 -2.16812
114 -0.600945
671 -0.135315
905 2.43329
538 -0.227905
355 -1.33173
1236 4.93628
269 -0.70517
452 -1.50015
267 -0.54538
123 -3.98478
1217 4.77722
962 3.67975
710 -0.072998
124 -0.801826
933 0.361572
916 2.96173
863 1.05365
981 2.31635
578 -0.293335
496 -0.281525
853 0.596436
671 -0.135498
107 -4.62557
441 -0.383575
1198 1.42407
770 0.000305176
1105 0.352905
131 -0.593903
984 0.905884
1097 0.534424
342 -0.310516
317 -1.58557
208 -35.471
288 -0.619385
883 2.29956
92 -2.13819
563 -0.207886
866 0.923462
1059 0.143799
613 -0.2005
639 -22.8869
30 -6.2093
704 -0.160889
876 1.12311
1071 0.470947
931 1.58038
636 -16.5844
758 -0.0418701
350 -0.488037
924 0.300049
1077 4.52295
1176 0.697754
136 -0.791061
852 0.160706
234 -2.74271
1238 0.653564
1057 0.320068
1061 3.6239
505 -0.261353
1144 0.714355
981 2.31628
543 -0.587585
260 -0.900574
255 -2.41632
1051 0.32251
972 3.64447
267 -0.634369
1240 0.648682
1124 4.90076
115 -0.770744
546 -0.223633
876 1.13165
201 -0.863571
671 -15.6883
856 0.0932617
178 -0.687912
703 0.18988
1051 3.81384
1083 0.499756
895 0.223999
906 1.40338
157 -0.767227
282 -0.586487
4 -0.884119
138 -0.797882
1216 4.25964
927 3.17847
92 -0.706093
931 1.58234
423 -0.789612
1141 0.620605
201 -3.21242
259 -0.628021
884 2.08777
197 -25.8869
743 -0.0595093
945 -0.383179
1218 0.621704
1168 3.99695
144 -35.5773
623 -0.203674
504 -0.263916
137 -0.805603
385 -1.61703
1130 5.2749
858 2.02209
146 -0.701157
171 -0.748962
1236 0.759644
889 2.30511
1184 4.3374
671 -15.6888
232 -1.04176
1164 0.624512
995 3.03973
257 -0.962494
340 -0.68924
611 -17.0146
624 -16.7411
593 -0.245056
727 1.02826
415 -1.01013
1166 0.575806
113 -4.605
513 -0.299194
876 1.12524
835 0.191956
111 -1.24009
200 -0.787537
210 -0.751968
866 2.08215
1068 0.459717
981 2.31635
1125 -22.0819
1237 0.69751
801 1.53668
483 -0.340179
247 -0.663162
732 -0.0645142
50 -6.30799
291 52.4292
286 -0.616547
829 1.95612
849 1.62085
1082 3.00183
612 -0.215637
785 1.38519
828 0.841675
1239 0.623901
1085 4.81665
307 -1.71896
229 -1.12447
446 -0.303406
666 -13.8253
966 -2.97235
1137 1.62805
925 3.15851
952 0.694763
1208 0.708618
163 -0.880219
907 1.46594
486 -0.283783
43 -2.20865
750 -0.0385132
828 0.0970459
712 -0.171875
1072 0.466919
944 0.831665
117 -0.767578
1156 1.77356
959 0.219604
1240 9.8407
698 -6.13354
1224 0.604858
281 -29.6854
185 -0.707718
1060 4.75635
258 -0.616943
658 -0.195679
974 2.22528
1060 3.14587
853 0.113464
89 -0.873238
210 -35.2546
1124 0.560791
246 -1.0813
785 0.131104
68 -5.3553
161 -3.92867
974 3.64331
672 -16.5959
1055 0.391479
738 0.737
1161 0.613159
931 2.0108
690 -15.5748
533 -0.262085
228 -1.13919
137 -4.06256
846 0.753845
762 1.02203
758 0.0977173
124 -0.718674
797 0.0670166
883 1.86414
1081 0.500977
1236 1.82288
855 1.16937
886 1.21045
706 -10.78
1104 0.515991
996 -20.4497
1132 3.80591
1055 -0.359375
904 0.156921
650 -16.6934
241 -0.663986
458 -0.420654
1151 3.80017
246 -0.639816
160 -0.645981
79 -0.686836
659 -0.184082
165 -0.801163
225 -0.809158
822 0.117188
876 1.1239
1102 0.600342
1071 0.455444
922 2.90643
173 -0.712219
185 -0.866959
215 -0.73822
974 3.63977
386 -0.439545
172 -0.790756
141 -0.745529
819 1.41565
928 0.318909
150 -0.76178
324 -1.33737
829 0.171448
202 -0.724869
204 -0.75058
181 -0.796204
1120 3.30823
1162 0.685303
1016 2.92627
1166 0.614624
170 -0.670853
257 -2.37915
244 -0.991898
558 -0.212524
848 1.53815
150 -0.764053
540 -0.278931
73 -5.31674
147 -42.9539
228 -1.01741
1120 3.29553
929 0.312195
1005 4.09851
1107 0.544312
1081 3.396
336 -1.25677
1145 3.30225
75 -0.849998
1073 0.474365
892 1.47437
929 0.306641
53 -5.46807
912 2.58685
343 -0.535553
212 -0.739288
1031 3.39038
159 -13.0574
299 -0.925964
946 3.28003
1005 4.09821
873 0.184631
408 -2.07886
980 2.16223
341 -0.632904
1147 4.54517
101 -1.2113
144 -0.712067
92 -0.599083
1197 0.418945
1096 0.493408
1165 0.488892
1074 0.49707
646 0.23053
1069 0.536133
130 -3.76044
1056 4.23779
211 -0.769577
126 -4.64674
894 1.41748
199 -0.752731
527 -0.286499
176 -35.0673
468 -0.228882
779 0.0211792
1163 1.82739
641 -22.7469
519 -0.28479
149 -3.1515
1016 2.92554
71 -5.41444
51 -2.18605
1102 0.60083
728 0.239014
1152 3.39172
862 0.191162
167 -0.841019
350 -0.369904
1208 0.70874
1100 -1.67297
164 -0.817673
963 0.220825
343 -0.508087
82 -0.861328
931 2.05225
965 0.848206
133 -3.91956
223 -0.712494
141 -0.719635
182 -0.888184
956 3.1972
987 -1.26886
935 -1.09808
1015 2.91632
1100 0.503784
1052 0.28894
965 1.23932
1143 0.668457
70 -0.828522
28 -6.25764
995 3.04004
291 -1.56131
1182 5.61841
833 0.122375
758 -0.0418091
771 0.425354
88 -5.01233
227 -0.741928
1097 0.505493
1067 0.341675
545 -0.1745
92 -0.598701
732 1.05487
831 1.47095
1071 4.72559
93 -0.700607
831 0.136841
931 2.04059
18 -0.704361
689 -14.8626
1114 0.538696
92 -0.59874
683 0.324219
1059 0.835571
912 2.11932
787 1.14691
984 2.59222
1083 0.443481
152 -0.798187
213 -0.758575
932 -19.0884
814 0.176147
819 0.208313
241 -0.667755
716 -0.0478516
754 -0.03479
1110 1.56885
671 -15.689
209 -0.777542
931 1.57898
192 -0.717636
64 -0.699543
875 1.65851
177 -0.760345
1227 4.75305
893 2.34558
1183 0.499634
1150 0.586426
888 2.2821
876 1.12305
703 0.171875
60 -1.15458
914 1.55603
267 -0.673309
1084 0.532837
244 -0.682388
884 2.08783
789 0.184692
19 -2.14524
379 -0.452026
1097 0.561401
1141 0.620728
175 -0.910019
112 -4.38503
943 1.88043
1232 4.96753
962 0.86676
135 -0.813293
201 -3.21426
1112 -21.5253
860 0.14325
124 -0.696274
715 -0.200317
1184 0.482178
916 2.54309
208 -0.793564
172 -0.744888
1097 0.524414
1200 5.80176
934 1.22412
937 -19.58
851 1.62036
1234 1.45605
73 -0.758331
737 -0.0901489
115 -0.770599
982 0.273987
255 -0.939285
111 -4.61298
247 -1.4295
1084 4.1532
1153 5.89697
902 0.157532
65 -1.20114
1172 3.95874
570 -0.185364
916 2.54309
835 0.123718
246 -1.02371
947 3.28998
1238 0.453125
1203 1.84949
347 -0.823151
960 3.23785
622 -0.237549
202 -0.765778
1097 0.503418
976 0.630005
163 -0.88826
1165 4.14941
1105 0.575928
1204 5.50305
172 -0.700378
204 -0.690216
1211 0.610474
211 -3.13045
757 -0.020752
166 -0.710129
1095 0.519531
400 -1.37512
1141 0.620361
1227 0.318115
1038 0.289673
833 0.132446
79 -0.756287
758 1.461
1112 0.557861
961 2.12402
977 2.06818
240 -0.658905
1016 4.10394
866 2.08167
171 -0.576447
1046 0.165039
454 -0.611359
864 1.77545
303 -1.32574
198 -0.530045
435 -0.397491
955 3.35236
317 -1.58609
364 -0.39563
936 -19.1487
21 -2.15203
1197 0.418945
386 -0.443512
1075 4.87537
177 -0.719925
90 -4.82122
13 -1.2711
1184 0.478882
942 1.53619
288 -0.496735
690 -23.4178
739 0.809448
238 -0.726669
806 1.2785
976 1.42871
883 1.77979
1089 1.38843
1182 5.02856
830 0.115295
71 -5.41603
1057 0.301514
1144 0.726318
861 1.23615
955 3.35223
357 -0.334442
271 -0.657196
812 0.0740356
1027 4.43481
1042 3.61377
769 0.0824585
950 0.80304
925 3.16724
893 0.362183
856 1.83978
1017 3.49469
1188 0.364624
454 -0.616119
574 -0.585022
123 -0.674164
1120 4.29553
474 -0.320862
1184 0.371094
454 -0.601868
205 -0.776306
606 -0.210449
1127 0.511963
876 1.13159
386 -0.431976
195 -0.718597
206 -0.739319
922 -14.1575
936 2.99567
483 -0.349548
842 0.112549
86 -0.760956
353 -0.419098
980 0.788269
1097 0.510864
1182 0.733276
927 3.17834
690 -15.576
162 -24.1695
701 -12.7709
903 -8.43646
47 -5.69443
105 -0.65831
759 -0.0397339
108 -0.723846
496 -0.281403
106 -0.790466
1135 0.571899
945 2.7533
183 -0.768784
137 -0.80452
950 0.254211
86 -5.02045
139 -0.77037
347 -0.435547
514 -0.319214
805 0.0690918
258 -0.561249
154 -0.751526
929 2.76984
1051 4.37329
981 2.15533
1151 0.659668
357 -0.443359
759 -0.0252686
119 -1.10844
1163 3.97534
224 -0.690628
591 -0.245911
1060 3.14722
1203 1.84888
329 -1.35474
7 -6.99549
124 -0.698608
981 2.3161
924 3.18396
1208 1.20374
1117 3.41821
936 1.99127
783 0.039917
1110 0.611084
258 -0.679016
1054 0.292603
963 1.36884
149 -3.15207
1145 0.335083
839 2.354
281 -24.1872
33 -0.787628
729 0.471069
226 -2.57863
937 3.06549
946 3.3075
27 -0.818584
225 -0.800095
189 -0.808395
784 0.0452271
774 -0.0265503
1117 3.41833
814 0.128113
947 3.27704
224 -0.711487
150 -0.763
955 3.35217
1185 0.786011
302 -1.69641
341 -0.494019
973 3.65588
1054 3.52637
