627 1.16718
601 -0.521484
725 3.70441
371 -18.1481
699 3.71228
619 0.445129
668 3.22205
644 1.70709
699 3.71301
533 -2.07654
667 3.48969
655 2.88684
603 -0.705017
554 -1.44061
601 -0.494629
741 3.88129
599 -0.570496
554 -1.44067
616 0.429016
639 1.78741
612 0.126038
668 3.21619
699 3.71301
659 2.35992
330 -2.84796
639 1.78876
615 0.400024
612 0.194641
638 1.63538
612 0.126404
668 3.216
554 -1.44067
865 13.8118
639 1.78888
643 1.73193
639 1.78778
271 -6.44382
639 1.78918
597 -0.359009
330 -2.85617
658 2.82257
707 5.70782
526 -2.64581
263 -13.986
645 1.98627
370 -16.8549
407 -13.9565
587 -0.560425
818 9.27197
541 -1.95013
642 1.6546
606 0.0244141
904 17.2706
507 -2.72009
330 -3.01471
630 1.07507
639 1.78778
464 -5.5249
463 -5.60135
407 -13.9566
659 1.78473
650 2.62238
370 -16.8548
904 17.2705
554 -1.38379
617 0.533325
617 0.438904
370 -16.8443
533 -2.07654
644 1.6825
644 1.68555
263 -13.7887
607 0.0132446
690 4.44318
884 13.3876
645 1.03723
616 0.373047
330 -2.89691
670 3.54602
590 -0.585449
370 -16.8446
779 7.73389
612 0.129761
621 0.588257
263 -13.9653
533 -2.07404
607 0.0140381
178 -10.2829
682 3.94672
407 -13.958
692 3.76703
658 2.77765
865 13.8118
655 2.9422
453 -1.61456
674 3.77466
687 4.05066
658 2.38739
672 3.59625
414 -3.18466
865 13.8118
643 2.01282
801 8.95947
407 -13.9565
865 13.8118
371 -17.7195
380 -2.60233
627 1.16547
630 1.07581
865 13.8119
348 -20.7288
798 9.5567
642 1.65466
621 0.587952
614 0.416809
391 -15.7561
178 -10.2793
554 -1.44049
659 2.37646
739 3.737
370 -16.8453
591 -0.678711
624 1.02557
965 24.9101
700 4.86255
655 2.92114
247 -13.2444
596 -0.313721
621 0.59967
243 -6.31042
690 3.98157
598 -0.487244
613 0.162292
650 2.38214
830 11.892
867 14.1185
271 -6.44476
700 4.86249
690 3.97583
220 -9.00952
420 -3.74429
392 -7.38593
606 -0.0583496
353 -19.6935
647 2.23889
627 1.1665
219 -9.01334
712 5.39996
653 2.58545
407 -13.9587
651 2.44055
655 2.65051
797 8.89117
526 -2.64587
717 3.23438
639 1.7879
667 3.49121
512 -1.38559
612 0.127136
599 -0.521179
707 5.70837
700 4.86261
667 1.93787
653 2.70306
612 0.124573
391 -2.59698
429 -2.36908
798 8.88715
663 3.12964
594 -0.0204468
700 4.86237
607 0.0134888
604 -0.156433
779 7.73328
534 -2.05786
627 1.16626
371 -17.7235
371 -17.7236
863 14.3439
650 2.37781
660 2.81567
617 0.535217
667 3.50018
649 2.33661
464 -5.52084
599 -0.570557
607 0.013916
739 3.7597
690 3.97516
593 -0.0608521
593 -0.0609131
330 -2.85995
650 2.23145
607 0.0134277
628 1.03967
734 3.97253
596 -0.313416
353 -20.1124
596 -0.313416
429 -2.36914
645 2.11438
627 1.16595
512 -1.38602
650 2.37799
596 -0.313782
865 13.8118
615 0.338745
379 -16.8367
798 9.55444
604 -0.0396729
593 -0.677429
779 7.70166
707 5.70862
630 1.07507
684 4.1275
72 -10.0326
779 7.73389
734 3.97235
463 -5.60248
348 -20.7282
639 1.78754
675 3.42535
627 1.16748
628 1.01965
353 -20.1124
600 -0.193848
453 -1.6152
244 -41.901
642 1.51855
845 13.5851
639 1.78784
607 -0.097229
375 -13.7339
552 -2.23169
252 -14.177
593 -0.060791
863 14.6088
423 -2.22806
600 -0.31958
615 0.444824
553 -1.31561
653 2.60101
700 4.86273
508 -2.49911
863 14.5855
674 3.77203
577 -0.373535
649 2.31372
429 -2.36853
621 0.588196
690 3.97571
391 -2.59738
655 2.91034
674 3.77484
675 3.42493
328 -4.95529
247 -13.2448
507 -2.72003
548 -0.850952
645 1.03625
453 -1.61462
453 -1.61465
554 -1.44086
458 -1.61215
371 -17.72
615 0.340759
617 0.381958
371 -18.1485
328 -4.95023
832 11.7814
605 -0.0181274
371 -18.1482
207 -9.24651
463 -5.60236
371 -17.7243
277 -6.72028
523 -0.135254
624 0.697266
639 1.7879
414 -3.18427
219 -9.01292
330 -3.04736
690 4.44336
630 1.07507
104 -13.8639
263 -13.5417
461 -5.56262
277 -6.7095
830 11.8868
392 -2.60379
655 2.63092
512 -1.38632
884 13.3855
615 0.389587
394 -16.5434
263 -13.5364
582 -0.258362
534 -2.16364
657 2.74103
247 -13.245
650 2.37836
719 3.31982
271 -6.44376
721 3.43237
674 3.60931
659 2.35858
606 -0.106812
992 30.8708
464 -5.52655
436 -1.50168
600 -0.320312
391 -15.7574
507 -2.17868
599 -0.570435
623 0.605835
692 3.76691
370 -16.8546
612 0.124512
667 1.93756
1120 71.6299
627 1.16376
674 3.77466
328 -4.95508
674 3.38641
630 1.07526
553 -1.31635
600 -0.309326
512 -1.38638
650 2.38574
617 0.534729
292 -5.58481
657 2.91693
263 -13.5383
486 -4.0899
247 -13.2453
630 1.13885
463 -5.60202
712 3.22797
453 -1.61548
593 -0.060791
620 0.569336
371 -17.7188
617 0.381653
597 -0.359924
617 0.534729
712 5.39917
420 -2.46582
700 4.8623
330 -2.9483
178 -10.2829
420 -3.74377
658 2.38757
661 2.89441
248 -10.4413
612 0.124756
600 -0.313354
609 0.129028
330 -2.97202
594 -0.0203857
647 2.21307
599 -0.550476
623 0.603821
616 0.469543
604 -0.812195
472 -5.1008
512 -1.38638
178 -10.2826
649 2.33563
652 2.26758
675 3.4245
690 3.97485
644 2.04187
324 -4.94131
613 0.342468
496 -1.03625
668 3.21991
846 14.1898
673 3.61658
627 1.17767
414 -3.18512
682 3.97339
679 3.76837
553 -2.24005
676 3.46228
658 2.38782
674 3.77496
798 9.55585
305 -4.89267
554 -1.44073
243 -6.99724
404 -3.11948
627 1.16541
507 -2.17929
280 -9.19858
553 -1.31586
320 -4.93341
679 3.81317
281 -9.19302
435 -1.49823
413 -2.77707
330 -2.94879
658 2.38214
863 14.354
564 -1.32013
690 3.9798
212 -5.53464
627 1.16858
666 3.27094
380 -2.64127
647 1.82642
553 -1.31598
593 -0.06073
678 3.54187
338 -21.0262
263 -13.987
534 -2.05298
526 -0.105835
675 3.46692
252 -14.1544
554 -1.4408
863 14.3479
279 -13.547
649 2.3327
485 -1.45685
669 3.26398
613 0.293762
603 -0.704834
630 1.07605
889 16.4849
951 28.1434
830 11.8832
594 -0.0603027
684 3.96912
419 -2.54333
639 1.83264
542 -1.67932
677 3.69788
631 1.54791
739 3.75726
615 0.47168
930 22.445
507 -2.18024
576 -0.728821
623 0.605896
104 -13.8643
668 3.22009
611 -0.300903
247 -13.2435
596 -0.312988
593 -0.06073
707 5.70844
690 3.97736
281 -9.19376
199 -5.69208
72 -10.0321
634 1.00128
682 3.98761
281 -9.19669
667 3.26935
553 -1.31702
603 -0.705078
219 -5.476
668 3.21606
639 1.79651
615 0.395447
675 3.42523
345 -1.1713
354 -19.8774
836 13.9755
550 -0.584656
650 2.37714
825 11.6976
617 0.533081
687 3.87463
658 2.38647
305 -4.89255
429 -2.3688
638 1.52405
863 14.5978
325 -8.92227
746 4.28369
650 2.38068
645 2.14545
642 1.65497
655 2.36627
271 -6.44183
529 -6.11401
345 -1.33368
451 -1.539
837 13.9719
593 -0.0608521
651 2.255
263 -13.7888
627 1.17444
271 -6.44202
621 0.593384
627 1.16632
630 1.07568
593 -0.060791
615 0.324158
627 1.17194
606 -0.521545
593 -0.0608521
821 12.1451
370 -16.8451
652 2.30627
597 -0.367859
371 -17.7241
627 1.16693
104 -13.8639
658 2.38837
634 1.03101
420 -3.74338
686 3.27686
622 0.586304
432 -10.3267
644 2.04602
642 1.65497
820 11.4781
863 14.6009
645 1.07001
729 5.09363
428 -2.44675
392 -2.60333
797 8.81354
627 0.864075
619 0.445618
464 -5.52606
650 2.37811
734 4.68408
690 3.98206
263 -13.5414
453 -1.61523
653 2.32812
832 11.78
330 -2.92508
371 -18.1482
612 0.124939
199 -5.69348
553 -1.31555
451 -1.54034
243 -6.77275
593 0.0253906
99 -14.3453
392 -7.36017
303 -4.1467
617 0.535156
740 3.96399
253 -14.1884
779 7.7334
232 -5.18448
613 0.31897
250 -13.8815
429 -2.3653
392 -7.38181
414 -3.18475
674 3.74091
414 -3.21851
677 3.73029
251 -14.2072
150 -9.33395
665 3.14447
656 2.95404
639 1.78711
606 -0.0587769
679 3.78259
568 -0.0103149
717 3.23883
602 -0.108765
392 -7.35519
496 -1.03632
675 3.71387
507 -2.17935
685 2.43732
655 2.7345
300 -32.0587
631 1.26471
570 -0.809875
263 -13.9652
627 1.16547
635 1.33826
832 11.7816
598 0.0350342
453 -1.6152
123 -8.41291
600 -0.353027
617 0.532043
407 -3.03699
729 5.09351
650 2.38037
690 3.97546
658 2.38861
583 -0.449768
675 3.71393
546 -0.548828
605 -0.147461
553 -1.31555
252 -14.3813
601 -0.343872
712 5.39789
690 3.97485
859 15.0645
594 -0.0204468
247 -13.2439
707 4.54193
734 4.68402
625 0.709534
598 0.0351562
247 -13.2447
253 -14.1329
642 1.65454
623 0.603088
391 -15.7154
614 0.421021
692 3.7674
865 13.8119
420 -3.74432
779 7.73383
627 1.17065
104 -13.8639
644 2.09082
820 11.4778
734 3.97321
471 -1.41968
438 -1.55933
732 3.85046
507 -2.17953
324 -3.51852
243 -6.35773
825 11.5992
464 -5.5264
863 14.6006
420 -3.7442
843 12.9393
453 -1.61456
893 10.7849
675 3.42444
414 -3.21857
629 0.953003
475 -4.40192
650 2.37762
371 -17.7235
642 1.38672
463 -5.11218
642 1.9505
330 -2.97061
462 -5.35617
249 -14.4146
658 2.38873
379 -9.966
564 -0.545105
612 0.161682
201 -9.52281
656 2.96301
419 -2.54358
681 3.92798
475 -4.40527
837 13.9711
327 -4.91046
655 2.77985
716 3.40179
655 2.94989
286 -12.5662
599 -0.570557
623 0.606384
517 -1.6178
512 -1.38632
425 -3.44681
330 -3.2959
475 -4.41058
291 -3.7663
104 -13.9304
253 -6.43951
5 -51.5449
951 28.1472
863 14.3545
650 2.37714
675 3.69049
391 -2.59756
291 -3.75418
213 -7.45496
541 -0.254028
884 13.3777
322 -5.0433
684 4.00714
599 -0.570923
655 2.90216
462 -5.35391
926 19.6621
893 10.7125
209 -9.0809
627 1.16498
675 3.71338
617 0.523254
641 1.40875
271 -6.44543
674 3.40912
371 -17.7199
620 0.551941
396 -1.63153
371 -17.7196
577 -0.711487
328 -4.94925
681 3.87592
826 12.1222
659 2.35767
292 -5.58514
741 4.01166
425 -3.44058
596 -0.356018
586 -0.514038
597 -0.387573
199 -5.69273
760 2.63098
380 -9.46994
263 -13.987
348 -20.728
863 14.3538
275 -4.42816
582 -0.167175
594 -0.0203857
630 1.07666
650 2.43707
866 14.6953
846 13.9523
627 1.16669
219 -5.4008
846 14.1964
813 10.4807
330 -2.97498
717 3.23474
863 14.586
453 -1.61539
247 -13.2436
754 4.58929
452 -2.9559
440 -2.54327
232 -5.18452
100 -14.4946
863 14.2425
420 -3.74423
328 -4.94946
991 26.833
328 -4.95062
392 -7.3804
642 1.65472
668 1.87292
644 2.0907
607 0.013916
829 12.1122
527 -0.124023
244 -41.9009
448 -24.2498
623 0.586365
884 13.377
597 -0.355774
619 0.442871
223 -50.3422
889 16.5473
464 -5.37863
414 -3.21884
650 2.37714
397 -2.2218
420 -3.74393
788 8.94104
390 -16.533
779 7.73328
554 -1.43994
656 2.96368
291 -3.7662
305 -4.89276
504 -1.55338
884 13.3779
407 -13.9556
391 -2.59445
263 -13.7887
630 1.0788
470 -1.08414
523 -0.43927
392 -7.37811
839 13.5593
453 -1.61526
617 0.51709
692 3.76721
443 -1.42447
604 -0.0873413
195 -9.99867
292 -5.58508
736 4.02509
167 -10.6146
581 -0.720886
677 3.54309
392 -7.3765
603 -0.707275
249 -14.3991
534 -2.05347
492 -12.7516
658 2.38843
263 -13.9652
863 14.345
451 -7.24002
640 0.633911
590 0.0932617
305 -4.89276
341 -2.40256
687 4.19781
884 13.3883
4 -48.8419
213 -7.45947
673 3.61267
906 18.1665
462 -5.35654
330 -2.95413
877 14.3643
267 -4.707
391 -15.7144
886 16.0272
328 -4.9505
855 14.2255
242 -6.33098
479 -4.5571
667 1.63922
869 14.8326
559 -1.38605
462 -5.35638
580 -0.440979
534 -2.05646
553 -1.31622
475 -4.40594
432 -1.40683
558 -0.0671387
675 3.42505
645 1.0705
542 -3.85205
370 -10.678
553 -0.30658
674 3.77179
374 -8.0076
594 0.0513916
622 0.857971
779 7.73199
274 -13.7962
845 13.5858
909 18.466
863 14.3207
232 -5.18466
252 -14.1815
219 -5.47606
634 0.657654
628 0.937439
429 -2.36447
263 -13.987
619 0.454468
600 -0.301392
251 -14.1198
589 -0.804138
646 2.34052
623 0.603516
748 4.64368
607 0.0137329
855 14.3409
596 -0.313416
701 4.85553
451 -9.173
652 2.34961
611 0.218811
883 15.6448
296 -5.51227
263 -13.5414
674 3.77777
807 11.63
427 -2.2793
450 -2.50165
661 3.07782
303 -4.14883
667 1.64612
826 11.8756
196 -6.13383
252 -6.3956
627 1.17029
627 1.20099
863 14.3457
639 1.78925
329 -3.57462
388 -16.7242
305 -4.92517
655 2.43262
780 7.55841
280 -9.19797
553 -1.31561
280 -11.4416
249 -5.01477
659 2.35767
346 -21.0011
596 -0.312988
420 -3.74359
868 16.9759
909 18.4045
316 -4.62753
100 -14.4924
607 0.0131836
329 -3.29684
94 -14.472
430 -2.11023
332 -21.4723
422 -2.28687
668 3.21588
469 -1.93585
655 2.94641
94 -14.4683
232 -5.1852
598 -0.511902
305 -4.89264
370 -9.43445
920 18.9422
275 -4.42804
291 -3.7637
328 -4.7464
913 18.9042
73 -9.36018
275 -4.43054
496 -1.03622
306 -4.61768
319 -4.50546
767 6.52222
780 7.50684
650 2.37927
667 3.45074
429 -2.36429
699 3.68292
855 14.1459
199 -5.69125
392 -7.37955
687 4.00781
630 1.07587
712 2.66638
920 18.9429
507 -2.71982
462 -5.3551
110 -13.9511
115 -13.2195
878 15.9859
843 12.9426
522 -1.59546
368 -10.0013
438 -1.50644
285 -13.3056
630 1.07635
694 4.2879
661 2.83478
553 -1.31104
303 -4.14584
916 19.1113
594 -0.0203857
930 27.0462
757 4.16193
196 -12.6676
656 2.95129
429 -2.36395
700 4.86243
660 2.5343
451 -1.5394
742 5.26031
779 7.73395
980 30.0125
329 -3.82593
852 14.4622
842 12.7857
271 -6.44186
425 -3.44699
602 -0.277893
348 -20.7282
710 3.11609
432 -3.24283
303 -5.08704
292 -5.58463
274 -13.513
884 13.374
512 -1.38644
913 18.9037
459 -5.57327
884 13.3095
607 0.0130005
763 7.47699
593 -0.06073
893 10.7817
930 21.5984
849 14.4153
930 27.0687
690 4.11377
635 0.900391
913 18.9049
616 0.191345
507 -2.71964
522 -2.02771
863 14.3547
300 -5.20572
315 -4.58502
598 0.0349731
889 10.2907
658 2.38861
9 -55.9566
186 -7.31529
753 4.22687
117 -13.1443
512 -1.38638
534 -2.05292
659 2.62567
281 -9.19495
603 -0.704712
85 -12.3929
303 -4.14572
863 14.5851
295 -4.51712
305 -4.89279
1006 33.1687
645 1.07172
512 -1.38617
591 -0.803589
863 14.2825
576 -0.765381
607 0.0133667
162 -10.6076
173 -9.28227
678 3.54205
853 13.9207
392 -7.37897
479 -1.56497
467 -1.47659
721 3.21893
730 3.55695
135 -7.65948
390 -96.7399
607 0.0130615
779 7.73383
429 -2.34863
659 1.78522
256 -9.7377
440 -1.51227
475 -4.40558
462 -5.3548
99 -14.3452
507 -2.17999
659 2.35919
414 -3.18558
660 2.47827
263 -13.5412
832 13.1508
884 13.3881
659 2.35565
675 3.51813
700 4.86224
1076 56.5219
219 -5.41595
292 -5.58533
160 -10.5238
889 16.5417
306 -4.61786
634 0.655396
826 12.1216
619 0.458862
534 -2.05334
681 3.04889
682 3.78937
291 -3.7662
612 0.126831
219 -5.4761
100 -14.5811
624 0.754028
462 -5.41751
930 27.1443
594 0.0744629
906 12.9263
830 11.8871
199 -5.69269
576 -0.686829
512 -1.38647
567 0.113342
284 -13.3606
665 3.22339
263 -13.5424
801 8.56775
839 13.5591
320 -30.4249
263 -13.7888
697 4.64783
409 -13.4542
865 13.812
249 -6.37547
593 -0.0608521
951 28.1464
475 -4.40564
800 8.23846
305 -4.89264
411 -2.79062
223 -50.3441
457 -1.56558
844 13.8236
658 2.38812
913 18.9019
863 14.2625
670 1.62494
744 6.22375
409 -2.7016
9 -55.8788
707 5.7088
798 9.5708
507 -2.17993
247 -13.2428
656 2.95056
617 0.479553
682 3.9566
632 0.63678
420 -2.46515
453 -1.61551
141 -5.01492
729 5.09418
474 -6.47003
463 -5.22382
667 1.9353
414 -3.18552
420 -3.74414
464 -1.62
150 -9.33508
594 -0.0602417
457 -6.56967
901 18.2932
717 3.23987
171 -10.1014
600 -0.313904
505 -2.3688
681 3.94275
893 10.7137
141 -5.01479
167 -10.6148
619 0.522644
451 -1.54019
470 -1.07797
274 -8.4903
280 -9.19894
414 -3.21973
844 12.3925
234 -5.65744
751 4.38489
276 -8.15839
100 -13.9357
667 1.93323
320 -30.425
471 -6.56992
930 22.6775
865 13.8118
420 -2.46582
230 -5.72112
284 -13.3548
630 1.07593
741 5.22125
752 3.63867
684 2.24426
292 -5.58499
712 5.40021
677 2.93903
199 -5.69255
722 3.24921
9 -55.8519
249 -6.39877
586 0.0888672
283 -13.3538
100 -14.031
688 4.05634
779 7.7193
925 19.3945
431 -3.4502
521 -1.95026
904 18.8013
645 1.0708
4 -50.6099
487 -4.93188
526 -2.64581
544 -0.317444
884 13.3788
523 -0.633789
740 3.94104
429 -2.36426
557 -0.337585
185 -10.7735
291 -3.76578
534 -2.0564
539 -0.260071
186 -7.31558
746 4.41595
818 9.27148
391 -15.7559
42 -220.061
470 -1.082
526 -2.64581
594 -0.0203857
684 2.37067
274 -13.7971
208 -5.7717
659 2.58502
851 14.5366
811 10.0768
429 -3.50888
154 -4.84265
711 4.79352
722 3.35968
461 -5.75601
539 -0.51001
414 -3.21906
248 -4.99521
667 1.93756
372 -8.49466
712 2.84094
760 6.48224
211 -5.96146
672 3.29749
340 -2.26593
453 -1.61472
734 3.97314
351 -2.23712
1057 66.5275
552 -2.23035
440 -1.57257
220 -5.42149
552 -2.22998
429 -2.36902
476 -4.40216
327 -2.31772
909 20.9252
360 -8.79507
906 17.5828
135 -7.67892
667 1.89606
700 4.86249
697 3.7774
660 2.49481
119 -5.58324
845 14.1638
718 5.06622
507 -2.17862
329 -3.29706
304 -4.15237
866 14.6945
623 0.60498
236 -5.53561
24 -9.82687
263 -13.986
403 -2.27359
527 -0.258972
801 9.1416
196 -12.6664
267 -4.70663
318 -3.78806
391 -15.7154
668 1.88812
781 8.61597
655 2.7937
882 13.2964
594 -0.0204468
462 -5.35699
639 1.79895
667 3.13397
237 -6.35474
784 5.74652
91 -274.539
739 3.7605
287 -29.5592
5 -51.5465
678 3.71777
99 -14.3453
219 -5.39444
462 -5.35468
739 3.73639
737 5.51154
100 -14.5823
464 -1.82611
281 -9.22333
912 18.8362
512 -1.38641
868 16.7005
73 -9.35979
470 -1.0853
72 -10.0325
848 42.165
899 9.43665
72 -10.0323
608 0.0480957
751 3.27197
417 -1.4628
451 -1.53906
684 3.59326
595 0.0696411
210 -5.65636
767 4.33649
462 -5.35678
291 -3.76636
772 4.62219
263 -13.5425
134 -5.16637
798 8.94989
866 14.6938
291 -3.76599
734 3.97253
598 0.0350342
281 -9.21899
294 -6.56122
303 -4.14618
224 -6.9863
878 16.044
709 2.34595
81 -6.26948
821 12.1455
1006 33.1688
507 -2.71988
882 13.3295
779 7.7337
150 -9.33476
392 -2.60342
630 1.07587
902 17.4558
752 3.29547
350 -20.9203
323 -3.70895
872 15.2701
743 6.13629
872 14.8743
444 -3.52167
288 -12.6212
707 5.70074
111 -14.6288
865 17.0783
507 -2.72006
432 -1.40295
270 -4.6369
100 -14.5209
305 -4.89267
680 1.62714
284 -9.67288
608 0.0986938
303 -4.1488
305 -4.8927
863 14.3553
930 22.7231
414 -3.18393
278 -9.65097
134 -5.16624
949 33.8171
453 -1.61484
512 -1.38629
743 4.06647
28 -63.5509
575 -0.595459
618 0.491089
920 18.9443
182 -3.40651
462 -1.52576
779 7.73419
616 0.296692
222 -5.63966
464 -1.55704
913 18.9053
318 -5.01804
248 -14.585
99 -14.3453
912 17.7449
353 -20.1123
432 -1.39978
9 -55.8708
667 1.93573
682 3.70593
863 15.9349
28 -61.4564
354 -2.06354
660 3.08081
700 4.86237
323 -8.82355
973 31.2717
208 -9.09499
407 -1.51755
127 -5.56689
1057 66.5342
95 -14.1539
597 -0.327209
263 -13.9862
619 0.444641
224 -6.98602
428 -2.36398
168 -11.0829
219 -5.47607
249 -5.01649
396 -1.63153
451 -1.53897
665 2.05756
306 -4.61703
357 -1.98251
453 -1.61469
681 3.75018
864 14.7604
862 16.5389
490 -3.93518
462 -5.41876
496 -1.03625
72 -10.0326
876 13.5997
196 -6.12239
635 1.23004
884 13.3879
248 -14.4985
897 4.65387
903 17.9778
661 2.80573
846 14.1336
206 -8.62399
451 -1.5394
392 -7.35565
451 -1.539
248 -4.99513
760 7.10846
432 -1.40216
913 18.9019
483 -4.21664
232 -5.18535
70 -8.2494
574 -0.627136
404 -2.39557
9 -55.856
150 -9.92165
771 3.14594
292 -5.58521
168 -5.11334
645 2.14935
920 18.9444
100 -14.536
391 -2.59741
222 -8.56927
863 14.5863
396 -1.6188
665 2.05737
903 20.4744
684 2.24982
478 -1.63123
766 7.32782
329 -3.29837
482 -4.40723
994 25.9952
451 -1.54034
291 -3.75003
269 -4.66367
379 -1.78482
863 14.3544
711 4.84912
421 -1.4458
363 -2.06052
677 3.7876
248 -4.99525
391 -15.7572
667 1.93616
470 -1.6792
346 -2.16229
767 6.52087
533 -0.218811
893 10.71
348 -20.728
330 -2.95068
896 17.8254
53 -8.63582
771 7.79919
739 3.75574
100 -14.5285
689 3.55951
714 2.82269
304 -4.60236
441 -1.49167
223 -50.4355
168 -5.13423
70 -8.22435
684 2.24951
995 32.3223
340 -2.30176
229 -5.68774
984 32.0793
990 31.6593
667 1.63812
199 -5.69077
949 33.9089
893 10.7797
569 -0.870361
663 3.26154
709 2.34619
666 3.28027
220 -5.44994
430 -2.0311
465 -1.73676
426 -9.05704
628 1.3623
733 3.94183
243 -15.1414
87 -13.8109
341 -3.53806
134 -7.68669
470 -1.07773
5 -51.5467
792 8.82654
465 -1.52664
275 -4.42709
616 0.218689
863 14.3547
754 3.50171
9 -55.872
697 4.83173
897 8.71106
212 -5.96172
930 22.6557
340 -4.02875
329 -3.29547
863 14.3385
826 12.1228
146 -8.94745
367 -2.26331
291 -4.56955
65 -8.08764
660 3.24664
667 3.39417
488 -4.15302
798 9.55463
320 -30.425
175 -6.09145
340 -2.25146
637 1.14862
553 -0.0888062
330 -2.9541
764 7.4707
259 -6.01973
432 -10.3265
912 18.8492
512 -1.38644
453 -1.61484
863 14.5997
751 3.3205
290 -5.53223
168 -5.12874
4 -48.8318
801 9.1416
598 0.0350342
560 -0.224121
561 0.022522
162 -8.8589
283 -13.5568
705 4.83685
711 4.93848
248 -4.995
920 18.9426
385 -2.78278
804 8.81061
480 -4.44611
707 2.22913
396 -1.63168
267 -4.70663
661 2.97443
707 5.70746
702 3.38977
486 -1.28583
241 -14.4523
841 14.5963
740 5.5116
903 17.0997
761 3.09705
306 -4.617
353 -2.10837
633 1.13312
324 -5.05304
627 1.172
638 1.83679
707 5.70758
223 -50.3454
217 -5.73488
763 25.6678
100 -276.092
556 -0.0671387
219 -5.43822
343 -3.0192
555 -0.0559692
337 -4.12241
734 3.97314
606 0.0875244
148 -9.23222
667 1.93732
268 -37.8886
441 -1.53033
419 -2.54944
150 -9.33484
658 2.38843
292 -5.58466
418 -3.34412
368 -2.07083
707 4.98895
213 -7.45888
475 -4.40988
812 10.1016
422 -2.31522
319 -30.4944
527 -0.168823
429 -2.35892
208 -9.09514
496 -1.03619
303 -4.14441
101 -14.5012
284 -13.3607
405 -1.72284
20 -64.4973
338 -2.33926
295 -5.6001
362 -2.05978
739 3.76019
178 -10.2805
806 11.752
87 -256.829
526 -0.139954
249 -5.01646
496 -1.03622
94 -14.4677
328 -4.94946
282 -13.5321
788 7.76898
237 -5.43343
845 13.5863
42 -220.083
410 -1.49045
292 -5.58496
668 3.22485
383 -1.71109
325 -4.83502
466 -1.39194
779 7.73212
766 7.32776
648 2.05579
174 -5.8006
199 -5.69276
153 -4.86285
290 -12.472
767 6.52094
742 4.10529
711 5.62506
788 7.95056
895 8.92981
662 3.12756
263 -13.5403
169 -9.83278
453 -1.61453
432 -3.18808
712 5.39844
111 -15.62
180 -5.8593
448 -1.21408
339 -2.27899
305 -4.89267
196 -12.6461
680 3.83276
107 -13.9036
682 3.83093
573 -0.238342
863 14.6006
700 4.86261
453 -1.61469
798 8.88715
845 13.585
475 -4.40274
451 -1.53912
983 28.4145
446 -9.28864
208 -9.09471
249 -5.0155
852 14.0031
430 -2.07599
745 3.73981
411 -1.50275
391 -2.10553
296 -4.39441
165 -10.6918
284 -13.3615
232 -5.18462
292 -5.58429
110 -14.0565
485 -4.96967
784 7.39484
826 12.1223
84 -6.10914
248 -4.99533
219 -5.38257
39 -65.7959
332 -2.43182
690 3.98016
832 13.1561
485 -1.36569
884 13.3869
292 -5.58615
339 -2.25858
263 -13.5382
743 3.96436
707 4.60077
70 -8.2243
100 -13.9329
303 -4.14621
432 -1.39618
396 -1.6188
841 14.5956
430 -2.06357
464 -1.04962
396 -1.63156
353 -2.01706
606 -0.069458
232 -5.87129
886 16.0267
980 30.0161
849 13.9653
832 13.1508
949 33.9022
783 8.47375
345 -20.9546
78 -7.97092
196 -12.6661
89 -14.4231
668 1.88568
592 0.0933228
703 4.61609
141 -5.0816
71 -7.67412
72 -10.0323
163 -5.15007
497 -1.20358
371 -1.77789
256 -4.97079
145 -4.90471
55 -180.244
913 18.9008
525 -0.178223
770 4.55615
249 -13.8823
782 7.32941
680 3.41809
287 -29.2961
787 7.80975
275 -4.40628
863 14.2465
100 -14.5567
760 4.36206
443 -1.34793
100 -13.932
662 3.36188
246 -14.4759
734 3.83105
353 -20.1124
322 -5.21228
930 27.0877
365 -8.9877
949 33.8991
685 2.36957
96 -13.9027
306 -4.6181
5 -51.5465
335 -28.7946
863 14.5862
767 6.52191
150 -9.33482
42 -9.15222
810 9.7832
690 4.44312
679 3.63171
863 14.6318
642 1.88806
942 27.6198
165 -8.17928
909 18.7235
196 -6.19498
19 -63.9878
832 13.1564
872 15.0246
9 -55.8451
100 -13.9338
619 0.458496
284 -13.3594
761 4.25549
81 -8.24745
590 -0.667664
866 14.3616
1006 33.1716
230 -14.5589
741 3.88153
980 30.0165
451 -1.5401
396 -1.63165
419 -2.54132
767 6.52118
347 -2.09174
852 14.4622
846 14.2748
208 -47.3681
817 11.3666
480 -1.61673
945 27.5353
645 1.07336
989 36.3791
697 4.62341
576 0.119507
930 27.0656
432 -1.39618
507 -2.72018
553 -1.31549
97 -13.8797
731 3.69617
656 2.64655
390 -2.12753
386 -1.68701
741 6.0282
415 -9.15976
113 -13.5998
451 -1.53973
396 -1.60031
742 5.24121
741 6.02789
414 -3.21869
432 -3.18848
186 -7.31642
467 -1.63187
338 -2.33133
305 -31.8143
275 -4.40439
445 -9.20676
104 -14.2707
645 1.37415
38 -60.2046
916 19.1115
754 5.94427
771 7.40009
18 -64.3376
319 -30.5044
734 3.97223
665 2.05725
341 -21.9887
249 -14.4767
284 -13.3609
134 -7.6868
691 3.22876
248 -4.99516
275 -4.42639
42 -219.952
320 -30.4249
396 -1.63159
183 -6.07912
240 -5.16591
866 14.6939
850 14.0992
904 17.364
392 -7.36121
920 18.9429
62 -7.70273
380 -2.5993
248 -4.99547
73 -9.3597
55 -180.263
49 -9.12095
852 14.4617
630 1.07611
670 1.61462
551 -4.35944
784 8.41156
920 18.9453
994 25.9922
211 -47.8975
150 -9.45676
243 -15.1366
746 4.20282
401 -2.28589
828 13.5538
916 19.1102
596 -0.0653687
832 13.1562
898 17.7603
168 -5.11433
607 0.0134277
726 3.85779
801 8.98035
916 19.1097
710 5.53265
432 -1.39673
164 -8.73604
179 -5.36745
199 -5.69171
70 -258.545
900 16.4034
889 16.4678
772 7.90686
902 17.5786
763 4.57843
275 -4.4274
341 -21.9925
208 -9.09576
168 -5.1161
339 -2.28751
104 -13.9834
930 27.0678
739 3.76068
181 -6.32181
432 -1.40298
992 32.9918
171 -9.72565
223 -50.3025
829 12.0629
483 -1.4725
737 4.62079
507 -2.71979
351 -20.5741
369 -1.72488
668 1.89172
299 -6.46542
452 -8.21368
263 -13.7889
881 13.3746
668 3.26788
739 3.75433
852 14.4337
289 -31.9528
358 -2.07031
232 -5.18454
893 10.7655
261 -6.43817
242 -10.7994
232 -5.71997
583 0.0872192
852 14.4615
533 -0.485474
202 -5.95325
497 -0.984894
859 15.0811
127 -5.56434
219 -5.47607
684 2.37067
112 -15.1307
186 -7.3167
946 27.7569
224 -5.66811
942 27.6058
22 -9.09962
392 -2.60425
170 -5.38663
20 -65.3831
656 2.72644
359 -2.0824
392 -2.60727
758 3.72479
239 -14.5616
725 3.65601
776 8.41986
746 3.99023
73 -9.35968
893 10.716
147 -4.94606
82 -7.60498
700 4.86249
707 5.70856
667 1.93744
642 1.6546
818 9.27374
134 -5.16637
232 -5.18501
459 -2.11755
700 4.8623
141 -4.80647
435 -1.52136
368 -7.63293
675 3.39545
926 19.4085
62 -8.31316
519 -2.0752
196 -12.6523
886 16.0267
864 15.2121
924 19.9386
552 -0.130981
496 -1.03616
370 -1.75879
284 -13.355
859 15.079
180 -5.82359
675 1.61322
748 4.3902
926 20.1786
352 -2.14603
169 -5.18837
720 3.27704
291 -3.7641
284 -13.3613
419 -2.54147
263 -13.7889
973 31.2738
801 8.95728
784 7.61346
353 -4.77393
99 -14.3473
100 -13.9343
248 -14.7186
379 -1.70755
849 14.4381
686 4.03809
95 -14.1083
993 32.6793
243 -6.30574
151 -9.49101
667 1.93781
913 18.908
863 14.3347
913 18.9039
165 -5.28906
703 4.49957
61 -8.35698
1033 37.8811
267 -4.71381
760 7.10858
73 -7.55901
430 -2.00293
249 -5.01651
168 -5.13667
72 -10.0323
339 -2.25778
283 -13.3528
281 -9.1933
106 -14.6587
139 -164.805
916 20.5452
4 -50.607
735 4.66193
862 15.8929
168 -5.13618
151 -9.44312
168 -5.133
700 4.86261
122 -6.72372
74 -250.556
830 11.92
291 -3.76605
635 1.4411
100 -14.4983
887 16.2089
512 -1.38666
631 1.02832
425 -3.44702
320 -3.93762
470 -1.07806
80 -6.48706
275 -4.40448
719 4.56311
853 14.522
42 -220.05
306 -4.61798
445 -7.98224
213 -7.45879
740 3.70081
305 -4.89264
396 -1.6189
135 -7.68674
303 -4.14929
869 13.9047
320 -30.425
798 9.57007
346 -21.0055
985 32.1544
137 -5.06361
301 -4.6235
292 -8.30093
28 -50.5665
832 13.1577
306 -4.61801
337 -3.95334
900 18.2768
391 -15.7562
896 16.8317
470 -1.07831
182 -3.40884
199 -5.69276
451 -1.53906
147 -4.90953
145 -4.92531
99 -14.3451
36 -62.1148
902 18.0845
883 13.8883
275 -4.42749
453 -8.56979
392 -7.35107
204 -5.88716
841 14.6503
732 3.67468
768 7.31836
67 -8.52801
921 19.3526
697 2.8493
299 -6.46683
379 -1.7446
392 -2.60327
667 1.90265
734 3.97235
890 11.5137
253 -13.8532
161 -10.4503
684 2.23517
422 -2.28973
876 14.9275
433 -1.50909
414 -3.18488
895 16.5943
368 -1.8959
836 13.975
209 -5.63246
668 1.8855
414 -3.22107
629 1.01886
22 -9.09967
450 -1.61044
747 3.69171
973 31.1771
56 -7.78532
542 -0.231079
284 -13.36
630 1.07501
327 -4.31982
213 -5.86403
985 31.0952
231 -6.42033
863 14.5848
928 20.1178
774 4.86261
469 -6.74396
168 -5.1256
973 26.9559
235 -4.51411
82 -6.95468
923 20.1244
219 -5.40581
603 -0.703064
284 -13.359
63 -7.84266
284 -13.3597
70 -8.03933
451 -1.539
897 6.93951
901 19.16
313 -4.06265
749 4.25555
843 13.8619
396 -1.61893
994 32.7396
867 14.8306
229 -6.37929
878 15.9857
742 5.26068
165 -6.56395
339 -2.30072
766 7.28625
364 -1.99741
254 -16.4893
667 1.93744
877 16.0161
946 27.8133
328 -4.95053
108 -13.7212
15 -61.0982
788 8.94373
335 -28.7941
313 -4.33011
552 -2.23108
690 4.44336
184 -6.28598
502 -1.65149
726 3.84625
285 -10.0518
359 -2.08505
141 -5.01443
148 -4.96674
127 -5.56684
717 3.26709
551 -0.128113
78 -7.91702
60 -8.68898
752 6.46552
451 -1.539
392 -2.60339
426 -2.18677
42 -220.06
451 -1.54041
690 3.98126
162 -4.35458
675 3.69232
608 0.0963745
448 -7.47949
553 -2.24011
156 -207.982
9 -55.8798
245 -13.2451
221 -5.5378
312 -4.82483
303 -4.14862
168 -5.42557
87 -14.4019
347 -2.39136
28 -50.4421
766 7.32745
429 -2.36499
104 -13.9966
725 3.77448
86 -14.3363
91 -274.351
380 -2.64563
534 -2.05322
447 -1.1926
372 -1.84357
230 -5.45316
232 -5.18462
847 14.3232
863 14.5839
213 -7.45898
72 -10.0322
468 -0.971222
647 1.53986
578 0.039856
161 -4.39371
370 -1.7468
603 -0.704956
657 2.95129
178 -10.2856
84 -5.88306
67 -8.29781
428 -2.38162
844 12.7701
820 11.4754
186 -7.31639
893 10.775
895 16.1146
780 6.70667
62 -8.52685
300 -32.0577
381 -1.98944
101 -14.5026
980 30.0123
596 -0.055542
726 3.60437
464 -1.01886
283 -13.3513
707 5.70856
973 31.2737
236 -5.61662
319 -4.67706
31 -8.93392
323 -4.90399
432 -1.40201
267 -4.70447
72 -10.0323
318 -4.77826
431 -9.08524
4 -50.6103
299 -4.4173
738 4.47754
718 5.06586
65 -8.58784
846 13.9335
707 5.70862
850 14.4184
609 -0.0405273
832 13.1509
658 2.69891
591 -0.542175
341 -2.64276
798 8.88708
305 -4.89261
358 -2.05746
226 -6.31866
281 -9.19678
453 -1.61462
700 4.86218
339 -2.2269
116 -5.53143
134 -7.68703
405 -2.63831
303 -4.15219
176 -6.16101
869 14.986
267 -4.70706
254 -4.87445
851 15.0432
300 -32.0591
920 18.9445
135 -5.13786
203 -6.33975
94 -14.4677
659 1.78595
358 -2.09073
676 1.98688
659 2.35876
140 -5.09592
964 28.7211
801 9.00513
832 13.1578
383 -1.99011
628 0.93866
319 -30.531
99 -14.3456
224 -6.98425
78 -7.40996
94 -14.4686
577 -0.172119
150 -9.33514
752 4.0174
922 19.7626
560 -0.0526733
884 13.3621
446 -1.14828
379 -1.76392
218 -7.41522
893 10.7159
718 4.91351
671 3.62799
879 13.9434
798 9.57031
61 -8.65042
734 4.68414
330 -3.83408
36 -167.071
734 4.68396
707 5.70856
783 8.44849
275 -4.42929
340 -2.29724
432 -3.18869
101 -14.4906
628 0.551819
238 -5.77574
670 3.22174
368 -1.70868
729 3.61908
921 21.7987
161 -4.39352
86 -11.8875
766 7.32568
764 7.4115
408 -1.55792
298 -4.49985
565 0.0250244
891 15.6183
842 12.0847
692 3.76733
782 7.86334
668 1.89056
60 -8.6895
594 -0.0205078
94 -14.4684
819 10.3988
634 1.03082
699 3.71307
219 -5.47604
114 -13.7246
1102 50.3051
464 -1.04971
139 -164.496
194 -6.21349
158 -4.3389
696 4.58661
342 -2.23206
748 4.03491
787 10.099
686 4.09155
168 -5.11523
349 -2.17822
734 4.68408
153 -4.82433
353 -2.06317
197 -6.11383
3 -185.104
101 -14.4903
264 -4.95074
659 2.35718
467 -0.986389
189 -5.41353
141 -4.80716
336 -3.2399
593 -0.060791
893 10.7048
731 3.98645
68 -8.22923
391 -2.07465
496 -1.03625
763 25.6671
331 -28.64
236 -5.73085
900 23.629
70 -8.24969
402 -1.83072
814 9.55835
855 14.7635
244 -10.1458
863 14.5847
169 -8.57532
994 32.743
328 -4.95529
920 19.1779
86 -281.841
96 -14.0245
207 -6.04567
104 -14.2476
773 3.66022
565 -1.30658
820 12.1038
863 14.6017
870 14.3187
715 4.85931
43 -8.06461
329 -5.17877
299 -4.61911
949 33.9
201 -6.21942
235 -5.96854
57 -8.97496
820 11.4755
884 13.0756
800 9.79095
314 -10.52
725 3.68518
890 16.0441
464 -1.04977
232 -5.18512
168 -5.11411
455 -1.08209
598 -0.483765
1207 57.9636
951 28.1463
721 3.19562
243 -7.22681
909 17.983
396 -1.59912
177 -6.16087
809 9.49084
94 -14.2063
15 -61.0009
243 -15.1419
738 4.9126
28 -9.33099
702 5.00696
604 -0.178284
213 -7.45959
527 -0.550903
507 -2.72
396 -2.06918
60 -8.68823
464 -1.0499
70 -8.05935
35 -9.64257
761 6.58661
707 5.70862
980 29.9128
1118 51.2421
186 -7.31622
798 8.88715
111 -13.5967
994 26.0122
334 -2.45929
893 10.7151
859 15.0822
600 -0.574158
46 -9.36133
886 16.0239
863 14.3157
72 -7.41443
105 -14.0992
10 -10.1975
594 -0.0204468
96 -14.1354
982 31.4787
830 11.887
231 -6.9192
680 1.62903
343 -3.43442
801 8.95959
328 -4.95032
365 -15.217
91 -274.337
232 -5.68924
837 13.972
139 -5.85216
674 3.73724
475 -4.40253
857 15.1349
901 19.167
70 -8.24939
427 -2.31024
432 -3.18903
339 -2.26642
361 -2.06482
243 -15.1471
351 -2.23853
305 -4.89267
529 -0.299377
750 3.54767
994 32.7356
52 -9.08165
134 -5.16647
651 2.43329
616 0.236755
779 7.73346
77 -7.98821
820 11.4769
860 15.4998
863 14.6669
289 -5.84607
305 -4.89282
328 -20.9859
235 -13.8353
354 -2.11487
877 13.5934
678 2.2951
780 6.55048
990 31.3737
303 -4.1489
353 -20.1123
371 -7.48254
5 -51.5465
165 -4.2831
913 18.9037
795 9.93591
432 -10.3164
300 -32.0577
145 -4.92564
275 -4.42947
741 3.88159
385 -17.454
167 -5.11484
821 12.1445
339 -3.6991
622 0.490173
45 -7.8635
432 -1.40582
18 -192.168
145 -4.90466
79 -7.47635
390 -2.19955
862 15.625
248 -4.99548
414 -3.18457
101 -14.4906
453 -1.6149
767 6.52185
704 3.57928
198 -58.6642
731 3.95465
65 -8.55312
121 -5.44846
665 2.05792
53 -8.63552
734 4.27576
168 -5.1227
83 -13.3753
766 7.32739
322 -5.14294
598 0.0350342
839 13.56
980 30.017
842 12.0436
798 9.56891
999 32.6882
392 -2.60461
356 -2.0687
863 14.3514
392 -2.60428
777 5.6767
224 -6.9859
226 -5.87683
900 17.4843
451 -1.54056
669 3.58582
980 30.0165
973 31.1771
465 -1.77463
47 -7.76824
915 22.2413
165 -10.6569
608 0.0532837
820 12.0995
854 14.0989
328 -4.95053
224 -6.98665
451 -1.5405
47 -9.20583
726 3.87671
141 -4.80251
24 -62.1986
79 0.96051
737 4.88721
263 -13.5422
762 7.48755
741 4.06219
100 -13.9339
24 -9.82801
248 -4.99507
973 31.1711
239 -15.2642
304 -5.00565
161 -4.39279
299 -6.46619
100 -14.5518
456 -7.89172
994 26.0063
55 -180.24
994 32.7371
728 5.09778
880 12.8679
852 14.4623
825 11.5993
801 8.95966
94 -14.4667
801 8.95703
158 -4.6824
72 -7.8681
82 -7.61874
226 -5.70903
339 -2.28687
698 3.99597
186 -5.0802
739 3.73584
756 2.83832
100 -13.9229
55 -180.229
50 -7.96006
464 -1.04984
289 -13.495
75 -7.1834
312 -4.63773
391 -15.7145
750 3.36072
807 11.3933
507 -2.17975
249 -14.4453
193 -411.116
700 4.86237
199 -5.69217
36 -9.34569
263 -13.7889
709 2.34668
252 -14.1826
738 4.94427
196 -12.6591
73 -9.35987
710 2.56384
780 6.38983
382 -2.29489
56 -8.9427
351 -2.23523
61 -9.74927
231 -6.18672
182 -3.4084
844 13.8207
300 -32.0588
889 16.3677
300 -32.058
618 0.461792
70 -8.25737
671 1.61719
87 -257.162
708 2.29675
859 15.08
245 -13.8345
630 1.07495
84 -238.325
72 -10.0323
396 -2.11066
9 -55.9562
176 -6.11848
353 -2.07739
320 -30.425
772 7.91553
161 -4.39378
40 -34.2457
739 4.97479
13 -10.383
841 14.5961
249 -13.9504
402 -2.04239
802 11.1381
177 -5.93031
951 28.1466
77 -8.02583
95 -14.165
1002 30.817
320 -30.425
690 17.2941
619 0.457581
99 -275.194
730 3.58813
177 -6.16307
708 2.33807
591 -0.73584
392 -2.60388
181 -6.15222
60 -8.68591
710 2.50842
66 -7.94011
728 3.52728
28 -61.569
177 -6.16211
244 -10.1449
134 -7.68687
457 -7.59235
507 -2.72015
718 3.16925
740 3.74231
124 -5.36219
832 11.7816
87 -13.6966
342 -2.25101
74 -8.51276
832 13.1568
842 12.2407
723 3.62372
339 -2.27899
1002 30.8213
782 7.25781
692 3.76709
898 15.6715
346 -20.9861
648 1.52313
893 10.7274
631 1.09491
432 -10.3261
758 6.83484
117 -13.3409
358 -2.08981
343 -3.15076
391 -2.32355
810 11.1004
136 -5.69847
1118 51.2611
372 -1.76517
75 -232.773
59 -7.85389
659 6.41107
771 7.3996
994 32.7403
900 18.0543
390 -2.22211
904 17.2697
949 33.9164
673 1.63239
183 -6.27338
114 -14.0477
392 -2.60342
203 -6.4812
315 -3.60126
196 -6.11531
81 -7.50963
1102 50.2412
356 -18.1615
734 3.97253
327 -2.54099
79 -7.41084
863 14.6035
682 3.93799
369 -1.71735
552 -4.04663
200 -6.22316
414 -1.43292
234 -5.75389
50 -26.9385
124 -5.13
942 27.4508
219 -5.47614
292 -8.10474
451 -1.53989
68 -8.17803
913 18.9046
199 -5.88116
826 12.1223
692 3.76703
801 8.95972
172 -5.65689
632 1.2218
181 -5.2755
199 -5.69218
57 -8.95464
280 -9.19897
889 16.3874
396 -2.02377
676 1.81628
1002 30.8676
168 -5.12495
177 -6.00963
580 0.0896606
724 3.78119
889 16.5453
707 3.65015
146 -9.02602
219 -5.45999
852 14.4621
223 -50.4362
145 -4.92548
701 3.85883
889 16.4637
97 -13.9784
320 -30.425
432 -10.3268
76 -7.0092
462 -1.48315
677 2.27509
830 11.8848
341 -4.2132
243 -7.22279
454 -6.4465
58 -8.63274
284 -13.3603
70 -8.2495
867 14.8138
407 -1.78775
951 28.1471
38 -8.29803
843 13.4417
692 3.76733
698 4.31329
53 -8.82292
178 -10.2857
432 -1.40308
196 -6.11429
630 1.0752
268 -37.8894
223 -50.435
734 3.97266
385 -1.67157
830 11.8928
396 -1.63129
86 -8.63511
379 -1.74969
171 -8.64392
94 -14.4689
84 -8.89445
141 -4.80707
550 -0.154358
206 -6.11133
318 -4.93951
830 11.8864
60 -8.68629
719 4.86481
343 -3.15887
646 0.642517
213 -7.45892
197 -6.11198
679 3.48785
768 7.1062
519 -2.3894
363 -18.7316
754 6.70337
145 -4.90475
699 3.71271
263 -13.7889
22 -9.0995
177 -6.15955
32 -9.21241
73 -9.35976
529 -6.10938
432 -1.39099
951 28.1475
1056 76.502
344 -3.03937
883 17.3887
767 6.52191
674 1.78381
219 -5.47563
224 -5.57137
99 -276.462
707 2.22913
513 -4.14877
183 -6.26166
95 -14.0883
135 -328.118
769 4.21722
108 -13.931
732 3.95428
135 -5.13773
207 -5.91801
661 7.09857
378 -2.08118
203 -5.93573
134 -5.16634
753 3.28986
507 -2.72018
283 -13.3537
407 -13.959
199 -5.69205
507 -2.17929
5 -51.5465
220 -47.3095
889 17.8254
99 -14.3457
852 14.4016
140 -4.86432
913 18.9042
72 -10.0323
830 13.5275
22 -9.09975
993 32.6804
84 -9.81633
697 2.8866
863 14.6019
64 -8.53997
830 11.9029
266 -46.9934
300 -32.0582
731 4.22351
837 13.9719
709 3.60461
750 3.39282
343 -1.31909
10 -10.1985
883 13.2426
67 -9.6694
970 30.1599
818 9.27393
951 28.1464
22 -9.09968
24 -9.84274
822 12.3509
138 -5.83301
232 -5.18459
320 -30.4249
767 6.52094
432 -1.39999
70 -186.185
783 8.45612
161 -4.39388
141 -5.01526
328 -4.95047
337 -2.15979
848 14.7852
611 0.723572
112 -14.5723
736 4.28784
786 7.76813
491 -4.51263
158 -4.34386
25 -9.75363
145 -4.76509
223 -50.304
28 -55.1152
386 -1.9288
734 4.68402
697 2.98706
722 5.45947
150 -4.81647
889 16.4302
31 -53.0517
734 4.68317
147 -4.74565
40 -8.15139
116 -13.8817
232 -5.18527
740 3.75519
141 -5.01419
771 7.40033
845 13.5859
921 19.6133
786 7.49042
901 19.1609
248 -4.9951
29 -64.1392
647 1.47101
134 -5.16658
722 5.74017
341 -2.15146
852 14.4616
734 3.97314
742 5.2619
687 3.31055
375 -1.68097
151 -4.83878
771 7.39996
683 3.94672
852 15.289
1163 57.8782
365 -1.85229
675 1.54755
1102 50.2418
740 4.98865
942 27.4636
474 -6.13367
590 -0.763
855 14.7123
742 5.25244
339 -2.27634
742 6.37073
383 -15.8625
10 -10.3518
134 -5.12756
73 -9.35978
840 13.3359
429 -2.36392
293 -7.4118
704 3.34271
78 -6.82893
709 3.60486
219 -5.47607
432 -1.40314
213 -7.45901
830 11.8936
865 13.8118
186 -7.31633
56 -8.91119
940 14.6799
581 0.100159
741 6.03058
84 -7.60841
353 -2.07727
432 -10.3264
11 -11.3188
752 4.76819
161 -4.61247
4 -48.8353
891 7.66687
359 -2.20023
759 2.73364
187 -6.2133
133 -4.95505
87 -257.104
904 23.2549
55 -8.73791
533 -2.04999
365 -1.79291
150 -9.92154
28 -53.9985
786 8.17273
690 4.44318
392 -2.60364
138 -5.84238
256 -4.85547
768 7.53955
812 9.44568
219 -5.45996
168 -5.3053
345 -2.28107
20 -55.7156
376 -1.71005
853 14.5131
783 8.54193
360 -2.47839
852 14.4624
232 -5.18536
711 4.58777
554 -4.46753
734 3.9726
263 -13.7888
182 -6.31776
842 14.6132
60 -8.68621
758 2.83746
168 -5.12538
798 9.62042
150 -9.92178
307 -4.88617
391 -15.7568
305 -4.89264
892 7.38922
3 -48.8052
904 23.5981
798 9.56958
593 -0.060791
832 11.7814
741 3.88147
1102 50.2466
864 14.7805
211 -5.82697
4 -48.8319
351 -2.1152
34 -9.23596
649 2.32349
818 10.6379
593 -0.0608521
51 -173.229
555 -6.11517
407 -13.9585
637 0.565491
111 -231.265
818 10.6494
214 -5.60791
10 -10.2085
432 -10.3165
56 -7.88298
168 -5.11368
839 13.5597
22 -9.09959
135 -328.168
391 -15.7554
779 6.33734
761 3.14343
166 -5.47008
594 -0.0203857
135 -328.122
704 3.11237
263 -13.7888
788 7.96686
682 4.04419
200 -6.33562
785 7.88586
771 7.39996
341 -1.47192
87 -257.101
783 8.44232
994 32.7338
196 -12.6655
381 -1.7352
255 -6.80733
432 -10.3164
232 -14.9603
771 7.40027
448 -8.41705
545 -0.190125
374 -16.5403
259 -3.09877
853 14.3032
852 14.4636
96 -13.8825
767 6.52081
684 2.84668
299 -6.4653
771 7.40009
780 6.82318
841 14.6502
741 6.02966
994 32.692
21 -168.887
743 3.75446
139 -5.84442
767 7.17505
28 -54.9369
734 4.68378
356 -2.07468
70 -8.24839
161 -4.3595
263 -13.7888
618 0.298157
529 -0.612183
690 3.97858
5 -51.5465
893 10.7126
303 -4.14871
757 2.79968
833 13.7433
330 -2.2019
316 -21.1181
737 4.88733
154 -19.9057
396 -1.63129
821 11.1809
828 13.4513
265 -15.1985
408 -2.3269
432 -10.3163
113 -239.745
165 -5.16782
160 -4.36693
11 -11.3192
305 -5.00934
268 -37.8877
711 4.91754
883 13.2984
32 -56.4784
281 -9.19662
706 5.32764
168 -5.11699
309 -4.66275
73 -9.35979
739 3.76031
87 -256.917
690 4.41083
364 -20.119
621 0.463379
507 -2.72025
742 5.26373
237 -13.174
40 -172.245
135 -7.68682
339 -2.26273
324 -20.3441
757 4.9408
800 10.1597
761 6.79474
802 10.8428
859 15.0806
676 3.6886
985 32.1706
376 -16.51
48 -152.195
178 -8.25348
195 -6.0414
880 9.67505
432 -1.39371
880 8.64935
61 -8.73675
22 -9.09933
675 1.4054
67 -7.59609
852 14.4625
100 -275.772
779 7.73346
753 6.83875
682 2.73486
452 -1.11862
380 -1.74808
749 3.58411
232 -5.18457
863 14.3188
188 -6.1705
192 -60.1988
99 -275.903
77 -8.23288
879 13.785
18 -191.978
11 -11.3026
392 -7.35846
387 -2.27679
151 -4.69466
53 -8.63593
89 -14.4095
481 -1.7663
667 1.9361
866 14.6945
161 -4.37042
571 -0.697021
764 7.41718
35 -168.189
86 -11.4792
711 2.6756
198 -6.29439
507 -2.18045
772 5.09711
10 -10.2085
708 3.3075
351 -20.5741
189 -6.25546
356 -2.07678
320 -8.91946
1117 51.4663
145 -4.97661
127 -5.56516
113 -14.9318
640 0.770996
849 14.6971
987 31.3914
779 7.73389
446 -9.84708
680 1.6272
644 1.72345
966 28.522
866 14.6953
401 -16.2085
466 -6.90488
121 -5.57168
692 3.76709
115 -14.3957
779 7.73395
866 14.6949
384 -2.10547
183 -5.84152
377 -1.83264
788 8.94232
924 20.4073
10 -10.2069
747 4.065
306 -4.61807
215 -5.95743
141 -5.01492
992 32.992
298 -4.48602
816 12.2545
287 -3.60565
18 -192.103
81 -7.99686
85 -13.3958
26 -9.65702
823 12.8965
808 10.5259
160 -4.96997
171 -4.27858
368 -2.08627
646 2.04388
519 -7.87268
804 11.382
750 5.43231
96 -13.924
174 -7.51184
53 -8.63573
44 -35.1815
741 5.1283
40 -8.16397
220 -6.78027
145 -4.90373
821 12.1453
331 -4.17627
168 -5.12543
232 -5.18542
645 1.07166
86 -14.3642
313 -4.23273
32 -56.4762
214 -5.81125
63 -186.428
758 5.72638
404 -2.37625
397 -1.92935
1033 37.8838
101 -14.49
19 -173.693
108 -14.0011
450 -1.14261
30 -55.5727
215 -7.21944
700 4.8623
799 8.73358
220 -5.40544
22 -9.09962
451 -1.65524
646 1.31561
168 -5.11623
67 -7.67627
608 0.0740356
28 -52.5607
158 -4.68497
29 -54.9694
190 -9.9911
820 12.0993
275 -4.427
766 7.32574
36 -9.52765
156 -208
131 -5.25243
134 -5.12009
86 -13.0602
96 -189.114
821 12.145
502 -1.51645
1102 50.2675
127 -5.56657
182 -3.40851
850 14.3685
73 -7.32956
695 17.4384
55 -180.281
879 13.7483
55 -180.313
318 -4.63721
134 -5.10193
766 7.12622
741 6.02344
79 -7.44292
85 -13.5278
339 -4.5553
54 -9.07179
462 -5.35965
86 -8.36884
775 4.82214
73 -9.35982
741 6.02814
46 -9.40416
708 3.28027
199 -5.90105
100 -14.4939
440 -8.25275
7 -10.6968
865 13.8119
90 -13.8412
9 -55.8825
667 1.93604
132 -5.14507
896 17.5588
724 4.27618
832 13.1506
134 -5.13069
18 -192.186
60 -8.68615
100 -275.739
40 -198.647
171 -4.83987
370 -16.8552
145 -4.9317
247 -13.6954
353 -28.5878
55 -8.37143
137 -4.8851
481 -1.25571
625 0.946777
49 -9.27448
263 -13.7888
892 11.6976
287 -13.1628
689 4.75116
436 -3.29037
53 -7.89537
446 -4.21173
86 -14.4803
793 8.47821
58 -8.73542
49 -9.31066
18 -63.8443
17 -215.178
675 3.46399
992 32.9921
1108 26.4373
945 27.49
396 -1.63147
529 -0.282532
633 0.678711
121 -5.58432
36 -9.52776
46 -8.99837
351 -2.23941
905 20.3302
348 -2.16052
134 -7.68687
43 -65.6411
291 -3.76608
357 -2.04614
432 -10.3255
698 4.39893
684 2.55475
797 8.89117
57 -8.04173
863 16.0762
186 -7.31534
303 -4.14838
237 -6.3347
198 -6.31412
594 -0.0204468
692 3.76721
145 -4.97205
227 -5.62027
91 -13.8787
703 3.30817
325 -20.892
832 13.1509
339 -2.27658
255 -3.81396
340 -22.3676
798 9.55463
371 -1.84125
239 -13.418
73 -9.36014
769 2.93414
748 4.85358
788 8.94238
860 15.8895
690 4.44312
308 -4.60464
355 -2.01419
832 11.7789
366 -31.1379
652 2.36816
180 -6.28409
699 3.71228
158 -4.7932
180 -60.9558
153 -4.79121
313 -30.8129
87 -12.7561
1076 56.5016
689 3.7674
182 -3.40906
84 -10.0469
52 -173.625
801 8.95734
695 4.50391
810 9.45343
253 -11.0182
679 2.35455
261 71.6267
299 -6.46625
244 -41.9009
306 -4.61789
889 16.5823
150 -4.81616
60 -8.39332
687 3.22321
348 2.12057
139 -5.88008
594 -0.0604248
21 -10.0426
1223 -6.29028
299 -6.46658
61 -8.36852
8 -53.8128
654 1.9071
341 -2.51633
135 -5.05426
39 -50.6485
281 -9.19348
77 -8.24853
303 -29.9629
168 -5.1066
1223 -31.5934
281 -5.0271
380 -2.64923
859 15.0812
35 -61.4809
417 -1.45227
45 -9.40186
119 -5.72468
386 -2.03549
243 -14.1882
432 -10.326
68 -241.111
211 -19.3032
62 -8.58375
88 -14.2661
669 1.7713
734 5.2644
328 -4.95023
841 14.6507
783 8.45288
79 -200.933
826 12.1216
206 -5.85744
821 12.1447
11 -11.3202
368 -1.88876
2 -10.6884
832 12.6771
354 -2.13272
18 -192.176
12 -10.1769
52 -9.22924
36 -9.52812
309 -4.29163
708 7.43134
853 14.5201
99 -14.3455
343 -2.11279
645 1.03693
150 -9.33487
863 14.3364
139 -5.95216
48 -9.19586
326 -20.3302
904 11.0908
749 5.56317
794 8.38782
771 3.0575
659 1.78687
532 -0.309448
182 -3.40915
379 -1.82452
140 -6.10657
144 -4.93576
84 -8.42168
161 -4.39818
305 -4.89267
321 -4.92123
702 5.01886
799 8.79144
49 -9.14139
627 0.629456
316 -30.2606
22 -9.0997
706 3.25769
168 -5.13657
168 -5.11096
135 -328.12
318 -4.97226
188 -5.36087
852 14.4311
24 -9.82773
497 -2.897
825 13.1473
826 12.1215
414 -3.21997
598 0.036377
49 -8.97253
141 -4.80643
90 -14.3597
432 -1.39691
432 -1.40082
445 -8.69678
72 -8.38432
134 -5.16621
843 14.3466
39 -144.374
690 17.2908
398 -13.2763
396 -1.61877
60 -8.68626
225 -17.8414
32 -54.6361
72 -10.0322
699 3.71277
306 -4.90915
331 -21.2477
119 -5.09298
199 -58.6854
709 3.61023
84 -8.80639
634 1.03052
56 -8.63734
278 -9.65244
782 6.87909
118 -13.3606
369 -1.70908
24 -9.82486
618 0.347961
100 -14.5
213 -7.45964
521 -4.05719
340 -4.56476
305 -4.93353
28 -54.9625
807 11.7939
689 4.39923
778 6.8642
193 -5.93578
280 -6.96579
263 -13.5386
112 -14.5454
141 -4.80373
1108 26.4366
152 -4.97623
141 -4.8069
335 -28.794
107 -14.3253
861 16.1167
852 14.4626
690 3.97827
829 13.7035
38 -9.34525
319 -4.17371
700 3.77777
196 -6.11565
18 -192.106
764 7.4162
528 -0.118164
333 -3.83673
331 -29.2513
281 -36.994
847 14.0863
42 -55.0924
116 -5.46797
24 -9.72297
825 13.1559
599 -0.521362
654 5.25446
84 -8.67865
115 -14.0863
595 -1.80334
889 16.3689
710 3.53333
14 -10.1828
107 -14.2782
155 -65.3599
830 11.8834
893 10.7134
379 -1.78018
865 13.8119
801 9.14148
913 23.3076
8 -189.271
156 -4.86404
846 14.1965
53 -8.63614
175 -6.10089
679 3.48273
54 -8.78251
45 -47.7812
53 -7.59477
529 -6.10913
926 20.2286
81 -8.17168
268 -37.8879
101 -14.5018
801 8.95685
416 -3.36127
643 11.536
766 7.3277
464 -1.0498
738 4.84814
103 -286.296
10 -10.1918
706 3.38763
933 19.8089
766 7.32538
358 -1.97787
48 -9.19492
665 2.05768
185 -5.608
737 5.52509
634 1.03107
710 5.52911
380 -2.57712
107 -227.274
63 -8.54815
702 2.65686
699 4.51593
597 -0.562378
190 -60.1486
239 -5.5174
611 0.145508
278 -29.7173
594 -0.0203857
734 4.68414
689 4.39398
51 -173.126
263 -13.7887
139 -164.373
853 14.1898
841 14.5958
419 -1.448
53 -8.63636
37 -8.45287
798 8.67853
779 7.73389
35 -8.47574
37 -8.87371
345 -2.28369
776 7.62964
524 -0.688049
667 1.93225
821 12.2571
168 -5.13583
640 1.49878
36 -9.52796
117 -5.93295
28 -61.4655
100 -14.0312
707 3.38
186 -7.31641
250 -51.2253
22 -9.09945
62 -9.373
7 -54.08
734 4.6839
305 -4.89273
28 -61.4007
98 -254.974
852 14.4623
149 -65.6908
734 4.68402
770 7.70459
893 10.7121
32 -133.027
7 -52.459
929 18.5261
408 -13.3298
99 -272.839
168 -5.11757
435 -8.96344
582 -0.00299072
888 16.4275
400 -2.19812
801 8.95984
392 -7.3595
70 -254.591
973 31.1771
933 28.0999
61 -8.32151
227 -5.63983
406 -12.8396
570 -2.72638
913 18.9037
271 -6.44189
36 -9.52787
667 1.93585
865 15.9706
352 -2.18063
973 31.1765
71 -216.706
8 -53.9279
42 -219.949
806 9.21667
53 -8.6363
755 2.75903
333 -3.83099
863 14.6186
706 3.55829
877 -22.612
729 5.09369
469 -6.5336
685 4.0271
341 -21.9887
129 -5.17093
801 9.14148
208 -12.4497
62 -9.63653
729 5.09418
65 -8.52933
685 2.36975
763 25.6683
133 -5.24117
392 -7.37833
717 2.90222
1118 51.4303
120 -5.64211
138 -5.84042
751 6.8385
634 0.856384
398 -2.08582
920 18.9445
22 -9.09968
43 -54.5332
159 -4.85884
306 -4.61713
50 -8.99237
26 -151.748
81 -7.87633
116 -5.45985
750 6.4978
173 -5.8363
168 -5.11575
560 -4.77112
791 8.87952
120 -326.524
340 -22.3675
446 -6.85901
820 12.1035
232 -5.18536
208 -5.70535
28 -9.91212
328 -4.95081
580 0.0709839
186 -7.31509
25 -9.74919
59 -8.54932
61 -8.31154
729 5.09338
353 -2.06235
679 1.61969
771 7.40009
566 -1.25354
763 25.6684
923 20.3303
432 -1.40305
820 12.5758
821 12.1458
678 3.48798
139 -5.85172
48 -9.19886
735 20.5033
807 11.543
121 -5.59879
771 7.3996
215 -7.21925
379 -1.76288
190 -5.94997
14 -56.4556
735 20.5007
1070 35.0175
633 2.62402
396 -1.59982
915 18.7693
89 -280.774
750 6.76239
60 -8.68508
87 -257.102
963 29.6447
85 -8.0433
874 14.2845
617 0.2677
788 8.94147
7 -51.7279
28 -63.0609
847 14.5255
176 -18.4077
722 3.15436
992 29.891
240 -14.4985
221 -5.70308
628 0.415955
341 -28.6339
32 -56.7059
754 3.23761
570 0.125183
464 -1.0498
841 14.0409
28 -150.157
889 16.3686
690 4.44312
743 5.61743
19 -167.858
176 -61.9577
99 -275.918
619 0.452942
63 -190.247
28 -54.543
728 3.92926
391 -15.7572
708 3.57074
741 3.88031
22 -168.773
1065 33.5924
36 -63.1554
251 -6.65996
8 -189.232
709 3.60529
526 -2.64557
358 -17.7014
315 -4.12756
581 -0.740723
635 1.65155
1200 -5.2417
1102 50.2559
817 9.9104
148 -4.87352
523 -2.52698
310 -4.37909
338 -2.31964
851 14.4803
64 -8.86844
771 7.3996
305 -4.38647
93 -220.398
52 -173.094
32 -56.6848
81 -7.62105
826 12.1218
717 3.24683
756 2.90704
161 -4.37173
864 15.7939
721 2.99591
653 2.59149
798 9.8067
632 0.760376
99 -274.452
905 23.5458
627 0.45575
659 1.78436
175 -6.121
41 -165.28
80 -8.09819
1066 35.2179
59 -8.62045
84 -9.34117
383 -16.0912
23 -60.6902
378 -1.70389
605 0.00195312
131 -5.19852
77 -6.92438
1059 34.3024
451 -1.54041
263 -13.7888
353 -20.1125
224 -6.98576
27 -48.1235
430 -1.35764
156 -364.935
989 36.378
127 -5.25712
381 -2.53848
709 2.34583
730 5.07562
1070 35.0156
593 -0.060791
45 -67.7273
350 -2.19214
608 0.134094
317 1.49265
284 -36.7293
141 -4.80211
1166 58.9015
137 -4.90631
970 30.0563
603 -0.703369
36 -9.52787
150 -9.92172
34 -9.62363
865 13.8118
311 -31.0865
196 -6.11813
141 -5.00334
103 -296.856
131 -4.93494
275 -15.0435
76 -255.938
212 -6.02078
420 -3.7431
876 16.0327
142 -7.11516
656 1.95581
26 -9.94654
138 -5.83005
197 -6.19377
23 -9.81037
173 -5.83794
432 -1.39404
92 -14.3752
109 -15.2166
619 0.457947
244 -14.5624
100 -277.188
305 -4.8927
360 -17.5977
183 -6.27757
773 3.47205
32 -129.769
116 -5.48599
8 -10.3201
911 32.826
16 -10.1885
66 -9.73203
448 -1.17633
2 -13.6174
28 -150.543
27 -51.6386
973 31.1763
925 20.6959
683 16.6315
1198 64.1879
920 18.9447
40 -9.2813
705 2.48785
1013 31.6495
10 -182.477
700 2.48761
370 -16.845
36 -9.53028
776 5.77148
938 29.587
103 -295.959
913 18.9039
226 -17.5689
934 19.4761
634 1.03082
817 10.9684
38 -8.10786
841 14.6508
432 -10.3165
232 -5.36098
352 -2.14761
824 13.3614
432 -10.3197
736 4.43262
62 -8.61691
737 4.6109
51 -173.155
81 -7.13332
240 -6.37856
107 -14.0087
963 29.4639
2 -14.0855
99 -275.176
76 -8.23125
81 -13.8924
373 -16.412
79 -6.93941
80 -7.51047
72 -10.0324
367 -16.7083
62 -8.69504
851 14.1462
706 3.22595
188 -60.1655
912 17.9308
4 -50.6089
686 3.05615
591 -1.54535
215 -7.22664
718 5.06586
116 -5.54568
818 42.6152
791 8.51965
582 -0.545471
862 15.1625
711 3.46112
10 -10.1973
7 -51.1247
115 -13.9488
755 4.91101
734 4.45758
379 -1.95981
198 -58.6638
425 -3.61993
909 18.839
914 21.9328
161 -4.37891
166 -5.23677
65 -8.46556
29 -9.37939
151 -4.82155
179 -60.5875
119 -5.73544
127 -5.56955
356 -1.98981
184 -60.4532
306 -4.61804
8 -177.679
830 11.8864
736 5.24579
53 -8.63591
783 8.44275
135 -328.12
766 4.56775
36 -167.105
749 6.52075
28 -61.7772
45 -9.41
76 -9.80012
761 6.63678
89 -13.8915
175 -25.5179
23 -9.80625
606 0.0820923
37 -163.036
718 3.54852
127 -5.56516
127 -5.5694
994 32.7479
841 14.0023
840 13.7631
96 -13.8666
739 4.44617
721 3.09216
641 5.39685
782 7.10742
791 9.25812
128 -5.09052
326 -28.9749
99 -275.212
825 12.8208
157 -4.86386
10 -10.3559
4 -15.3807
168 -65.8713
310 -4.31317
784 8.70581
36 -9.18484
391 -2.59924
166 -5.29381
215 -7.21762
1223 -31.2744
264 -7.26941
5 -10.6377
18 -192.189
819 12.1483
841 14.652
221 -5.7075
852 14.4632
88 -279.816
188 -6.26366
22 -168.817
1096 37.8549
759 6.43335
764 7.41852
391 -15.7555
920 18.9444
659 1.78589
60 -9.17898
29 -55.3257
956 28.1194
3 -186.424
270 -14.666
884 13.3873
684 2.24969
63 -184.323
750 4.80121
841 14.5944
28 -54.5412
70 -7.62328
354 -2.15701
166 -4.27832
39 -8.55678
36 -9.5298
404 -13.5782
5 -51.5465
374 -1.70059
87 -14.3609
79 -201.939
382 -17.0447
158 -4.8494
183 -6.27756
711 4.21863
734 3.97247
224 -5.58434
435 -1.49985
839 13.2879
865 13.8118
144 -4.90628
593 -0.0608521
539 -6.75513
774 4.37872
830 11.8867
729 5.09393
826 12.1225
2 -187.832
11 -11.3192
704 3.52863
219 -5.53065
760 5.56921
1046 33.3032
624 0.653931
190 -24.3175
753 6.47784
945 24.5229
746 4.65192
894 16.9487
224 -17.9182
994 32.7487
28 -52.8325
18 -192.199
24 -66.3592
448 -24.2487
722 3.79022
38 -9.3509
552 -2.23071
230 -5.28433
81 -194.897
873 13.9658
50 -8.89765
7 -19.0522
675 3.42493
168 -11.0831
696 2.82928
741 4.4472
710 3.61115
1006 33.1702
118 -316.688
39 -50.78
141 -5.01431
250 -51.2254
135 -5.12917
178 -60.1661
600 0.0827026
138 -5.8398
259 -4.78181
564 -4.08563
268 -37.8896
154 -46.561
8 -53.944
731 5.31665
791 8.4834
306 -4.61804
300 -32.0587
578 -0.0418701
4 -50.6079
769 2.7608
382 -16.6469
797 8.89111
448 -1.16187
654 5.25439
330 -2.46527
18 -9.97183
11 -11.303
111 -13.9216
362 -17.2485
5 -16.0347
45 -9.37579
7 -54.3947
690 3.97577
422 -9.69693
882 16.3858
250 -51.2267
28 -54.1966
552 -2.23224
76 -142.225
59 -175.649
56 -8.90742
71 -9.62509
771 7.39948
795 10.3076
818 9.27399
219 -5.47606
190 -24.3036
88 -14.3226
76 -8.19146
164 -4.96573
65 -201.18
1046 33.3209
906 18.2153
41 -9.50946
24 -9.82804
139 -5.96667
227 -6.17603
219 -5.47127
779 7.73395
55 -7.6339
407 -13.9581
798 9.55664
595 0.114563
243 -7.23331
50 -26.9178
392 -7.37787
317 -29.9298
36 -167.471
20 -162.069
647 2.1189
759 6.7713
14 -10.2813
259 -6.55078
350 -2.07629
453 -1.06491
326 -28.9587
1102 50.2406
692 4.48541
141 -4.80339
547 -0.151184
1070 35.0159
937 19.0465
372 -1.91193
75 -7.82014
32 -55.4369
547 -4.19586
35 -9.61256
478 -5.96243
199 -5.6908
646 1.2674
82 -9.06104
443 -3.14471
791 8.36884
554 -1.44061
99 -276.299
319 -29.6997
138 -5.83908
312 -31.2012
819 10.0983
156 -208.104
553 -4.18622
195 -5.92128
837 13.9718
13 -57.4534
994 32.7394
300 -32.0589
40 -8.17561
645 2.02692
161 -4.37938
1178 65.9277
242 -10.8064
84 -9.96658
39 -31.5563
814 12.2808
63 -169.856
742 5.48602
76 -7.92421
111 -14.6019
121 -5.59482
746 6.34753
139 -164.758
74 -255.562
973 26.9017
318 -10.7844
1166 58.9
865 13.8118
131 -5.23221
133 -4.97873
156 -19.842
888 13.1942
592 -0.758362
369 -1.74811
164 -65.4015
135 -328.122
134 -5.13922
762 7.48529
766 2.6554
1172 60.7842
897 15.6331
4 -48.8275
776 3.49261
877 64.4823
28 -54.7288
618 0.461182
667 1.93555
123 -270.721
718 5.06586
661 7.09912
47 -9.24535
51 -173.198
269 -14.8382
847 13.9742
81 -6.9055
113 -14.45
186 -7.31555
334 -28.192
168 -65.9504
998 34.9153
2 -46.3577
220 -18.3793
100 -282.112
94 -232.492
101 -259.191
748 6.00861
41 -9.2126
92 -13.7829
740 5.30353
341 -28.6032
818 9.27386
72 -8.11361
593 -0.060791
372 -1.91705
391 -15.7556
268 -37.8908
1070 35.0137
139 -164.47
90 -14.3708
914 20.0186
2 -14.9801
403 -2.70197
819 10.8108
59 -8.77781
684 4.21289
853 14.8363
74 -208.403
59 -8.21942
710 3.52344
1008 33.3947
18 -192.112
36 -167.172
754 6.21503
177 -5.88835
440 -8.95969
10 -177.734
393 -13.2104
889 16.3792
217 -5.81247
42 -220.012
921 18.9548
755 5.93335
751 6.43866
24 -9.43562
693 4.24365
273 -10.8496
753 5.84692
617 0.181885
141 -4.80708
1065 33.5923
866 14.6938
87 -256.924
837 13.9718
60 -8.89487
572 -3.94739
827 13.0866
28 -55.6626
277 -6.71979
19 -165.006
59 -9.18306
478 -9.0173
394 -2.17667
697 3.07117
27 -54.1306
411 -12.0762
712 5.39801
160 -262.437
994 32.74
661 7.09851
287 5.43729
681 1.79449
78 -8.2188
927 19.8022
24 -9.82476
39 -8.67748
161 -4.39308
776 28.2496
771 7.3996
920 21.797
438 -1.54239
881 13.3035
62 -8.63305
4 -48.8317
766 7.32806
138 -230.339
1056 76.4755
659 1.78534
121 -5.59187
23 -9.91291
788 8.94177
54 -9.05178
859 14.6363
859 15.0157
709 2.34589
67 -175.084
218 -5.87117
624 0.484253
172 -64.5995
4 -48.8274
391 -15.756
135 -5.017
94 -14.4681
634 1.03101
154 -51.2075
91 -274.553
100 -14.58
826 12.1227
73 -7.48756
200 -6.87308
353 -20.1123
135 -328.153
464 -1.0498
735 5.15881
140 -6.12245
10 -10.1956
357 -1.89609
683 4.17456
707 4.54187
37 -9.7353
18 -64.5169
24 -56.6761
55 -8.37264
777 5.93109
584 -3.81079
855 14.4201
93 -14.0458
774 5.21893
99 -14.3476
409 -3.76611
565 -4.41772
172 -390.692
120 -5.57667
989 36.3771
81 -8.40117
536 -5.96393
886 17.645
18 -192.186
654 1.8924
718 3.70361
1027 19.0211
202 13.8096
180 -61.2767
168 -11.083
121 -5.10017
695 4.36646
116 -259.493
661 7.09851
196 -12.6516
26 -40.466
823 13.0189
889 17.6608
24 -63.9256
28 -51.0814
694 3.698
138 -5.83942
574 -1.51093
196 -12.6518
142 -4.9175
432 -1.39719
108 -286.548
847 13.9011
451 -1.54053
28 -52.0373
219 -5.77039
161 -4.39279
48 -9.199
556 -4.72864
146 -4.93079
55 -180.264
44 -7.92356
800 10.2049
567 -3.7016
818 9.89349
9 -55.9175
735 20.5012
145 -4.9043
343 -3.15344
795 8.24951
60 -8.68608
828 13.1182
450 -1.14835
849 14.1467
607 0.0725708
204 -5.76154
22 -9.0995
677 8.03723
18 -192.116
718 5.06604
147 -8.60085
65 -183.629
332 -4.63089
248 -13.4515
701 2.48456
977 27.8752
721 3.68774
88 -264.802
59 -9.2858
649 2.04584
1046 33.3219
723 3.31903
288 11.3165
23 -9.80935
607 0.0130615
73 -9.74413
763 25.6679
354 -20.6433
1153 57.1823
865 13.8118
371 -1.76715
118 -10.014
734 5.13348
818 9.27374
18 -192.132
54 -9.13689
891 15.4727
263 -13.9866
181 -59.5286
96 -209.221
904 17.2
947 28.29
675 1.56293
4 -50.6046
335 -28.7953
111 -215.518
343 -2.37357
853 14.522
190 -24.3226
188 -6.11325
27 -54.3812
116 -5.45802
35 -164.652
951 28.1472
9 -55.5141
60 -8.68048
230 -8.40652
150 -9.92166
250 -51.2252
154 -4.7388
754 6.62695
751 6.51837
1179 64.8903
493 -4.72842
777 6.57074
859 15.081
43 -8.90084
619 0.283203
921 18.9539
626 0.317932
788 9.03082
641 1.93091
66 -9.01677
602 0.142212
134 -4.99109
680 1.62769
919 19.2918
63 -190.609
886 11.679
9 -55.9023
139 -164.853
710 3.48792
624 0.523682
90 -14.3102
4 -50.6273
621 0.325073
432 -3.18878
99 -14.3456
1186 80.6565
821 12.712
703 -1.17273
1096 37.8447
881 13.5377
100 -14.5205
644 1.27429
408 -17.0639
356 -22.0882
754 5.63403
1057 66.52
52 -173.1
176 -6.48303
227 -17.4776
680 1.70032
368 -1.89868
772 4.09937
773 6.92328
770 2.84894
781 7.22449
173 -62.7732
141 -4.84607
980 30.0162
1186 80.688
767 2.66119
681 1.79456
128 -219.872
135 -328.148
83 -7.9986
77 -215.837
619 0.301514
268 -37.8896
989 36.3759
832 11.7796
858 14.5217
634 1.03088
115 -19.6999
32 -132.417
38 -63.5347
734 4.68414
820 12.1074
840 13.2219
727 4.9892
379 -16.0179
681 1.79431
244 -41.9009
783 7.2868
859 15.0812
26 -63.9244
198 -58.7459
157 -4.82014
476 -6.34277
830 11.8824
223 -50.3442
150 -4.92776
877 64.4794
965 24.9088
634 1.03076
498 -3.73734
880 17.0952
36 -126.811
1207 57.924
848 14.1843
18 -192.116
816 12.2249
717 3.37976
72 -10.0326
53 -9.13377
335 -28.7951
921 18.9575
224 -6.9859
209 -5.62778
33 -156.55
158 -4.35248
225 -17.5447
693 3.28015
740 5.42365
603 -0.705017
1096 37.854
1046 33.3202
10 -199.995
34 -9.4459
800 36.8418
226 -17.4961
447 -2.63797
668 3.21979
634 1.03076
168 -11.083
70 -8.24946
139 -5.84988
235 -178.585
81 -13.4194
681 1.79468
681 16.76
18 -192.189
1 -23.3455
830 11.8832
852 14.4627
538 -4.98413
213 -7.45882
915 18.2538
921 18.9543
687 3.35834
690 4.44312
874 13.9335
407 -13.9577
846 14.5019
66 -236.866
2 -13.4526
85 -13.8638
138 -5.82845
10 -54.7708
250 -51.2219
815 31.4006
185 -10.7739
30 -61.498
812 11.0483
135 -7.65721
102 -231.117
263 -13.7888
387 -15.9484
24 -9.82803
150 -9.33411
222 -5.3737
67 -8.27449
783 8.44232
245 -14.5879
101 -14.4993
440 -1.17285
47 -9.4196
800 8.9104
10 -178.644
471 -12.8871
189 -6.30231
846 14.5134
51 -9.21333
87 -14.0005
106 -14.4441
169 -5.49359
78 -8.20478
471 -6.41174
263 -13.9653
712 5.39844
268 -37.8886
771 5.29163
746 6.15814
59 -166.143
28 -55.9088
92 -241.635
460 -5.79916
861 15.7312
9 -55.9547
781 4.76208
141 -5.01463
1092 47.2327
245 -14.5491
156 -208.123
134 -5.16338
128 -5.12543
659 1.78436
114 -14.0838
884 13.3876
654 5.25458
33 -8.57914
699 3.10034
24 -9.82767
168 -5.13712
33 -8.61014
99 -273.218
555 -4.58563
748 5.15057
48 -9.18749
195 -6.28163
875 14.0815
831 14.1983
250 -51.2229
183 -60.5908
51 -162.03
1056 76.5038
373 -2.02667
135 -5.02107
113 -19.7105
50 -9.29678
135 -223.845
931 24.9081
1070 35.015
695 3.20813
128 -221.392
859 15.0809
647 1.78156
57 -8.82411
55 -8.37099
841 14.652
830 11.8843
818 9.27405
66 -8.55658
491 -4.63016
28 -51.4195
780 7.56836
994 26.0073
757 6.2998
91 -274.611
920 18.9448
788 8.54755
874 18.176
354 -2.18198
917 18.4496
124 -5.47604
650 1.052
625 1.97162
770 7.38037
59 -178.632
643 11.5109
432 -10.3266
171 -5.67372
741 6.02802
299 -6.46634
882 16.4009
135 -5.13757
647 3.72833
60 -176.991
917 19.1174
76 -9.3607
400 -14.4109
299 -6.46701
189 -39.3279
141 -4.80272
128 -5.04722
750 22.5837
148 -18.9769
99 -207.159
790 8.71478
334 -23.9313
209 -5.61563
42 -219.993
1122 44.7188
480 -13.1171
134 -5.16634
48 -9.37614
14 -58.4459
106 -294.849
893 13.0364
28 -51.3636
759 2.65948
60 -8.68501
123 -5.00056
156 -207.468
76 -142.291
931 24.894
113 -248.04
848 42.1656
397 -2.97913
797 36.5663
166 -9.74315
299 -6.46692
117 -5.98745
622 0.94751
76 -142.141
793 8.92499
370 -1.77579
849 14.5266
151 -65.6806
60 -9.54545
885 12.8804
633 0.856506
121 -5.66011
18 -192.135
884 13.3867
39 -144.215
848 42.1669
92 -14.0809
175 -20.9977
166 -10.6678
821 12.149
837 13.8569
73 -8.2153
5 -51.5449
96 -240.187
678 1.44745
37 -162.456
762 6.96906
980 29.9128
1223 -6.32507
23 -62.619
54 -8.1888
838 13.0936
881 13.3406
718 5.06677
980 30.0125
55 -9.03128
55 -180.237
708 7.43243
5 -190.827
24 -156.013
165 -18.7542
893 15.0065
866 15.1968
21 -63.9896
432 -1.39578
243 -15.1439
138 -5.84151
52 -9.19686
59 -8.80899
51 -9.26847
14 -60.5856
138 -4.94302
859 15.0798
431 -9.21652
763 6.63464
801 9.14154
396 -15.9249
32 -159.671
989 36.3764
763 6.64093
9 -55.9552
284 -44.5902
305 -4.93253
127 -5.86655
460 -7.1127
114 -13.9066
914 21.2065
62 -9.77973
247 -13.2441
23 -9.77252
69 -8.20001
51 -173.222
3 -49.0652
52 -173.202
741 6.03406
92 -14.0391
821 12.1479
1070 35.0145
176 -6.93202
1206 57.2227
801 9.14154
722 3.7641
989 36.3749
279 -14.6141
841 14.651
843 14.637
111 -307.004
366 -31.1378
115 -13.8292
437 -1.21167
135 -328.147
196 -12.6517
877 13.0476
601 0.0819702
180 -6.26251
619 0.445618
62 -176.601
536 -5.96802
841 14.5922
156 -208.131
677 1.71564
778 5.29663
132 -5.16344
24 -9.82345
639 0.633301
126 -4.92817
821 10.9653
827 13.6134
821 12.1445
879 18.2037
839 13.9592
920 19.7373
28 -52.5437
1002 30.8676
680 3.94995
51 -170.864
1123 55.2968
43 -50.3368
754 6.02649
290 -29.6861
910 22.6451
647 1.44476
157 -19.4365
788 34.1727
275 -7.95676
645 1.03638
720 5.29565
478 -9.01794
376 -2.04523
11 -11.3028
600 -0.00708008
36 -58.1028
29 -41.0053
180 -375.474
160 -20.7064
21 -168.84
1042 37.3628
19 -9.86023
661 1.7749
607 0.0135498
300 -32.0584
156 -364.955
150 -9.92162
18 -62.1453
364 -2.02267
818 10.9305
77 -248.367
11 -11.3194
707 4.54218
57 -8.78127
24 -162.306
568 -2.79034
555 -5.31238
824 12.1965
8 -189.261
909 18.5583
273 -14.6954
167 -5.2963
45 -9.40349
114 -209.524
759 7.46375
36 -9.52778
41 -52.0402
10 -10.3484
1061 16.4451
803 11.1274
803 38.9279
46 -171.469
859 15.0798
771 6.10486
379 -67.0035
70 -8.22482
492 -12.7509
219 -5.47589
322 -20.7503
207 -56.6022
857 14.4684
64 -174.786
863 10.5448
848 42.166
783 4.29071
863 10.5234
672 16.0778
1096 37.8563
974 27.273
268 -37.8901
202 -67.1324
520 -6.19238
631 1.16327
8 -20.0341
619 0.348145
79 -216.554
223 -50.4353
156 -208.044
128 -5.27575
283 -44.6586
1206 57.7699
170 -7.07176
36 -167.11
621 0.633972
8 -19.8395
940 29.3395
58 -8.88302
14 -165.941
79 -216.62
709 2.34601
108 -293.002
128 -5.08665
134 -5.13333
48 -9.37279
857 15.3884
726 3.56158
8 -187.614
758 6.755
251 -13.0524
84 -13.4769
510 -6.71552
605 -0.849609
350 -27.443
74 -245.885
371 -1.7641
908 23.3489
825 11.5984
206 -51.8011
31 -160.223
114 -14.586
36 -165.369
681 1.79456
851 15.1147
92 -13.7964
358 -19.0739
1113 22.6093
79 -216.348
26 -221.143
1186 80.6689
375 -1.89331
812 9.69806
711 3.11328
32 -56.1141
1122 55.3616
877 16.9507
726 5.09955
800 9.35352
953 28.3098
621 0.593689
145 -9.05209
2 -32.2089
529 -6.10883
809 11.644
1109 26.371
134 -5.12489
1061 16.4399
797 9.88745
11 -11.3027
813 9.50897
774 8.16034
93 -13.9087
261 -40.1417
92 -14.3459
41 -64.0663
537 -2.68127
880 8.55786
931 24.8621
536 -5.96381
130 -5.00267
116 -13.5625
787 8.47455
818 9.27368
376 -16.3425
51 -9.25595
21 -9.61238
26 -63.7971
53 -8.63607
36 -9.52774
770 3.7746
672 7.91589
699 4.46307
798 9.24969
122 -8.467
480 -5.80676
772 7.91718
44 -43.3507
1224 106.083
156 -208.351
622 0.410278
705 0.866455
1223 -5.18713
94 -13.8338
148 -18.0943
60 -8.70601
994 26.0035
20 -167.958
886 12.3182
230 -6.60034
284 -14.2138
350 -2.14182
70 -8.24975
196 -58.7516
1236 40.9048
275 -15.0073
285 -7.04321
79 -216.595
918 19.5856
1033 37.886
163 -20.4412
783 8.44257
292 65.6256
210 -5.60768
631 0.392578
642 1.69208
243 -6.99733
700 2.48773
976 27.8154
76 -8.23866
113 -248.224
271 -6.44183
913 20.5152
116 -264.035
97 -14.1032
21 -168.913
882 16.3554
921 22.4907
16 -58.2196
119 -5.57749
244 -41.901
838 13.7156
124 -212.295
75 -137.088
1041 34.8385
44 -43.5377
36 -58.8621
1227 -31.4087
5 -188.678
936 20.4487
641 1.25537
11 -56.9123
94 -14.4674
183 -6.27693
310 -21.8558
51 -169.193
801 9.14124
1096 37.866
908 3.65118
60 -9.52387
949 24.4641
181 -10.282
634 1.03082
49 -242.547
159 -4.58603
223 -50.3457
612 0.682495
761 7.44336
994 26.0079
337 -20.8558
152 -9.69012
639 1.78766
865 15.9837
106 -298.399
348 -2.2717
8 -189.29
619 0.601624
654 1.80939
837 13.9719
92 -227.941
69 -8.19406
974 31.1261
32 -61.2268
836 12.5274
818 9.27191
1236 69.3964
243 -7.22449
956 28.1189
1163 57.885
809 9.98352
71 -253.922
918 19.6217
91 -274.505
223 -88.7979
860 14.9309
53 -8.73969
1236 69.4049
621 0.297791
989 36.3754
211 -5.92363
115 -214.543
725 3.5556
42 -64.5983
110 -14.0831
492 -12.7515
640 3.58051
754 6.06628
741 3.88074
832 13.1566
712 5.39923
1223 -5.17188
778 7.62335
774 3.83801
719 2.909
104 -13.8646
21 -217.233
348 -2.35144
213 -7.45363
643 0.995667
59 -167.933
719 5.33185
125 -5.07196
859 15.064
622 0.509827
1109 26.2827
757 2.66553
384 -16.5035
598 -0.636047
468 -5.3595
150 -9.58571
53 -9.15806
781 21.172
646 4.46344
651 1.48572
536 -5.97565
46 -8.5355
786 8.40131
150 -9.52432
753 6.50775
681 1.79474
601 0.108521
168 -5.1136
51 -9.21745
281 -6.41528
53 -8.972
77 -8.22428
781 27.9636
88 -238.321
908 3.67432
652 2.15259
480 -12.9818
117 -5.92538
1096 37.8601
320 -30.4249
697 3.28522
118 -6.01007
1065 33.8649
113 -14.2542
70 -8.24981
140 -5.02623
266 -46.9879
645 2.11035
85 -267.126
741 6.02289
95 -14.2694
536 -5.95178
931 19.2938
116 -5.50137
51 -9.16705
79 -216.155
138 -17.3594
46 -9.50232
953 29.4971
233 -7.3683
798 9.55438
16 -10.1772
785 4.58484
129 -5.23122
1207 57.9016
1082 32.3257
199 -5.69038
815 31.247
135 -328.108
892 13.4565
826 12.1224
827 13.8276
604 -0.822144
259 -4.74731
1079 38.9043
766 7.32721
655 2.13776
1006 33.1695
760 24.7849
913 19.6805
571 -1.9303
4 -15.8528
1089 35.7494
437 -9.07324
688 4.64825
787 29.8712
43 -9.52561
862 14.053
661 1.90448
59 -189.939
156 -65.2378
96 -14.1424
22 -9.09956
1207 57.9011
87 -14.3092
34 -64.2943
156 -208
105 -238.21
55 -8.9293
763 25.6678
722 5.32965
826 12.1224
761 7.48212
52 -8.66921
806 39.558
169 -65.0877
21 -168.924
652 1.73218
50 -8.72808
762 7.49207
299 -6.46667
79 -21.9775
688 4.69794
1182 59.7909
687 2.77118
31 -123.522
777 7.4411
391 -15.3581
832 13.1573
43 -54.817
126 -217.309
618 0.204041
42 -220.07
1201 57.6277
463 -6.89581
251 -75.8356
1102 50.3053
816 10.949
210 -5.56139
659 1.7843
806 11.4693
741 3.8808
1135 29.3666
742 5.25275
89 -214.126
21 -168.892
996 34.0641
1059 34.3022
692 3.76697
1032 15.5164
11 -172.824
64 -242.31
737 5.42609
859 15.0814
120 -5.14262
156 -208.023
180 -59.3586
159 -4.35558
414 -3.19336
818 11.2555
707 4.5412
990 32.4209
643 1.7049
909 23.725
26 -9.61111
973 31.2731
108 -294.567
13 -170.049
530 -11.1989
196 -12.6539
879 24.583
1059 34.3033
492 -12.7513
52 -173.191
28 -61.5645
57 -8.73721
74 -8.31906
53 -8.85178
588 -6.64209
346 -2.34775
70 -8.24968
156 -208.146
627 0.865784
766 2.66327
185 -10.7734
782 8.16602
764 7.47015
1044 34.0483
687 3.23602
250 -51.2253
244 -41.9009
153 -4.97592
826 12.1226
185 -10.7739
145 -234.317
127 -5.05554
820 12.5569
161 -4.35027
24 -9.82565
823 11.8655
1013 32.804
585 -0.617798
690 17.2923
788 8.94226
368 -17.025
901 19.1634
150 -4.65697
8 -52.8707
784 29.447
35 -166.288
5 -51.5465
1172 60.783
401 -13.4429
12 -10.1591
1122 44.7477
163 -21.6423
166 -65.2738
814 10.4113
783 8.53033
993 32.1978
58 -8.85013
723 3.63062
396 -22.4666
99 -14.3455
183 -60.1442
645 1.37762
268 -37.8883
1096 37.8578
818 12.6185
1043 27.7172
1121 41.4175
644 -5.88995
832 13.1567
777 28.4281
21 -168.929
39 -9.31265
863 10.5352
787 7.99597
24 -155.997
62 -8.62884
574 -1.51178
596 -0.395752
10 -12.2636
163 -65.3628
141 -5.02252
64 -8.45239
837 13.9716
348 -20.7281
786 7.70184
803 33.1746
815 11.3994
1102 50.2958
168 -10.062
193 -411.109
798 8.88721
821 12.1468
1043 27.7172
1122 55.3524
685 2.41675
594 -0.0203857
260 -6.33624
120 -322.462
51 -171.533
22 -157.685
931 24.8954
1013 32.8057
104 -13.8643
993 32.6785
49 -9.30583
978 27.6979
777 4.3205
622 0.57019
213 -7.45952
813 12.0393
144 -8.93089
877 -22.5298
798 9.55652
1104 26.5197
75 -7.80502
184 -59.7906
536 -5.97528
41 -8.67464
551 -7.83868
633 2.62402
185 -20.27
647 1.98187
318 -27.1207
624 0.451172
15 -60.0591
59 -187.418
532 -3.52032
90 -23.0663
863 10.5388
243 -6.99738
148 -308.624
796 9.24274
217 -67.4225
1100 24.4128
164 -65.6213
1070 35.0121
1070 35.0165
648 1.81207
196 -12.6549
18 -171.051
912 24.0704
67 -8.78185
254 -16.474
122 -235.913
299 -6.46646
334 -4.74438
672 1.76404
1044 32.6748
28 -61.5663
56 -8.93839
1105 24.1475
354 -32.4092
1174 59.791
392 -13.6683
620 0.300476
1227 -35.9073
475 -4.40576
156 -207.989
841 14.5926
882 16.392
55 -180.233
869 16.3231
279 -6.7854
1153 57.2612
788 8.94336
8 -194.657
104 -300.776
801 9.14142
996 34.0789
420 -3.74332
784 8.40833
651 1.75024
853 14.5233
371 -26.9694
1017 43.5433
175 -20.9958
70 -8.42122
765 6.70093
139 -164.869
1174 59.7893
322 -29.1443
150 -9.92181
934 18.0774
841 14.5958
35 -62.3456
1091 40.2024
543 -4.80847
125 -214.037
156 -208.102
19 -201.33
119 -273.794
752 6.56378
715 4.95563
867 16.3382
921 18.961
182 -19.2846
159 -278.112
283 -6.33228
110 -296.759
28 -54.8691
574 -1.51166
903 16.2704
89 -250.002
140 -17.2916
1118 33.5778
651 2.1709
208 -9.43608
17 -157.77
1089 35.7518
148 -236.545
11 -22.8277
52 -178.322
841 14.5948
784 8.40845
448 -9.64914
6 -18.601
643 2.1452
11 -58.2166
130 -23.6058
322 -2.09198
565 -2.19165
118 -238.799
833 13.0579
19 -166.296
167 -17.452
127 -5.56711
14 -10.2635
876 15.8834
989 36.375
841 14.0583
32 -55.7524
535 -7.57324
97 -22.0628
734 5.48096
748 5.78583
756 6.28375
185 -60.5252
931 20.4812
731 5.36456
53 -8.63596
34 -62.653
1235 94.889
56 -8.6372
965 29.1611
113 -14.0446
661 1.84637
554 -6.35168
693 3.13141
221 -9.03574
26 -53.0063
59 -8.30521
13 -10.1805
58 -8.70796
66 -176.606
741 3.88202
219 -9.01212
104 -13.8644
395 -13.6108
39 -143.979
230 -12.4148
16 -59.468
581 -0.41925
818 9.27234
9 -175.342
1006 32.2605
644 -5.88434
801 8.95972
75 -139.193
843 13.4112
188 -59.5278
55 -8.90589
28 -64.7814
1059 34.3024
781 7.49792
796 9.19159
843 14.2701
1223 -5.17798
159 -10.1946
21 -168.9
2 -182.522
263 -13.7888
134 -5.2504
957 30.0655
372 -19.8569
705 3.80914
45 -8.23705
210 -9.39105
335 -21.3135
1100 24.3601
53 -8.63577
222 -51.827
147 -4.85916
29 -164.439
198 -6.62064
34 -157.702
335 -21.2888
70 -7.46668
620 0.244019
951 28.1467
133 -23.6
714 4.59125
870 16.2003
1223 -5.20642
572 -2.47235
8 -19.1708
791 8.81854
901 19.1606
172 -64.2646
179 -387.017
826 10.9974
818 42.6155
665 2.05743
40 -8.67844
613 0.193481
718 5.06635
299 -6.4679
335 -21.3811
29 -9.42984
202 -67.1311
20 -168.142
612 33.1725
69 -8.51529
131 -4.89573
52 -7.63487
281 -14.4877
20 -161.325
741 3.8811
1120 33.9941
404 -100.331
578 -2.73669
931 24.8959
47 -9.42118
1163 57.9011
612 33.1708
767 3.85443
1100 24.4161
367 -1.89627
124 -5.48603
837 13.1348
690 4.44318
821 13.011
942 28.1245
877 -22.7006
803 11.4957
202 -67.1328
909 21.6014
659 1.78516
36 -9.52781
830 11.2888
1205 57.785
1122 44.7399
367 -17.1822
87 -256.861
639 1.15704
906 22.9312
609 0.0192261
820 11.4791
79 -191.425
795 9.02356
1046 33.3206
141 -229.193
820 11.478
1041 27.0575
1203 82.4159
892 16.3925
391 -16.2753
1122 55.3533
837 14.0154
139 -6.61795
771 7.6037
35 -159.386
823 13.1071
42 -226.363
348 -20.7282
858 14.7925
118 -19.799
29 -160.078
625 1.96814
848 42.165
104 -13.8643
109 -299.211
715 3.84265
685 2.41614
893 10.8096
680 16.0561
1239 92.1791
749 5.88104
21 -9.69397
1231 -62.8844
361 -30.991
1059 34.3624
1081 37.1437
788 8.94305
816 12.2186
931 24.8624
171 -20.2088
38 -8.20119
182 -10.4695
60 -74.5577
148 -236.087
295 -6.09506
1179 64.7854
746 5.63
31 -152.815
78 -7.60884
32 -56.6408
601 -1.28156
115 -13.7445
12 -57.3474
722 3.05469
566 -3.80469
75 -218.016
420 -20.7749
644 0.635742
780 6.39697
1059 34.3066
1207 57.9391
631 1.5058
850 14.4397
784 8.41132
651 1.65973
620 0.582153
176 -357.658
574 -1.51172
392 -15.6006
773 7.87189
543 -5.41962
298 -6.06158
121 -8.67883
16 -169.862
1203 26.6351
75 -143.262
1046 33.3197
36 -9.52749
644 0.663635
127 -5.17434
200 -53.3268
848 42.1646
817 12.438
108 -200.022
647 3.72852
696 4.71912
1122 44.7385
749 5.89447
261 71.1685
242 -10.8088
24 -9.82452
812 12.0828
19 -167.524
857 15.4068
1224 59.786
72 -8.37101
346 -27.3993
60 -8.33839
633 1.52405
368 -1.88605
46 -70.4839
280 -44.6686
1218 10.7103
370 -16.8455
797 8.89117
168 -16.9728
981 27.803
492 -12.7514
771 7.66541
208 -9.09557
1205 27.4683
664 3.12128
116 -13.3667
92 -191.702
185 -19.6564
168 -17.6203
755 5.83002
232 -42.7551
481 -9.73813
667 24.435
639 0.579834
733 6.18799
1121 -53.9882
599 0.110535
899 20.7122
589 -2.69336
147 -4.74913
578 -2.52289
202 -67.1325
202 -67.1323
64 -8.54638
1178 59.3451
216 -18.5625
1181 60.6423
614 0.187561
1027 19.0454
1206 57.2031
1181 60.6461
709 5.30896
139 -164.818
20 -164.834
1018 17.2351
124 -215.932
877 -22.5394
78 -6.87634
742 5.2467
150 -276.28
913 19.2499
798 8.88715
827 13.6342
1202 74.3918
791 8.84479
32 -55.8734
168 -19.9782
839 13.23
814 10.0358
563 -4.12817
1229 100.516
49 -9.34435
166 -10.6831
901 19.1594
5 -16.4501
271 -40.4719
932 19.0536
964 29.3534
643 4.28033
121 -230.468
1122 55.3507
1128 55.1604
55 -8.37239
12 -59.469
6 -184.76
908 3.64203
901 19.1555
1128 34.6707
184 -10.4278
1207 57.9041
168 -19.0558
146 -8.22726
99 -274.783
109 -219.451
1118 51.4
23 -9.81851
3 -49.6593
745 -3.34784
1227 -36.1975
63 -26.4388
863 14.3541
729 5.09381
369 -16.9934
140 -7.61374
784 8.41162
1033 37.8848
9 -51.5264
106 -20.7128
931 24.9013
9 -55.9578
642 0.641968
788 8.94232
633 0.446289
1174 59.9635
765 2.61267
268 -37.888
81 -7.35052
59 -185.135
1048 31.556
889 16.9594
712 5.40015
659 6.41211
848 42.1647
784 8.41046
250 -51.2214
377 -26.0574
777 27.0181
918 19.4686
18 -192.143
1176 63.5482
921 18.9459
202 -67.1321
710 19.8693
765 7.09351
529 -6.1106
203 -9.26282
69 -186.563
873 16.5894
375 -16.6653
715 12.6016
771 7.39972
731 3.81427
175 -25.5111
829 13.1248
558 -4.92023
19 -63.5237
651 1.56641
18 -10.0231
901 19.1599
713 3.31543
795 9.0694
759 6.40436
863 10.5346
744 6.31488
99 -22.1668
1108 26.432
139 -164.407
193 -10.1967
1043 27.7162
48 -7.97432
828 12.7853
536 -5.96783
849 14.1772
848 42.1657
503 -11.0195
204 -9.1432
647 3.72845
266 -46.9944
121 -8.06973
1084 10.1836
1108 26.4362
22 -9.09943
776 27.0106
989 36.3751
466 -5.50525
310 -30.5716
55 -8.3708
1032 15.5297
79 -216.517
825 12.3669
378 -75.7183
1135 25.4698
716 3.53912
348 -2.10217
1135 25.6631
6 -186.016
203 -9.47446
55 -171.223
116 -19.857
39 -144.298
196 -12.6527
63 -9.25743
161 -4.37213
118 -19.5081
779 7.73401
126 -5.00751
170 -18.9948
1097 56.6163
19 -63.8028
42 -220.071
1089 35.7524
101 -289.61
127 -316.801
295 -62.66
123 -5.2481
144 20.7875
706 12.6786
1100 24.3458
741 3.88025
1050 31.0181
1044 31.2869
800 10.1101
667 24.4297
23 -9.78067
850 14.4028
741 3.87994
52 -169.615
110 -13.9017
853 50.4976
420 -20.7747
824 11.5999
123 -182.31
1084 32.5427
196 -9.67325
24 -9.82383
173 -64.9435
1096 37.8699
122 -216.722
891 15.3771
784 8.40833
1111 23.6765
641 1.56696
577 -4.33679
193 -60.1473
707 5.7085
688 3.84607
717 3.73969
797 8.89111
707 2.22913
875 16.9265
769 7.3963
775 8.00055
510 -6.71658
461 -16.1201
431 -18.4704
765 3.57037
196 -12.65
644 0.6073
250 -51.2263
185 -10.7735
654 5.25439
8 -53.0228
547 -8.12567
516 -11.8929
146 -4.86693
80 -263.141
178 -63.8527
118 -305.852
35 -9.59858
1100 24.3619
1118 51.2455
377 -66.2831
766 7.31653
196 -12.65
56 -91.4648
784 8.40869
741 6.0235
70 -251.308
735 6.06171
136 -5.80399
1208 -16.1899
299 -6.465
692 4.25824
397 -13.3778
1070 35.0153
11 -174.705
748 6.33484
48 -162.575
621 0.599731
785 8.0188
127 -5.56476
153 -9.62253
808 11.5665
