592 0.741638
604 0.799377
590 0.771179
786 3.51196
866 6.21265
866 6.21204
1106 26.9769
998 12.6422
992 12.54
604 0.826233
420 -32.5829
120 -17.3291
605 0.764038
235 -10.1237
579 0.908813
545 -1.92584
545 -1.9278
568 0.518188
567 0.507874
643 0.709839
121 -17.2689
297 -2.14258
994 12.4526
605 0.763855
628 0.607788
585 0.391113
1060 17.9607
642 1.86487
489 -1.6571
149 -14.8728
596 0.792969
947 11.0487
129 -16.1204
643 0.664551
177 -13.358
993 12.5042
235 -10.1237
642 1.86505
611 0.75116
785 3.33997
129 -16.1194
605 0.503845
1055 15.3293
71 -42.8366
642 1.86499
1064 14.9651
1046 17.7577
605 0.763977
605 0.762878
594 0.773987
420 -32.5857
513 -5.31314
455 -1.22314
643 1.88196
149 -14.8721
513 -5.31387
177 -6.65662
455 -1.22302
1060 17.9613
1066 16.5037
739 21.1566
445 -25.5765
627 0.67511
476 -2.81747
585 0.390198
203 -3.72507
32 -32.368
149 -14.8733
692 0.801697
1059 14.9597
525 -4.90759
395 -37.5609
529 -4.57922
420 -32.5823
948 11.2119
1109 16.0004
784 4.5766
476 -2.81509
581 0.619934
1158 17.5048
476 -2.81693
129 -16.1204
1046 17.7576
585 0.398071
605 0.502808
959 10.97
1046 17.7574
1127 22.3054
235 -10.1233
786 3.51062
785 3.33917
692 0.815247
194 -3.86026
1127 22.308
1005 12.7683
459 -20.6514
194 -3.86029
511 -0.0384216
947 11.0469
217 -4.00916
1136 22.8835
509 -0.0650024
1080 18.7567
583 0.604919
70 -29.0222
991 12.4376
1110 15.8188
1160 17.6522
384 -38.4864
622 0.756165
1106 26.9803
575 1.02643
182 -7.60297
302 -2.11475
782 4.12195
513 -5.31396
1136 22.8834
129 -16.1203
1158 17.5049
1133 21.8358
1137 23.0023
121 -17.3137
395 -37.7112
206 -11.5349
1046 17.7577
439 -28.207
782 4.12482
639 0.558899
1032 13.6072
608 0.555847
511 -0.0383301
568 0.517578
1188 16.7764
703 1.17059
1003 12.5824
1133 21.9542
1029 19.7948
420 -32.5854
627 0.659302
605 0.762756
605 0.764038
1090 19.1909
992 12.4369
1089 19.2252
289 -2.53418
1041 14.6936
1012 15.5745
91 -23.7374
699 1.95624
1081 18.855
785 3.33911
384 -38.5616
622 0.733704
545 -1.9259
998 12.6422
1064 14.9651
694 1.82501
384 -38.4871
384 -38.484
586 0.402832
511 -0.0339661
1041 14.6938
703 2.20239
545 -1.92834
577 0.552795
1092 19.3738
501 0.0185547
711 2.20673
1163 16.2638
1143 17.8939
1066 16.504
513 -5.31421
476 -2.78918
510 -1.90442
135 -5.18338
176 -13.483
1052 14.8407
1046 17.7578
711 2.20642
206 -11.5351
23 -39.1861
1136 22.8835
729 2.64563
1088 19.2021
618 0.767395
782 4.12152
569 0.478149
1068 15.3251
1032 14.3551
296 -2.21216
1133 21.9554
1088 19.2271
567 0.508423
711 2.21503
181 -7.9238
235 -10.1236
703 2.20691
1060 17.9613
135 -5.18318
782 4.12219
1089 25.6569
605 0.764038
605 0.502319
992 12.54
476 -2.94257
1137 23.0021
567 0.508057
1127 22.3087
992 12.54
120 -17.3173
1064 14.9651
711 2.21448
218 -4.02208
385 -2.31915
1088 19.2272
369 -1.58337
457 -0.985199
238 -2.58615
36 -41.7401
57 -30.9979
1137 22.9978
166 -13.8389
859 27.816
1092 19.3737
711 2.20642
387 -37.5368
813 18.6649
1133 21.9091
206 -11.5348
1014 22.0762
134 -15.566
296 -2.29605
412 -1.90906
300 -2.25571
369 -1.58334
656 0.818665
568 0.501465
33 -6.60973
663 6.75623
545 -1.92584
513 -5.31549
294 -2.2981
23 -39.1872
1041 14.6938
699 1.95605
439 -28.2068
86 -25.8204
1126 21.6207
459 -20.6513
451 -1.08514
786 3.51099
545 -1.92743
1060 17.9591
225 -10.3542
694 1.8266
217 -11.0751
295 -2.25098
176 -13.4848
1145 17.9624
71 -42.8384
129 -16.1204
176 -13.4844
91 -23.7341
699 1.95673
706 1.28174
177 -6.65608
567 0.507751
1048 14.4924
513 -5.31323
437 -25.8236
713 2.20117
49 -44.5997
567 0.50769
47 -42.9668
420 -32.5856
324 -1.91135
785 3.33899
749 2.85712
350 -24.4586
1060 17.9614
57 -30.2229
1034 15.3888
711 2.21503
145 -5.25725
694 1.82684
431 -1.97647
1136 22.8837
618 0.750916
544 -3.04755
287 -2.60519
1046 17.7576
421 -1.80743
602 0.79303
149 -14.8728
222 -3.42516
663 6.75604
561 0.509216
605 0.763184
692 0.814331
536 0.288574
827 21.8702
1100 16.4191
130 -16.1204
145 -5.25816
501 0.0171204
513 -5.31403
692 0.801758
729 2.65015
432 -1.87213
131 -3.5667
494 -1.60666
541 -3.16901
429 -30.3458
129 -16.1203
58 -29.2183
208 -3.88765
673 1.08624
1031 14.2047
1137 22.9998
615 0.649597
445 -25.5764
420 -32.5853
503 -0.0510559
384 -38.6289
925 6.13068
1189 16.3232
712 1.61243
511 -0.0351868
384 -38.7613
531 -3.67578
1189 16.3242
779 3.47601
1060 17.9607
787 3.7196
46 -51.2795
217 -4.00725
590 0.767334
463 -0.924347
238 -2.58673
1027 14.1772
429 -1.93649
178 -6.67644
494 -1.55872
1186 31.34
1022 13.9911
1064 14.9651
549 0.244507
12 -46.4221
445 -25.5766
716 1.92065
1088 19.1877
182 -7.69154
627 0.659058
190 -5.71231
840 4.56409
385 -2.31952
324 -1.91129
368 -1.56805
49 -44.5915
784 4.55133
56 -31.6431
1014 22.0792
57 -30.2228
177 -6.65611
605 0.502869
56 -31.6459
1188 16.7831
159 -4.40526
229 -2.44731
432 -1.87222
178 -10.8748
603 0.531982
181 -8.01799
511 -0.0383606
194 -3.86018
463 -0.938873
502 0.0111084
511 -0.038269
513 -5.31583
1014 22.0789
998 12.6421
316 -2.29544
69 -26.5008
545 -1.92871
238 -2.58507
618 0.76593
197 -12.0023
439 -28.2094
729 2.64539
1214 17.891
170 -10.4958
57 -30.2216
1012 15.574
396 -37.5788
1086 19.1913
178 -6.66992
545 -1.9259
520 -2.78729
659 0.816284
1088 19.1215
513 -5.31567
174 -13.3849
511 -0.0348511
177 -6.65671
694 1.82733
86 -25.8221
1059 14.9597
138 -3.6068
84 -8.65612
783 7.79742
1127 22.3053
384 -38.4869
488 -2.42505
149 -14.8894
513 -5.31509
787 3.716
973 11.1726
605 0.763306
1092 19.3738
501 0.0186157
1121 18.4585
183 -4.79968
710 2.22162
293 -2.26288
69 -26.4845
121 -17.3114
177 -6.6559
513 -5.3158
587 0.632446
47 -42.9222
182 -12.4492
206 -11.5361
713 2.20087
961 71.202
713 2.20068
1030 14.1234
448 -1.56918
48 -44.7003
699 1.95679
619 0.683533
1088 19.2272
1060 17.959
476 -3.01892
1186 18.6906
991 12.4377
627 0.697998
177 -6.65685
544 -3.29803
104 -24.0164
582 -1.90179
1014 22.0798
572 0.520447
1051 14.7094
146 -3.87926
560 0.951904
495 -1.63953
712 2.21753
324 -1.91144
503 -0.0335388
435 -1.96976
121 -3.67947
56 -31.6462
478 -0.298279
692 0.802124
1136 22.8835
1088 19.2272
385 -2.31952
210 -3.61525
1166 18.3792
1046 17.7577
522 0.166016
145 -5.25987
238 -2.58556
1060 17.9609
420 -32.5827
1159 18.322
52 -43.8102
545 -1.92743
384 -38.4867
402 -36.45
713 2.20111
1186 18.6902
368 -1.56836
511 -0.0382385
782 4.12128
994 12.4527
33 -32.7634
460 -22.3898
605 0.762756
32 -32.9509
476 -2.94852
432 -1.87225
750 5.32739
998 12.6419
1060 17.9611
419 -1.84326
1188 16.7971
432 -1.87216
182 -12.4489
716 1.92059
385 -2.31912
1004 12.8251
946 6.59564
482 -2.7092
217 -4.01205
628 0.618835
1060 17.9609
1046 17.7578
1106 26.976
413 -1.91583
182 -7.73715
182 -7.68813
384 -38.4871
437 -25.8302
568 0.516907
436 -1.95291
1055 14.7483
436 -1.95273
388 -38.1938
699 1.95636
93 -19.8413
388 -38.0935
521 -2.27002
681 0.897705
673 1.08569
513 -5.3129
919 7.62714
513 -5.3139
1127 22.308
130 -16.1203
953 8.13287
181 -7.9267
436 -1.95267
1186 18.6899
1086 19.1912
385 -2.31943
32 -32.9503
663 6.75604
1188 16.7769
1189 16.368
673 0.913757
1064 14.965
208 -3.66441
712 1.6106
413 -1.9147
180 -12.9264
607 0.543579
223 -2.87978
1088 25.5939
181 -8.06358
217 -4.0076
1140 21.2582
1214 17.8907
23 -39.1859
487 -2.7337
1186 18.6898
407 -33.7329
627 0.657532
476 -2.94827
703 2.20703
301 -2.22626
206 -11.5359
1186 31.3313
1092 19.3
1108 16.4666
325 -1.88028
568 0.517517
462 -20.1346
1186 31.3307
605 0.502502
47 -42.9295
451 -1.08527
56 -31.6695
385 -2.31952
501 0.021637
402 -2.10312
401 -36.7801
391 -2.29633
384 -38.5927
177 -11.468
699 1.95685
1048 14.4923
487 -2.33716
451 -1.08511
1151 20.488
385 -2.31921
582 -1.90393
51 -44.5263
86 -25.82
447 -1.45493
297 -2.14261
132 -3.57404
176 -13.4843
549 0.244751
497 -10.5962
493 -1.92453
511 -0.0384521
1066 16.5039
428 -29.9277
182 -7.72899
1119 17.2549
1064 18.1996
33 -6.63513
609 0.858887
402 -36.6853
217 -4.0278
729 2.6499
998 12.6422
376 -21.4546
1186 31.3401
729 2.65039
400 -2.09192
622 0.727417
128 -3.6487
392 -20.8583
627 0.658447
1186 31.3398
1137 23.0034
476 -2.94302
729 2.65009
536 0.289062
176 -5.24709
489 -2.2117
783 7.79962
184 -12.3897
178 -6.67688
182 -7.68718
749 2.85388
840 4.56726
539 -6.27124
487 -2.38092
51 -44.5067
407 -33.9055
1178 18.7402
511 -0.0435486
1088 19.2018
829 30.2644
558 1.12207
656 0.677063
93 -19.8423
613 1.81122
545 -1.92755
121 -3.67944
984 11.4434
476 -2.81247
455 -1.22308
489 -1.6535
511 -0.0382996
497 -10.59
253 -3.3201
54 -43.3796
56 -31.6705
628 0.607971
194 -3.86017
47 -45.8088
137 -3.54147
354 -1.42911
1166 18.3763
56 -31.6733
1111 16.8534
503 -5.8414
128 -3.64781
549 0.245544
729 2.65027
663 6.7561
563 0.832153
1064 14.9648
369 -1.58334
238 -2.58519
1186 18.6898
539 -6.27228
1092 19.3737
1005 12.6635
513 -5.31473
568 0.517334
1146 22.0337
412 -1.90921
1120 21.4531
550 -1.12579
206 -11.5351
1092 19.3737
961 71.1354
998 12.6422
541 -3.1369
346 -26.3115
331 -27.7376
878 7.71381
694 1.82471
1032 13.6072
749 2.8576
451 -1.06058
463 -0.939331
462 -20.136
439 -28.2089
346 -36.0667
673 0.914734
1181 105.942
324 -1.91113
605 0.764038
1159 18.3296
238 -2.58669
135 -5.17854
1192 29.4135
436 -1.95288
149 -14.8728
176 -5.24669
269 -8.18906
565 1.11591
800 0.413574
1183 18.5847
568 0.517639
437 -25.8229
1189 16.2693
368 -21.6541
1092 19.3737
1107 16.47
1193 19.4927
912 6.23267
992 12.5402
550 -0.00933838
59 -31.535
545 -1.92596
432 -29.6294
716 1.92059
1186 31.3417
464 -15.252
1092 19.3737
487 -2.38034
385 -2.31906
568 1.07465
628 0.725647
840 4.56207
991 91.6251
52 -43.8085
478 -0.278137
925 6.13043
703 2.20715
781 23.4242
148 -46.9853
146 -3.87883
605 0.762695
1004 13.069
461 -0.995392
605 0.763916
1158 17.5048
785 3.34106
120 -3.70599
1064 14.965
355 -1.42453
729 2.67865
347 -35.9742
407 -34.0174
787 3.71411
1183 19.4833
1088 19.2272
699 1.95673
1153 16.9933
1120 21.4531
120 -3.70695
1180 23.6619
599 0.488647
445 -25.5761
1183 19.479
605 0.764038
54 -37.7989
490 -1.63562
1198 23.6921
437 -25.8232
443 -27.9643
511 -0.0384521
231 -2.52463
476 -2.81357
548 0.239807
162 -5.606
1088 19.2271
478 -0.277039
526 -2.96869
137 -3.54134
643 0.708801
179 -10.2445
998 12.6422
1060 17.9589
478 -0.276855
235 -10.1237
207 -10.4088
893 19.2669
840 4.57709
476 -2.94879
673 0.899292
459 -20.6513
220 -3.03781
420 -32.5825
508 -0.052887
1107 16.4484
133 -5.24125
182 -7.66978
1001 12.3947
167 -10.9071
147 -14.4589
605 0.764038
1095 19.2164
712 1.61334
1091 16.5549
1190 27.3419
218 -3.28957
1217 19.3856
476 -2.94318
912 6.22913
146 -3.87888
1226 26.7015
1088 19.2015
432 -29.4845
919 7.62494
1041 14.6938
1092 19.3737
918 6.43939
585 0.392395
1234 28.2627
106 -20.6615
148 -46.9853
376 -21.4482
513 -5.31534
98 -21.3367
943 9.6958
332 -1.83252
965 11.0068
729 2.64996
879 8.58698
947 11.0486
476 -2.94879
643 0.69812
179 -10.2449
57 -30.2213
436 -1.95285
531 0.174377
711 2.20654
346 -1.62885
387 -20.8628
238 -2.58621
49 -24.6027
476 -2.94833
463 -23.2598
445 -25.5766
214 -3.36302
309 -2.12854
536 0.28833
505 -0.471863
1088 25.5942
729 2.64545
120 -3.70574
455 -1.2229
1186 18.6899
437 -25.8213
182 -7.68808
1181 23.7426
161 -5.06824
363 -40.1353
1183 18.547
124 -3.74
992 12.5402
159 -4.40501
860 4.82819
643 0.663818
489 -1.65695
912 7.28174
672 1.07886
176 -5.24617
176 -13.4837
1181 23.7373
489 -1.65512
728 2.73535
174 -13.4027
605 0.764099
478 -0.297943
1098 19.0854
293 -2.40125
331 -27.7377
57 -30.2519
1192 23.9167
539 -3.76062
384 -38.7088
699 1.95697
551 -0.116821
165 -6.84697
1158 17.505
401 -2.08975
1188 30.73
432 -29.5162
1181 23.7374
462 -23.2659
486 -0.164001
479 -2.85672
1092 19.3737
384 -38.4871
1233 28.5177
729 2.7403
1048 14.498
1032 14.355
660 0.761292
49 -44.5917
1216 23.1276
729 2.65015
876 8.66376
1181 105.935
439 -28.2069
346 -26.4476
1214 17.8931
384 -38.4866
642 1.86505
1188 16.7976
429 -16.7271
1195 33.9221
1004 12.9431
692 0.801697
59 -31.2009
476 -2.94794
432 -1.87231
780 23.227
218 -3.41809
431 -29.6038
1029 19.7771
692 0.802063
227 -2.67088
414 -18.5689
463 -0.938751
161 -5.06816
729 2.68066
1127 22.3054
1110 15.8185
238 -2.58464
53 -44.0066
146 -3.87892
663 0.807434
489 -1.65308
357 -1.41138
875 10.0953
749 2.85504
716 1.92059
782 4.12128
1186 31.3446
568 0.500671
773 3.51434
1215 21.4987
104 -24.0166
692 0.813416
194 -3.86047
773 3.5141
146 -3.87917
1088 19.2272
143 -15.0445
730 2.70062
545 -1.92743
52 -43.345
713 2.20154
1226 26.6998
121 -3.67978
32 -32.9928
409 -33.9504
455 -1.22305
912 6.23279
646 5.65656
729 2.67993
499 -0.929138
412 -1.90909
545 -1.92743
627 0.65979
725 18.6402
749 2.85376
529 0.166687
726 1.51001
1041 14.6937
392 -35.1827
509 -5.50894
779 23.0594
1193 23.9968
301 -2.22638
912 6.23315
749 2.85724
1234 28.2617
33 -6.59406
741 2.55957
663 6.7561
489 -2.41055
432 -1.87213
1181 23.7435
912 6.22906
657 0.756531
420 -32.5853
647 5.63916
860 4.82904
346 -26.305
912 6.23047
49 -44.5941
396 -2.24365
313 -2.116
692 0.817383
628 0.608948
32 -32.9928
553 0.370361
558 -0.674011
511 -0.0382996
492 0.0576477
680 10.77
729 2.67975
694 1.82477
1163 17.0432
568 0.50238
23 -39.1864
716 1.92059
1088 19.2271
33 -6.57519
0 -43.9648
502 -0.425171
145 -5.25987
609 0.858826
729 2.68536
56 -31.6738
681 1.21075
463 -0.938904
238 -2.58609
545 -1.92584
948 11.2102
182 -7.61609
732 2.89606
780 23.2271
1180 23.6801
176 -5.24564
508 -0.0897217
782 4.12195
489 -1.65704
875 10.0958
177 -11.468
1031 14.7994
32 -32.9507
442 -27.4986
33 -6.63993
511 -0.0383606
352 -1.5079
947 9.47546
555 0.799683
627 0.659424
1041 14.6937
312 -2.10281
401 -32.3612
159 -4.40546
235 -10.1237
224 -2.75894
1214 17.8944
699 1.95691
660 0.700745
1178 20.5962
146 -3.87871
137 -3.54817
445 -25.5762
605 0.764343
230 -2.48988
84 -51.8122
713 2.20093
487 -2.75595
368 -1.5683
1108 17.1884
549 0.24469
998 12.6424
953 10.8267
1012 15.5746
439 -28.2072
643 0.707642
925 6.13031
1214 17.892
177 -6.65674
146 -5.60284
1060 17.9591
970 11.3474
58 -28.235
1166 18.3793
201 -3.70998
712 1.43713
497 -0.025116
741 2.55707
146 -3.87932
545 -1.92749
207 -11.8006
194 -3.86362
241 -10.8003
895 9.45319
549 0.243958
462 -20.134
265 -7.85883
137 -3.54137
324 -1.91125
177 -11.4681
445 -25.5762
557 0.968506
732 2.8952
457 -0.985168
176 -11.4429
545 -1.92749
878 7.71307
459 -20.6511
447 -15.3221
1064 14.9648
779 23.059
349 -1.5224
1214 17.8937
460 -23.2876
1158 17.5048
179 -10.2448
436 -1.95297
549 0.244263
779 3.48132
1180 23.6631
28 -44.1718
17 -47.2727
71 -42.8363
177 -11.4681
784 4.55817
177 -11.4681
478 -0.296051
828 4.60913
290 -4.38336
71 -42.8367
966 11.1758
17 -47.2806
656 0.781921
182 -7.60767
962 10.8138
439 -28.2067
1010 15.5697
335 -1.74393
605 0.502869
489 -1.65643
530 -1.59113
912 6.22797
1102 16.6006
521 0.144592
1176 23.3877
618 0.722656
176 -5.24669
779 23.059
146 -3.87926
181 -7.98492
1059 14.781
895 9.45239
216 -3.2675
436 -2.21317
353 -1.444
179 -10.2448
1180 23.6636
1218 14.3337
1050 17.9299
711 2.20642
605 0.762634
725 16.2456
694 15.0244
1127 18.946
47 -42.9724
324 -1.91122
507 0.0158691
840 4.56653
828 4.65088
267 -2.23276
84 -8.65614
545 -1.9256
56 -31.6703
801 3.93842
946 7.9491
436 -2.1824
1014 22.079
32 -32.9507
729 2.67877
343 -25.7652
1132 20.6846
178 -6.67105
507 -0.548981
812 4.26593
161 -5.0681
729 2.70764
436 -2.19662
749 2.85718
1003 13.1677
800 0.640686
232 -2.5475
194 -3.86241
460 -21.1789
182 -7.71999
194 -3.86026
1009 15.586
842 12.0259
699 1.95685
32 -32.3624
384 -38.4866
162 -14.3543
176 -13.4836
1066 16.504
1216 23.1465
208 -21.5448
669 7.4649
12 -46.4279
840 30.7758
436 -1.95285
56 -31.647
1012 16.2637
840 4.56714
860 4.82892
324 -1.91122
489 -2.45178
196 -11.5159
48 -4.1475
860 4.82855
476 -2.94788
521 -0.0330811
966 11.1534
269 -8.18915
998 12.6421
34 -42.5816
146 -3.87877
711 2.20642
919 7.62488
507 -0.0374756
315 -2.19916
673 1.08624
306 -2.08408
968 11.248
230 -6.13446
891 31.105
599 0.819763
60 -24.9135
1188 16.7966
1181 23.7427
52 -42.2246
1183 19.0596
143 -5.82239
420 -32.5823
620 0.580994
511 -0.0353699
715 2.18536
161 -5.06717
643 5.57458
585 0.392334
1150 18.2452
459 -23.3745
840 4.56696
59 -30.754
711 1.38361
1032 13.6072
177 -11.4681
329 -1.86246
60 -24.9294
461 -20.6023
1158 17.5048
1163 16.2633
953 10.8237
324 -1.91138
493 -1.49332
694 1.82483
1060 17.9608
33 -6.54676
891 31.1189
1158 17.5049
812 4.26642
176 -13.4841
605 0.502563
205 -3.69418
52 -42.2249
1163 16.2637
726 2.71271
774 3.50842
145 -5.26419
175 -11.4427
412 -1.909
191 -11.1818
780 23.2269
33 -6.60417
206 -11.7108
1121 17.9128
303 -2.06598
1180 23.6625
484 -0.212952
60 -24.9386
935 12.0421
47 -41.3129
513 -5.31525
40 -51.1931
182 -11.2758
128 -30.2002
1048 14.4926
643 0.66449
781 23.4254
935 12.0405
28 -44.1656
711 2.18201
47 -45.8095
798 0.0836792
69 -26.4765
64 -47.6976
1041 14.6937
1134 30.6705
895 9.46393
643 0.664673
56 -31.6683
312 -2.07935
729 2.67999
706 6.70789
489 -1.65384
1106 26.9768
560 1.005
641 5.75342
712 1.6192
69 -26.8963
1009 15.5856
749 2.8576
49 -24.6092
840 4.56451
401 -32.3379
1226 26.7003
350 -35.3298
540 -3.44043
1149 215.007
179 -10.2443
420 -27.878
735 29.9277
455 -1.2226
1188 30.3627
1189 29.1373
1182 19.2863
176 -5.24561
45 -57.4038
569 0.548584
200 -11.9067
177 -11.435
375 -38.9602
605 0.762634
230 -2.49059
165 -5.92906
928 5.7077
1136 22.8834
1048 14.4927
56 -31.4207
1183 19.3173
250 -2.87363
1149 21.7972
694 15.026
108 -45.128
570 0.511963
735 18.0836
128 -31.3445
737 2.64966
623 0.621643
384 -34.5188
781 23.4255
385 -2.31955
951 8.09467
137 -3.54135
1000 11.8792
860 4.82843
217 -4.01093
437 -25.8305
499 0.0294495
991 11.4125
692 0.814514
34 -38.8554
105 -20.6633
549 0.246948
167 -54.4267
56 -31.6713
916 6.82709
912 6.22998
488 -0.0928955
397 -37.393
1188 16.7986
1127 22.3054
65 -28.0547
33 -6.51857
946 7.92188
53 -23.0746
585 0.392639
891 31.105
699 34.3583
202 -11.8185
663 6.7561
324 -1.91132
840 4.56299
530 0.220154
202 -11.7499
149 -16.3706
749 2.85718
813 22.5831
750 5.32642
432 -1.87216
1166 18.3794
439 -28.2069
780 23.2271
146 -24.8202
206 -11.5351
501 0.0219116
33 -6.61519
1186 18.6897
1181 105.945
1126 21.4172
159 -4.40536
318 -2.21683
47 -45.8089
269 -8.18924
420 -28.3855
1060 17.9583
272 -3.95139
177 -11.468
875 10.0959
780 23.2271
269 -8.18945
1066 16.504
704 32.7814
1126 19.6599
925 6.13043
1005 14.0878
784 4.56958
68 -27.6632
1122 21.5432
542 -3.26648
1060 17.959
568 0.504761
179 -10.269
1060 17.9587
513 -5.31516
478 -0.297424
641 5.7486
1163 16.2633
303 -2.11148
455 -1.22287
800 0.4151
363 -40.1349
1060 17.9585
692 0.802124
1001 13.0788
63 -53.5675
169 -13.4456
146 -3.87921
711 1.43927
1214 17.8956
1035 13.8179
1120 21.4536
696 12.3677
439 -28.2069
585 0.394592
463 -0.939301
786 3.51019
1003 12.7729
1218 24.2169
439 -28.2068
149 -16.3711
959 10.2678
1010 15.5851
896 10.4908
62 -42.3045
368 -1.56754
712 1.62079
127 -31.5381
65 -28.0583
1106 26.9806
176 -5.24551
828 4.66437
376 -2.22995
52 -43.8064
582 -1.90204
176 -5.24745
1132 20.7072
1163 16.9034
595 0.568298
135 -5.17859
74 -22.5782
1133 21.9091
665 5.15875
875 10.0953
749 2.85736
698 12.2903
2 26.1245
217 -4.01567
964 9.72491
757 20.738
315 -2.24786
1226 26.6993
1217 22.8755
1190 27.8115
929 5.96417
1234 28.2621
0 -41.9683
1021 13.968
979 11.2113
759 3.19702
75 -81.2703
1189 16.3217
732 2.89661
290 -1.48804
661 0.701294
56 -43.5101
287 -2.47388
725 16.2261
736 2.70612
1150 17.9233
511 -5.45364
459 -20.6511
324 -1.91141
145 -5.26474
56 -31.6684
703 6.29102
48 -4.09207
739 2.57306
680 10.7707
1000 15.8694
772 17.7376
919 7.62708
919 34.1638
267 -2.2338
751 7.01813
20 -44.1965
680 10.7708
374 -2.2168
11 -40.0732
992 12.54
1107 16.4633
1181 23.7366
47 -45.8066
860 4.82861
52 -43.8064
553 0.0992432
531 0.148315
69 -26.896
828 4.65009
668 8.81512
350 -24.4592
704 36.5488
176 -11.2876
401 -32.362
1001 13.2572
1201 25.3772
194 -3.86165
65 -43.6108
436 -2.21869
860 4.82831
181 -8.05002
336 -1.72034
860 4.82886
605 0.764404
1115 21.7361
746 8.87762
667 8.17078
1181 23.728
1118 16.9314
131 -4.4418
1013 22.053
0 -27.3588
567 0.508972
733 16.7313
194 -3.86009
61 -31.3638
555 -0.0859375
895 9.45331
69 -26.4929
1006 14.4162
784 4.56323
1170 23.1321
1158 17.5048
735 2.71558
1117 16.4257
313 24.3014
217 -35.913
537 -0.423889
1110 16.2528
128 -21.2675
992 12.54
56 -31.6737
56 -26.5601
1145 20.4615
86 -50.7715
195 -4.52237
105 -20.6648
658 3.89899
241 -10.7973
1122 21.1609
603 0.509094
190 -5.77173
1127 22.3057
812 4.26575
945 8.53027
841 23.0643
1160 17.6521
1003 13.0844
1009 15.5855
303 -2.06354
178 -11.455
1046 17.7578
959 10.3266
686 13.1949
782 4.12366
712 1.3996
692 0.801636
436 -1.95291
385 -2.31888
86 -25.8244
479 -2.82083
324 -1.91132
1021 13.9679
1206 26.3439
673 1.08588
1106 26.9764
1021 13.968
773 3.5155
1188 16.7968
1163 16.2638
625 0.779236
178 -6.67218
184 -12.5645
2 -40.7513
930 12.2278
749 2.85736
711 2.20642
750 5.32758
395 -2.20639
47 -42.9676
787 3.71533
227 -38.8087
476 -2.94272
1203 24.079
387 -37.5388
567 0.508606
286 -3.70172
1009 15.5855
391 -32.1806
69 -45.0282
1013 22.0545
605 0.50415
226 -9.54581
479 -2.78485
440 -2.18665
1192 25.5638
1006 16.2141
638 1.63977
798 3.9826
1186 31.3287
759 3.0929
250 -2.94542
63 -68.3988
33 -32.7357
708 6.84344
891 31.1198
12 -46.4199
773 23.4069
1133 21.903
65 -28.0627
52 -43.8076
824 4.45673
663 6.75616
241 -10.7973
622 0.735107
973 10.429
47 -42.9235
1115 21.7439
313 24.3654
709 25.4889
643 0.66571
1110 15.8185
726 7.71246
800 0.415283
1182 19.2838
33 -6.59195
266 -3.07025
751 8.3064
164 -55.1627
537 -0.0687866
215 -3.78651
753 20.3318
1240 44.2812
104 -24.0153
10 -31.3813
791 23.7127
1092 19.3737
1189 16.2667
742 3.45734
465 -2.90063
1215 14.4438
385 -2.31912
828 4.64545
1234 28.2623
912 6.23389
700 1.3125
230 -2.49072
917 7.18268
960 9.31726
345 -1.65408
350 -24.4589
698 0.908081
1148 22.1456
725 16.2325
911 71.7729
711 2.20648
420 -32.5852
684 3.47522
895 9.46167
692 0.802124
127 -31.398
523 -1.92322
263 -3.19504
896 15.4709
912 6.22925
439 -28.2068
1188 16.7952
436 -1.95288
1197 33.0155
919 34.1635
875 10.0961
69 -26.5096
714 9.35193
672 1.07666
1006 14.5046
274 -3.94366
235 -10.1234
65 -28.0597
194 -3.86366
48 -4.20488
1041 14.6938
605 0.502808
531 0.148621
71 -42.8366
1137 20.3962
382 -38.7781
330 -9.2601
146 -5.81335
476 -2.81287
973 10.4291
946 6.59753
43 -1.52357
84 -42.3916
753 16.3359
962 10.9199
787 3.7196
52 -43.806
179 -10.2704
587 -1.38489
463 -0.938934
885 6.09204
169 -11.0066
137 -3.54135
224 -19.3836
1009 15.5856
1148 23.1332
216 -3.78571
725 16.2142
663 6.75623
335 -1.74106
799 -21.2208
270 -14.0899
3 -37.3452
1216 21.2152
708 6.85852
554 0.355652
586 0.574341
1036 14.6414
179 -10.2705
90 -48.6151
847 130.415
154 -16.004
282 -8.10031
889 11.2217
708 6.8584
57 -30.2218
658 0.701904
992 12.4368
389 -32.6631
1011 13.2947
709 6.83557
628 1.30115
162 -5.1989
1046 14.505
226 -38.7987
711 1.43951
40 -19.6169
746 3.19299
59 -24.9211
1150 22.5488
605 0.504395
172 -11.3897
209 -4.8251
911 26.9083
1188 16.7802
893 19.2058
578 0.260559
1132 21.1184
1008 15.9963
1014 22.0767
801 0.779846
757 22.3232
725 10.1314
751 7.02588
810 22.2834
586 0.512207
753 20.3317
290 -1.48395
546 0.330505
437 -25.8225
1150 22.5487
973 10.4299
697 12.5139
1150 22.5465
705 11.1874
325 -20.1069
33 -6.55872
455 -1.22296
677 7.51672
605 0.503296
587 0.589783
437 -25.8228
23 -39.0367
695 12.2184
363 -40.1346
476 -2.9437
179 -11.4426
782 9.38531
610 0.793762
177 -10.9881
720 14.127
707 1.32343
58 -44.935
1133 21.9556
463 -0.938202
729 2.67877
1177 35.4487
760 3.29803
235 -10.1234
48 -4.14681
697 2.42059
437 -25.8197
732 2.8949
915 30.9958
812 4.2663
241 -10.7976
682 7.11646
878 7.71399
895 14.6016
476 -2.94794
129 -16.1254
48 -4.08952
713 3.77203
48 -4.04188
556 0.373291
1204 14.9905
52 -44.7499
86 -25.794
750 5.32611
658 15.2977
1170 23.1316
56 -31.6481
422 -27.4535
919 34.1631
753 16.3355
700 29.1172
1110 15.8191
77 -28.7019
57 -30.223
741 2.54706
1193 19.3082
652 2.77197
1159 18.322
179 -10.2636
235 -10.1233
91 -23.7356
692 0.801819
1076 21.0568
787 3.71649
526 -2.51154
279 -3.88843
137 -3.54648
582 0.595398
1035 14.8882
358 -14.8104
1110 16.2408
836 126.451
0 -43.7744
763 22.4016
1009 15.5859
853 11.8726
585 0.606018
911 71.7917
1133 21.9554
708 6.85815
655 0.69635
94 -19.8603
1006 13.1075
56 -33.1309
504 -0.530426
194 -3.86028
51 -44.5327
249 -3.17722
770 22.5555
675 7.31561
798 12.4285
1134 30.6694
316 -10.8663
642 1.86505
753 20.332
32 -32.9515
1132 20.7069
946 6.59583
1040 70.2227
580 0.354797
697 33.4037
418 -28.33
363 -40.1348
17 -47.2797
182 -7.74222
746 8.87689
439 -28.2088
686 3.21716
912 6.23334
49 -24.5988
268 -5.75015
782 4.12555
763 22.1628
674 0.834351
676 7.25024
401 -32.361
683 7.25909
448 -1.34747
538 0.21228
71 -42.8381
732 2.89648
129 -16.1252
378 -21.2113
313 -5.9682
208 -21.5509
690 8.59277
670 2.06427
1217 22.8732
222 -4.71019
780 -1.21863
174 -13.4011
749 2.85413
1024 15.8304
301 -2.22092
322 -2.15796
1057 18.1089
1132 20.7032
588 0.377014
781 23.4236
1059 18.0579
707 28.7612
757 22.3292
773 3.51562
735 29.4954
264 -4.14993
1001 14.438
1199 133.629
382 -38.8235
930 12.2278
1051 17.9597
699 1.9563
749 2.85443
1196 24.7341
605 0.502319
94 -46.5174
278 -8.28571
350 -45.4895
501 -1.38864
337 -17.9346
120 -3.70613
59 -24.9203
567 0.508972
663 0.773193
707 11.4464
686 26.8624
895 9.45343
1186 18.6899
562 -0.0547485
746 8.91882
1169 23.5286
761 3.32001
1110 16.5319
176 -13.4823
1046 17.7578
28 -39.1007
501 -1.69647
50 -34.4995
206 -3.7354
732 2.89563
1009 15.5859
877 254.816
368 -1.56708
694 15.027
871 9.47607
1060 17.9583
749 2.85419
294 -7.87366
745 3.87598
562 0.814026
171 -10.6093
194 -3.86018
745 3.88055
135 -5.17874
782 4.12286
135 -5.18344
720 14.1266
1106 26.9803
878 7.71313
1092 19.3738
1111 16.356
787 3.86188
1117 21.615
689 13.9953
1076 21.0554
716 1.92072
1138 22.3145
176 -13.4825
875 10.0956
1086 17.1056
928 12.9523
1163 16.2637
850 82.3876
813 4.26404
772 23.0777
439 -28.209
1139 22.5092
34 -20.6165
1149 215.228
1163 23.1764
1163 23.9346
680 10.7709
751 7.02832
33 -32.763
769 22.686
1132 20.7067
709 6.9245
878 8.61102
813 4.26367
737 14.5814
800 0.601013
915 30.9951
1217 22.8937
864 35.1158
199 -4.76257
568 0.5
1133 21.9216
83 -44.4323
875 10.0957
741 3.5014
371 -32.0368
174 -11.4128
399 -36.4878
176 -10.5707
1147 25.1747
842 23.4396
664 3.08209
436 -1.95288
1181 20.9166
435 -2.21799
946 6.59717
792 9.73053
708 2.63837
1050 14.6554
720 14.1269
1023 14.7574
176 -5.2462
681 7.27948
587 -1.38452
455 -1.22281
907 9.62903
670 2.01471
992 12.54
1021 19.9292
486 -2.23322
673 1.08636
757 22.3229
241 -4.39032
1166 18.3772
35 -15.6774
682 3.99127
47 -37.7527
735 30.4659
394 5.49799
260 -4.08308
831 229.854
200 -4.97417
465 -20.4379
988 12.4692
259 -3.2114
1006 13.1071
155 -5.67577
861 4.74384
163 -10.4745
794 23.7479
75 -68.0105
798 12.5353
836 126.857
701 36.2421
146 -3.87874
93 -45.5535
94 -19.8438
66 -43.422
42 -49.9692
176 -13.4849
1134 30.6709
813 18.6649
268 -5.75192
809 22.2263
449 -1.68188
51 -44.5221
1054 18.1595
47 -42.9676
5 -41.4529
365 -1.8241
590 0.506836
40 -42.3134
771 3.93237
1216 20.3882
725 16.2598
759 3.11932
940 141.27
797 24.487
875 10.0952
750 5.32629
1007 13.3348
808 22.167
670 2.01245
674 7.18372
33 -32.7632
1139 25.2146
1144 22.5765
809 22.2225
179 -11.4161
833 4.47894
290 -4.39734
669 5.55383
401 -32.3373
654 0.661926
1217 22.8756
682 27.2593
960 10.1857
848 121.96
67 -44.0554
401 -32.362
696 5.68066
709 4.36609
482 -2.7836
220 -5.59125
324 -1.91138
798 3.96753
434 -2.12912
843 23.3825
168 -13.4608
231 -12.5572
218 -4.84764
543 -1.43713
135 -15.5267
1102 16.5736
48 -4.21488
249 -4.59818
259 -4.17821
476 -2.94354
1006 13.1074
656 6.37726
64 -45.7868
1119 16.4595
567 0.507874
437 -25.8307
714 9.34692
219 -6.90939
896 15.4703
498 -3.46524
870 9.45764
278 -4.02618
946 6.59515
6 -41.9839
650 2.86969
813 17.8052
209 -3.71231
875 235.772
936 44.3021
746 8.86084
436 -29.2326
234 -4.04994
178 -6.67377
859 27.8161
1150 22.5487
694 15.0249
268 -5.74829
194 -3.86333
1134 30.6705
1106 26.9806
834 4.4743
1027 17.9629
586 0.403381
741 3.38049
670 2.01147
1043 20.6438
729 2.68005
290 -4.38394
741 3.3819
917 7.15527
1145 22.6064
757 22.8755
769 22.9072
1006 14.9164
1197 24.3041
1163 23.933
532 -3.88397
1158 17.5046
274 -3.96509
859 27.8161
254 -9.06894
628 0.566772
191 -4.64795
222 -4.71014
45 2.4272
368 -1.56714
827 22.2173
553 0.338379
854 69.1782
369 -3.67542
436 -2.21255
877 254.756
1020 13.9302
1166 18.3773
1066 16.504
162 -8.3877
610 0.799805
1117 17.8861
1158 17.5049
223 -4.73651
953 10.7546
781 23.4962
238 -2.58643
368 -1.56796
128 -21.2505
1073 16.8988
746 8.87756
1035 15.0552
698 3.73773
695 15.2878
303 -2.06516
71 -42.8386
583 0.550842
191 -17.4396
694 15.0273
1059 14.9602
1010 15.5701
680 10.7709
810 24.5226
62 -47.8811
738 2.64398
631 1.45898
1039 13.8241
222 -3.9164
350 -24.4585
255 -3.52969
53 -64.9869
663 6.75616
1048 14.4918
284 -3.70724
202 -4.73833
105 -20.664
896 10.491
682 3.99744
978 11.5789
797 -13.6565
198 -50.4268
704 6.47668
419 -1.98645
1203 26.156
779 23.059
978 11.785
1186 18.6899
732 2.89557
421 -0.994476
50 -48.9372
269 -5.90518
946 6.59521
45 -5.0556
1032 74.8309
164 -10.0872
781 23.4227
686 13.1224
954 35.4225
935 12.0394
376 -21.2536
686 13.1998
853 8.133
800 3.98486
605 0.50415
781 23.4229
930 12.2275
1059 14.9597
836 126.793
249 -3.63997
189 -10.0748
741 2.54706
600 0.457458
210 -4.88969
275 -4.00504
1046 17.7578
299 -3.44388
812 4.26575
836 126.792
954 140.544
386 -2.49667
480 -2.7529
731 2.61279
680 10.6538
1010 15.5669
658 15.3091
116 -17.5755
1159 18.3224
201 -22.9508
116 -17.5816
222 -10.4856
447 -15.3218
1209 27.9303
20 -44.1967
959 10.2679
750 5.32642
156 -5.6516
274 -3.87924
828 4.67633
269 -8.18936
310 -6.97717
587 -1.38452
712 1.61279
316 -2.9317
52 -43.8066
20 -44.196
69 -56.1743
508 -0.311707
373 -21.6487
946 6.59729
68 -72.5983
741 3.51031
697 2.41931
1139 23.6223
687 5.86334
783 7.80731
241 -10.8004
836 126.387
928 12.9592
756 3.09753
293 -3.55817
1139 24.3936
1021 15.1736
1046 17.7577
164 -5.53391
276 -6.86478
1170 23.1321
124 -3.73963
1121 17.7273
245 -4.4127
914 7.0907
274 -3.92612
735 18.0891
711 4.44495
217 -35.9059
165 -9.88921
48 -4.03974
232 -3.91844
854 10.9447
399 -36.1445
107 -42.3177
824 73.3604
49 -44.6017
866 6.21295
720 14.1263
716 1.92072
230 -10.0343
670 2.01062
486 -2.22519
355 -1.59653
747 3.64368
241 -4.39696
305 -2.45221
274 -3.9444
878 7.71204
875 235.784
1006 13.1075
706 6.70673
290 -4.38388
707 4.57611
463 -0.939026
827 22.2138
682 7.11725
48 -4.14096
619 0.672729
1181 23.7366
992 12.5399
440 -2.09518
1158 17.5048
331 -2.81302
379 -38.7442
668 5.3205
547 -0.55365
468 -0.9263
223 -4.73518
241 -4.38805
94 -19.867
1068 15.3251
437 -25.8308
301 -25.3265
121 -17.3188
658 2.24164
1028 14.2817
836 126.449
1209 27.5483
247 -4.38217
7 -48.3646
381 -20.5905
757 22.3229
889 7.28442
895 9.46216
248 -4.38637
258 -4.15924
343 -8.9845
476 -2.94379
241 -4.38971
736 2.96625
206 -11.5359
1145 20.0389
422 -1.03955
284 -3.73145
221 -4.7709
180 -11.4255
1216 23.7394
1085 17.1621
1214 17.884
1076 21.0558
670 2.08563
702 6.31152
973 10.43
39 -41.9089
307 -3.65814
824 62.9177
618 0.738586
686 27.1976
1116 16.3528
694 0.911072
836 126.787
533 0.168945
957 11.0118
135 -5.17755
264 -4.14258
709 4.67969
706 6.70807
355 -1.53592
474 -2.97174
62 -29.7166
302 -2.59427
1122 28.325
1077 15.7422
78 -40.4245
134 -4.34616
47 -42.9272
67 -43.4258
1134 30.6697
656 2.13971
828 4.49579
974 10.4134
229 -12.0678
772 23.0151
274 -3.94391
757 20.7379
671 2.09052
605 0.502991
836 126.229
1209 28.5907
780 23.2271
23 -39.0151
386 -33.2215
797 5.68561
708 4.85504
476 -2.81375
1077 21.3818
736 5.7121
445 -25.5763
1137 22.9968
69 -72.8951
1156 23.2561
858 201.112
336 -2.42892
658 15.2842
78 -46.4245
282 -3.81757
470 -2.99313
812 4.26587
682 3.99573
1149 19.9569
1180 20.9539
78 -10.3975
959 10.2677
483 -2.71494
445 -25.5763
1167 163.081
970 9.98718
686 13.1828
545 0.340271
765 22.5076
215 -4.80836
222 -4.71051
693 37.0593
712 14.8967
828 4.66315
674 0.834839
694 9.84845
463 -0.939331
363 -40.1355
90 -25.2307
334 -2.83441
248 -4.39474
751 7.02496
619 0.679749
373 -22.2888
262 -4.1741
289 -3.6673
562 -0.0553589
257 -3.51242
220 -10.355
1129 23.3654
66 -44.1775
547 0.343628
746 8.87933
1110 15.8186
465 -2.94864
370 -39.2784
367 -2.38809
1061 20.5808
754 3.3772
682 3.98431
436 -2.21933
605 0.502502
853 8.1217
746 3.19489
271 -4.04498
26 -72.7417
387 -37.5388
308 -6.91885
928 12.9581
106 -5.26734
282 -3.79871
1166 23.3324
255 -3.99918
1077 24.5159
1064 15.012
211 -3.78355
710 23.9013
164 -14.0128
564 1.01862
712 1.43719
720 14.1264
106 -5.26829
248 -4.39473
9 -42.3978
924 175.328
711 3.52588
768 3.3313
125 -16.7503
106 -5.26683
336 -5.53314
1068 82.0509
847 26.6716
1059 14.959
1082 21.837
924 175.238
292 -7.80923
696 3.63123
235 -10.1237
1046 17.7578
1110 15.8185
590 0.771179
671 6.81757
781 23.6616
274 -3.94391
1134 30.6697
1001 16.0618
587 -1.38373
238 -2.58601
453 -1.01703
390 -2.49127
407 -31.9403
773 3.51465
1150 22.5466
405 -34.4618
1220 24.0942
940 141.131
235 -4.5562
247 -4.38483
769 3.89276
436 -1.9527
829 4.61469
433 -2.10553
533 0.214111
548 0.326538
217 -4.81808
1100 23.0824
590 0.771362
379 -21.6856
1021 13.9679
253 -4.20067
772 22.9946
348 -3.3909
1009 15.586
537 0.206299
705 1.40033
836 126.76
46 -45.2169
829 30.2662
707 6.74658
235 -10.1232
241 -4.40521
221 -4.77049
1180 23.6631
953 10.8198
745 3.88074
221 -4.77095
344 4.22366
23 -39.0072
682 3.98859
705 4.11359
49 -51.7287
223 -4.72688
612 0.750427
94 -19.8669
348 -3.3909
236 -10.018
237 -3.11751
269 -4.06744
307 -25.3198
94 -19.8668
64 -41.7632
688 33.5445
757 2.39233
174 -11.2481
1180 20.9298
729 2.68018
363 -29.75
1163 16.2638
717 11.4104
707 31.4319
1005 16.0497
872 9.23907
159 -5.81064
629 1.37421
680 10.7708
692 0.814575
290 -4.40582
47 -45.8119
412 -19.5331
716 29.2025
735 29.9096
384 -38.4872
201 -4.89821
658 15.2951
148 -5.75705
51 -44.5201
1216 24.05
812 4.26581
891 11.1606
845 12.3628
1032 13.6072
68 -45.3576
648 2.6015
296 -17.5521
436 -1.95291
1006 22.5019
272 -3.85724
722 4.46802
286 -27.362
1187 23.9137
406 -1.61871
1134 30.6707
686 26.9127
878 8.65448
418 -26.2236
93 -45.5584
1132 30.2787
674 0.84668
435 -2.21796
670 5.51483
223 -4.73332
1143 22.7426
1221 32.2513
290 -4.39822
589 0.6073
52 -43.8081
363 -40.1345
220 -10.4662
116 -17.5809
374 -39.8875
702 6.29651
746 3.20422
669 9.50543
355 -1.70413
230 -9.31342
780 23.2271
741 3.36108
185 -10.7449
283 -3.33145
772 22.9668
866 9.40045
426 -10.7593
827 22.2179
238 -2.58678
290 -4.38251
609 0.77655
455 -0.716827
997 16.1476
741 2.54712
671 2.09076
745 3.87726
241 -4.39059
282 -3.58313
735 29.9394
359 -28.5903
104 -24.0166
1180 20.9385
132 -17.7038
287 -2.13077
739 21.155
627 1.29163
1139 23.1945
1128 159.635
746 8.88165
810 21.8359
741 3.36224
174 -11.2127
508 -0.322723
435 -2.21796
686 1.39148
725 16.2496
978 11.4028
265 -7.83206
452 -0.75943
760 22.0211
1046 17.7577
57 -30.2533
436 -2.2131
269 -3.9472
1006 13.1073
135 -5.18327
176 -11.4734
1036 13.8103
131 -5.8578
419 -1.92282
223 -4.73453
135 -5.18326
180 -12.8801
435 -2.21793
840 4.56384
1014 16.4403
363 -40.1351
364 -23.3108
223 -4.68745
1029 19.7738
1029 19.7946
252 -4.31276
1170 23.1318
1025 20.621
648 10.8627
476 -2.94373
749 2.85767
714 9.34698
104 -46.9345
435 -2.21796
232 -10.2879
559 0.362854
1088 21.9159
449 -25.8873
654 15.5496
688 31.9399
1127 16.8768
248 -4.37511
841 12.0566
685 24.5062
686 22.37
488 -3.44925
462 -0.695404
316 -10.9026
785 3.33899
401 -32.3601
549 0.245789
711 11.8934
859 27.8161
714 9.35071
712 5.06104
269 -8.18921
286 -27.3623
857 21.7454
700 1.49365
812 4.26581
275 -3.83902
150 -13.1324
297 -6.13147
32 -32.3808
137 -15.2705
436 -1.95279
652 3.46826
866 8.79431
269 -2.71393
660 2.3139
28 -44.161
463 -0.93866
800 0.40448
714 9.35114
235 -10.1238
673 0.899231
729 2.65009
878 7.71204
213 -4.86526
1120 19.2014
221 -4.77042
326 -9.52017
676 45.4212
296 -2.68951
758 2.31372
679 6.46509
825 -62.4356
267 -5.85464
706 30.3233
735 30.5535
894 9.48462
248 -4.38399
515 -5.2926
217 -4.02853
1077 21.3318
845 26.3543
436 -2.21881
229 -4.37253
403 -2.20694
1036 17.8522
598 0.862732
818 41.4509
271 -3.91116
366 -2.07864
714 9.35059
396 -30.7784
911 71.8061
69 -26.895
445 -2.10965
911 71.8181
425 -2.1236
448 -1.90472
820 165.405
782 4.12207
173 -11.3171
853 8.13513
111 -35.4756
192 -5.72182
312 -3.31006
727 10.7511
1149 20.2971
887 28.8677
228 -4.62314
235 -10.1232
924 175.365
706 6.64343
241 -4.3927
1200 24.2427
777 3.69952
1028 16.2137
290 -6.76514
979 10.4163
696 4.41418
290 -4.38116
849 8.55414
361 -29.9838
807 46.0083
715 11.6884
1233 28.0764
466 -2.86261
353 -28.7602
543 0.0284424
436 -1.95294
171 -10.4579
382 -2.35992
705 3.90955
680 7.96832
1121 21.6207
69 -26.8953
1065 20.9611
739 14.6472
802 1.77576
875 10.0954
283 -2.6105
507 -0.343719
531 0.203613
696 5.65948
274 -3.94479
746 3.21381
760 21.6154
739 21.1581
887 28.8969
401 -32.3383
632 1.51392
1179 24.3744
1026 20.7361
783 7.81775
209 -4.93108
700 8.04248
244 -4.85942
435 -2.21805
193 -12.0978
281 -2.66803
294 -3.55222
685 3.02301
650 5.52423
928 12.9521
241 -4.3927
337 -17.9355
525 -0.24408
852 150.694
1159 24.8977
751 7.03271
476 -2.81711
805 -51.5374
1132 20.7079
672 0.846313
758 22.5552
790 4.02551
1013 13.6863
866 5.14862
457 -0.926819
543 -1.44244
720 8.50146
919 7.62701
1139 18.4486
1204 14.7185
13 -41.3568
241 -4.39046
1134 30.6711
714 9.34674
882 16.6069
1021 16.6703
840 4.56451
281 -7.69211
191 -11.9335
857 21.744
762 22.3926
739 2.5929
85 -44.7216
1219 26.5671
348 -3.39108
876 8.66339
648 5.6662
819 6.1311
1021 13.968
1044 14.1837
273 -31.2716
859 27.8161
15 -48.445
296 -18.0865
1149 16.9453
822 23.2928
642 1.85223
810 22.2834
386 -2.49683
376 -39.1309
346 -37.2315
605 0.764038
401 -32.3375
127 -2.90244
840 4.56146
367 -2.38684
863 10.399
373 -2.58173
924 175.327
956 8.91095
81 -30.2821
887 28.8167
813 22.5831
113 -33.9308
536 0.194946
746 3.20789
799 0.786499
798 12.4673
304 -6.409
708 6.85834
746 8.87994
459 -20.6511
820 4.74261
728 32.8528
828 4.88617
47 -45.8092
756 3.52856
445 -25.5761
562 -0.0494995
800 0.414368
663 2.63379
286 -6.40231
52 -43.8105
355 -1.84732
914 14.1129
159 -4.40567
458 0.338501
241 -4.39043
799 24.7301
194 -4.77434
401 -32.3372
827 22.2173
386 -2.49728
333 -29.0915
593 0.655579
706 2.5141
452 -1.06073
308 -8.1012
202 -11.8802
148 -5.74829
335 -1.85248
1110 15.8185
1042 20.6851
421 -1.91425
911 71.8027
546 0.340332
739 5.68665
1029 19.7738
155 -5.41658
658 13.2415
194 -10.6499
1029 19.7798
321 -20.8904
919 7.62451
940 141.274
68 -45.7437
527 0.163208
780 23.4397
248 -4.39146
258 -4.15891
726 20.5615
714 9.34772
789 3.84375
277 -2.52542
193 -12.0473
135 -5.1832
65 -28.0612
714 9.34698
757 22.3243
950 11.3711
288 -35.0542
290 -15.1933
49 -44.8675
144 -13.2319
738 2.76599
18 -44.0946
1060 20.5109
181 -8.02208
782 4.12201
877 254.799
947 8.66876
374 -35.5705
1186 18.6906
919 34.1634
656 15.7171
227 -12.225
265 -7.85614
148 -5.8335
290 -4.39673
1063 71.9449
714 9.34698
663 8.43384
978 12.0723
314 -3.10364
232 -4.55879
510 -5.22314
825 4.52393
814 25.8524
864 5.14362
714 9.34674
196 -35.7936
708 6.85834
116 -17.5808
52 -43.807
211 -4.83897
1150 22.5485
311 -3.39389
745 15.3645
387 -37.5399
365 -3.37305
139 -4.94788
940 141.286
979 10.5662
1109 16.0005
455 -0.900909
766 22.7241
734 2.88232
266 -3.95703
803 29.5405
205 -4.02702
307 -3.10992
290 -4.39948
466 -3.04675
233 -4.61127
491 -0.0137939
504 -3.85077
829 30.267
914 30.9944
940 141.106
227 -38.8083
751 3.35193
377 -30.6898
1007 87.1078
896 15.3522
809 22.2258
478 -3.02267
250 -4.33241
104 -24.0166
875 10.0953
853 8.13464
733 5.9032
164 -12.2346
85 -44.7164
306 -3.55399
1227 30.2406
1060 20.5518
106 -5.26743
817 4.99164
241 -3.84694
764 22.5509
787 3.71942
1197 19.402
720 14.1267
757 22.3203
637 8.91553
857 10.8006
302 -3.79971
352 -1.9762
130 -18.5207
24 -39.1879
218 -3.67743
731 13.185
760 3.16345
1082 21.8368
216 -4.82158
106 -34.7755
874 28.7839
720 4.89197
764 22.2959
670 5.0744
357 -3.52945
274 -3.94385
827 22.2177
658 13.3078
1149 16.9452
759 3.11334
825 22.4319
266 -4.00003
729 4.79022
274 -3.94608
928 12.9591
860 4.82837
830 24.723
714 9.35046
393 -2.41074
734 13.6036
253 -8.26367
141 -17.4438
813 18.6646
651 2.74591
813 18.665
1060 20.5518
661 4.39948
182 -7.59198
672 5.23157
917 12.9576
991 90.9351
367 -2.39017
771 4.14008
45 3.07256
1026 14.8135
703 10.6317
729 11.3629
844 23.4122
1199 1.83606
232 -10.137
274 -3.9422
69 -26.477
174 -13.381
1134 30.6698
725 1.1239
116 -17.5832
488 -0.781799
360 -20.0201
316 -3.09787
275 -3.83887
174 -13.3993
714 9.34656
760 3.22382
374 -39.2553
534 -3.46948
436 -2.21326
804 3.63605
813 22.583
644 2.25116
207 -11.8944
924 175.317
134 -19.6102
463 -0.939362
205 -11.6838
829 30.2643
813 22.5835
992 12.54
782 4.12518
307 -23.0708
754 3.45435
631 1.52478
436 -2.21347
781 23.4592
217 -4.01445
266 -3.9989
436 -1.95288
880 29.808
840 4.56451
928 12.9573
912 13.0402
773 3.57251
783 7.78552
1076 21.7698
223 -4.73418
50 -60.1301
314 -6.92078
702 6.19153
4 -44.4843
735 28.1169
1088 21.9468
781 23.4229
724 12.5
396 -2.37714
310 -3.67426
749 3.2569
386 -2.49957
207 -4.4454
896 15.35
714 9.34711
415 -1.50327
466 -2.97708
1150 22.547
424 -27.3114
1076 21.3335
708 12.376
698 8.448
748 2.96198
545 -1.9259
1040 19.1697
632 1.53857
294 -8.9343
682 3.98737
640 1.80243
642 1.86499
427 -25.5247
735 18.0895
753 16.3345
288 -6.888
213 -11.2545
1120 20.6017
167 -53.3119
630 1.42688
735 29.9711
227 -12.2391
896 10.4927
450 -0.938538
241 -4.39296
821 22.1167
58 -46.5563
756 3.49567
401 -2.2825
969 10.1503
290 -4.38214
815 20.8081
447 -15.3201
450 -25.1656
930 12.2274
47 -49.4975
1183 19.4769
827 21.8701
1134 30.6697
93 -45.5547
1226 26.7008
314 -2.84
729 11.3574
314 -6.54916
282 -2.92215
62 -43.6266
713 37.951
840 4.56384
1228 27.817
535 -7.995
582 0.318298
373 -11.0177
668 9.0567
176 -5.24704
940 141.388
117 -4.99815
324 -1.91141
1151 22.5454
1061 14.7755
720 12.0867
350 -1.90637
703 1.26917
452 -22.2587
932 33.1963
419 -1.97717
757 20.7385
350 -2.31763
681 37.9327
464 -7.34775
593 0.63446
1007 13.0325
395 -2.31842
325 -1.84918
707 9.505
1215 26.2848
648 5.7334
661 10.8697
221 -4.36943
868 7.73889
321 -20.7648
709 6.82953
163 -7.83139
59 -24.9272
93 -45.5614
491 -2.6553
1022 20.2052
1187 23.9169
135 -5.18329
70 -42.8619
269 -3.93408
822 157.354
525 0.148071
697 2.42157
297 -2.66528
658 15.2925
1163 23.932
714 9.34955
961 9.85101
1120 27.6085
759 3.13147
106 -5.26662
1086 16.9011
1119 21.6222
222 -4.71046
168 -7.05754
301 -3.21945
1150 22.549
241 -4.38412
121 -4.8714
682 7.12006
720 14.1271
1210 38.1761
248 -4.39474
742 3.45728
258 -4.15918
76 -40.3308
783 -3.54755
548 -1.05127
1117 21.4215
500 -4.40234
241 -4.39082
861 8.8786
398 -29.8023
49 -24.5981
78 -28.8298
809 24.2428
296 -18.0815
855 47.3085
251 -3.62318
801 3.76166
1004 16.6832
991 91.4867
1177 37.5188
357 -2.68405
297 -6.272
187 -24.1464
783 7.78204
1181 23.7366
369 -1.96298
891 31.119
458 -0.928528
857 21.744
289 -3.69992
335 -1.73407
176 -13.4832
729 2.58441
198 -3.87061
709 6.82343
968 55.2744
507 -0.373627
529 0.173584
196 -4.63245
990 12.432
750 5.32599
269 -4.05627
1062 15.4969
241 -4.39249
1117 27.5291
1120 21.4531
424 -2.0112
853 8.13513
750 5.32782
891 7.19373
693 15.0602
726 1.01447
248 -4.37582
194 -50.9526
712 14.8992
930 12.2277
779 23.0593
208 -21.5533
853 8.11621
386 -2.4971
1011 15.9531
729 2.6792
1068 15.325
12 -40.6913
272 -5.48538
1206 28.0577
133 -3.8826
508 -0.32782
1170 23.1322
1010 75.7145
135 -15.1066
1026 68.3525
561 0.44104
672 38.2475
509 -4.12054
1004 84.1482
910 10.3655
1106 26.9806
670 3.0368
756 21.1431
813 22.5837
367 -2.39267
182 -10.8311
59 -44.1823
341 -5.22687
813 25.5404
348 -3.39114
115 -33.5174
49 -24.6017
813 17.8954
176 -5.24649
648 10.858
714 9.34845
947 11.0375
813 18.6642
963 9.83502
686 26.9305
373 -32.2446
565 0.181519
121 -4.71713
21 -43.8499
177 -6.65631
435 -2.21802
750 5.32721
964 9.72504
245 -3.64983
265 -7.83203
190 -7.32027
189 -12.3272
803 97.2723
160 -6.54326
39 -43.5826
893 19.2052
805 2.30701
445 -25.5763
1113 22.3809
203 -4.96082
367 -2.3877
1050 78.4747
166 6.93324
307 -23.0715
296 -8.79498
318 -5.66916
502 -0.832001
387 -2.50171
228 -4.47844
226 -9.94469
116 -17.5791
841 8.00989
246 -3.47357
293 -2.7912
935 12.0438
200 -4.83807
330 -2.54593
827 21.871
1116 16.2655
668 3.39435
473 -2.84781
862 294.48
998 12.6421
128 -17.8053
695 3.80841
460 -0.710388
129 -12.0685
1064 15.3834
735 29.9178
802 1.8017
844 6.70667
381 -24.1555
1146 20.1854
647 1.83417
210 -12.1764
826 4.65216
823 22.4077
742 2.76776
600 -0.925781
637 1.66254
272 -3.83853
1009 15.5859
278 -7.6571
746 8.87872
1139 23.5487
695 26.8586
757 20.7378
545 -1.92664
360 -37.2987
406 -34.4333
452 -0.839386
677 6.27496
181 -10.7336
206 -4.79112
875 10.0955
32 -32.8892
729 15.8593
934 33.2721
919 34.1637
1093 22.9528
549 0.245361
404 -34.6296
78 -44.3474
1227 28.509
1212 26.5134
1213 26.8063
746 3.19446
207 -3.9955
455 -1.22308
1133 21.9586
353 -2.46701
267 -4.08551
875 10.0956
1139 22.3719
783 11.0204
317 -2.89673
714 9.35016
690 5.21082
216 -4.47543
940 15.2737
1018 16.6488
1160 23.0836
841 14.7678
227 -38.8082
50 -38.734
783 7.78003
582 0.318848
746 8.87994
249 -4.32678
458 -15.0333
708 6.8454
1015 69.6143
1082 21.8368
813 4.26349
658 15.2983
339 -2.63904
701 28.7175
709 6.92426
345 -33.9167
282 -2.685
230 -4.58995
473 -16.8412
731 2.33435
245 -45.1021
287 -3.68359
177 -11.468
751 3.5766
433 -2.1282
937 33.6099
954 35.4232
251 -4.31047
787 -3.01105
1078 21.3689
199 -11.4169
625 0.99054
670 3.49652
726 20.5637
815 159.156
1107 22.5909
988 12.6141
487 -2.78632
311 -24.5302
1060 20.552
339 -1.71005
889 273.465
398 -2.35898
1056 25.9863
1119 21.6053
633 1.6311
322 -2.21948
762 22.4763
667 2.89801
457 -20.3532
355 -2.0498
813 18.6647
409 -1.49054
884 16.2205
1203 14.0621
692 9.41321
946 6.59558
998 16.2545
418 -28.7492
356 -3.08145
46 -45.334
686 26.936
51 -44.7665
384 -2.46259
105 -20.6649
370 -37.8979
213 -4.87962
731 7.29449
613 1.81097
392 -2.31744
911 71.8017
717 12.4059
185 -17.9632
455 -0.745331
973 10.4301
763 22.4872
106 -5.26815
880 16.7251
508 -0.266174
758 21.9879
800 0.413269
286 -14.0938
241 -4.12274
434 -28.3206
92 -5.60669
129 -15.6581
787 3.71936
780 23.227
648 10.8574
835 15.389
222 -4.71053
860 8.83081
106 -5.26809
480 -2.93491
188 -31.2964
676 48.5408
768 22.9424
632 0.749878
223 -4.79974
1179 24.3987
307 -23.0725
278 -2.64453
1121 27.7996
125 -4.9765
672 33.1547
159 -6.74132
618 9.51453
783 7.7876
432 -2.17737
877 254.751
78 -44.6994
371 -20.1518
762 21.994
159 -6.01776
196 -4.70882
273 -8.74335
219 -11.1199
621 0.678223
998 12.6422
823 4.70862
757 22.3162
929 11.1
805 -51.2912
1203 25.9801
38 -47.7036
266 -3.9874
1057 25.9709
805 21.7045
466 -2.85141
686 13.1358
845 12.363
711 15.1796
893 17.6112
23 -36.8708
335 -28.4743
1208 27.6345
697 9.58667
350 -3.79428
126 -16.0201
772 23.209
717 11.8373
340 -1.80066
401 -32.3619
780 23.2269
549 -0.0775146
629 0.813904
875 10.0953
625 5.28265
1111 21.4509
728 13.2457
259 -3.2654
1187 23.9167
419 -1.98767
212 -39.5767
739 12.6092
385 -2.4726
159 -4.40552
865 287.898
272 -3.95139
827 21.8704
205 -4.86913
1240 44.2435
739 5.99768
654 1.98755
69 -43.0137
262 -33.5352
1107 22.5903
436 -2.2189
864 9.03864
813 -4.22467
248 -4.37418
217 -10.9611
1204 18.6439
14 35.5261
1134 23.6429
647 2.7793
145 -5.25662
691 3.47784
475 -7.23267
147 -14.385
219 -10.7404
716 30.1755
1222 30.4067
1015 14.5643
217 -35.8975
1132 30.2789
1213 26.8066
758 3.79303
215 -4.8595
226 -38.7987
1138 22.0762
125 -4.8683
1163 23.9333
371 -35.7409
648 10.8418
790 23.7394
956 139.88
834 7.52875
896 10.4923
412 -1.909
1059 18.6987
1043 19.3595
1031 87.1781
327 -3.19083
290 -4.4061
265 -7.85529
930 12.2278
741 14.9364
241 -4.38544
421 -28.6216
400 -7.03735
431 -2.13504
725 18.6349
736 2.76337
302 -8.36646
229 -4.20792
279 -2.55359
103 -44.2083
1202 18.1936
725 16.2505
13 -41.7015
182 -11.104
813 22.5833
135 -5.1835
731 13.6878
798 21.1512
1199 22.4528
292 -15.2836
123 -4.91048
386 -2.50116
892 19.2029
335 -2.332
335 -5.01382
896 10.4911
363 -36.7647
368 -33.2879
1139 24.3804
783 7.80713
119 -5.04716
739 21.1545
172 -11.0575
666 4.83228
782 8.9281
337 -1.82343
422 -27.835
750 5.32642
450 -0.956085
307 -23.0724
694 34.4111
659 2.98987
263 -33.1578
701 6.20325
630 0.864807
138 -15.1646
1068 82.0996
714 9.34985
1088 25.594
715 26.4489
843 8.32025
854 8.41309
60 -24.9126
718 4.08301
808 22.1073
686 27.1016
761 23.1227
512 -1.66049
289 -3.66205
1167 163.757
816 118.192
238 -5.22476
813 18.6647
146 -5.79161
670 2.01587
1127 16.8455
105 -20.6652
643 5.80267
251 -6.46315
67 -43.3133
713 2.2005
376 -35.598
686 26.8007
875 10.0956
943 33.8054
741 2.54773
430 -29.039
257 -4.10745
613 6.94885
1201 18.4755
818 5.83191
323 -5.67438
404 -2.19547
704 22.8843
782 10.8797
217 -9.88092
528 0.183044
353 -1.86487
1063 71.9337
6 -44.0498
250 -35.2924
1015 74.7205
714 9.34509
417 4.6438
265 -7.858
347 -5.80112
864 6.81396
419 -1.97726
787 3.71948
32 -32.9921
892 197.68
327 -3.19196
453 -0.752594
824 4.4541
694 15.0218
754 3.36475
264 -3.37677
859 186.876
642 2.29596
448 -1.3949
52 -18.0897
686 13.2205
502 -0.844055
685 22.5186
1223 25.2198
1184 23.4801
299 -26.5643
414 -1.10733
252 -4.8454
629 14.6611
745 3.88025
636 4.6319
164 -10.8544
741 3.36212
736 3.00311
813 4.26416
874 28.7877
736 6.85931
435 -2.21786
682 7.12
726 20.5597
668 2.6073
419 -1.97729
610 0.778503
682 7.1203
965 12.1639
741 3.48907
380 -2.15601
991 90.9846
745 3.88019
228 -4.26593
891 31.1195
230 -4.64351
650 2.43317
291 -3.15616
1115 21.7365
662 10.1784
909 17.5126
324 -28.5298
296 -17.5432
831 4.7074
964 9.78564
1142 22.2314
544 0.3526
819 -7.47919
840 4.78204
829 23.6848
650 3.21045
137 -5.60068
769 23.0054
976 96.4521
642 2.40869
447 -2.05069
692 6.16418
1036 20.468
738 2.5799
367 -2.38812
1187 23.5625
876 28.832
750 5.32727
742 3.45709
1221 36.5181
860 4.82886
323 -2.11685
853 8.12769
119 -5.63596
466 -2.96194
505 -1.29318
753 16.3365
471 -2.87894
398 -2.31427
367 -2.38736
908 9.32227
2 -46.585
678 3.22791
811 141.803
51 -44.7673
834 7.52869
913 121.036
129 -16.1204
907 10.4213
742 3.45746
720 12.4222
345 -2.58868
549 -3.14673
742 3.45697
48 -4.09628
761 22.9768
932 33.2167
385 -35.4093
628 7.01538
1034 85.2467
425 -1.92685
794 23.7518
47 -42.9252
693 7.82751
422 -31.0574
94 -19.8668
754 2.95703
928 12.9537
818 18.5958
703 2.21039
14 -39.9353
391 -2.49609
641 2.03131
1037 14.2588
302 -5.47238
274 -3.94339
656 3.10797
741 3.3822
1199 25.6953
924 175.388
658 12.8699
337 -2.50266
164 -11.8536
541 -1.38757
695 25.7349
73 -41.9671
339 -2.63885
347 -2.62863
872 28.5526
800 4.23889
460 -14.3787
317 -5.98544
549 0.022522
641 5.7486
1205 27.1775
386 -2.49988
208 -15.4416
441 -2.04239
733 7.3584
991 90.8885
464 -21.4398
668 2.69476
250 -35.2899
1187 23.9142
198 -4.63515
735 18.088
155 -13.9652
664 11.3798
813 4.26367
370 -32.7845
699 4.72229
1198 23.3683
238 -7.71944
280 -2.54886
973 11.6861
291 -2.87964
401 -32.3609
305 -2.75342
741 2.79169
1142 22.1372
757 20.7388
729 7.07733
610 6.39886
307 -23.072
814 3.48938
1128 17.4629
416 -1.05533
714 9.34546
227 -38.8055
813 18.6649
686 13.1444
984 10.7427
649 1.95203
666 2.54791
809 -53.1343
924 175.402
876 8.66455
164 -14.0026
152 -13.2514
726 1.66931
210 -5.05991
691 10.3147
648 1.88116
775 19.5395
372 -38.4878
700 12.8097
1205 15.5428
886 26.6731
1071 24.7725
348 -1.74844
836 126.263
658 15.2878
842 12.0267
452 -1.05103
511 -0.0384521
675 51.8123
326 -35.9124
831 12.5026
678 38.7906
1093 22.9515
1170 23.132
881 174.168
747 11.6995
140 -21.4445
337 -17.9346
697 2.41992
241 -4.39172
741 2.79913
250 -35.2941
812 4.2663
249 -4.34863
337 -17.9428
432 -1.87228
316 -7.57349
1231 110.565
256 -4.17549
90 -52.7853
913 121.025
314 -2.87747
908 9.32208
714 9.34497
241 -4.39087
736 3.32245
1068 82.0109
212 -4.88934
838 14.5736
160 -6.36548
749 2.85718
725 18.6456
176 -13.4833
853 8.12085
840 25.9667
724 11.4825
639 1.79926
1122 28.7742
135 -5.18324
225 -3.82054
606 6.10077
939 33.7557
854 69.4305
1152 23.8851
169 -10.1987
413 -2.04504
854 66.9206
265 -7.83185
212 -4.69742
243 -4.4498
205 -40.0857
689 9.35071
464 -2.81467
729 2.67999
728 2.2135
780 23.227
1063 71.821
757 22.3234
906 32.6295
417 -2.01877
834 7.53204
113 -44.242
127 -16.4055
216 -39.1493
417 -2.01913
872 9.23895
684 7.52277
358 -36.4171
842 14.8544
875 236.033
908 9.32336
671 2.08661
206 -5.06943
148 -5.75082
612 5.65442
811 20.8534
65 -28.0624
657 2.53882
721 4.52429
233 -19.0541
771 22.9824
139 -17.2682
791 23.7346
503 -0.807526
679 48.8318
106 -20.6622
669 5.62561
389 -2.53506
1069 20.7073
680 8.24188
207 -4.98427
116 -17.5748
257 -3.41039
808 20.8204
665 4.45209
274 -3.94357
749 3.2998
820 5.57855
892 36.4382
61 -44.6472
332 6.37036
660 2.42114
772 3.62671
207 -4.82253
367 -2.38815
913 121.016
1127 21.4844
62 -43.6326
505 -1.32654
273 -3.97897
435 -2.21799
454 -0.79184
76 -42.3497
188 -17.801
396 -2.24411
673 0.913391
1066 21.0443
149 -14.3713
250 -35.2917
570 1.06567
116 -17.5755
692 0.801758
252 -9.61299
137 -16.5975
383 -8.80374
602 -1.20288
728 2.25775
462 -20.1346
671 2.09058
1064 15.16
853 12.3085
760 22.2692
341 -2.11316
178 -11.426
131 -5.91639
386 -2.49582
813 18.6644
190 -11.8185
810 22.2823
697 8.45514
701 10.5013
829 14.7665
785 3.33807
462 -1.65591
657 3.31927
811 -0.840759
913 121.098
694 28.2698
848 4.67877
904 31.9652
1114 16.2075
701 10.4816
248 -4.37468
666 5.26068
857 21.7499
1115 21.8846
742 3.45721
151 -5.83134
799 -23.9164
145 -5.25691
963 12.2234
1006 13.1074
646 7.47815
419 -1.02118
1128 29.9106
221 -4.77019
826 12.6096
313 24.2887
724 1.6012
665 9.36212
449 -1.60663
135 -5.18326
343 -1.86865
1223 24.4644
286 -27.3611
574 0.0213013
245 -4.15883
673 6.01056
729 2.97266
653 3.10669
433 -0.306213
384 -31.3326
694 15.0283
747 2.80469
418 -1.9783
892 19.2034
773 22.2105
1029 18.4768
648 9.53711
759 3.12433
284 -2.78806
757 22.3181
837 25.4454
93 -45.5569
436 -1.95291
775 19.5245
5 -47.8697
733 4.83856
307 -23.0706
649 2.86829
708 10.0317
1215 18.5581
701 30.2703
248 -4.39496
756 2.53424
497 -6.43509
550 -2.94995
1039 50.3207
288 -35.0554
133 -14.4831
1225 18.005
751 12.3793
312 -3.31464
361 -9.30981
833 4.86304
802 3.33636
876 115.636
414 1.80765
173 -10.5856
1029 19.7966
751 8.30255
179 -10.27
988 12.4685
324 -28.262
530 -1.58868
1133 30.2561
1059 14.9597
972 10.2556
155 -5.70778
188 -24.3842
798 20.9831
154 -5.7112
903 29.5236
342 -4.69736
775 19.534
814 26.8276
665 3.72021
854 69.2402
811 2.02728
741 3.38617
248 -4.39467
785 3.33978
239 -4.2612
1127 22.3055
272 -5.85538
440 -2.15771
455 -1.22272
1000 11.854
1063 71.902
281 -2.60367
1063 21.0958
324 -1.91147
301 -26.3027
937 15.6846
770 3.43878
827 21.8701
1008 16.1544
965 11.3044
665 11.5317
365 -5.67783
217 -4.00841
187 -50.5779
190 -42.6799
250 -35.2889
653 3.49371
338 -2.61676
33 -36.625
981 89.1718
1233 28.2878
801 1.09186
818 19.4517
1204 15.5801
157 -5.69614
279 -3.03897
740 2.79102
409 -2.15247
37 -48.2744
93 -45.5555
365 -2.73547
640 5.60828
892 10.1856
165 -46.1566
694 15.0264
597 2.00739
69 -26.476
673 4.31299
766 6.91742
362 -2.74432
865 288.011
351 -1.62155
524 -3.34991
802 1.78107
896 15.463
642 1.86499
1210 135.547
592 0.954102
896 15.4714
776 17.7552
319 -6.63239
129 -15.9657
889 11.6153
398 -2.31454
336 -2.31366
471 -20.9355
919 34.1638
887 28.8148
201 -5.14714
1021 15.201
854 33.8837
37 -41.4805
265 -7.85663
386 -2.49768
226 -38.7982
238 -2.58629
1053 84.0378
306 -7.91666
759 3.11853
814 26.8255
671 2.09064
214 -4.87225
729 2.65192
887 60.8557
342 -2.20749
693 10.881
61 6.53091
1206 27.676
418 -1.85013
954 35.4218
154 -35.1218
725 12.8748
383 -17.9263
163 -13.9826
261 -4.67685
891 31.1196
1226 26.7007
1161 24.2213
1149 16.9847
476 -2.81714
447 -15.3221
970 9.95819
210 -11.4465
1082 21.8567
892 197.786
1141 69.2709
792 10.1245
771 22.9847
1179 24.6195
312 -12.7495
1015 68.4548
372 -2.48148
893 19.2661
425 -1.94525
299 -6.97629
206 -4.82404
781 23.4236
714 9.34698
148 -16.0688
892 195.797
1068 15.325
1040 8.60486
873 8.56555
717 10.3788
841 11.9153
757 22.3167
1036 16.4818
1062 20.3605
278 -2.69824
746 8.88007
772 23.1193
71 -42.839
654 1.96228
819 31.3536
1060 20.5519
409 -2.09177
1015 73.0071
883 9.97052
421 -0.996216
741 3.48834
660 10.9994
684 27.3986
174 -23.8864
374 -38.6568
201 -3.94913
666 9.263
134 -5.15308
769 22.5366
299 -7.43112
715 35.8647
2 -38.477
1109 21.2777
339 -2.63992
257 -4.18874
940 141.079
217 -35.893
981 10.604
964 9.6886
1038 20.4867
219 -10.3884
875 10.0956
682 3.99731
845 12.3633
757 10.5736
742 13.4409
687 4.76837
700 1.27551
701 7.7934
775 19.5421
1115 21.7411
745 3.87958
686 7.88428
1032 13.6072
227 8.2175
986 12.5344
711 15.1674
145 -5.25961
228 -4.04097
612 5.67102
1063 71.7919
842 121.28
664 2.89874
741 2.54706
236 -3.94456
822 8.34296
183 -44.5847
1145 22.5292
759 3.13513
1134 30.6709
816 22.14
693 7.09497
694 9.04059
337 -2.83942
462 -0.789368
35 -41.5995
834 25.0508
891 31.1194
215 -4.83116
534 -0.547241
1063 71.8521
322 -2.53519
759 3.10248
708 6.85852
476 -2.81268
47 -37.4677
1226 26.7002
667 39.7095
352 -17.185
233 -4.4904
829 4.42883
198 -4.65279
1115 21.7356
1030 17.9897
776 9.8385
981 91.3772
833 19.8973
766 3.78101
159 -13.9426
785 23.4734
776 17.7809
1059 18.6901
725 16.2504
499 -0.972565
235 -4.4791
436 -2.21838
339 -2.33966
878 7.71307
804 21.2165
714 9.34497
961 105.668
674 10.1344
728 11.1325
1107 22.6039
159 -14.2928
339 -2.62073
775 19.5231
794 23.7673
857 21.7457
1091 22.8784
327 -3.19098
892 195.858
908 32.8417
269 1.25192
785 3.33838
390 -36.1797
378 -22.1734
176 -13.636
707 21.9623
244 -3.38657
185 -10.5313
1175 24.4924
697 10.2534
21 9.19065
822 8.3454
697 2.41998
1088 25.5955
237 -4.50388
733 3.20532
337 -2.52597
558 1.12201
756 10.7762
891 31.1198
726 16.4159
1093 22.9526
714 9.35052
684 4.30212
1074 18.5554
812 4.26599
290 -4.38168
659 8.42712
786 3.84296
670 41.8992
659 2.45892
227 -38.8085
799 5.22369
746 3.19415
842 11.8139
908 9.32452
841 7.69427
106 -5.26826
676 6.25244
680 10.7711
828 23.3143
730 2.44861
363 -40.135
376 -21.4503
849 8.39911
759 3.12958
904 8.01196
1180 20.953
785 3.33844
463 -2.78168
1203 14.6583
1115 30.868
827 22.2166
730 2.87689
1217 22.8739
1047 77.3623
93 -45.4788
511 -0.167206
269 1.2572
208 -21.5579
380 0.979675
44 -56.6268
877 254.572
716 14.829
1139 16.9132
861 135.19
878 7.71228
1226 26.7015
671 2.09039
936 121.23
71 -42.8386
379 -2.43604
1062 15.2432
503 -4.91309
845 227.298
93 -45.5547
800 0.416748
1052 78.7261
1120 21.63
945 11.0709
731 2.63849
450 -1.23523
1004 12.9388
783 7.78784
672 5.81366
705 1.46393
46 -46.4474
303 -3.64761
44 -46.8242
121 -4.93179
694 7.5603
534 -0.545959
155 -5.49284
967 11.387
894 6.80835
666 3.38678
371 -1.97519
725 9.57758
829 4.58917
1063 21.0967
238 -4.13269
560 0.997559
1063 71.9061
354 -1.7894
830 23.4427
876 8.66406
88 -45.2712
234 -6.45923
255 -15.0097
353 -1.46069
636 8.71368
697 2.42047
739 12.0604
465 -3.03903
227 -38.8082
337 -1.77176
667 4.87335
999 68.2975
325 -6.67511
758 22.2503
252 -10.8218
765 3.41675
919 6.43677
757 22.3163
446 -2.04929
99 -17.3039
327 -3.19186
315 -4.57083
783 7.78784
1029 19.7964
295 -3.39871
298 -7.84988
636 8.72229
373 -2.5379
501 -0.804596
436 -2.21368
735 30.5769
1044 23.4316
15 -39.1483
381 -2.52127
742 3.45758
712 14.898
308 -6.15451
756 10.7748
853 8.11456
775 11.3839
1038 66.0443
194 -41.4748
347 -33.2919
942 12.1553
813 22.5833
785 3.34113
1124 30.1206
732 7.04138
85 -53.2408
169 -11.2698
266 -3.98853
741 2.84979
14 -40.4859
748 18.7571
875 10.0958
727 2.34003
854 70.2837
665 11.5375
335 -1.85571
758 4.04346
729 6.93848
1 8.79923
920 184.753
519 -1.06659
805 2.56671
708 13.0051
706 6.71008
656 15.5433
451 -0.875214
806 15.8589
252 -9.59441
735 29.9595
145 -5.2583
827 22.2173
594 1.36676
320 -2.70932
1202 28.8932
440 -2.15842
291 -22.3193
980 104.466
684 4.1817
766 3.48822
123 -4.90813
56 -31.6463
327 -3.19086
824 4.89221
221 -14.6112
1059 18.6895
185 -10.5602
426 -2.08209
1030 16.536
851 122.284
250 -35.2915
89 -20.212
1037 75.6415
289 -4.38196
666 4.57629
347 -1.88
872 9.23853
196 -4.66975
1054 56.9878
237 -4.46744
739 21.1552
844 6.69867
269 -32.325
329 -6.41522
346 -26.304
847 34.6252
413 -1.92484
162 -9.81209
738 3.43604
505 -1.26968
805 21.2559
682 8.17291
450 -1.05072
776 17.7535
739 3.38617
684 15.4711
641 5.75134
297 -8.86374
37 -37.2901
274 -3.94254
674 5.33167
414 -29.407
868 27.6897
1167 162.061
818 47.0886
48 -4.02271
396 -2.24371
199 -15.9964
1100 23.082
147 -14.3994
829 22.7411
314 -2.84155
746 8.87958
947 11.5433
940 141.202
762 -25.2342
1085 88.7061
626 0.656189
716 1.92065
516 -0.212769
836 23.3737
811 -49.241
1015 15.92
474 -2.89517
818 21.6814
827 12.6126
148 -46.9856
862 9.77417
757 10.6599
37 -20.6136
877 29.0147
860 8.87384
949 11.166
848 8.25439
272 -3.85336
827 21.87
332 -5.38922
70 -26.9848
338 -3.11307
167 -9.57979
681 3.70374
689 3.42584
812 33.7762
286 -11.5736
684 4.32251
878 7.71216
324 -2.95358
405 -1.68896
809 14.1034
1008 89.6716
428 -7.7854
60 9.04659
444 -2.01953
543 -3.75757
864 26.8807
1203 23.8149
578 0.25885
1242 34.4797
804 22.23
266 -3.98648
756 10.7782
277 -2.95456
1068 82.0139
511 -0.0384521
328 -2.48126
106 -5.26846
840 26.4094
471 -2.91315
739 21.1578
208 -21.554
323 -7.37897
290 -4.38452
218 -4.77107
814 26.8276
956 10.1013
1093 22.9517
712 11.7473
348 -3.39105
458 -0.679443
745 3.87988
638 1.73108
297 -6.73892
176 -13.4779
682 7.12
432 -1.043
686 13.019
481 -15.832
812 17.4873
704 25.7469
686 3.34351
815 3.96234
907 9.39294
1151 17.1154
792 3.87982
371 -2.52267
746 3.21301
693 26.316
891 31.1051
835 7.22089
813 26.948
1038 16.874
1084 20.9474
1219 30.1284
668 4.96069
50 -24.8305
831 5.18225
674 50.0897
6 -44.0487
643 8.87317
657 15.4725
966 12.3047
813 0.623779
634 8.78735
677 7.76544
32 -32.9507
189 -43.0841
185 -10.3858
919 7.62549
400 -2.19586
662 6.61975
656 2.90723
797 24.4312
157 -5.63684
192 -23.5353
656 8.74939
702 6.31146
214 -39.2696
818 -5.41974
249 -4.10609
160 -54.8642
618 0.740967
550 -2.95337
262 -33.4774
1130 30.1888
786 3.5105
851 22.9572
273 -6.96225
639 5.31775
290 -4.40045
854 69.7612
762 1.19489
973 102.973
742 3.4574
900 7.14288
807 23.9716
999 70.6746
825 22.3002
779 3.48083
337 -17.9285
1134 30.6703
160 -5.98659
219 -14.765
619 9.13177
827 21.8711
692 7.78577
360 -2.73486
764 18.2332
349 -1.78537
338 -2.65225
