591 -0.0755005
596 -0.0761719
591 -0.0755615
605 -0.09021
624 0.13501
711 0.424072
413 -46.7332
635 0.193665
611 0.148682
605 -0.0891113
865 0.907593
448 -35.0098
593 0.0735474
547 -3.42883
667 4.27258
591 -0.0756836
169 -19.4995
551 -3.04834
408 -45.9384
549 -3.2851
623 0.169739
864 0.966553
620 0.222656
526 -4.53821
711 0.424316
368 -56.4246
185 -18.5166
878 1.00311
955 4.09399
610 0.152039
611 0.147461
540 -3.60974
413 -46.7309
865 0.907593
484 -1.12448
895 1.07715
635 0.194153
564 -1.56573
635 0.191589
464 -1.31808
524 -4.54382
865 0.907593
372 -55.08
614 0.0342407
564 -1.6062
909 1.11743
714 0.501831
555 -2.64282
894 1.08759
416 -18.382
526 -4.53772
667 4.2746
560 -2.38776
549 -3.13678
485 -1.10562
648 0.243896
611 0.140991
972 2.41693
473 -1.13644
667 4.27435
611 0.148987
635 0.194885
561 -2.41772
611 0.133362
667 4.27264
865 0.907593
423 -44.307
482 -3.23959
878 1.00525
473 -1.13651
895 1.07904
413 -46.7315
464 -1.31808
571 -0.00421143
991 1.80585
504 -1.36292
909 1.11694
719 0.415283
475 -4.40353
622 0.188843
627 0.245056
684 1.85333
483 -2.89413
464 -1.31802
483 -2.89417
473 -1.13574
312 -11.6709
731 1.59387
865 0.907654
483 -2.8941
625 0.15625
611 0.145813
564 -1.60742
895 1.0802
727 1.11456
560 -2.34735
312 -11.6714
564 -1.60632
620 0.210266
483 -2.89444
474 -1.30856
560 -2.46515
675 11.5877
453 -2.69733
385 -54.8402
473 -4.69955
571 -0.00421143
464 -1.31107
564 -1.59766
483 -2.89401
367 -56.4969
554 -1.21136
895 1.07825
675 11.5806
667 4.27264
932 1.3053
619 0.182495
789 0.74762
909 1.11652
368 -56.4245
567 -0.767029
759 0.635864
526 -4.5401
653 0.255188
884 1.04181
933 1.34656
711 0.419861
741 16.459
770 0.596069
955 4.12073
180 -12.0222
909 1.11377
665 4.1734
564 -1.60632
623 0.173096
612 -0.0734863
909 1.11774
419 -3.18674
1084 350.617
425 -2.93497
571 -0.00421143
955 4.09564
933 1.34662
367 -57.7279
479 -4.06711
1012 1.48956
480 -3.9697
524 -4.54474
876 0.999939
483 -2.89447
312 -11.6709
564 -1.60583
1012 1.4895
437 -1.98663
565 -1.88232
151 -20.2818
560 -2.44122
744 1.5708
780 0.67511
675 11.5811
895 1.07642
473 -1.13669
653 0.270081
478 -3.6579
149 -20.3149
979 2.12811
437 -1.98679
1084 350.981
675 11.6256
909 1.11298
453 -2.69568
368 -56.4247
955 4.09644
447 -34.8016
571 -0.0045166
437 -35.811
935 1.30524
282 -3.74625
981 1.99127
464 -1.33151
945 10.3776
276 -5.06033
269 -5.30258
460 -31.7376
560 -2.46704
491 -1.06219
198 -19.0225
440 -35.9
711 0.463013
653 0.255493
635 0.191467
237 -5.80473
610 -0.0773926
198 -19.0225
675 11.5801
569 0.0847778
278 -5.14798
464 -1.31805
768 0.642334
571 -0.00439453
865 0.907593
955 4.11591
574 -1.09143
780 0.6745
909 1.11646
276 -5.04599
447 -34.7854
101 -23.142
684 1.05768
583 -0.00396729
491 -1.048
675 11.5802
473 -1.13568
447 -34.649
924 1.22357
609 -0.0884399
485 -1.1066
437 -1.98669
364 -4.6438
687 0.893433
453 -2.69507
537 -3.77979
620 0.225342
345 -4.81207
367 -56.497
670 0.549011
576 -0.307129
684 1.04156
372 -55.0786
611 0.148132
684 1.05786
413 -46.7234
912 1.17126
865 0.907654
473 -1.13565
561 -1.25049
277 -3.38589
759 0.635864
784 0.632324
974 2.58044
437 -1.98682
178 -10.733
210 -6.44261
659 0.291748
611 0.14917
437 -1.98669
199 -19.2723
611 0.141113
434 -39.5202
195 -19.1673
442 -2.49829
675 11.5789
653 0.25592
449 -1.31351
101 -23.1143
419 -3.18958
584 0.0098877
955 4.1156
955 4.11847
566 -1.37384
345 -4.81116
865 0.907593
991 1.80627
972 2.25085
741 16.4577
324 -4.10248
360 -4.75476
571 -0.00421143
667 0.437012
942 1.72998
495 -1.19058
277 -3.38507
955 4.11407
684 1.05774
603 -0.0656738
473 -1.13593
675 11.5883
423 -44.3073
448 -35.0099
367 -56.4967
377 -54.8696
453 -2.69754
169 -19.5023
684 1.05798
684 1.03119
437 -27.977
566 -1.51605
667 4.27429
206 -18.796
497 -1.00494
814 0.521973
684 1.05823
382 -6.0054
490 -1.06885
1041 368.025
563 -1.77393
447 -34.8004
483 -2.89496
355 -53.7267
683 13.7302
282 -3.74615
487 -16.9994
668 0.577881
470 -25.6315
684 1.03406
865 0.907593
464 -1.3132
367 -56.4494
601 0.0692139
1199 218.698
240 -5.79617
684 1.04089
758 0.611633
282 -3.745
423 -3.02716
564 -1.5976
473 -1.13574
687 0.893494
224 -15.3732
955 4.11719
795 0.69989
179 -11.9982
423 -44.3071
470 -25.7514
687 0.893494
436 -39.2645
362 -4.69632
865 0.907654
477 -28.548
198 -19.0226
262 -5.37823
479 -4.08395
470 -25.7559
561 -0.492004
243 -5.71024
206 -18.7962
717 0.430481
413 -46.7257
894 1.08777
470 -25.8788
1041 368.832
367 -57.7247
780 0.674805
199 -19.265
314 -4.23688
564 -1.6051
206 -18.7955
611 0.142273
483 -2.8942
635 0.191467
477 -28.4799
419 -3.18884
195 -19.1669
580 -0.0609741
381 -6.02014
576 0.0484009
464 -1.31525
571 -0.00445557
276 -5.0459
372 -55.0797
437 -1.98676
282 -3.74655
207 -18.7597
282 -3.7453
438 -40.2487
381 -6.02649
442 -2.50531
622 0.221191
195 -19.1665
314 -4.22525
437 -1.98685
477 -28.546
324 -4.10098
269 -5.18292
280 -5.12796
467 -26.1637
635 0.195435
449 -1.30844
281 -3.75687
486 -2.10529
211 -16.1539
348 -57.6697
684 1.04108
731 1.40845
793 12.8276
449 -1.32565
523 -5.4538
285 -5.06299
434 -2.24997
274 -5.17999
437 -1.98666
312 -11.6716
991 1.80627
453 -2.6972
481 -3.51202
282 -3.74612
1041 367.731
367 -56.4964
467 -27.8716
1012 1.48956
1237 186.252
448 -38.2513
420 -3.14853
254 -5.51974
282 -3.74612
477 -28.4876
528 -4.69147
276 -5.04645
477 -28.5391
1164 272.22
345 -4.81161
307 -4.31378
1012 1.48944
681 13.7281
635 0.192749
610 0.149475
276 -5.04642
383 -6.48645
884 1.05786
814 0.521912
186 -19.5386
298 -4.51245
81 -29.4688
276 -5.0459
653 0.255554
278 -5.11249
591 -0.0756226
479 -4.09036
183 -17.1889
65 -27.2478
302 -4.41882
526 -4.54022
259 -5.50868
523 -4.59656
276 -5.04596
527 -3.82825
491 -1.06335
442 -35.5199
282 -3.74857
293 -4.73529
182 -19.8662
675 11.5807
814 0.522095
70 -27.6057
254 -5.52005
506 -8.51251
294 -4.7894
270 -5.31317
297 -4.61026
564 -1.60583
387 -45.0303
665 0.355042
735 1.58331
564 -1.61047
442 -2.49899
675 11.587
179 -11.9903
636 0.214783
184 -19.4361
475 -3.91873
562 -1.93176
309 -4.31088
198 -19.0204
684 1.04095
687 0.893372
485 -2.19733
101 -23.0869
453 -2.69525
1165 278.317
282 -3.74503
433 -2.43347
955 5.48071
269 -5.30182
569 -0.363525
611 0.144897
314 -4.25122
947 16.7097
679 13.4797
754 0.704285
437 -1.98666
453 -2.69687
383 -6.48624
673 0.645264
780 0.674988
398 -51.4265
731 1.58954
684 1.85193
254 -5.51988
611 0.141907
684 1.85229
633 0.26001
276 -5.06186
345 -4.81277
955 4.09827
492 -1.19467
864 0.966064
189 -19.601
594 -0.0511475
1154 286.065
587 -0.0328369
65 -27.924
305 -4.47424
714 0.50177
467 -26.1668
311 -11.7338
254 -5.51991
466 -30.0879
453 -2.6955
611 0.141907
368 -56.4247
610 0.151428
206 -18.796
179 -19.4567
825 0.549805
684 1.05792
731 1.57825
943 8.71924
276 -5.04593
345 -4.81216
312 -11.6712
443 -2.1058
381 -6.02084
277 -5.12607
436 -39.2881
171 -13.9872
226 -6.2612
276 -5.04578
370 -4.58316
381 -6.0202
687 1.75659
439 -39.6582
524 -0.831787
71 -27.6039
243 -5.71022
311 -11.6563
209 -7.63335
335 -4.46735
592 0.0635986
81 -29.4706
564 -1.57684
195 -19.1668
802 16.5681
287 -5.04977
276 -5.04605
883 1.05554
524 -0.831848
526 -4.53986
831 13.7293
676 0.576477
324 -4.10233
492 -1.13318
524 -4.54395
181 -15.4587
193 -16.2048
1213 212.804
623 0.181946
485 -1.10587
206 -18.7956
419 -3.18878
326 -7.01187
310 -4.34607
66 -28.6731
524 -4.54486
582 -0.0852661
466 -34.8127
687 0.893616
419 -3.18704
488 -1.77515
279 -5.15256
524 -4.54315
305 -4.36597
477 -28.4846
1154 285.322
448 -34.9846
503 -0.831879
277 -3.39505
554 -1.16638
1167 251.388
198 -19.0212
367 -56.497
312 -11.6712
1012 1.4895
571 -0.00421143
359 -4.74451
683 1.07654
1213 212.684
207 -18.7657
345 -4.81229
81 -29.4696
544 -3.53601
268 -5.30148
395 -53.0582
958 16.8934
54 -24.2657
264 -5.32568
427 -46.5238
432 -2.65558
942 2.24072
382 -6.0051
675 11.579
390 -4.8056
1199 218.796
600 0.125732
684 1.02936
1156 264.954
707 0.472473
580 -0.100708
387 -50.7438
281 -3.75757
163 -19.5242
220 -15.3206
443 -35.2312
800 0.765869
281 -3.75574
198 -19.2082
876 0.985596
590 0.0286255
932 1.30756
731 1.59064
938 1.38037
1202 237.053
345 -4.81226
324 -4.10342
714 0.518127
1217 197.587
448 -35.0096
199 -19.3219
489 -1.07764
1167 252.912
526 -4.54016
390 -4.80621
744 17.7239
308 -4.3208
442 -2.49826
599 -0.012146
201 -19.1538
311 -11.7337
675 11.6026
167 -19.3733
631 1.65845
425 -46.5779
504 -1.33969
101 -23.1419
1041 368.066
315 -4.22528
687 0.89325
348 -57.6688
184 -17.9645
429 -2.84976
467 -26.1639
884 21.1948
884 21.1951
635 0.194519
492 -1.56259
477 -32.7575
711 0.424316
207 -18.761
280 -5.11295
307 -4.46487
243 -5.70992
277 -3.3949
437 -1.98676
447 -2.30591
564 -1.60577
711 0.4375
262 -5.36353
276 -5.04648
1012 1.48956
725 0.706909
453 -2.69757
1177 233.625
419 -3.18951
430 -40.8184
1226 199.829
437 -1.98679
280 -5.1301
460 -7.48129
734 1.58698
571 -0.00445557
453 -2.69669
405 -10.3969
281 -4.89465
1041 369.013
462 -1.3515
419 -3.18961
396 -51.2064
927 1.24268
195 -19.1664
405 -7.57544
1091 346.711
57 -27.9655
686 13.3991
345 -4.81161
483 -2.59021
243 -5.71013
854 0.858948
359 -4.76413
206 -18.7916
432 -2.71362
281 -3.75613
310 -4.42392
416 -18.3877
276 -5.04584
312 -11.671
101 -23.1143
223 -6.2113
749 20.3819
687 0.893311
1177 233.817
684 1.05786
276 -5.04633
302 -4.42001
1154 285.978
711 0.466431
784 0.625671
503 -1.34158
243 -5.70999
206 -18.7923
970 2.48859
635 0.19635
711 0.466919
207 -18.7476
494 -1.12466
608 0.181213
837 0.63324
414 -3.34708
401 -3.47726
298 -4.58002
390 -4.80569
593 -0.00585938
411 -3.35712
345 -4.81345
543 -0.417236
386 -6.64807
453 -2.69556
476 -4.09769
463 -32.6022
307 -4.29065
86 -11.1871
58 -34.5091
254 -5.51685
279 -5.13388
780 0.674927
749 20.3745
260 -5.43437
1170 261.413
477 -28.8235
246 -5.84532
303 -4.42844
487 -1.08093
477 -28.8091
554 -1.16656
254 -5.52007
301 -4.41565
567 -0.423401
102 -23.0141
569 0.0844727
418 -3.35623
294 -4.28244
419 -3.02429
345 -4.81271
1091 345.798
687 0.893311
604 -0.0718384
210 -16.272
52 -24.7623
81 -29.4713
367 -57.7244
278 -5.14664
362 -4.69485
421 -3.29147
543 -3.38965
453 -2.69553
53 -24.5516
243 -5.71008
524 -4.54382
411 -3.3587
263 -9.92007
410 -3.35422
564 -0.57489
594 0.0578613
243 -5.70998
400 -51.2249
213 -6.43262
478 -3.59006
431 -35.1138
311 -11.7338
186 -19.5213
269 -5.30197
1154 285.959
392 -4.9946
1231 202.184
738 -1.05334
224 -15.386
345 -4.81226
416 -18.3871
380 -49.8007
496 -1.10001
86 -11.1858
711 0.465332
1154 285.37
1225 197.466
220 -15.3133
345 -4.81244
580 -0.122803
281 -3.75558
600 -0.069397
254 -5.52002
473 -1.13553
203 -19.0778
227 -6.16425
230 -6.01572
1202 239.694
196 -17.489
676 0.576538
100 -23.2156
487 -16.9879
466 -3.68671
270 -5.31146
403 -41.7077
526 -4.5401
557 -2.4566
581 -0.00323486
478 -4.24146
381 -6.02032
1157 271.517
324 -4.10211
267 -5.25977
467 -26.1667
1167 251.475
272 -5.04572
265 -5.34229
416 -18.3881
676 0.578552
635 0.195312
526 -0.963074
306 -4.35049
453 -2.69513
387 -45.0294
597 0.0124512
625 0.200256
268 -5.30249
571 -0.0045166
682 4.8219
719 0.415283
592 0.00946045
377 -54.8735
631 0.254578
308 -4.32059
679 13.7438
95 -23.723
150 -21.4599
467 -26.0979
505 -1.30658
413 -46.7342
220 -15.3148
282 -3.75366
465 -2.65686
281 -3.75626
314 -4.26428
589 0.00482178
676 0.578796
453 -2.69754
524 -4.54376
265 -5.34448
611 0.14801
211 -16.1538
620 0.211426
473 -25.7705
298 -4.56354
282 -3.74728
437 -1.98666
590 0.0369873
206 -18.7924
359 -57.7766
841 -58.4932
391 -5.09305
312 -4.26056
101 -23.0872
490 -1.08221
955 4.10321
345 -4.81308
310 -4.34619
301 -4.46558
517 -5.02747
107 -23.1806
9 28.5239
526 -4.53992
1216 200.538
395 -49.9049
387 -45.0293
314 -4.26273
440 -2.15793
724 11.7719
437 -2.16425
254 -5.51988
514 -4.07904
401 -23.9202
735 2.2652
591 -0.0457153
390 -4.80481
524 -0.835571
473 -1.1358
714 0.501709
334 -6.81473
331 -6.85547
299 -4.48026
1185 248.704
967 1.56586
398 -7.49673
432 -2.7139
688 13.7285
81 -29.494
740 1.94012
458 -26.0498
700 0.913879
684 1.02948
447 -38.887
493 -1.289
731 1.59564
266 -5.33505
458 -26.0217
477 -3.49725
423 -44.3075
81 -29.4908
786 11.9369
735 2.26611
345 -4.81232
438 -40.2492
392 -4.995
487 -16.984
437 -2.17862
494 -9.16925
437 -1.98666
309 -4.31339
390 -4.80475
682 4.82153
788 12.1536
223 -6.21133
308 -4.3204
814 17.3431
483 -2.89731
330 -4.13803
438 -2.367
969 2.0647
484 -3.57767
737 -1.01965
348 -57.6695
194 -17.6278
415 -3.3414
417 -3.35062
430 -36.2957
687 0.893555
247 -5.85498
597 0.0205078
771 17.685
588 0.0342407
674 0.555237
323 -4.11191
783 0.649475
314 -4.26404
468 -4.53052
564 -1.60815
1187 224.953
477 -3.5029
698 1.2785
135 -22.5448
1154 285.343
194 -17.5352
895 1.08728
423 -44.3072
978 2.3031
206 -18.7959
663 0.330017
539 -3.68097
742 2.0321
490 -1.08185
611 0.167969
269 -5.30179
509 -0.655792
1177 233.594
542 -0.455322
221 -15.4106
185 -18.51
1202 238.212
814 0.522034
484 -2.88025
592 0.053833
386 -5.51144
176 -17.5885
438 -40.2533
367 -56.4874
870 19.5149
1202 237.044
449 -38.6441
406 -5.42838
487 -16.9871
611 0.147888
383 -6.56952
218 -6.5004
492 -1.65237
1154 285.344
571 -0.00421143
473 -1.13629
676 0.576416
180 -5.37378
710 0.479431
465 -35.4869
308 -4.3212
1193 239.18
101 -23.0867
85 -7.06469
653 0.270508
560 -0.227966
777 19.5082
1177 233.584
680 4.59692
314 -4.25705
944 1.37347
420 -35.6248
711 0.467102
285 -9.78299
880 17.2551
464 -1.31097
467 -26.1664
694 1.08502
711 0.465759
58 3.9656
480 -4.09412
352 -49.8211
1181 254.892
684 1.04077
398 -6.90921
677 1.97302
296 -4.5838
955 4.09473
780 0.675049
627 0.229126
680 4.64392
192 -18.273
1231 202.198
458 -25.9887
173 -17.3106
837 0.640076
638 0.210449
278 -5.14703
278 -5.15466
438 -40.2519
363 -5.23523
1168 265.119
470 -4.46512
300 -4.45883
277 -3.38544
819 0.533447
991 1.80615
384 -50.6491
313 -8.65732
310 -4.3905
71 -27.6175
305 -4.35236
169 -10.696
419 -3.18967
390 -4.80493
54 -24.128
218 -8.40962
379 -6.6123
81 -29.4772
1155 258.573
387 -45.0298
260 -5.4173
815 -20.0403
309 -4.31018
312 -4.30164
481 -3.37363
174 -20.0346
198 -19.022
329 -30.341
392 -4.99438
303 -4.4632
151 -20.2815
1154 285.976
958 16.8929
524 -0.832458
827 0.838745
215 -16.25
383 -6.57001
193 -16.1584
266 -5.28986
1237 186.222
324 -4.10165
544 -0.421875
367 -5.23294
194 -17.4627
311 -11.7339
266 -5.26941
631 0.249634
243 -5.71005
412 -3.40054
477 -22.3283
24 11.6771
1054 366.033
876 0.955566
345 -4.81226
827 0.837524
322 -4.39664
675 11.5791
262 -5.35254
269 -5.30063
367 -4.47772
1204 215.662
382 -6.00616
1177 233.594
635 0.195618
430 -39.3804
248 -11.5878
175 -2.32309
1213 212.667
1155 255.914
448 -35.0098
438 -40.2484
653 0.256165
219 -15.4312
265 -5.33783
1202 237.086
1154 285.976
46 -28.7181
220 -15.3647
331 -3.97784
372 -55.1205
733 1.89874
723 7.97467
312 -4.27786
231 -6.09006
178 -19.0592
471 -4.07285
475 -4.48386
170 -19.0059
734 2.16547
491 -9.60855
676 0.578674
467 -26.0974
977 2.43988
317 -4.15405
433 -36.2756
437 -1.98685
533 -4.32477
547 -3.46887
174 -2.35628
324 -4.10269
199 -5.94919
81 -29.4715
207 -18.7541
276 -5.04608
955 4.11627
673 0.465637
1159 263.465
384 -6.39133
386 -6.64832
395 -51.2798
449 -1.31293
247 -5.86195
356 38.9992
878 0.971985
346 -6.00665
312 -4.27301
882 0.938049
81 -29.4688
220 -15.3212
1177 233.594
599 -0.00305176
1170 261.432
55 -27.6138
406 -5.40128
1206 229.142
1216 200.558
392 -4.9928
711 0.476257
308 -4.37561
578 -0.153442
505 -0.783997
34 -32.8911
324 -4.10364
415 -3.29117
814 0.522095
710 1.99103
1159 279.01
439 -2.39685
386 -45.1105
179 -12.0012
579 -0.0421753
226 -7.07515
69 -32.3541
97 -45.9262
593 0.0734863
958 1.8692
611 0.167786
348 -57.6696
464 -1.31042
741 16.4576
895 1.08032
311 -11.7339
218 -7.6996
454 -1.3949
1170 261.465
833 7.10632
692 4.77252
244 -5.87659
206 -18.7959
356 39.0063
205 -16.5774
390 -4.80017
107 -23.1793
313 -8.6366
253 -5.68355
684 1.0578
622 0.21759
698 11.0864
173 -18.4659
473 -1.1366
675 11.5871
99 -23.153
752 0.647156
446 -36.7956
487 -16.9889
291 -4.85654
367 -5.21365
1193 239.258
214 -15.4754
906 1.08081
870 19.517
77 -25.5589
732 2.01636
221 -6.8593
311 -4.2937
1041 368.828
54 -24.3767
136 -22.5702
1154 285.371
333 -4.56503
735 2.26379
313 -8.64386
698 11.0751
337 -6.66174
353 -5.81708
95 -23.7397
384 -6.39178
273 -5.01675
217 -15.4415
262 -9.82883
880 17.2527
424 -2.89731
653 0.255005
254 -5.51663
814 0.522095
301 -4.4407
185 -18.5165
588 -0.0335693
1154 285.328
1026 0.944824
351 -4.95248
309 -4.32138
264 -5.33636
571 -0.00463867
266 -5.2724
185 -18.5107
605 0.155273
438 -40.252
670 4.18567
175 -8.75912
706 2.0376
458 -1.48596
401 -48.2019
684 1.02826
406 -5.42706
179 -11.9995
853 14.1375
723 7.96899
784 11.8319
334 -4.55695
864 0.966187
493 -1.43835
177 -19.0647
691 2.22144
1041 368.828
384 -6.39139
633 0.220276
414 -3.37057
714 2.53583
545 -3.10437
260 -5.43582
507 -0.700745
835 -69.2433
329 -6.45895
331 -27.9489
814 0.522034
336 -4.80869
682 4.82178
663 10.0416
312 -11.6712
723 10.2993
276 -5.06494
450 -39.0069
438 -40.2517
834 0.660339
233 -6.40051
1202 236.755
814 0.522095
1192 242.622
407 -3.40247
1154 285.988
731 1.58954
312 -4.28812
70 -27.6039
162 -20.6234
309 -4.42648
367 -5.21304
253 -5.56354
71 -27.6106
442 -2.49796
258 -5.44258
404 -3.52646
864 0.966187
1140 303.732
195 -19.1667
176 -19.8901
549 -3.16486
506 -8.51245
734 7.79852
335 -6.76022
71 -27.615
404 -3.46597
809 6.82001
742 1.75879
862 3.13623
588 0.00762939
1203 222.04
712 -0.507019
676 0.578796
185 -18.5158
386 -5.51117
1237 186.261
491 -1.06027
783 0.65625
297 -4.49554
714 0.50177
772 16.1606
631 1.65839
367 -5.21313
930 1.25793
453 -2.69513
102 -23.2076
53 -24.5387
443 -2.35092
243 -5.71007
440 -6.86636
708 1.99316
442 -2.4975
723 7.97467
367 -56.4972
226 -7.07588
402 -3.53265
697 6.66541
448 -35.0098
419 -3.18887
1104 335.55
777 19.5071
405 -3.47952
314 -4.26297
723 7.97418
468 -4.49637
689 13.0728
386 -5.51144
1170 261.409
251 -5.65846
101 -23.0864
324 -4.10199
1213 212.652
909 1.11969
1177 233.577
387 -5.33994
327 -29.8152
769 0.904053
1154 285.38
784 11.8318
230 -11.0366
151 -20.2818
408 -3.36447
53 -24.5381
815 -20.03
363 -48.6558
525 -0.848328
331 -6.43951
488 -3.36703
101 -23.1127
169 -19.5024
384 -6.39142
356 38.9968
685 4.70319
1202 237.041
53 -24.5381
968 0.0835571
1193 239.238
136 -22.5611
400 -6.29623
737 17.4984
494 -3.38165
446 -38.5529
758 0.611572
770 8.27856
448 -6.89743
269 -5.3074
363 -5.37183
652 0.2276
440 -11.9717
769 0.904175
466 -22.6242
422 -2.93619
410 -3.41318
667 4.27472
636 0.225403
1229 192.186
772 16.1614
384 -6.39172
88 -26.4595
670 4.2417
1223 205.794
685 4.79181
324 -4.1026
427 -38.7343
427 -44.1727
300 -4.4231
827 0.837524
331 -3.97833
354 -5.21548
853 14.1375
545 -3.10187
734 2.51526
191 -18.3931
377 -54.8702
625 0.203796
682 4.82208
329 -4.90417
231 -12.1657
941 1.30566
1166 257.892
44 3.26654
494 -1.53839
432 -2.71396
1170 261.448
81 -29.4738
772 16.1602
960 16.7463
589 -0.0777588
342 -6.23889
391 -5.09586
392 -18.732
112 -19.7602
700 11.3907
356 -5.40399
32 -27.4728
11 28.8693
384 -6.39142
399 -24.9336
1202 237.032
592 0.022522
555 -1.1366
859 -62.4743
835 -69.1232
1202 229.909
467 -26.0965
1170 261.465
14 -26.8083
571 -1.03003
193 -8.53096
716 6.5976
860 3.26453
939 1.12964
662 4.21777
438 -2.56693
712 19.5665
412 -3.36841
695 13.6251
367 -5.23669
694 10.6979
955 4.0946
185 -18.51
822 6.995
9 28.5301
734 2.50751
820 -7.28918
429 -2.33133
784 11.8314
3 -26.9181
333 -37.9654
340 -6.95392
524 -4.54474
694 10.748
392 -4.99451
405 -3.47845
737 -1.2038
123 -12.3333
1106 329.313
703 7.97461
562 -1.00208
798 -56.3721
582 -0.440613
814 0.556946
329 -6.93445
630 0.708069
433 -33.2993
377 -54.87
310 -4.77277
951 2.21094
835 7.0993
367 -5.21237
859 -62.4089
837 0.635132
731 1.59375
180 -19.2568
204 -16.9701
381 -6.02112
193 -16.1891
635 0.191406
573 -0.918579
346 -6.03119
250 -27.1694
403 -5.4523
324 -4.1026
694 10.6378
694 10.7055
695 1.09833
665 4.17224
784 11.8318
372 -6.3898
667 4.27258
599 -0.0442505
367 -4.5538
731 2.29852
345 -4.83899
423 -35.4363
54 -24.371
1055 355.236
694 10.6993
936 2.09015
10 11.2527
393 -6.31662
491 -1.04901
218 -7.69864
831 -43.8204
928 1.22607
233 -6.49916
325 -41.8296
179 -11.9748
363 -57.4765
100 -5.58731
723 7.96747
347 -57.2357
193 -16.153
784 11.8318
198 -17.6644
815 -19.9949
399 -47.5353
68 6.87077
690 13.457
123 -16.0833
838 7.31873
377 -54.87
175 -9.03029
761 0.771912
345 -4.81229
193 -8.53102
937 1.84296
221 -6.86366
710 13.8433
758 0.611694
668 4.21033
500 -1.24487
220 -6.99124
214 -15.991
295 -4.53281
1202 237.02
344 -6.06985
752 4.69348
524 -4.54407
325 -11.103
214 -6.64145
260 -27.1228
311 -11.7337
242 -6.23111
314 -4.26355
527 -4.68805
1216 200.582
71 -27.6099
313 -8.64862
705 8.61053
24 11.6444
852 15.9777
75 2.90778
776 28.9457
467 -26.1665
727 7.66852
622 0.221924
648 2.50226
327 -6.95007
427 -25.3673
710 18.4068
98 -23.2794
243 -5.7101
442 -2.49756
195 -19.1665
772 16.1608
10 11.1936
654 9.56836
631 0.531128
853 14.1382
682 4.8219
432 -2.71378
226 -7.07542
815 -19.9094
72 -32.7741
728 11.1909
312 -11.6712
788 12.1533
133 -21.7494
819 -6.97839
682 4.82172
783 0.656494
337 -4.36304
791 8.9201
960 16.7463
472 -26.1803
127 -12.2242
448 -35.0098
743 8.11438
711 18.4319
456 -1.4292
458 -1.48941
684 1.85229
1152 269.884
383 -6.48621
651 3.25403
847 15.2857
269 -24.6856
493 -1.50156
151 -20.2821
101 -23.1417
338 -6.92276
786 3.0108
178 -8.49593
753 -4.61804
467 -29.7378
405 -3.45584
312 -11.671
14 -26.8194
1199 216.419
449 -1.4238
63 -33.9911
193 -8.53293
367 -5.2128
737 -1.10907
827 0.559326
491 -1.41113
955 4.09918
57 4.83048
788 12.1536
384 -50.4712
250 -5.72075
682 4.8222
188 -1.76653
344 -7.48413
1195 237.08
4 -30.4417
246 -5.84531
72 11.2908
266 -5.2804
373 -6.47644
508 -1.328
180 -9.70369
311 -11.7336
392 -4.99469
346 -6.01733
309 -32.0116
473 -25.7496
827 0.838745
372 -6.45969
859 -62.4739
123 -12.3341
815 -19.9832
1192 227.092
392 -4.9946
115 -21.4353
101 -23.0868
617 0.0864258
286 32.7858
389 -6.56396
330 -6.91763
199 -19.2727
820 -7.18115
880 17.2542
325 -42.3958
182 -15.0718
349 -4.96201
95 -23.7123
599 -0.0249023
741 16.4578
257 -5.45695
631 1.65869
763 0.791138
115 2.03449
281 -3.75623
845 -54.1489
594 1.94073
243 -6.11862
699 2.49347
336 -6.86719
815 -20.0634
255 -5.56647
330 -6.44336
775 16.3939
247 -5.86147
772 16.1881
1229 181.051
325 -41.1147
101 -23.1416
86 -11.1883
46 -28.0806
656 4.16504
723 7.96771
27 -30.1535
853 14.1326
814 0.533569
477 -28.7884
815 -20.0118
752 -3.94116
232 -8.33519
424 -35.362
1213 212.62
1112 327.395
285 9.29794
247 -5.74893
136 -22.56
151 -20.2819
739 17.6608
332 -4.51398
69 -26.7371
85 -7.0466
714 9.9458
753 -4.61835
587 0.0133057
158 -3.41782
723 7.97449
698 11.1015
902 1.12402
311 -31.2894
622 0.161438
330 -6.44333
380 -6.4382
818 -11.7334
730 -2.15387
1154 285.976
101 -23.1087
229 -9.33928
356 39.0094
89 -26.9975
741 8.00793
1170 240.716
438 -40.2492
635 0.194397
1197 238.598
379 -55.4823
782 5.8208
729 -2.57477
1170 261.464
386 -5.51138
809 6.82031
1183 238.536
6 29.1215
454 -1.48035
831 13.73
756 5.9306
508 -1.31863
960 16.7464
880 -49.9672
168 -19.3565
694 10.7658
662 4.18793
57 4.83496
815 -20.0682
390 -4.80682
349 -59.7428
725 0.718262
175 -9.03253
344 -6.70877
414 -3.42044
731 2.2973
1170 261.781
572 -0.666016
694 10.6844
356 38.9992
744 2.52594
752 -3.76074
432 -2.71396
212 -6.86606
694 10.6904
175 -9.02121
81 -29.4818
339 -6.20706
372 -55.0794
665 4.17224
782 14.548
1240 203.453
571 -0.0045166
183 -19.2349
179 -11.9941
1174 273.223
866 -57.3969
592 0.0244141
26 -30.2744
262 -9.83177
367 -48.3414
695 6.59631
536 -0.669006
438 -40.2487
325 -39.6855
327 -4.47629
212 -16.1544
819 -7.56494
695 8.00037
70 -29.1084
57 4.82868
54 -24.3211
702 10.0032
270 -10.6806
371 -56.7076
1224 203.154
298 -10.4306
311 -11.7338
1170 261.465
741 8.54852
753 -4.61823
214 -7.83276
226 -7.07542
1202 229.006
246 -5.951
809 6.81989
467 -26.1664
206 -16.5027
383 -6.48712
772 3.36017
277 -3.39716
381 -6.02042
179 -12.0001
125 -13.7435
188 -18.5683
285 -9.79135
769 0.904236
951 2.27173
746 3.35687
837 0.660034
700 11.4127
406 -3.45721
21 -18.1002
438 -40.252
195 -19.1666
798 -68.0579
1170 261.437
627 0.447693
102 -0.876793
443 -2.52609
86 -7.08752
561 -1.98297
700 2.00757
364 -4.54449
346 -7.08817
772 16.1615
503 -4.46942
1154 285.772
90 -5.89587
423 -44.3072
87 -27.1821
193 -8.53127
642 1.7204
582 -0.0756226
1177 235.458
622 0.0813599
770 8.31378
665 4.17236
465 -31.9162
729 15.2625
514 -0.787476
392 -4.9884
139 -11.8051
185 -18.5124
815 -20.0248
719 23.8597
328 -4.45706
169 -11.783
384 -6.39133
162 -3.46133
351 -5.862
338 -52.6141
323 -24.7488
991 1.8064
240 -6.44775
578 -0.333008
339 -5.71265
747 12.6677
501 -4.55753
432 -2.71405
737 -1.2663
772 16.1611
859 -62.4426
386 -6.64832
384 -6.57169
815 -19.9296
182 -17.4646
170 -2.64491
69 -34.8543
437 -1.98669
216 -15.7882
423 -2.94229
393 -6.45984
301 -11.4389
288 -11.8063
438 -40.2485
814 0.533508
864 0.966248
782 14.6492
498 -1.36017
720 0.411682
177 -18.0744
257 -11.2444
265 -11.3712
822 -30.2346
118 -2.28142
83 -28.8828
9 28.5233
958 1.88202
956 6.86273
208 -8.87941
627 -0.299927
685 4.80566
701 15.1065
214 -8.45493
88 0.351364
1012 1.48944
215 -12.0783
57 4.83108
631 1.6582
775 16.3832
432 -2.71353
745 22.6454
789 0.753906
756 7.38062
698 11.1023
545 -3.1037
35 -31.0368
349 -6.04898
667 4.27466
432 -16.5713
835 -70.136
322 -6.19559
269 -24.6286
166 -20.6824
432 -2.71399
251 -5.63847
335 -49.8805
941 3.25842
803 -36.593
653 0.255615
32 -27.4898
1232 200.908
346 -6.00626
384 -6.39166
330 -6.4429
618 6.01532
473 -1.13574
135 -26.5249
346 -6.02402
218 -8.37405
961 2.32959
976 1.6463
247 -11.5436
815 -19.9987
117 -22.5949
738 16.36
351 -5.9021
524 -0.835815
749 20.3729
92 -4.18941
698 11.0924
193 -8.53076
688 4.73102
6 29.1176
501 -1.10098
752 16.6035
752 -3.87335
694 10.7133
506 -8.51215
345 -6.04797
799 -39.3898
409 -3.43393
1154 286.023
724 11.7713
830 -65.5543
690 0.00244141
368 -56.4244
706 21.8803
696 13.0637
368 -5.3439
372 -55.081
70 -27.6067
195 -19.4701
487 -16.9883
381 -54.0568
665 0.423462
384 -6.3916
488 -1.54495
422 -3.03894
59 -22.2755
254 -5.63057
792 -1.51404
1195 242.921
53 -24.5365
331 -4.63791
775 16.3871
835 -69.136
38 -30.7993
513 -5.47913
859 -62.4357
54 -24.3816
741 16.4582
23 -29.4554
1221 199.892
359 -57.1164
1170 261.418
218 -6.32483
375 -4.94534
753 -4.62134
134 -4.76202
58 2.84707
349 -5.14816
340 -6.75784
894 1.08765
829 -86.442
645 1.97998
399 -47.8701
710 17.7841
415 -4.82574
160 -2.5546
684 1.0307
347 -5.98914
660 3.59003
753 -4.61786
782 14.6894
118 -2.29485
592 0.111633
437 -27.9771
285 -9.79211
28 -32.3545
473 -1.1358
403 -3.45102
729 15.237
384 -6.38934
1185 228.599
187 -1.5562
423 -44.3071
473 -1.13583
178 -8.0094
961 2.26025
786 11.9363
747 3.7066
746 12.3057
665 4.17236
694 12.582
513 -1.30865
483 -2.89423
101 -23.1418
285 -9.79153
208 -8.31569
829 20.4056
212 -16.1544
631 1.65802
948 2.05597
345 -6.04245
313 -30.997
857 -68.8802
352 -5.58585
384 -6.39163
712 9.36487
795 -65.3496
79 -25.9652
360 -5.29407
835 -70.126
102 -3.14514
58 -23.3797
748 12.2558
121 -12.2491
212 -16.1544
442 -2.49777
69 4.17081
69 4.15897
23 -29.6981
355 29.9086
84 -26.6584
1157 252.917
758 0.611633
279 -9.59149
71 -27.6055
448 -1.30392
346 -6.00391
365 -5.45105
175 -18.237
255 -2.42828
141 -13.3193
650 2.32172
383 -6.48615
894 15.8407
775 16.4089
393 -6.38062
902 -32.6844
389 -6.62469
70 0.749146
545 -3.10254
4 -29.9467
554 -1.16663
673 4.26831
170 0.562454
865 16.4466
634 0.244019
215 -8.53076
218 -8.37767
416 -18.3879
76 2.55889
226 -9.17717
654 9.55841
708 0.0650635
390 -6.40329
804 36.1956
881 -44.042
367 -57.7245
285 -9.7915
446 -2.43024
1232 200.077
214 -7.82234
368 -56.4245
101 -23.1417
442 -2.49771
775 16.3876
687 0.89325
696 15.3116
709 -0.544739
124 -13.3766
680 4.67078
679 14.5367
373 -6.41565
897 9.09088
107 -23.1803
361 -5.59595
380 -6.41104
347 -6.00714
53 -24.5418
489 -2.66867
107 -23.1814
95 -23.7382
107 -23.1778
667 4.27435
253 -5.62253
158 -22.5714
141 -20.3056
180 -9.81067
446 -2.24033
726 7.52148
145 2.06458
753 -3.95477
753 -4.01569
794 35.5017
249 -5.72803
2 -25.9199
467 -26.0978
737 -1.04791
211 -16.1524
227 -13.1059
171 -17.4468
835 -69.1135
808 1.35602
731 -3.6828
86 -11.1876
680 14.26
315 -4.57953
688 4.74219
344 -6.06546
749 20.3792
334 -36.4523
139 -11.8059
38 -17.5507
820 -7.2887
202 -14.6154
770 8.28522
500 -1.18576
983 59.5199
784 11.8325
804 34.2502
298 -10.5528
667 4.27216
770 -0.265991
449 -1.32706
318 -4.13052
333 -6.79193
189 -19.4586
212 -16.1547
253 -5.61192
745 22.649
453 -2.69568
732 6.97754
199 -5.97179
58 -30.3786
368 -56.4246
704 15.3987
1177 233.387
707 -0.298035
799 -39.4921
179 -8.27502
723 7.97375
782 14.5986
69 4.15774
195 -19.1665
386 -45.1596
694 10.6765
881 -44.0759
760 -7.45587
113 -23.0574
712 19.6039
194 -7.90739
345 -6.03171
69 4.16875
192 -19.4089
447 -2.42932
326 -6.55484
121 -22.9952
859 -62.4393
384 -6.40427
880 17.0095
772 16.1868
97 -45.9223
277 -3.38669
68 -24.5929
246 -13.4109
339 -5.01175
192 -19.2198
230 -9.10612
829 -74.1294
506 -8.51215
762 8.54889
705 -0.296326
698 7.07794
341 -55.6706
697 -0.245422
675 11.5897
422 -3.18234
995 12.0831
665 4.17236
128 -12.0189
894 16.7211
694 10.7067
297 -4.48215
693 14.108
610 0.151184
179 -19.6417
432 -2.71368
799 -39.581
948 1.87695
355 -53.7266
53 -24.5379
200 -9.05038
436 -37.3432
667 4.27264
240 -10.9543
729 7.172
553 -1.49554
910 2.75177
753 -4.62054
271 1.92725
857 -68.6912
311 -11.7339
788 31.7399
738 17.4456
218 -7.69928
212 -16.1546
701 0.541443
157 -13.8421
654 1.26648
367 -57.7243
680 14.1359
731 13.043
112 -6.8107
695 3.19653
265 -10.8111
230 -6.46925
849 -43.929
697 13.886
787 -6.34845
1177 244.189
359 -5.32925
405 -3.47623
39 -8.43497
667 4.27472
741 17.3361
313 -5.35626
442 -2.49832
251 -11.5287
718 23.5853
368 -56.424
627 -0.254822
58 3.95012
127 -6.27563
208 -7.70653
283 -9.48047
359 -54.5643
790 -15.735
752 -3.83435
269 -24.6216
880 17.007
846 -54.3782
499 -1.25287
751 -2.2796
390 -4.80417
370 -5.88748
184 -8.17885
86 -7.07406
344 -6.04999
844 22.5037
450 -1.35083
41 3.20569
496 -1.37039
53 -24.5405
677 13.9381
1213 225.781
815 -19.9006
317 -11.0555
330 -6.44336
788 -20.7725
687 0.893311
335 -52.3598
432 -2.71368
371 -5.91
151 -20.2818
368 -53.6436
433 -35.1817
749 20.3749
329 -6.45898
316 -30.989
717 23.3162
389 -6.42831
226 -7.07576
746 1.01727
384 -6.3912
633 0.732117
244 -13.9135
162 -3.68597
731 1.58698
391 -49.6825
631 1.65826
915 20.1209
260 -14.2872
74 -33.7455
761 29.0867
226 -7.0757
517 -3.7066
339 -4.45261
653 3.5545
817 13.3043
1003 2.71985
386 -6.58862
941 16.0543
343 -5.9205
869 -44.1412
789 0.755188
735 1.77081
717 12.7628
169 -12.1728
876 2.23944
218 -8.37646
180 -17.5542
383 -6.57004
738 11.1152
835 -70.0507
880 17.0081
187 -19.4426
699 0.659668
303 -7.95346
298 -4.53067
772 16.1883
344 -6.08392
102 -23.2118
842 -70.3022
682 10.4628
355 -57.1294
54 -24.2832
891 1.07855
729 7.2215
1171 238.443
793 -53.1558
281 -3.75784
174 -11.384
114 -21.6354
136 -12.6669
749 20.3814
571 -0.00439453
468 -4.51248
749 20.3832
807 -31.4639
262 -25.9366
84 -24.7805
436 -2.27542
300 -35.1977
753 -4.61768
28 -32.3702
333 -38.4615
290 -9.25583
304 -34.932
880 -44.4489
249 -5.59959
213 -15.615
829 20.4046
285 9.2785
325 -41.8814
760 15.2448
754 -4.6344
552 -2.87543
149 -12.099
211 -16.1538
347 -4.8674
984 13.0052
354 -5.668
58 3.96151
680 4.67157
710 6.42297
701 0.534363
749 20.3809
384 -6.39151
696 7.75623
285 -9.79126
933 1.76013
1193 239.287
737 -1.18414
646 2.14917
586 0.0622559
729 7.11877
1213 212.88
28 -31.7005
109 -13.833
367 -54.6958
211 -7.42628
701 2.58502
1131 298.326
723 2.41425
826 6.81964
741 26.835
587 0.027771
357 -57.08
107 -23.1811
824 -2.56152
308 -11.7646
758 -7.6825
151 -20.2819
694 5.75958
91 -23.418
799 1.32318
654 9.56458
225 -14.5113
631 0.59375
1109 315.468
262 -9.82964
375 -6.57971
785 11.8901
782 14.8847
81 -29.4731
264 -27.5825
437 -1.98663
505 -0.893311
655 4.12427
326 -10.7757
880 -49.9702
493 -1.47235
63 -15.1334
355 -5.46188
150 -10.8871
307 -11.7583
859 -62.4744
285 -9.78305
52 -17.1122
418 -40.6767
322 -5.53076
826 35.618
187 -8.1693
758 0.611694
191 -19.1652
680 6.35663
1170 261.467
112 -22.9803
405 -3.46762
105 -23.5594
738 11.9181
731 2.29828
745 8.40143
705 5.66901
686 -0.195557
423 -44.3073
328 -6.48264
245 -5.97658
184 -19.3093
731 2.29822
684 7.51959
243 -6.16545
426 -2.823
665 4.17242
134 10.6123
391 -5.09326
156 -5.75435
335 -6.37515
830 -80.3348
228 -8.92316
782 14.6265
464 -13.2457
772 16.1882
285 2.87576
711 0.465332
753 -3.96301
72 -25.167
754 15.7288
456 -1.40359
815 -19.9708
682 4.82202
246 -5.96414
57 4.7996
835 -69.1163
545 -0.378723
162 -3.67618
1230 211.48
524 -4.54468
46 -26.8366
1178 244.716
578 -0.281433
652 8.35065
853 14.1375
775 28.801
723 7.97369
155 -22.8872
735 13.308
524 -0.834045
198 -19.0218
699 6.7403
764 26.6664
224 -14.4357
247 -5.86188
128 -21.9242
503 -0.907349
342 -6.24945
729 7.48816
190 -16.3793
97 -25.1407
340 -6.18997
737 -1.00421
799 -39.8903
379 -6.43411
474 -12.4265
698 11.1016
551 -1.39404
1228 208.666
903 7.20648
792 -20.2432
706 -0.29425
175 -2.32515
716 19.3674
1174 262.748
775 16.3889
711 7.68933
322 -7.89169
367 -5.21387
226 -7.07539
326 -6.51056
325 -4.26801
87 -25.2706
367 -5.23865
346 -6.0239
562 -1.0022
809 6.81946
770 8.22345
58 3.96781
1178 242.62
104 -23.4026
737 -1.01752
315 -11.8032
835 0.621582
437 -1.98663
737 -1.2124
204 -4.2003
448 -2.06192
209 -8.41603
745 12.4001
790 -20.3461
38 -17.5428
955 4.10071
164 -9.73833
700 -0.42804
486 -1.29016
384 -6.39175
687 0.893372
1183 238.479
170 0.550034
1202 239.735
347 -6.0235
101 -23.1416
1206 229.283
301 -11.8842
104 -23.4289
128 -21.9201
691 7.55249
942 25.3133
128 -21.9207
752 -3.86499
353 -57.6826
762 8.07196
789 0.756653
690 0.102966
854 0.909424
312 -27.8483
759 0.874451
306 -4.28903
210 -7.58304
234 -15.3344
815 -19.9837
776 28.95
746 15.6614
290 -9.1557
688 -0.105591
186 -16.9319
277 -3.38629
745 12.418
153 -22.0327
715 11.8871
1044 11.9575
162 -3.67822
69 -29.9653
285 9.29523
513 -1.33536
357 -54.6116
802 -102.961
145 -5.4657
697 11.0575
374 -6.47095
191 -18.7964
285 9.26401
820 -7.42743
383 -6.57007
1140 303.725
841 -58.4705
308 -11.6931
984 13.0163
684 10.6952
505 -0.889099
162 -3.69273
707 -0.371338
426 -2.79575
101 -23.0871
654 9.56665
801 -85.1411
212 -16.1534
827 13.0385
365 -5.44739
388 -6.41666
28 -32.3547
902 -32.6839
477 -28.4791
741 16.4583
193 -8.53099
829 -79.8143
169 -13.9082
896 15.772
163 -21.0527
497 -1.07056
822 6.99353
977 1.87848
630 0.461792
489 -2.83179
193 -16.2052
949 1.53693
984 13.0157
255 -5.53697
200 -7.81712
436 -2.41754
815 -19.9067
346 -7.71802
271 -5.19421
403 -3.6712
85 -7.05247
855 -69.1276
859 -62.4286
791 -10.8872
437 -1.98685
382 -6.005
211 -9.05008
462 -3.69492
384 -6.39136
333 -6.45218
752 0.703125
329 -6.4581
214 -7.76921
490 -1.87213
870 -44.3664
460 -32.7326
218 -7.76807
488 -2.82956
369 -5.58533
815 -19.8859
829 20.4029
331 -6.56763
187 -8.40326
74 -24.9978
212 -7.52286
491 -4.43982
342 -6.1532
721 7.1366
175 -2.31239
215 -8.5383
169 -2.02998
702 -0.333191
242 -6.01672
118 -2.27982
197 -7.49272
73 -8.60643
227 -9.22551
682 4.82129
682 4.82202
166 -6.17355
126 -6.37375
169 -11.3828
744 7.14606
352 -5.63321
669 1.14795
626 6.94537
21 -32.4285
522 -4.43555
523 -5.45264
834 0.65979
893 1.36493
367 -5.21304
450 -1.93518
384 -6.3916
363 -5.50546
95 -23.7382
296 -9.22678
326 -7.02103
368 -53.4552
894 8.11316
820 -7.20673
954 1.54059
955 1.86591
909 1.23248
175 -2.12006
757 14.6804
545 2.51575
144 -8.59708
743 7.35999
217 -7.6785
865 0.907654
180 -5.17302
242 -8.93028
379 -6.59314
102 -22.9666
660 4.28308
869 16.7581
259 -24.1003
864 -58.8309
245 -11.6477
333 -38.485
312 -11.6709
788 -26.3206
367 -57.7245
703 -0.351868
406 -5.43024
402 -43.3494
931 1.03143
258 -5.47107
49 -30.5636
312 -11.6709
221 -6.8251
634 0.871338
815 -20.0688
70 -27.5971
327 -4.34424
92 -26.4802
808 6.96655
320 -36.2267
621 0.190002
311 -5.39557
236 -13.4006
353 -5.67929
490 -1.84497
211 -16.1538
181 -17.1108
786 -25.1288
98 -24.3048
999 17.2359
384 -6.39175
775 16.3741
545 -0.410461
68 -27.7923
9 -20.628
761 29.0873
818 50.9216
448 -1.31305
626 6.94049
195 -19.1671
890 -36.4431
209 -16.3067
399 -5.22116
311 -11.7338
115 -24.619
1012 1.48962
225 -12.7949
786 -27.005
225 -3.67268
814 19.5966
389 -6.59174
793 -13.024
689 4.80145
820 -7.22968
732 -1.94775
731 2.29877
736 16.09
667 4.27258
729 15.3308
808 1.23871
1228 189.188
732 8.237
344 -6.06519
87 -25.2697
111 -23.0775
384 -6.65216
852 0.949097
437 -1.98669
32 -27.4902
191 -11.9383
667 4.2746
1231 201.851
311 -4.69608
843 12.4822
728 1.19135
170 -2.62917
97 -45.9233
89 -24.4291
880 -44.5544
678 5.81616
630 8.92157
1177 233.842
69 -29.4877
302 -11.6716
356 -5.36523
1152 259.854
451 -7.70123
28 -32.3657
171 -11.7025
782 14.6247
665 4.17236
611 0.168152
824 -41.1403
782 14.6953
874 0.946716
782 14.6378
855 -68.7897
383 -6.48584
758 0.612
304 -26.3235
309 -9.61404
171 -12.046
750 0.638489
838 1.40741
139 -5.27818
54 -24.324
815 -20.0645
146 -7.04736
775 16.3769
314 -5.54831
218 -8.38174
881 -43.9448
712 2.61902
128 -12.0306
764 14.4385
1237 186.242
854 13.9452
416 -18.3875
684 1.85223
181 -19.5707
729 15.328
384 -6.39163
66 10.4994
857 9.44629
724 11.7715
958 2.60101
83 -25.0052
97 -45.9269
678 4.49084
313 -11.3683
182 -8.78673
395 -21.5907
1172 261.111
684 1.85291
288 -9.25592
973 -10.1025
668 10.5401
815 -20.0032
467 -26.1666
383 -6.56989
880 17.2681
904 1.80957
285 -9.79123
97 -25.1529
24 -32.1952
697 0.00115967
258 -25.0281
627 -0.279175
778 17.6823
857 8.76318
461 -1.32037
653 0.255737
665 13.5873
700 14.0226
785 -8.20422
276 -8.04529
285 -9.74506
83 -24.9291
859 -62.4454
346 -6.0069
101 -23.1415
232 -13.7566
770 8.29895
309 -6.20285
673 1.29749
616 29.1153
809 -11.5898
321 -37.0565
772 16.1883
279 24.4162
150 -11.1754
165 -9.63142
770 8.28674
694 10.7612
881 -44.629
392 -4.99466
301 -12.2307
771 17.6955
107 -22.8573
446 -2.39703
422 -3.18237
183 -18.529
345 -6.05002
937 2.85956
184 -7.67351
312 -4.30981
81 -8.02062
165 -19.3107
617 -0.078125
363 -5.50879
175 -9.15735
32 -27.486
741 7.7395
657 10.3506
127 -22.0077
727 13.4219
586 0.045105
363 -51.5762
770 8.28833
131 -6.26096
251 -11.5138
539 1.44757
175 -9.02849
773 4.14447
729 15.3313
515 -5.11203
40 -31.8167
687 0.893494
426 -36.3297
608 0.186157
176 -2.83102
265 -23.1637
698 13.1039
466 -25.7698
849 1.31451
587 0.361633
1178 244.683
208 -9.06061
805 1.20197
391 -50.9234
735 8.97308
89 -26.5963
818 50.9148
735 7.68085
59 10.824
100 -23.2147
859 -62.4164
684 1.85266
419 -3.18872
936 1.79315
176 -15.8551
810 1.26141
317 -4.55283
788 12.1532
175 -9.02612
836 -66.8945
226 -7.07486
71 -26.6719
69 4.15905
311 -31.8523
95 -23.7397
657 10.3405
450 -1.35077
630 0.448181
679 10.4116
801 0.881165
656 3.43854
144 -10.7073
972 3.44385
398 -35.7546
312 -11.6708
741 16.4576
312 -11.6711
314 -6.32321
808 -20.5501
123 -12.3438
315 -11.7962
909 -27.7446
567 1.09259
809 6.81995
129 -2.29543
959 2.25891
821 -30.2961
277 -3.38522
731 2.29773
286 -4.67813
290 -1.60913
175 -9.03331
274 -10.8955
722 2.3194
285 -9.78351
95 -23.7384
66 -28.0406
458 -1.39908
905 1.19086
329 -6.47388
732 7.60016
853 14.1339
761 29.0817
816 -19.363
786 -20.7103
251 -27.1342
770 8.28632
729 15.3271
217 -7.67966
420 -2.9671
949 1.63055
934 2.52814
386 -45.1102
1148 273.359
625 3.52716
158 -4.17989
717 12.0407
184 -19.4701
820 13.2957
506 -8.5126
859 -62.4608
702 11.725
639 1.08832
328 -44.2807
342 -49.5232
466 -4.74564
195 -6.82578
384 -53.6748
282 8.00134
179 -7.46812
221 -15.4559
265 -11.3815
719 -0.539734
772 16.161
814 0.556396
322 -49.1527
336 -6.55768
295 -10.6183
346 -6.03043
812 19.2029
665 4.17334
100 0.0207138
631 1.6582
345 18.6768
739 16.473
718 20.0198
329 -6.46423
1140 303.674
491 -1.06464
1232 202.753
240 -11.7378
737 -1.039
302 -7.59747
654 9.57343
871 4.03979
123 -12.3437
383 -6.48584
277 -9.72491
140 -5.97424
503 -0.923645
288 -9.2728
483 -24.8591
133 -5.85295
715 21.6872
86 -7.10435
97 -45.9223
886 2.6604
682 4.82208
214 -7.83218
788 0.803284
106 -22.934
143 1.48026
193 -4.41774
150 -10.8808
193 -8.5329
829 20.3985
668 7.09949
214 -7.81949
221 -6.83119
226 -7.07806
654 9.52716
258 -11.1752
180 -9.66841
631 9.41034
650 3.15186
749 5.33649
316 -11.1653
522 -4.28192
731 2.29785
854 -68.4059
38 -17.5427
933 1.35651
323 -37.1974
198 -7.18854
101 -23.1415
810 18.0188
793 5.66266
218 -7.69783
803 13.2932
527 -8.54797
273 -10.3015
128 -6.10462
339 -6.19684
162 -3.68826
819 1.4234
303 -7.96112
180 -5.37378
129 -21.8137
200 -4.24542
630 9.05109
907 2.8316
69 4.1568
669 0.444641
1081 329.605
809 6.81952
682 4.82227
412 -3.35861
303 -32.2837
701 14.6879
277 -3.38629
343 -6.09528
356 38.9922
370 -50.7537
556 -2.60565
872 4.33563
647 1.21716
850 -73.2283
311 -27.502
984 12.9335
67 -24.7049
149 -12.5186
150 -10.8134
688 11.6102
267 -10.4588
820 -7.2674
256 -22.6222
776 28.9509
788 0.802185
106 -5.11377
193 -8.53123
826 35.6147
199 -5.95818
682 4.82233
452 -1.36508
847 0.651489
356 38.9848
667 14.1046
64 -22.8112
104 -22.9599
200 -6.90392
312 -11.671
35 -43.7958
90 -26.2847
769 0.903748
692 0.791199
664 12.3826
654 3.38397
828 7.00232
366 -4.54489
99 -23.0779
685 4.75385
880 17.2658
716 -0.427979
9 28.524
753 15.8422
835 -69.1143
328 -9.45358
749 13.0519
1213 212.618
859 -62.4129
272 -12.5712
1023 1.51892
1188 240.731
239 -6.4709
845 22.5333
579 -10.9803
742 10.4698
262 -9.82939
157 -13.8357
38 -17.5403
312 -15.9192
9 -33.057
330 -6.44299
524 -0.833923
104 -24.4551
226 -7.08081
107 -23.1827
305 -11.7463
149 -12.5238
731 2.29822
86 -11.1906
347 -57.4028
740 23.8242
286 -6.38336
631 9.41766
87 -25.2609
165 -10.639
37 -34.7772
114 -21.6451
107 -23.1812
45 3.5077
95 -23.7357
288 -1.8905
175 -8.51393
506 -8.51227
852 -73.3422
1183 238.148
1232 205.105
386 -36.8488
58 3.96699
20 -30.9609
971 3.83221
398 -32.004
260 -5.33469
835 -69.6838
820 -7.27698
89 1.32234
200 -5.98611
101 -23.6941
800 11.8635
193 -6.68993
772 16.1612
834 -40.745
381 -6.56049
126 -33.7306
959 5.11792
115 -24.7007
757 25.1766
788 16.1304
512 -1.3399
129 -24.4822
755 16.0901
329 -6.41489
733 17.4037
901 6.41516
226 -14.6061
806 17.0262
523 -5.4588
87 1.96897
32 -27.4674
710 -0.0829468
27 -32.4868
414 -0.820648
815 -19.8586
250 -27.159
654 9.57062
171 -13.0388
836 14.236
960 16.7465
333 -37.9489
466 -4.74948
715 17.2927
442 -2.49756
186 -18.4867
342 -57.0594
848 1.57147
86 -24.8143
794 -45.0728
252 -11.4667
198 -8.01526
782 14.6528
691 15.4626
790 16.7949
713 1.94659
199 -8.05531
723 1.40375
523 -5.45844
431 -35.5449
175 -9.03984
824 -2.0188
128 -21.9175
600 -0.085083
832 14.1117
242 -1.28636
217 -7.67979
214 -8.40544
923 1.18353
127 2.71002
69 4.57482
671 9.66992
799 -36.7834
512 -11.9239
864 16.2433
268 -18.1492
178 -9.94112
1235 188.129
884 2.29913
770 8.27954
627 -0.251648
476 -4.73468
177 -17.9323
900 13.046
642 1.13867
230 -14.8988
843 1.58289
696 13.4985
175 -9.03894
97 -45.9272
782 14.6485
851 -69.5714
591 0.164612
647 1.12683
374 -46.4624
110 -22.2108
694 10.7428
384 -6.57086
788 12.1531
679 14.5369
853 14.1363
800 12.4503
667 15.3209
782 14.6671
308 -18.6557
20 -32.4442
882 -44.0363
250 -27.1572
949 1.54425
846 -79.3763
749 20.3768
109 1.5246
855 -68.8842
319 -11.3979
248 -13.1714
596 -0.0142212
1238 182.567
680 14.0117
46 -35.0837
384 -6.39731
625 3.52734
277 -3.38547
312 -11.6715
285 9.29092
66 -35.1476
220 -15.6467
571 -9.27344
770 8.28107
868 -45.2192
180 -5.2699
626 7.35681
718 23.7247
244 -7.17825
329 -47.6311
180 -12.0201
49 6.3002
1140 303.788
383 -6.5697
386 -6.56741
1224 196.267
654 9.56384
667 12.816
285 2.87793
880 -49.933
665 5.67767
995 11.9536
788 0.800964
359 -5.59656
496 -8.40323
225 -15.0388
128 -21.9233
669 6.73035
236 -11.967
700 11.8502
112 -24.999
677 4.40826
367 -5.21381
56 -26.3708
190 -6.86061
876 -41.5532
66 -28.0387
305 -11.4784
883 4.22961
694 4.9187
660 14.2639
798 -56.5166
728 7.20752
187 -1.55421
819 -7.9812
193 -8.53061
636 1.01715
490 -1.66824
114 -21.6402
8 -19.7408
703 14.4157
865 3.1488
40 -16.9932
934 1.06555
150 -10.8764
170 -20.6127
734 0.40686
699 13.5385
104 -23.1859
196 -7.76678
90 -26.8429
194 -8.14658
299 -10.5124
627 -0.358948
363 -50.5183
723 7.97351
232 -7.15569
699 -0.325562
186 -8.45866
155 -21.6166
738 -1.05341
88 -27.2705
149 -12.5232
249 -9.8632
345 -6.08899
418 -39.8009
74 -1.63785
827 -78.196
692 12.809
682 14.1549
802 -37.0903
302 -11.5273
804 -73.7082
1073 354.684
437 -27.9768
356 38.9849
484 -2.7009
115 -28.76
657 3.52942
205 -8.30814
340 -52.8358
104 -24.4309
709 8.43549
24 -29.7547
77 -25.6392
164 -13.3296
157 -15.0625
165 -10.1992
431 -3.39215
880 17.0066
323 -44.8031
770 8.27985
854 13.9418
235 2.84175
957 1.78046
808 6.97131
712 11.7604
246 -13.8376
116 0.339951
597 2.26355
752 22.6395
49 -19.8717
689 10.0252
17 -61.3619
715 0.673828
218 -8.37827
115 -23.6821
786 -10.4607
540 -3.5675
829 20.3964
874 -43.603
107 -23.1806
748 0.649841
875 -30.9249
269 -28.1539
86 -7.08646
832 14.2186
174 -10.0036
526 -4.53973
475 -5.01248
284 -10.1295
162 -8.72174
190 -17.4091
667 6.05084
41 -6.29537
828 -46.7252
741 -7.53546
856 14.1484
663 3.71808
799 -94.1559
750 0.697083
1202 237.049
680 0.728333
889 -41.228
311 -30.1469
90 -24.1664
629 8.72504
645 13.9437
97 -45.9232
35 -53.3938
869 9.32867
351 -57.6548
729 24.9365
782 4.39124
127 -22.0047
208 -7.64253
1237 196.811
655 8.63647
465 -4.79459
348 -5.95648
23 -29.6789
902 -32.7861
867 16.3267
259 -24.5259
665 4.17236
817 1.41101
367 -5.22833
591 2.58948
526 -4.54028
688 -0.103394
965 2.02167
333 -37.7496
86 -11.1846
172 -11.948
901 8.64514
904 1.13593
926 18.5394
84 -25.8553
741 16.4573
104 -24.4548
245 -7.28392
799 -36.6156
81 -29.4825
667 4.27271
526 -4.5401
356 -5.38953
347 -5.99493
822 6.99219
209 -8.9631
703 0.384399
803 12.6859
675 13.6739
54 -24.2831
627 -0.241272
142 -10.2038
678 -0.56604
637 1.09003
567 1.10608
667 4.27258
655 4.01685
745 22.6462
805 12.4561
238 -12.0066
190 -8.01677
150 -10.8826
467 -3.24701
909 -27.7519
676 0.576477
669 6.83008
642 1.58521
333 -6.41733
803 1.13672
889 -41.299
659 5.77313
801 12.0379
144 -17.4017
86 -24.3474
198 -10.3923
654 9.59222
741 2.28638
799 43.0829
800 0.78064
76 -23.7037
726 9.96924
312 -11.6709
140 -8.50464
417 -3.37054
150 -10.8734
545 -3.10254
775 16.3713
218 -8.39362
848 -55.465
105 -23.8692
700 7.56793
803 -114.419
342 -5.38104
854 13.9457
348 -5.69269
732 7.50452
626 0.724976
821 51.3066
721 2.38373
182 -11.6196
797 37.798
467 -26.1666
726 19.3428
495 -4.36929
383 -6.48526
764 33.1276
383 -49.4855
173 -20.6329
693 14.1735
808 6.97247
343 -5.75027
67 -37.6979
659 3.51678
775 16.3732
641 0.315369
829 20.4044
431 -2.45676
240 -11.6886
271 -9.33383
226 -7.07544
682 4.82172
128 -12.0197
422 -0.9841
835 12.3973
182 -8.78424
681 9.22711
678 7.73608
781 14.2208
255 -11.3314
933 1.35736
822 6.99518
855 4.05359
709 -0.274048
658 10.9092
1010 14.1189
193 -8.53323
161 -10.0126
907 19.7177
705 3.60059
731 8.77307
702 16.4389
753 -4.01697
841 -58.0684
442 -2.49792
35 -32.833
4 -29.918
1149 261.23
497 -4.31818
260 -5.40089
86 -7.10381
776 28.9706
187 -8.45114
150 -10.885
660 3.56036
571 -8.70087
681 13.808
67 -26.8634
936 2.08545
190 -8.15195
698 13.2629
679 8.60553
895 1.63727
53 -26.3792
322 -11.0213
704 16.8017
733 4.62982
139 -18.041
739 26.4727
532 -3.25659
129 -24.4831
397 -24.6505
473 -1.13596
367 -57.7245
601 0.758728
218 -7.6991
150 -3.6931
854 13.9446
720 -0.434021
746 -3.50134
63 -15.1088
291 -10.0514
101 -23.1415
660 5.19415
453 -36.7255
694 -0.312378
798 -84.8855
193 -8.53123
849 0.707458
20 -32.4154
772 16.1882
183 -10.4804
218 -7.69846
680 14.1375
473 -4.58365
841 0.954102
250 -27.1527
677 13.6917
459 -1.33649
754 9.09747
92 -0.69873
332 -4.64966
781 3.03046
329 -6.41064
736 11.3081
226 -7.07985
823 -11.3824
309 -6.61957
799 -36.5016
1216 200.618
930 13.7469
941 16.1825
213 -8.00577
1227 196.755
690 5.74115
795 -63.8755
671 5.28931
320 -6.4249
366 -6.9711
296 -8.81366
140 -11.3993
782 14.6992
380 -46.3413
14 -26.8179
83 -24.9575
745 10.26
880 17.0057
169 -20.9651
301 -32.7508
705 16.248
1164 268.237
665 13.8979
686 -0.21991
306 -10.7668
220 -15.3176
944 2.22394
403 -27.1581
218 -8.24687
717 16.977
303 -34.4572
275 -9.80145
1237 197.406
554 -0.892578
339 -6.20663
656 10.8575
601 0.379578
601 0.358337
688 13.378
1148 270.928
848 -67.6307
568 -3.07745
133 -24.681
116 0.202042
567 1.09131
498 -1.2851
305 -32.4963
1071 -18.5465
801 37.7768
43 0.688309
772 16.1884
534 2.22845
771 13.5527
384 -6.39072
14 -58.2082
652 2.57538
85 -0.462845
180 -20.0472
287 -9.38843
41 3.13643
737 -1.02911
553 1.64844
124 -5.11578
153 -22.9974
736 0.401917
241 -8.80263
799 -40.6505
232 -12.0278
864 -61.1926
470 -25.7725
830 20.4689
246 -5.96513
819 -6.97583
481 -3.78647
468 -4.55237
381 -6.57922
859 -62.3976
426 -18.6478
355 -53.7263
730 21.9053
751 2.69531
654 9.56201
125 -12.4889
87 -25.2615
990 2.11346
737 -1.08081
814 0.556519
662 10.6774
741 16.4575
710 10.9417
328 -44.2481
654 9.57257
723 7.96759
540 0.952148
285 9.2916
311 -6.71033
1220 195.784
335 -6.4209
101 -23.1416
33 -30.9817
28 -32.2342
801 37.9844
323 -11.1657
782 14.5875
543 -5.35175
852 0.978821
384 -36.3487
796 6.08472
632 9.69843
745 1.43732
702 15.0226
70 -16.0079
745 12.3281
211 -15.1311
696 -0.379822
859 -69.1565
310 -32.8392
250 -5.7489
637 13.7703
80 3.16554
334 -36.5233
467 -26.1661
53 -24.5433
161 -10.9078
761 15.2039
684 -0.362
703 12.7983
209 -9.50475
806 -31.4694
647 2.38568
271 -9.91791
285 9.28915
888 1.58612
854 8.36871
156 -10.3656
641 13.3199
749 -3.38367
680 10.2844
300 -10.7741
844 -53.741
755 24.0693
942 16.9184
282 -3.75534
683 -0.409973
1226 1.60718
645 13.5596
1178 244.717
644 2.15417
640 1.10565
660 10.9271
297 -9.62781
216 -8.12857
984 13.0153
854 13.9434
170 -2.64273
342 -6.24442
249 -9.81584
475 -17.6111
1115 309.88
707 13.9677
331 -6.82477
959 5.91821
467 -26.0974
185 -18.5164
214 -7.71332
864 -58.067
599 1.38068
97 -25.1524
209 -8.33177
601 0.367126
775 16.3744
851 22.1978
99 -23.1896
529 -7.74841
649 14.3431
507 -1.00174
526 -4.53967
557 -1.56238
71 -25.3019
321 -6.47263
284 23.6755
57 4.78899
231 -8.64111
686 13.5304
141 -23.0798
1220 222.784
809 6.81976
198 -19.0222
770 8.28015
931 2.50427
174 -2.78522
610 0.151184
249 -9.83656
271 -9.31604
458 -25.981
41 -33.5948
213 -8.49768
383 -6.48596
234 -7.29315
981 16.2042
1226 1.60083
722 7.11011
271 -9.332
20 -32.4078
247 -5.86137
656 11.8682
723 14.2189
1157 286.477
463 -1.3743
254 -11.8092
58 3.95061
214 -7.86539
771 17.6882
872 -30.6277
230 -7.42944
626 6.9657
741 16.4579
647 1.09119
261 -11.3335
249 -9.83722
67 -22.5885
329 -6.45776
282 -9.31555
815 -20.0686
246 -11.6107
202 -17.0633
677 -4.5155
344 -6.06479
232 -0.348434
426 -2.8494
689 -0.243225
667 4.27454
712 22.9195
262 -5.36365
92 -25.9759
249 -9.83934
349 -5.57596
820 -7.20538
312 -35.639
668 13.4099
847 -60.3019
144 1.60359
63 -15.2598
850 -81.8267
42 -35.5347
241 -11.7391
801 0.841858
736 8.98187
195 -1.68506
206 -15.5902
725 18.3849
772 15.6861
764 0.748962
356 -57.4812
115 -28.6779
591 2.63171
305 14.9955
749 20.382
681 -2.74799
141 -11.7779
28 31.7791
512 -11.3328
343 -50.4448
1232 201.6
941 14.6328
749 20.3734
104 -23.2163
103 -3.87385
234 -13.9375
1219 20.4901
175 -9.0385
277 -10.5111
67 -7.29358
700 16.2548
373 -6.53424
591 0.202759
670 13.7895
755 15.4223
485 -4.68311
854 13.9443
211 -16.1537
396 -49.6586
376 -6.65671
214 -7.81905
271 -9.33298
285 -9.78159
675 11.5801
136 -21.0499
8 -33.0621
233 -11.9225
24 -29.8702
111 -58.0372
244 -8.73213
356 -5.39636
497 -7.81677
307 -18.7916
89 -23.8363
1140 303.887
694 10.6367
902 -32.7829
404 -3.49835
723 7.96851
118 -2.29884
753 3.07721
15 -2.66844
489 -10.2545
329 -37.7691
729 15.3234
351 -57.7707
1236 181.833
818 50.9177
304 -32.1316
454 -24.779
851 -82.2605
314 -33.837
83 -6.16002
690 4.78082
387 -45.0304
728 25.0994
741 4.0744
242 -6.23141
679 8.06262
782 14.6601
834 0.65979
106 -130.375
156 -10.3638
665 4.17255
753 12.9817
7 -31.6794
539 0.36261
844 -55.6791
675 5.64514
231 -9.10913
740 18.5921
26 -32.3333
805 10.9537
642 5.34058
169 -2.12328
145 2.08995
437 -1.98669
735 9.76642
465 -4.59979
725 1.28278
175 -9.02977
115 -22.8503
161 -10.0351
101 -23.1419
665 4.17224
836 -91.9178
712 10.7269
344 -6.07831
401 -36.2108
214 -7.81659
863 8.9245
471 -17.7717
99 -22.8973
714 23.2562
223 -15.2629
249 -9.90306
69 4.17241
81 -29.4728
195 -16.5036
428 -2.89557
740 18.8486
271 -9.34238
1136 302.047
86 -11.1761
285 9.29889
139 -11.7448
68 -29.6135
255 -2.42694
214 -7.78001
723 22.6582
780 0.67511
76 -25.2353
33 8.66763
703 -0.634277
172 -19.6315
629 0.440247
148 -16.967
641 0.715637
654 9.56696
338 -6.72745
344 -6.06516
512 -11.3364
372 -6.6203
195 -19.1669
1236 184.43
719 2.12024
49 -19.9075
916 5.38806
956 1.84998
97 -45.9277
232 -14.598
793 1.98517
1012 13.9072
881 -44.41
360 -50.0303
426 -18.3371
854 13.9274
498 -7.95908
676 5.25232
754 2.81561
218 -8.3795
665 7.91187
694 10.7487
159 -10.0929
770 22.4052
746 20.0436
357 -5.69479
38 -35.387
741 16.457
16 -52.8235
768 0.654541
33 -31.0977
411 -0.80661
21 -32.4112
158 -21.795
109 -105.475
746 12.6091
774 10.2635
336 57.1518
96 -23.9582
697 0.403992
14 -26.8026
10 28.9102
262 -5.36298
1003 2.7088
437 -27.9769
458 -25.9798
556 -2.59662
285 9.29437
675 6.37958
712 23.3474
356 38.9938
299 -3.2977
791 31.4456
17 -63.6988
710 21.8217
323 -44.7225
410 -3.03787
57 4.77253
537 -3.5799
654 9.57251
1022 19.308
666 0.371216
609 -0.0801392
627 -0.259949
240 -11.7993
674 13.3999
305 -32.4081
315 -11.6932
881 -43.9022
906 1.1037
686 11.6115
92 -26.499
700 0.163208
890 1.18372
965 1.47388
718 14.6542
129 -29.3406
396 -6.49893
680 14.1938
776 28.95
671 8.78967
38 -17.5429
654 9.56012
118 -2.28023
512 -1.36691
1075 357.005
69 -30.0054
150 -10.3963
627 -0.276672
34 -29.9306
575 -1.34088
705 14.4615
118 -20.9369
155 -22.5762
404 -3.49713
205 -7.42476
731 2.29779
426 -3.01694
329 -6.88177
655 0.337585
1225 17.8715
163 -10.4794
747 7.01917
329 -6.45764
46 -28.8064
529 -9.63684
366 -51.1754
187 -1.56204
155 -10.8611
880 -49.9669
307 -6.48053
758 16.1162
437 -27.9767
150 -12.9236
654 3.86426
724 2.133
1045 11.9545
159 -11.4534
553 1.65662
657 5.59918
671 6.53821
416 -4.38248
127 -22.0074
206 -8.33821
1125 303.112
194 -3.23141
781 1.55505
672 14.5608
226 -7.98476
86 -7.06372
305 12.5519
213 -7.3625
794 -64.1225
129 -24.4821
74 -43.1854
959 5.89349
372 -55.0994
40 -51.5993
221 -6.25783
696 0.194092
761 16.5105
410 -2.47134
71 -27.6104
755 24.0867
229 -6.74536
417 -3.1745
329 -6.2446
279 26.6424
494 -3.16272
803 -58.8207
1161 279.57
723 7.97485
737 -2.64551
285 9.29025
214 -7.82549
711 18.4717
727 15.3375
246 -11.7019
383 -6.48514
174 -12.3027
626 6.94934
6 29.1325
1224 203.42
492 -4.13281
