594 0.400146
607 0.402283
357 -1.39597
273 65.3823
607 0.404541
406 -52.1135
598 0.378113
723 1.0069
636 0.59137
607 0.491333
588 0.379944
926 2.10138
645 0.485657
416 -4.79724
503 -10.2797
307 -23.2426
617 0.524536
821 1.43896
909 2.19855
408 -50.8212
416 -4.79755
563 -0.605286
664 4.5705
645 0.485107
645 0.483765
723 0.998413
617 0.503601
664 4.57538
910 2.19318
910 2.19531
313 -3.51993
996 2.0343
646 0.617432
645 0.483521
520 -7.92242
481 -12.4081
331 13.8837
263 -12.6974
507 -9.66953
451 -1.63531
519 -5.80249
664 4.57098
941 1.8786
505 -8.6301
563 0.14093
554 -2.04431
101 -23.742
615 0.465881
953 1.88275
607 0.491455
753 1.13293
24 -49.1726
664 4.57263
267 -11.5548
617 0.524597
357 -0.882385
626 0.402832
519 -5.80267
739 1.68896
739 1.68896
563 -0.614258
941 1.87891
355 -0.801605
519 -8.07285
508 -9.61288
436 -1.8703
627 0.560608
2 -51.7884
592 0.332153
739 1.68896
631 0.546875
563 0.140869
617 0.517395
575 0.328735
607 0.492126
534 -4.02081
575 0.314636
910 2.1955
361 -0.813995
967 2.02222
563 0.141541
953 1.88165
415 -2.19095
263 -12.7001
576 0.156616
273 65.3822
264 -12.4439
625 0.45105
608 0.494934
316 -3.78677
412 -2.16599
307 -23.2475
635 0.626404
617 0.5224
24 -49.174
617 0.524414
927 2.11206
415 -2.19086
358 -34.2615
663 4.0437
558 -2.1673
739 1.68903
412 -2.16605
509 -0.346527
942 1.86285
323 -22.0289
97 -24.0527
533 -4.19073
437 -1.86841
446 -1.65125
697 1.10303
534 -4.02112
101 -23.7499
415 -2.19836
323 -22.0238
898 2.35693
371 -2.67319
500 -3.4054
307 -23.2502
860 1.53326
356 -0.7435
860 1.53308
317 -3.76389
320 -3.49164
1050 2.34949
1032 2.49158
984 2.10291
558 -2.15735
402 -2.45731
320 -3.74191
513 -0.227478
314 -4.37466
320 -3.74313
307 -23.2274
323 -22.029
645 0.48645
284 -6.11319
323 -22.0228
534 -4.02063
628 0.534851
609 0.442993
552 -0.783447
617 0.5177
446 -1.64804
410 -51.8436
263 -12.7008
563 -0.614502
412 -2.16577
323 -3.41635
1031 2.5249
66 -33.8575
24 -49.1714
507 -0.276367
481 -12.4081
450 -1.59811
371 -2.6691
941 1.87848
756 1.15057
663 4.04419
609 0.452942
355 -0.806641
910 2.19641
657 0.481384
664 4.58881
101 -23.742
284 -6.12347
570 0.280945
571 0.0932617
645 0.481628
607 0.493286
645 0.485107
409 -40.9213
971 58.1408
941 1.87866
450 -1.59857
967 2.02148
261 64.5521
451 -1.63428
563 -0.604004
403 -2.46964
451 -1.63504
24 -49.1746
1149 3.33301
984 2.10034
332 -62.9673
966 1.90674
356 -7.02441
383 -19.318
389 -2.56494
371 -2.67319
307 -21.9075
402 -2.45715
965 1.98517
645 0.481323
326 -62.0098
738 1.52484
513 -8.96832
317 -3.76068
518 -0.215515
481 -12.4081
563 -0.615234
307 -22.1322
97 -24.0527
481 -12.4084
607 0.491333
402 -2.45718
519 -5.80243
415 -2.19226
446 -1.65262
519 -5.80286
446 -1.64755
574 0.348389
249 101.499
569 0.288879
264 -12.5387
355 -0.802124
360 -8.40152
287 49.6329
1072 3.01392
263 -12.7002
308 -3.90317
328 -69.3797
263 -12.7008
308 -10.773
249 101.499
361 -1.21857
373 -2.58029
664 4.58105
794 4.43518
563 0.141113
337 -26.8425
563 0.141174
509 -0.22821
560 -0.787781
308 -10.7876
436 -1.87045
307 -23.2328
1032 2.49121
320 -3.742
610 0.477356
53 -34.6545
436 -1.87036
323 -22.031
1003 2.32703
519 -5.80115
389 -2.56534
434 -2.27313
697 1.10437
571 0.0930786
519 -5.80353
663 4.04034
677 0.651672
481 -12.4081
371 -2.67303
284 -6.13083
775 1.1095
552 -1.34857
519 -5.79346
416 -4.85617
16 -40.6257
663 0.736023
415 -2.19186
412 -2.16605
533 -4.18951
467 -4.71112
505 -0.311859
278 -4.17575
592 0.325928
645 0.483459
284 -6.12848
97 -24.0528
425 -2.12271
332 -63.0641
238 -12.9326
996 2.03583
383 -19.3392
481 -12.408
318 -3.74176
264 -12.4507
792 1.24921
937 12.9921
558 -2.16681
288 -0.512878
377 -2.25287
332 -63.0661
998 2.14148
578 0.248962
996 2.03577
514 -0.26123
723 0.997131
575 0.325867
437 -1.86591
967 2.02155
566 0.19635
967 2.02148
446 -1.64798
326 -62.2516
415 -2.19019
308 -10.7915
308 -3.9014
239 -13.0895
423 -2.15634
395 -3.25369
278 -4.17566
524 -0.196167
402 -2.45642
1050 2.32202
909 2.19916
1007 2.95105
389 -2.56482
317 -3.76013
436 -1.87021
579 0.336548
806 1.18976
97 -24.0528
607 0.489868
330 -45.3709
580 0.300537
984 2.11261
408 -52.202
371 -2.67398
263 -12.7003
563 0.14093
510 -0.225922
406 -52.1135
373 -2.62161
697 1.10492
403 -5.93631
308 -10.7782
318 -3.74255
288 -0.518982
448 -1.63287
794 13.9005
1016 2.42316
738 1.5249
563 0.141541
326 -60.7369
438 -4.24573
909 2.19897
239 -13.0841
452 -1.60214
336 -20.0713
586 0.327515
101 -23.7499
307 -23.2376
967 2.02148
527 -5.51788
918 41.9332
262 -11.1918
332 -62.9706
415 -2.19855
603 0.413574
308 -10.7813
49 -34.8964
628 0.529724
320 -3.49167
1039 2.65881
261 63.451
1132 1.9834
967 2.02063
373 -2.5802
909 2.19897
434 -2.27304
1015 2.43854
479 -12.6016
479 -12.6024
572 0.313904
209 -14.8891
326 -62.0205
1003 2.32971
389 -2.56485
24 -49.1724
436 -1.87051
371 -2.67368
645 0.486145
317 -3.75992
971 58.153
224 -13.5809
545 0.0390015
510 -0.34314
526 -0.237671
1132 1.9834
389 -2.56476
479 -12.6015
24 -49.173
383 -19.3134
243 -12.9488
701 1.39087
308 -10.792
250 -12.6774
450 -1.59799
797 1.22186
966 1.96063
697 1.10321
520 -0.227783
447 -1.59543
262 -11.1908
101 -23.7498
436 -1.87054
446 -1.64569
520 -7.9223
356 -7.02399
953 1.88312
924 1.94116
396 -3.25714
407 -39.9319
395 -3.25348
826 1.15356
760 1.06018
371 -2.67346
482 -1.76285
664 4.58502
572 0.293884
1029 10.1604
356 -7.02423
344 -8.96155
898 12.6179
481 -1.49246
225 -13.8338
462 -13.7476
224 -13.6287
588 0.4151
525 -0.197205
1053 5.69568
664 4.5705
585 0.41687
887 13.7172
482 -1.75528
357 -1.39563
100 -23.5581
412 -2.16617
288 -0.511902
534 -4.02075
408 -43.7675
874 15.0878
288 -0.516205
373 -2.62018
356 -7.02496
138 -31.0352
739 1.68903
943 1.88086
423 -2.28467
360 -8.38879
451 -1.63431
859 1.33173
436 -1.87039
478 -12.6675
575 0.333252
527 -5.50562
512 -0.310547
481 -1.4834
408 -50.819
1053 2.41455
519 -5.80103
668 0.630249
1149 3.33313
332 -62.975
307 -23.2265
406 -52.1135
813 1.25995
354 -8.81787
287 49.6123
552 -0.782837
561 -0.155823
401 -2.65167
533 -4.18939
373 -2.58032
614 0.404968
994 28.6001
450 -5.24756
819 12.781
645 0.49054
739 2.16241
356 -7.02441
320 -3.74283
326 -60.5341
293 -4.1553
1012 31.4125
291 170.605
308 -10.7858
13 -59.8153
360 -8.40179
273 65.9172
968 2.99872
288 -0.512329
278 -4.17581
342 -8.78751
872 16.572
354 -8.74316
1179 20.9432
143 -20.4433
403 -7.7496
356 -7.02139
617 0.509155
982 2.14618
906 40.4086
194 -15.8625
566 0.179443
869 38.4395
666 4.60931
337 -12.5273
533 -4.02112
287 49.989
362 -1.26675
786 17.1074
383 -19.3223
356 -7.02484
284 -6.11914
437 -2.06689
1031 2.52869
412 -2.16611
208 -14.8988
739 1.68903
612 0.403198
775 1.10938
501 -0.421967
642 0.455811
549 -0.0297852
406 -51.9596
288 -0.511688
533 -4.18933
383 -19.3165
251 -12.7126
1039 2.65833
446 -1.65067
533 -4.1897
803 1.19867
373 -2.58066
10 -55.1118
246 -12.7732
967 2.02063
894 36.6357
450 -1.59857
617 0.522278
738 1.52478
262 -11.1909
235 -13.2446
319 -46.4231
971 58.1524
138 -31.0231
288 -0.516571
617 0.50116
1048 2.44214
287 49.9865
937 13.0016
994 28.5974
250 -12.7056
502 -8.91699
474 -14.4271
323 -22.0278
288 -0.507782
437 -1.86603
407 -51.4093
912 1.99933
406 -52.1135
580 0.299866
527 -5.51489
220 -14.0832
1048 2.44238
238 -12.9416
388 -2.51941
1019 2.52954
222 -13.5548
664 0.591248
794 1.24493
915 2.31738
250 -12.654
927 1.77673
888 14.7217
767 24.0692
478 -12.6685
507 -0.422272
140 -30.1602
395 -3.2551
293 -4.3378
402 -2.4574
906 24.866
663 0.734985
909 2.19897
373 -2.62177
594 0.369141
457 -1.68143
264 -12.3705
1050 2.323
204 -15.2903
877 13.5048
951 17.6996
264 -12.4473
1039 2.65881
937 12.9974
527 -0.270691
290 -4.20511
545 -3.18762
356 -7.02463
250 -12.6538
580 0.30072
180 -18.049
340 -8.79974
617 0.500366
237 -13.2191
590 0.361145
320 -30.5883
827 1.1347
687 1.14526
580 0.300049
520 -0.245239
1043 10.4305
894 36.5578
240 -2.5276
563 -0.613525
478 -12.6674
318 -3.74167
318 -38.8506
1003 2.33038
738 1.52478
909 2.19861
555 -0.692688
383 -19.3408
894 36.6089
331 13.8862
510 -9.50443
224 -13.6389
415 -2.19821
908 1.56866
1072 3.01404
1059 2.43298
617 0.524414
609 0.374084
827 1.13507
340 -7.65918
340 -38.5054
519 -5.80505
701 1.22571
908 1.56433
196 -15.4892
937 13.0016
701 1.22626
360 -8.40009
416 -4.79749
1053 5.62036
225 -13.5671
307 -23.2134
100 -29.1139
599 0.39447
1104 2.8916
440 -1.73233
354 -8.81729
594 0.387024
320 -47.4236
1062 2.77051
401 -2.82355
738 1.52472
665 4.53241
278 -4.17563
237 3.54626
36 -36.7189
869 17.8806
937 12.9901
608 0.388367
209 -14.8719
481 -1.4837
403 -7.7439
238 -12.9414
238 -13.0298
250 -12.6537
550 -1.39441
140 -30.4648
320 -47.5176
224 -13.6298
250 -12.6537
238 -12.9433
66 -33.8575
323 -22.0213
971 58.153
228 -13.4507
605 0.418091
614 0.389587
915 1.95502
481 -1.48346
358 -34.252
435 -2.28577
262 -11.19
563 0.14093
261 63.8658
446 -1.64798
307 -23.2426
318 -27.4201
918 41.9686
968 2.97473
500 -9.51242
1039 2.65869
874 15.0471
527 -5.51849
332 -62.9904
180 -18.0494
395 -3.26526
287 49.7016
481 -12.4082
701 1.39032
910 2.19781
43 -31.6464
1031 2.52856
192 -15.3508
918 41.9105
928 2.05774
528 -5.47314
239 -13.0841
645 0.487305
558 -2.16626
356 -7.02744
356 -7.02457
1032 2.49451
412 -2.1662
614 0.34082
739 1.68903
953 17.1881
264 -12.389
226 -13.5604
462 -13.7477
908 1.56842
318 -3.74268
1132 1.98315
16 -40.6301
395 -3.26471
446 -1.6517
238 -12.9426
223 -13.7649
701 1.22577
396 -3.25851
412 -2.16592
550 0.0621948
594 0.35907
671 0.56781
240 -13.0282
402 -5.84204
371 -2.66861
320 -3.49136
366 -0.201965
282 -8.47534
197 -15.7787
552 -0.038269
1072 3.01404
223 -13.9605
906 2.01086
356 -7.02405
538 -2.20654
592 0.348206
1050 2.323
967 2.01642
664 4.5744
918 41.9124
503 -0.614044
930 -32.1732
253 -31.7395
663 0.735107
525 -0.581482
101 -23.7499
223 107.917
914 13.254
80 -32.0493
1043 3.22424
261 -11.1852
973 6.46405
245 -13.0231
1011 31.7805
571 0.0924683
525 -0.351501
288 -0.513367
288 -0.51416
876 1.3833
401 -2.82394
436 -1.87033
4 -50.8589
1029 10.1565
250 -12.6538
1048 2.49072
913 13.2615
1028 2.49463
906 40.3722
224 -13.6294
325 -61.1293
415 -2.19019
1028 2.49011
660 0.60907
248 -12.7202
1038 2.59167
572 0.287964
750 1.32892
894 36.6214
408 -50.811
566 -1.01349
237 -13.2191
776 1.10944
274 -10.6398
739 1.6889
354 -8.57758
47 -35.1161
739 1.6889
238 -12.941
228 -13.548
155 -20.004
701 1.39099
451 -1.63403
247 -12.9912
388 -2.53909
211 -14.2837
275 -9.73294
738 1.2215
402 -2.47208
249 101.499
563 -0.604614
1099 2.75659
701 1.22791
558 -2.15698
735 4.17401
262 -11.1907
230 -13.5817
271 -9.10892
546 -2.19177
727 0.973511
288 -0.516602
238 -12.9419
24 -49.1717
143 -20.442
8 -52.6493
973 6.64307
348 -8.46896
295 -4.20294
594 0.423279
331 -3.41135
155 -20.0062
719 20.3455
524 -7.48132
968 2.97003
1043 10.6963
425 -2.20493
738 1.16638
289 -15.3386
876 1.3858
910 3.74921
665 4.64795
552 0.0598755
686 0.745789
572 0.313599
874 15.4871
953 1.88556
101 -23.742
563 -0.605164
701 1.22583
263 -10.8906
580 0.265503
776 1.11029
273 65.3899
519 -8.07199
525 -0.563843
237 -13.2175
1072 3.01392
51 -35.4862
342 -8.85019
968 2.96851
596 0.443542
1028 2.49426
869 17.8519
776 1.11267
520 -7.78473
451 -1.63431
697 1.10339
383 -19.3223
250 -12.7057
434 -2.27319
288 -0.510132
635 0.554932
494 -0.9198
198 -15.3738
262 -11.1915
867 3.91278
98 -23.8364
817 1.24939
237 -13.2185
563 -0.614136
66 -33.8573
450 -1.59888
918 42.0017
462 -13.7475
250 -12.7055
894 36.6436
913 13.2606
776 1.1084
372 -8.36993
237 -13.2194
588 0.415771
665 4.55945
237 -13.2388
972 4.73181
1188 17.3524
472 -4.70624
180 -18.0495
434 -2.17871
501 -9.45984
633 0.517273
239 -13.0841
968 2.97882
380 -4.06595
525 -0.476929
367 -2.74261
630 0.578064
1072 3.01379
874 14.4604
274 -10.6593
180 -18.049
337 -6.25931
739 1.6889
809 1.21466
738 1.22058
434 -2.18445
906 40.3544
910 3.75287
525 -0.560608
599 0.394775
283 -4.72815
48 -30.2452
224 -13.6772
224 -13.6405
251 4.50076
223 107.844
484 -2.65851
227 106.687
412 -2.16599
869 17.8503
754 8.13605
307 -23.2252
237 -13.2175
318 -3.7417
1028 2.49792
979 2.0321
224 -13.6298
575 0.310974
525 -0.584595
494 -11.2844
635 2.37164
592 0.336548
1179 20.7529
676 0.809998
691 1.16168
53 -30.0568
395 -3.2655
97 -24.0528
396 -3.55704
358 -34.278
233 -13.3273
1155 45.6097
701 1.22662
308 -3.90128
261 63.8737
460 -1.74194
1031 2.52502
237 -13.2192
818 1.25964
671 0.567688
874 15.4716
351 -8.91431
226 -13.547
32 -34.2185
450 -1.59872
274 -10.729
383 -19.3445
827 1.1449
406 -52.1135
525 -0.477722
510 -0.236023
874 14.2312
227 -13.6006
8 -52.6936
701 1.22583
599 0.39447
208 -14.9124
859 1.3335
494 -1.00259
390 -3.67673
563 0.14093
575 0.305786
997 3.21906
408 -50.8105
348 -8.517
478 -2.4465
1200 -1.37549
458 -1.68158
575 0.303955
434 -2.18521
237 -13.2174
223 -13.9601
870 4.10156
261 -11.1864
180 -18.0494
223 60.879
262 -11.1902
996 2.03632
563 0.141235
541 -0.426392
635 2.37103
582 -0.0124512
224 57.7596
1104 2.87695
320 -3.49191
268 -10.8048
138 -31.0272
786 17.1047
238 -12.9414
278 -6.28265
1155 45.605
293 -4.12659
41 -19.2742
915 1.88293
776 1.112
402 -5.86206
249 101.499
348 -8.49493
238 -13.0314
51 -35.4859
525 -0.476868
41 -19.2752
318 -3.74164
535 -0.182922
224 -13.6343
224 -13.6352
434 -2.20502
357 -8.67755
686 1.09973
1165 2.69836
520 -7.92224
437 -2.1904
1165 2.69763
943 1.88116
834 15.7637
908 1.56842
1053 5.69861
281 -4.70316
481 -1.48349
8 -52.8191
238 -13.03
354 -8.57745
433 -2.24652
278 -4.17563
313 -3.52042
949 18.3381
239 -13.0842
1122 12.1243
250 -12.7049
791 16.8745
285 -6.08722
1165 2.69714
25 -8.54833
697 1.10394
313 -3.51923
384 -6.75467
478 -2.9556
261 -11.1862
16 -40.6339
318 -3.74173
320 -3.49164
909 2.19885
227 -13.4473
697 1.10278
936 15.336
738 1.52478
408 -50.8106
16 -40.6294
356 -7.02469
241 -13.0849
1165 2.69727
588 0.315613
525 -0.477051
896 14.7195
869 17.8498
238 -12.9424
875 13.8065
1122 12.1879
593 0.358154
738 1.52478
563 0.141724
396 -3.26059
237 -13.2175
264 -12.6743
223 107.904
395 -3.25229
697 1.10315
697 1.10321
943 1.88129
263 -12.7003
354 -8.81754
434 -2.18515
384 -6.77536
237 -13.2191
156 -32.1995
547 -0.464111
264 -12.3761
351 -8.91428
1012 2.39191
143 -20.444
1028 2.48718
593 0.33905
288 -0.510925
307 -21.0993
867 3.90723
972 4.62195
1028 2.49768
402 -2.45731
543 -2.28021
417 -4.89954
65 -34.2242
224 -13.6298
914 13.2546
808 1.21246
797 21.9327
971 58.155
59 -34.3135
876 16.3377
481 -1.49219
223 -13.9604
910 3.82007
261 -11.1865
1208 -5.39636
434 -2.17856
313 -3.51834
684 1.26532
250 -12.6539
481 -1.49255
65 -33.8578
434 -2.18442
1104 2.89001
223 -13.9604
38 -32.8816
820 1.26678
200 75.8926
415 -2.19659
1029 10.1565
238 -13.0319
968 2.96863
856 15.8147
473 -3.29193
525 -0.47699
308 -3.90131
261 -11.1855
803 1.20844
471 -2.08527
482 -1.7551
219 6.69563
798 22.0538
590 0.338928
882 15.6104
383 -19.3192
137 -21.933
914 11.7271
478 -3.5567
356 -7.02591
60 -34.5526
527 -5.51355
278 -4.17569
874 15.4695
288 -0.510712
346 -8.8476
3 -47.9185
469 -0.829956
529 -0.424255
949 18.5959
820 12.8345
101 -23.7498
239 -13.0844
968 3.0036
250 -12.7057
438 -4.24591
99 -23.7794
957 17.4839
121 -24.0646
223 107.9
434 -2.27301
69 -33.3707
238 -12.9417
701 1.22589
437 -2.20883
396 -3.25601
226 115.391
16 -40.6177
994 3.75665
126 -23.7358
40 -31.5889
262 134.535
504 -4.34909
583 0.301941
640 0.57019
697 1.10339
457 -1.69702
740 5.2691
405 -4.35358
1200 -1.37561
152 -32.2523
356 -7.02533
856 15.7827
356 -7.02417
200 75.8911
968 2.99921
101 -23.1904
1007 2.95154
739 2.84589
1053 5.35229
838 15.9871
262 -11.191
822 23.0455
432 -2.21185
755 20.3083
701 1.22803
610 0.308533
481 -12.4082
918 42.006
920 0.149536
167 50.3413
138 -31.0397
240 120.249
1039 2.65833
456 -1.68137
41 -19.2923
41 -19.2631
822 23.0475
25 -8.54419
1028 2.48669
849 42.8638
237 0.712448
767 24.1457
591 0.346436
302 -9.44357
411 -9.36676
1028 2.48303
738 1.22198
819 12.716
804 1.211
346 -1.38205
238 -13.0313
200 75.8939
218 -14.1317
642 0.44458
994 28.5976
238 -13.0316
263 -12.7002
771 32.0127
838 13.4086
867 3.90411
607 0.30603
284 -6.12384
895 14.7163
1028 2.48364
1003 2.33002
9 -57.004
931 15.9568
284 -6.12854
41 -32.1664
359 -8.54382
197 -15.7787
331 -3.4299
563 0.140991
335 -2.63657
395 -3.25342
989 -19.6905
840 29.6285
1188 20.1003
773 18.6164
238 -13.0328
1019 2.5321
248 102.857
250 -12.4362
967 2.01599
617 0.500854
1179 20.7318
332 -3.25177
238 -13.03
688 7.09485
521 -0.373047
642 0.598022
842 47.6946
819 12.7365
782 17.2185
204 78.8565
1179 20.7006
537 -0.0752563
257 -12.1295
121 -24.0729
304 -6.73679
886 13.7507
874 15.4718
646 2.60583
446 -1.64841
920 7.2608
36 -32.5893
363 -8.46912
914 13.2547
450 -5.25922
848 43.3621
856 15.7453
16 -40.6315
224 -13.6381
218 -14.1883
252 -12.1367
586 0.294861
972 4.72687
968 2.96832
220 129.687
100 -23.558
870 4.09863
193 -14.7798
250 -12.4361
733 9.97369
754 1.02228
313 -3.52014
701 1.22583
140 -29.9058
209 -14.8339
239 -13.0842
354 -8.81793
836 16.3072
231 117.368
647 2.75159
509 -0.995026
904 9.15631
838 15.9901
519 -8.07184
239 -13.0839
525 -0.58551
56 -34.4463
219 -14.1482
723 1.0304
545 0.0719604
617 0.523071
223 107.897
211 -15.6587
647 2.71991
737 22.853
460 -1.25388
199 68.7853
70 -33.3403
412 -4.59888
930 -32.0387
604 0.469604
301 -4.09863
563 0.140869
1025 2.67896
874 15.4922
822 23.0209
645 0.492798
913 13.2309
810 7.96423
121 -24.0697
933 21.0967
971 58.1527
996 2.03564
245 -13.2649
932 7.94391
1188 17.339
403 -5.92407
264 -12.4374
16 -40.6248
211 -14.8573
856 15.7975
546 -0.0376587
782 17.2138
42 -34.2774
228 95.1204
1200 -1.53955
525 -0.47699
533 -4.18878
592 0.304993
186 -18.1613
143 -20.445
941 18.8959
351 -8.32825
844 1.56396
1028 2.49438
548 0.0223389
223 -13.9605
1072 3.01404
273 65.3621
198 -15.631
1099 2.75171
8 -52.7971
733 4.54034
444 -1.6134
737 22.7753
308 -3.90137
223 -13.9603
921 42.9221
840 29.6055
24 -49.1735
376 -16.4148
16 -40.6249
1031 2.52991
387 -7.6106
617 0.500916
674 6.18292
216 -14.2417
972 4.73248
25 -8.55031
522 -0.361938
181 -18.5507
254 -12.3965
414 -4.77234
635 1.12872
765 1.00836
820 13.5457
8 -54.3984
876 1.3855
914 13.1776
109 -23.7653
209 -14.8679
725 0.99353
238 -12.9416
727 -0.133667
250 -12.6537
970 1.89868
1047 6.42554
756 1.0282
261 -11.186
318 -3.74173
913 13.2596
353 -8.45306
599 0.394592
909 2.19867
913 13.2309
199 68.724
847 44.2866
996 2.03607
235 -13.2591
635 2.37225
483 -2.93768
671 0.567566
408 -50.8106
462 -13.7463
197 -15.9953
360 -8.3912
1007 2.95178
214 -14.9593
143 -20.4423
525 -0.477844
151 -30.7869
505 -0.307831
1028 2.48743
249 -12.7096
673 6.34216
511 -0.550354
472 -4.69562
223 107.883
725 4.5144
867 3.9068
250 -12.6537
51 -35.4856
462 -1.6969
219 6.20306
986 0.403259
354 -8.74338
264 -12.4167
330 -6.42703
881 5.12866
870 4.09741
218 -14.1316
351 -8.91422
797 22.0233
271 -9.08347
742 1.19495
797 1.71521
481 -1.49207
313 -3.51987
842 47.5327
402 -2.47141
434 -2.27319
820 12.8495
823 1.22925
666 6.7196
518 -0.398682
269 9.68893
404 -2.39856
245 57.0455
54 -35.107
347 -8.58368
718 2.53754
821 1.43768
848 1.08795
1200 -1.38159
156 -32.1949
664 4.58997
794 28.5502
568 -0.355591
906 40.3652
198 -17.0319
262 -11.1901
666 5.39679
126 -23.7357
43 -33.4906
716 1.70905
914 11.5347
156 -32.1863
1203 15.0757
123 -22.841
224 -13.888
737 22.7195
740 5.27966
239 86.0605
786 17.1019
227 117.168
355 -0.801605
776 1.10846
400 -2.48788
212 63.1813
786 17.0997
237 -13.2193
808 37.4
737 22.7131
866 1.37183
700 2.10718
236 103.137
525 -0.567993
617 0.501038
838 13.1495
221 16.0117
905 1.61707
955 33.6482
937 12.9937
384 -6.76065
261 -12.2156
80 -32.0502
272 -10.6937
140 -30.423
357 -1.39548
237 -13.2187
611 0.319763
723 6.41516
915 1.90765
140 -29.94
575 0.335083
261 -12.1304
930 -32.1834
434 -2.2373
7 -0.962929
402 -51.3484
894 36.6187
478 -12.6682
768 25.6681
996 2.03589
754 8.13055
739 2.02258
197 -15.779
100 -23.5586
395 -3.6983
822 23.0477
921 6.24847
481 -10.6895
810 1.5816
554 0.142944
894 15.7741
726 5.41302
193 -16.2222
143 -20.4439
614 0.372314
819 12.7225
723 0.997986
250 -12.4526
770 26.0844
223 -13.9603
355 -0.801666
143 -20.4419
912 13.2179
412 -10.636
164 -20.0313
41 -19.271
226 -13.8628
819 4.72528
851 19.1329
580 0.299927
222 -13.6802
842 47.7025
710 3.38428
729 21.4229
234 53.0098
972 4.7312
782 17.2136
875 13.3967
744 5.35803
481 -1.48367
706 1.01599
180 -18.0494
191 -16.1892
758 25.9199
236 101.422
837 5.95483
946 18.9992
563 -0.615234
651 0.61322
914 13.1987
754 8.13599
47 -14.7901
715 1.60034
995 -11.7823
1084 2.68982
691 8.33905
355 -0.801758
717 20.1526
869 4.09821
612 0.317139
877 28.1254
1007 2.95154
719 0.97113
354 -8.8175
7 -0.957936
808 5.3125
691 8.33948
689 6.9234
876 16.3417
850 19.3026
819 12.0564
691 2.49091
353 -8.79123
816 14.1322
617 0.501038
3 -47.6819
703 0.847168
279 -10.268
223 -14.2198
213 -14.4249
691 8.33978
52 -28.1632
827 19.6278
357 -1.42105
955 51.0314
800 26.6851
198 -17.0334
631 0.497131
632 0.531738
829 17.1164
288 -0.521118
406 -52.1139
512 -4.98422
492 -1.27747
767 24.1118
267 10.4945
742 1.16455
939 17.2501
848 13.1244
778 25.5268
635 2.37134
767 24.1453
1016 2.39954
797 4.42194
238 -13.0314
997 2.87567
464 -1.09122
547 -1.76135
646 0.513672
753 8.66595
687 1.19855
952 55.4078
790 11.9095
913 31.7047
663 6.30908
582 0.303589
755 7.61646
438 -1.80817
464 -1.68716
396 -16.8727
752 6.38806
733 1.3783
230 -13.4754
497 -0.878815
49 -29.922
224 -13.6292
947 19.2473
742 1.16693
953 33.5116
66 -33.8573
996 2.03369
784 25.3607
356 -7.02188
51 -35.4857
230 55.2771
270 82.4828
126 -23.7359
354 -8.81827
675 6.60938
332 -62.9777
527 -5.5011
1007 2.95142
201 75.9151
244 -12.7877
239 -13.1037
200 -16.8713
684 2.05713
66 -33.8573
667 6.8017
972 1.89777
808 37.1194
536 -1.98193
527 -0.387024
209 -15.1743
101 -23.2729
302 -4.10315
200 -16.8722
930 -32.1494
204 78.8253
875 13.3697
776 1.1095
731 3.84564
288 -0.510498
154 -17.2462
775 1.10968
392 -3.70947
216 124.631
894 36.6152
665 4.66779
906 40.4066
370 -8.36307
785 11.4976
689 2.50275
5 -51.2615
669 7.01581
822 23.0171
664 4.59039
218 -14.1309
403 -5.88177
451 -1.63434
1039 2.65857
779 25.5569
913 7.78601
401 -2.82581
720 6.07544
543 -1.53357
240 -13.155
676 1.6709
821 35.4538
525 -0.477417
25 -8.55027
421 -2.26077
473 -2.36935
354 -8.8175
708 0.42334
525 -0.387695
808 37.4975
223 -13.9604
1170 2.66895
941 1.87872
50 -25.9775
251 119.977
318 -42.6573
714 3.13544
821 1.43866
126 -23.7357
906 40.3733
200 -16.8716
930 1.71021
730 2.70935
923 1.41779
719 8.41583
451 -1.63458
698 12.4928
794 11.0056
239 -13.0843
66 -33.8561
955 33.5969
223 -13.9603
829 17.1165
866 18.1454
69 -25.1443
236 109.033
772 41.9459
827 1.13538
820 1.26477
755 7.47461
869 4.06818
678 3.19525
653 3.49628
827 19.3172
767 8.1897
914 11.7281
603 0.406677
149 14.0184
539 0.0256348
247 -13.1918
164 -20.0308
697 1.10315
912 13.6058
332 -62.9817
558 -2.16595
721 1.00177
214 -14.2729
645 0.491943
669 7.0722
185 165.428
414 -4.77203
1085 2.66357
665 6.60846
361 -4.0278
335 -6.20157
996 2.03894
856 47.04
52 -17.7382
635 2.3714
155 -20.0295
847 44.2848
399 -3.58755
719 2.07178
352 -8.20697
211 77.1099
25 -8.55243
7 -0.955454
545 -1.99658
198 88.7148
727 13.9896
732 2.25208
360 -8.38724
39 -19.3261
351 -8.13651
201 -15.1511
717 20.1528
990 1.93109
668 6.9707
895 1.55688
218 -14.1311
1087 3.55396
455 -1.69547
860 1.5321
872 16.6223
225 -13.5525
348 -8.75775
80 -32.0485
275 -11.5394
729 15.135
25 -8.55051
530 -0.254883
482 -1.75522
482 -1.75507
516 -0.211914
266 -1.50275
238 -13.0297
261 63.4704
812 5.01715
732 10.2955
434 -2.27319
7 -34.4987
676 6.5741
200 -16.8712
791 16.8684
512 -4.98221
97 -24.0527
507 -1.17148
790 27.7738
839 17.3575
635 2.3717
25 -8.54163
754 3.14429
906 9.34064
66 -33.8575
226 127.948
402 -53.2099
889 20.2905
525 -0.475586
690 0.765747
401 -2.82504
64 -34.5367
223 -13.9603
993 3.30627
167 22.7017
228 -13.6465
912 0.291199
209 -14.8928
732 10.2816
278 -4.17566
670 4.75665
978 2.13226
51 -35.4858
776 1.10944
738 1.52484
80 -32.0486
340 -6.8074
302 -7.34601
848 13.1241
806 10.2307
480 -1.72696
995 -11.7172
220 -14.353
164 -20.0306
741 1.44714
193 55.0103
973 6.66986
208 -14.6276
1053 5.70288
200 -16.871
261 63.872
263 -12.7002
366 -8.40363
284 -6.12814
938 18.7968
434 -2.27301
109 -23.6739
808 37.9553
239 -13.0897
635 2.37109
276 -10.551
829 11.8905
827 18.6197
939 17.2299
887 26.5232
40 -17.6376
197 -15.7787
86 -19.2934
229 -13.606
489 -1.48138
99 -23.7506
353 -8.79126
443 -1.9978
313 -3.52042
120 18.4894
103 -24.673
384 -6.77814
252 -12.5846
1031 2.521
617 0.5
6 24.8482
182 60.2425
484 -1.80569
563 0.141724
211 -15.238
248 -12.6033
354 -8.81726
218 -14.1329
924 6.60358
236 -13.3556
173 -18.0315
371 -2.67365
1187 16.7361
874 15.4746
19 -30.9008
99 -23.7493
250 -12.7054
156 -19.1402
735 1.9472
930 -32.0807
6 -53.6806
260 101.539
973 6.30676
275 -4.88696
263 -12.7006
847 43.9208
837 5.86407
619 0.475708
1062 -23.4594
870 17.8667
262 -11.19
298 -4.00302
785 26.5331
396 -18.5948
738 1.52484
66 -33.8573
742 1.17017
243 -13.0579
940 17.8121
241 -13.2031
734 1.76794
662 0.377258
702 4.66687
768 25.4139
193 -16.0671
864 2.51453
492 -3.49414
138 -31.0397
691 8.33881
813 20.4288
223 -13.9602
237 -13.2194
230 114.668
737 22.7868
1050 8.65503
756 2.86761
582 0.309326
144 18.1292
846 36.5918
533 -0.265808
468 -12.7521
684 2.19965
700 0.726318
7 -0.970511
707 5.36902
874 15.4626
664 4.57367
683 2.48627
251 -12.3567
798 13.649
703 1.24329
764 1.20496
46 -34.0185
809 8.35028
100 -23.5587
791 16.8928
822 23.0259
867 3.90344
905 43.1533
916 19.4063
247 -12.6767
223 -13.7708
19 -42.2323
794 11.073
820 12.8354
405 -4.02719
199 68.7207
301 -4.09625
50 -26.0041
52 -29.9766
729 11.1578
904 -13.962
792 10.8967
1013 -4.63562
778 27.5584
527 -5.48975
221 130.444
742 1.16986
690 2.40082
892 18.5405
829 17.1035
798 22.0539
1200 -1.55469
847 0.943542
48 -15.1208
224 -13.7372
768 28.1646
356 -7.02457
1053 5.70325
776 1.10846
234 -13.3784
509 -0.702301
754 19.9696
737 22.78
8 -52.6958
438 -2.28287
649 2.64807
563 0.140869
223 61.8051
38 -10.6225
902 9.69525
52 -29.9164
61 -35.0904
50 -25.9963
228 -13.5086
691 8.37006
234 -13.3823
810 24.8535
247 59.6992
482 -1.75522
761 1.33643
214 125.475
588 0.359131
432 -2.23657
767 8.19366
643 2.15771
384 -3.173
755 7.45148
534 -0.63623
64 -26.3683
218 -14.4898
24 -49.1727
41 -19.2729
503 -10.2801
930 -32.1582
972 5.97699
995 -11.671
879 28.3251
758 2.43988
1035 2.57507
403 -3.44128
630 0.497742
69 -25.1428
357 -1.40311
664 5.10077
241 -13.0311
295 -4.13525
788 24.2512
739 2.8764
535 -0.225098
101 -22.9539
239 -13.1162
506 -1.18021
535 -0.26532
197 -15.7787
36 -33.424
842 47.7011
384 -6.61826
450 -5.25388
915 11.924
402 -3.46625
1200 -1.37634
250 -12.6304
895 19.2606
232 -13.4059
788 13.0518
274 -10.4371
697 1.10284
271 -9.13547
877 30.5874
180 82.2151
354 -8.57773
739 2.84656
267 -13.8257
236 -13.2792
287 49.7156
219 6.28807
871 18.9613
739 1.68896
145 42.0333
832 16.9764
701 1.8479
250 -12.6536
586 0.320557
731 10.2086
983 -20.4005
267 -4.39545
692 8.39606
819 12.7836
681 1.83405
595 0.356934
777 26.8457
66 -33.8576
911 54.3707
775 17.9179
935 44.094
793 11.2765
659 4.34344
97 -24.0528
738 2.34039
271 -5.50592
223 -13.9604
145 60.7985
2 -51.7835
180 59.0236
859 1.33191
534 -0.23645
173 -18.0296
707 5.36786
354 -8.74316
953 1.88226
183 53.2104
729 11.4072
357 -1.41934
899 12.5949
236 -13.251
656 3.93036
7 -34.4489
450 -1.59863
712 -12.6032
344 -7.22961
765 26.0618
840 29.6028
714 18.6414
720 7.47504
708 0.423462
704 4.15985
708 11.1937
972 4.73083
717 20.1436
870 4.09784
227 -13.7755
200 -16.872
180 -18.0493
16 -39.4852
262 -11.1907
1172 2.65747
167 8.31958
408 -22.6203
878 3.33203
730 21.5031
762 1.18097
229 -13.5765
290 5.608
816 -29.5316
753 9.48126
797 22.0079
786 17.0594
657 1.00549
197 -15.7787
914 11.7377
120 18.6239
143 -20.4444
505 -7.25259
805 13.3229
173 -18.0309
278 -10.5323
914 13.2575
867 3.90552
990 -9.56451
870 4.08179
239 -13.0892
798 22.048
200 -16.8711
355 -0.802002
742 1.16748
224 -14.0775
952 54.9152
996 2.03412
943 6.28308
116 -8.13479
789 27.8011
532 -0.435059
126 -23.7358
995 -11.6239
618 0.439331
751 4.61041
617 0.501221
126 -23.7358
799 13.6345
708 0.42511
928 -47.9847
274 -10.631
100 -23.5582
129 -23.7969
332 -3.25244
440 -6.6109
846 17.0992
371 -2.66928
222 -14.271
799 25.233
301 -4.9379
717 20.1532
850 19.4241
596 0.400757
213 63.1417
870 4.10767
879 26.7459
930 -32.0262
984 3.05695
998 20.0934
936 15.3714
262 88.8256
697 1.10266
373 -2.6217
776 1.12396
848 13.1265
644 1.46295
438 -4.24597
776 35.4053
218 -14.1307
229 112.823
278 -4.32358
906 42.345
838 15.9933
248 -12.5657
563 0.141846
938 20.4704
733 9.96436
576 0.289185
519 -8.07199
642 1.36047
847 44.0829
786 17.1063
824 17.4607
787 8.0083
739 1.80029
711 -8.61719
100 -29.1433
908 7.24371
838 13.4078
691 8.32275
992 3.01703
950 50.7637
737 22.8525
912 4.20569
59 -20.7971
690 8.2229
742 1.16986
509 -0.738037
510 -6.97119
883 29.4592
164 -20.0362
556 0.0935669
580 0.306946
326 -69.4244
890 38.5531
751 1.03815
347 -7.84515
712 1.31305
411 -2.29709
729 15.1454
356 -7.0217
217 -2.6263
866 27.385
822 23.0208
957 56.2947
251 120.14
1234 11.7844
525 -0.563843
647 0.446899
886 29.6312
661 -0.670837
180 -18.0493
271 -9.0459
808 37.5405
121 -24.0717
216 -14.553
580 0.329468
445 -2.16
752 21.4333
101 -22.9488
914 8.20496
224 -14.0764
1028 2.48438
419 -2.04636
343 -9.04205
178 62.0353
563 0.141785
155 -20.0277
752 20.0385
41 -19.287
774 37.9727
893 20.7514
541 -2.7287
86 19.3678
484 -1.60941
462 -1.09314
220 119.036
198 -17.0456
126 -22.8767
640 1.56427
126 -23.7356
358 -34.2263
127 -20.8714
752 24.3856
775 26.9209
849 20.0422
209 -14.8682
252 44.9971
714 9.73773
952 54.947
1208 -5.38293
737 22.8531
611 1.87012
736 11.6572
809 2.43091
480 -10.4245
151 -22.007
997 2.94177
657 4.31519
860 30.77
738 6.08679
261 -11.1858
936 15.3201
729 15.1487
521 -0.388672
808 24.9438
222 -14.1089
484 -1.7262
24 -49.1735
101 -23.1475
161 -18.9999
73 -29.3846
736 11.6541
69 -26.776
994 28.5967
277 -10.8805
689 8.21112
870 4.10938
741 1.26038
225 -13.9084
140 -29.9147
912 13.3906
253 -11.587
735 3.17938
808 37.5251
918 8.59906
797 4.48816
198 -16.9507
563 0.141235
228 59.7091
767 24.0704
994 28.596
234 -13.4138
850 19.4142
127 -24.3744
1000 -10.5311
709 2.38
775 1.10968
219 6.06265
508 -1.21078
200 75.8683
414 -50.25
967 2.02142
41 -19.2752
911 41.2408
261 -11.2196
856 15.7512
914 11.7229
772 24.0494
912 13.2161
734 5.40271
534 -1.83099
797 21.9092
661 -0.676514
775 1.1095
995 -11.7777
819 15.3867
689 4.81036
829 17.097
180 62.0555
823 23.0213
939 17.288
1034 2.97168
940 17.4803
347 -8.88364
715 3.89233
126 -23.7358
199 68.7249
301 -4.07159
860 1.53302
885 24.2224
591 0.338501
164 -20.0367
457 -1.69299
727 -0.132629
852 14.33
920 5.43042
200 75.8846
823 19.2485
672 7.81744
711 3.12769
729 7.63666
468 -1.86349
218 -14.1317
782 17.2185
776 25.0941
176 57.3388
742 1.21149
627 1.22748
797 19.6948
803 1.70471
822 23.02
782 17.225
313 -3.51843
245 58.1858
200 -16.8713
782 17.225
198 -17.0336
755 4.36981
143 -20.4411
730 21.7424
198 10.0797
558 -2.1579
705 4.39355
1007 2.95178
711 9.87512
734 2.36127
827 2.34283
756 3.50977
729 17.8947
140 -29.9404
130 -24.2268
776 1.12372
798 22.0467
25 9.83339
601 0.409546
410 -50.5869
192 -16.486
758 1.90594
748 17.7459
693 1.66895
913 13.2612
126 -23.7359
198 -17.0322
152 -18.6354
1199 2.65295
193 54.9978
218 -13.9408
194 128.689
314 -4.37448
165 -20.2791
330 -3.31192
311 -3.79413
129 -23.7965
599 0.391907
792 1.24933
221 -13.8853
664 7.29785
819 12.7897
263 -12.7
769 1.54901
383 -4.09583
996 2.03461
234 -13.4666
553 0.0352173
193 55.0008
828 16.629
717 20.1528
735 4.12134
875 21.9686
829 17.1171
869 4.12677
869 17.8835
24 -49.1766
543 0.0214233
785 14.4311
197 -15.779
761 0.858276
953 0.226562
584 0.172607
980 -5.23242
755 7.73328
948 40.1769
1187 16.7518
968 -13.9622
378 -4.314
73 -29.3567
200 75.8895
832 20.5629
751 3.53656
1097 8.00952
414 -4.77191
784 16.3831
661 -0.672241
755 7.77972
870 4.09967
605 0.302917
716 2.77173
786 17.0629
354 -8.81747
50 -25.9919
788 27.314
214 95.9549
407 -4.50928
748 -36.7759
812 5.75299
740 5.44965
673 7.71997
519 -5.80078
819 18.0654
99 -23.7492
27 -38.4342
250 -12.7056
904 8.66516
222 -14.2073
690 8.23029
952 55.633
662 0.0782471
838 26.1156
784 10.9943
1030 -6.48328
1008 -15.2205
20 12.2128
198 -17.034
511 -0.608185
261 -20.1651
467 -1.9574
240 126.39
479 -1.53369
707 1.82812
826 19.6778
100 -29.1118
682 2.44348
470 -14.0005
848 43.7363
840 30.0144
126 -23.7355
773 30.2773
735 3.48755
842 54.9926
822 23.0197
241 -12.8826
412 -18.9104
200 75.8654
267 -10.7173
644 1.45679
418 -2.23187
38 -35.714
728 3.12531
484 -12.5157
417 -2.08862
769 53.595
556 -0.169128
224 -13.6363
113 -25.5629
268 98.5322
123 -23.619
970 -14.4336
35 -36.1265
330 -3.86136
434 -2.27328
701 0.564514
822 1.3877
718 3.06775
657 0.850525
215 -14.8794
513 -0.71405
897 28.5114
628 0.695007
751 3.62897
541 -2.72754
952 55.438
759 24.6837
681 4.87201
967 -19.9518
678 2.19257
912 45.843
185 157.244
839 17.3233
934 44.117
263 -11.6319
224 -13.6299
710 9.82104
237 62.737
124 -22.8331
742 1.16974
650 3.50446
160 44.8232
347 -7.99994
628 1.03229
271 -4.84442
228 -13.764
914 12.3118
939 17.5498
914 13.2578
982 -12.5874
911 11.4557
894 15.767
755 7.48755
1176 2.62097
341 -6.89197
408 -44.3209
751 3.81213
750 23.9081
484 -10.5403
687 7.36157
227 -13.5541
898 13.8073
99 -23.7493
183 64.636
913 27.9542
259 -11.4854
705 5.2442
102 -23.7412
914 11.5441
729 15.1393
822 23.0179
882 27.4547
418 -2.31754
544 -1.61444
681 4.88867
944 19.345
353 -8.79126
920 7.11908
144 15.6101
287 49.6356
48 -34.3153
318 -3.74167
887 14.6681
782 17.2371
752 20.105
164 -20.0365
200 -16.8717
911 13.2512
711 18.5033
717 20.1457
432 -1.14285
950 48.3766
841 30.0463
723 0.997437
723 1.00177
842 47.7213
242 -6.96771
737 22.7401
676 1.612
703 1.23932
808 37.4886
943 1.9389
1029 2.60791
889 15.7781
793 30.2745
845 15.5131
186 -18.1199
129 -23.7969
222 -14.3007
150 -21.6714
246 60.0839
481 -1.49213
672 4.7478
906 26.9669
912 1.78174
952 55.6698
221 -13.7065
145 42.0297
646 2.67548
850 27.9004
215 -14.6328
727 -0.130371
688 4.84723
737 22.741
384 -6.76056
83 -33.0813
829 34.2515
830 13.8638
662 -0.781677
729 15.1348
834 23.0273
739 2.8468
11 -35.7728
214 -14.2298
755 7.82025
357 -1.39569
893 1.7149
193 54.7891
819 12.7878
525 -0.569092
964 7.36102
952 54.9095
672 3.56451
808 37.5216
808 4.38269
878 3.36914
196 54.5993
165 -21.0835
335 -2.98969
850 19.0414
1017 1.71295
971 4.56042
150 -22.2166
912 13.2179
327 -7.86859
723 0.216064
852 31.124
729 11.4055
651 4.01825
798 13.6477
912 33.3041
816 -26.9124
767 12.5972
902 13.0306
278 -4.17557
952 54.8193
498 -3.26566
267 -10.8545
753 8.66827
753 24.9219
998 -1.40265
870 4.09491
842 47.6874
69 -26.7768
296 -4.24866
24 -49.1748
839 30.0225
199 68.7251
404 -2.13129
770 1.78613
915 11.9174
671 0.567749
826 24.6483
800 13.4443
175 23.0972
974 -16.5065
229 -13.5744
791 27.9863
83 -33.0826
730 10.1755
841 17.3611
887 10.9338
354 -8.81815
512 -0.44751
939 17.6198
438 -2.29166
422 -4.85944
952 54.9551
852 17.3476
165 11.9527
773 26.8582
965 43.732
256 -12.1163
464 -1.58887
994 28.7045
193 55.0048
930 -32.1676
782 17.2216
837 26.9885
930 -32.1649
1020 2.00928
901 12.8973
215 -14.108
372 -5.35928
871 26.5327
713 7.02039
779 27.1442
681 3.6059
478 -11.7254
915 41.2565
651 3.43542
541 0.0550537
676 4.78992
386 -19.3792
100 -29.1116
670 5.97437
519 -8.25189
169 -35.4986
837 2.30927
797 22.0206
124 -21.6457
497 -0.623901
674 3.55884
538 -3.31158
481 -1.4837
238 -13.0308
760 19.4578
1062 -23.358
339 -9.06656
720 3.6701
198 -17.0467
796 20.0327
213 -15.2315
200 75.8792
224 -13.9351
414 -4.77225
779 25.8169
307 170.621
559 -0.754456
156 5.49329
807 12.2945
652 4.24725
234 -13.3538
413 -4.79465
717 20.1528
228 -13.7766
199 -16.9703
693 4.36096
939 17.231
213 -14.8188
952 10.9099
654 3.75409
189 -17.2048
939 17.1342
783 31.7743
396 -4.94165
375 -7.17715
580 0.299927
621 3.9856
177 60.5472
870 4.09882
741 1.5274
223 78.1416
70 -31.3785
135 -22.846
913 2.43903
934 44.1181
709 5.38269
698 8.55975
740 5.27618
281 -4.31668
704 8.83179
931 5.22931
232 116.674
237 -13.2189
187 133.701
193 55.0002
754 8.13464
769 53.5551
120 18.4848
197 59.4356
910 41.7906
358 -34.2542
789 27.623
390 -2.77774
701 1.22577
198 -16.951
737 2.15167
786 17.088
878 14.3102
1032 2.49158
223 99.6398
725 3.02643
870 4.05756
126 -23.7355
764 5.75555
114 12.3784
103 -24.6731
752 6.37994
894 36.6298
686 4.05536
408 -44.0405
384 -3.15662
775 1.10956
519 -8.07159
231 -13.3825
126 -23.7358
722 10.637
771 26.8542
351 -8.91406
743 1.16199
420 -4.90677
481 -1.49271
694 2.51843
271 -10.5477
219 -14.316
713 4.77795
630 1.34241
692 8.17871
774 1.89056
314 -4.3746
847 43.7599
898 12.5968
514 -0.664856
1007 2.95343
755 24.464
198 -17.0349
291 170.605
819 13.1551
247 -12.5806
239 -12.8933
725 0.701294
793 34.6298
729 15.1329
799 13.6357
688 2.13263
151 0.473282
1018 2.08667
708 9.06494
876 16.3392
765 18.7907
185 -18.6022
840 17.381
906 24.8599
697 1.1026
168 38.1706
923 9.37512
180 -18.8661
395 -6.0867
820 13.6074
644 0.987244
153 -21.2578
752 6.38885
715 -8.21222
884 23.6764
693 1.4281
1210 2.82617
901 15.4474
755 19.6523
201 -15.1865
663 4.03931
730 21.3828
939 16.9911
859 1.33197
870 26.6953
959 16.7429
724 6.4989
19 -30.9343
657 0.762146
952 55.507
909 11.7447
833 1.43854
829 17.4891
678 6.14001
248 -13.0464
768 24.022
941 6.52576
1227 18.9335
156 5.51814
892 34.8094
239 -13.0878
320 -3.74326
652 4.23993
994 4.96692
712 3.48798
689 8.24628
489 -3.90848
527 -5.50134
645 0.487061
770 48.7368
67 -21.8158
884 22.7781
699 -1.98187
151 -21.7666
481 -1.48349
767 24.1435
707 -4.74365
100 -23.5586
701 1.39819
1014 -12.1957
930 -32.1051
737 22.7493
897 13.0927
80 -32.0539
186 149.625
468 -4.83304
302 -4.94534
910 3.8208
777 2.07941
354 -8.57663
375 -12.4839
827 37.7568
408 -4.73492
796 13.7737
830 7.01562
742 1.16705
190 68.519
739 1.6889
912 13.2162
661 3.14252
132 19.7869
789 27.1408
1023 3.20764
995 -11.7706
936 15.4276
222 -14.0502
906 24.8592
645 0.45459
823 25.2399
412 -4.97937
668 5.5592
156 -32.1924
563 -0.61438
869 4.07147
165 -21.2206
831 2.38538
772 17.1142
75 91.9335
987 -3.64844
356 -7.02563
779 20.791
1007 2.95294
674 4.80969
958 47.0562
952 55.0905
41 -19.2766
621 0.556885
79 106.35
38 -34.6183
782 17.2163
767 14.1398
133 -23.1568
870 4.1059
776 22.0964
934 44.1056
871 26.5324
354 -8.57767
789 27.8791
209 88.8504
850 19.7539
271 -9.13364
767 12.8552
889 11.5221
955 1.90881
703 3.43903
19 -30.905
704 8.94586
653 1.82324
933 5.05487
271 -9.12759
775 1.10956
222 -14.332
354 -8.81754
674 6.11804
749 -37.8671
839 17.358
921 42.2312
798 22.1669
141 -21.6468
434 -2.27319
769 12.2299
1149 3.32947
890 2.56573
811 14.3289
854 28.1784
972 -12.3066
894 36.5781
743 3.41229
886 16.6228
447 -1.93649
699 3.59003
499 -3.35724
723 7.18927
434 -2.27313
164 -20.0364
1030 3.84875
648 0.583496
1053 9.06848
771 31.5623
782 13.7648
750 1.85632
478 -12.5938
951 54.5316
564 -0.173828
551 -1.94177
387 -2.85767
801 22.0344
216 -14.8651
694 8.24573
156 -19.1393
685 1.63843
717 20.1522
770 26.9947
525 -0.475708
752 6.38782
250 -12.7057
822 23.0234
953 1.88263
1139 16.7185
688 5.21637
981 -12.9442
705 3.76532
795 20.6168
22 -1.63372
17 37.8411
446 -2.16397
706 9.50745
187 -18.0183
752 6.38831
906 24.8518
711 0.979675
437 -7.64062
158 -21.9571
752 6.38464
952 49.4099
230 66.2296
654 2.00696
1178 2.60303
1028 2.48376
419 -2.37146
734 3.01569
914 11.7346
1053 5.70129
831 16.9984
708 7.54547
159 5.22328
617 0.517944
237 -14.6424
729 15.139
815 11.5398
719 0.309326
751 7.47498
740 5.45129
700 4.3717
748 4.64502
19 -41.6694
696 13.1188
711 0.97467
930 -32.195
952 55.3012
115 -24.0421
767 12.5978
952 55.4432
769 12.0304
767 24.1481
731 10.4799
101 -22.9491
773 26.9288
870 4.10699
801 1.67218
199 68.7197
168 40.2928
757 25.0204
198 -16.9507
129 -22.8843
767 12.6
741 2.91193
917 11.7888
188 131.315
755 2.98688
684 4.74854
186 -18.1607
850 19.4144
941 5.36121
782 17.2126
808 37.4951
278 -4.17572
718 -0.0722656
225 -13.647
1046 7.47144
291 -4.39191
611 1.88751
767 29.044
934 44.1213
904 -14.7393
916 6.67749
894 36.5527
220 65.6871
814 22.3643
126 -23.7356
889 36.9979
137 -23.4118
812 21.5978
658 4.41064
804 4.26917
209 -14.6705
645 0.491394
814 30.0203
838 13.117
894 36.562
842 47.7195
1031 -7.68347
752 6.38745
786 4.37323
755 4.15485
123 -22.8422
792 16.0258
367 -8.59961
808 37.3984
759 25.6584
1113 1.87415
180 59.14
787 27.0712
848 43.2778
433 -35.3568
788 18.2927
752 19.3755
438 -2.30377
494 -0.654297
671 5.61401
434 -2.17859
691 8.33838
660 4.54657
1210 2.82666
129 -23.7967
271 -10.6639
417 -4.87277
964 -18.6611
126 -23.7358
899 11.7062
204 62.2756
240 -13.0895
698 0.729126
847 16.8359
173 14.1114
1007 2.9516
895 5.87347
890 24.0075
357 -1.40274
636 7.14349
885 16.4279
763 26.7591
281 -5.56415
1020 2.45874
197 -16.6542
101 -23.7499
631 1.07117
564 -0.178406
911 31.9923
393 -3.66034
855 18.8716
163 21.1549
882 27.0523
875 13.3735
627 1.29004
388 -3.78018
727 15.4404
995 -11.6326
301 -4.06827
183 68.6402
218 -14.1307
677 4.61975
456 -1.61896
696 3.96069
131 -23.45
647 0.553345
2 -51.7878
911 6.0451
891 26.1969
503 -10.2794
947 44.9509
208 -15.0415
838 13.1258
870 4.09772
767 12.6015
816 -25.2293
760 1.13489
343 2.43683
769 23.8391
867 3.90234
902 9.24078
1083 -10.9176
271 -9.12466
341 -8.90793
349 -8.69763
767 24.1451
726 14.6737
913 1.70526
772 6.9201
584 0.175659
372 -2.61575
131 -24.0278
476 -1.70871
460 -1.64008
808 37.5791
813 -21.4801
723 2.38806
485 -1.70184
679 6.43903
271 -9.08316
717 0.984009
462 -1.60452
727 9.45258
767 24.0643
914 11.7238
354 -8.57773
8 -54.1026
50 -26.0044
121 -22.3043
146 -22.7038
415 -39.0466
827 22.2719
704 10.3516
677 2.08203
899 37.3781
922 -35.9083
136 -45.072
346 4.4303
917 42.6998
699 7.83112
843 17.9158
838 13.4498
384 -6.60767
793 28.2406
982 -21.0683
710 9.8894
171 50.793
116 -24.581
1032 -7.76929
405 -3.99646
713 1.04773
941 7.5293
100 -29.1138
150 -21.6756
408 -44.1172
796 13.7742
197 -15.667
814 14.3678
753 8.50281
690 8.22998
415 -2.19019
846 43.1011
588 0.39563
587 0.348816
686 11.3851
724 3.21863
184 -18.5282
871 26.5328
842 47.6876
786 17.0729
870 4.09589
635 2.36938
236 -13.3249
1029 10.1566
752 6.38788
748 23.7888
636 1.68921
734 8.44165
800 4.46454
169 -8.69258
484 -1.84879
892 39.273
821 35.403
661 2.14667
182 -18.6039
271 -9.11417
1092 6.22559
691 0.632385
784 19.4866
390 -7.71716
467 -1.92062
775 37.735
908 7.24005
954 8.81848
1104 2.8905
790 17.0592
748 17.4977
57 -31.568
727 1.84839
820 13.1808
702 4.65222
833 26.216
211 -14.4595
893 1.53198
797 22.0219
953 1.19684
1014 -3.43701
160 -21.8422
120 -23.0832
761 17.9745
839 37.7175
754 8.27136
683 10.6734
564 0.129578
298 -4.15536
368 -7.41876
735 5.96857
133 -22.3969
128 -20.6333
698 0.249634
776 26.6812
830 17.0176
893 5.72064
298 -4.15863
271 -9.11288
148 -22.3457
766 24.2141
780 17.0431
914 11.725
520 -3.27374
170 -17.7239
671 4.73767
742 3.341
1064 2.698
183 -18.4441
458 -8.7261
1028 3.34631
959 7.09796
8 -54.3793
982 -21.1015
646 0.798279
298 -4.15662
770 19.4021
953 1.56812
401 -2.82648
816 -27.9371
891 38.5858
129 -6.70498
717 20.1529
830 17.1865
180 50.6956
449 -1.96118
897 12.6149
427 -38.8843
354 -8.57706
140 -30.4762
1085 2.6084
839 17.3046
166 -21.0967
737 8.91693
318 -3.7417
1028 2.50146
671 7.0249
891 26.0967
103 -24.6734
189 135.746
798 15.3834
888 17.1836
722 8.32422
754 8.12018
691 8.35406
271 -9.12698
271 -4.76077
809 2.91815
143 -20.4523
768 10.9934
928 34.4617
805 24.1829
906 42.3289
445 -35.1197
759 3.02271
109 -24.176
798 22.0498
112 -22.9165
155 -19.9978
707 5.14545
1024 3.43115
392 -41.5671
129 -23.7966
912 2.58386
851 14.6279
1027 7.49487
628 1.12457
586 -0.407043
635 2.36951
611 1.85638
362 -50.2496
727 -0.13324
770 11.908
919 42.144
716 5.03833
708 0.425293
763 16.6854
822 23.0215
681 4.82666
732 22.8082
116 -24.7519
705 2.14185
177 61.6061
910 2.19159
271 -9.12857
1018 3.51544
154 8.85033
100 -23.5581
920 5.75745
869 4.11456
855 2.14948
776 1.10852
777 44.5458
252 -12.3653
782 2.20959
19 -30.9038
819 12.765
676 3.67578
784 2.41797
693 3.71436
104 9.60145
870 26.7128
767 24.0685
512 -4.98434
481 -1.49228
801 22.0225
460 -1.56836
658 0.725647
512 -3.63611
829 3.64252
734 2.00623
215 -14.3572
793 28.6388
870 4.11267
804 28.8588
487 -4.92303
125 -24.3012
870 4.09589
52 62.2249
792 1.24927
217 43.3441
1013 -12.0493
150 -21.6753
131 -22.5953
182 -19.0172
414 -22.5026
1118 9.73206
664 6.32605
143 -22.4464
354 -8.74326
767 24.1479
894 36.5471
628 0.707886
165 -21.2224
186 132.873
884 31.7562
754 8.1286
850 25.9105
714 0.968384
662 9.42456
838 13.4481
665 0.985596
444 -2.15607
731 2.30908
914 11.5532
308 -8.11786
796 30.2257
755 25.0101
1031 2.52356
716 -9.69678
414 -11.4055
870 29.251
845 27.0917
692 8.4032
277 -10.2984
673 4.70807
773 18.6189
941 1.87866
132 -22.22
451 -16.7568
683 -0.45575
1062 -23.3232
797 22.0106
912 13.2162
799 13.6366
737 22.8561
712 -0.425598
688 4.84637
794 11.0784
357 -1.3999
620 0.50708
231 110.826
386 -3.67471
888 14.4407
754 8.12109
729 15.1348
1106 10.6681
150 -21.6707
445 -9.43585
681 3.66852
141 -23.361
780 4.65356
1024 3.65796
270 -10.81
895 39.6477
889 22.4044
792 1.24933
729 11.6458
914 11.722
732 2.6358
212 63.1805
855 46.6524
632 0.982422
142 -13.3819
1007 2.95239
596 4.42365
576 1.23212
901 9.94879
1082 49.7902
271 -10.6022
212 105.803
819 12.4835
736 11.5721
492 -1.20447
843 39.651
482 -1.7551
796 33.3937
797 1.71503
666 2.7417
833 24.5082
1097 7.99377
448 -9.29559
514 -4.06366
318 -3.70721
182 130.707
921 6.68884
900 10.5565
808 3.99298
186 149.541
707 5.36798
741 1.50964
920 32.8973
453 -1.32657
914 13.2584
714 0.963806
644 0.991455
442 -8.18417
405 -4.81223
816 11.2638
869 38.8068
899 11.054
962 16.5317
514 -0.66925
688 4.84692
859 30.5085
896 12.8425
711 0.976562
967 -18.5989
865 19.9265
1015 -26.0582
713 1.03522
701 9.08374
1004 10.8965
711 -11.3901
748 20.7154
339 -9.19528
260 63.4498
851 14.509
808 37.4797
789 27.6014
349 -8.27673
859 30.5149
157 -21.1958
637 1.51801
43 -17.1645
1022 2.36475
673 4.11664
124 -5.52965
832 17.4614
736 10.5507
154 19.6344
912 13.218
219 5.97113
778 15.961
696 1.05035
646 0.51178
705 2.11102
647 3.6792
1050 -45.6193
257 -11.9266
755 7.47595
194 -16.5714
265 -12.6159
129 -23.7967
100 -23.5579
786 17.0662
767 8.19354
899 39.9398
759 1.06616
707 11.3041
910 3.82233
83 -25.2493
296 -17.2579
452 -1.70605
789 26.9023
264 -11.4109
1139 18.0117
837 1.55804
919 36.7344
927 -53.9101
752 6.38733
782 17.2109
753 10.3605
954 65.4966
141 -23.3613
773 18.6129
44 -56.2169
347 -8.09186
768 42.38
878 5.10144
831 16.354
676 1.74896
647 0.443726
1020 6.91168
953 0.184448
642 2.1452
850 15.8036
19 -33.114
386 -19.1461
869 17.8885
184 69.6543
458 -1.6604
870 4.12195
675 4.80371
727 6.83124
457 -1.61365
870 4.09558
738 11.5671
794 38.3068
186 -18.1604
875 13.402
800 9.13696
830 22.4865
677 6.16907
847 44.3005
158 87.994
801 22.5698
710 8.61536
112 -23.9167
884 29.6965
753 24.7811
798 16.8637
679 1.07758
692 1.77417
781 13.3961
653 3.69983
228 74.8073
401 -2.82401
724 6.49829
209 -14.5586
375 -7.16757
660 4.58643
375 -7.15726
862 18.9085
657 0.898926
188 -17.8479
677 2.09619
380 -2.43073
1018 -12.2352
415 -2.36633
239 -13.0895
210 76.8936
772 38.5635
1077 22.9749
1014 -12.25
905 -15.6878
747 11.7196
906 24.8513
234 -13.8587
1013 -14.7116
482 -1.75534
1028 6.16711
763 26.0637
512 -4.98218
512 -4.10538
1050 -47.9185
567 -0.0577393
129 -23.7968
987 -3.64465
942 18.3857
16 -33.3198
1071 4.76245
828 33.7117
469 -1.22293
190 -16.4748
849 26.0582
739 1.68896
755 7.49274
61 -35.2324
436 -10.3907
669 2.00122
757 25.774
1210 2.82825
959 7.08459
727 1.35126
951 50.0505
661 2.1366
662 4.586
767 24.0691
987 -3.64221
263 -12.7
682 4.27301
358 -34.281
914 13.1784
679 4.8623
664 0.90271
1060 -16.1918
850 18.9215
1016 2.02094
405 -4.83942
246 -13.1499
421 -25.3791
586 -0.406494
103 -24.673
1005 9.90912
767 8.19049
231 -13.5435
731 7.77747
191 137.488
176 -19.2445
755 3.61432
818 32.811
639 1.62524
9 26.8034
936 15.3001
425 -45.858
676 1.57715
808 37.6461
827 1.13513
776 18.0777
900 9.74634
490 -1.3302
909 39.862
1071 4.77979
417 -2.00092
243 -12.8051
832 1.55786
611 1.888
795 38.2922
808 37.4008
1019 23.0099
1015 -11.6422
540 -2.83466
332 -3.25375
821 18.0118
646 0.517761
989 -3.85309
22 8.92542
914 41.1539
982 -21.099
160 -21.8471
538 -2.86273
781 8.27069
127 -23.9943
657 0.814941
426 -2.07285
753 8.50299
1177 9.2207
386 -19.2821
735 5.94336
419 -1.93167
769 12.2771
739 1.68903
662 4.59778
200 136.053
177 -20.0271
697 -13.6136
355 -8.93323
562 -1.25275
287 49.6478
21 -0.47415
847 44.2923
894 36.5563
789 10.6771
214 -15.0737
1036 -20.0394
164 53.6351
158 -21.9517
188 -17.8478
691 8.33929
800 28.5408
767 24.1502
776 33.0339
876 1.383
793 28.6758
801 14.5275
754 19.7913
851 25.8215
686 1.34619
752 7.4859
370 -3.03339
596 4.42407
124 47.3872
133 -11.5861
737 12.1115
157 -18.9218
939 17.2153
940 17.476
952 15.2456
915 24.1948
699 15.4666
859 1.336
641 1.78888
538 -2.22717
850 15.1019
223 107.859
939 17.0964
166 -21.097
766 20.3023
561 -0.109375
928 7.12421
28 110.276
799 13.6344
382 -3.13171
188 -17.8477
1052 -45.7593
737 22.7514
160 -21.847
1087 -9.67126
998 37.6172
684 10.6534
758 18.9266
156 -19.1325
840 41.6844
145 -22.2569
217 -14.4428
190 150.814
781 25.9894
167 -20.7343
847 44.3587
928 -49.5007
353 -8.79138
159 32.0405
408 -47.8847
127 -23.9945
886 13.7128
123 -23.9812
301 -4.11743
150 -21.6705
543 -1.46497
820 12.8452
822 23.0193
707 10.6845
904 -14.7255
808 37.9901
716 3.41107
969 -13.5342
261 107.549
1097 6.99939
127 -23.9943
543 -1.46362
21 9.2727
482 -1.84036
769 12.2078
459 -1.61365
596 4.42395
387 -2.87848
120 18.5462
617 0.499695
451 -1.41412
821 35.0116
127 -23.994
811 -1.8493
793 28.4729
460 -17.4981
1111 20.999
972 4.73383
197 -15.7788
968 2.96954
739 1.68903
839 17.3536
754 8.68933
952 40.6934
923 -39.7875
543 -1.80139
19 -30.9352
742 4.33551
727 6.83075
1032 3.46973
752 7.47815
1044 -9.95312
13 1.72836
729 10.0929
309 -11.5244
981 -13.6832
705 9.56067
763 26.5555
403 -3.44205
156 -19.1397
249 101.5
644 0.986328
841 17.4036
767 24.0645
291 170.605
188 65.7911
1004 2.32513
158 -21.9543
906 24.871
703 1.24316
327 -4.93661
718 10.1332
278 -4.17566
461 -2.56375
797 22.0185
375 -7.34576
401 -2.82468
937 12.9954
189 -11.9089
228 -13.5245
912 26.3138
198 -17.0469
829 17.0922
807 30.2575
187 -13.3737
767 24.0682
934 44.1203
180 62.0717
646 0.516602
723 1.00165
199 68.7265
145 41.588
848 42.87
720 10.5112
196 -17.3351
640 1.38794
434 -36.3234
154 7.56259
200 -16.8717
7 -34.4916
97 -24.0528
100 -29.1122
751 10.571
122 -14.3389
134 -22.7073
836 1.52545
1003 -15.4569
727 6.39606
388 -2.96851
966 -16.2009
683 1.47992
644 0.986694
403 -3.96759
689 8.05542
562 5.0799
353 -2.44174
1013 -2.15112
587 -0.488525
621 3.9743
982 -21.0621
750 10.3822
1149 3.33203
52 85.4741
730 7.7254
930 -32.1643
445 -1.86374
682 2.48615
818 12.983
931 7.30115
281 -5.4454
822 16.1806
750 2.37201
918 33.7412
412 -2.16608
771 26.5954
238 -13.1468
1188 14.4258
233 -13.4138
953 0.256287
839 17.3532
721 3.37848
1030 3.25525
953 0.227966
1026 9.24719
671 0.567749
636 3.7663
754 21.8986
1083 -10.9127
777 26.0793
126 -9.46068
120 18.553
156 -19.1358
677 1.59015
859 30.5005
662 5.93909
844 27.3074
1163 -7.39783
891 24.1019
154 -22.1132
177 -18.6523
845 14.8751
912 13.6094
730 21.7417
809 20.0004
1021 -17.6741
580 0.309753
1013 -3.09619
202 -15.4578
669 0.834412
664 6.42181
995 -11.6376
922 1.65741
1057 18.2605
656 0.949829
681 4.6792
737 22.8494
967 2.01617
389 -40.6112
687 1.33209
848 26.0164
871 26.533
755 7.87341
16 -40.6249
228 -13.6258
945 -32.4897
841 30.0408
210 76.896
369 -8.4902
661 2.74292
711 0.969116
162 -21.0838
645 1.00287
930 -32.1718
786 17.0655
1051 -0.295898
380 -8.90701
667 0.918457
696 2.20514
91 4.61592
99 -26.1524
19 -30.9099
157 -20.4554
1029 10.1594
1084 -10.9093
624 0.645569
964 -18.4855
997 -12.3064
395 -3.26843
784 9.38574
737 22.8515
340 -9.0723
623 0.769836
786 17.109
972 -15.4122
796 13.7763
740 2.71655
60 -30.5829
61 -35.2287
373 -8.11288
410 -4.75027
549 -1.78674
822 20.8712
705 -10.1691
886 27.4625
802 19.3775
1084 -10.912
323 -22.0215
737 4.22272
1015 1.9325
218 -14.1788
19 -33.6615
807 33.0378
987 -3.62823
39 -36.0595
767 12.3203
153 -21.593
914 13.2548
1011 -13.4042
694 -6.39386
733 3.5481
543 -1.80255
491 -3.75665
922 42.4677
375 -7.18088
100 -23.5579
819 12.7811
168 37.0119
278 -6.80792
828 2.96484
756 6.05994
1196 11.4163
894 15.7766
992 -23.7982
826 23.3106
726 0.544128
946 45.6473
58 -20.3745
838 13.4313
119 18.6572
481 -1.49228
341 -9.02747
891 26.042
638 1.51166
870 4.09692
343 -14.0631
180 -18.0493
821 1.43848
775 30.0774
982 -21.0753
118 -24.1857
929 6.14978
842 47.6898
780 17.0682
982 -21.0686
848 13.1267
1218 3.16138
767 12.6003
644 0.98645
736 22.7735
343 -9.0578
644 0.988098
968 7.5459
906 24.8531
375 -7.11673
1074 20.5645
838 13.392
841 48.2115
217 142.089
767 24.1469
723 6.41583
677 2.25653
711 0.96637
912 13.6086
348 -8.55322
792 1.52789
707 9.39532
839 17.3518
842 46.7375
150 -21.6744
19 -30.9038
808 37.4124
197 -15.7791
891 13.7344
182 61.5739
178 62.6985
56 -34.8741
677 6.33673
414 -4.772
769 32.9567
370 -2.90799
191 -11.7348
906 40.365
494 -1.21991
692 8.04541
705 10.8503
739 2.22626
104 65.6459
103 -24.6887
167 69.38
388 -50.4359
212 63.1819
889 11.1889
263 62.7437
999 2.92163
213 -14.557
767 40.1953
778 39.0086
821 1.43976
212 63.1413
367 -8.19391
449 -1.54907
36 -32.4605
257 76.8177
394 -5.98172
727 -0.132324
191 39.8036
723 6.41431
999 2.92249
345 -17.6472
545 -1.62848
16 -40.6205
1011 -26.2187
773 11.8007
755 3.80725
280 -8.57639
681 7.72894
767 12.6008
233 118.039
703 3.90601
914 11.7203
888 16.0561
446 -2.41919
858 3.69922
645 0.85553
1019 -17.0797
989 -21.054
1024 -15.5568
721 10.4512
280 -9.82104
193 119.349
129 -23.7967
905 24.66
657 0.933289
833 29.9249
730 11.3054
275 -9.1304
711 4.76343
165 -21.2145
723 1.00079
969 -12.2185
164 -20.0315
753 8.50256
140 -22.8196
648 2.86896
724 14.1302
390 -2.77759
632 1.19641
492 -1.39206
954 -24.0302
423 -40.469
506 -9.78867
437 -34.8814
215 -14.5534
689 4.84149
803 32.6584
596 4.42078
1054 3.40381
670 5.78046
819 12.6282
210 76.8939
982 -21.0814
819 12.748
691 8.32275
1003 2.32812
124 -23.8163
782 17.1721
661 2.14655
819 12.7878
566 -1.01324
237 -13.2195
643 4.21313
894 26.2922
621 3.97784
907 38.2806
117 -24.6786
629 1.81201
726 15.5956
666 0.346985
177 -19.9268
663 4.04364
908 39.3071
658 3.89777
624 0.961182
840 29.6381
737 3.0824
474 -4.07788
1154 19.45
6 36.3554
151 -22.2973
891 1.56201
943 1.88092
912 13.609
251 120.417
274 -10.5431
865 25.3499
805 29.2493
512 -4.10599
758 5.51587
691 8.36945
123 -22.8416
752 6.38867
745 4.48309
817 32.1816
850 25.7466
13 -57.1941
767 24.0665
718 10.2001
703 1.24365
207 -29.4075
420 -39.5365
664 4.57007
138 -22.4714
168 40.2921
182 59.0885
930 -32.0695
670 1.01569
333 -3.27124
161 -21.7036
693 9.54382
188 149.858
139 63.1835
890 13.4167
694 2.36755
6 -51.4399
519 -8.22
941 11.0806
825 16.686
170 41.3231
805 29.2855
297 -4.1369
119 -22.8832
950 1.87976
625 4.29999
218 -13.887
758 1.71021
681 9.17975
821 34.106
174 -20.5273
391 -2.71045
826 16.5848
307 -21.0964
911 6.05792
908 1.56842
1115 -4.52783
817 31.1436
1097 7.00354
80 -25.7216
459 -1.84885
949 48.0174
129 -23.7967
678 3.22607
882 1.5752
339 -9.10089
754 11.2217
836 16.3724
115 -10.8779
399 -3.5065
1116 -1.11707
851 31.1008
126 -23.8337
808 11.2162
938 32.8851
449 -1.73026
519 -5.79572
129 -17.3433
942 4.9339
512 -4.08047
829 34.0887
587 0.32666
197 136.891
226 -13.7034
1079 28.3815
331 -3.3667
709 4.52692
202 38.2211
854 28.2287
224 -13.9245
819 12.7722
657 0.745056
331 -3.37332
995 -11.7802
798 35.1577
210 -36.3457
25 -8.53821
420 -10.4255
930 -32.1772
180 -18.4457
706 10.4964
907 54.6875
319 -3.711
589 0.324707
23 9.63098
220 110.48
789 18.9433
884 21.7641
951 17.8286
916 10.194
755 2.94885
263 123.64
112 -25.1097
225 -13.949
236 105.801
891 18.4261
956 6.98157
785 25.7902
158 -21.9484
677 1.96704
743 21.4438
983 -13.3361
856 15.7806
870 26.6909
868 28.8249
655 1.08081
499 -3.39651
680 4.62244
359 2.26846
736 11.6407
182 -18.6539
92 -26.5073
704 3.95496
127 -20.9133
219 -14.4747
344 -7.42096
869 4.10309
960 46.8057
769 12.2537
444 -7.88916
838 20.1129
661 2.73981
1056 8.24353
126 -23.7358
909 9.65796
810 22.0377
1070 10.5909
699 15.4514
490 -1.47952
1111 21.0131
1056 -15.5469
635 1.12708
127 -11.276
143 -20.4456
1020 6.92773
911 6.04633
513 -7.88297
209 -14.7264
240 -13.136
796 13.8828
177 -20.0401
1013 -11.8354
831 8.9231
752 7.47449
346 -11.786
17 -33.1029
932 20.3397
934 44.1414
1120 -12.2645
596 4.42566
1108 8.6095
129 -23.7969
834 1.5639
389 -3.21423
988 -4.22601
372 -5.41559
171 15.5917
769 12.3474
936 3.39484
596 4.41931
944 7.76752
607 0.491638
180 -18.0494
197 -15.779
502 -8.91595
416 -2.16061
893 37.2861
223 107.913
808 37.9431
755 1.19745
491 -3.76279
1062 -23.3552
679 5.97278
676 8.60126
782 17.2119
647 0.869812
966 -17.9335
375 -7.34055
863 25.6385
587 1.12653
451 -16.8672
914 13.2548
523 -5.21753
579 2.07428
160 -21.8447
850 19.4951
851 25.8395
726 10.4567
513 -5.31982
752 4.35602
940 43.4691
660 5.9433
907 38.749
546 -3.21979
52 -28.1617
438 -4.24582
229 -13.4865
677 4.84784
109 -16.8534
387 -2.78461
477 -13.7619
789 26.7615
462 -1.6062
164 -20.0366
205 -15.3248
120 18.502
1000 -17.1091
180 58.8153
918 43.3438
400 -2.7453
415 17.6525
375 -7.29492
940 17.5207
939 17.2547
1103 12.2404
685 2.00745
796 13.7751
1012 -11.9228
177 -18.7555
298 -4.15817
438 -4.24561
779 20.3299
180 -19.6561
611 0.429443
736 11.6549
680 4.54321
752 19.9287
796 13.7739
939 17.2271
291 170.607
960 -13.5251
166 -21.0973
611 1.87885
822 23.0152
384 -3.95135
387 -40.8705
521 -5.4256
323 -22.0206
510 -3.52783
271 -8.47525
863 27.4225
1210 2.82764
180 -18.0496
840 29.6038
736 11.4691
353 -8.79117
149 6.4287
217 -14.7545
197 -15.7785
851 14.5283
817 1.97656
932 19.4344
995 3.44617
726 14.937
1013 1.20947
482 -1.75522
145 -23.0524
813 7.55542
401 -2.35416
1035 8.37781
882 18.5056
441 -2.30243
276 -6.56787
328 -53.3216
646 2.50909
850 16.1727
797 21.9789
842 47.6888
132 17.8007
716 1.42548
870 4.09674
145 41.9687
216 -14.147
729 15.1348
69 91.2979
430 -1.69711
1007 2.95074
672 2.06342
351 -8.91418
994 28.5975
906 24.8491
425 0.611237
347 -2.34033
953 0.174072
462 -1.65387
662 -0.782288
921 25.9642
1127 5.59631
628 0.59082
706 3.38129
322 -17.4057
730 11.5059
739 5.1485
431 -2.31314
98 46.0445
704 8.98438
549 0.771606
19 15.4616
512 -4.98373
188 -17.8475
128 171.779
808 37.523
461 -1.42429
895 39.9469
842 25.2974
417 -25.1198
894 15.9158
139 -23.3033
257 -11.8379
723 13.965
786 17.0795
869 38.4568
799 13.64
120 18.5482
423 -2.60733
648 0.934387
851 14.5162
354 -8.5766
314 -10.2519
293 -4.29047
1069 9.76819
839 15.5099
390 -2.77237
676 1.86786
422 -39.4642
729 15.1244
914 13.2014
767 24.1498
211 -14.9283
891 19.7869
197 137.477
677 2.10175
660 6.07648
154 26.132
304 -6.737
767 24.1432
164 -20.0363
1199 2.65295
797 1.29279
620 0.450623
668 2.44965
661 3.13013
676 8.46576
710 -0.370422
742 10.0807
100 -23.5582
162 -21.4028
971 58.1541
786 17.1033
449 -0.727264
283 -5.89392
891 1.54895
1007 2.94934
737 11.7222
88 -25.392
145 41.9817
647 0.359741
774 1.17926
914 11.6678
397 -3.55222
564 -0.158752
753 8.66833
776 19.4588
842 0.873779
911 1.51862
1123 -8.36816
1043 -9.63843
970 17.8607
143 -22.3072
164 -18.8851
24 -49.1738
683 3.05804
940 14.5542
744 5.87628
684 -0.496277
869 30.0059
558 -2.15686
5 43.5037
129 -23.7502
446 -1.97217
777 32.1311
218 -14.1319
718 0.89502
397 -3.0752
220 -13.8475
596 4.42249
11 26.0664
836 24.9661
964 7.72992
940 17.483
688 4.84589
638 1.48004
750 3.4447
243 95.4424
274 -10.2337
163 39.0905
142 -23.3172
451 -1.73618
844 46.7177
302 -7.98917
785 12.8927
823 19.2651
104 65.6787
508 -1.20425
487 -1.59152
145 -22.3892
906 40.4039
537 -0.222168
358 1.93091
262 -11.2672
183 -18.8737
953 0.192505
470 -13.596
1200 9.06653
925 13.5387
441 -2.48315
598 0.339844
373 -2.5806
888 14.9238
729 15.134
574 2.55066
248 -46.4789
460 -1.65387
822 19.3813
679 3.22845
113 -22.8239
653 3.87909
100 -23.5582
126 -23.7357
126 -23.7358
534 -2.40997
366 -8.40329
1208 3.08618
365 2.86432
420 -2.27548
839 30.0377
767 12.5832
876 16.3398
290 -6.29565
120 66.9356
655 3.84137
809 5.68671
863 18.9664
1203 15.1215
764 18.7438
1027 -15.8814
942 19.1576
950 44.8818
930 -32.1794
718 10.1069
207 -14.6746
899 23.8425
127 -23.9596
852 14.3058
828 19.3483
213 -15.1307
287 49.9867
256 -12.8764
740 20.4479
662 -0.768188
117 -24.1439
829 16.4714
743 7.43567
643 4.20966
754 11.6194
105 -22.3955
812 9.5285
1123 -9.70569
767 12.5989
177 60.9025
667 1.1795
514 -4.06448
95 -24.1169
690 8.22998
723 14.118
723 1.00073
916 21.9501
738 14.3009
101 -23.0701
644 4.08429
224 -13.7922
848 43.5491
753 8.66803
112 -23.9626
939 17.5312
735 11.9817
996 -1.66425
708 10.2444
494 -0.973541
423 -9.97089
663 -1.07959
736 8.26538
175 -20.5093
754 8.20959
542 -2.76892
799 13.6349
603 0.372803
425 0.602753
793 23.8619
677 5.43066
794 10.8623
968 2.96912
45 -19.3506
147 -22.2421
127 -22.1837
888 21.9334
779 15.7253
789 17.279
856 24.9484
661 2.74023
838 13.2
199 51.3415
808 37.5447
884 29.3271
434 -2.27307
185 -18.16
845 27.0933
808 8.32031
880 26.4535
923 40.6283
767 8.19421
408 -50.8106
219 6.5466
50 -32.536
702 2.99945
587 1.13043
648 3.2674
420 -2.26758
981 10.6053
649 5.47961
834 21.0935
1011 -13.5026
166 -21.0893
155 46.7515
876 16.3422
833 11.3904
1091 6.14966
118 -22.3469
210 -14.4919
1103 3.20691
1006 10.2523
149 11.6766
600 1.44781
982 -21.0942
449 -1.57458
737 22.785
212 63.1842
752 7.48358
1054 3.37329
795 28.7862
876 16.3441
791 19.6616
911 6.05768
765 26.3855
278 126.576
338 -6.48642
712 10.0916
1154 19.4517
491 -3.76031
565 0.901672
925 7.49146
1122 -10.2668
939 17.2384
202 -15.2673
441 -2.41177
628 1.63922
819 12.7783
724 10.7294
116 -23.1358
104 73.8594
210 76.8989
424 -4.78217
894 15.7734
971 -14.9454
462 -1.57169
798 22.0778
662 -0.839844
680 1.79944
6 70.0702
811 20.5197
819 12.5574
840 29.6275
962 -20.0553
645 0.399048
728 21.1567
447 -13.0158
235 -13.0969
821 1.44012
145 -22.2867
662 2.14459
183 -18.8665
129 -23.7613
225 120.617
210 91.2404
208 -14.6609
953 1.91278
465 -1.53217
354 -8.57532
967 2.01654
239 -13.0893
347 -8.77652
25 25.9236
178 62.6691
200 -16.8714
859 1.33264
753 8.50238
952 55.4102
828 2.96179
950 40.8235
75 -19.3811
755 3.6015
940 5.20197
87 -25.3882
631 1.34912
914 11.728
847 39.632
906 24.8594
887 1.3772
825 17.3854
791 4.3067
123 -22.8861
209 -14.5864
526 -4.30133
975 -3.33917
563 3.73364
566 -1.79187
709 5.38318
1014 -12.4099
937 12.9896
721 20.3658
1080 11.7875
737 7.04395
211 -14.9097
375 -7.16934
661 2.14679
323 -22.0276
111 218.177
425 0.583557
767 24.1431
372 -5.42529
743 12.5048
767 8.18878
116 -24.5776
767 24.1464
894 15.7761
773 18.6243
1227 18.9287
1103 3.20703
838 13.4056
142 -21.931
545 -1.5788
839 17.3576
917 32.9101
994 4.97461
451 -1.63525
678 3.18268
871 26.5319
848 1.02191
892 25.8146
167 -21.0304
602 1.10974
727 -0.132141
1074 21.7141
739 2.8468
197 65.8954
872 40.2509
914 16.4977
391 -2.68011
261 101.963
818 16.4997
72 -20.2919
788 26.6447
121 -23.9825
1046 7.46973
578 -0.747375
678 3.19775
558 -2.15686
724 6.49884
462 -13.747
646 0.564087
686 3.30029
938 19.3407
517 -2.70636
1039 8.16602
480 -1.74191
822 23.0262
150 9.93115
68 -34.4562
968 2.96936
561 -1.20099
648 0.583252
792 16.8584
438 -4.24579
188 -17.8474
647 0.446045
820 19.6285
297 -4.87817
128 -23.1804
679 6.81555
676 1.97925
1018 2.38422
779 32.2625
186 -17.0737
1003 -10.7378
233 -13.2111
758 7.49066
660 3.55115
199 -15.3414
688 3.22137
703 2.54974
773 18.6085
180 50.9978
715 2.11395
261 -0.43869
687 11.2844
149 -21.7405
834 24.7932
983 8.50574
1067 11.7861
223 107.905
623 0.579224
121 15.9257
173 7.79941
453 -1.71384
204 92.714
603 0.381165
512 -4.97473
662 -0.842529
839 37.9446
807 29.756
891 26.1018
116 -24.7891
156 45.8245
563 -1.36383
922 -25.8135
844 0.930969
936 15.3383
804 19.1763
833 1.32336
691 4.07843
155 5.63443
85 9.66062
956 47.2829
736 3.41235
793 28.5515
129 -23.7962
671 0.567993
1000 -9.86682
639 1.82373
341 -8.9808
347 -101.514
238 -13.1123
621 3.97375
842 47.7149
940 17.3287
596 4.39801
868 3.8808
220 -13.8293
236 111.005
982 -21.0755
690 0.918579
778 39.4515
373 -15.7204
767 8.18896
167 -20.7523
838 15.9692
913 13.1801
871 26.5315
18 62.0575
291 -5.73367
973 3.82019
1041 -4.53638
69 -18.467
837 16.9601
688 4.8418
587 1.13013
335 -2.98901
228 61.171
773 18.6177
983 2.12714
960 46.2724
199 68.7256
188 -17.8475
819 12.7313
752 20.0414
537 -3.14386
895 15.6313
982 -21.0778
928 30.6685
692 11.9128
505 -3.4491
684 1.88062
751 7.47253
61 -35.2317
744 1.99091
870 40.6605
763 15.4889
437 -34.753
729 1.99811
851 25.827
575 0.264587
51 -35.4859
528 -3.25104
167 -20.4941
611 1.83997
267 -11.0085
369 -2.78723
1147 3.97217
914 11.73
132 -23.8724
478 -1.73984
644 1.00061
756 3.68335
701 5.72852
587 0.234558
803 4.41583
777 26.9168
772 15.1162
677 0.649475
119 13.7024
955 6.96497
821 35.4119
907 34.531
668 5.08661
894 36.5497
796 13.7744
1012 31.4102
394 -2.75479
769 53.5516
203 -15.5451
101 -23.0221
569 5.20013
286 -5.75928
942 5.46228
976 -14.0903
665 4.87012
961 7.23645
995 -12.0497
259 -11.4311
1014 -12.1441
842 1.47528
1062 -23.349
862 23.8015
728 2.55011
479 -1.74582
1097 7.00244
195 53.5885
603 0.446655
206 -14.8092
174 -19.3857
312 -7.83957
385 -20.6285
970 34.9412
798 22.0433
848 43.5316
1082 6.23853
154 20.1143
769 53.5462
566 -0.0564575
375 -2.95969
688 4.8418
785 16.4871
11 27.2729
224 -13.8796
178 54.3941
838 13.4067
101 -23.0423
660 6.03912
1059 19.3059
292 -7.58514
671 1.78387
100 -23.558
121 -24.0735
394 -40.4874
462 -13.7475
427 -38.8753
160 -21.844
188 -17.8479
212 -14.4173
786 18.8176
226 61.1511
689 0.716248
826 16.3026
181 -19.6992
650 3.87268
753 8.50256
343 -2.18259
926 15.1955
683 2.77393
29 24.4851
861 2.43378
150 -21.6744
737 11.553
342 -7.38553
1030 -6.47803
419 -30.9022
684 0.833984
1122 3.94678
134 64.5841
207 -15.111
209 78.5648
19 -30.9032
703 3.37286
1028 -15.9464
841 30.0375
994 28.5924
200 -15.7803
74 -38.0568
649 3.38434
626 0.654358
903 13.1721
711 1.22473
569 5.20514
821 35.4156
683 4.33484
485 -3.81
995 2.81995
230 29.0325
839 17.2983
19 -41.7436
987 -3.6416
1054 2.73743
1138 29.238
826 24.6362
786 17.054
126 -23.8303
587 1.12469
129 -23.7969
769 53.57
808 37.5101
188 -17.8477
212 63.1819
512 -4.98386
200 -15.2334
871 5.83148
821 31.1453
439 -7.68579
201 70.5338
664 7.02289
755 7.4765
572 0.314331
987 -19.6601
1133 -1.79309
681 8.44574
1155 45.6105
159 -21.8141
800 1.65466
128 -24.2845
676 1.83661
788 14.611
73 -29.3644
514 -5.29123
683 1.38416
847 35.6746
721 9.37958
657 2.30646
213 -14.4273
754 4.82068
856 25.1706
1026 -16.0361
676 1.60974
118 -22.3326
702 1.51001
447 -1.87714
354 -8.57782
353 -8.79132
217 -13.8226
777 15.9355
1071 4.76917
796 13.776
661 2.14221
1188 13.3856
661 4.5647
139 62.9569
240 -13.2133
803 14.2624
215 -14.8306
953 0.211914
158 -34.9625
468 -4.07291
666 1.89313
357 -2.39062
403 -7.46707
438 -2.22516
151 -6.73737
364 -8.40277
198 -16.5187
202 -15.311
1001 -11.3623
150 -22.0432
871 26.5323
396 -14.8166
585 6.3587
152 156.95
848 13.1272
911 34.5606
1028 -16.2384
63 13.0962
859 19.3544
635 2.36951
81 -27.0903
1130 -0.439209
323 -3.41541
698 12.1728
1156 5.80371
138 -20.9776
1012 -24.1479
977 -13.9343
875 13.3892
126 -23.7355
417 -38.8552
798 22.0518
441 -2.49191
425 0.602051
375 -7.13544
562 -1.38544
629 1.25922
799 13.6394
767 24.064
588 1.1554
840 0.889465
374 -3.02359
875 26.718
877 2.05756
185 96.3893
446 -2.16998
644 2.3999
403 -3.58047
678 8.37396
640 0.689087
629 1.24426
922 24.8629
142 -23.3404
869 28.6413
913 34.347
1021 22.1548
584 1.67139
677 0.649353
1114 11.9276
840 29.6384
551 0.110413
912 13.6082
408 -44.4006
902 15.0695
398 -38.7332
524 -4.76654
737 14.7393
769 44.0808
129 -23.7969
1092 6.18945
703 1.24255
972 3.14899
441 -2.28647
232 59.0237
1020 -16.3608
188 -17.8475
728 2.54907
34 -38.4887
561 -0.177185
699 1.83447
892 23.6688
732 2.22156
877 14.6358
968 58.9163
200 -16.4334
439 -37.0921
828 18.715
363 -0.988068
456 -1.77267
956 -14.9664
115 -24.0867
8 5.19998
808 1.35303
561 -0.520264
1007 2.95135
751 15.848
776 15.5428
466 -3.36014
1042 3.32104
551 1.40839
647 4.51147
512 -4.98889
1039 3.56287
480 -1.78143
388 -3.72592
661 2.14038
835 25.2612
954 49.4774
278 -4.17578
199 -16.2464
434 -2.17859
850 15.0943
291 170.607
711 0.965759
628 0.621643
517 -2.7063
930 -32.2198
982 36.295
1143 -17.8901
1031 -8.52087
930 -32.0404
844 47.4369
176 -18.8092
685 4.93494
755 7.48297
685 1.51312
894 32.0501
875 28.3453
317 -9.51053
517 -2.71167
73 -28.9628
816 9.43219
881 30.4302
1070 19.4441
554 2.44031
935 1.77686
648 0.583191
993 10.3132
876 1.3858
200 -16.227
1037 5.72253
646 0.516296
377 -2.98587
156 -21.2419
1014 -12.1493
41 -19.2541
563 0.0871582
808 19.0255
442 -1.77951
420 -1.8587
165 -21.1438
512 -4.87488
792 10.8954
929 9.21814
430 -34.5569
958 7.34644
657 0.586609
658 4.39618
798 18.6531
332 -4.22723
676 5.88519
844 46.8148
719 12.9951
261 102.412
687 4.8067
1054 2.7948
874 37.6313
123 -22.8425
158 -22.9576
166 70.9479
754 11.9078
790 1.50195
994 28.7119
797 21.8962
29 26.9383
602 0.810669
173 -19.2309
541 -3.6272
915 1.85529
218 -14.4641
838 29.3617
905 29.2189
200 -15.6334
143 -22.8727
119 -22.8995
767 8.22009
141 -22.8665
462 -13.7479
949 3.31104
278 -10.0256
122 14.4506
662 1.73273
407 -39.9323
824 20.3003
197 -15.7789
1061 13.1221
564 -0.16864
135 -21.7502
726 11.0644
139 -22.42
335 -5.15009
1087 3.55432
1032 -19.8864
790 15.3063
237 39.0916
822 14.9789
930 -32.0125
934 1.76733
1188 17.3451
789 4.45514
416 -4.79715
858 30.8816
200 -16.8713
199 -15.644
150 -21.8055
947 47.1329
1152 2.00403
797 1.71515
242 58.4004
821 1.43866
767 24.145
1030 -6.53406
808 37.5748
906 42.4024
760 4.0517
1029 10.1597
726 14.5194
127 -23.9944
402 -5.87271
664 4.58569
894 38.9966
623 1.08374
171 -20.2193
423 -40.4805
1153 5.23523
1123 -6.76782
919 6.93384
165 65.0108
675 1.89758
409 -2.47922
444 -2.43298
97 -25.6381
543 -3.07056
116 -24.5777
512 -4.11676
959 52.1036
856 1.99756
57 -19.5516
825 33.2859
189 105.522
218 -14.1335
864 27.479
449 -13.1591
925 -71.9109
292 137.711
124 -22.4261
141 -23.3621
797 22.0103
753 8.50275
462 -11.7585
390 -2.77753
392 -3.3667
1076 21.9121
193 55.0125
987 -3.60687
216 -13.8822
372 -5.431
385 -21.7557
8 -52.8959
230 29.0802
628 1.54657
1024 -17.7172
1052 4.07922
612 1.82733
876 16.3365
833 10.3963
199 -16.2862
734 0.245789
876 16.3428
160 -21.843
985 -12.8242
193 -16.3452
1097 6.99719
146 -22.6161
138 -22.3537
603 0.387207
165 65.0155
649 3.81348
793 23.0678
699 6.38647
988 -11.2974
985 -1.87659
939 3.47925
603 0.449951
793 1.30267
486 -3.45636
764 28.511
546 -3.99359
455 -1.47644
856 16.3043
74 -33.2564
1127 5.59656
677 2.79095
327 -3.63318
437 -4.28622
578 -1.02277
838 13.4467
497 -3.3306
692 0.74707
786 17.0591
190 141.492
440 -36.1519
104 -24.1136
699 2.80914
892 25.8997
1075 -10.1764
596 4.4176
431 -9.5582
375 -7.15616
216 108.325
179 80.6459
84 139.814
158 56.0457
635 2.36957
939 17.2483
690 11.8695
204 -15.2443
291 170.604
877 27.8133
960 33.2582
486 -4.21957
1154 19.4254
655 2.30621
799 24.5242
149 197.334
727 3.09485
1100 -1.40076
127 -23.9895
988 -4.26093
1128 1.56543
958 33.7426
662 6.46844
783 14.1683
530 -1.59497
620 1.23553
406 -52.114
345 -9.07797
1111 7.66321
1003 3.36456
757 22.0156
677 5.04474
206 -14.7743
710 1.39191
803 1.70496
971 -12.3378
870 4.09924
981 -19.5038
903 11.5189
188 -17.8477
981 4.75037
854 1.82788
497 -3.32623
44 -35.1525
773 7.49811
691 8.34277
773 18.6195
646 0.529236
354 -8.57727
653 5.42926
440 -7.78723
908 1.57166
702 9.03113
859 30.4944
1000 -1.90466
849 42.078
280 -253.35
587 1.13062
366 -8.37234
854 18.4434
665 1.65997
74 54.3957
1004 5.54504
848 13.1264
596 4.42053
941 1.8786
399 -14.327
16 -40.6116
180 -18.0494
128 -20.9145
677 2.06299
647 1.43781
320 -3.59476
676 1.64966
796 18.6899
1091 6.10657
663 0.735596
652 3.26898
168 32.6015
133 50.3656
838 15.9897
796 13.7736
998 20.0687
945 44.8329
752 7.49023
856 15.8181
819 12.79
914 11.7256
476 -2.04675
650 3.11731
91 7.97066
977 23.6306
850 19.3283
183 -18.0796
205 -14.7895
124 -23.3358
953 37.15
844 17.1066
796 13.7731
815 -38.7212
691 12.0833
450 -1.92261
956 47.303
423 -39.4694
441 -2.40649
574 1.07141
160 -18.8297
174 -17.8683
484 -3.76697
348 -22.9232
761 1.33661
455 -1.70114
206 -15.1887
63 -34.5623
159 -22.4053
914 11.5549
183 -18.9118
555 -1.73206
511 -4.42392
108 -24.4641
754 12.0074
868 2.98474
1200 18.4116
971 58.1341
765 16.2305
1054 2.74084
178 61.9439
996 2.0351
445 -35.1181
185 -18.1354
435 -35.1458
38 68.3135
443 -2.21564
724 6.49835
1019 14.3801
296 -25.2857
875 27.5193
1166 11.8789
821 32.1387
396 -40.3387
416 -5.02225
596 4.41949
767 24.1485
1069 6.1394
390 -2.7775
788 4.39001
959 61.8566
304 -6.73016
777 2.10083
645 4.30249
902 13.116
982 -21.0988
778 16.5231
683 1.29474
696 10.8624
868 25.8078
127 -24.3733
511 -6.10367
829 41.8434
155 -19.996
572 -2.02985
662 -0.750549
536 -0.230469
61 -35.2309
1015 -11.5919
979 -12.5167
15 71.721
110 -24.1063
128 -24.0169
921 43.3868
691 1.20862
660 6.11914
