828 12.9802
818 3.66449
846 2.94733
591 0.305115
846 2.94733
574 0.0818481
844 -32.6953
398 -2.84152
846 2.94843
708 1.61273
322 -62.9059
782 3.28107
280 -5.59851
708 1.61261
444 -5.77707
471 -3.79559
487 -0.816986
573 0.228516
422 -2.33279
540 -0.721069
814 3.55255
298 -71.9426
583 0.264099
127 -20.8716
720 1.75983
573 0.226318
444 -5.77673
573 0.228577
490 -2.30533
825 134.641
349 -3.21365
811 3.53687
471 -3.7955
471 -3.79565
243 -6.44089
818 3.66681
282 -5.54816
464 -0.894104
573 0.225342
375 -3.31213
421 -2.2825
439 -2.01556
574 0.081604
751 125.398
627 1.02661
487 -0.815918
487 -0.816925
610 0.779968
700 1.53461
444 -5.77701
333 -3.32104
464 -0.899292
312 -4.55243
844 -32.462
556 -0.078125
471 -3.79568
427 -2.20782
658 2.63635
427 -2.20779
393 -3.09067
583 0.264343
708 1.61267
627 1.0368
808 3.53168
179 -18.6438
369 -3.64392
931 5.53522
607 0.649719
442 -1.96014
476 -1.10864
427 -2.20786
659 2.50403
490 -2.30649
244 -6.42032
658 2.63507
492 -0.946014
284 -5.59161
818 3.6665
708 1.61267
638 2.23859
690 1.53418
844 -32.5038
931 5.73053
405 -2.71149
371 -3.42453
573 0.228638
751 125.415
844 -32.5209
487 -0.815948
393 -3.09805
283 -5.57663
313 -53.91
206 -112.351
782 3.28094
444 -5.77646
556 -0.0591431
283 -5.56998
455 -1.6319
708 1.61261
435 -2.07114
573 0.22644
455 -1.62814
455 -1.63177
573 0.225891
259 -6.17375
889 48.8033
222 -6.91339
1113 16.7361
850 -12.9722
422 -2.33203
355 -3.0816
827 3.66284
1035 3.61316
700 1.53876
538 -0.580444
846 2.94727
303 -71.7651
658 2.63525
349 -3.19318
414 -2.54205
222 -6.91347
421 -2.28268
596 0.507935
427 -2.20773
427 -2.20764
830 3.8252
901 61.9694
375 -3.32852
779 3.17023
333 -3.31805
283 -5.5975
404 -2.78345
818 3.66699
844 -32.7064
464 -0.894012
259 -6.17419
819 3.59344
411 -2.60266
626 1.05719
642 2.18329
818 3.66669
990 4.47015
751 125.396
607 0.65155
222 -6.91296
583 0.265564
769 3.09698
283 -5.59048
818 3.66705
369 -3.65994
456 -1.66296
846 2.94733
349 -3.19226
487 -0.816071
455 -1.63315
534 0.0986328
769 3.09741
406 -2.67529
627 1.02686
660 2.44836
369 -3.64377
259 -6.1743
582 0.26947
490 -2.30536
464 -0.893524
313 -53.9488
455 -1.63245
283 -5.59003
243 -6.44067
392 -3.07324
280 -5.59839
222 -6.91298
1116 16.9509
369 -3.66003
823 3.60822
846 2.94891
846 -11.6227
751 125.411
688 1.49976
283 -5.59076
1089 16.0336
410 -2.61087
455 -1.63229
456 -1.66434
139 -23.7571
751 125.4
369 -3.66019
421 -2.2829
817 3.55719
751 125.396
383 -2.97043
1113 17.2922
822 11.2506
540 -0.720703
846 2.94824
799 3.63239
259 -6.15894
179 -18.6425
456 -1.66312
179 -18.6429
298 -71.946
782 3.27979
844 -32.4348
406 -2.68158
730 2.32898
534 0.0985718
588 0.260437
1113 16.736
197 -119.454
607 0.651245
464 -0.900024
312 -4.55249
205 -125.739
393 -3.09799
349 -3.19284
831 27.3463
159 -21.0146
735 2.42017
392 -3.07275
782 3.28094
333 -3.31735
659 2.50385
1104 17.1105
900 6.8725
818 3.66656
490 -2.30588
1121 16.6283
235 -6.59744
844 -32.4626
889 48.7287
312 -4.55243
823 62.2914
375 -3.32822
500 -0.695038
455 -1.63223
631 2.58966
370 -3.98367
416 -2.45886
159 -21.0183
159 -21.0186
159 -21.0151
573 0.223755
638 2.00684
1080 15.7495
127 -20.8684
590 0.335876
1104 17.11
429 -2.22778
331 -3.78772
931 5.46191
179 -18.6426
789 3.375
331 -3.78665
244 -6.42125
471 -3.79562
331 -3.78696
627 1.02478
393 -3.09805
444 -5.7767
637 0.829834
334 -59.8916
1080 15.6738
900 6.87048
889 48.7435
1104 17.1107
427 -2.22339
159 -21.0155
444 -1.81775
534 0.102966
702 1.54291
574 0.081604
1102 16.5518
1145 18.8696
818 3.61395
1113 17.2925
534 0.103638
498 -0.70517
931 5.53448
1102 16.5529
1008 3.65277
280 -5.59863
513 -0.135864
464 -0.900482
606 0.670105
369 -3.66
293 -5.27957
782 3.28094
336 -3.56171
900 6.87256
313 -53.9034
700 1.53754
642 2.32373
739 2.44049
591 0.305298
280 -5.59848
223 -104.621
426 -2.23859
283 -5.59097
513 -0.135803
844 -32.4609
970 2.81946
915 1.00085
222 -6.91335
1080 15.7528
797 3.54126
769 3.07733
153 -21.6659
931 7.97565
1104 17.1244
263 -5.99893
179 -18.6435
551 -0.281189
607 0.651123
621 0.7453
331 -3.7887
931 5.73059
411 -2.60907
725 1.93311
445 -5.71133
558 0.0485229
739 2.44452
807 3.45325
864 5.62183
1104 17.1265
1113 16.7355
844 -32.5195
471 -3.79553
201 -17.822
427 -2.20786
785 3.31561
445 -5.72681
534 0.0986328
393 -3.09814
222 -6.91339
751 125.413
267 -5.9563
159 -21.0151
828 1.15393
406 -2.67618
900 6.87085
331 -3.7804
406 -6.42026
860 4.6955
179 -18.6432
554 -0.0318604
631 2.59369
556 0.0282593
392 -3.07278
1104 17.1106
383 -3.01562
818 3.66681
1089 16.183
583 0.265015
392 -3.07309
393 -3.09814
700 1.5332
427 -2.20782
782 3.27966
393 -3.09808
1141 18.422
771 3.1311
319 -63.7887
208 -7.08446
369 -3.66025
751 125.415
631 2.59271
392 -3.07297
641 1.32465
444 -5.77719
1161 19.6624
488 -1.86646
608 0.67804
534 0.0983276
393 -3.09808
416 -2.44479
490 -2.30615
931 5.53546
336 -57.9552
369 -3.4512
649 2.44135
427 -2.20795
427 -2.20776
280 -5.59848
222 -6.91309
983 2.97992
222 -6.91327
889 48.7299
312 -36.1736
369 -3.66043
417 -2.4754
931 5.53424
1194 21.4985
708 1.61261
846 2.94849
608 0.634277
627 1.04028
828 15.7037
393 -3.09805
1120 16.6963
1105 17.1217
372 -3.47421
494 -1.5563
442 -1.90936
1086 15.1467
298 -4.91083
265 -5.95648
782 3.28107
222 -6.91336
335 -3.70255
846 2.94861
476 -1.11139
607 0.649902
393 -3.09113
159 -21.0151
751 125.417
393 -3.08997
820 3.59167
1083 15.9594
621 0.745178
708 1.61267
179 -18.643
257 -6.23204
1152 18.7593
1093 16.262
931 5.53436
237 -6.60304
608 0.634399
413 -2.6232
392 -3.01782
931 5.534
627 1.03265
415 -2.46619
534 0.0982056
673 1.3382
546 -0.50177
790 3.44464
889 48.7466
618 0.939941
1101 16.626
367 -3.49518
822 3.61743
312 -4.55225
344 -3.36057
323 -4.04663
282 -5.54813
1086 15.4525
493 -0.914246
273 -15.2328
900 6.87299
931 5.534
296 -14.8673
282 -5.54852
476 -1.11121
500 -0.695038
561 0.154724
820 15.4526
837 3.76025
1100 16.6735
1104 17.1266
233 -6.70905
1088 16.2151
1080 15.7532
138 -23.1461
846 2.94733
261 0.848267
189 -18.1054
153 -21.6651
1101 16.665
549 -0.365051
195 -18.08
369 -3.66083
623 1.32581
369 -3.66013
680 1.3493
731 1.92322
1084 15.0547
175 -19.6613
393 -3.09811
862 5.03302
455 -1.63196
769 3.09216
349 -3.21402
201 -17.8342
416 -2.44684
859 4.58948
1218 22.7662
931 5.534
1104 17.1245
821 2.89642
610 0.780212
319 -64.2852
1183 21.229
179 -18.6422
173 -20.2215
1119 16.7317
856 4.28992
536 -0.721558
719 1.74207
1084 15.8685
1088 16.0468
1083 15.8516
471 -3.42499
607 0.651794
365 -3.46133
718 1.91272
610 0.670715
282 -5.54822
627 1.03619
427 -2.20782
1113 16.7365
631 2.58923
573 0.228516
243 -6.44173
179 -18.6431
889 48.7459
639 0.834778
392 -3.07452
839 112.719
1102 16.8854
162 -20.0363
280 -5.60947
331 -61.3547
782 3.27966
534 0.10376
558 0.314819
534 -0.60614
153 -21.6657
194 -18.1013
546 -0.519714
490 -2.30643
325 -4.04929
392 -3.07288
735 2.42004
1081 15.6913
708 1.61273
501 -1.72586
414 -2.50833
127 -20.8908
1141 18.422
770 3.11633
889 48.7246
553 -0.0570679
712 5.18256
170 -20.1938
349 -3.21411
312 -4.26471
970 2.81927
1091 16.2777
608 0.634338
862 5.47687
621 0.745361
853 -25.949
734 2.67242
349 -3.21417
500 -0.694885
808 3.50299
331 -3.78369
729 1.93231
280 -5.59857
723 1.88489
1117 16.7002
1113 17.293
840 2.31726
1141 18.4221
270 -5.98477
1113 16.736
1095 16.337
731 2.4729
805 3.58759
295 -79.7127
159 -21.0184
666 1.47748
256 -6.29761
889 48.7036
990 4.39313
303 -71.7669
290 -5.55499
280 -5.59845
701 1.57117
607 0.651672
233 -6.63493
392 -3.06348
900 6.87085
172 -19.7692
783 3.31049
1141 18.422
818 3.66742
176 -20.2601
751 125.397
659 94.0009
900 6.87103
463 -1.11902
818 3.66669
1113 16.7365
312 -4.55228
607 0.651123
282 -5.54803
363 -3.38263
640 0.803345
369 -3.65924
392 -3.07123
153 -21.6659
1097 16.3881
179 -18.6432
1093 16.1934
201 -17.8349
820 7.95203
740 1.34851
1104 17.127
411 -2.68848
590 0.328369
393 -3.09018
427 -2.2077
842 5.22394
250 -208.028
406 -6.42029
534 -0.705505
640 0.803345
192 -18.0759
319 -64.148
196 -17.8248
259 -6.17352
1154 19.2321
912 -127.211
369 -3.64389
340 -3.52426
494 -0.938416
931 5.72571
393 -3.09055
831 27.132
821 2.86792
900 6.87079
179 -18.6429
401 -2.90692
1031 3.53967
1083 15.3014
201 -17.8349
234 -6.66719
159 -21.0152
583 0.263794
186 -131.415
607 0.64978
1088 15.8009
865 5.78925
268 4.45117
1008 3.65302
222 -6.91347
298 -4.93002
639 3.28223
1102 16.5527
1123 16.8826
735 2.92548
250 2.31984
365 -3.40729
219 -105.462
319 -63.791
1021 3.41113
701 -0.985413
210 -7.11604
677 0.692444
667 1.64478
369 -3.64417
591 0.305237
1086 16.0214
534 0.103149
381 -3.59491
172 -20.1334
1097 16.3904
333 -3.31808
393 -3.09808
555 -5.77747
631 2.59375
631 2.58923
294 -20.8062
1116 16.7653
1195 21.4965
387 -2.96729
640 0.803101
863 6.00397
1083 15.9224
455 -1.63199
1104 17.1105
1104 17.1251
280 -5.59845
884 6.28949
1094 16.5701
1031 3.53955
1168 19.9294
332 -61.2719
818 3.66595
889 48.7432
817 3.61041
541 -0.609741
297 -32.358
427 -2.20792
715 1.7204
631 0.699097
733 3.10205
159 -21.0152
573 0.226318
875 6.33008
279 -13.9992
836 4.23804
251 -90.5071
620 0.911804
534 -0.752075
624 1.23395
127 -20.8714
1055 5.00977
900 6.87091
564 -3.72272
252 -6.0934
558 0.311096
201 -17.8345
407 -2.79462
607 0.651611
194 -17.9182
672 1.54675
1149 18.9398
1102 16.5543
369 -3.66022
864 5.24817
282 -5.54837
608 0.634277
914 3.48145
738 -0.468079
255 -6.09262
875 6.46381
1108 16.7675
1156 19.5575
659 2.51428
407 -2.68909
1055 5.0116
1092 16.1134
1093 16.2068
1100 16.7982
313 -53.1541
623 1.32648
983 2.97998
1077 15.636
406 -40.064
139 -23.9933
1194 21.5164
746 -1.85864
838 96.9636
817 3.2149
587 0.463989
574 0.0817871
1085 15.7496
210 -7.17755
1218 22.774
872 93.3809
970 2.81879
290 -69.0999
883 6.60345
127 -20.872
308 -61.7001
900 6.87274
610 0.779968
842 4.81805
222 -6.91348
500 -0.695099
167 -19.7706
748 1.19135
970 2.81927
878 6.46527
831 27.1261
127 -20.8726
551 0.439392
782 3.28094
382 -3.15039
427 -2.2077
1119 16.7775
1089 15.9376
499 -1.25241
303 -71.7665
712 5.18347
900 6.87292
1233 29.1223
206 -112.353
546 0.108459
829 96.7785
529 -0.630249
1092 16.0725
222 -6.91347
244 -6.47173
559 0.26532
152 -29.0818
336 -57.9542
1141 18.422
336 -57.9609
1084 15.652
558 0.31311
1081 15.5519
670 5.73938
931 5.53467
1055 5.01111
873 6.39569
534 0.102844
222 -6.91306
1161 19.3295
1141 18.4221
1080 15.7527
471 -3.79559
878 6.4519
192 -18.0979
179 -18.6424
640 0.803223
335 -3.73846
1084 15.9438
1104 17.1237
895 7.00562
871 87.1121
710 2.30951
1097 16.4691
1141 18.422
1091 15.8479
658 2.63617
619 3.54352
900 6.87262
372 -33.9505
1104 17.1266
1155 19.4576
451 -5.54175
587 0.462769
1113 17.2924
282 -5.5481
658 1.34155
369 -3.66003
658 4.27429
1141 18.4221
564 -3.72394
159 -21.015
832 32.0959
828 16.4462
295 -81.0873
1182 21.2598
832 4.15417
1093 16.3843
333 -57.9524
393 -3.09814
681 1.04572
716 1.66309
336 -57.9609
222 -6.9133
349 -3.19308
684 1.31775
696 1.42035
573 0.207336
833 14.0561
640 0.803223
1096 16.3826
735 1.86023
661 4.54688
201 -17.8349
640 3.48206
282 -5.54803
1239 23.2833
831 27.1397
1104 17.1102
354 -49.7484
1102 16.5519
1104 17.1105
836 2.44153
970 2.81848
393 -7.53488
746 -1.78149
859 4.61053
1194 21.4984
465 -1.27005
524 0.098938
644 2.43823
629 1.4679
669 1.84784
467 -1.2551
691 1.28369
702 2.211
676 1.42285
640 0.803223
983 2.9798
831 27.1337
250 -6.08194
621 0.7453
642 0.745911
127 -20.8675
1206 22.0591
471 -3.79559
290 16.708
1154 19.2681
1141 18.422
700 1.75305
1113 16.7358
369 -3.66006
277 -83.6275
334 -59.8944
778 3.22913
1102 16.5543
878 6.54327
122 -23.5071
333 -3.31866
335 -61.0987
1197 21.5439
1174 20.2202
818 51.8395
334 -59.8939
855 -28.6625
471 -3.79559
1121 16.6281
1218 22.7733
889 48.7753
821 2.89423
842 3.13477
712 0.651184
608 0.634277
283 -82.4126
751 125.412
723 1.86707
415 -2.50253
127 -20.8929
505 -1.43149
710 2.37122
631 0.741882
369 -3.66043
1095 16.7266
900 6.8736
1194 21.4985
534 0.0991211
444 -5.77679
372 -33.9543
551 -0.334656
771 1.18774
1113 16.7358
349 -3.18994
229 -86.4233
558 0.313171
312 -63.0451
274 -83.7867
843 1.12836
351 -3.22403
1008 3.65289
272 -84.0435
1100 16.6715
440 -1.92664
697 -0.324097
859 -66.7145
792 3.27405
153 -21.6657
701 -0.985901
824 98.3754
1086 15.1466
619 0.788635
456 -1.66336
514 -0.362427
1203 21.9301
357 -43.2067
179 -18.6425
896 7.04382
179 -18.6436
1084 15.7554
201 -17.8343
336 -58.0193
339 -3.48288
115 -16.5006
819 5.79578
233 -6.63231
1104 16.9702
290 -48.0835
1173 19.7289
660 2.44843
1194 21.4985
439 -2.02798
1086 15.1727
1126 16.0276
608 0.634338
471 -3.79565
298 -71.9402
356 -9.73364
236 -136.184
841 4.83191
970 2.81824
642 1.58826
841 4.83521
298 -71.9462
665 2.1344
312 -36.1854
857 2.19794
313 -53.9079
313 -4.22906
641 1.73737
512 -0.490448
341 -55.4945
665 2.12885
843 1.12714
1178 21.0878
665 2.13379
224 -45.4291
205 -125.75
409 -39.9037
352 -46.6374
707 1.1908
172 -20.1867
712 0.741333
255 -87.2919
640 3.9859
179 -18.6442
288 -50.6871
1088 15.7577
663 4.69067
356 -9.70486
639 1.22015
201 -17.8345
1104 17.1254
649 1.02826
278 -5.68741
1098 16.3007
503 -1.04611
225 -6.25421
1081 15.6012
284 -9.96793
1104 17.1107
689 1.56653
165 -20.1225
139 -29.4569
849 117.503
86 5.87334
627 1.02069
165 -26.6423
315 -4.08386
685 1.50464
783 0.171814
206 -112.357
842 4.82544
641 1.25397
217 -17.1015
1158 18.8918
771 1.79248
205 -125.74
931 5.44269
792 1.36694
1236 26.2356
541 -0.658203
201 -17.8346
375 -35.6023
560 0.15918
113 -16.2871
854 5.10553
821 2.89423
1102 16.5544
311 -87.2873
1204 21.9824
620 0.905945
630 1.62561
250 -208.367
886 43.4429
172 -20.6625
159 -21.0156
664 2.77716
1111 16.5933
557 4.95569
313 -53.9064
1080 15.6322
151 -21.2076
206 -112.353
1091 16.1721
1015 3.58502
465 -7.74127
822 3.63593
712 0.714905
699 1.51392
701 -0.982239
821 95.2845
149 -28.4425
159 -21.0186
662 2.7984
901 -59.0063
854 -18.8404
832 10.691
983 2.97974
1102 16.5522
336 -8.85159
838 1.54449
631 2.58942
854 -25.543
1184 20.9113
818 51.608
706 3.31006
1128 17.568
696 2.88586
227 -113.788
694 0.952759
842 1.10834
254 -54.1436
625 1.76196
444 -5.77701
222 6.63762
1086 15.1455
1153 19.2588
676 2.74072
352 -46.6371
500 7.81354
1155 19.4401
1161 18.839
649 1.02985
319 -63.7912
393 -7.53491
464 -0.899292
850 -20.1149
1087 15.9464
658 2.6358
164 -18.7563
640 3.98376
745 -1.34009
876 6.45709
163 -20.2251
343 -56.1116
243 -83.9311
712 0.87323
739 -8.02545
702 2.2124
818 33.0914
828 85.9908
288 -81.6928
894 7.02191
393 -7.53506
734 7.33911
901 64.0898
1086 15.7819
503 6.93362
570 0.322083
747 1.94751
259 -6.00653
558 0.316345
335 -58.4896
537 0.801636
621 0.745239
738 0.791321
697 1.18591
209 -89.0969
281 -5.62112
1161 18.9988
724 1.82245
1113 17.2933
250 -39.1382
725 1.51166
840 2.72852
821 95.2834
673 1.33826
678 -0.105957
863 5.73029
334 -59.8915
473 -20.7097
1104 17.1106
601 0.613831
557 0.193359
676 1.64563
352 -46.6374
649 1.0282
177 -19.2586
509 -0.997559
295 -47.6187
113 -16.5477
983 2.98004
624 2.18097
983 2.97986
1164 19.538
692 1.32074
832 4.25745
717 1.48621
295 -47.6154
960 6.2522
743 -15.3597
694 1.17255
1193 20.7523
627 1.03156
244 -6.51094
601 0.616821
675 2.18518
684 1.68024
336 -8.86829
153 -21.6658
886 133.941
887 100.006
738 -0.455078
921 5.71008
472 -21.8583
537 0.865417
1089 16.1389
664 5.22333
573 0.328552
179 -18.6429
132 -22.6763
172 -20.656
484 -4.93378
841 4.83191
622 0.966309
702 2.21106
150 -28.4554
471 -3.79565
694 1.97064
278 -83.2626
272 -5.79721
303 -71.768
393 -7.53616
246 -6.5038
711 2.06061
712 5.18243
700 -0.762878
390 -47.3044
372 -33.9492
1200 21.6594
1035 3.61292
917 6.11566
610 0.516846
303 -71.7682
471 -3.7955
641 3.73987
516 -0.167358
842 3.26245
1079 15.7947
336 -57.961
889 48.746
393 -7.53641
1102 16.5518
1195 21.4969
1113 16.7358
573 0.328674
298 -71.9429
648 2.60889
658 1.3858
443 -5.64951
832 10.7077
428 -24.2282
686 2.98315
338 -58.3958
571 3.64648
413 -30.4252
195 -18.1334
312 -36.1624
712 5.18243
797 91.8898
678 2.87769
595 2.88477
252 -6.14722
710 0.894409
928 -3.48633
628 1.29138
471 -3.79556
1219 22.7103
1171 19.7443
842 3.65936
712 0.76001
532 -0.873779
507 -0.701965
668 2.77972
852 -19.6763
806 4.81085
336 -57.9542
229 -87.0018
621 0.7453
313 -53.9218
695 1.2655
490 -2.30582
842 5.22571
712 2.01282
634 2.05292
161 -20.8501
111 -15.9202
743 -15.3566
681 1.04413
688 1.16699
558 5.29419
973 3.62097
698 1.44781
558 5.30054
413 -5.96463
227 -68.3911
258 -101.22
792 1.36713
624 2.17834
518 2.03198
259 -6.16466
326 -63.1066
640 0.803284
500 -15.0614
821 51.7074
1098 16.5109
457 -5.24377
810 1.24493
995 3.09265
1156 19.4548
163 -20.3769
679 1.24243
1102 16.5516
751 125.399
840 4.25769
1086 15.1454
396 -50.3463
1194 21.517
539 -0.678406
692 1.76251
1113 16.7366
683 1.61633
584 -1.49384
807 95.1937
434 -5.88141
496 -4.98999
281 -83.295
655 2.48309
834 96.7407
573 0.328491
393 -7.53519
237 -6.59575
822 47.7764
889 48.7914
690 0.815674
106 -9.55237
200 -115.898
437 -38.352
681 1.64606
514 -0.277222
644 0.853455
743 -15.3889
613 0.731384
656 3.0542
712 0.69751
201 -18.265
531 -0.832031
807 95.194
583 3.26886
919 5.75024
1092 16.1288
1124 16.0153
814 3.02863
1107 16.5066
179 -18.967
645 1.93848
954 7.35626
284 -81.9001
665 2.64288
724 1.8233
1189 21.1588
665 2.13354
743 -1.43164
795 84.0756
625 1.66144
686 1.5528
648 2.55042
318 -4.03305
307 -4.40915
460 -3.09961
1113 17.2927
773 2.3551
530 0.595276
873 -42.3199
699 1.2652
695 1.74268
699 1.42682
653 3.12097
751 125.41
712 1.07812
723 0.708008
321 -3.81268
745 -1.35052
352 -46.6377
807 95.1935
299 -5.09622
822 47.8007
233 -113.969
479 -8.99847
520 -0.48999
860 -64.0405
762 -5.72339
712 0.70929
453 -27.4367
159 -21.0186
842 4.81873
658 1.34302
769 3.0899
690 0.81543
659 1.93835
372 -33.9525
587 0.463928
818 3.66309
465 -7.67654
465 -7.65887
534 0.0988159
296 -14.9292
662 2.8573
701 -0.914551
656 1.87585
704 1.29279
702 0.971375
382 -13.4829
481 -15.3342
758 9.8725
665 2.13263
928 -3.48804
408 -6.36002
696 0.996155
333 -3.31723
393 -7.53595
493 -2.05255
729 1.79974
561 5.67133
539 -0.64447
258 -101.263
640 3.98492
509 -0.610077
597 3.03259
237 -93.2438
665 2.12762
661 2.0434
1044 12.7344
1120 16.6982
474 -20.348
712 5.1825
678 -0.570251
656 3.51801
689 1.06854
783 0.178345
204 -24.2306
642 3.86774
380 -13.8956
624 2.23846
658 1.35254
681 0.841675
672 2.10944
490 -2.30545
166 -19.7
724 1.79401
170 -26.187
1145 17.8689
808 17.5542
496 -4.98441
242 -28.0435
375 -3.32852
696 1.72986
656 2.05457
635 1.05872
583 3.34338
104 -25.643
43 -4.02473
791 14.2448
287 -48.7296
427 -41.6788
331 -3.78699
777 -5.06934
159 -21.0155
724 1.8103
152 -21.4069
336 -3.64172
495 -1.56271
807 17.6891
219 95.8144
649 2.49072
208 -23.8412
1121 16.6995
681 1.04755
692 1.2442
792 1.36725
218 -16.9483
714 1.02655
738 -2.07916
291 -51.4508
665 2.1275
781 -4.49438
698 1.36316
295 -47.6214
304 -10.8575
313 -4.41895
862 -72.1071
352 -46.6374
674 2.90369
185 -25.1388
699 1.11212
241 -17.9028
824 115.317
557 -2.02283
719 4.25702
473 -5.68454
1113 16.7358
571 3.64606
795 83.1938
585 -1.55219
726 0.872437
569 -4.57697
534 5.55347
1184 20.7548
678 3.52209
585 -1.56244
491 10.8633
663 2.88037
1088 16.0061
185 -25.1394
918 5.51514
702 4.85321
886 133.862
451 -25.5645
764 -5.159
530 2.17499
349 -56.9412
548 0.361633
1204 17.9044
822 47.7483
681 0.841675
842 5.22675
708 3.25909
435 -59.2372
703 1.22284
1113 16.7366
684 -0.74231
670 2.05225
758 3.39978
724 -0.888306
832 10.5717
262 -83.915
668 1.33191
517 -9.57785
643 2.04724
585 -1.56635
645 1.43207
943 2.5025
278 -91.5015
628 0.869263
717 0.343079
559 4.83228
349 -3.21387
900 6.52576
412 -41.5576
877 2.33447
476 -6.78882
297 -20.7497
762 -5.73523
333 -61.3033
1091 16.0687
842 3.22791
737 -4.35413
366 -24.0975
427 -41.6769
1093 16.7839
691 1.59613
804 17.3712
320 -3.85168
658 2.63531
860 -69.1758
465 -7.65796
778 -5.37903
986 2.80957
573 -3.51056
473 -5.68652
583 -0.37384
957 8.36578
680 0.965027
571 0.355042
336 -57.9608
480 -3.12482
751 125.409
702 2.18567
571 3.65253
506 -9.70239
536 1.5921
291 -56.1342
428 -23.9857
398 -40.317
663 5.30548
585 -1.55762
893 -181.845
658 1.3493
651 1.7876
1055 5.01172
338 -10.9325
479 -9.43811
1085 15.8929
638 2.37231
1169 19.6276
474 -20.3466
834 38.8539
399 -15.0089
648 1.51471
796 7.24432
888 137.886
427 -41.679
712 1.20636
351 -24.4264
338 -54.2323
710 0.908203
183 -18.4719
1017 3.69263
842 3.66217
695 1.74347
485 -9.00919
840 2.68689
136 -22.1711
621 0.745361
686 1.539
749 2.7005
806 17.3363
298 -32.2649
537 0.936829
372 -33.9519
342 -11.2081
764 -6.64685
337 -9.32312
390 -45.8335
340 -58.4619
479 -9.40103
564 -3.72272
886 133.789
218 -16.946
915 4.07233
827 4.70862
665 2.13263
1113 16.736
331 -72.3073
280 -83.0966
413 -30.4454
413 -31.3304
842 3.26068
1165 19.3599
840 2.68774
744 2.36041
1113 17.293
1193 20.7527
476 -6.96051
1121 16.6404
665 2.13129
909 1.99237
701 4.1391
585 -1.55237
362 -18.1644
267 -5.94739
607 0.0713501
804 6.92255
607 0.428528
243 -90.461
1100 15.9431
624 2.19617
355 -16.0563
558 5.33966
1086 15.1666
227 -52.767
1124 16.5521
560 -0.56366
795 82.4761
699 1.11218
399 -15.0482
700 1.81696
844 -32.5121
649 1.03003
448 -26.0335
749 4.12732
861 0.891846
1145 17.6555
534 0.103882
183 -25.5392
1173 19.5963
840 2.68671
831 -119.568
465 -7.67566
607 0.0804443
412 -41.4641
329 -3.76462
731 12.1721
619 3.64844
481 -7.33118
660 2.91571
661 2.84442
301 -18.1131
352 -46.6371
842 3.13721
711 1.99969
235 -101.251
413 -9.52191
931 7.97864
747 3.68945
474 -5.75061
331 -3.78851
669 1.48981
458 -1.06723
1156 18.965
251 -25.6359
191 -17.772
670 1.77332
656 1.91956
653 3.74084
225 -6.23271
479 -9.01859
655 2.23987
390 -5.6261
595 2.79218
648 2.36218
500 8.56311
842 4.81708
322 -58.6852
695 1.74341
242 -108.881
445 -17.4746
167 -19.4191
479 -9.4093
457 -0.987793
648 1.5827
587 0.464294
473 -5.67987
583 3.21979
1135 17.2471
943 -3.4209
587 0.464111
320 -63.7918
688 0.439453
296 -14.8641
654 1.61084
711 1.99976
534 -0.444824
701 -0.982605
352 -53.0845
235 -114.229
708 -0.847839
431 -4.99683
791 14.2447
591 3.52948
725 5.87012
819 110.555
640 1.37683
393 -7.535
701 1.23254
870 17.6002
456 -25.933
1067 14.3636
418 -20.5945
840 2.68585
1183 20.442
1129 17.3561
690 1.48767
205 -45.2698
630 2.61737
104 -11.4272
427 -41.679
754 2.93188
265 -15.8673
596 -3.09949
724 13.3659
477 -8.1344
476 -7.06171
312 -4.55249
681 1.04614
842 3.17511
752 -6.76471
795 71.5769
775 -9.86566
607 0.431335
496 -5.03503
1117 16.8149
521 4.67114
703 1.75067
556 0.386169
438 -37.7845
540 -3.79144
693 1.31781
209 -89.0595
776 12.4774
699 4.80518
791 11.7346
296 -14.9442
599 -2.20245
667 1.96741
1073 14.2755
382 -33.3083
680 1.46332
332 -25.6359
699 1.06982
676 1.71051
685 2.79639
689 -0.331482
746 -1.80548
888 137.872
323 -4.16644
643 1.43298
598 2.91064
104 -25.6436
427 -41.6768
649 1.02747
607 0.0854492
711 1.99945
516 -7.03168
796 7.25446
658 1.34283
725 1.47565
737 -4.36121
621 0.957031
799 15.2016
1095 16.2355
301 -18.1124
557 4.95367
657 1.90619
198 -120.708
486 -6.23123
319 -3.94971
722 16.0979
695 1.74329
179 -18.6428
617 0.701233
772 1.01044
490 -5.58325
587 0.462036
331 -62.5285
473 -5.68375
712 2.00781
791 14.2447
470 -0.913696
513 -3.32053
682 1.33588
465 -7.67328
688 1.01569
831 27.1379
597 3.02142
708 -0.848633
828 4.69128
675 1.97931
607 0.349182
657 2.06384
332 -73.3077
940 -1.27423
831 27.1409
819 110.51
780 -4.61334
522 6.90979
526 2.58173
464 -0.900085
794 6.95874
653 1.92206
656 2.05829
981 5.07733
931 0.413269
657 3.05994
1090 15.9663
525 3.52087
513 -0.135986
718 -1.33142
680 3.44116
484 -9.39108
591 3.42731
296 -14.9243
583 3.31494
190 -119.462
425 -4.68057
659 2.50385
562 0.848999
695 1.74347
245 -31.1367
441 -5.63058
370 -8.74518
325 -62.2762
944 1.4884
681 0.840454
500 8.63849
127 -20.8701
291 -56.1473
537 1.05322
524 5.51514
701 -0.980591
390 -5.64404
186 -25.4818
818 52.0364
267 -6.98526
547 -2.00153
515 5.38123
668 1.58844
686 1.14514
242 -20.3409
413 -30.8489
672 1.39496
337 -8.9606
498 -13.4283
585 -1.56409
796 103.034
576 -1.07281
624 2.15985
737 -4.35889
413 -9.4584
629 1.55573
218 -16.9452
1044 12.733
194 -19.0869
354 -72.621
448 -5.63028
295 -47.6048
821 51.711
380 -13.9289
388 -5.81552
706 -2.65283
157 -21.04
434 -59.6812
842 1.11053
286 -28.8987
616 1.99878
502 6.00928
446 -23.3978
658 1.35291
600 3.17456
225 -91.245
842 3.12885
253 -129.813
398 -40.3242
1028 3.98486
658 1.34186
658 1.34174
319 -63.7917
203 -63.8457
821 2.89441
580 -2.41602
963 -3.45404
389 -5.6001
664 1.72656
788 -0.0691528
476 -22.2391
670 6.34113
712 2.0083
733 6.25598
223 -7.11006
877 2.3349
619 3.49524
685 -0.244629
649 1.63562
479 -8.87607
749 1.56891
597 3.02307
332 -73.3869
554 -1.07745
188 -18.3572
631 2.59369
477 -6.64087
907 6.2074
291 -55.4032
429 -27.9417
267 -0.486023
204 -16.8382
521 0.0166626
658 0.914124
479 -13.5207
448 -13.8913
435 -59.2223
675 2.29211
686 1.00372
1145 17.6554
398 -40.3299
621 0.7453
843 1.12823
831 60.4392
356 -16.0191
597 2.97272
864 -48.2477
878 -36.8644
943 -3.42072
682 1.10736
476 -3.34589
412 -41.5501
1093 16.1313
708 -0.848389
521 -1.07019
496 -1.18613
696 1.31702
910 1.48895
720 0.712463
949 5.03748
980 4.99188
621 0.745239
842 3.13702
301 -18.1129
400 -16.2336
160 -25.8336
763 -6.53046
814 1.08203
1121 16.6283
453 -25.3106
512 -0.226837
624 2.19153
597 2.2218
475 -7.14804
1004 5.79224
352 -56.1199
222 6.647
861 -22.785
413 -9.34219
621 0.7453
243 -75.3047
630 2.64185
746 -7.96674
507 -1.03867
935 0.72229
683 -0.333191
803 16.9979
329 -13.5315
463 -21.6057
185 -18.3873
645 1.76624
620 1.6778
866 1.30316
686 1.00391
865 -10.1272
196 -119.426
424 -41.7235
737 -4.35193
1218 22.7744
640 2.45367
299 -68.4513
349 -3.19302
685 1.09967
387 -29.884
150 -28.4543
757 0.55072
496 -4.922
650 3.80719
665 2.12823
323 -36.3509
221 -78.8761
669 1.57635
225 -6.24551
388 -5.82437
561 0.0870972
244 -19.4167
365 -13.7037
940 -1.34454
558 5.34851
777 -10.5314
646 2.73962
332 -73.2957
465 -7.74109
43 -4.03612
667 1.81769
742 -1.53625
761 -4.45819
468 -1.32635
980 4.99316
710 1.08044
842 4.81677
473 -5.66513
944 1.47382
807 67.8203
209 -89.103
726 -1.01965
943 -3.41187
464 -0.8992
357 -10.7467
349 -3.21362
723 -1.06085
267 -6.98517
819 110.514
517 -8.55893
743 -15.4054
560 -0.445251
438 -37.7792
832 40.7307
696 -0.548279
623 1.32605
645 0.977783
607 0.0823364
483 -4.82794
530 0.957092
425 -16.5186
298 -5.76602
526 -4.59833
700 1.80072
362 -18.3379
865 -14.3818
753 3.21832
630 2.67883
1189 21.2554
803 95.3238
395 -16.614
313 -22.9802
448 -7.38947
931 7.97949
742 -1.55853
743 -15.3775
679 0.885864
518 3.66479
802 93.9651
398 -40.4067
842 3.13245
272 -73.0232
371 -3.46011
362 -8.41049
438 -37.8322
711 -0.193176
135 5.66957
529 12.6773
658 1.34253
789 0.666138
490 -13.5456
413 -30.5893
464 -0.894043
405 -6.62387
686 1.00336
539 -4.85809
479 -8.97586
783 0.165833
372 -33.951
479 -8.99017
640 3.97864
595 2.75879
561 5.81281
630 2.70642
685 1.35461
245 -31.1424
877 2.33313
735 2.4201
585 -2.36572
772 0.762756
227 -87.6097
461 -3.40652
855 1.89703
623 2.01434
686 1.0033
809 2.37305
664 1.98907
681 1.02264
382 -22.3802
535 1.67401
445 -17.3094
165 -26.6622
624 2.23425
681 0.680542
810 2.27466
792 0.712952
661 1.33575
658 1.34552
446 -17.9451
486 -8.5654
501 5.3403
815 22.6598
557 4.9552
325 -35.1662
786 2.87402
357 -10.788
809 2.95117
624 2.18512
745 -7.39966
169 -26.3864
448 -3.43021
479 -9.42426
1069 17.4133
661 2.60303
412 -41.3417
434 -59.7071
621 0.745239
840 2.68671
908 7.57245
878 3.27136
690 0.689758
438 -37.7762
249 -14.1172
716 2.50989
430 -4.45883
231 -94.7105
284 -75.9301
656 4.37164
514 -0.497009
597 3.10291
807 2.90521
352 -46.6374
476 -7.44391
186 -25.482
473 -5.67032
1222 30.2739
352 -53.0858
158 -26.998
491 -5.49753
708 -0.848694
720 6.26782
362 -18.1668
210 -6.7101
220 95.8827
737 -4.36249
525 4.40753
1044 12.7343
851 -33.0648
267 -73.2745
681 1.04462
597 3.10669
669 1.38989
710 0.886353
737 1.02313
1008 3.65265
702 1.35138
492 10.4951
1206 19.559
585 -1.55737
745 -7.3465
571 3.65234
1114 16.7881
825 4.85034
454 -22.0362
430 -22.8933
821 51.7042
724 13.2336
761 10.0988
640 3.9809
400 -16.2373
220 -22.7714
662 1.60236
356 -10.2827
201 -17.8353
764 -5.96106
823 22.3261
619 3.65295
681 2.52484
632 0.753357
538 -1.64337
456 -25.9516
719 2.68939
621 0.745361
887 68.219
163 -27.9685
943 -3.41742
567 0.346436
797 3.75641
535 4.63177
412 -41.3916
313 -53.9113
175 -19.4428
467 -2.75522
724 0.869141
692 1.33063
808 16.7596
352 -53.087
825 2.82233
480 -8.99014
944 1.49084
830 2.63794
664 2.98926
488 7.60681
733 3.44342
625 1.03503
842 3.13501
356 -16.0502
318 -27.3083
684 1.70483
969 3.84149
615 4.23022
339 -58.3643
497 -4.47397
819 110.491
837 4.3642
267 -73.2344
699 2.55457
185 -18.2914
690 0.100952
723 0.786255
469 -3.64716
129 -21.7565
999 -1.48877
356 -16.3167
305 -71.5102
586 0.109741
611 -0.144836
643 3.75824
865 -35.5655
840 2.68787
141 6.67804
205 -125.744
804 54.3132
186 -25.4125
688 0.814697
955 -4.45435
335 -61.1629
895 22.5579
604 0.536621
982 1.95386
757 5.80353
814 -4.08411
274 -7.91843
811 99.9203
645 -1.0697
516 -0.175232
696 1.30933
790 2.85016
701 -0.916748
727 2.29926
733 6.25623
724 2.23322
630 2.63727
663 0.81134
791 1.85504
331 -58.1478
698 0.932739
624 2.2312
389 -5.58469
826 4.82587
450 -27.9145
702 2.74658
288 -40.8593
631 1.90778
389 -5.52203
530 -1.21729
407 -20.7192
427 -24.2955
664 3.2597
580 -2.40918
791 1.84949
298 -71.9422
1182 20.1671
834 3.40601
381 -8.35883
390 -5.63504
893 -55.3656
619 3.64667
928 -3.48633
822 47.7982
332 -73.3437
1121 16.6283
1060 4.93457
707 0.813049
450 -28.8127
334 -59.8929
607 -0.0829468
584 -2.37799
607 0.09021
658 2.27069
584 -2.39081
538 0.803162
890 -2.63654
537 1.06726
908 2.10016
751 9.53088
456 -25.2902
332 -73.4085
537 1.0592
1160 19.0798
557 4.80914
103 -5.90659
366 -28.7713
1112 16.6713
234 10.848
835 4.66907
183 -25.5366
685 1.14825
686 1.00342
701 1.73773
627 1.99603
800 94.0331
792 1.36615
269 -86.627
658 1.34344
929 1.36969
571 3.65619
619 3.48969
814 0.912781
460 -20.3973
1058 4.77368
598 3.21912
765 0.590942
551 0.170166
1134 17.8186
435 -59.2263
309 -5.15552
230 -97.1658
623 1.01904
758 -5.86664
809 2.46021
311 -35.5745
1099 17.0895
1177 19.8745
831 27.1349
662 2.45349
315 -36.5609
356 -36.91
298 -4.92847
646 1.83228
182 -74.3279
783 0.154297
658 4.53015
825 4.78979
471 -4.44781
906 15.0956
690 -0.396301
459 -7.04889
642 1.95911
931 7.97949
139 -29.3715
613 0.832336
402 -33.067
554 -1.07208
581 -2.08466
756 -10.6828
764 10.5239
336 -57.9547
554 -1.12994
571 3.65613
255 -87.2999
182 -166.104
218 -16.9461
267 -73.2192
431 -42.1406
270 -84.4888
413 -9.48639
196 11.6252
767 2.64264
756 9.92004
712 -1.52765
395 -7.21585
1177 20.3207
260 -9.38101
723 2.21704
598 -1.23505
571 3.64429
908 4.96576
187 2.4382
395 -18.6974
661 1.79749
356 -10.2892
399 -15.0304
331 -72.4489
676 1.64734
478 -9.47211
384 -36.0753
1089 16.0594
267 -73.2968
772 0.397339
807 65.0574
928 -3.48425
862 -29.1913
779 -0.624939
225 -6.24904
224 -64.3433
527 1.30426
733 6.25635
831 31.6315
820 15.1094
381 -13.8507
640 0.803162
888 137.872
438 -37.8186
712 0.701782
345 -8.58218
358 -45.7088
478 -3.64999
903 0.784058
791 14.2444
255 -87.3074
383 -5.52988
763 3.09583
554 -1.11133
717 0.947876
412 -41.6459
728 6.65515
669 1.4873
413 -9.36868
152 -29.0731
215 -16.2387
240 -14.5266
720 -1.46332
619 3.63977
356 -16.0643
332 -73.3644
570 2.72943
429 -25.063
865 -77.8071
601 0.624146
537 1.04578
254 -8.94011
754 2.78638
250 -208.502
696 1.79376
349 -3.22501
193 25.8759
160 -26.754
552 -4.06744
667 1.76239
491 -15.0346
400 -16.2295
945 4.05518
312 -36.167
683 2.32733
712 1.00208
245 -14.7899
963 -3.46014
642 2.52557
177 20.8891
686 1.01068
165 -19.3009
658 1.35242
940 -1.33368
256 -6.31277
454 -19.5345
101 176.739
530 0.541138
502 -1.52731
580 -2.40991
445 -8.19662
688 2.54547
499 -12.1835
537 0.930176
586 -0.381226
748 -7.40973
963 -3.45905
977 -2.31702
851 3.7019
751 9.57697
297 -20.7646
529 12.3405
605 -1.74866
496 -5.2207
931 7.97949
780 7.13379
733 6.25604
657 1.75958
695 -0.445618
291 -11.9628
1124 16.5095
560 -0.231262
792 1.36652
643 2.0932
701 -0.493164
112 -21.4543
427 -41.6783
228 -22.0482
465 -7.75534
644 1.50006
778 8.36115
715 -0.86084
737 -4.3606
574 -0.167419
737 -4.35864
254 0.926727
641 1.9165
346 -76.6419
161 -26.6788
452 -25.2631
454 -21.7517
681 0.84137
872 127.802
459 -1.4111
780 2.14874
141 6.6882
186 -131.412
759 -7.92236
927 -3.68921
944 1.49146
783 0.161621
523 9.40936
874 18.7601
746 -7.96582
658 2.84717
712 0.675903
1063 20.6116
400 -27.02
999 -1.51678
999 -1.46997
583 3.1615
349 -7.22736
737 -4.3551
835 2.34247
183 -25.5367
1121 16.6281
702 1.2384
267 -73.2272
821 2.89478
320 -4.03381
428 -23.8989
247 9.19002
711 1.80548
842 4.81903
830 11.3579
662 1.31281
177 19.7298
413 -9.45523
427 -41.6788
494 -13.9819
352 -46.6378
648 1.87909
708 -2.29059
268 -86.4461
697 0.690369
847 1.88153
345 -19.4853
462 -7.91788
553 -4.22559
670 4.93677
631 2.5929
894 -204.118
425 -17.689
473 -5.68375
662 1.36237
688 0.814331
274 -83.6383
561 -0.138245
538 -2.07397
690 1.43201
554 -0.965515
282 -10.0389
519 -0.150818
390 -5.64066
764 6.57898
792 4.95172
193 25.8729
890 -2.63531
475 -18.0459
663 1.78668
648 1.59332
209 71.3866
640 3.97858
686 1.00342
820 39.5597
624 2.18878
267 -73.2238
755 0.905457
867 0.492737
648 1.80768
650 1.60352
554 -1.07581
533 5.14069
275 -30.4142
112 -19.1623
536 1.55872
724 13.2948
675 2.00928
202 -18.3962
127 -20.8959
220 95.8383
737 1.67523
647 1.16034
534 -0.261353
139 -29.3716
559 -2.12695
372 -39.1681
838 3.76129
471 -14.9802
430 -11.6467
681 0.280396
702 1.27393
673 2.06628
646 1.70917
851 17.4703
412 -41.4679
571 3.64679
873 2.69067
343 -31.5354
565 2.88312
458 -20.2321
380 -13.9765
413 -9.50427
82 205.771
502 8.19089
735 -0.020752
764 -5.32312
697 1.34973
1100 15.9434
434 -25.1135
427 -41.6782
981 -12.259
553 -4.19159
703 0.28009
317 -4.34488
336 -34.9084
553 -4.18878
697 -0.296997
216 -17.1434
658 1.34088
711 0.943665
535 2.85944
754 3.07581
762 -5.74152
648 1.79126
965 -3.41412
1224 28.8828
597 3.11377
751 3.01294
729 -1.98376
828 7.29626
127 -29.7155
915 1.01379
796 16.1898
413 -9.45819
832 10.7076
791 14.2448
871 0.798401
345 -53.8391
552 -4.08081
448 -7.87518
1019 3.75946
940 -1.78833
840 4.97827
225 -6.23785
209 47.92
686 1.53833
763 -7.32428
247 6.16583
443 -42.2579
728 2.71771
980 4.9989
675 1.79712
630 2.18921
198 39.2171
758 0.196167
647 3.21588
660 4.99896
141 6.7104
359 -3.40881
912 -0.0813599
711 0.940796
958 -5.56836
665 1.85596
473 -5.68277
738 -0.461304
708 0.668945
449 -27.2476
857 4.42621
440 -24.8522
312 -36.1761
133 -24.4899
479 -8.98917
809 2.92493
424 -35.2502
349 -59.6734
831 3.83234
806 14.449
792 4.60309
356 -10.2868
312 -10.5982
454 -22.0363
792 1.37506
336 -57.9628
177 19.728
669 1.91156
558 5.30774
1054 9.60791
791 1.80884
75 206.062
1006 -8.81403
716 1.63025
682 0.125916
999 -1.46881
212 -19.6598
422 -26.5669
571 3.64343
597 2.18048
1145 17.655
864 61.061
931 7.97992
624 2.19025
333 -34.4816
88 0.385162
413 -30.689
598 -1.13342
547 -0.0360107
184 -25.5764
366 -17.4254
429 -4.27277
855 -17.2812
175 -1.1329
643 2.28876
619 3.62958
756 10.5488
43 -4.03017
551 -0.852783
782 0.156677
174 59.2457
620 1.25488
1007 -8.92944
680 0.909058
350 -9.22098
412 -41.4309
189 -17.989
802 10.821
229 -3.44254
686 1.57025
650 1.7157
700 1.2113
494 -13.9036
740 3.78271
826 4.74689
720 -1.50397
295 -33.6947
242 -14.53
496 -13.2856
597 3.10339
180 -2.45677
345 -14.8029
796 7.25458
712 0.779968
288 -48.2999
963 -3.45776
477 -8.2684
780 13.8258
624 2.2915
584 -2.30676
791 14.2448
619 3.64008
257 -60.4073
534 0.417786
585 -1.02246
585 -2.16193
722 -1.63757
228 -16.5431
650 1.51758
792 14.3508
686 0.540222
753 9.8313
607 2.99628
1017 10.6946
772 -2.99823
334 -34.6091
766 -8.38342
682 1.66821
336 -8.84995
917 -2.74072
275 5.90091
503 -15.804
501 6.1033
399 -15.0515
290 -46.6451
292 -5.41171
777 -10.5098
243 -0.414062
220 95.9306
1103 16.8906
842 3.6615
315 -27.1344
676 1.56207
278 -6.39761
480 -8.86337
520 -6.19287
228 -22.0197
198 39.2264
503 6.88589
216 -17.1451
437 -38.3274
743 -1.44745
1102 17.1366
940 -1.33118
552 -1.35132
1154 18.9417
280 -5.6615
747 -5.63287
596 2.77606
597 3.14459
607 0.650391
561 0.0387573
929 12.4242
676 1.60248
942 2.75781
454 -21.7485
390 -5.67712
636 -1.28101
1121 16.6282
624 1.36371
424 -24.5178
438 -37.7928
1044 12.7457
434 -33.0794
276 -98.364
270 -65.6906
821 53.4429
465 -7.74985
270 -9.88922
553 -4.17877
712 2.01062
795 15.1332
212 -19.6476
849 117.629
1072 14.1259
206 -112.358
712 2.00439
465 -7.75092
1020 3.46246
640 3.98401
666 3.16119
345 -100.414
469 -2.91464
822 30.4095
280 -17.773
840 4.25958
812 1.57617
245 -31.1028
894 -271.423
353 -3.81253
883 -167.08
963 -3.45416
843 5.35779
283 9.97632
876 -15.7635
663 2.84326
717 1.46252
554 -1.09601
1222 30.681
807 62.8091
164 10.505
497 -0.457855
312 -4.55246
400 -16.2342
867 -13.3869
325 -10.4368
940 -1.27631
264 -3.73816
153 -21.6658
478 -8.46112
443 -19.0482
296 -14.9357
287 -22.3836
818 4.4516
233 -6.63403
765 -5.91022
514 -0.421936
446 -23.4016
627 1.03546
1160 19.1333
340 -14.8059
628 1.32581
970 2.81958
479 -9.82718
634 3.32593
624 2.22107
172 -20.656
656 2.28522
713 -0.710205
715 1.08698
481 -15.3348
88 0.41021
397 -18.4521
940 -1.29742
932 14.5045
680 1.37885
1114 5.37561
664 1.33069
500 -15.0413
849 12.7931
536 1.6347
601 -1.23505
449 -27.0777
222 6.62482
668 1.98541
107 -11.066
743 -15.3895
791 1.85486
671 5.39929
951 -4.46155
557 4.94586
878 -16.0092
821 2.89441
689 -0.29303
442 -21.5986
149 6.72322
326 -50.1764
244 -14.7849
791 4.66962
763 -6.21808
774 0.918213
400 -16.2331
571 3.64551
205 -24.7302
689 0.270264
831 11.1243
1169 10.3719
927 2.75012
642 1.95923
943 4.30566
734 7.34796
184 -25.5802
696 1.79352
802 72.6572
397 -43.3579
352 -3.83875
400 -16.1836
653 1.98425
1124 17.2821
712 2.00812
791 1.79968
764 -8.99292
358 -8.53931
424 -4.72958
523 -9.43085
990 4.47235
740 -1.8371
217 -17.1452
198 30.6715
382 -13.0153
726 2.12933
619 3.63702
274 -8.10992
653 1.90326
607 -0.0687866
282 -9.89725
646 1.80603
940 -1.33844
839 5.89459
1106 19.0994
732 2.42078
430 -23.1966
398 -40.3055
204 -24.2258
721 20.6778
887 -10.9858
258 -14.4386
1129 17.3557
584 -2.38605
787 19.5532
413 -30.6512
726 1.50061
201 -17.8199
940 -1.78235
828 7.27045
583 3.23151
312 -10.5992
833 16.9666
999 -1.52393
924 1.04413
425 -24.4194
274 -8.1098
307 -4.66809
621 0.7453
728 2.21521
888 137.873
303 -71.7714
491 -14.9995
584 3.12469
193 25.8761
621 0.912231
467 -18.436
880 -17.1783
537 -4.86792
456 -9.38431
611 1.52454
221 -114.578
219 95.813
864 -35.7042
228 -90.4351
811 2.14069
803 95.3236
312 -4.55222
771 5.20953
318 -10.4404
712 2.00635
698 3.17102
295 -47.5865
940 5.28973
216 -17.1442
380 -13.9951
481 -15.3342
668 2.25464
754 2.9267
216 -112.664
712 -2.00909
628 1.71832
963 -5.7149
380 -13.9782
332 -73.4108
738 -0.465271
261 -2.61917
682 0.564819
230 19.7051
547 -1.75098
412 -41.4793
388 -3.80774
362 -8.44614
867 -15.6891
684 1.73578
463 -3.45874
940 -1.33362
399 -14.9651
598 -1.36694
1054 9.61548
413 -9.37369
595 2.00787
185 -25.1397
925 2.23279
705 1.00317
658 1.34503
282 -11.7319
554 -1.0766
510 -2.91043
999 -1.46637
736 0.731384
596 2.77002
695 0.716431
188 -5.54402
245 17.2593
596 -3.01227
493 -15.2367
737 1.61084
554 -1.07751
686 1.53918
645 1.0108
209 -8.62515
185 -25.1405
1234 23.2041
682 -0.679932
692 0.598328
961 -4.66443
446 -5.60803
763 -6.41284
225 -6.23343
225 -99.2368
990 4.47235
437 -38.3565
1027 3.8988
885 -17.1478
395 -12.6548
882 -0.980225
182 -18.529
635 1.08575
553 -4.19452
979 -0.0963135
982 1.95258
343 -62.2485
484 -20.3183
607 0.342224
336 -3.43765
686 1.68951
767 11.6896
584 -1.35236
337 -59.0712
711 1.99823
700 1.76056
969 3.84601
220 95.8826
651 2.49896
525 10.0134
398 -40.3313
764 -0.850952
511 -0.504242
200 12.6167
181 20.5782
380 -6.48587
773 11.8476
125 168.501
491 -12.0739
762 -7.06299
494 -13.9743
941 4.66107
587 0.856201
319 -64.1308
393 -2.87573
767 -5.11084
791 14.2448
286 -13.1895
583 3.34009
436 -22.4151
647 1.11462
858 8.83575
479 -8.98911
263 -77.9479
998 3.74939
366 -17.4182
305 -11.1499
571 3.64429
158 16.6267
424 -26.3233
465 -7.75122
503 6.76413
649 1.02765
782 13.3861
667 1.92877
650 1.58643
869 0.815796
699 -0.19104
607 0.342041
753 3.53644
1113 17.2926
298 -4.92877
296 -14.8712
330 -50.2808
366 -55.4523
860 -14.4035
893 1.14301
183 -25.5433
733 19.9098
267 -6.98505
262 -79.0042
597 3.11487
980 4.99585
253 -6.03134
627 1.74969
221 -40.4794
839 4.7674
872 127.815
576 -1.10065
555 -5.7774
849 5.72162
450 -18.0788
1004 -5.07489
366 -17.0045
855 27.6119
780 13.1497
694 13.4084
695 1.74335
630 2.63959
646 2.84869
506 -12.7677
542 -1.51703
1100 15.9431
701 -0.986389
573 1.32318
831 12.6786
766 -4.33563
765 -5.8457
961 -4.44293
1013 26.5446
917 17.1933
494 -14.3369
213 -7.91028
804 6.28241
395 -16.6213
514 4.7002
607 -0.0560913
1007 -8.92719
492 -2.80344
518 -6.60437
331 -35.1743
731 -4.08264
724 0.594238
193 25.8777
228 -15.6096
538 0.801331
156 -10.5481
393 -38.5005
723 2.24512
665 2.13446
257 -6.27342
300 -11.2704
245 -31.1439
500 -13.2685
400 -16.2279
808 16.9514
455 -1.63092
775 -11.067
553 -4.09802
920 3.86646
633 3.28986
776 -11.2645
624 2.19214
558 5.31824
645 1.54968
674 2.13922
516 2.70667
466 -22.0543
606 0.0614624
227 -16.4139
938 -0.393066
1239 23.2827
301 -50.9161
389 -5.74438
603 -1.97351
537 1.31604
309 -35.8333
776 2.28882
296 -14.9284
665 2.1272
609 2.2793
491 -15.0654
349 -3.21234
485 -16.9702
624 2.18079
649 2.14716
1025 10.7913
1103 16.897
660 2.44928
190 3.08163
230 -15.421
303 -71.7669
778 -4.34711
446 -28.0196
658 1.34406
381 -13.8508
726 -0.263428
691 -1.58142
537 -4.86432
736 -0.406494
168 -27.3844
589 0.965942
478 -2.50903
650 2.21851
639 0.336609
658 2.85773
955 -3.34082
571 3.65741
882 -7.08618
963 -1.34521
218 -16.948
806 61.1331
889 19.0071
495 -7.29254
596 2.8244
222 -6.9127
792 9.92841
1079 14.3479
497 -14.755
456 -9.37839
557 4.95355
948 4.62317
758 -0.213928
770 11.9642
430 -4.45859
364 -45.1799
662 3.04559
734 21.9738
554 -1.07318
649 1.28186
624 2.23792
607 0.650269
137 8.8625
347 -2.72617
594 -1.32397
798 25.8989
473 -5.68188
779 7.02838
1112 16.5728
206 -6.69815
429 -4.26868
946 -0.0291748
705 1.4718
540 -4.58441
701 -0.98584
393 -7.24725
743 -15.3922
758 -2.71259
858 -12.866
239 -14.5093
434 -14.4802
249 8.53198
889 48.7454
608 0.632568
664 3.97961
733 6.25482
556 -6.70258
631 2.59271
763 -11.2358
681 0.840027
943 -3.41528
712 2.00745
777 -10.5319
792 1.3736
326 -38.3759
390 -5.71738
238 -57.5483
699 1.14844
576 -3.61053
507 -12.5509
945 4.96838
268 3.78296
362 -3.56631
579 -0.942932
844 14.948
665 2.12872
366 -28.7728
583 -1.27161
737 -4.13263
507 4.11755
910 1.48859
765 2.35205
555 -5.23322
514 -3.29935
553 -4.14081
469 -18.1417
246 -10.3885
838 3.67633
890 -2.63531
862 -17.7475
607 0.649841
446 -23.3983
1074 -4.62036
145 139.437
761 3.79022
621 0.745239
568 -1.138
234 -109.632
530 -7.51691
722 2.51727
737 -4.35309
429 -26.9824
422 -26.2414
1030 13.0033
596 -2.9306
598 -1.28986
429 -4.2724
1061 4.79553
1134 17.8186
523 0.391663
738 -4.72723
797 14.996
819 5.4632
518 -7.48679
940 20.8193
571 1.15881
412 -36.2528
193 25.8766
725 2.25476
306 -10.7554
712 5.18274
546 -1.60956
88 0.381439
456 -25.9409
526 -0.53064
662 2.64215
702 2.22693
1234 23.1998
809 17.7338
412 -41.5444
751 -10.2668
543 -1.57227
537 1.34259
110 191.225
944 1.48627
182 19.7798
776 6.37268
186 24.0279
908 2.06757
783 0.157959
164 -27.5975
894 -239.132
388 -27.1166
691 3.15765
597 2.96185
327 -28.7247
801 4.24939
1224 28.2667
686 1.12482
861 0.755432
788 0.246094
420 -5.15997
630 2.67645
711 0.918457
969 1.69861
1010 12.8146
382 -13.7983
182 0.588043
1010 12.8138
737 -4.35596
454 -21.7545
877 2.33496
748 0.986328
509 1.68677
345 -19.5376
751 2.72137
473 -5.65811
706 2.52496
769 -4.23486
639 1.30878
737 -4.35596
694 2.7002
349 -27.7858
390 -5.65161
353 -25.3723
1024 1.23706
737 3.01971
336 -29.4258
823 22.8026
807 16.7954
295 -47.6255
497 -5.32196
980 4.99353
379 -14.2136
678 1.51813
931 7.97809
1171 19.938
715 1.08569
425 -60.6347
267 -73.2041
746 -8.03467
825 6.77728
597 3.11493
948 4.61938
476 -6.79398
1066 0.802246
198 12.7598
1144 -4.56665
586 0.113647
824 31.3721
653 2.08984
568 1.07397
454 -21.7501
372 -20.7823
438 -37.8298
495 -14.4216
352 -53.0824
230 -4.04349
597 -2.84491
860 116.653
369 -24.7632
828 9.21533
1014 26.5782
641 3.79181
422 -26.1723
552 -4.83252
640 3.98303
462 -2.13333
442 -22.5428
908 2.06702
598 2.59546
642 1.73932
733 6.25592
884 132.704
743 0.752869
225 -102.354
468 -2.18881
597 3.11304
362 -18.1757
642 1.95282
345 -19.524
986 -4.44666
381 -13.8372
732 7.3952
805 6.02148
798 69.7478
877 2.33411
1100 16.0413
766 -11.5026
484 -4.99301
427 -27.0962
619 3.64569
496 -5.01208
743 8.06146
457 -24.9201
454 -21.7269
295 -47.6057
657 1.81238
856 3.7262
450 -27.5024
380 -55.175
244 -14.5546
308 -49.1837
1044 12.7452
274 -8.10278
621 1.40594
428 -23.8896
490 -9.77316
498 6.73297
783 0.171204
678 1.94141
172 -26.8118
493 -15.3962
239 -113.297
724 0.890747
234 -80.128
654 0.326294
93 -131.061
304 -44.6047
662 2.61743
431 -2.95105
827 85.9261
184 -25.5785
148 -27.2503
770 -3.28088
267 -73.2259
465 -7.74243
599 -2.20526
831 6.15924
351 -48.2474
494 -3.90482
471 -3.6236
835 0.817688
1010 12.8147
333 -75.9886
515 -0.313904
306 -16.527
326 -64.616
619 2.04443
448 -26.1286
168 -2.728
295 -11.5917
806 17.8516
387 -6.09302
800 10.7905
943 1.91766
479 -8.99112
777 -10.5004
285 -75.3331
215 -17.3997
705 1.58624
184 -25.5804
968 -2.59882
721 1.90625
791 14.2447
230 -21.1244
945 2.12292
764 -4.90912
499 -0.522766
536 -5.32031
48 247.507
1010 12.815
701 2.19073
1005 16.0497
476 -6.98071
588 3.06549
794 7.00256
793 14.4384
539 -3.43011
295 -47.627
574 -3.69391
7 27.1795
389 -45.5655
481 -9.05472
878 -36.8602
754 10.3757
263 -15.8415
953 -4.67639
862 -24.1033
1032 4.10791
738 -0.459595
821 2.89471
1014 2.48761
234 -100.719
542 -2.44696
420 2.86624
289 -81.9797
435 -41.2926
480 -14.5114
953 0.89679
697 4.45935
1184 4.27441
385 -18.8188
990 -10.0912
819 25.3622
733 6.25537
274 -8.1098
345 -19.2067
729 -1.80927
499 -12.9883
779 -4.27972
915 1.00867
989 -1.11584
521 -5.78204
442 -29.3769
247 9.18944
473 -5.66885
571 3.6449
647 1.8512
455 -25.9037
890 3.90277
362 -36.1514
1023 10.8364
413 -14.2597
1095 16.527
371 -68.4868
662 1.29388
695 1.53485
475 -7.98306
821 65.6519
473 -20.7101
726 2.28833
572 0.788696
792 1.36688
597 -2.71228
777 2.61023
996 1.22986
712 1.00806
503 6.84415
362 -18.1876
355 -8.66901
788 3.44104
815 101.199
282 39.3339
770 -3.64789
691 2.57446
997 25.3945
184 -25.575
619 3.59314
649 1.02997
711 1.99915
571 3.47162
944 1.48468
390 -22.0686
319 -35.0705
738 3.56567
409 -6.19223
743 -5.58246
843 5.55432
689 1.0351
282 -2.08908
692 1.63562
473 -5.68201
1004 -6.90393
819 102.769
142 150.45
384 -50.2911
496 -5.03754
619 3.54126
413 -9.31891
519 -7.64536
624 1.70691
811 99.9203
620 1.99969
601 0.6203
743 -5.5813
437 -38.3231
607 0.348999
738 -0.463379
446 -33.7971
666 1.66223
500 -15.0184
778 7.1275
362 -46.6065
257 0.386414
719 1.52222
168 -2.75252
94 185.439
418 -5.45117
503 6.87515
396 -25.786
520 -1.37378
664 2.13824
261 -90.1349
382 -13.3033
550 -3.70471
910 5.14514
963 -3.45978
332 -73.4273
371 -13.4086
490 -16.1016
384 -33.073
457 -2.48834
607 0.649841
492 -10.9615
623 2.03345
675 0.913635
841 4.8327
639 4.37134
1100 16.0408
652 1.67487
957 -4.05676
747 -7.26221
456 -26.7013
398 -40.382
361 -4.86374
863 -71.2668
184 -25.5731
1010 12.8127
532 0.133362
619 3.67419
986 10.5092
220 41.1722
1136 18.0046
527 -7.59589
413 -30.6446
383 -30.3113
261 -88.4133
1067 30.3103
577 -1.04572
725 -3.18457
918 2.25702
818 3.81854
861 1.80255
657 2.01392
352 -3.84024
421 -24.8584
540 -1.89825
333 -3.6282
376 -9.69394
767 -6.67645
658 1.34088
513 -11.0504
331 -60.6427
895 -0.76947
458 -9.09961
997 13.3218
227 -15.4628
393 -6.81656
986 2.80389
513 2.3371
489 -6.76227
695 1.74341
587 0.433472
643 1.89935
264 -30.5869
890 -2.63666
426 -56.6289
658 1.34131
1145 17.6553
656 4.54126
198 39.7318
400 -16.2303
768 1.91736
563 -3.50226
616 2.5791
382 -6.08395
693 1.05188
865 -74.178
399 -15.0471
765 -0.437927
780 8.43726
1054 9.61108
179 12.2366
739 8.19006
960 -3.84717
233 -6.85291
775 -11.0608
660 2.9458
890 -2.63489
614 4.30243
681 1.27954
899 -0.84082
898 1.0199
657 0.496643
596 0.74762
422 -5.14038
775 0.610596
254 -8.96573
521 -6.02075
678 1.22644
982 1.95337
296 -14.8648
916 -1.70184
356 -17.2069
568 0.369141
945 4.42657
365 -4.1395
116 4.31879
720 19.6199
1056 -0.928345
665 -5.005
225 -22.3528
860 -67.7461
589 3.2514
746 -7.96497
212 -19.6593
573 -0.00769043
352 -53.1715
542 -1.51727
730 3.21423
267 -83.828
405 -3.3923
699 1.26538
465 -7.66528
582 2.87079
454 -21.695
840 4.92383
765 5.10162
481 -15.3346
552 -1.26086
389 -5.75937
576 1.10345
372 -44.1574
676 0.84613
405 -6.21976
352 -56.5022
315 -4.09259
364 -11.4706
109 -25.5569
437 -38.3546
859 2.31726
819 5.46167
943 -3.41565
362 -18.2053
1186 20.8038
596 2.18024
400 -16.2295
528 5.0379
624 1.82233
453 -5.50989
431 -4.72678
898 6.52356
803 99.4182
337 -8.87418
308 20.9929
948 4.62042
398 -16.6177
957 2.61609
986 1.42889
830 2.65155
990 4.47314
123 8.6908
909 7.55579
795 82.4464
354 -72.6385
655 2.36169
506 -14.936
1028 -2.08154
640 3.98663
856 -6.67102
576 -1.07617
893 -0.976257
417 -37.6192
999 -1.52203
1048 12.6276
125 19.3485
288 -15.4576
631 1.63971
455 -8.77039
658 1.35767
618 1.12939
173 103.425
857 18.5653
655 4.23883
234 -109.678
722 0.544739
428 -23.899
413 -9.31946
453 -20.6008
767 -5.34192
362 -18.3245
489 -14.5273
415 -4.52069
762 6.58331
197 -24.9985
500 -15.0694
420 -25.8016
728 0.976318
646 2.14185
366 -8.25085
387 -45.3604
547 -0.381042
966 1.4278
340 -17.9122
1218 34.2021
1141 18.4221
356 -9.60739
999 -1.63074
116 4.31837
348 -12.8122
278 -6.32532
1013 26.5292
630 2.65326
609 2.95074
931 7.98071
228 22.6684
686 1.539
790 11.9224
843 5.55518
308 -10.8206
953 3.18884
764 -8.67371
334 -69.1924
415 -4.52209
932 0.138794
905 -0.795837
597 3.10516
619 3.54456
96 -7.66902
704 1.31549
187 1.71561
598 -1.32434
332 -25.6352
792 1.37274
1124 17.2457
500 -0.694977
699 -3.44928
317 -3.87122
587 2.41089
999 -1.53998
792 14.2644
827 2.47791
381 -14.0071
1157 18.8721
333 -36.0539
225 -6.23814
198 39.194
273 -38.1933
635 1.02008
404 -46.5446
1014 26.5831
336 -8.85648
1118 16.7819
777 2.8382
552 -1.44312
355 -3.36017
345 -19.5313
232 -19.8265
232 -16.027
312 -10.5994
429 -24.9449
376 -39.8706
721 0.672852
434 -25.1146
410 -35.888
422 -19.2956
664 2.11877
656 2.05847
296 -14.9258
358 -45.7173
712 2.20477
524 -9.83759
540 -0.70105
383 -24.6801
347 -31.7343
406 -12.7408
317 20.5228
713 1.29974
529 -1.5343
383 -7.04178
506 -16.3554
336 -8.86014
533 -1.8031
952 6.09161
396 -5.61084
296 -14.9343
694 3.95728
1072 10.3787
833 55.4286
317 -36.2731
898 6.40143
280 -6.38544
986 13.0858
824 19.637
982 1.95392
526 3.08905
438 -52.6172
518 -7.944
657 1.81451
420 -26.4977
730 6.79114
598 2.90326
1016 10.7007
1007 -8.93665
841 4.82996
398 -37.8394
584 -1.42572
413 -9.45248
981 -2.33783
370 -4.37332
205 -125.735
356 -10.2844
1010 12.8161
500 -15.037
259 -72.5226
330 -32.7902
890 17.1164
304 -26.6467
945 0.792603
611 0.867371
953 -3.05798
685 1.15173
512 -3.61057
350 -31.3905
777 1.9502
225 -15.8183
875 3.41785
859 -10.6485
916 -0.149292
737 2.50342
145 -21.2018
400 -13.0288
673 1.33789
358 -45.6879
666 1.74475
741 -7.565
843 5.55701
1139 18.4678
677 1.45532
379 -4.0314
680 2.42572
701 1.61145
908 2.06537
489 -0.623474
689 0.546265
820 14.7611
910 1.48877
667 1.39185
487 -8.92636
146 -29.0241
230 -40.9473
170 277.001
922 -0.589417
910 1.48834
696 1.79358
708 -0.848022
238 -6.53139
244 -14.5416
375 -35.9309
461 -7.99274
336 -57.9623
811 17.9473
253 -4.52432
638 1.65283
445 -35.2505
883 -167.155
637 1.75067
965 1.4054
536 -5.30823
810 17.4916
624 1.81537
535 -5.45813
145 1.86873
630 2.64044
839 -4.40143
658 1.34192
727 2.24963
355 -3.41675
890 -2.63879
735 2.4201
711 1.99847
657 1.88837
183 -25.5349
332 -31.9297
727 -1.8924
733 6.2558
607 -2.01752
456 -25.9315
500 -15.0679
1134 17.8206
331 7.65927
1130 16.3689
980 -10.1168
304 -54.5778
374 -13.694
331 -38.8249
1094 18.2955
481 -15.334
719 1.93402
460 -2.80005
238 -57.5973
353 -3.37143
730 0.23053
743 -15.368
1014 26.583
180 22.0632
402 -7.80017
282 -10.1333
403 -5.58847
488 -11.0844
430 -4.4584
427 -41.678
623 1.83093
125 19.2707
690 -0.319946
305 -85.7171
419 -3.68222
776 1.70752
327 -36.1309
336 -57.9569
392 -15.952
345 -19.4897
606 0.271973
641 2.49713
597 3.10498
240 -6.4856
810 3.02509
276 -12.131
468 -2.16861
975 8.65796
217 -17.2571
1170 20.3618
233 4.48236
867 0.539062
399 -14.9747
684 1.44562
764 0.166504
598 -2.33728
476 -7.4549
423 -26.2517
789 -1.47375
360 -41.2005
712 2.00745
255 -87.3102
733 6.25665
1060 -0.537109
189 -20.3473
377 -24.5562
267 -0.465027
784 1.5083
558 5.35571
184 -18.7906
471 -18.0019
326 -64.6306
592 -1.50244
673 2.4588
1092 2.46948
238 -57.5862
625 1.66803
564 -3.72375
228 -22.0332
388 -5.82452
245 -31.1634
565 2.70935
1013 26.5201
371 -51.4344
473 -5.67032
676 2.20374
792 9.92786
896 1.63177
321 -41.1674
275 5.74234
701 -0.984314
910 1.48828
607 0.427612
479 -8.99176
308 -4.49738
236 -6.57768
215 -0.0705414
506 -15.4249
298 -34.8225
779 13.08
607 0.420593
239 -14.677
356 -10.9526
597 3.13116
321 -59.1695
701 -2.33105
450 -9.12515
298 -4.90741
733 6.25513
223 -22.4376
327 -45.3918
528 -1.99774
437 -38.3572
496 -4.96326
473 -20.7101
185 -25.14
446 -1.73532
877 19.2384
335 -33.6047
659 1.09808
640 3.98328
524 -8.30627
327 -55.716
463 -23.4616
494 -13.9846
935 1.5896
1053 0.0662842
971 -4.06122
1123 17.0342
413 -30.799
944 0.803162
1031 29.7568
314 -4.18677
799 4.1557
692 -3.85498
505 -9.73807
831 13.8173
1066 0.700439
838 -7.77277
250 -208.213
642 2.67883
792 9.92798
656 2.39825
1027 11.0635
356 -53.2326
649 1.02759
164 10.5083
655 2.66626
579 -2.63574
843 5.55634
413 -9.37357
609 0.535645
960 0.230408
227 -110.709
408 -4.81918
956 0.77417
512 -2.98831
743 -15.4051
744 9.09949
1169 19.7014
410 -11.4162
549 -0.550232
649 1.02789
1102 17.0881
660 2.22644
982 1.95294
762 3.6236
340 -27.4136
381 -13.8784
167 -1.23427
1059 0.391235
786 -3.81104
305 -4.55368
630 1.28735
245 -31.1511
284 40.57
306 -32.9486
658 2.16797
649 2.41278
571 3.65033
325 -10.4385
421 -42.696
383 -8.35852
932 2.33807
262 -4.45328
743 -15.354
1063 4.86841
400 -22.8383
220 95.9128
668 3.25092
374 -19.6555
186 -25.4826
920 -0.780884
765 -6.05341
794 78.4285
476 -7.05905
343 -91.3825
764 -5.25165
1010 3.55664
255 -87.3095
821 42.1558
936 0.240173
1020 4.38062
1037 -4.11829
635 2.32593
622 1.09698
772 4.75287
553 -4.09949
963 -3.45496
943 -3.41937
671 1.88861
688 1.52002
277 -29.6008
595 2.8418
500 -14.5794
640 3.98114
858 7.56787
717 2.17017
787 3.02032
648 1.7417
537 1.03424
442 -33.2678
1034 14.1813
341 -89.8308
186 -25.4835
164 10.5139
629 1.53052
766 1.47742
412 -41.4022
585 2.5929
883 -167.12
418 -24.8721
346 -11.5064
942 4.68292
428 -23.8829
387 -24.1362
813 2.98828
302 -0.862793
353 -3.83047
409 -11.9052
552 -1.44873
375 -6.83188
349 -37.8888
665 2.12854
614 1.29388
1044 12.7343
1019 10.7252
734 3.26453
751 125.406
245 -31.1024
295 -47.6288
856 -1.40436
326 -17.5427
454 -21.7549
500 -0.695007
458 -2.51852
623 2.30249
470 -1.39255
872 2.6568
858 -8.86182
395 -17.0088
730 -10.8075
693 -3.3844
435 -24.8485
630 2.68237
247 9.18773
796 14.7714
547 -4.84711
464 -19.9276
273 21.7835
324 -25.6094
524 -9.52423
907 2.06116
907 0.760193
693 -0.707581
398 -6.6864
308 38.5146
398 -40.3206
413 -30.6565
165 -26.5586
373 -4.078
832 4.05255
520 1.13965
198 -36.1594
1057 -0.565918
238 -57.6092
319 -3.53967
946 -2.51276
514 -3.43362
754 2.92798
607 0.650452
794 12.4049
443 -0.260132
726 1.14996
382 -14.5126
564 -3.72394
260 -6.82518
945 2.11499
979 13.6659
139 -29.1108
583 3.34155
807 17.6589
220 -18.4554
737 -4.35315
576 -3.41766
936 -0.55957
1163 19.1414
433 -25.2328
371 -68.4662
626 1.22168
452 -28.8804
1053 -0.410278
655 1.72406
911 1.73523
715 2.24237
204 -24.2306
800 10.7939
1030 5.21753
598 -1.36298
589 0.880798
553 0.245483
481 -12.0266
185 -25.1399
1072 1.70337
1128 16.5582
1162 19.4401
658 1.33844
390 -5.63818
663 -1.44684
732 0.519226
909 7.55676
523 -9.43103
841 4.83167
981 5.06659
962 -3.78314
855 -12.2335
599 3.66498
177 19.7438
759 -4.47839
662 -1.2959
464 -2.18668
569 -1.84796
643 2.36688
769 5.84595
413 -9.51276
621 0.745178
862 -20.5677
345 -19.5094
738 -0.459045
720 0.888733
597 3.11487
478 -14.2657
259 -30.2638
712 0.863953
776 11.7459
741 7.79663
848 6.73761
416 -4.95404
967 -2.9505
660 2.64954
149 -28.4321
558 -0.473694
206 -112.357
607 0.42627
203 -40.6567
524 -9.34467
210 -9.18559
247 -6.01503
381 -13.9476
523 -9.32886
801 16.731
1186 5.32458
271 -70.6091
802 20.2333
865 -23.39
825 26.3795
500 -14.575
963 -3.45374
956 0.773193
490 -2.30554
412 -41.6094
490 -15.9698
354 -28.1131
152 -29.0741
759 3.68762
598 -1.28418
689 1.51062
215 -8.28297
312 -38.3664
970 -4.49817
796 7.25317
139 -29.3715
1029 14.3652
348 -53.3568
1145 17.8602
309 -37.6527
490 11.7547
352 -56.1095
293 -42.6963
630 1.4494
263 6.71817
502 -12.9773
206 -112.358
763 3.10211
300 -34.5433
150 18.4728
966 1.42529
928 -3.48663
221 -113.945
476 -6.94348
591 1.25873
225 -6.2511
766 1.03046
336 -8.85904
963 -3.45483
675 2.03162
427 -42.5711
522 8.98773
473 -21.9175
747 9.32916
661 0.875549
352 -3.83511
886 -7.77264
220 -16.2331
597 3.13593
94 185.435
333 -3.32126
312 -10.5987
126 -2.63828
745 -6.92841
371 -78.5102
204 -24.2266
519 -6.49976
792 6.94513
979 1.40308
660 2.67694
645 3.59399
929 0.4823
541 -2.34918
1082 2.87219
635 3.77087
1100 15.9429
966 4.70502
1181 21.2766
234 -6.62715
712 2.00696
451 -12.2119
415 -4.55768
784 -0.239014
225 -22.2909
559 -2.17535
473 -20.9058
322 -12.7282
1102 17.1202
718 2.07251
1102 16.5515
627 2.05457
289 -76.538
630 2.86896
437 -38.38
643 1.38348
821 21.9393
872 17.4407
867 -5.40863
781 -2.53021
558 5.28937
554 -1.05035
822 47.546
478 -1.02042
1148 19.0824
381 -5.81973
607 0.650024
755 2.90485
362 -8.41714
855 -10.5139
164 9.33902
945 4.22998
609 0.73938
329 -35.7183
647 1.18353
571 -1.63495
867 117.301
803 94.2203
677 2.60541
870 136.979
283 -9.59564
944 -2.85828
509 -0.991669
452 -1.51382
322 -35.2683
349 -23.576
940 -1.3313
901 -2.44916
294 -25.3689
477 -6.51431
998 3.73724
502 -15.0811
620 1.09607
733 6.25616
216 -17.0783
393 -5.66748
958 1.37354
481 -15.3336
340 -40.5518
437 -38.3257
650 4.34644
444 -5.69171
381 -10.6555
682 1.50861
434 -3.5188
468 -18.0308
198 38.9535
843 1.12793
712 1.02618
986 1.85272
843 5.35754
398 -9.84381
220 95.9649
712 5.18341
524 -9.42218
624 2.19214
303 -33.3361
727 2.66003
382 -13.8095
539 4.47101
1071 18.4811
268 -43.7772
813 8.48053
506 -9.69992
284 -17.4164
280 -6.57379
491 3.7659
619 1.60382
352 -3.85568
532 -5.89075
372 -33.951
906 15.1577
796 102.296
1173 11.3796
655 1.70282
1044 12.7452
999 -1.44055
423 -41.6812
897 -0.53009
982 0.719055
819 110.505
436 -26.1651
668 1.49829
681 1.66302
630 1.30426
478 -12.6646
755 -5.75317
398 -28.4116
774 0.724365
982 1.95386
833 6.00433
636 1.64972
574 1.16089
1166 20.2031
681 1.59595
228 -6.90244
220 95.8603
730 -10.6488
553 -1.45288
637 1.71173
111 -24.9418
1177 20.5394
835 14.4886
78 52.3426
345 -19.482
373 -7.28735
456 -9.01239
398 -40.3827
951 6.1958
665 2.12726
415 -4.55963
542 -5.40363
341 -1.46759
389 -5.68759
528 -0.848267
572 -1.70966
538 -4.81659
630 2.63788
754 -16.812
800 67.3932
764 2.76605
591 1.09985
314 -26.9279
377 -24.5582
688 0.843628
209 -7.55194
506 -15.9111
463 -23.3549
468 -2.18094
408 -36.9627
362 -8.41193
607 0.650269
722 2.19092
398 -3.37271
969 1.70721
876 17.7987
332 -73.4066
237 -7.92903
484 -10.2658
893 0.250549
969 -2.94556
643 2.18219
633 0.942749
507 -15.1753
788 14.7001
280 -5.31
1019 0.585571
193 25.8772
681 1.04901
348 -17.5985
380 -42.1382
727 2.24963
362 -8.41074
557 4.79419
262 2.47873
608 2.40137
690 1.5343
953 7.00623
398 -35.3192
382 -25.7677
890 -2.63507
213 -6.62367
179 1.11646
726 2.43201
712 5.18378
756 3.75916
102 36.865
731 -0.0421753
980 4.9906
624 2.23273
646 3.50641
96 56.7432
549 -0.293823
646 2.1698
631 1.96417
729 2.75189
631 2.58923
812 0.749146
555 -5.77734
344 -3.62363
454 -21.7506
231 14.6132
456 -9.38779
1162 18.8778
367 -25.3759
218 -16.682
353 -3.81088
1083 15.1838
88 0.394081
1039 -0.510986
791 1.80621
540 3.45831
738 -1.10602
261 -2.71692
921 0.439148
941 -7.97595
583 3.34149
999 -1.47455
571 3.64465
445 -9.78021
350 -4.90738
177 19.7216
250 -207.617
480 -14.4675
728 1.35431
476 -14.4814
552 -1.28076
675 2.18103
952 0.509338
310 -38.8662
344 -15.9252
273 -2.03781
505 -12.1245
571 3.65234
353 -3.21506
871 -2.34497
903 0.740906
414 -5.71271
549 -0.308655
957 -3.1983
203 3.06319
457 -19.6133
449 -7.29758
828 24.7587
906 15.0881
783 0.158997
619 1.68805
206 -112.358
800 15.5923
200 40.821
307 -3.92731
686 1.53925
241 -7.63777
745 -7.42316
187 -25.5122
242 -100.8
187 -25.5226
950 5.41821
496 -13.4368
307 -12.7767
1121 16.6279
492 -10.9841
607 0.422302
498 -10.2283
295 -11.5911
792 9.92737
767 -4.52612
490 -16.1537
749 8.76117
375 -28.2719
732 -0.788879
712 0.810486
184 -121.362
227 -22.1191
350 -9.20871
332 -73.3911
473 -21.3863
870 -15.6078
564 -3.72357
295 -47.6249
827 4.77496
554 -1.07233
462 -23.4519
1139 18.7408
876 10.7469
325 -10.4384
121 -30.3626
257 -6.87018
503 -4.5387
296 -45.1623
350 -9.22592
924 1.69238
658 0.911011
554 -1.07605
125 -30.1632
493 -14.8227
796 3.61316
216 -16.2606
721 3.81696
557 4.95355
473 -5.67703
480 -15.2194
325 -58.4771
459 -22.8882
419 -4.55991
244 -14.5548
419 -43.5481
531 -5.53406
875 18.3757
999 -1.4873
220 95.8597
554 -1.12012
1105 16.705
970 -1.80994
417 -43.3596
324 -35.8226
172 -20.6569
502 5.57581
829 4.99353
249 -9.04094
185 98.9658
956 -2.02356
486 -17.9844
796 7.25342
512 -3.64648
773 5.29211
1016 0.754761
658 2.63605
187 -25.5285
158 -21.3001
503 -12.8706
891 18.3345
204 -11.5519
624 2.1947
455 -20.4735
627 2.16254
413 -9.40509
519 -10.4423
411 -35.5246
961 1.21094
141 6.70927
186 -25.4836
199 -18.3536
821 104.463
368 -26.1902
679 0.271912
494 -13.9809
776 1.83771
616 1.96082
522 -9.62756
245 -31.1474
235 14.8566
585 -1.55682
312 -4.55228
517 -7.98193
121 171.403
252 11.6203
832 6.18268
255 -87.3095
249 -6.08911
706 1.00897
697 -0.0599976
379 -13.7801
1187 17.6681
538 -4.28973
1016 3.71356
857 120.395
903 0.207031
257 -121.131
644 0.935669
653 1.87482
451 -25.9574
206 -112.352
1168 21.3463
245 -31.106
599 -2.22839
268 -52.6312
356 -9.61713
607 0.413147
649 1.02722
388 -5.814
480 -9.77414
407 -14.2505
513 -0.426819
856 -0.475525
863 6.19714
313 -6.84711
167 104.535
496 -5.29199
712 5.18311
376 -5.46118
150 148.532
807 17.2294
1001 -1.79327
366 -6.57153
998 3.74756
479 -8.53519
238 -57.6582
125 19.2706
1168 21.3447
348 -59.5701
336 -8.85071
413 -9.32413
908 2.06897
684 1.13733
239 95.0144
299 -67.6252
955 -4.42584
604 1.43384
768 -4.14532
500 -14.2747
469 -0.66095
615 1.6637
494 -13.9627
474 -6.052
371 -68.4843
953 -3.53491
775 7.4032
1022 5.29529
1129 17.3553
940 -1.30786
207 -23.9972
592 0.239441
205 -35.345
517 -9.60986
172 -20.6566
749 -9.72498
90 6.65791
557 4.96442
654 2.35645
838 116.293
371 -68.4747
177 19.7322
310 -44.9352
435 -59.258
350 -56.5576
233 -6.6335
375 -30.0014
350 -54.9443
648 1.99347
599 -2.22601
459 -15.3115
310 -35.7007
485 -17.0742
791 14.2445
723 1.60089
349 -3.21402
944 1.4964
694 1.33405
315 -36.0212
1034 -5.67468
881 20.5348
298 -4.93082
236 -109.801
115 4.19265
807 16.5408
583 3.34711
879 18.5275
703 1.23517
322 -50.2808
225 -6.24165
215 -23.3726
966 1.4209
1031 7.19238
267 -73.2749
388 -7.75815
882 136.362
293 -76.3256
247 9.17639
233 -6.63182
552 -1.28497
640 3.98254
746 -7.97498
1177 21.0358
267 -6.98495
808 3.69604
343 -31.1904
183 -25.5366
670 0.715332
380 -8.56442
930 0.799988
388 -13.8595
348 -9.37466
309 -5.19086
737 -4.36401
843 1.12781
763 3.09827
480 -8.98688
268 -80.278
554 -1.07941
176 13.1192
244 -14.7835
547 -0.597839
893 -1.09094
413 -9.52328
630 1.91583
437 -37.7492
369 -3.41074
746 -8.05554
183 -25.5363
700 1.53717
371 -68.4984
350 -53.6949
1036 -0.533813
811 17.4973
1234 23.2012
106 191.998
177 19.7499
968 -1.47302
488 -16.2811
440 -5.39075
233 -68.3995
640 1.59717
887 17.0197
848 7.29871
359 -3.14417
439 -24.8245
596 2.80103
222 4.88066
893 1.14349
723 4.07428
598 -1.29602
152 -29.0833
429 -4.27145
1083 15.0173
517 -9.64532
193 25.8775
570 -1.81854
682 1.19794
1100 19.3259
1065 12.7734
863 6.21136
630 2.60181
325 -61.9071
366 -5.19153
1027 3.73022
849 5.33099
1139 18.7345
756 -9.26971
471 -22.2289
541 5.07599
412 -11.4063
207 -24.0066
738 -0.461426
442 -7.27029
760 4.0061
619 1.67499
843 1.48267
358 -45.7056
870 -150.966
717 1.32196
1078 -13.884
184 -25.5753
552 -1.26605
541 -0.413574
187 -10.8783
35 241.314
1182 20.5619
1013 26.5285
241 -9.26012
366 -28.7697
614 1.27795
598 -1.5766
722 -2.87225
830 14.9188
712 0.98822
973 -4.55115
260 -59.5725
860 5.19757
189 3.42398
716 2.67767
411 -15.8489
663 1.9328
364 -9.3313
1080 -8.32715
188 2.92323
198 39.1605
611 -2.75092
295 -47.6144
599 3.69012
545 -6.57971
368 -32.6991
223 -7.57777
471 -6.13181
536 -1.9447
773 7.06769
480 -14.5039
763 2.18152
597 -1.23535
919 -0.139587
542 4.57019
577 -1.15564
1035 28.0823
746 -7.95416
413 -14.1814
755 5.47321
226 -3.69856
401 -4.11475
225 -6.23756
137 5.87465
1040 -2.79749
202 -24.9631
921 1.24878
908 7.55573
431 -42.4688
819 5.46228
216 -17.2827
1029 10.9222
178 12.9123
999 -1.54083
699 2.35779
729 1.79456
996 -0.297852
784 -12.7484
1065 0.650757
518 -11.4073
457 -27.108
637 1.66089
753 3.37024
245 -31.1622
656 2.42017
627 1.75677
524 -10.1476
350 -10.5501
693 13.7159
141 6.69479
852 23.4672
469 -16.5418
390 -5.64188
739 3.31848
125 19.2657
1095 18.3933
446 -23.576
901 -0.259888
821 35.6002
626 1.41125
833 21.8767
659 5.25653
541 -0.46637
7 27.1557
554 -1.10028
944 1.49152
500 8.56519
786 8.21588
482 -20.8439
413 -26.0995
353 -25.8188
591 -1.67468
222 6.62787
399 -15.0542
650 1.52649
668 1.06616
400 -21.04
595 -1.27228
913 -1.02936
198 39.2755
543 -5.5213
1163 19.8728
506 -13.4739
156 127.007
997 -7.40631
724 22.8593
847 1.88031
97 23.8494
555 -5.7774
660 1.41278
601 -0.843079
298 -71.9412
948 -3.8847
519 -8.11142
472 -6.16141
413 -22.6318
441 -29.8632
679 1.48907
466 -2.14154
733 6.25623
663 1.64252
451 -26.7955
736 -3.76941
771 6.33466
902 -97.602
1053 20.5048
446 -23.4217
820 22.7821
714 2.0575
1113 17.2924
399 -15.0389
757 0.913208
168 288.389
536 -1.97406
584 -2.086
1094 18.1816
342 -33.5883
1030 4.31763
325 -35.834
496 -5.14413
280 -5.63376
151 -28.2647
1006 -8.82715
981 5.09625
413 -9.35834
981 5.06049
481 -15.334
790 4.23126
300 -33.5598
911 4.89282
354 -72.7546
303 -71.771
702 2.21271
203 -45.6737
673 1.23914
332 -54.4939
490 -2.30545
198 33.1715
327 -35.7242
1031 7.20068
796 7.25439
677 1.3739
92 1.68031
708 1.14362
1099 15.9532
116 4.31058
756 -5.70709
139 -29.3714
643 1.8092
799 93.5779
358 -6.71899
982 1.95099
759 -6.30743
531 -6.47357
959 1.20667
918 0.136169
713 2.1817
931 4.435
493 -14.4382
842 5.2226
727 2.61603
739 2.44543
184 20.1128
531 -6.47235
479 -9.0249
329 -4.02139
233 13.2719
357 -10.6979
1134 17.8202
772 -1.9837
196 2.43752
1100 15.9429
415 -2.4917
518 -1.88074
286 -14.5785
742 1.41479
187 1.61693
801 4.25104
804 34.9659
631 2.59277
670 2.52954
388 -5.81543
278 -11.9514
851 -26.5815
730 2.31451
370 -34.2607
517 -9.12381
492 -15.4648
999 -1.50946
204 -24.2313
287 -22.3832
267 -73.373
1160 18.6991
723 5.65442
1056 13.7266
254 -14.3115
823 38.617
210 34.2256
966 1.42303
1133 17.3673
763 -5.19836
152 -29.0819
174 -9.53972
999 -6.34113
999 -1.51276
304 -4.48889
969 3.81921
447 -26.916
489 -16.4347
672 0.503601
653 1.82574
554 -1.07434
362 -8.41718
919 8.66223
989 -5.74951
725 1.815
1114 16.7985
372 -5.68582
326 -35.095
365 -4.33276
825 4.8114
236 -2.00768
399 -15.1
198 31.3377
623 2.32086
921 1.63885
319 -45.8075
640 3.98242
906 15.0886
162 -21.8604
593 -2.86292
192 3.29051
430 -4.45865
711 1.99805
729 2.32837
470 -21.2136
294 -1.49857
886 -16.4409
355 -3.02573
282 -10.2217
186 -25.4889
521 -5.82013
532 -5.46484
696 0.242676
267 -73.2612
376 -30.7759
397 -4.59058
777 -10.5067
915 7.56946
1035 -2.35339
222 6.65857
646 3.86755
245 -31.0982
164 -18.9948
930 0.414307
560 -2.02191
531 -6.51801
583 3.31635
521 0.223511
506 -9.6265
208 -8.78064
526 -8.05969
519 -6.65601
811 3.29156
890 -2.63916
210 33.8192
125 20.315
473 -20.7105
842 3.66034
573 -0.0846558
1109 16.587
965 1.43848
1001 25.3164
546 4.28284
285 -11.4645
488 -3.69415
937 1.54443
945 2.12158
637 1.17358
567 0.0170288
878 3.17053
499 -13.1616
760 -5.78918
247 9.16029
639 1.48578
360 -13.8921
831 27.1302
698 0.0291748
665 2.13422
352 -36.1426
763 3.09845
312 -10.5982
712 3.02881
178 72.8967
599 -2.18323
394 -16.7909
216 -17.1444
273 -40.0456
360 -33.2325
1234 22.6769
931 1.82056
186 -18.0616
722 2.16284
632 2.16852
1183 20
255 -87.2928
493 -15.2248
927 -3.69366
593 -1.80835
1013 26.5246
902 1.96497
356 -24.8526
371 -41.8464
499 -14.1005
287 -42.329
228 6.35075
945 2.12189
863 6.19745
503 6.88229
429 -4.27139
623 1.94641
283 -5.70245
488 -15.026
559 -2.16699
520 -7.1582
436 -19.2875
466 -3.07883
606 0.253601
302 -11.5583
686 0.440857
757 -5.27441
335 -32.8314
467 -21.3566
311 -11.1038
488 -16.2964
434 -3.10529
289 1.33902
681 1.23938
1122 16.7744
412 -41.5656
1211 2.69275
586 -1.87024
1039 0.510132
711 3.37189
1145 17.6556
1092 2.47998
192 -24.7742
599 -2.20752
152 2.47102
907 3.04498
113 -15.9392
346 -15.9841
57 225.526
795 3.68127
457 -24.3406
1031 7.17517
333 7.51862
980 4.99377
1157 3.70557
1111 16.6139
968 -8.23883
540 -4.51941
331 -72.2136
388 -5.81549
314 -14.693
517 -9.61829
705 -0.107727
610 1.1944
621 1.4035
380 -16.4345
365 -14.9847
1014 10.6171
724 1.77203
1164 19.9869
966 1.42285
220 95.9534
378 -36.8242
1145 17.6553
211 -117.812
1122 17.088
577 -1.03455
821 2.89423
1168 21.3457
198 1.67143
345 -46.1403
514 3.65729
840 4.24335
321 -36.6588
615 1.27869
435 -59.2111
323 -47.9689
813 1.7309
389 -5.8082
638 1.25159
637 4.02173
237 -6.67224
151 -27.2812
596 -2.92664
438 -37.7988
358 -45.7063
296 -14.9358
207 -23.9995
353 -3.81296
201 -19.3721
383 -5.50018
932 4.52936
893 14.012
99 57.4477
811 3.80743
862 -24.2692
631 2.5896
516 -7.0336
213 -19.4304
988 3.57599
551 -3.8255
1225 26.6049
1125 16.7212
555 -0.764648
607 0.65155
312 -36.1834
348 -12.8261
185 99.9863
614 1.2522
80 66.7525
536 1.49506
237 -14.6061
186 -119.81
816 10.4107
596 -1.33679
468 -22.2241
267 -6.98508
234 -100.772
1138 17.455
115 191.685
143 5.02603
919 -0.347046
807 62.8653
210 34.2718
147 31.0632
1194 21.4983
732 3.62115
252 -6.08936
116 4.3162
977 10.973
535 -1.37421
735 2.42029
582 -3.07977
255 -49.8749
998 15.1844
407 -37.196
733 6.2558
660 2.44836
121 -29.8015
430 -4.45883
567 -1.74493
165 -26.6605
323 -6.19141
88 0.39093
395 -16.7745
640 3.98682
681 1.04132
791 14.9272
183 24.7507
595 -2.34674
820 14.7679
652 1.25848
201 -17.8216
412 -41.6217
427 -41.6774
412 -4.89594
999 -1.52234
531 -6.45361
326 -64.6512
877 2.61523
1095 18.3903
385 -5.86133
295 -47.5866
1057 25.6219
352 -0.872772
267 -6.98544
607 0.0883789
713 3.25134
348 -75.9972
434 -25.1071
520 -6.36731
316 -4.18436
453 -28.9398
1043 -5.41589
879 6.54047
640 1.93555
864 -59.4716
630 1.42377
67 -31.9564
791 1.97394
906 15.067
853 -11.6874
94 185.421
759 3.54364
619 3.54803
840 4.25488
555 -0.801147
196 -51.7355
537 -3.50842
984 1.06714
944 1.49347
1127 17.3512
560 -0.890564
335 -23.9494
255 -87.3
242 -108.04
840 4.25385
1121 16.6283
630 1.33844
1140 7.50708
843 5.05389
170 106.858
496 -13.8911
296 -11.5716
1023 4.14697
1220 32.6886
460 -23.7452
240 31.8027
525 -7.99579
673 0.664124
908 7.55316
352 -56.8601
658 0.988892
659 2.50299
322 -63.9497
1042 -3.4585
435 -11.2632
694 2.79047
104 -25.6115
282 -8.46304
308 -11.1862
649 1.0282
315 -52.1692
726 2.1828
201 41.812
212 -19.6541
861 5.55048
147 2.87289
927 -3.69446
787 3.56354
816 4.11755
877 2.33307
429 -4.27628
796 7.25745
503 6.92673
298 -11.615
165 1.2462
949 4.67981
687 1.75458
374 -35.5989
989 -11.9537
511 -9.44003
342 -33.532
621 1.52222
912 -0.215027
182 21.6192
1106 16.6093
298 -4.93063
203 -40.3489
672 6.69775
374 -6.94254
210 34.2708
261 -2.68262
1053 0.052002
1100 16.0334
1116 16.9683
285 -3.16116
627 1.75555
906 5.32349
589 -0.977417
946 -2.42981
867 -150.668
392 -2.97742
301 -5.41785
671 1.86133
320 -22.7308
377 -24.4656
993 0.873657
162 -26.6995
827 7.14093
1028 -3.25464
206 16.7978
183 -25.5392
1074 17.6854
1009 3.547
607 0.421326
909 17.5597
807 7.46375
229 -88.2014
699 1.04462
386 -5.65002
992 14.08
177 -120.299
283 -30.6894
631 1.55688
351 -47.9548
172 -26.882
303 -71.7646
866 5.85754
635 1.54742
827 4.80408
479 -13.521
195 87.9995
345 -55.9648
245 -31.1287
914 1.31592
671 0.380859
153 3.37503
434 -12.8739
750 0.335327
751 1.85852
940 -1.78125
358 -27.4086
234 -11.814
786 10.9483
674 0.511475
1144 -4.70996
591 1.05261
858 4.81061
842 2.78485
438 -2.0535
682 1.29736
327 -90.2422
245 -31.1572
218 -16.9466
246 -14.6884
571 3.65601
700 -0.646973
720 -1.4502
221 -16.0532
468 -20.7561
434 -26.6153
1066 0.699463
415 -34.6628
187 1.18431
218 -16.948
171 110.046
746 -1.83771
639 1.68152
626 1.3623
1052 -0.447388
1003 13.8414
969 1.69708
774 4.49213
389 -6.64514
553 -1.35193
1105 17.1124
814 2.8172
142 148.219
314 -4.12994
983 2.98004
229 -95.9323
712 2.00458
275 23.411
552 -1.44415
746 -8.05426
132 -29.6137
770 3.50946
516 3.15759
94 185.454
1222 32.2736
493 -14.8378
324 26.8367
362 -8.44104
210 33.8497
884 -47.5801
234 -16.4567
381 -28.5851
245 -106.478
1216 19.7346
356 -10.2853
362 -8.42462
924 0.621887
783 0.166443
495 -6.64603
777 7.55371
858 1.88342
900 0.742859
733 2.36914
307 -11.4189
485 -6.15027
413 -9.50589
225 -6.25011
549 -3.22101
400 -33.2163
557 4.95435
500 -0.695038
513 -10.0973
869 17.7981
440 -2.02225
699 1.11841
945 2.12372
842 5.22711
957 1.87201
369 -7.81091
1209 -0.843506
225 -6.23259
222 6.64908
796 7.24591
1129 17.4182
205 -44.2177
962 5.98059
49 209.939
1234 24.5143
151 -28.2553
1034 14.2386
443 -18.6615
512 -2.96506
263 -36.6304
397 -7.02393
654 4.25464
357 -27.4198
469 -1.50458
567 0.440613
599 1.28571
438 -37.6849
621 1.9494
755 2.90527
427 -41.679
700 4.74408
712 0.560242
222 -66.1212
400 -16.2395
441 -3.36414
235 -91.529
821 10.3772
385 -33.7196
1026 -1.13806
675 1.50159
318 -52.7614
225 -6.24391
295 -47.5938
1177 13.3811
426 -37.7475
673 1.40424
498 -10.228
139 16.3197
256 -6.97578
218 -68.3709
621 2.3241
312 -4.32736
438 -37.8457
863 -47.6261
781 5.03595
958 0.550293
549 -0.421936
766 1.50842
986 14.6239
833 10.2619
777 -10.4843
740 1.62445
166 360.786
963 -3.45496
203 -39.9654
954 2.16638
813 3.94537
157 15.9528
948 4.61957
570 1.2561
284 -75.3868
1073 14.275
217 -17.1448
653 1.93231
882 136.361
259 -69.8341
763 3.10413
183 -25.5366
473 -5.68164
910 1.48956
151 7.04109
930 4.73492
631 2.97119
957 -5.62018
205 -35.3878
868 -0.210022
968 -1.3075
238 -57.6248
166 107.974
830 3.88818
427 -41.6785
696 -1.64288
801 16.191
370 -14.2133
690 0.703308
803 96.2852
361 -43.4184
752 2.72791
43 -4.02716
648 1.28589
912 4.50659
996 1.45563
653 2.53101
552 -1.28247
1056 25.4172
692 2.59534
290 16.7485
486 -6.23154
735 -0.426514
1114 5.38623
1071 14.8069
633 3.41498
916 -0.34021
930 -0.70343
505 -15.5478
193 25.8763
611 0.415039
721 22.4446
361 -21.3993
909 2.44696
254 -8.95279
286 -17.775
999 -1.54694
227 -8.32468
373 -40.9293
735 -0.472534
795 87.5964
484 -13.2718
666 1.51508
509 -11.5229
108 59.0288
840 4.24908
169 23.0303
382 -13.4721
524 -6.02844
847 18.204
242 -14.8425
1056 18.806
957 -5.60785
400 -16.3051
188 2.54543
140 131.112
523 6.15277
594 -0.925903
631 2.58948
866 -0.709106
53 5.05553
236 0.222549
115 4.2039
596 -1.18152
778 -0.128113
597 -2.84039
718 3.36743
273 2.62772
639 1.37073
415 -4.55914
388 -5.81625
430 -26.7997
175 13.3548
654 2.35852
341 -2.58853
824 29.9371
564 2.29773
207 -24.0073
1129 16.8668
490 4.26971
205 -44.6123
212 -19.6581
1182 20.6582
637 1.61365
185 80.3338
242 -14.5091
714 -3.45605
617 1.53345
801 3.67236
925 0.144531
264 -86.3388
1045 13.6123
559 5.18097
136 38.1208
599 -2.18103
220 95.8826
992 -10.2306
458 -2.42307
567 -1.76453
903 1.13141
598 -1.27771
513 -0.135986
167 22.4206
306 -38.0089
230 -99.2739
618 1.94934
962 1.35089
494 -13.9745
231 -86.7439
381 -13.2661
373 -7.16031
809 15.9297
733 3.34113
1011 -3.90271
587 2.33081
1049 11.9652
354 -9.05704
596 -2.37537
893 -1.0918
1015 -3.61786
323 -60.3373
914 -0.135376
1044 12.7339
364 -13.7382
302 -47.6578
170 232.85
559 -5.08093
716 2.349
964 2.789
577 -1.15405
765 -4.7948
914 1.08917
413 -9.3262
415 -4.52151
609 3.53784
280 -5.65808
794 15.613
1059 0.373169
547 -0.373779
877 0.79248
164 10.5372
469 -21.7403
172 -20.6613
989 8.39398
761 3.76904
649 1.02917
785 0.737427
302 -11.5629
952 0.116333
930 0.755188
298 -4.90909
500 -0.695038
1025 3.68018
873 18.0634
378 -7.44699
932 3.1701
187 -25.5342
378 -6.37189
804 17.0231
357 -16.2096
595 2.79279
133 -29.4812
619 1.35211
530 -0.222595
586 2.08807
689 2.65668
662 0.962891
1022 -7.25763
460 -17.6674
840 4.2417
178 -3.43478
406 -13.837
1019 -3.98627
438 -37.7993
400 -16.2201
162 -24.8691
757 3.03046
641 1.97949
583 3.34161
467 -20.5646
601 -0.425781
170 0.535126
982 1.95709
205 -45.3005
244 -14.5245
355 -7.56915
85 -26.5356
803 95.6984
453 -25.6552
778 -4.45398
557 -5.36041
229 -16.4808
864 -43.9171
571 3.64813
290 -39.9887
999 -1.46606
150 -28.4543
1073 20.4352
321 -35.3
524 -7.17847
176 5.13417
94 185.431
415 -33.8433
731 -2.60022
626 1.13879
263 -61.9645
630 1.28766
1123 19.6843
620 1.40027
260 -6.87599
503 7.81308
1109 16.5895
443 -3.02094
139 -29.3711
887 1.38721
222 6.62221
711 2.00641
244 -14.551
255 -87.2982
451 -21.4785
557 -2.23517
334 27.7822
756 3.19312
173 12.3871
567 4.13391
393 -6.96667
464 -2.13144
520 -9.96317
186 -25.4819
315 12.2137
518 -8.83154
356 -10.3699
1066 13.5175
432 -25.3465
612 1.43475
671 7.80884
246 -14.5217
884 -47.5691
376 -35.6412
379 -27.9023
1054 14.3914
321 -62.0537
346 -59.8536
371 -16.8225
213 -7.46741
961 1.21008
539 -3.65735
141 -29.3038
863 6.21045
1118 16.9054
298 -4.92963
510 -0.579529
115 4.157
1021 -5.10626
338 -13.3782
597 -1.64935
241 -14.4514
452 -5.69351
334 -59.8914
944 1.48712
613 1.56952
232 -99.4642
468 -17.5109
665 0.750366
336 -8.86447
384 -6.62109
254 -7.24413
280 26.537
427 -41.6783
827 4.83484
798 3.53754
181 -18.6213
186 -131.416
168 96.7822
598 -1.17773
1107 17.0557
955 2.37244
215 -113.426
384 -8.30753
553 -1.49274
374 -6.47327
986 -6.49841
529 -4.07324
609 0.0840454
240 -6.60458
121 -29.779
910 2.16644
137 8.88167
830 8.85101
754 2.92682
574 -2.6626
1047 11.2499
341 -3.81091
593 -1.88782
65 -26.1103
596 -1.0119
275 5.724
326 26.1646
296 -14.8675
1175 20.7163
825 4.31165
700 1.87238
274 -71.5346
383 -9.45444
940 5.59137
451 -20.536
198 39.1719
512 -11.3775
247 9.19737
302 -11.5621
803 17.8898
246 -99.2614
197 -9.68347
312 -36.1655
105 -25.1073
232 -41.8455
857 4.92468
385 -10.6346
562 -4.62164
456 -25.943
317 -35.4482
803 9.86816
596 -3.01025
712 5.18292
640 1.69214
427 -61.1008
1056 13.6285
267 -6.9848
1166 18.6383
1114 5.38892
861 -1.73132
155 -28.0359
167 -2.16714
250 5.05806
562 -4.99274
773 7.87323
261 -2.6163
275 -12.8351
666 1.22473
184 -49.2364
290 16.6874
903 0.38446
909 7.55164
502 -12.3067
253 -48.9197
162 23.9731
863 6.19769
412 -31.5822
835 1.76086
553 -2.60638
212 -19.6582
402 -5.38159
523 -9.43243
220 -16.9429
1150 19.0028
454 -21.7538
295 -11.5912
225 -6.24936
347 -1.0961
182 -97.5281
153 0.560181
1023 8.10254
526 -7.88446
350 -9.22128
420 -44.6496
226 -22.1619
261 -49.1225
649 1.02948
878 -36.8654
403 -11.6426
709 3.08197
1202 45.3192
234 64.1961
342 -44.3273
621 0.745178
200 2.26782
893 1.14618
1166 1.06311
841 5.11902
745 -7.88336
512 -3.20972
712 5.1828
215 52.4099
259 -33.9706
821 2.8938
460 -20.814
795 82.5252
1060 -1.99414
296 -43.8373
673 1.57587
902 2.43762
115 22.3073
819 10.0428
971 -5.12494
476 -6.79395
984 -5.36542
906 4.94855
687 0.453735
301 43.7095
1093 16.0522
982 2.93701
671 -0.0692139
241 -14.3944
364 -13.5208
858 -5.04614
1125 15.9392
301 19.8434
982 -10.2932
804 88.2469
336 -8.85822
667 0.839905
287 -22.3893
796 7.24286
560 -0.725952
779 13.944
496 -5.11539
446 -7.19675
507 -0.709564
229 -101.761
598 -1.31512
542 -5.58496
94 185.428
228 20.6095
1073 14.2756
1144 19.2064
285 -37.8365
1132 17.536
1014 26.5823
183 -45.6836
635 1.45593
531 -7.3595
853 -13.0865
853 4.15479
394 -5.53601
1052 12.7078
758 0.337585
203 -39.9131
512 -0.76889
598 2.11993
371 -3.00305
536 1.14459
436 -2.87091
