574 -0.550964
163 -20.1201
119 -22.8778
586 -1.31531
586 -1.31512
574 -0.551086
209 -18.38
439 -3.42886
588 -1.29919
534 -0.756226
163 -20.1208
125 -22.7612
534 -0.756165
419 -11.6335
532 -0.606873
150 -20.8142
727 1.13428
439 -3.4317
565 -1.08026
252 -5.46707
586 -1.31555
960 20.8983
163 -20.1206
121 -23.03
548 -0.458618
150 -20.8139
391 -14.884
652 0.474792
172 -19.7965
123 -24.5098
818 0.571716
419 -11.6334
454 -4.84323
150 -20.7134
204 -18.1661
497 -2.17148
419 -11.6336
117 -25.2741
877 13.7355
150 -20.6872
168 -19.9593
191 -18.3037
557 -1.53436
326 -0.526001
204 -18.1662
184 -18.8425
565 -1.08069
778 0.682617
983 30.5195
454 -4.8428
962 20.7123
963 20.8643
439 -0.595398
172 -19.7967
926 18.1904
1105 44.0696
164 -20.2758
204 -18.1661
877 13.7353
908 16.0999
589 -1.31073
534 -0.755859
778 0.525757
989 30.3372
373 7.67163
1203 60.0505
727 1.13428
532 -0.602478
125 -22.7611
163 -20.1203
204 -18.1662
475 -0.627411
960 20.8979
213 -18.2186
926 18.2338
662 0.69458
586 -1.31555
454 -4.84482
163 -20.0536
331 -1.48038
471 -2.36551
156 -20.6461
163 -20.1208
150 -20.8216
1190 61.6331
597 -0.0722046
471 -2.36572
180 18.5291
117 -25.2771
589 -1.30249
471 -2.36554
597 -0.0718384
235 -20.8016
1033 34.3129
534 -0.75592
172 -19.7967
778 0.682678
1170 47.2596
488 -1.68256
172 -19.7968
901 15.2877
968 21.2494
589 -1.31604
926 18.1882
660 0.85675
235 -20.8027
420 -11.6258
803 0.915283
24 -2.04703
187 -19.2079
161 -20.3721
187 -19.2077
331 10.0224
117 -25.2562
457 -4.89819
926 18.1879
634 0.498413
1104 46.9235
508 -1.87473
778 0.525574
570 -0.599731
355 8.44516
488 -1.68259
967 21.1713
684 0.68866
931 18.2897
367 -3.37613
532 -0.603882
350 9.03259
172 -19.797
1001 30.3757
990 28.7621
1003 30.1868
960 20.8932
565 -1.08026
509 -0.584595
439 -0.602814
1059 41.0923
133 -22.1899
368 7.86926
534 -0.756226
402 -7.49088
587 -1.35095
1034 34.4086
971 21.2894
474 -2.9288
1120 48.2527
125 -22.7612
326 10.9229
990 28.7625
557 -1.5343
475 -0.628021
1170 47.2504
546 -0.6828
926 18.2349
662 0.680969
860 12.1605
931 18.2895
117 -25.2769
565 -1.08014
130 -22.8765
960 20.6774
570 -0.599731
420 -11.6192
391 -14.884
199 -18.0816
1099 44.4934
160 -20.2314
956 20.7094
1054 41.5181
619 0.187927
596 -0.705688
727 1.13403
348 9.01651
1080 44.1785
381 -13.3724
420 -11.5509
308 -1.28741
983 30.5203
824 0.700378
391 -14.8839
1003 30.1447
348 9.02814
402 -7.45621
118 -23.0067
146 -21.1571
117 -25.2755
509 -0.584625
503 -2.08798
1105 44.0686
908 16.1011
326 -0.572998
326 -0.526947
966 21.1952
1063 42.4626
1137 49.6047
960 20.8979
1035 35.0797
565 -1.08008
1120 48.2526
949 19.8619
660 0.850464
860 12.1661
235 -20.8023
990 28.7612
587 -1.33636
122 -22.962
1015 31.8049
474 -2.92896
454 -3.15201
329 -1.01166
620 0.406494
1022 1.28229
123 -24.5117
917 17.994
1015 31.8166
151 -21.1718
727 1.1344
1063 41.6566
204 -18.1661
422 -10.0131
597 -0.0717163
1060 41.1862
184 -18.8425
860 12.1609
268 -0.580597
1021 32.3066
877 13.7354
1144 50.757
268 -0.571442
972 26.3942
252 -5.46716
389 -14.9606
189 -18.3436
40 -2.00377
1015 31.801
1003 30.1463
1239 95.0909
331 -1.47977
312 -0.850616
921 21.2854
151 -21.1721
631 0.51947
202 14.6161
217 -11.7413
346 -5.8085
372 -4.33914
662 0.711792
534 -0.75647
684 0.686829
1081 43.2308
990 28.7618
597 -0.0645752
960 20.8656
970 21.4111
967 21.1509
199 16.0419
1149 54.8831
358 8.96997
915 16.6161
454 -4.84644
326 10.9228
454 -4.84576
1002 30.5061
402 -7.48984
993 30.455
151 -21.1721
570 -0.599609
955 20.5556
1065 44.0725
390 6.62915
565 -1.08069
1120 48.2526
1077 42.8275
960 20.8927
534 -0.755981
326 -0.526886
326 -0.526093
727 1.1344
992 30.5466
426 -3.64703
727 1.13446
931 18.2895
981 28.1246
960 20.8931
24 -2.04765
1216 118.509
989 30.3359
946 19.909
1098 45.1705
454 -3.15231
908 16.1019
909 16.1887
597 -0.0657959
915 16.6168
1050 40.031
1144 50.7585
652 0.474792
23 -2.06158
597 -0.0646362
397 -14.0644
509 -0.584625
204 -18.1658
331 10.0226
755 0.927246
163 -20.1204
579 -1.02252
1034 34.3943
163 -20.1201
1120 48.2528
548 -0.592346
909 16.3063
576 -0.10907
1105 44.1628
778 0.681946
587 -0.482849
330 -1.46582
1144 50.7573
1081 43.231
172 -19.7969
960 20.8976
294 -0.90741
915 16.6161
1018 32.2655
1009 33.3448
662 0.592407
1134 48.4106
509 -0.584625
760 -2.73578
935 19.5942
187 -19.2077
486 -1.38007
509 -0.584595
452 -4.96167
974 21.4611
778 0.681885
326 -0.582855
1190 61.6332
1104 46.9242
565 -1.0799
119 -23.0444
454 -4.84598
563 -0.683472
903 15.7196
1029 33.6746
660 0.932495
503 -2.08969
1015 31.7441
420 -11.6169
419 -11.6335
497 -2.17117
486 -1.37881
565 -1.08093
931 18.2896
145 -45.4787
906 16.1646
474 -2.92862
171 18.4608
1003 30.162
419 -11.6335
1059 41.0962
497 -2.1713
1014 31.7286
778 0.68219
570 -0.44696
931 18.2894
755 0.927246
393 6.63007
973 21.5015
454 -4.84613
958 20.5966
1144 51.6506
1012 31.3328
1081 43.2316
150 -20.7135
190 -18.676
1204 65.2545
443 -4.83582
641 0.576294
565 -1.0802
1106 44.8256
454 -4.84573
956 20.5105
1033 34.1816
474 -2.92883
990 28.7626
138 -21.9406
331 -1.47986
1190 61.6136
165 -20.1532
1004 30.4657
989 29.6553
379 -12.8169
1192 61.8862
1015 31.7988
1033 34.3505
1140 51.8472
331 10.0229
1094 45.5878
983 30.5159
931 18.2896
1144 50.7574
983 30.5214
331 9.8562
949 19.8912
358 8.96988
990 28.7618
331 -1.48022
960 20.8934
439 -3.43112
503 -2.08353
919 21.6505
326 -0.52594
24 -2.04674
1028 33.2733
1190 61.6409
24 -2.04706
117 -25.2578
151 -21.1722
1140 51.8567
778 0.681091
503 -2.12442
106 -23.3248
204 -18.1662
1081 43.2311
1203 60.201
1105 44.1605
161 -18.5156
357 -5.83939
187 -19.2075
945 19.6448
246 13.1503
471 -2.36603
222 -12.0637
786 0.0888062
1095 45.6528
121 -23.0301
942 19.7293
380 7.20663
908 16.1011
389 -14.9331
990 28.7621
378 7.35489
187 -19.2082
675 1.08392
1015 31.8015
991 28.9938
455 -4.94235
911 16.55
793 0.910522
1022 1.28821
908 16.0976
949 20.157
497 -2.17139
1026 33.1957
926 18.1875
943 19.2117
1233 105.597
326 11.0616
1053 41.512
1021 32.2329
150 -20.7224
1101 46.8923
154 18.7839
917 17.9958
280 12.2348
1007 30.5719
1053 41.5333
915 16.6161
977 25.5262
1088 44.6906
1003 30.127
641 0.272095
172 -19.7967
772 0.603271
983 30.5209
574 -0.551086
620 0.406372
960 20.8976
570 -0.599792
198 -18.0299
981 28.1227
497 -2.17096
619 0.187805
1144 50.7566
439 -0.595093
917 17.9955
915 16.6157
132 -22.0301
1080 42.9124
415 -10.3036
144 -21.4498
685 6.552
1120 48.2527
570 -0.447571
124 17.0243
1236 97.6455
252 -4.54158
1126 48.3998
908 16.1019
475 -0.628662
1081 43.2333
191 16.8799
1155 55.3612
926 18.1877
1191 62.8262
1015 31.801
465 -1.47055
1132 51.8168
1081 43.2311
133 -22.1902
778 0.682617
204 -18.1661
389 -14.9342
172 -19.7966
926 18.1879
1144 50.7567
1126 48.4004
250 -4.92984
137 -21.9879
1073 42.7664
1126 48.4012
900 15.3674
204 -18.1659
331 -1.51907
1144 50.7593
778 0.682861
652 0.474609
956 20.5601
1203 60.205
497 -2.17126
331 9.72617
420 -11.6173
860 12.1606
1233 105.609
1031 34.1288
287 12.891
1144 50.7588
1081 43.2314
917 17.9949
420 -11.6259
803 0.915588
944 19.8184
597 -0.0650635
497 -2.1716
246 13.1502
351 8.86191
1170 47.2549
124 17.0267
628 0.36676
368 7.87085
840 17.819
368 7.87427
973 21.4995
1015 31.8156
628 0.361145
778 0.524353
331 10.0222
368 7.8609
402 -7.48627
971 21.4066
772 0.604797
1015 31.8144
227 13.9326
1190 61.6379
503 -2.08356
1050 39.4031
1003 30.1798
1011 31.5192
1014 31.7319
778 0.524475
844 -0.190857
989 30.3356
534 -0.756592
557 -1.53394
840 0.381836
1092 44.7083
348 9.01462
367 -3.38132
565 -1.08081
1105 47.0123
683 2.70129
202 14.6189
975 25.0125
797 14.7312
941 19.7445
151 -21.1718
1127 48.4117
294 -0.905701
963 26.9781
117 32.1593
1105 44.1584
420 -11.6164
565 -1.08014
990 28.7618
658 0.929382
917 17.9951
570 -0.599792
117 -25.2723
803 0.915283
684 0.686279
1003 30.5018
926 18.2343
134 -21.8426
806 -3.9696
570 -0.4505
973 25.3171
857 3.37317
1136 48.8563
215 11.7307
619 0.187927
1003 30.1823
150 -20.7133
1144 50.7577
117 -25.2595
983 30.5029
620 0.406311
116 -23.0653
860 12.1594
176 -19.3724
830 0.836121
619 0.187378
1176 51.832
374 -8.86139
187 -19.2078
331 10.022
134 -21.862
1020 32.5782
224 -12.269
1144 50.7601
163 -20.1202
1021 32.5594
294 -0.905609
1105 47.0132
545 -0.618713
1010 31.2656
123 -24.5088
947 19.9353
727 1.1344
1034 33.6743
384 -12.4736
987 27.8656
1204 65.2631
294 -0.905792
570 -0.600342
87 44.8677
1081 43.2336
1086 44.2937
931 18.2894
544 -0.338989
117 -25.26
908 16.0973
211 14.1539
119 -23.0052
725 3.40692
674 0.754578
144 -21.4505
1034 34.3959
174 -19.5515
509 -0.584656
1204 65.2501
509 -0.584625
389 6.73724
1126 48.4014
1024 33.1057
952 20.3275
1000 30.4019
915 21.3461
1015 31.7935
1091 45.0386
503 -2.08774
1006 30.5839
389 -14.9343
548 -1.0351
725 3.39441
990 28.7626
1144 50.7542
989 30.3373
123 -24.5076
928 13.4254
1102 44.3483
1123 48.1289
984 27.3582
946 19.7642
953 20.3981
373 -8.87286
1059 41.0922
175 -19.5444
309 -22.4874
778 0.523987
963 26.9785
1120 48.2527
778 0.52478
1032 34.526
1031 33.7866
587 -1.35889
1105 44.2382
132 -22.2712
252 -5.46706
981 28.1224
844 -0.191223
1081 43.2317
1160 50.4368
557 -1.53387
989 29.6552
989 30.3381
143 -21.2279
955 20.5817
1014 31.8567
9 -2.22434
148 -21.0562
1126 48.4017
793 0.911194
1155 55.6591
989 29.6541
943 19.7615
754 -1.30511
662 0.93573
931 18.2895
860 12.1594
1040 35.0186
1144 50.7604
389 6.73737
950 20.0543
755 0.927185
918 21.6534
352 8.83289
355 8.35507
409 -12.7963
1025 33.6431
970 27.2082
1105 44.1543
475 -0.627258
1003 30.1897
652 0.474487
133 -22.1901
778 0.526306
574 -0.550964
865 13.2246
725 3.39233
945 19.8407
1124 48.58
986 30.2493
137 -21.402
989 29.6551
969 21.3983
813 -3.42285
1132 48.3721
806 -3.96735
40 -1.99802
1031 33.4409
1052 38.5764
877 13.7354
999 29.4858
754 -1.29962
1233 105.593
917 17.995
87 44.8662
797 14.7321
844 -0.186951
793 0.910828
1003 30.1898
133 -22.1901
150 -20.8151
775 0.62146
247 -2.77672
227 13.933
1046 39.4393
589 -0.477722
1104 46.9244
574 -0.550781
1206 83.6932
1040 34.2883
819 0.5224
1097 45.8839
1042 35.1351
150 -20.7127
546 -0.343811
942 19.7375
417 -10.339
966 21.143
1050 39.406
1015 31.7999
656 0.89325
1105 47.0125
296 12.7686
1065 1.04736
1034 34.3408
746 18.1016
220 -18.1348
474 -2.92886
819 0.523804
857 3.37506
1037 34.9976
123 -24.5121
1067 42.1882
752 11.5818
1107 47.5643
1074 42.1757
1127 48.4126
331 -1.48038
1042 35.3049
1054 41.5215
362 8.13434
402 -7.49283
918 21.6531
1127 48.4131
1052 41.4572
1095 44.2321
492 -4.43152
921 21.2697
860 12.165
1191 62.6622
778 0.526428
778 0.681702
202 14.6143
1096 8.37891
378 7.35638
533 -0.618408
143 -21.2633
359 8.21942
1189 62.6393
692 5.02594
87 44.8662
153 20.2672
130 -22.2223
681 6.00983
389 6.7373
422 -10.7737
1089 44.4843
238 -1.84254
1190 61.6113
1026 33.0273
331 -1.48013
989 30.3375
946 19.5698
1170 47.2551
1015 32.0718
917 17.9926
1096 8.37903
732 7.59692
486 -1.43945
742 1.30011
990 28.7621
1031 33.4951
1014 31.7591
1038 37.1494
1083 44.363
1127 48.412
950 20.1931
1105 47.0092
207 15.6351
1144 50.755
784 10.858
150 -20.8144
454 -5.12311
169 -19.8819
849 3.65735
389 -14.9342
696 10.2933
1187 48.3976
1177 52.7448
942 19.2034
1126 48.401
959 26.4839
989 30.3376
331 -1.50159
1081 43.233
1086 45.1415
454 -3.15189
877 13.7354
1028 33.1996
1144 50.7566
1179 51.8484
1002 30.1201
1140 51.8464
918 21.6525
26 -70.8876
989 29.6553
331 10.0223
778 0.526428
989 30.3358
868 1.07568
743 -1.41272
921 1.68445
182 -19.5858
154 18.7818
654 0.857239
989 30.3376
857 3.37817
1060 41.1904
123 -24.51
534 -0.75592
1171 49.379
537 -0.585876
882 1.01404
960 20.8983
40 -2.0045
202 14.6173
125 -22.761
960 20.8983
123 -6.79106
133 -22.19
413 -10.4198
1060 41.1938
321 10.7516
842 2.24713
1052 41.4569
126 -26.4902
995 29.2539
1060 41.1858
696 10.2925
351 7.01172
216 -18.1862
1094 45.6799
1108 43.8992
172 -19.7967
321 11.421
780 12.0167
389 6.73724
774 0.0105591
620 0.406494
1175 50.8086
806 -3.94757
488 -1.68216
129 -22.7483
908 16.0996
534 -0.756287
786 0.0961304
1192 56.0187
974 13.3991
1102 43.4965
908 20.1248
787 29.9556
352 8.85104
934 18.5534
620 0.406494
1114 48.5522
367 -3.17184
842 0.550537
1072 43.069
570 -0.448547
1182 55.2053
418 -6.4382
982 29.9208
904 24.9554
1021 32.2493
1225 107.279
755 0.927185
1101 46.6051
1067 42.1874
1096 8.37976
1039 38.8445
338 9.98795
532 -0.612122
1228 105.993
792 2.62335
1140 51.8472
184 -18.8427
532 -0.608643
1087 44.6569
402 -7.45245
869 1.09222
806 -3.96344
252 -5.46756
367 -3.17776
1236 97.6362
367 -3.1792
377 7.48404
1192 56.0198
1006 30.5889
141 -21.4375
876 15.3771
1081 43.2358
865 -6.79248
777 0.516113
133 -22.19
1089 44.2535
1034 34.3933
808 2.35571
620 0.406372
1037 38.9902
764 1.11371
1140 51.8551
446 -6.51379
719 0.625305
909 0.849976
1029 34.0311
1025 33.5488
1072 42.4163
915 21.3484
1180 54.2666
315 11.3466
856 13.4515
548 3.04285
1101 46.6643
1126 52.7487
1030 38.2401
1104 47.347
1006 30.5575
186 18.2889
921 21.2683
1041 36.2491
1126 48.4009
840 17.8459
301 -1.14322
778 0.525391
844 -0.102844
784 0.147278
245 -4.31357
844 -0.191895
931 18.2894
133 -22.1899
1020 32.7542
1204 65.2571
696 10.2931
1021 32.7374
984 11.1602
1140 51.8491
863 1.22815
364 8.311
981 28.1303
1105 47.0122
920 20.7819
1105 44.1614
454 -3.15186
775 0.611328
1059 41.0922
373 -4.26761
806 -3.57349
1158 54.7112
66 -23.1794
1052 41.4586
454 -5.12305
1218 125.419
150 -20.7135
1043 34.6372
921 21.2709
348 9.0145
817 -31.2019
797 14.7047
463 -2.05994
1145 51.5399
171 -20.5366
778 0.525696
1081 43.2354
144 -21.4473
696 10.2892
1187 48.6351
150 -20.8081
277 12.1319
362 8.13849
808 2.35596
856 13.6663
909 0.851562
148 -20.6003
199 16.0404
1140 51.8563
533 -0.617676
511 -1.57254
165 19.1143
1140 51.8582
733 7.97614
1064 1.51208
1015 31.8179
1060 41.204
619 0.187866
943 19.8053
759 0.114319
418 -6.4306
288 12.9215
850 3.49048
147 -21.1529
1081 43.233
778 0.52478
1171 49.1179
1001 30.1485
6 -2.34233
859 12.9039
190 -18.2484
1080 48.5742
154 18.7817
402 -13.886
948 20.0225
748 20.4706
335 -5.82742
163 -20.1207
814 -27.2629
1140 51.8484
746 17.965
378 7.35791
1027 33.9901
764 0.802795
877 13.7354
1015 31.817
76 11.3852
497 -2.17102
1185 58.8401
698 12.7273
798 -27.8146
198 -18.2293
475 -0.627411
1060 41.2061
1049 39.5839
570 -0.599548
522 -0.49292
492 -4.43176
743 -1.80688
1081 43.2316
725 3.40704
991 29.9411
377 -9.94244
965 27.235
948 24.0155
133 -22.19
1003 30.1873
297 12.7787
722 11.8392
1126 48.4011
743 -1.81488
1103 42.5618
512 -1.93698
719 0.541199
1003 30.114
989 30.3375
172 -19.7967
464 -3.8111
549 -0.254944
870 13.3561
129 -38.9582
971 21.4611
123 -24.5119
1105 47.0139
692 5.02673
368 7.87369
1031 36.7833
868 1.10992
1037 34.0642
615 0.0172729
684 0.686462
112 25.2503
1170 47.2545
152 -20.5522
1045 37.849
696 10.2925
963 26.9786
1203 60.0149
743 -1.81763
671 7.27161
615 0.0175781
185 -19.1781
321 11.5278
141 -21.4264
133 -22.19
369 8.02078
885 19.5981
392 6.89716
602 -0.729675
778 0.525879
769 0.91156
1080 42.528
725 3.43164
615 0.017395
597 -0.0658569
990 28.761
169 -20.745
1047 41.9847
1120 48.2528
426 -10.049
615 0.0175171
688 1.93225
514 -1.4137
166 -18.2127
1158 50.9163
597 -0.0652466
309 8.82916
1113 46.9679
946 19.8802
246 13.1518
699 9.04962
499 -1.11392
1204 65.236
917 17.9946
620 0.406433
707 7.50226
1170 47.2483
840 17.8369
746 19.1522
696 10.2943
1129 8.72083
822 27.405
1062 2.04773
743 -1.41449
744 21.7225
778 11.8307
723 2.90088
808 2.38464
771 0.953064
917 17.9942
6 -2.34409
317 11.6215
778 0.52417
411 -10.748
1052 41.4568
963 26.9785
1034 35.9764
174 -19.6607
884 0.188843
497 -2.17117
1140 51.8553
497 -2.17133
696 10.2925
697 8.45667
174 -19.6311
921 1.68994
752 11.5833
1140 51.8588
349 -6.47256
374 -8.86185
1080 44.1777
117 -25.2718
1159 49.9327
619 0.188293
840 3.95331
850 3.67426
124 17.0249
235 -20.8029
683 2.70624
816 -3.22052
1051 39.5092
845 1.51917
716 -5.21967
508 -2.04407
1064 1.08496
653 0.921631
147 -20.6707
1049 39.1316
965 27.426
1003 30.1133
877 13.7355
886 0.65918
1141 48.5406
1059 41.0894
503 -1.6376
963 20.6951
797 14.7335
154 18.7844
806 -3.96069
132 -21.8837
822 27.4161
373 6.25403
1150 54.9506
797 -35.7512
808 2.40906
454 -5.1228
604 -1.5835
512 -1.82748
378 7.35748
781 -0.416565
859 12.9022
184 -18.8425
784 -0.693054
902 19.6091
1080 44.1786
808 2.42413
985 28.001
1061 1.17102
719 0.401245
1148 58.316
778 1.30609
963 26.9791
1170 47.259
1150 58.2195
1124 48.1934
268 -0.578949
488 -1.68243
877 13.7361
862 13.7302
1060 11.4646
677 1.06213
1140 51.8586
1192 56.4283
1081 43.2328
882 1.0166
715 9.14392
719 0.396912
1059 41.0892
1008 33.3333
738 -1.7934
908 16.1006
774 -2.01868
740 -1.21021
497 -2.17096
1233 105.485
1170 49.656
844 0.0568848
1036 38.9536
733 7.97577
413 -6.45282
696 10.2925
1079 43.1633
1185 59.8177
840 17.7935
877 13.7353
174 -19.7162
971 14.7008
719 0.396667
693 -0.391418
797 14.7421
1068 42.2654
1109 9.03369
367 7.89209
1110 42.2871
314 11.3364
752 -1.59448
727 -1.72034
1140 51.8557
768 21.0291
268 -0.579346
865 0.00531006
1025 37.4314
24 -2.04767
696 10.2925
159 -20.4543
392 6.91721
408 -12.5376
124 17.0251
322 -15.3507
876 15.3759
915 20.5734
960 20.6646
711 8.71503
777 -2.03278
909 0.852356
1190 61.6306
760 -2.68567
1091 51.0314
252 -5.46719
1140 51.8489
796 7.77411
1081 43.2333
859 13.0039
703 0.832458
1140 51.8567
738 1.25165
386 6.72192
1087 44.64
856 13.7302
182 -19.001
394 6.84479
555 -8.80017
806 -3.95416
742 -1.31622
692 5.01117
545 -0.316406
532 -0.603271
1080 43.3159
697 1.70538
382 6.67792
725 3.40216
753 -1.97864
821 10.5717
373 -4.32336
819 -43.1739
488 -1.68292
917 17.9951
190 14.7776
766 7.57062
737 18.7124
151 -21.1719
793 0.393555
876 15.6506
378 7.35773
1140 51.8563
87 44.8668
813 -4.64618
921 1.69012
921 1.69385
66 -23.1792
421 -10.0374
420 -11.6255
1177 51.0538
1069 1.58813
1056 37.6791
533 -12.9386
203 -18.0864
853 1.02783
165 19.1123
575 -3.66028
235 -20.8015
865 0.0196533
1221 111.658
1060 41.1857
984 4.48285
711 -3.07489
641 0.272156
733 7.97626
893 17.3657
719 0.400879
1081 43.2346
1128 51.1652
751 -0.784302
688 1.93243
1091 51.0314
321 11.542
202 14.6151
733 7.9765
844 -0.103333
838 0.61438
756 19.2041
1191 62.9276
865 0.0159912
1105 47.1854
719 0.398071
768 21.0352
719 0.396667
921 21.2711
848 9.72498
883 19.629
624 0.384155
1028 36.9585
1159 50.4894
1154 53.1172
873 21.9088
731 2.01501
343 -5.83597
935 19.672
882 1.00745
123 -23.1916
1145 51.5817
915 21.343
915 21.3458
1190 61.6332
454 -4.84573
1088 44.3295
597 -0.0653687
727 -1.71698
1182 55.1584
235 -20.8019
653 0.955872
488 -1.68277
1166 48.3586
1094 45.7162
856 13.6664
814 -27.2784
822 27.4119
876 15.3765
897 1.86804
743 -1.81042
1060 41.188
840 3.80463
694 12.068
1140 51.8568
182 -19.4792
1030 38.2423
692 5.01111
882 1.00922
856 13.7303
66 -23.179
1060 41.1866
759 -0.15448
1138 51.8
1053 41.5099
859 12.9014
778 6.17865
1049 35.9429
768 21.032
594 1.12067
991 30.7173
726 -1.71979
571 5.75238
1034 37.2794
851 24.6912
252 -5.46956
1106 43.5103
759 -2.36542
985 28.5366
876 15.3697
1060 41.1863
1015 31.8009
869 1.09344
676 1.18225
864 0.036438
867 -0.488586
846 3.19312
909 0.85022
1060 11.4731
711 -3.13599
865 13.2192
728 -1.36713
656 2.76709
725 3.45172
506 -1.05743
778 0.524292
326 10.3661
1041 34.5634
747 20.4328
1045 35.4545
1059 41.1039
26 -71.6651
1150 54.9498
857 1.12421
1144 50.7552
826 10.7512
715 9.04211
320 11.5168
797 14.7008
620 0.406372
915 21.3469
486 -1.37701
942 15.5634
864 0.109192
741 -1.32727
302 11.8109
1125 51.104
348 9.0162
882 1.01038
1095 44.4802
943 23.8845
768 21.0278
743 -1.4129
778 0.526794
768 21.0317
782 -0.277893
308 11.4827
668 5.02893
754 -1.30988
308 11.4625
756 2.59601
754 -0.187256
1020 37.3848
321 11.4206
725 3.41199
698 1.62103
1045 35.5044
766 1.36163
965 27.4261
865 0.0249023
150 -20.815
743 -1.81189
786 0.0915527
909 0.852417
723 -5.51062
711 1.04822
138 -62.781
876 15.3747
733 7.97589
1222 115.42
1140 51.8566
759 -2.36853
882 1.00842
1020 37.3826
1059 41.0894
752 11.5839
636 0.551697
1170 47.2548
753 17.6964
934 19.5328
772 2.57153
1060 11.4667
1108 49.2573
1095 46.0441
782 -1.04681
859 12.9042
150 -20.8133
990 28.7626
154 18.7843
1113 43.8341
383 6.87817
1008 33.3334
965 27.4259
859 12.9026
550 3.82214
690 3.41925
1105 44.051
1020 37.3842
1204 65.2411
1067 41.1605
742 -1.0636
1022 1.28619
859 12.9061
745 17.8491
346 9.49301
598 0.323059
1014 22.2084
73 8.20673
681 6.01093
743 -1.81628
862 13.096
700 2.64142
772 0.604858
741 -0.112732
515 -0.612671
796 7.77289
968 21.3989
761 0.197571
1059 42.7727
806 4.84454
772 0.604553
138 -21.7699
411 -10.9352
1072 42.3182
786 0.0899048
1037 -6.15405
1136 48.4601
1059 41.1941
956 15.7521
889 -0.484802
683 2.78601
1019 36.6207
916 20.7338
1059 41.0922
826 10.7518
150 -20.7136
454 -5.12317
818 -39.5409
884 1.5014
1038 40.0107
1132 7.93848
771 9.82123
593 1.24194
821 36.8517
969 28.1415
510 -1.00839
1020 37.3837
989 30.3357
1068 42.2461
1059 42.7721
1073 43.205
90 46.6848
834 8.99945
1170 47.2505
1080 48.5725
172 -19.7967
858 2.76752
726 -1.87067
172 -19.7968
331 10.0224
737 20.0197
1093 44.5934
773 24.6162
1026 38.0117
411 6.56488
190 14.3286
733 5.10938
248 -0.830429
856 13.7303
164 19.2467
740 -1.67957
117 -23.1398
571 5.76495
1065 45.8207
876 15.3763
915 16.6156
117 32.0946
850 3.48145
956 20.5629
731 -4.83368
777 0.48407
898 16.8098
915 16.6166
1022 32.8832
1046 41.8369
1015 31.8005
358 8.97
373 -4.32382
644 1.59039
1108 9.79956
696 10.2911
517 -11.3451
921 1.68994
1087 44.6458
753 19.8129
143 -21.3707
1041 36.4216
1023 37.5295
929 17.7294
490 -2.25668
719 0.398682
771 0.790527
804 -3.27289
331 10.0237
747 20.4625
1063 1.59033
743 -1.41394
946 23.8552
747 20.4165
958 20.7318
908 20.0658
620 -4.62372
404 -13.3773
860 -1.9104
708 1.67493
1050 -2.09351
819 -3.3255
497 -2.17096
727 -1.72687
661 0.913574
744 21.7021
384 6.92511
727 -1.72247
1060 11.4717
1150 54.9464
917 17.993
537 2.33954
1019 37.1268
747 -1.64581
806 -3.95782
725 3.44421
1129 52.7032
741 -1.53345
570 -0.447021
227 -11.4786
1105 47.014
933 -6.51385
204 -18.1659
1050 35.9683
1050 39.3815
752 11.566
1071 42.4203
1135 52.0533
1050 40.4125
1239 94.8605
696 10.2921
733 7.97504
653 0.863831
582 1.14099
295 7.73685
1186 59.6351
135 -21.5232
321 11.421
657 2.80328
620 0.301147
991 30.6667
857 3.38623
859 12.9042
972 16.2434
725 3.409
1038 40.0111
794 7.55206
654 -1.97339
1233 105.505
1170 47.2592
751 19.3456
814 -27.2739
719 0.398743
719 0.402222
367 8.00656
1221 119.743
593 1.23517
683 2.69843
1050 -2.19141
828 -1.30701
1037 -6.12183
830 -0.101196
960 20.8965
897 1.91382
314 11.6234
1060 11.4733
1178 51.2118
1064 1.46741
613 0.0422363
855 8.07837
965 27.4238
1004 30.4517
413 -6.39484
1239 93.1333
819 -3.79956
1060 11.4589
331 -1.48019
1192 56.4479
1019 36.6205
732 7.94183
639 0.601562
419 -9.81696
1023 38.2529
963 26.9783
594 0.946899
711 -3.13361
533 -0.624695
1125 46.0874
939 16.0936
1190 61.6227
964 27.045
996 29.8854
719 -12.2643
977 22.1774
1214 122.311
827 4.12469
859 12.903
709 0.110229
725 3.45013
348 9.01614
123 -24.5102
915 16.6161
404 -1.47504
745 18.1219
97 82.3233
321 11.5301
840 3.81946
1037 38.9901
79 306.501
996 29.8848
709 3.45593
826 10.7538
929 16.0905
777 5.05811
741 -0.0440674
1203 64.2523
668 5.13074
963 26.9753
1127 49.8798
1080 48.5753
790 -1.59686
709 -3.7746
138 -21.8261
279 8.54013
639 0.59021
248 -0.830368
840 17.8549
929 19.0203
741 -1.10272
597 -0.0645142
1144 50.7583
706 1.19983
321 11.528
893 17.3177
1020 37.3829
825 -2.25201
844 13.8784
711 -3.13232
856 13.7305
1228 106.152
1048 -3.79871
152 -20.6758
905 18.974
1086 49.2471
865 13.2335
738 6.38507
696 10.2926
593 2.83636
1170 47.251
68 -1.59401
1050 -2.27124
497 -1.54181
690 3.41663
419 -11.6334
593 1.24097
725 -2.18433
692 5.01776
308 11.3929
760 -2.74115
294 -0.907471
454 -5.1795
752 11.5829
803 -3.51294
1000 30.1552
268 -0.570923
801 -5.37018
607 -1.28632
671 7.27142
1038 40.0106
740 -1.22443
124 -19.2414
683 2.69812
131 -16.035
1140 51.8573
745 21.0983
696 10.2856
751 0.647888
991 30.707
864 0.0395508
404 -1.47656
850 3.48505
1073 43.072
768 21.0502
981 22.3839
829 2.91925
384 6.80713
859 12.9012
696 10.2932
788 -0.314636
1058 41.182
1008 34.342
1153 59.03
207 15.6351
752 -1.59186
773 -2.41028
321 11.5394
404 -1.47171
837 21.2874
954 24.6602
998 29.6395
828 0.84021
1019 36.6187
787 0.242981
711 -3.13727
921 1.68927
889 15.6552
904 24.8925
720 -11.0237
894 0.0701294
1045 35.0635
588 -1.30054
808 2.38519
232 0.900314
636 0.476868
742 -1.24225
1076 43.5856
784 -1.97729
1024 36.8296
856 13.7302
904 19.7491
941 23.748
1105 47.014
1030 38.2443
893 14.9711
161 -20.4965
770 24.0592
1170 47.2533
691 10.4434
761 -3.37183
294 -0.905762
1192 56.4624
1089 40.6049
619 -5.35107
722 8.91107
700 2.3808
248 -0.828796
743 24.6387
876 15.3719
769 1.21698
690 3.41467
1192 56.0272
989 29.6492
1015 31.8162
692 5.0119
620 0.337646
908 22.156
497 -2.17099
449 -21.6853
517 -0.758667
355 -5.29614
977 27.7563
1019 36.673
372 -4.32275
469 -2.50641
1178 51.1438
358 8.96994
909 0.853027
565 -5.04712
138 -21.8385
866 13.199
915 16.6161
1029 38.5819
1005 30.3929
916 16.7454
477 0.243561
760 -2.69958
968 28.1288
682 6.01526
768 10.421
719 0.399292
707 10.235
557 -1.53455
657 4.05359
613 0.0422974
727 -1.7193
396 6.34131
449 -21.6412
732 7.59894
1206 83.7285
1220 117.123
760 -3.36621
917 17.9952
694 0.792969
786 0.0939331
918 21.6533
1105 44.1533
727 -1.72174
759 -2.49408
143 -21.2866
1160 50.7314
816 1.77594
683 2.69659
786 0.115845
915 16.6156
1098 44.3433
477 0.237946
151 -21.1722
433 -1.07874
723 2.90063
857 13.9459
752 11.583
1048 35.6079
760 -2.13977
433 -0.54126
739 9.70966
1015 31.799
104 -23.1212
404 -1.47913
742 2.97052
711 -3.28174
1120 48.2528
1063 46.4435
593 2.59729
705 7.30225
1170 47.2567
1123 47.9808
653 -0.697388
1172 48.5984
682 6.01526
930 22.6304
897 1.23981
1012 20.5413
859 12.9039
1091 51.0304
1020 37.3835
1127 48.4131
640 -7.11456
1071 43.2003
909 20.2865
1063 40.9553
915 16.7505
671 7.27106
960 20.8972
393 6.26282
1062 2.06396
1063 1.58643
773 -3.03125
1058 46.1592
570 -0.450378
698 12.6165
859 12.902
615 0.017395
851 24.6893
869 1.09332
711 4.12378
921 1.68823
681 6.01093
321 11.421
1027 37.2205
832 0.447327
869 1.0921
905 24.8962
1170 47.254
51 -2.05402
654 -0.606384
692 5.01453
859 12.9119
857 3.37262
719 0.401794
692 5.01031
207 -13.1288
840 3.81903
743 -1.41077
719 0.402893
711 -3.13007
991 30.7076
461 -4.51761
140 -20.8219
876 15.3737
1103 47.2003
850 3.48828
857 3.38165
474 -2.92892
794 7.55402
1020 37.3827
1020 37.385
761 -1.30444
782 29.1924
946 22.0715
896 14.1872
1068 42.8002
867 14.0657
786 0.0722046
653 -2.06348
726 1.32288
225 -11.5974
1080 44.1794
743 -1.81598
567 3.3645
752 6.92108
743 -1.8172
754 7.30463
736 24.0685
921 21.2849
353 -5.11795
806 -5.15332
754 8.29559
670 7.29053
1163 49.0952
582 1.16443
960 29.4277
202 -18.306
595 1.0553
462 2.32031
979 21.7834
1051 36.1287
752 11.5756
850 13.3367
808 2.39343
719 0.399353
711 1.27643
192 -18.4486
856 13.6732
1034 39.1315
808 2.35754
1099 41.5071
1233 105.485
998 29.0197
725 3.40399
921 1.6972
712 -3.67664
1038 40.0107
1043 -6.6825
823 0.85791
806 -3.97174
658 4.28772
869 1.09332
775 0.614258
733 4.83582
956 15.7328
991 30.6984
280 -1.27313
1233 105.463
1096 44.3506
1060 42.8174
967 21.6364
667 0.992798
1037 38.9978
965 27.4265
619 0.330322
1080 48.5736
1144 53.5067
826 10.719
1171 10.6595
711 4.1239
128 -17.94
933 -6.51562
767 0.960693
246 13.1523
87 44.8664
613 0.0426025
788 8.01526
638 -5.39905
974 21.0609
166 -20.5993
905 24.8969
696 1.71259
808 -5.40021
964 21.615
138 -62.7447
410 3.55634
773 24.1575
869 1.09235
1060 42.1393
617 0.649109
706 1.11981
645 0.582275
899 17.5586
98 17.0303
893 17.3179
713 1.59625
1020 37.386
921 21.2703
786 26.6797
1020 37.39
144 -21.4028
373 -4.3248
145 -45.4785
1060 42.7673
180 -19.1956
392 6.71609
941 23.7457
185 16.8896
1021 36.842
794 7.55286
1081 11.0176
856 13.6727
763 -1.28064
514 -0.852051
331 10.0233
585 4.85419
431 -9.03827
1129 51.1688
126 8.4743
892 14.2656
205 -12.5646
1038 40.009
404 -1.47208
372 -4.30475
786 0.0984497
145 -45.4787
622 0.30603
1175 52.4447
235 -20.8015
806 -3.97296
121 -23.03
768 21.0546
144 -21.2503
552 -5.46826
963 26.9755
941 23.7491
725 3.4502
798 -34.6277
200 -18.4262
1062 2.06384
468 -3.19614
410 3.55606
99 -23.5205
741 -1.69507
915 21.3447
288 13.1774
921 21.2701
1086 44.183
955 14.9028
807 12.3762
857 -10.6431
582 1.13397
1050 39.4076
771 10.0353
816 1.75732
710 0.821045
859 12.9042
963 15.9202
654 -0.622803
760 -2.89874
746 19.1939
1111 47.3713
941 23.749
830 -0.635925
657 4.05347
743 -1.8136
447 -1.1987
755 12.2058
470 -2.99597
331 10.0229
965 27.4258
643 -4.38666
1034 39.9395
909 0.852417
1033 38.0781
698 1.39325
1068 47.4261
653 -2.01282
406 -13.4268
700 1.48334
732 -3.59271
760 -2.8949
1180 52.74
358 9.77274
980 28.0341
864 0.0368652
923 17.2733
500 -0.365601
877 13.7355
595 0.910156
1087 41.4993
571 5.76154
1155 56.1719
744 18.6611
840 3.81616
869 1.09418
558 -0.272156
698 8.88354
1030 38.2443
616 0.269165
387 6.87177
821 -35.748
655 3.61816
856 13.6647
1150 55.0981
1037 34.2817
602 -0.00201416
117 32.1145
669 5.03998
549 -0.254944
833 -0.87561
433 -7.32089
803 8.57092
905 19.6251
802 30.0361
1095 44.7145
866 13.2884
522 -0.843933
369 7.89316
595 1.05396
933 21.704
774 5.95325
760 -2.89288
1036 -7.42651
981 26.836
984 28.3663
879 22.5773
328 -26.8531
1057 42.8899
740 9.19238
879 1.86438
780 -1.81299
815 -3.90173
882 1.01196
876 15.3745
768 23.2653
655 -0.607788
567 3.29663
125 -17.9614
1043 39.2522
856 -13.3607
620 0.406372
771 6.53033
331 10.0242
773 -2.55511
1034 37.2788
738 19.2105
1064 46.4441
720 -9.16876
1011 31.2745
407 -12.2411
941 23.7492
708 8.28522
97 82.3238
806 -3.96027
850 13.3366
1099 9.09912
1034 37.2915
164 19.2211
53 -25.2646
869 13.3261
711 -3.12927
865 0.0174561
996 29.885
676 4.00098
711 -3.13611
786 -1.36688
978 27.8447
1064 46.4426
821 10.5725
1019 36.6205
647 -2.84344
945 16.0453
1047 -4.9552
752 11.5839
658 4.14978
719 0.402161
814 -27.2783
955 14.9029
175 13.9357
686 0.366333
218 -18.2266
1025 37.4282
671 7.27191
760 -3.36658
753 -0.514221
765 19.5355
970 15.5164
780 11.3845
830 -0.842407
900 22.4503
855 3.07159
499 -0.23587
385 -12.2321
750 -2.28406
609 -1.16736
667 0.117798
973 21.1045
922 18.5073
826 10.7556
684 0.686218
765 0.923706
722 -4.23816
732 7.59326
671 5.67194
462 2.32373
742 3.6106
752 -1.59271
706 0.713318
864 13.2738
859 12.9064
903 18.8845
404 -1.46579
669 5.04504
620 -4.23352
409 -11.0321
933 -6.51862
180 18.5288
1020 37.383
851 24.7102
727 -1.71893
720 -6.01215
296 12.7686
770 1.45715
1046 7.81592
695 2.21777
732 7.59717
980 27.0773
857 -1.13196
549 2.52246
761 -3.36798
688 7.83777
859 12.904
829 7.04346
637 -4.97626
407 -4.10284
732 18.4179
680 5.30725
1008 33.3328
622 -5.75214
901 18.3309
1102 47.255
965 27.426
439 -0.595703
1161 49.8099
326 -0.526367
658 4.15479
750 18.3098
461 2.04373
1078 11.5375
991 30.7191
1022 37.3043
934 22.7763
1120 48.2529
1037 38.9971
115 -18.4805
724 -3.53308
851 1.59045
742 -1.33185
720 -13.9361
1144 49.9235
826 10.7531
1009 34.9119
478 0.156982
980 27.8179
715 9.04657
1171 10.6631
1105 44.0631
748 -0.521118
918 21.6539
725 -2.65173
806 -3.95135
921 20.2656
774 4.15509
117 32.0559
926 19.0284
478 0.0103149
246 13.1499
825 2.33655
876 15.3795
668 -0.371887
414 7.47705
538 2.46997
115 -4.98808
499 0.162506
955 15.4871
497 -2.1713
392 6.71613
275 14.11
899 1.89905
918 21.555
1034 37.2175
124 17.0285
887 16.4024
757 19.8519
869 1.11865
937 17.0382
641 -5.17474
762 0.521057
613 0.0508423
893 18.3
1025 33.3876
683 2.70941
671 7.27216
585 0.426758
1061 43.2942
171 18.4609
672 -0.0151367
591 2.44116
961 27.2724
209 -9.94539
172 -19.7967
402 -7.45859
696 10.2908
1107 42.3212
673 1.24554
788 29.8494
711 4.10028
119 -17.4661
1014 33.1542
1091 51.0304
803 0.915222
410 6.80078
297 12.7774
1104 50.9427
419 -11.6336
856 13.6672
703 0.887939
859 12.9043
742 18.5407
321 11.5396
979 21.9576
865 0.00720215
1052 38.7426
865 13.2264
635 -7.61462
970 24.6613
964 21.6154
579 0.629578
307 9.16965
788 0.349548
780 -1.85773
740 -0.0255127
681 6.01166
757 0.634521
595 1.05359
978 21.55
404 -1.45609
123 -24.5099
720 9.97644
933 23.2545
856 13.7304
628 0.362061
113 4.47589
478 0.108917
752 -2.52777
654 -1.92792
1064 1.1499
1020 37.3831
1169 48.9493
934 16.4675
704 1.4624
649 0.747681
296 7.58618
920 21.7225
1046 35.5641
1044 10.1167
318 10.8453
653 -2.00439
122 -6.78678
182 -19.0964
654 -2.08099
483 0.598145
876 15.3829
1108 9.28943
683 2.69897
12 -1.95197
894 23.0969
840 0.513733
169 18.7786
624 -5.08569
826 10.7534
1140 51.8569
563 2.3454
949 22.0984
888 16.4536
738 -1.19904
696 10.2908
595 -0.366028
1025 37.4314
663 0.627441
1019 36.51
695 7.83228
539 2.49103
706 1.37817
911 -0.981506
1170 49.6556
652 -0.74176
766 19.1863
1048 36.3173
1099 41.4927
575 -3.66022
556 -0.294067
909 0.849121
691 2.07965
1145 49.9772
774 4.15503
1068 8.50378
97 82.324
884 0.189148
162 -20.6874
940 16.1402
1038 40.0106
670 7.29065
378 4.31277
938 22.6653
696 10.2922
1037 38.9935
1128 56.7913
620 0.406433
697 19.9997
1026 37.9761
968 28.1287
952 26.6382
671 5.77124
1030 25.4161
326 -25.3821
933 22.4585
955 15.4838
859 12.9034
603 -0.706482
389 6.79797
911 20.0531
877 0.929993
156 20.5971
671 7.27209
802 8.41504
59 -1.86501
597 -0.0647583
882 1.00763
856 13.7302
996 29.9193
1153 59.0278
114 -18.6071
138 -21.4392
652 -0.739868
372 -4.33832
904 24.8922
780 11.3845
703 4.24603
678 4.12903
884 0.188904
897 18.4608
823 -2.79291
759 -2.36584
887 15.9614
1063 46.4431
969 24.4136
754 1.21777
474 -2.92883
1021 37.4082
967 14.6655
877 13.7354
898 17.8265
693 12.1592
669 5.13757
741 -1.5387
816 1.58014
652 -0.737854
568 3.32635
959 17.001
316 11.5423
952 26.6271
224 -13.0286
362 4.46198
970 21.0529
664 4.78717
250 -0.714035
742 -1.02979
579 0.657776
709 0.106079
1020 36.9342
815 9.72638
1143 8.27136
907 15.4854
814 -27.2673
1063 46.3856
760 -2.74451
877 13.7355
495 -1.29605
669 5.13745
511 -1.3775
1032 36.1377
811 14.144
634 0.00238037
1031 38.2255
398 7.66638
583 4.51904
666 -0.28717
1019 37.3036
1023 38.6821
996 5.15363
814 9.84656
921 21.285
692 5.0127
684 0.689087
760 -2.74255
919 21.6405
393 6.26288
753 11.861
340 8.10172
775 0.878113
608 1.98877
1020 37.3856
312 8.21588
351 -1.92963
615 0.017334
725 3.3952
1163 48.7291
619 0.18811
1203 60.1731
904 24.8926
822 -34.8879
766 21.5063
884 0.192444
969 22.3273
891 1.21826
362 4.47491
1107 41.3008
1140 52.5525
213 -13.006
1060 11.4773
583 1.03577
723 2.90088
709 2.52441
764 11.702
770 16.3115
1101 8.50549
869 1.09296
890 17.5607
1038 40.0106
1025 37.4314
658 4.1496
707 2.14777
380 7.94354
462 2.31461
691 7.87732
884 0.189209
117 30.7721
1077 10.7903
1039 40.1007
826 -2.57001
1173 49.8422
660 4.42383
1053 36.0956
389 -14.9344
577 -1.55499
795 -14.0101
413 -6.3876
969 28.1415
1035 38.7637
338 -6.74249
902 15.4297
682 1.2691
1100 42.1538
571 5.76776
929 22.3055
1033 14.6863
615 0.0174561
475 -0.627563
489 -0.575623
683 2.69141
987 4.77911
756 18.6942
821 2.18646
709 1.48352
493 -1.58069
803 8.78668
1015 36.7169
963 26.9791
1126 48.4006
735 17.7537
453 1.32922
876 15.3723
548 3.07507
936 23.2192
964 27.7496
1025 37.4315
764 21.3627
877 22.4946
926 18.191
161 -18.5759
839 1.9939
205 -11.6862
763 0.554932
859 12.9255
903 23.3243
851 24.7104
788 8.01477
533 -12.9409
774 4.15527
1000 30.3495
500 -0.163086
1071 42.3627
378 4.3187
759 -2.36591
771 23.4029
1008 33.3334
696 10.2886
647 -3.58728
260 14.8773
991 30.6797
915 21.3245
877 13.7354
652 -0.741028
510 -13.8295
402 -7.4838
615 0.0172119
1171 10.6664
692 1.40021
668 5.10675
1154 56.0587
657 2.94153
876 15.3965
389 8.25299
1061 43.3192
393 -4.66672
1031 36.5569
509 -0.584625
908 20.1102
407 -4.10239
671 1.12079
164 19.2459
178 16.1307
548 3.07751
941 23.7494
909 0.85199
816 1.776
683 2.70557
532 -3.84076
510 -9.80792
586 0.405151
666 0.95874
1025 37.4319
1063 46.4456
646 -3.03485
1087 43.8529
900 15.9216
869 24.2427
726 -1.80444
869 1.08917
807 -13.3433
900 17.9935
404 -1.45584
187 -19.2076
385 6.31531
825 -2.51556
708 2.0368
821 19.6831
837 21.2825
1038 40.0106
126 -22.9414
655 -0.434875
956 15.7374
648 -2.28809
815 9.98712
1025 37.5602
643 -8.53192
857 13.9454
732 9.41797
1020 37.4005
271 12.2516
581 1.41229
743 2.25049
655 -0.615662
755 0.927185
1113 8.96191
738 6.3916
947 16.6548
1112 40.3409
796 -13.5289
211 -17.4464
393 -4.67215
127 -22.7868
1067 42.1876
470 -0.463531
974 17.2294
860 1.67914
674 -0.194763
792 -0.240784
749 -1.59332
1072 47.8801
743 -1.80896
969 28.1386
774 6.72192
1162 8.4801
193 -18.4077
1045 -6.28992
609 1.27026
373 5.91559
795 7.71765
1062 2.05591
1064 46.4426
567 3.38306
190 -18.2221
817 10.2032
653 -2.08722
676 5.68079
1113 43.6646
696 10.2908
464 1.51422
523 0.621033
682 4.58667
571 5.75397
859 12.9052
876 15.3727
816 0.941467
979 21.5566
317 9.15228
884 0.194641
732 7.59631
941 23.9078
932 21.6439
420 -11.6247
692 5.01141
754 -1.29871
741 -1.32959
876 15.3745
429 -7.01376
600 -0.737366
374 -8.86142
187 -19.2078
1121 43.8854
710 9.90106
887 19.6976
890 1.07794
663 -0.264648
792 -0.0921021
185 -0.676697
555 -8.80017
837 21.283
1096 8.37952
1084 11.8345
703 0.405823
643 -4.75494
868 14.6439
567 3.39563
1008 20.1091
641 0.272095
749 -1.46393
1040 9.0199
548 3.07397
768 22.811
622 -5.23346
582 3.08252
548 3.07172
485 0.298096
1003 29.366
651 0.875671
624 0.761719
1052 37.7103
941 23.7463
597 -0.0646973
736 8.34332
449 -21.7061
387 6.8544
650 -0.653381
918 21.6519
953 26.7985
656 2.99194
857 3.38245
167 18.9736
746 17.9684
344 9.23672
1025 37.4315
161 -20.495
642 0.589233
325 -25.0823
1060 42.817
901 18.5389
692 5.01471
499 -1.17517
921 21.2703
364 2.65222
252 -5.46915
730 1.59735
866 13.2688
296 12.7689
715 8.86615
389 -14.9345
532 -0.603882
347 9.44266
760 -3.36731
768 1.68408
680 6.01782
109 73.4804
654 -1.91052
954 26.8331
856 13.7304
744 21.834
681 1.17987
988 28.653
924 20.6557
405 -0.0463257
187 -19.1579
322 11.1806
571 5.875
740 18.1467
654 -1.95093
891 1.23407
921 1.69153
394 8.94345
808 2.47791
907 19.5663
1039 39.2299
935 22.1514
970 28.1279
1048 39.6561
609 -0.50592
140 -21.4697
1020 37.3883
686 -0.505188
940 22.2378
723 -3.92108
919 20.8844
703 -0.708008
1113 8.75366
1170 49.511
404 6.63272
352 1.77747
571 5.65741
550 3.82135
895 17.6886
491 -2.90097
991 30.7195
537 2.47089
649 0.713867
6 -2.34056
454 -5.12308
497 -5.70493
393 -4.66528
478 0.00460815
568 3.34485
1030 38.2445
738 6.38605
685 -0.190979
825 0.844421
593 2.83716
571 5.73578
1068 47.3588
1064 46.4437
984 27.48
814 -27.2481
1193 -1.82019
1192 56.4579
1025 37.4276
667 0.00134277
779 28.3725
858 2.85223
711 4.1004
413 -6.39523
499 0.0680542
967 9.35071
909 0.849854
856 13.7303
209 -11.68
1068 47.42
957 26.9589
1074 43.072
723 2.90051
856 13.8322
632 -6.84985
976 29.0204
641 0.271851
1170 49.6827
393 6.26517
692 7.10248
49 -27.6267
326 11.0619
759 -0.592163
968 28.1359
1046 41.8197
489 -0.95578
963 26.9791
593 1.24292
593 2.59607
1081 48.5948
1080 44.1799
747 20.0797
754 -1.30811
433 -0.523132
606 9.33649
642 -7.16827
1061 1.34607
1192 56.0586
478 0.00888062
711 4.10052
480 -0.0882568
806 -3.91418
760 -3.37024
832 4.04321
791 -3.3609
856 13.6677
321 11.5392
326 8.76346
778 0.682556
806 -3.9682
404 -1.47296
713 1.06744
901 17.1092
592 2.76508
788 8.01569
520 -0.783936
228 16.7378
736 1.26422
673 3.81903
772 6.41357
704 0.416565
735 10.3839
118 -5.68603
1050 39.3817
669 5.04144
595 1.0528
171 -20.2517
1000 29.9224
827 11.4685
888 15.2209
471 0.5849
524 1.32416
643 -4.78815
799 7.71881
684 1.43091
941 23.7003
1033 7.71741
937 23.6799
1030 38.2444
1056 42.9325
651 -1.5683
890 23.7831
789 0.116699
1071 43.0828
1119 46.0883
378 4.32492
124 17.0235
725 11.7059
439 -0.59549
823 -2.80042
493 -1.55737
943 23.6635
404 -1.48148
483 -2.22845
203 -17.7405
589 3.51215
653 -2.14984
1069 43.056
652 -0.74707
627 0.476807
824 2.789
1068 47.429
331 -18.0812
440 -0.0837402
723 2.90063
998 5.36334
988 29.7766
921 1.68976
568 3.33087
766 21.7848
1029 21.1539
643 0.322327
478 0.0072937
826 10.7527
879 15.7174
733 7.97711
831 4.09418
454 -5.12268
963 26.9784
1034 37.278
907 19.9738
778 0.682678
1030 38.2445
509 -0.584595
1089 50.7283
377 7.0123
1015 36.4792
788 1.71234
1044 8.09656
499 0.0771484
915 21.3439
577 0.888306
703 0.833069
653 -2.07404
959 22.5886
861 13.9134
1050 39.3741
1026 33.9579
788 8.01477
499 0.158081
729 -3.05371
1038 39.8063
592 2.28961
783 26.5629
884 0.193542
209 -13.079
1135 53.6747
652 -2.23047
1058 41.5736
365 0.887268
571 5.75952
696 10.2943
404 4.13062
478 0.0632935
393 6.30588
902 19.6201
404 -1.47208
944 21.612
740 3.7442
956 18.0144
404 6.92288
1141 49.2999
410 3.55466
1041 38.7766
246 13.1521
915 21.3471
414 10.3158
703 0.832397
790 1.84454
718 -4.87128
526 -14.4807
880 1.50763
344 -2.78
326 10.9228
1038 39.9596
619 -4.60321
502 1.14084
344 8.80945
998 29.6392
379 7.7395
282 6.95483
570 3.25104
665 2.28113
688 -0.0751343
774 4.15662
389 -14.9345
1029 36.9557
819 -4.0354
781 2.22467
849 0.614868
1153 59.0264
889 23.8483
327 -0.482452
778 0.678101
875 22.1241
652 -0.200562
1047 36.7009
353 -2.61707
1030 38.2445
404 -1.47797
803 8.39258
859 12.9031
850 13.3184
1068 47.4298
624 0.316711
744 -1.06274
840 17.8082
40 -1.99646
161 -3.63646
882 1.57922
571 5.72888
849 3.66132
752 -1.34839
742 18.3461
941 23.7476
582 3.24426
926 18.4392
727 -6.1579
164 6.40706
1020 37.386
492 -1.28928
442 -0.823059
1051 40.1055
953 15.2333
675 -0.476135
1179 3.37317
884 0.186401
653 -2.04034
1233 105.549
996 29.8785
584 5.47913
462 2.48309
941 23.7493
1058 40.6555
737 2.46216
1169 48.355
1019 37.3177
958 22.7158
62 -1.7015
891 0.211975
573 3.07831
727 3.59204
911 20.3684
859 12.9146
891 17.1192
991 30.7175
433 -0.51947
711 4.10168
529 -4.98596
1134 51.3409
1038 40.0106
516 -1.46252
654 -0.598572
322 11.548
925 19.9168
827 -1.06891
905 -0.747498
1036 40.7285
1041 -5.97864
757 6.11841
1120 9.59204
665 0.967651
980 22.7263
553 3.15759
333 -24.3181
900 21.6559
571 -0.0274658
520 -0.577759
969 28.1598
814 -27.2756
1020 37.3832
26 -72.2775
780 11.3793
856 13.7302
491 -2.8363
904 24.8931
654 -2.00476
628 0.368958
653 -2.85565
768 1.36951
718 9.83252
931 22.5581
983 22.2408
311 11.3137
901 19.6866
775 0.626038
668 5.05975
66 -23.1794
729 11.9774
670 1.57318
1079 11.4775
501 1.18948
1061 43.291
268 -0.579681
638 0.961975
485 -1.349
123 -6.79057
652 -0.741333
461 6.05182
541 -0.880676
725 1.3446
404 -13.572
801 29.0604
653 -2.00031
707 2.14746
833 10.7941
1050 39.3793
410 3.55695
1068 43.0898
662 3.48865
1067 46.6172
571 5.82544
1209 16.0958
419 -11.6337
653 -2.00769
682 7.9765
281 8.18219
747 20.4121
526 0.660767
981 21.9744
968 28.1279
566 3.24969
381 5.5675
1030 38.2441
1002 33.3894
808 2.36584
668 5.06036
1036 38.9282
447 -8.06616
433 -1.09122
1019 32.6356
937 22.9677
579 1.18469
457 0.402039
442 0.162842
564 4.30377
647 -2.49451
962 20.6964
692 8.23572
615 0.017334
746 1.65619
345 9.64038
1171 48.5552
1052 -1.84167
492 -1.24866
1076 7.84424
582 3.13177
740 1.11511
872 13.4501
1038 40.0107
566 -0.386475
1099 51.203
727 4.61493
905 15.4352
639 -6.69867
765 5.68634
478 0.00561523
921 1.68701
808 14.1249
630 0.561584
991 30.7175
1049 40.6982
1000 29.9185
849 1.56067
929 22.2242
766 8.9278
595 1.05231
530 -3.7655
856 1.79486
1232 21.0813
500 -0.629181
580 1.14276
949 15.4562
189 16.7569
1070 43.1051
309 -22.4898
378 4.25714
823 -2.90881
896 1.60706
787 1.50354
1040 9.00024
430 -7.48627
891 17.0543
1064 1.54395
790 2.96759
745 1.23688
812 9.6936
768 21.0189
352 1.76187
1079 11.363
941 23.7482
676 7.94482
1133 7.71228
339 7.52869
837 21.285
614 7.47327
398 7.57742
989 4.07581
187 -0.462067
641 0.506409
775 0.620544
1080 48.5742
652 -0.740601
782 21.882
1110 8.82288
867 -29.4382
875 14.322
842 -0.270569
449 -21.6968
899 0.189148
935 21.9713
654 -0.606873
656 1.12494
1060 41.2455
1105 44.0698
581 1.44537
582 1.13391
593 1.24091
743 -1.39081
378 7.35474
620 0.406372
392 6.16354
228 16.7309
811 9.59998
934 16.3658
595 1.05359
876 15.3748
962 21.6416
612 0.242554
778 -1.67542
624 0.631287
958 22.7159
817 13.9172
796 9.45978
422 0.0409546
814 1.80121
593 1.77905
1015 35.1957
683 2.70691
804 8.57428
1079 46.839
522 -0.515015
742 -1.35565
921 1.69012
429 0.88324
774 4.15558
915 21.3447
378 4.31226
611 1.62531
665 -0.220764
979 23.1572
968 28.1503
881 15.671
595 1.05219
461 6.57434
1010 19.9325
753 5.96228
1159 51.2397
518 -6.3537
91 -14.2211
682 5.50867
570 6.13464
478 0.00457764
611 0.971436
908 22.1691
392 6.71616
955 15.4877
702 -0.740417
796 -14.8008
235 -20.8026
577 0.939636
574 3.13568
720 -11.2102
996 29.3986
840 17.7723
942 21.46
679 -0.0122681
1187 60.6847
904 24.8937
450 0.637848
816 -3.09875
754 8.36847
1155 50.3728
568 3.32727
639 -0.195374
649 0.745483
844 -0.1922
925 16.7851
404 -1.47919
565 -1.08032
743 -1.40692
584 1.24152
754 -1.30548
446 -7.63449
331 -28.1357
660 -0.484253
338 7.2438
859 12.9034
882 1.01166
873 15.0468
282 6.897
911 20.4974
921 1.69714
699 2.78455
123 -24.5029
814 2.27515
1068 47.4213
976 12.5536
1096 8.64526
1055 45.4026
736 3.51556
587 1.88416
938 19.7233
704 1.37256
707 1.19348
595 1.05322
723 2.90137
956 15.7571
1159 52.1611
582 4.63733
1115 41.1877
918 21.6519
746 18.3689
838 4.3103
806 -3.96326
654 2.8056
711 4.12402
614 0.247192
533 -12.9392
477 0.238861
1096 41.7369
379 6.67459
1032 38.2432
584 0.0473633
571 5.75854
725 3.38318
333 -24.1791
1070 43.1221
595 1.05499
645 -4.26709
692 5.01117
582 1.1286
695 2.20789
866 14.8575
364 2.98996
555 -0.451233
1015 34.0581
416 6.32281
711 4.09991
777 27.3152
1228 106.253
672 -0.0298462
1019 36.6183
519 -1.10858
982 27.4364
609 0.110779
414 -10.3705
633 -7.14056
593 1.23059
201 -18.4788
745 4.23364
482 1.61935
1175 4.71655
996 29.9293
952 26.6296
474 -2.92889
595 1.05365
595 1.05341
1189 -11.4537
944 23.7521
187 -19.2077
647 2.12115
811 9.50751
202 14.6169
410 3.55557
695 0.593079
493 -1.59619
1064 41.8936
799 29.2536
829 9.27887
1008 31.9255
641 0.271851
1144 53.049
778 -1.54816
659 -0.504578
715 9.04749
641 -5.06848
1022 1.28082
447 -8.07327
1019 37.0701
1187 48.3949
1105 44.0482
719 10.222
613 0.0427856
753 5.96356
840 11.4794
964 20.9543
1228 106.278
747 20.5536
609 -0.50824
966 28.0068
711 4.12372
814 -27.2831
941 23.7357
840 3.8053
976 21.9556
788 8.01544
164 19.2473
593 2.59497
1194 -2.06628
1067 42.1879
297 6.82047
946 26.5158
702 2.42926
694 1.44189
1038 38.9263
941 23.7501
561 -3.12006
909 -0.659729
595 1.05371
173 13.6871
941 23.7463
883 1.2984
704 1.14606
620 0.406433
808 2.35443
767 17.8508
534 -11.3953
989 29.6455
1064 1.2356
737 18.9445
478 0.00570679
965 14.5247
1079 43.2192
383 -13.4181
956 15.749
877 13.8867
794 7.54944
958 22.6185
1059 43.3572
211 -13.1793
404 -1.44449
1076 42.9349
711 4.11871
776 11.327
297 7.42975
883 14.1263
974 21.5408
744 -1.16687
1040 9.45276
940 23.1867
537 2.46423
754 -1.30609
1067 46.6367
567 3.32776
805 -12.4376
722 9.4541
432 -6.27878
125 -38.5014
499 -1.73486
188 0.163681
746 18.0674
703 0.832092
788 8.0177
803 8.30573
485 -0.195343
685 0.593506
152 -19.0778
817 -40.2324
595 0.984924
956 22.689
884 0.189087
1065 41.4067
397 8.44696
1155 13.9427
189 -0.23671
725 3.39874
539 1.76562
888 13.8953
512 -13.8475
581 1.40613
409 -4.98651
378 4.25354
1010 33.4819
1068 42.2643
1130 50.7402
1015 20.7904
241 -2.30521
548 3.06873
946 24.7823
1040 -5.52795
901 18.6641
685 1.25977
595 1.05151
970 20.6891
1117 48.5162
860 10.0162
991 30.7172
609 0.685608
667 0.0559692
335 -24.1727
934 16.376
976 20.9056
788 8.01782
1022 1.29047
550 3.81976
709 9.68341
977 21.9805
609 -1.18005
1096 8.37915
367 6.61392
646 -3.50439
894 24.5286
985 5.20825
642 -5.6806
413 -6.39474
595 1.05164
802 -5.64923
499 0.0766602
670 7.28918
370 8.82266
1019 37.1752
567 3.32733
677 -0.31073
437 -5.30283
715 9.04828
988 29.5057
228 16.7441
806 9.19806
1067 42.1884
1022 1.3006
752 -1.5907
393 6.67987
734 10.4066
784 -1.77521
970 20.8888
338 -6.5517
501 0.764832
696 10.2929
809 9.44824
619 -5.30756
654 -0.619263
641 -5.05103
568 3.32306
864 13.7717
1019 37.3102
946 26.5031
353 -2.62027
988 28.6996
801 8.75989
439 -0.603424
1192 56.4287
894 1.20221
889 16.8444
335 8.64246
389 6.73737
662 0.665039
393 6.28821
180 18.5103
915 21.3371
492 -1.2872
826 10.7578
1162 8.5896
1065 40.3738
54 -1.96655
642 1.66211
658 3.90833
1001 30.0181
309 -22.4885
715 9.04218
970 20.985
398 5.8616
376 5.70398
968 20.9953
557 1.31342
875 14.9851
459 0.35202
827 4.40143
1145 7.08887
875 14.6749
551 3.32861
410 3.55673
711 4.10107
746 -1.55365
462 2.3222
442 -3.01642
615 0.017395
881 1.2821
593 1.31116
417 1.09674
811 9.42224
732 9.45251
1170 47.2531
593 2.59216
713 1.30615
609 -1.17249
321 11.421
462 2.30838
1008 21.0647
740 1.28503
687 1.33575
123 -6.79486
964 21.2882
1203 60.1848
774 4.15564
709 0.107544
821 10.5716
1040 9.45898
746 -4.62134
747 4.33124
921 21.2652
246 13.1523
1093 40.2418
840 3.81653
537 2.45807
1059 42.7659
962 21.2453
420 -11.6151
433 -1.07819
1068 47.4292
1064 40.3524
1059 43.3578
956 15.7548
596 1.27197
553 3.06305
429 0.882568
571 5.70844
1067 44.3198
999 4.48041
603 -1.6637
537 2.35803
1040 9.04565
665 -0.143005
891 14.2148
325 11.0943
844 3.13574
786 10.6971
275 14.1097
730 -1.85229
304 11.619
715 8.86627
171 18.4609
620 0.517212
433 -0.511017
428 -8.10287
154 18.783
442 1.30032
1116 35.5289
891 23.1939
903 15.4872
538 2.43268
592 2.66394
811 1.94263
937 23.4867
817 2.32349
845 11.7064
1008 32.8126
537 0.925781
655 -1.2558
693 -0.392456
696 10.2943
117 31.9385
752 -1.54547
497 -5.09024
724 3.47699
1019 37.1831
391 -14.8839
417 1.09595
1179 3.59399
595 1.05408
404 -1.47723
905 17.8738
580 1.77417
1012 35.1945
496 -5.00464
401 -10.6007
1078 11.5262
987 28.0726
362 12.7701
639 -0.208618
653 -2.14978
350 -1.51358
746 1.25415
888 1.11548
715 8.86646
551 2.48785
869 14.1702
952 15.0126
410 3.55365
568 2.70996
1096 8.37939
446 -8.07245
802 8.47937
590 1.28107
727 10.2598
53 -25.2669
714 -4.30688
433 2.0769
941 23.7404
406 -13.2059
996 29.8853
1203 60.1632
886 16.3188
642 -4.82196
978 5.08459
663 -0.18811
970 12.2899
725 3.3927
392 6.30798
660 3.0874
682 7.93671
1089 43.8
1011 30.5404
1037 -5.94873
597 9.12372
321 11.5256
840 17.8276
768 14.6614
440 -0.568726
963 26.9786
744 9.62811
953 26.5386
1192 56.1082
608 8.55316
714 1.16083
352 1.7634
515 0.0592041
1018 36.8818
788 8.01868
802 6.41046
772 3.82098
790 1.49255
919 17.5643
808 2.37054
895 17.4878
477 0.242554
978 27.7433
768 21.048
1041 9.8573
871 14.1208
969 26.9405
915 21.3456
471 -2.36588
891 0.979248
572 -0.17627
884 0.192749
1050 36.0997
429 10.6193
563 -1.54376
946 26.5164
829 10.524
654 1.12128
340 -9.20709
643 -4.75818
499 0.0701294
461 2.16678
219 16.7095
1059 42.7714
786 0.12323
1092 8.72217
893 0.122314
975 11.0468
924 22.1077
1170 47.2557
424 5.9635
689 1.33917
217 6.2513
1063 1.60437
191 15.5693
378 4.26889
634 0.635681
1064 46.4454
651 -1.55298
499 -0.403595
1050 39.0879
598 0.624573
91 -14.2208
681 0.378479
671 7.27173
949 15.6985
512 -13.9229
641 -0.0316162
965 27.4256
970 25.1702
1068 47.4296
433 -1.07666
707 2.14868
557 3.54395
921 21.2721
989 28.8906
493 -1.6041
896 23.494
619 0.188354
53 -25.2726
1054 39.7429
715 9.04187
838 2.97467
172 18.8582
744 1.26996
1022 1.28369
378 4.31738
808 2.35693
922 21.9482
426 -8.07483
999 31.1233
548 3.06226
673 -1.04608
1228 24.6704
723 2.90125
410 3.55634
836 10.5495
486 0.308868
904 24.8927
859 12.9231
803 -10.7898
442 1.23779
407 7.6344
497 -2.17105
806 -3.96808
579 0.682312
87 40.2493
991 29.7189
738 6.39044
389 -14.9342
595 1.05139
855 3.78864
571 5.77667
669 0.0656738
849 3.65717
972 21.7269
966 28.0175
609 -1.18756
651 0.811096
883 20.2078
16 -61.0726
884 16.0195
655 0.0200806
1082 7.75854
335 -17.1109
774 4.1449
565 -5.53748
1136 8.21436
1038 40.0107
1019 37.306
582 1.13611
652 -0.747009
979 27.9041
1000 30.2532
1082 43.4601
727 10.0175
932 21.639
571 5.65149
727 9.84229
903 19.8799
202 14.6168
784 0.233704
702 2.54095
808 9.18958
190 -15.3817
810 6.11047
585 0.377869
960 20.8978
888 1.46863
977 29.1059
683 2.70996
439 -0.597107
429 0.903381
1000 29.9214
587 1.08258
810 1.22156
955 14.9064
703 0.832947
125 -22.7612
285 13.3363
1071 11.4974
352 1.7897
562 -6.99994
646 1.05701
651 0.425842
975 21.6116
476 0.356384
1049 39.9747
893 17.2147
561 2.94763
1228 106.333
1132 50.7109
433 -0.515869
416 1.06183
683 2.7041
775 25.3262
682 1.18024
801 11.2541
446 -5.6778
836 11.1124
404 -1.4664
582 1.13403
1174 68.4863
309 -22.4918
538 2.42981
54 -12.881
533 -12.9399
499 0.160248
768 21.0229
1055 36.8884
609 0.998291
904 17.7547
499 -1.01324
876 15.3552
511 -13.838
1231 60.4204
1007 32.3223
433 -0.516479
953 24.6229
720 -13.8598
436 -6.87628
818 0.876282
433 -0.510742
594 1.2099
26 -72.2247
1192 -12.6564
466 0.508026
304 11.5456
595 1.05347
245 -2.23029
748 20.5007
1068 47.4299
567 3.32776
378 4.31177
217 6.2439
798 28.8268
190 13.4775
979 23.7112
1140 48.556
462 1.87256
515 1.06409
198 15.1091
683 9.12134
462 -5.49814
180 18.5301
737 11.279
1018 36.9799
433 -4.12936
661 2.68988
429 0.894592
651 0.303955
898 23.6186
404 -1.45676
314 10.972
732 7.62122
742 1.28107
415 7.25269
416 1.83932
584 2.59119
543 3.2901
275 14.109
1146 63.4796
1068 47.4208
332 -29.3912
711 3.35913
117 -25.277
872 13.6324
180 18.5306
707 2.14746
699 1.19135
856 -13.3456
1218 121.704
520 1.27393
969 28.1462
897 14.4376
875 23.8824
921 21.2858
736 3.19757
509 -0.584625
720 -10.4279
642 0.0124512
527 -4.17249
738 3.64624
723 10.1675
850 13.3165
883 15.5042
322 -24.134
740 3.46155
652 -0.744751
754 6.00061
840 17.8036
771 10.0508
647 2.10681
711 4.1239
683 0.334351
923 22.666
1029 36.9578
907 19.8997
187 -0.0341492
753 5.9635
754 8.34619
978 21.4916
570 6.14423
697 1.73389
821 10.5721
815 2.04749
696 10.2941
953 24.5814
798 6.83423
1038 38.8405
684 0.688904
404 -12.7328
327 -23.002
509 -13.8149
382 1.53882
529 -5.05127
645 -0.176086
876 15.3552
981 29.2195
375 13.6778
970 20.7794
974 27.5938
970 25.2491
593 1.77881
925 21.0331
188 -1.40941
720 10.2583
652 0.474915
310 11.3836
671 7.27203
931 22.1134
808 2.36908
568 3.33984
682 6.01495
705 -2.95703
593 1.23792
533 -12.9407
398 -0.30011
536 -14.04
87 44.8667
580 4.54333
478 0.223663
840 17.7761
876 15.3561
379 5.61325
570 5.33429
537 -8.50073
935 21.071
1050 39.0743
393 6.2496
989 29.6451
729 3.47888
393 -4.66437
967 27.7081
797 14.6773
996 29.8964
641 -0.00384521
416 7.12357
599 9.539
374 8.60901
427 2.78067
684 0.689209
1160 52.7468
752 6.93494
972 19.8279
492 -1.73068
875 13.6578
996 29.8777
589 4.05414
750 7.12024
713 1.28613
943 23.5323
577 0.938477
821 -35.3284
645 0.77124
838 3.01025
416 1.05429
654 3.21124
847 4.87256
755 6.05054
785 29.915
965 27.4256
1046 41.9037
889 14.5752
892 16.2938
394 8.2077
1067 42.019
883 15.1853
829 1.58325
593 2.80334
339 -7.37738
576 0.147583
446 -6.71384
658 0.71405
857 5.74847
465 0.333038
998 30.3398
1154 8.82288
1093 39.9973
581 3.27551
989 29.6564
604 -1.58893
984 4.36218
389 6.7373
839 4.5246
165 19.1112
393 6.67984
906 -0.571899
837 21.2849
932 17.5509
537 1.08197
980 27.9595
843 13.1157
389 6.75656
517 -1.70557
578 4.49011
1056 41.2764
521 -13.5771
640 -5.72626
897 -0.0334473
933 16.4659
1022 1.29352
131 -16.8727
723 2.90094
1200 39.5284
110 -24.7389
323 11.5132
548 3.06567
921 1.69507
585 -0.811951
893 17.3176
230 12.8642
1000 29.8883
806 -3.96204
458 -5.24265
441 -6.05441
958 20.9844
786 29.7446
1014 36.0374
649 -1.25708
433 -0.564819
431 -9.8436
228 -16.477
1067 42.1877
720 3.33887
429 -3.04987
1030 38.2427
370 4.55774
1011 36.337
640 -5.43927
969 24.4274
373 8.72153
1010 36.6047
628 -6.29712
774 4.14178
548 -5.90356
958 22.6185
1017 32.4835
438 -6.66721
260 -0.404205
1045 39.12
1051 41.4489
797 9.7323
687 -0.385315
433 -1.07434
860 12.1589
402 5.97247
774 4.1427
449 -5.43063
1008 30.6351
878 14.2242
71 -64.524
926 19.7079
378 4.2652
723 2.9007
520 1.27362
760 -3.36572
1007 31.1808
774 24.1287
349 4.84055
664 0.599426
1012 33.8395
1097 9.16833
1037 39.0055
133 -28.2108
535 -9.95764
738 6.38605
885 0.439209
352 1.76233
661 -0.0748901
1040 9.01233
847 2.6366
977 27.7024
780 11.3857
1054 36.6915
905 18.4017
931 20.8013
1068 47.4059
678 8.07477
985 22.2826
1014 22.2367
913 20.7727
942 24.8857
787 7.08075
703 0.832336
664 0.181213
449 -0.529297
668 0.0546265
642 -4.83783
934 22.5983
664 0.477844
948 19.9589
680 6.02936
968 11.0085
1091 51.0299
1153 9.21301
759 6.77283
664 0.855347
399 -12.8857
771 0.651733
593 2.83447
851 9.41632
593 2.83246
61 -4.43443
498 -8.11868
377 -8.41522
1039 39.1198
834 3.52594
400 -4.03232
660 0.148254
746 1.65594
746 1.6582
647 0.418701
628 0.369202
974 27.882
653 0.36731
946 26.5071
1209 16.0952
425 6.28879
923 18.0576
452 -1.95816
1067 46.618
853 14.2093
746 1.65338
818 2.54706
159 -5.98817
1166 49.9446
674 0.0967407
393 -4.66736
519 -6.00012
603 -1.6604
869 -22.2798
743 2.24878
1032 38.2935
499 0.157715
821 10.572
1047 34.976
797 14.744
754 -1.30365
1079 43.2269
925 22.3009
1015 31.7775
768 21.0502
754 8.35809
389 6.73749
578 0.637634
1109 0.653076
566 4.33868
396 5.71213
778 0.681458
846 13.3699
1015 36.7171
883 15.5472
1153 59.0316
1208 -32.9683
1046 41.8286
909 20.0093
636 -0.365173
1131 50.8142
1022 36.6846
669 4.12396
577 3.94916
1138 52.9902
674 -0.0067749
575 -3.65918
909 0.850342
1019 37.3068
187 -19.2079
1000 29.9191
465 -0.145264
946 26.3078
1037 40.5933
777 25.8508
1216 119.032
972 12.0698
1023 37.0225
955 14.9083
1045 34.7979
918 21.6516
653 -2.07251
846 12.1143
913 17.1956
826 10.7469
963 26.9786
587 1.40417
576 0.934021
524 -6.19739
582 1.34052
762 9.17682
849 3.66052
1027 37.8207
983 4.14081
513 -12.2981
1179 3.66504
975 27.7546
1092 40.6562
907 17.4443
653 -2.00305
932 21.6432
325 -24.2426
963 26.975
661 -2.11377
547 2.04529
241 -2.0952
1006 16.8774
568 0.268372
223 -19.7806
294 -0.905914
652 0.474854
883 16.0035
800 -3.03424
692 5.02661
1007 33.705
973 21.5322
984 28.7463
758 6.15723
879 14.9891
1075 43.3401
440 -1.06433
1068 47.0013
325 -24.9131
433 -0.522614
666 0.882507
512 -13.8482
593 -2.14288
844 1.27777
373 6.09436
566 -0.492737
970 28.2645
1172 48.2675
713 2.26935
191 -0.297806
475 -6.97635
583 6.92816
759 10.2023
1062 41.9181
1019 33.9628
617 -7.03503
787 29.8496
770 24.2368
719 0.402039
856 13.7285
665 -0.106384
1116 9.04346
786 2.07861
388 5.16833
671 7.27136
653 -2.13275
822 27.4329
1119 48.9895
498 -5.13049
771 10.1472
768 5.67554
563 -5.53278
407 4.69809
1009 33.3451
1122 45.0059
1209 16.0961
434 2.00964
102 -22.2273
814 -27.2742
891 -0.892883
370 9.26016
794 1.61438
1129 8.75671
992 30.6832
899 1.80811
911 20.574
573 0.50415
329 -27.1619
81 -15.1293
731 9.85602
591 2.47559
434 -6.94702
591 1.39246
268 -0.579498
414 8.03925
417 -1.83472
663 0.447388
378 4.2626
1002 12.1816
915 16.8326
945 23.5803
481 0.384521
932 21.4905
1217 114.766
725 1.34442
641 -0.173462
1099 41.8359
662 -0.34729
889 15.5809
410 -3.95224
429 0.907043
849 14.5512
937 16.621
696 10.2885
969 24.49
535 -2.78113
520 -1.06995
381 4.94046
596 2.59863
271 12.2532
621 0.376404
312 11.2374
633 1.78851
661 0.466309
626 -6.20868
391 -14.8839
266 12.8853
978 13.1921
806 -3.96924
851 14.4098
956 25.9228
523 -14.7245
1027 37.2195
1174 52.2662
995 11.5927
404 -1.46716
780 11.3841
577 1.1795
634 0.610962
429 0.907806
431 -1.56036
1030 38.2443
1008 14.2786
914 17.0721
410 8.11725
920 17.8148
696 0.605103
414 7.47943
1039 38.8279
965 23.0548
309 -22.4868
497 -2.17102
996 29.93
1029 38.6096
1003 29.9634
672 -0.0268555
592 2.85077
394 -19.4688
908 20.2676
880 23.8693
216 -18.1697
958 22.7163
996 29.8851
489 -0.359863
192 -19.6138
363 -1.5405
568 -0.36084
565 -1.51123
638 0.496704
948 16.1475
976 11.5903
878 20.9955
566 -0.220032
760 10.0198
778 0.681885
845 13.2761
983 21.9604
393 7.7475
873 0.121399
649 0.313232
991 30.6641
645 -0.436584
1015 36.7158
918 22.7926
416 7.07358
372 5.65192
847 5.91968
655 -1.276
555 3.44598
582 1.14075
404 -13.5737
797 14.7451
570 3.20898
408 -3.65417
429 -9.4053
654 -0.60321
571 5.7132
1171 50.2625
564 -6.78931
1043 39.3239
1004 32.3772
1050 39.406
341 -3.23795
297 12.7781
413 -6.38843
826 10.7527
869 15.0444
568 0.169495
923 18.2161
509 -13.8368
1022 1.27411
473 -0.240662
872 0.724365
1192 56.4359
821 10.5724
956 20.3901
1067 42.1003
882 15.3669
1041 20.2512
774 4.15436
788 8.0144
117 -25.2759
890 17.0577
634 0.531555
449 1.33398
182 12.1341
439 -0.584534
282 -1.12814
899 0.991577
251 15.2638
827 -1.56354
576 0.199524
777 28.3807
694 1.49365
1117 48.3163
1153 59.031
480 -8.01303
637 -6.74115
723 2.90112
450 0.532288
785 29.9111
768 21.0286
394 -22.2266
923 18.8631
953 26.2055
826 11.2752
1079 11.2987
548 3.07709
890 14.7546
976 21.8494
268 -0.579224
476 -7.23264
672 1.07269
188 -17.166
628 1.02094
1121 9.30896
582 1.13226
392 6.60083
741 4.41516
371 2.14798
785 0.467041
1031 38.9672
684 0.688599
755 4.16888
721 1.19318
793 3.12769
748 20.4674
493 -1.55576
644 0.289307
809 9.40924
1075 10.2734
216 17.275
1129 8.54822
679 0.550659
637 0.176636
1023 37.6801
972 21.9492
420 -1.57709
214 -17.2397
793 0.910522
190 16.3136
429 0.896484
413 -6.36072
551 -8.39459
157 19.8081
927 17.9482
671 2.79779
633 -6.84253
394 8.896
188 12.8522
1027 37.2189
292 13.0591
1005 33.6116
130 -59.9448
982 28.3116
332 8.72498
1155 50.7976
969 22.4133
679 0.486023
460 0.969513
703 0.832397
537 -2.15649
548 3.07208
1143 53.683
533 -0.625366
1233 105.468
942 24.837
1046 41.8369
475 -0.628082
372 -4.31061
793 28.9055
655 0.454102
182 -18.53
533 -3.53101
662 -0.474243
565 0.192322
719 0.397156
814 9.98175
658 0.402588
422 -4.87021
637 0.456116
444 1.60501
759 -2.36597
645 -4.263
807 8.85437
371 10.0343
593 2.59564
890 15.4015
618 -5.04053
1210 16.0927
420 -11.6255
90 89.3697
921 21.2848
761 10.4157
581 1.41034
475 -6.98172
1038 40.0106
725 1.34448
1038 40.0106
650 0.25415
835 2.6864
653 2.86768
471 0.269653
1140 51.8549
827 -2.1911
861 1.99005
903 19.1917
1004 30.5934
1020 37.3447
753 1.39752
601 -0.253418
661 0.586609
840 3.81958
56 -1.70855
1011 33.3323
194 -18.8833
1104 8.65503
328 11.2541
658 -3.33032
371 9.99515
1031 38.4739
369 10.5248
1081 48.7104
774 4.15509
482 0.710388
635 -0.0888672
620 -5.2207
685 8.47485
699 0.587708
581 1.42145
409 7.23563
946 26.503
429 0.883881
219 -12.8938
759 -2.36731
399 5.336
219 12.316
812 1.09534
1141 49.3016
478 0.139191
958 22.6983
437 2.28326
736 -1.84253
305 8.97345
753 5.96295
1228 106.229
1192 56.0388
993 30.806
844 -0.195557
766 21.7435
483 0.641876
754 8.29211
794 7.55243
542 -8.19489
800 5.97058
768 21.0287
398 -11.1063
986 28.0505
555 -8.80078
840 3.81598
482 1.811
819 -4.22534
485 -4.48074
681 1.18207
604 10.3873
378 -8.63409
711 1.22174
998 32.3242
585 3.84613
796 11.9229
393 6.26736
785 29.9156
1041 40.3816
1160 51.3741
677 0.400574
353 -2.63629
583 1.70752
232 16.6566
684 0.0880127
877 13.7353
944 25.8361
976 29.0328
871 -18.0627
172 -19.7967
1097 8.36023
793 2.31451
440 -0.991974
642 1.05505
885 0.436462
123 -7.04139
518 -12.8302
985 7.87476
598 2.96533
311 -1.92615
935 16.1248
1101 41.4127
1015 36.7166
818 10.096
487 -0.339844
862 24.5582
596 0.654114
946 19.6885
844 11.585
933 22.0561
968 28.1333
428 -8.26352
468 -9.1449
753 8.17572
533 -12.9397
1127 49.2207
754 -1.33167
478 0.0649719
655 -0.589172
592 2.00311
1212 16.4669
642 1.59625
840 3.81616
389 6.73734
1037 38.9918
969 24.3651
207 17.5749
973 21.5165
329 8.76685
1200 39.6514
942 24.773
678 1.24805
570 5.38147
475 -0.627167
704 2.3327
361 8.87405
780 11.384
1049 38.8022
653 -2.13696
569 5.96204
417 1.07333
653 -2.0025
754 -1.30225
157 19.7504
733 -1.54608
621 -5.03052
937 18.6204
312 11.2364
553 3.09235
808 -3.64459
1001 31.4321
416 1.06448
941 23.7452
414 -4.03119
433 -1.11676
590 1.58325
1016 36.1611
330 -23.7412
748 7.60791
543 1.73163
127 -37.5794
822 27.4171
1128 47.8743
768 21.0273
402 -12.3828
504 -1.66821
357 -1.94748
631 -11.1888
982 29.2551
943 24.4417
1034 -9.03271
698 1.84357
1086 49.3933
447 -6.34006
904 24.893
890 16.1705
714 3.0166
671 0.817383
1080 48.5879
935 22.6323
857 3.37854
1085 44.3298
984 28.2365
608 0.086792
475 -0.628143
607 0.0698242
883 14.6979
1013 31.2416
198 -18.3671
670 -0.504395
309 -22.4881
1004 20.6851
1084 9.0199
1030 36.2997
541 -0.694397
935 18.7422
353 -2.61615
856 -13.3813
990 29.1039
658 0.719543
539 -4.9892
840 17.8423
573 0.0872803
957 20.3255
26 -71.0798
663 -0.24884
653 -2.00372
378 4.3223
850 13.3366
941 23.7469
671 7.2713
1048 41.9935
651 1.36755
455 -2.02649
1128 47.8732
806 8.89441
677 0.397217
980 17.4672
734 -0.644653
227 15.4173
646 -0.0698242
140 -36.0818
1029 38.4738
751 7.67657
739 -2.51105
680 4.20752
700 2.38934
711 -3.06281
404 -10.4568
658 0.734619
662 -0.473694
753 5.96307
573 0.742004
851 24.6906
652 -0.746643
586 0.342041
519 1.42798
1225 106.613
681 1.24792
890 23.9962
132 -20.9518
810 6.12885
1064 1.41199
1084 8.67419
484 0.804382
326 11.0616
689 1.27655
605 3.54236
829 14.111
213 -13.6776
413 -6.3949
610 1.81366
807 9.19208
363 5.19446
587 0.452759
547 -5.69135
1221 66.6957
509 -0.584625
869 13.7816
393 -4.67108
974 27.5437
228 15.3921
25 26.2883
732 -2.78705
540 -6.69177
896 18.6313
946 26.5024
881 19.7115
808 8.13983
235 -20.8018
892 16.4948
410 -10.6939
1159 51.0366
512 -13.2452
1030 38.2441
429 0.886719
584 0.818726
449 -21.6425
270 11.7405
363 8.37051
571 0.0886841
897 19.024
577 1.26294
680 8.1817
513 0.385071
376 14.759
654 3.02496
742 1.33527
1096 8.37964
578 0.111389
600 2.26642
366 3.9119
353 -2.61713
164 1.54759
393 -4.66736
412 -2.6088
433 2.07019
422 7.78607
795 8.43677
665 0.165161
947 22.5228
897 17.8408
788 8.01367
958 22.618
1000 29.9428
569 6.14606
1060 42.8136
417 1.07532
832 0.57959
920 17.3488
590 0.559143
416 2.68692
427 -8.32086
413 -6.44528
998 29.8229
729 -6.23645
799 9.20032
924 21.0698
745 -1.96399
1062 40.4719
164 19.0072
1020 37.1561
786 27.3887
401 8.54773
1185 60.8093
1162 48.8933
358 8.96988
775 0.618042
420 -11.6255
801 13.215
745 21.2689
235 13.3401
907 19.9702
882 1.01556
1151 6.15198
429 0.893829
1095 42.722
886 23.4741
232 16.6459
634 0.266479
908 -0.558655
386 -13.4246
1031 38.4796
288 12.9216
932 22.1505
797 14.6885
896 2.32043
1027 37.2194
480 -8.68164
999 30.0841
671 7.27197
1184 60.4342
113 -24.9219
740 8.18909
418 -8.42819
1015 33.8813
393 -4.6669
256 14.1674
948 24.0895
971 27.5928
795 1.42615
884 0.193542
698 2.04944
464 -1.36792
1064 42.129
784 1.94598
1055 40.7019
894 23.1451
389 6.73734
715 1.2597
287 12.8914
753 5.96051
1203 60.0447
544 -0.0377808
941 23.7448
970 21.2702
723 2.90112
368 7.86795
786 27.6767
780 11.3865
746 1.65308
714 9.80206
659 3.04785
712 3.13019
648 -0.139465
827 10.1998
417 1.59698
411 -7.20282
898 19.5198
974 28.8689
942 16.4589
991 30.6416
542 -0.823792
570 5.33539
395 2.6608
996 29.885
352 8.48721
927 21.4111
555 -8.80072
414 7.47214
898 18.6837
968 28.1286
187 -16.298
518 -0.677612
357 4.09033
912 18.9016
506 -0.155457
681 6.03644
822 27.4177
1010 30.5223
1153 59.0292
565 0.22345
928 21.581
578 0.809814
956 15.4871
219 16.7149
952 26.6259
931 21.4019
853 13.4608
395 3.63437
648 0.425415
374 8.75659
749 1.34851
514 -0.0919189
544 -7.89185
996 29.8853
1206 83.3458
396 -11.0285
793 8.47162
738 6.38611
707 2.29919
271 12.2521
666 1.92126
312 11.237
977 28.3087
1175 4.71167
550 0.945435
569 3.2865
499 0.0462341
486 -0.813416
821 10.5722
539 1.18506
589 1.29224
646 1.80176
348 -5.10172
1159 50.6754
963 26.9747
980 27.002
410 2.65857
570 4.23877
1001 32.2894
946 26.5162
815 -23.4356
717 0.0836182
839 10.6677
713 3.43671
814 -27.2793
739 1.2395
580 0.61908
977 22.1219
694 2.45514
727 1.13416
926 21.3602
989 29.0988
1086 49.691
745 1.75922
982 29.4363
402 -12.7617
422 -8.64767
456 0.768402
798 -2.76996
141 -21.4698
789 6.90918
1064 40.3259
688 1.34802
409 -10.7357
806 -3.95636
1048 39.9828
462 2.18198
1068 47.4243
774 4.1416
497 -5.10971
826 10.7518
393 -4.66977
1049 37.5702
252 14.789
1015 36.7175
533 -12.9417
1121 9.30688
353 8.64987
822 27.3926
325 6.89151
779 26.5598
991 31.6662
477 0.242798
827 -1.69513
639 0.348145
994 31.0522
396 2.09882
497 -2.1713
1080 10.6057
680 1.11182
689 2.05292
194 18.4838
154 20.5253
505 -0.387939
827 2.26447
856 13.6649
180 18.5113
1016 36.4376
637 0.128784
41 64.6185
968 16.8126
802 8.7865
393 6.26154
759 2.49725
348 -9.36841
1041 40.3407
1013 30.2074
1067 9.87537
665 -0.126038
444 -6.35074
476 -7.23108
1117 44.2765
515 -0.111206
987 2.6026
1117 48.7159
638 0.399414
826 1.17169
677 3.65735
720 -10.329
533 -12.941
675 -0.270508
395 5.32922
1197 5.29504
574 0.488647
587 0.417419
1115 44.66
556 3.47198
772 0.604919
393 6.27066
393 6.2627
632 0.394714
931 22.6826
398 7.61972
1044 40.0298
949 23.4131
980 28.6241
437 1.80798
524 0.836121
780 11.3843
876 15.3718
802 29.1964
674 0.694092
740 4.60059
573 0.82782
586 2.69446
330 7.79785
892 13.9803
1125 48.6062
910 15.7863
1031 37.9009
151 20.5704
999 32.3562
850 13.3165
299 11.6457
449 -21.6624
542 1.45099
580 1.81769
1016 36.3976
995 3.5434
662 5.11151
460 -0.776611
1029 36.9633
357 3.54684
425 -7.54352
477 0.243317
986 28.792
523 -9.78424
1054 42.7025
677 0.545349
834 10.6655
954 20.3596
605 10.4055
500 -10.7719
539 1.59558
780 11.3793
735 -2.23444
1079 11.7574
572 4.40997
395 9.00748
602 7.58612
750 5.83942
433 -1.78543
353 -2.62
850 13.3373
718 -2.91541
892 15.0928
673 0.504028
171 18.461
533 -12.9408
1047 38.9224
903 19.0614
862 11.1023
1050 39.4048
635 -6.81287
738 6.39154
784 6.76459
677 1.01831
939 15.9672
848 21.1534
471 -2.36575
554 2.51672
539 -0.178284
1132 22.2827
934 15.6732
378 4.2662
232 16.6358
1067 42.1882
333 -24.6954
414 7.51965
1045 37.6031
721 1.14197
548 3.07129
554 3.35754
889 16.8098
390 7.40311
737 18.9999
693 -0.391541
566 -5.70703
941 23.7457
877 16.8914
478 0.0635071
991 31.666
1014 31.0315
996 29.8682
619 0.188354
529 -14.6194
515 -0.0552979
942 20.0658
980 13.1817
873 -14.7287
555 3.34271
521 -14.1735
331 8.10345
519 -14.1992
1010 32.8627
467 0.100006
475 -6.97717
453 -0.79953
788 8.01556
447 -7.81018
339 9.92447
992 29.612
833 11.9118
837 21.2826
952 20.1475
531 -14.3494
764 20.6624
640 0.666321
1019 36.6182
707 1.26019
189 -17.8186
512 -1.42319
1203 60.0323
144 -22.959
831 0.609924
1027 37.2197
365 3.02692
351 -3.70215
666 -0.046875
1121 9.30701
410 3.97009
888 24.1
359 5.46045
475 -6.9733
449 -21.6964
653 -2.00537
275 7.87598
694 1.21857
735 1.28766
464 -7.46057
379 6.22638
504 -0.503906
851 10.3865
575 0.914978
736 16.8479
684 0.689148
1059 41.2129
606 7.862
483 0.152191
220 -13.2878
661 -0.863708
919 21.3618
513 0.857788
631 -3.94171
353 -2.62793
805 8.93719
676 5.02582
569 6.05359
1167 8.7063
393 6.26736
334 10.8652
395 9.06232
839 10.4729
690 1.33356
528 -3.87952
971 25.3058
395 1.11395
1030 38.2444
212 17.5009
478 0.0110779
685 1.43958
883 14.4979
946 23.953
180 18.5124
678 6.24567
353 -2.08087
328 11.2615
954 14.8278
921 16.7677
966 28.0067
808 2.35614
389 6.7374
572 0.272217
398 8.20453
578 1.25714
391 7.8667
664 0.735718
765 1.49805
268 12.3897
585 -0.811829
309 -22.4869
1130 9.71313
131 -64.423
239 -2.03831
822 3.29633
333 8.09814
393 -4.66766
573 0.751892
1076 43.2019
237 -1.59586
312 -1.77319
950 15.686
942 20.8297
719 0.398682
595 1.05536
282 -1.32779
404 -9.74475
519 -11.1234
857 13.9456
407 -4.10181
490 -3.09146
986 28.6226
991 30.6862
407 6.24454
587 2.33282
821 32.9645
54 -27.4626
626 1.03436
328 -27.664
493 -1.84113
600 -0.667236
414 3.46274
1009 30.4113
292 7.16574
606 -0.195435
777 26.7424
434 2.60846
371 5.48611
929 21.5819
996 29.9313
1019 36.6178
676 0.160583
524 0.865417
1096 8.38037
439 -0.594482
1040 9.09692
970 24.8175
629 0.368896
908 22.164
644 1.57208
389 -14.9603
1121 9.30762
519 -11.1028
1058 12.0845
645 -0.155762
447 -6.35928
716 -1.16492
1068 47.4176
328 11.2543
1209 16.1094
1034 39.4062
1198 59.2622
437 1.40118
743 -1.81097
983 29.2081
1015 36.7156
132 -63.2284
619 0.188416
729 10.3618
501 0.0475464
589 0.16626
309 -22.4872
393 -4.6713
874 13.4958
389 3.6402
577 0.796509
381 -2.82263
367 -3.3728
908 22.1679
641 0.463745
553 4.42804
507 -3.25812
1228 38.6768
672 -0.2724
302 -3.96942
1079 11.2994
830 3.74048
296 -21.0857
840 3.80115
1166 49.9462
569 -4.76117
451 -3.13049
965 27.4233
429 0.897064
758 5.95667
976 28.6037
1119 48.326
754 -1.35345
497 -7.27493
391 -14.8839
576 0.85437
855 -7.95581
996 29.9066
555 3.73413
391 5.12997
908 22.1597
660 1.63983
529 -4.28766
948 19.8221
312 11.2368
595 1.11072
814 -27.2739
1062 2.05078
758 6.18066
297 -21.8212
614 -4.00391
202 17.6817
401 7.78156
9 -2.21697
1020 35.5774
1160 51.3743
612 0.377197
699 1.87457
651 0.424438
1231 60.4164
1239 60.5962
1012 31.1157
207 15.635
208 17.6044
895 16.7437
366 0.651917
806 -3.96106
449 -21.6899
970 25.0814
579 1.33771
896 22.8193
1011 30.6929
407 -10.6992
1003 7.6806
701 1.0246
339 -1.09293
134 -49.3552
760 1.52045
322 9.53174
1069 45.9041
693 -0.392212
83 -14.3263
691 4.99304
297 12.7774
555 -8.80042
785 27.2346
992 4.65601
606 9.20251
416 -3.68143
424 3.31686
551 3.45209
449 -21.6523
969 24.6793
305 -4.98459
715 1.30328
1004 21.7545
422 7.12384
582 1.13306
54 -12.8804
143 -68.2551
187 -19.2076
447 -5.96933
575 -3.65912
398 5.86572
1166 50.0044
1008 20.1487
789 4.90881
339 -6.1138
948 16.6421
1133 50.6705
144 26.1027
1160 63.0333
1079 43.199
1121 9.30627
501 0.797363
959 27.0133
385 6.05161
1162 8.59534
514 -0.0939941
537 -8.3078
996 29.8853
1024 37.4171
625 0.0358276
1214 17.2401
411 1.91763
487 -0.340546
227 16.7802
799 8.59961
763 3.60889
399 5.70752
65 1.84229
282 7
501 -0.798096
1019 36.6177
816 1.57806
409 1.99695
393 -4.67511
1062 2.06067
958 22.6989
658 2.82935
520 -13.4836
801 8.64539
787 5.46594
122 10.9684
461 2.25958
1098 10.1968
946 26.5187
895 17.617
735 9.12213
1009 33.3441
1178 53.2615
652 2.59528
799 8.29736
572 0.42511
638 1.51782
725 1.34442
1056 42.8156
351 6.06088
648 2.00452
749 7.48389
533 -12.9415
361 3.81992
1214 114.236
1033 18.9965
951 16.6959
1010 19.7639
962 27.2783
221 -9.52431
389 11.5459
86 -29.4333
754 1.38165
642 -8.83221
952 26.6306
448 1.75119
760 -2.89911
433 -0.524872
598 2.30737
821 10.572
136 -36.6316
222 13.7574
1050 39.3813
506 -2.42984
1160 63.033
834 10.3643
965 27.4278
353 -2.62619
262 13.3531
877 18.3594
828 2.62555
887 16.6931
677 -0.242126
1221 111.867
637 -0.379395
353 -2.6138
554 2.97406
355 2.8287
54 -28.2783
778 0.680176
544 -0.331421
655 0.765686
429 0.906677
780 0.973694
1211 44.9714
1019 21.7534
633 -0.526855
433 1.53696
1038 21.8859
802 1.5058
334 -24.7624
592 2.6593
1030 38.2427
459 -3.13403
513 -2.05341
337 -6.75668
378 4.31393
478 0.0645447
239 -2.09767
970 29.0621
532 -3.18634
1166 49.9457
996 29.9012
507 -0.800964
283 6.91119
25 26.5052
1208 55.3424
449 -21.6958
1025 37.4314
1030 38.2445
294 -0.905487
1002 14.95
1031 37.0568
261 13.6365
619 0.188232
1215 17.3605
376 9.17361
433 -1.07016
780 7.06464
683 0.613525
401 6.65973
171 13.5902
447 -6.36212
744 1.27863
715 0.725647
1064 41.6398
579 1.18195
575 -3.6601
398 7.62067
1051 41.9969
413 -6.38269
877 0.707275
921 1.69623
227 16.7804
1201 24.2124
566 -0.330872
575 -3.6593
341 9.95187
682 0.00317383
495 -4.64423
387 5.12753
874 0.0543213
519 -11.0603
697 2.60992
1233 105.581
613 -2.20111
593 1.23883
896 19.473
413 -6.45874
900 18.934
192 -19.1394
398 7.11008
1237 92.2117
857 13.9485
1001 7.19452
636 -1.04608
1008 33.3335
669 -0.252502
840 3.81635
746 1.65466
716 1.16241
1099 41.4919
392 -2.93945
378 4.31494
1009 30.7103
130 -29.847
755 0.927185
1160 51.3768
81 -11.6896
546 2.33997
788 8.0177
443 -1.74222
921 23.2507
484 -11.2626
549 2.46478
455 0.157928
680 0.618225
722 3.45782
380 8.05566
65 -1.68886
573 0.542114
816 1.77063
433 -0.0296631
851 24.6912
492 -0.531311
544 -11.2967
414 7.4989
163 -20.1202
859 9.07733
555 3.43555
1090 8.24011
474 -3.63025
688 -0.076355
743 1.13171
521 -14.9406
653 -3.54565
567 3.3526
320 10.6601
379 -1.61322
872 -20.4009
952 24.2878
449 -21.6977
508 -1.77441
1167 49.5961
1092 8.89539
309 -22.4883
1227 82.0514
808 2.35114
353 -2.63812
359 8.2038
868 -1.48785
184 -18.8432
367 2.98108
433 -1.08203
316 -1.28986
433 -0.524139
752 -1.59369
919 21.6438
918 22.4739
1004 19.8743
444 0.925873
965 27.9702
967 9.32916
536 -14.2028
546 2.26801
1041 -6.0083
984 28.3499
257 -0.856812
431 -12.1381
560 3.85767
365 1.95651
554 -1.2334
638 1.45496
511 -0.218964
806 9.12384
519 -0.33252
557 1.29651
674 0.884277
492 -1.10782
524 0.891113
582 3.98541
511 -13.8849
680 4.61072
533 -12.9391
935 22.9672
1199 -0.403198
491 -2.25784
736 3.54865
476 -7.23508
1144 49.9226
345 -2.24884
352 1.76547
547 -0.092041
605 8.96356
1014 31.0336
931 22.1387
991 30.5184
1031 38.4769
792 7.92871
865 0.015564
1054 40.6721
1169 49.4716
429 -2.63742
1009 30.5786
746 1.65479
651 1.84729
389 6.73724
755 8.55756
582 1.2016
227 15.4288
335 -21.4463
429 0.883911
950 19.8709
1013 31.5736
670 1.02509
797 14.7762
505 0.54184
809 1.22638
455 -0.730713
1045 40.1005
417 1.63315
393 6.27844
559 3.12408
675 5.71637
483 0.384766
593 2.28009
378 4.32281
466 -8.8566
138 -31.6844
312 11.2365
792 12.3403
805 8.76746
711 8.74243
467 -0.216248
674 -0.629517
392 -19.6913
446 -5.70688
719 1.10669
334 -1.12106
329 8.52612
398 7.8288
485 0.0362854
874 14.7173
1056 44.3589
578 1.18365
217 -13.5148
1145 49.9773
614 0.0359497
739 7.39966
1092 43.673
660 -0.319885
639 -0.729248
132 17.0844
414 7.496
144 20.4799
1022 22.7504
1209 16.1375
818 17.0111
915 17.5151
565 -5.53778
578 0.52832
341 -3.02972
53 -25.2743
210 17.5931
778 6.91748
446 0.20163
709 0.107056
609 1.19775
412 4.49045
348 -1.99371
1068 47.0015
353 -2.63211
282 7.00253
312 11.2365
744 1.94604
498 -0.600311
454 -3.15207
382 7.61716
1074 43.0945
476 -0.0409851
914 20.4177
723 2.90118
453 -3.68481
582 1.74377
1078 48.0879
328 11.2525
768 20.964
417 1.0921
1240 82.4102
410 3.55511
593 2.8432
393 -4.66885
541 1.35229
773 0.782471
426 -9.0921
370 8.84213
432 -0.430389
809 1.30792
821 25.1589
409 2.47076
732 7.59686
6 -2.34146
429 0.885345
555 3.4444
312 11.2366
422 0.513031
393 -4.67282
778 1.31451
725 5.83777
553 2.7226
983 27.8022
383 7.9696
1023 37.0696
278 11.6879
763 0.648193
939 24.0151
1005 35.7817
895 1.91449
583 1.64337
847 12.6373
299 10.881
1055 11.676
1089 13.5453
648 2.18835
279 -1.30969
561 1.61224
862 25.3304
919 16.7073
434 2.41144
336 8.51761
1007 34.9041
762 1.58307
1086 48.6709
1096 8.37891
506 -13.825
481 1.7583
447 0.328705
1218 125.665
553 0.652466
557 0.87854
999 5.01453
1210 11.9904
94 75.5099
379 6.44824
1079 11.7719
511 -13.9065
965 27.4261
856 13.7302
578 1.18396
447 -6.36423
990 30.4375
837 0.831787
449 -21.6587
493 -4.43564
375 5.41986
1035 39.4077
359 9.31995
1144 7.01404
429 0.885376
227 15.308
887 19.6977
640 -0.25238
799 -39.3823
544 -0.644775
1088 44.4557
974 21.7244
515 0.0665283
432 -1.11172
906 23.0369
1165 47.6086
428 -1.47195
632 1.03632
645 -0.173279
1209 16.1133
474 -2.92886
649 1.62164
119 25.0862
1166 50.0079
1171 10.6637
899 18.0806
145 -45.4789
767 21.2103
1221 66.7257
814 -27.2579
1131 50.814
164 1.72719
574 0.561584
469 0.654327
1082 43.8284
394 9.004
230 11.1212
158 20.5639
797 8.44073
1098 10.1915
1147 64.0756
1009 36.7457
829 8.1825
402 -7.48196
1015 36.7186
597 2.72321
958 22.7153
946 26.5134
283 7.90189
865 14.0923
312 10.6515
474 -2.92886
839 1.04681
1146 53.0269
999 32.2563
420 -11.6269
762 1.32721
743 2.25366
140 -21.1814
766 21.3027
576 1.01343
752 -1.80719
608 1.7041
708 8.2854
159 18.6066
555 -8.80023
955 26.5967
1121 8.9541
1105 8.77222
678 0.331787
654 -2.09332
582 1.96765
785 6.33514
974 23.7345
509 -0.647736
1155 13.8876
577 1.41382
476 1.07294
575 -3.65912
901 19.4153
1214 17.2998
932 22.6165
1022 1.284
933 -6.51544
391 -14.8839
651 0.424011
906 -0.490906
417 1.6333
946 26.5161
538 2.44116
668 1.06317
620 0.406372
850 9.94666
716 -2.51263
904 17.4643
1098 10.1903
857 13.9457
835 11.6753
669 0.943176
292 -1.57367
671 0.0546875
85 102.016
30 -11.4206
359 4.457
849 12.669
955 14.9063
783 0.991211
633 -12.4327
840 1.05157
248 -0.828262
802 14.2555
1175 51.3364
435 1.02206
198 -18.5109
633 1.11914
1130 9.64062
684 1.33405
746 1.65308
378 4.32147
555 1.15814
406 8.49557
988 30.2426
511 -13.8375
961 27.6002
822 13.8832
525 1.45624
991 29.2869
555 3.41309
1091 51.0311
990 30.2815
1086 50.0177
1050 39.4061
334 -13.6518
834 9.00549
980 15.7117
1155 13.8822
354 5.80414
375 6.23022
242 14.7021
475 1.05045
839 12.3721
862 1.22443
316 -24.2745
555 -8.80023
520 -13.0096
519 -13.5456
239 14.9461
555 3.43158
1117 9.04053
774 4.15198
701 1.20471
778 11.0685
960 26.9153
56 17.9582
571 -1.56921
1140 14.2959
71 -64.5637
746 1.65057
498 -0.506042
713 -0.303284
164 1.56081
296 9.19608
653 1.83783
1043 21.2103
1034 21.5269
569 -5.39246
996 29.9058
1121 9.30652
798 1.56854
897 17.9639
509 -0.487
1050 39.4067
1016 33.4478
6 -2.34431
860 5.16583
689 1.3078
26 -71.6303
1068 46.9989
986 28.8561
15 -59.003
1178 67.3729
1038 40.0106
1182 59.0439
544 -6.56653
441 1.30563
418 -9.34198
1046 41.8375
1228 38.5835
808 2.3504
268 -0.580292
196 -17.8798
774 4.14191
1122 50.3647
342 -2.87637
985 22.4739
1134 49.8666
1145 49.9768
927 -6.9967
494 -1.34525
775 1.32751
353 -2.62216
498 -5.11908
466 -6.80295
58 -22.2339
363 2.76196
510 0.933197
282 7.00558
180 16.3714
320 -0.81778
769 10.0746
978 28.451
985 29.5947
532 -3.09753
514 -0.943604
987 30.7345
684 0.685303
385 14.7816
748 -1.1192
808 1.31934
774 7.18658
452 1.76007
1087 42.3004
792 5.17255
593 2.27008
576 0.101807
1098 10.1929
788 2.78101
733 1.29022
715 1.08124
1084 48.9645
413 -6.44574
477 0.298981
893 18.1578
393 -4.67355
765 9.45312
231 9.34845
786 0.586304
671 0.983521
481 0.414429
223 -13.1167
644 0.666992
770 1.33893
511 -13.8364
863 25.7202
364 2.94104
1036 39.1393
1022 37.0878
651 1.36615
229 13.5946
509 -13.8404
864 25.3559
1209 16.1716
1096 8.38379
1180 54.379
859 18.6813
347 -10.1365
1019 37.3147
926 20.1017
526 -6.79529
558 -4.55676
366 0.0694275
1084 48.5742
489 -0.206604
488 -1.68265
662 -0.166016
1098 10.1934
294 -0.905518
995 31.3226
688 1.93219
627 -6.49426
389 6.73737
425 -7.06827
661 0.0985718
214 13.8329
1102 47.257
1125 46.7324
859 12.9031
720 -5.94983
955 26.2935
446 -0.880127
454 -14.6423
327 -27.2511
449 0.701874
224 14.5927
1160 63.0354
640 -1.00171
839 0.503723
923 18.8523
1188 59.99
575 -3.65894
841 12.8764
378 7.35703
991 31.668
1215 121.211
672 0.221863
643 -0.143433
295 7.73782
150 -19.7933
540 1.23029
533 -12.9399
123 -24.5058
1180 54.9596
374 7.37531
649 0.249207
888 17.3278
1079 11.3043
687 -0.399048
429 0.878662
1139 14.6985
91 -14.2358
521 -11.0032
641 2.16821
842 2.82941
301 4.55893
1099 41.496
153 20.6197
967 27.7079
891 0.0755005
611 0.584351
1060 40.6647
742 -0.985352
439 -0.60202
698 1.3114
633 1.3233
709 3.29718
420 -3.73898
1048 18.9668
1007 34.5791
730 6.34167
402 -4.63229
1000 3.77795
990 30.605
354 4.74805
558 1.21198
464 -3.59491
788 8.01825
405 6.55093
1004 32.5885
999 21.2072
826 5.08936
1000 29.919
1100 47.9374
536 1.33551
724 -3.59521
671 -0.482239
144 -22.9581
1052 42.5635
883 19.2464
379 -8.76974
496 -1.09436
1174 52.2812
952 20.2028
1081 43.8285
158 19.761
660 0.596375
749 1.32172
1072 44.1976
766 9.48724
464 -5.09537
951 25.6795
950 16.2881
970 25.2854
994 23.9668
518 -13.2647
219 16.9202
599 2.23431
412 0.84967
1231 60.4196
693 -0.391663
1155 13.9434
819 0.523132
1081 48.6503
1162 8.46472
755 0.927246
1144 49.9271
900 19.4355
1035 37.9
1209 16.0962
1049 42.2872
1046 41.8356
292 12.9923
345 -7.22906
437 -9.55045
775 0.618774
932 21.6569
451 -2.13895
471 -3.87372
826 10.7469
1033 38.6805
1047 10.2688
826 10.7476
984 28.2966
378 7.3566
292 13.0126
711 4.12347
1057 44.7112
919 21.6412
805 0.940125
635 0.740601
1200 39.4979
1038 40.0109
622 0.0244141
429 0.8862
569 -4.54382
40 -54.2269
545 -4.44965
725 -2.19623
585 -0.813721
574 1.62897
895 18.3627
1068 47.4299
1181 56.1937
1123 48.068
498 -5.13446
275 14.1074
655 0.537903
847 13.3984
173 -20.2642
929 22.9217
973 25.5499
658 2.94635
1027 37.2188
955 15.4819
398 3.00082
181 -21.3682
655 0.532715
993 30.7989
981 29.0535
892 -0.560486
181 9.05025
445 1.00787
842 11.7109
372 8.55295
413 -6.46481
325 -0.384033
851 1.17609
585 -0.813843
175 -19.4882
1041 40.3433
493 -1.0799
557 -0.755371
990 31.4129
1014 34.321
755 0.927063
858 2.85529
362 45.3202
797 14.7551
606 10.2702
999 31.0741
796 1.54645
245 15.2875
653 0.761292
1217 115.448
700 1.83398
476 0.356445
1097 8.36194
