515 2.58002
605 1.3504
831 22.5779
783 26.6216
582 1.26923
765 23.5284
502 -1.05603
844 4.98492
563 1.46497
563 1.46503
502 -1.05615
777 25.4695
893 17.1232
785 26.3187
765 23.5292
845 23.8909
765 23.5287
831 24.3046
904 11.9847
828 22.9648
786 26.3152
582 1.27502
794 28.999
861 16.9523
538 0.249878
840 21.2969
535 -0.0728149
515 2.57996
514 2.58478
560 1.26239
862 16.7519
842 21.4683
451 3.64114
939 18.8665
629 1.89087
538 0.248596
984 2.81189
584 1.19763
451 3.64151
463 0.274658
628 1.90063
828 22.9722
862 16.7519
828 22.9644
371 -10.5616
368 -10.106
182 -43.8835
116 -40.3852
842 21.5485
858 4.72986
514 2.59418
514 2.58423
528 0.840332
846 21.4523
862 16.751
828 22.9692
630 1.87311
463 0.274811
568 0.516052
630 1.81531
361 -12.6799
309 -5.70935
337 -13.4352
538 1.05005
431 0.639099
828 22.9628
869 6.57727
861 16.9521
693 4.48834
630 1.82831
308 -5.78369
828 22.9705
582 1.27502
371 -10.5579
677 9.44312
630 1.82452
173 -44.4406
520 2.49481
794 28.9989
845 23.8906
577 1.25128
431 0.639801
431 0.638977
840 21.5898
192 -27.5829
538 1.05066
802 29.2856
288 -0.166565
451 3.64139
944 3.05652
1045 2.65076
893 17.1229
568 0.515991
693 4.49139
353 -13.5574
817 22.9368
568 0.51593
843 5.02338
904 11.9877
602 1.42975
538 1.05011
560 1.26208
463 0.287689
572 1.35553
363 -10.335
560 1.26239
858 4.73004
618 1.44788
861 16.9521
629 1.89081
535 -0.072937
361 -12.6785
893 16.3876
873 5.08167
802 29.2857
364 -9.29202
843 5.02368
364 -9.2923
116 -40.4196
689 2.22174
184 -43.749
817 22.8163
309 -5.75259
708 14.4753
844 20.8021
591 1.23871
424 -1.97437
697 4.91205
688 10.3369
619 1.48566
828 22.973
376 -8.38416
765 23.5281
831 22.58
944 3.05652
535 -0.0731201
231 -40.7371
845 20.8555
525 0.931335
757 5.35864
730 7.10791
179 -44.5475
337 -13.4357
893 16.3859
651 1.75488
515 2.58002
884 5.2995
116 -40.3867
630 1.84369
198 -41.2996
805 28.9026
246 -20.4876
751 21.6459
858 4.7301
785 26.3192
192 -27.5173
802 29.2862
831 24.2808
233 -10.5604
233 -10.5587
535 -0.0731201
984 2.59277
843 5.0235
364 -9.29187
882 4.5152
619 1.72131
404 -2.2688
858 4.72992
406 0.59549
602 1.4223
828 22.9727
568 0.515869
535 -0.0731201
798 27.8527
535 -0.0728149
520 2.49561
831 22.5805
514 2.59406
199 -41.2813
628 1.90002
406 0.595459
831 22.5803
404 -2.26859
226 -44.4881
226 -44.4901
523 1.05542
226 -44.5008
890 12.871
560 1.26215
604 1.367
364 -9.29172
1045 2.65051
520 0.991943
560 1.26221
226 -44.4983
858 4.7301
765 3.64801
750 19.9705
364 -9.29193
535 -0.0731201
845 23.8911
454 3.47769
254 -12.3504
431 0.639313
862 16.7517
1213 49.8903
903 11.9461
939 19.5509
326 -12.0815
560 1.26233
903 11.9473
904 12.0067
802 29.2853
1045 2.65051
881 3.94482
284 -14.3956
845 23.8917
192 -27.521
226 -44.4971
504 2.67773
602 1.42847
595 1.23517
843 5.02368
548 0.99292
233 -10.5587
326 -12.0826
1159 9.47595
889 17.5285
615 1.46771
560 1.26215
273 -15.4866
884 5.29907
226 -44.521
463 3.60187
904 16.9363
230 -40.7076
697 4.91174
868 16.7424
233 -10.5581
478 2.6084
233 -10.5606
858 4.72992
182 -43.8835
730 7.15332
697 4.91223
697 4.91174
515 2.57996
502 -1.05624
522 1.05127
535 -0.0731201
883 5.33972
730 7.13
777 25.4694
379 -8.03116
371 -10.5594
794 28.9989
862 16.7516
716 3.48669
708 14.3016
671 1.77271
288 -0.16864
606 1.39185
843 5.01678
828 22.9707
8 -0.307023
602 1.42151
406 0.595306
802 29.286
271 -15.934
893 16.3865
631 1.65472
119 -18.9051
893 17.123
502 -1.05624
750 19.9792
1159 9.47632
538 0.249573
513 2.61963
893 16.3869
844 4.98474
786 26.3149
233 -10.5604
288 -14.0439
765 3.71448
984 2.81183
502 -1.05658
827 4.74335
851 18.9211
116 -40.3843
233 -10.5583
862 16.7511
697 4.91168
818 45.2179
750 19.97
254 -12.3499
861 16.9523
750 19.9678
173 -44.4408
903 11.9464
560 1.26184
431 0.636505
858 4.73004
184 -43.7494
248 -26.5869
944 3.05652
692 10.0323
256 -26.4003
424 -1.97644
903 11.9464
602 1.42957
716 3.47412
308 -5.784
233 -10.5581
847 21.4816
671 1.77625
502 -1.05673
308 -5.78378
628 1.89966
1219 65.3669
828 23.677
844 4.98492
424 -1.97913
893 16.3871
750 19.9771
708 14.4753
119 -18.9051
560 1.26221
462 3.29288
488 0.670288
364 -9.29367
1149 9.17371
619 1.51337
939 19.5481
116 -40.4141
747 20.4487
463 0.274963
502 -1.05606
364 -9.29214
463 0.274841
1149 9.17419
337 -13.4358
730 6.36987
504 2.67728
270 -15.4729
462 3.29282
1238 47.6604
1066 3.50696
560 1.26239
546 0.735779
921 14.9136
903 11.9464
861 17.3409
723 23.5121
939 19.5526
861 16.9523
364 -9.29178
535 -0.0731812
828 22.9636
607 1.39099
884 5.29993
518 0.740662
443 -1.24036
671 1.77924
250 -26.4896
818 45.2242
1219 65.2407
847 21.6102
719 11.3243
845 23.8939
802 29.2853
602 1.42035
462 3.29312
939 19.5527
602 1.42969
230 -40.7047
210 -29.392
858 4.73279
502 -1.05569
693 4.49054
694 4.91498
903 11.9462
708 14.4749
868 5.23029
672 1.68549
364 -9.29239
502 -1.06033
560 1.26221
288 -0.165894
1149 9.17407
455 3.4375
8 -0.306458
984 2.81177
173 -44.4406
297 -14.263
382 -5.09961
504 2.67865
875 5.31348
418 0.511475
730 7.13
364 -9.28976
652 2.41638
337 -13.4345
605 1.39185
504 2.67886
309 -5.70947
444 0.637024
893 16.3865
1090 4.26538
765 3.62457
549 0.940186
535 -0.072937
337 -13.4361
939 18.4858
921 14.9142
730 6.35779
231 -40.7396
230 -40.7093
463 0.274506
828 22.9629
672 1.71863
119 -18.8931
210 -30.0485
337 -13.4347
353 -13.5569
831 22.5802
631 1.65454
754 20.6569
514 -1.33807
406 0.595245
672 1.71869
631 1.65466
404 -2.26862
628 1.8996
708 14.5895
275 -0.372864
208 -39.6218
8 -0.304697
153 -34.9557
563 1.46497
742 7.53326
1187 9.90283
250 -26.4902
502 -1.05664
871 5.06567
230 -40.7088
230 -40.708
991 41.9818
184 -29.4703
404 -2.26831
239 -10.3529
152 -34.5969
212 -14.2778
640 3.88239
560 1.26215
270 -15.4999
308 -5.78415
364 -16.5716
582 1.26862
984 2.58069
765 3.62488
595 1.23639
380 -7.98849
104 -26.3961
538 1.05084
250 -26.4897
308 -5.78375
593 1.33661
463 0.274689
540 0.727478
760 5.83887
116 -40.4196
986 2.50128
672 1.70575
752 20.3009
535 -0.072998
132 -27.0313
893 17.1227
329 -11.9348
119 -18.8931
288 -0.165924
361 -12.6788
845 21.4649
478 2.60852
59 22.8382
915 32.3123
678 6.17249
939 18.8667
1237 51.7742
116 -40.4112
777 25.4694
173 -44.4409
830 12.619
1045 2.65063
424 -1.97705
1155 9.34839
845 23.8913
502 -1.05551
60 22.6468
119 -18.8928
754 20.6646
406 0.595612
1045 2.65076
802 29.2861
697 4.91174
985 2.5188
754 26.5306
845 23.8945
424 -1.97961
754 20.5112
130 -26.8454
758 21.056
616 1.44702
716 3.48627
119 -18.8935
703 -4.10016
754 20.5112
531 0.822571
944 3.05627
765 3.70367
230 -40.7078
226 -44.4949
250 -26.4894
273 -15.0217
361 -12.6798
602 1.42993
538 1.05072
535 -0.0727539
1149 9.17419
630 1.84509
250 -26.4892
8 -0.30481
747 24.8248
984 2.57849
308 -5.78427
447 0.758362
382 -7.96796
807 -4.51428
1212 49.245
905 16.1987
264 -19.9811
850 18.3049
918 7.52374
267 -15.6935
754 20.5107
765 23.5288
576 7.3855
226 -44.5359
811 19.1711
364 -16.5724
754 20.5111
1165 9.27039
754 21.1456
873 16.7194
327 -12.063
333 -11.7778
361 -12.6794
463 0.274628
520 2.49597
563 1.46484
119 -18.8928
745 20.8591
1052 3.85364
592 1.2486
818 45.2214
828 22.9714
730 6.36053
750 22.1697
686 26.8113
754 20.6478
893 16.3853
520 2.49493
794 28.9993
700 7.40485
917 6.0249
254 -12.3507
506 -1.44803
754 20.1318
268 -15.5061
754 20.2163
716 3.48663
708 14.475
931 15.4114
219 -10.4594
1066 3.50684
116 -40.3868
371 -10.558
376 -8.38409
955 18.6045
364 -9.29208
1224 64.2107
729 25.3748
364 -9.29199
667 3.58972
502 -1.06073
750 23.913
631 1.6546
879 5.56238
851 12.7037
800 2.82605
935 3.51398
918 7.52972
991 41.9877
751 20.2084
631 1.6546
681 9.97839
828 22.9715
874 5.21149
823 16.019
119 -18.9051
250 -26.4895
427 -2.0593
855 18.0364
753 20.4172
517 0.510986
765 23.5283
562 1.20245
1233 58.4526
693 4.48834
831 24.3033
512 2.62036
424 -1.97876
382 -7.95609
807 -4.53082
786 26.3148
512 2.61841
535 -0.0727539
385 -7.22525
755 21.0734
748 23.1047
184 -29.474
818 45.2181
760 5.83984
152 -34.5918
119 -18.9051
760 5.83893
749 23.8147
681 4.05524
192 -27.5785
364 -9.29211
388 -8.13309
288 -14.044
322 -1.28909
667 3.59088
548 0.831787
755 20.7444
502 -1.05557
495 -0.632141
750 22.1697
871 5.34784
929 15.8192
955 18.6047
792 27.2551
116 -40.3801
116 -40.3879
707 12.9487
208 -39.5183
754 26.5253
127 -43.3763
730 6.35138
1159 9.48145
672 1.71875
750 20.1618
651 1.76337
267 -15.4049
855 18.0056
915 5.85614
693 4.49054
288 -0.168671
855 15.3155
765 3.71216
309 -5.70929
1090 4.26501
355 -10.6842
794 28.5631
695 9.94507
703 -3.69037
935 3.51398
757 5.40521
808 26.0852
858 4.73004
667 3.59064
560 1.26233
364 -9.29202
985 46.8481
689 9.67322
903 11.947
834 35.7452
502 -1.05927
250 -26.4897
538 1.05072
630 1.58185
116 -40.4082
893 17.123
863 16.2159
884 5.29529
288 -0.169373
116 -40.3828
628 1.90009
855 18.0135
502 -1.05637
131 -26.8131
878 5.39258
729 25.3906
119 -18.8928
748 23.1049
346 -10.2615
491 2.44821
1187 9.9032
872 5.36621
288 -14.0435
939 18.486
504 2.67807
749 23.8146
813 37.9184
749 20.7062
199 -41.2817
855 15.5561
254 -12.3502
535 0.743652
347 -10.4747
562 1.20227
828 4.83484
165 -15.7328
119 -18.8935
364 -9.29205
719 11.3276
791 27.6968
226 -44.4907
754 20.6745
986 2.50134
855 15.9977
383 -8.004
846 17.926
512 2.41656
119 -18.8932
831 22.5804
693 4.48846
404 -2.26849
819 21.1112
402 -9.4064
790 27.8183
116 -40.3856
783 5.62183
309 -5.70938
392 -9.74048
355 -10.4938
866 17.642
754 26.5252
106 -34.8099
268 -15.5171
477 2.60373
184 -43.7495
869 6.57605
90 -38.1677
785 26.3193
514 2.42957
748 23.1048
779 26.569
765 23.5284
736 8.60376
765 3.69916
804 23.5682
986 2.50183
335 -11.3224
859 15.6276
551 0.98468
1008 42.8052
765 24.0579
346 -10.325
748 23.1047
97 -50.6787
355 -10.5946
1212 49.2645
424 -1.97433
682 4.37109
749 23.8147
1045 2.65076
828 22.9708
750 22.1699
813 37.9376
686 26.7957
939 19.5483
562 1.20184
396 -9.50693
43 0.409103
119 -18.8923
723 23.4949
491 1.82556
168 -29.1432
870 5.16168
853 13.0542
153 -34.9567
730 6.97449
250 -26.4896
119 -18.8934
765 23.5296
693 4.49127
853 19.1945
480 1.00659
555 1.0816
808 7.27673
502 -1.05661
517 2.43335
754 20.742
935 3.51398
631 1.53046
502 -1.05481
576 7.39996
754 20.7511
627 1.83691
862 16.8088
809 19.5648
244 -10.7541
348 -11.144
560 1.26227
546 0.851135
897 17.627
846 22.1618
761 9.67047
477 2.6041
136 -54.5049
984 2.57812
450 3.75983
473 2.3642
631 1.65472
326 -12.0815
855 16.3328
818 45.2182
833 35.9636
431 -0.610413
353 -13.5582
226 -44.5466
618 1.51581
818 22.2881
676 6.15906
520 2.49463
179 -44.5475
455 3.67224
90 -38.1676
795 27.336
686 26.8068
725 41.7054
777 25.4695
881 18.2985
504 2.67874
873 16.7198
893 17.1227
424 -1.9758
762 9.50623
893 17.1227
1100 3.27625
860 16.6628
449 3.80511
854 42.2419
953 18.2468
535 -0.0731201
685 4.72736
875 1.14508
872 5.22577
97 -66.4585
939 18.486
979 52.1139
537 0.759644
463 0.274872
723 3.66138
60 22.6502
358 -8.23608
862 16.8084
701 13.3386
918 7.54144
689 8.71838
199 -41.2819
179 -44.5476
371 -10.562
755 20.4952
141 -40.4838
184 -43.7494
549 0.769043
765 23.9496
667 3.59113
631 1.65466
683 10.1566
116 -40.4173
805 23.6428
1226 59.1176
43 0.412495
116 -40.4093
780 11.7591
862 16.8096
807 -4.52295
361 -12.6789
364 -9.28992
1124 4.01147
1100 3.27612
1154 9.38086
725 41.7314
808 26.0626
875 16.941
861 16.9522
343 -11.4236
116 -40.4217
477 2.60382
792 27.637
725 41.8046
787 9.45563
512 2.61774
796 27.324
792 20.9001
119 -18.8936
754 20.7872
493 -1.37769
807 -4.5354
845 23.8914
719 11.3251
90 -38.1681
788 27.2328
794 28.999
1194 10.2272
452 2.79022
785 6.09833
640 3.88245
873 7.11139
800 2.82538
457 3.42215
169 -51.0577
404 -2.26855
999 23.6644
827 15.4805
401 -9.44589
765 3.69897
1219 68.3422
751 20.7497
233 -10.369
184 -43.7494
477 2.60406
783 10.5269
509 -20.086
855 18.012
344 -11.387
579 1.35571
697 4.91174
861 16.9523
525 0.0858765
944 17.6384
888 17.7338
538 1.04999
875 16.9907
796 27.3242
515 0.112061
582 1.26855
90 -38.1669
671 1.77588
790 27.6931
881 18.3
184 -43.749
955 18.6053
326 -12.0851
780 26.4403
707 7.50543
852 20.051
495 -0.849457
161 -36.0013
872 5.31744
918 7.52979
680 9.82196
605 1.35052
431 0.636108
346 -11.1938
116 -40.3851
1056 3.14246
377 -8.00806
1136 8.68213
881 18.3009
743 9.95996
991 42.0276
1005 3.41266
729 25.376
802 9.09729
353 -13.5592
363 -8.32693
619 5.01514
342 -10.8737
512 2.62024
736 41.6023
97 -66.4566
123 -26.1488
754 20.5614
618 5.0083
810 36.3288
973 14.7222
184 -29.4613
918 7.87592
590 12.4992
351 -10.278
874 5.20807
875 16.9911
560 0.958862
499 -14.5022
452 2.98154
602 1.42914
851 16.4928
640 3.88251
674 26.5886
21 -0.110714
765 23.5295
881 18.3004
182 -43.8835
838 23.1158
824 21.1566
697 4.91187
979 52.1081
302 -12.6286
635 10.4346
484 0.670746
1159 9.4762
869 5.21643
959 -10.0952
708 7.81921
97 -66.4541
184 -29.4808
821 24.4177
951 18.4835
342 -10.8739
891 17.8502
804 23.5693
432 -16.5939
776 3.83441
844 21.2818
1051 -53.3586
605 1.3504
512 2.70801
503 2.69873
619 5.43481
856 16.2733
1218 69.2314
619 5.44373
705 12.522
833 24.733
60 22.6497
749 20.706
918 15.1705
893 22.1109
690 6.25024
727 15.4023
816 26.396
629 1.89093
287 6.37808
875 1.15155
124 -64.0282
589 13.6158
109 -55.0229
602 1.42108
749 20.7065
177 169.101
746 20.5182
606 8.20532
602 1.42975
827 0.283447
765 23.933
827 15.4666
560 1.26239
725 41.7546
620 13.6189
894 16.1722
503 -17.9114
727 15.4196
693 4.48828
396 0.596741
770 25.0201
588 11.6185
153 -34.9588
833 36.0077
1156 9.40674
831 22.5809
783 6.04645
114 -59.4874
323 -12.0422
743 10.1655
704 12.9532
513 2.4425
184 -43.7492
875 1.14172
619 5.44507
406 0.595215
782 26.6227
783 6.0437
897 16.0738
547 -4.19421
939 18.486
581 1.41626
1088 2.50476
399 -9.50995
293 10.6662
462 3.29288
754 20.7336
888 9.39661
523 -0.45459
592 1.33313
786 27.2808
683 4.64069
139 -40.7092
545 2.41559
851 15.7341
835 23.2213
512 2.6181
629 1.89197
309 -5.70932
972 7.7337
749 20.7062
765 3.4071
939 18.486
918 7.53015
131 -55.8813
379 -7.97687
690 4.62341
629 14.2955
885 17.3588
613 1.43176
741 10.1832
737 10.089
725 41.7354
884 7.41919
345 -10.3982
488 2.65784
871 7.71393
439 -1.30234
723 4.08832
825 36.6028
1066 3.5072
683 9.75922
688 8.74915
1170 9.61865
700 7.02588
818 8.0127
1066 3.50708
379 -4.54843
801 21.0593
576 7.38965
713 11.4672
845 19.3361
928 18.6104
1020 44.6522
749 20.7061
782 26.7825
643 -10.5242
614 13.3481
391 -9.44995
1020 44.6631
184 -29.4812
846 20.851
231 -40.7375
729 25.447
874 7.76825
847 20.7139
810 26.852
863 2.55414
207 -48.4564
575 1.24762
613 3.9137
689 6.92493
500 2.71289
885 17.5623
984 2.5813
254 -12.3507
765 3.70099
680 9.79346
884 17.5905
725 41.803
547 -4.28784
97 -66.4573
123 -26.1487
700 7.39343
1100 3.27563
727 15.4074
781 6.96539
835 11.2563
742 20.9731
818 45.2177
668 3.698
800 2.82495
750 22.1699
847 20.0468
1042 3.9342
1020 44.6537
915 32.3124
835 23.4244
216 -20.9708
1238 47.6674
739 24.5967
999 23.6605
843 5.02374
389 -8.00568
955 18.6052
828 22.9641
525 -0.379028
786 26.3148
873 16.7193
783 27.3961
792 20.9005
591 3.63043
713 8.41675
1238 47.671
33 -82.4708
804 23.5733
729 8.27118
311 -1.12201
804 23.5731
486 -12.5663
444 -6.67215
789 11.0916
939 19.5508
863 2.45984
699 5.26654
875 6.87726
326 -12.0832
233 -10.3708
723 4.0882
268 -21.3139
77 0.606911
327 -12.0633
1171 9.72314
829 0.293945
890 14.9775
503 2.70627
765 17.9459
807 -4.52753
773 25.9294
754 20.7439
810 36.3101
368 -13.3691
754 20.7314
731 16.7836
831 0.20697
267 0.134705
693 10.3548
597 -14.0623
727 15.4032
788 27.5571
918 15.1644
619 5.41864
790 26.9297
683 4.53851
826 37.3563
306 -12.8992
879 18.4991
808 26.0723
873 16.7198
1165 9.26917
598 7.31232
882 17.4457
739 8.11359
741 21.1968
340 -11.1938
676 29.126
754 26.5247
762 21.9509
690 6.69257
781 7.12445
880 7.13885
872 6.24268
768 25.5665
405 0.669708
175 -43.9687
807 -4.53333
834 35.1163
-2 -51.0356
184 -43.7493
738 8.92358
859 15.9423
708 12.9351
291 10.369
781 26.6529
1165 9.26965
678 11.7681
634 1.67426
576 7.56091
478 2.60852
29 0.367577
233 -10.5603
918 15.17
568 0.51593
398 -13.7702
545 2.38513
406 0.595428
693 4.49115
754 20.7454
545 2.32086
818 45.2214
851 1.36823
621 14.1794
686 26.8262
1194 10.2313
801 6.40247
669 21.564
955 18.6052
727 15.4025
831 22.5804
693 4.48767
474 -13.5807
871 16.2266
872 16.2834
176 -51.5804
545 2.40723
606 4.23798
768 25.5643
313 -0.951508
863 16.1376
313 -12.3109
999 23.663
827 0.317383
504 -19.146
819 9.16498
339 -11.354
597 -14.0538
633 22.0027
672 3.7467
502 -17.7678
695 9.93536
877 21.3617
673 3.76489
381 -18.9987
8 -0.304449
867 23.5158
842 23.1694
697 4.91199
689 8.6521
486 -12.596
737 17.1437
773 25.1978
1238 47.6639
686 26.8068
844 4.98499
662 20.7753
489 2.49213
535 -0.0731201
652 15.5854
672 24.1741
922 6.4668
579 14.5826
672 28.4923
768 25.5668
361 -12.6788
27 -1.36877
366 -13.3741
851 1.375
705 30.5667
234 -16.4601
742 -11.4095
875 16.9911
918 15.2994
486 2.59171
875 16.9122
597 0.474731
230 -40.7075
862 2.88702
174 -44.0187
174 -43.965
1065 -8.7384
668 11.0336
640 15.5977
231 -40.7397
173 -44.4408
627 1.52783
794 7.06482
999 23.6622
772 25.9692
727 15.4152
486 -12.5952
356 -12.8904
287 5.70981
660 9.4455
649 10.2835
444 -6.67068
648 10.4689
805 23.6489
597 -14.0677
581 -0.611816
694 11.2966
503 -17.8494
1146 9.2052
259 -18.5577
751 22.5231
1066 3.50708
787 9.73431
754 20.7315
343 -11.3934
822 25.1682
708 3.51178
730 13.7612
875 16.9344
780 23.2583
833 35.9963
677 30.7272
640 3.88275
754 26.5303
867 23.2625
616 16.6309
1174 9.88171
97 -66.455
514 2.5863
783 27.3967
966 17.5265
598 -0.35498
387 -7.97598
876 27.8403
128 -42.3561
754 20.7499
515 0.0435791
729 25.4343
845 23.8917
192 -27.5792
576 7.38794
378 -10.6115
783 26.549
647 13.1427
613 1.39709
706 32.0992
818 23.8683
808 26.0872
679 33.5677
675 34.29
303 -12.9904
304 -12.945
833 35.9727
667 3.58954
897 16.0733
746 6.93335
199 -41.2814
625 23.7155
768 24.6589
686 26.7546
119 -18.9053
652 15.6248
610 9.0921
754 20.7501
820 25.0406
226 -44.48
1185 15.5521
490 -0.903046
184 -43.7492
738 20.9905
856 17.7537
667 3.59094
580 14.0946
571 5.94806
906 17.2667
662 8.37097
750 19.9726
820 10.2964
801 27.7581
748 23.2301
932 17.0746
885 17.334
785 27.2462
805 23.653
823 -6.88446
486 -12.5942
553 1.42255
905 14.5967
184 -43.7491
638 10.0822
666 4.82379
450 3.76868
302 -12.9153
701 6.51184
703 31.6286
617 4.50275
113 -18.7782
133 -27.0861
589 13.7811
819 20.0823
640 3.88275
793 26.0588
729 25.4243
756 12.1082
226 -44.4805
666 4.953
652 15.6066
451 3.75909
860 16.4431
652 2.41614
504 -8.85486
462 3.29358
918 15.1791
947 13.9693
430 -2.72046
749 20.7064
902 17.366
783 27.3945
209 -13.7768
939 19.5938
954 12.7155
209 -33.6129
326 -12.083
1190 10.2484
807 27.9402
582 1.27252
819 23.9911
669 24.5904
640 15.3729
804 23.5685
180 -43.8979
304 -11.248
576 7.38794
1231 56.5231
672 28.7891
617 15.4562
528 -14.7297
130 -53.1751
341 -11.4117
703 31.6139
1187 9.90295
939 18.8672
465 0.312622
1149 9.17407
804 23.5683
691 10.0557
754 20.7224
623 12.9344
592 7.16315
278 -14.9602
697 4.91193
736 8.36499
600 1.79968
652 2.41602
652 2.41632
693 42.1929
695 9.90369
893 16.2449
878 17.2076
903 17.4855
868 15.4335
205 -39.9693
708 4.04816
652 2.41577
571 5.9649
652 2.41632
523 0.471619
839 23.0097
557 12.1096
30 -80.1337
563 11.3713
520 2.49609
618 1.61713
577 7.83807
1193 3.59326
640 15.3835
428 -4.535
672 6.0224
780 25.7278
1146 9.18152
583 3.56165
652 15.6298
614 3.03516
355 1.99765
450 -1.08554
288 -14.0436
719 3.82086
250 -26.4904
872 11.6729
297 29.7201
428 -12.0296
944 19.8323
826 37.3677
454 -12.638
1100 3.27588
826 37.3593
842 -1.09857
645 8.15228
689 8.81354
562 1.20209
951 6.62
487 0.0684204
465 -14.9143
649 1.90906
839 22.2201
610 4.23474
562 8.19354
657 16.0795
686 4.70209
794 28.9992
854 5.75104
730 6.35846
485 -1.30209
1073 3.73315
663 12.7484
576 7.5401
633 14.2165
727 15.4075
506 -8.8045
1005 42.7546
782 25.7922
444 -6.66446
803 27.7303
351 -11.3649
309 -12.6583
517 2.71033
309 -1.24023
231 -40.739
668 6.11462
301 -144.447
656 15.6887
370 -25.3315
660 5.48126
640 15.3851
607 7.76599
897 17.5693
28 -74.0778
695 9.94611
662 4.92413
646 9.55566
796 27.324
177 169.099
376 -8.38422
817 22.2318
1020 44.5503
875 7.51562
945 18.8752
689 8.79303
429 -1.96768
652 15.6025
844 4.98499
425 -11.7826
783 26.9632
849 19.6697
492 -17.9896
689 8.82391
575 3.27209
638 9.22705
674 10.3981
810 36.3104
429 -2.03281
731 4.31482
486 -12.5792
810 36.3308
703 25.229
759 8.92682
385 -10.6805
403 -5.00095
617 4.3244
610 10.67
179 -44.5476
723 13.4202
646 3.67218
414 -11.6456
509 -20.3582
227 -10.6292
983 16.8259
1020 44.6451
595 8.48376
306 -10.9659
851 15.9668
621 -21.5828
645 1.86725
1020 44.6459
944 17.7051
509 -20.9001
885 17.3245
640 15.3717
623 1.54816
625 17.7329
485 -12.5125
690 10.7584
918 7.54761
785 27.2866
116 -40.3814
444 -6.67279
887 17.7034
844 21.2698
421 0.593933
821 24.8723
739 10.575
833 35.9875
688 8.72913
671 6.7677
488 -4.98428
726 8.50848
790 19.533
143 -52.1778
544 0.689819
610 9.34839
741 3.79724
750 20.538
651 1.76331
684 14.1464
688 10.2938
409 -0.400726
700 4.27252
580 2.33429
749 20.1215
164 -49.9387
760 15.3851
792 20.6868
697 4.91211
678 39.0928
575 -204.046
844 4.98499
772 25.6363
745 20.4747
726 4.16156
480 -9.77979
582 -1.83362
603 7.19812
509 -20.3595
707 12.4285
1173 9.90625
711 19.711
288 -14.0437
688 8.74194
400 -5.2179
503 -12.1338
917 15.2099
630 24.2319
834 47.4326
846 18.9644
995 3.31219
311 -12.5207
560 1.26215
640 10.1119
905 17.2872
872 31.7152
1020 44.647
664 -5.09644
1027 3.53125
1227 58.4883
855 16.7605
738 17.1207
678 33.9296
314 -11.8728
594 1.22083
713 14.016
777 25.5164
783 27.3947
765 3.34399
473 4.19409
176 -51.8645
679 10.1776
509 -20.3684
781 6.9906
693 4.65387
854 16.6946
727 8.39374
590 7.8736
813 37.9071
453 -0.913696
37 -82.1368
261 -81.3796
456 -0.948944
463 0.274841
302 -11.7097
949 19.4914
1236 48.1611
646 8.08044
656 15.63
746 7.45111
693 4.4881
863 16.2724
1066 3.5072
507 -21.4869
668 5.79163
765 3.49493
623 13.0032
625 1.7511
807 19.0529
647 1.76282
699 44.6439
826 -3.17114
807 -4.53064
523 -18.701
776 18.492
844 4.98492
783 27.3947
775 18.3959
955 18.6053
442 -1.06659
232 -37.2
1007 51.856
666 4.92242
521 0.422485
581 7.00476
687 4.52155
90 -38.145
750 19.9725
1054 4.14709
491 3.16492
508 2.70242
706 31.9984
667 15.6897
619 5.46655
528 -14.4262
691 10.8625
377 -10.5
709 11.7805
623 12.6507
345 -10.5319
359 3.92624
804 23.5732
922 5.48352
400 -5.1134
817 -1.36877
538 1.05078
1238 47.673
669 23.1892
1124 4.01147
786 26.3148
344 7.01282
714 13.661
701 7.20551
780 25.7278
827 0.0245972
354 -5.90585
845 19.5114
725 20.3618
713 19.0414
984 6.67419
829 0.291138
758 11.812
593 -36.4086
666 5.58405
783 27.397
833 35.982
502 -10.9258
675 30.5439
855 18.0087
939 19.5482
456 -11.5403
446 -13.3703
843 5.0238
400 -5.44623
619 5.42682
780 25.7277
795 24.1971
529 1.23877
475 -16.6393
689 8.70508
654 16.3911
730 6.862
442 -14.8345
689 4.59473
630 1.84546
827 15.4677
434 -0.974548
470 0.397552
763 14.9841
642 9.07831
514 -2.20728
1170 16.7268
444 -6.67191
780 25.7277
560 6.63214
36 -82.3521
1051 -53.473
838 5.39325
723 15.7191
498 -14.0997
231 -28.4676
506 -20.4483
689 8.78516
475 4.89426
979 52.1192
175 -43.969
1045 3.96484
654 5.49377
852 16.0383
1100 3.27637
592 7.24805
807 6.11499
897 15.3758
875 1.14838
243 -10.0348
311 -1.11859
690 4.60516
632 15.0323
688 8.73279
366 -13.122
520 2.49603
924 7.20966
843 5.02356
761 21.3181
651 1.76337
918 15.2988
179 -44.5476
504 2.6788
812 35.1294
667 3.5907
730 6.31598
765 23.5283
379 -17.362
432 -16.5992
1051 -53.8674
821 18.4118
587 6.05774
875 1.14398
767 26.2169
921 14.904
523 -0.424194
703 31.6039
444 -6.67624
879 17.2177
585 3.5282
577 7.80121
430 -4.44086
641 8.76978
984 2.81152
442 -14.842
918 13.3738
808 6.9989
712 18.0499
776 18.4937
1187 9.90295
406 0.59552
780 25.7277
745 19.1573
640 15.377
547 -4.23492
798 28.196
658 16.9565
617 4.45758
599 4.64838
933 14.2068
934 14.6277
689 8.79285
727 15.4163
804 23.5687
843 5.0235
589 9.36218
119 -54.6841
490 -3.4679
675 34.8216
660 19.2813
818 7.66437
619 5.43292
610 4.22418
364 -16.5693
1021 3.50751
783 26.8562
834 35.3456
1197 2.29004
343 1.98605
610 10.0438
301 -12.9349
653 4.3653
184 -43.7492
682 11.4116
768 25.5648
750 20.538
675 7.01953
640 3.88239
403 0.974548
844 4.98517
881 17.4733
565 14.2094
781 25.6478
503 -17.5598
666 11.0248
939 18.4858
767 24.4827
123 -26.3233
800 2.82703
754 20.7434
851 1.34131
413 -6.97089
503 -17.7898
879 18.3481
262 -15.6435
824 0.144653
483 -19.0095
342 -44.246
329 -88.3528
928 18.0432
640 15.3644
689 8.81958
819 18.0449
507 -21.558
535 0.70166
518 -0.0454102
843 23.2939
456 -0.96524
597 -14.0477
918 15.1738
826 37.3579
514 2.58551
813 37.9068
471 -14.158
855 13.3809
301 -2.3006
768 25.5649
603 1.57568
518 29.0604
646 3.9646
647 11.3731
341 -11.3954
763 17.6425
642 1.94244
897 20.1416
824 18.8312
765 3.34229
897 15.3886
694 4.91541
1073 14.3827
615 11.7607
666 10.3775
898 17.7276
578 1.72296
743 20.2939
229 -16.9371
517 0.480713
828 40.0118
424 -11.8211
306 -13.0232
640 15.3889
410 -7.85648
783 6.04419
441 -11.0332
855 18.9015
616 4.25775
712 13.8685
830 4.8064
792 20.7564
690 4.49719
562 1.20251
442 -14.8391
699 32.0042
174 -43.9729
576 7.45831
727 15.4025
547 -4.29651
769 25.6835
524 -16.1514
730 6.52924
456 -0.951416
489 1.27222
581 14.3593
715 7.72253
442 -1.4794
400 -4.52835
821 24.5347
627 16.7682
630 17.0765
438 -34.3994
827 15.4687
198 -41.1581
783 27.3969
826 37.5106
648 11.5657
389 12.4628
846 4.35608
731 21.5029
727 15.4177
416 31.8339
381 -19.2732
364 -9.29224
624 1.84229
350 -10.4648
714 18.7759
462 3.29303
332 -119.8
1025 3.53992
834 35.2836
547 -4.25336
354 -10.4837
906 12.053
777 25.4695
330 -34.2051
777 5.90448
855 18.0077
652 15.5897
90 -23.9055
497 -16.4945
765 3.69891
188 -44.5143
815 22.4693
918 15.1575
673 29.0299
112 -26.2209
940 13.9175
869 16.4141
528 -17.346
457 -0.457642
801 27.6077
1238 47.6736
632 14.3635
713 19.0628
880 17.3059
689 8.82721
1238 47.667
637 10.0707
853 0.0477295
827 15.4739
621 -14.0756
507 -21.1236
365 -8.51538
881 17.626
797 6.02637
918 15.3232
662 14.7633
908 12.5195
991 42.0138
368 -0.369385
729 18.4313
697 4.9118
999 23.6579
485 -12.5013
560 6.14349
693 4.4906
810 36.3063
650 1.82837
683 13.5978
654 16.3043
858 4.73004
673 19.3459
59 22.7199
855 18.0483
686 35.2833
486 -12.5673
785 27.2466
585 -11.9747
640 3.88257
517 0.489807
826 36.9676
228 -16.905
587 15.8879
652 15.5967
592 7.21063
819 27.7594
734 8.31433
640 3.88287
553 -1.95593
794 28.999
689 8.69629
623 -19.8287
854 -1.1936
808 26.1263
175 -43.9696
224 -45.7988
607 5.90509
918 15.2972
577 -1.04126
121 -18.9573
727 15.407
656 4.07886
824 25.3635
442 -10.8545
818 45.221
637 8.02197
670 5.72723
890 17.0022
868 17.1989
700 12.2756
792 20.7828
680 10.13
576 7.80316
715 3.73059
959 23.0129
918 7.53143
1239 -1.28003
410 -2.92416
520 2.49603
825 40.8017
642 9.92554
582 12.9326
873 31.1003
146 -43.4035
708 4.5022
237 -22.8908
828 39.6542
655 3.24371
894 16.4435
730 5.06531
377 -10.6
615 1.50885
656 15.6302
618 13.7765
695 9.94684
735 21.457
268 -15.5179
629 19.2282
939 18.4859
631 6.05646
678 39.6919
706 31.7334
746 19.356
693 4.48846
438 -34.3947
821 1.43066
808 6.93335
768 25.5657
754 21.4055
835 48.2786
695 9.94678
502 -18.1962
842 4.17487
232 -44.0738
851 1.37207
479 -16.341
672 8.85815
693 4.52716
743 21.3981
884 5.29498
560 13.1782
645 3.30609
875 1.14203
233 -10.5602
573 1.19537
892 11.1934
512 -4.70529
517 -1.18298
642 6.78864
389 -9.41953
954 12.715
399 -9.47855
359 3.71158
636 1.57874
482 -15.3004
924 7.20929
644 1.47278
767 24.5233
415 -8.2363
145 -63.9188
494 33.7791
360 -9.78909
508 -21.0169
1051 -54.0277
921 14.9121
653 4.50653
486 -6.69864
360 -8.34247
730 27.7822
265 0.475769
654 4.3421
716 13.6657
834 35.4427
1021 3.50757
488 2.01767
592 7.15131
1057 9.68567
697 4.9118
727 15.4177
918 15.1111
430 -5.95218
510 2.49542
524 35.6873
1065 -7.06421
414 -9.01019
751 6.0462
489 -0.876617
309 -10.5666
651 1.75354
142 -57.2259
479 0.149628
818 45.2227
535 -12.3727
400 -4.97244
954 12.7128
958 31.0858
711 12.19
364 -0.577087
657 3.7406
295 25.9824
873 17.7372
692 10.7676
721 3.94458
273 -16.2189
416 -12.2864
472 -15.0465
706 32.0018
1005 20.1177
450 -16.755
955 18.6052
528 -14.4105
651 1.76343
625 4.91071
317 4.13562
597 -13.6995
683 10.058
342 -3.01685
731 21.085
189 -49.2966
444 -6.67279
665 36.1661
703 31.6294
395 -2.06934
447 -11.3619
516 0.0241089
640 3.88281
712 19.2651
621 6.07721
858 4.72998
781 6.99701
858 4.7301
1069 -22.0945
449 3.45419
1052 -6.13489
657 14.7346
509 -20.1751
649 6.99823
174 -43.9645
1001 3.42767
817 20.3168
591 8.30615
689 8.79382
644 8.85156
351 -16.6955
377 -10.6976
807 -4.5351
748 20.6199
716 14.4874
363 -13.2944
731 21.4072
617 13.4076
714 12.6861
229 -10.5406
642 4.83832
805 23.6631
400 -5.29214
829 0.11261
486 -12.5975
32 0.0541
406 -8.66379
796 18.4666
406 0.595306
772 25.6369
444 -6.65659
958 31.1434
198 -49.3631
867 23.5168
664 5.17853
736 21.1362
638 11.6843
151 -56.3026
867 23.5126
468 -0.506378
644 -4.68811
712 19.2659
441 -14.6458
751 20.7499
610 1.32819
688 10.4759
906 14.7302
727 15.402
420 -9.97687
1036 -10.001
830 34.4536
680 11.6998
421 -11.7816
301 -143.625
736 17.1902
905 15.2912
391 -9.52115
583 -7.88275
506 -21.2349
261 -111.309
681 9.84686
419 -13.8133
502 -17.8078
966 55.8388
552 -2.37817
301 -144.488
638 8.5376
939 18.4858
675 6.16699
798 24.9454
1189 9.85974
765 3.36871
797 14.1796
440 -8.59351
1069 -22.0959
642 9.78363
812 33.284
680 12.1822
828 15.67
646 4.50739
95 -23.7298
442 -14.7483
815 9.87952
486 -12.5814
301 -144.453
678 8.95795
236 -10.4606
347 -13.424
485 -12.5049
813 37.9109
874 5.23383
867 23.8875
560 5.90015
640 3.88275
775 18.4775
898 16.6227
312 -10.114
809 30.6061
547 -4.19244
1081 14.6429
738 7.87903
756 21.5287
577 -14.8806
872 16.3204
348 6.20575
855 18.0104
648 3.01581
792 20.9006
711 12.3712
702 7.92157
727 15.4016
338 -11.4644
599 33.5338
665 21.2379
652 15.6088
843 -2.48462
749 20.7064
751 13.1754
904 12.245
627 12.0942
442 -14.851
224 -46.0071
400 -5.121
395 3.59653
405 -8.6778
584 -8.49304
24 6.25935
815 35.5303
833 35.9686
421 -12.7361
411 -8.03217
809 19.5151
597 -13.6194
557 -231
371 -10.5625
630 3.5116
660 8.1969
997 3.61182
439 29.7636
656 15.6678
370 2.94955
657 4.24799
500 -12.1544
818 45.2231
408 -12.4939
715 29.1447
616 13.6069
708 14.4742
577 -1.04181
325 0.652008
419 -7.5079
463 0.274384
979 52.1246
763 17.0233
752 11.415
601 1.33466
931 13.7545
422 -6.89713
693 4.55481
526 -19.6376
408 -21.3321
783 27.3937
817 23.1512
395 -9.67807
782 9.92664
123 -26.3271
652 12.0406
650 14.1599
248 -9.44434
966 17.3762
1234 -0.596313
736 28.6086
638 8.63544
657 5.35681
477 -5.13168
469 -13.7677
486 -0.671997
655 1.95508
640 7.23083
775 18.5673
764 22.084
880 18.2253
783 27.3946
436 27.8302
921 14.9038
659 5.47845
1051 -54.0112
971 15.1215
830 12.6207
422 -5.9899
527 37.7857
673 8.85919
782 26.4805
735 22.9149
718 2.02148
485 -12.514
805 23.6707
645 1.5033
232 -29.0862
425 -11.7862
504 2.67804
904 17.8134
444 -6.64905
427 -1.95609
875 16.9904
851 1.32605
750 20.538
813 37.9066
480 2.89093
700 20.4791
860 17.4451
577 -1.04108
845 23.8909
825 40.306
468 -15.5935
576 12.7589
568 2.21893
187 -49.5762
716 16.4695
400 -9.63919
503 -17.7641
317 3.98145
384 -0.142212
358 3.9733
327 0.947144
503 -13.5042
666 7.88977
1149 9.17432
688 8.85077
918 5.95764
230 3.46852
381 -16.9573
688 8.73242
689 10.9853
958 47.9875
191 180.879
640 1.99261
652 15.6022
376 0.844666
103 -30.2411
436 -1.68268
963 21.1979
838 -0.81842
668 23.7214
830 12.6186
184 -29.4729
406 16.2545
717 8.64972
827 39.5481
979 52.116
618 13.5931
667 8.11841
593 5.63824
804 27.1552
491 2.66913
444 -6.65445
1170 16.7336
878 7.27039
628 10.5449
376 -8.38422
595 31.8932
545 2.39111
483 -0.303772
545 2.37799
885 17.6469
810 36.3311
918 15.1702
576 7.38281
700 19.8781
688 7.50098
618 17.8111
504 -20.2072
572 -205.949
697 4.91187
184 -29.4706
458 -0.842804
897 16.0743
782 9.9859
597 -13.674
23 -72.7219
629 15.853
812 -36.4179
656 15.6279
725 20.3792
600 32.5435
869 6.47461
377 -10.6968
804 23.5691
945 14.1418
614 14.0513
801 11.2162
450 -21.246
651 1.76373
321 -12.0997
672 5.46552
1194 11.2756
654 16.3069
478 0.975616
571 5.94519
576 7.39716
1209 14.1329
729 18.368
492 -6.87064
941 13.2913
849 -1.01019
1081 7.29053
611 10.7349
480 2.65201
719 14.5894
1149 9.17407
855 18.0173
783 6.0451
238 -10.3942
1052 -5.98157
706 31.6537
1190 10.2679
979 52.1187
545 2.3877
622 13.0374
618 13.6199
442 -14.8451
798 28.1982
1005 3.41217
665 4.53088
1238 47.673
485 -12.5041
460 2.21436
983 16.8445
794 28.9989
851 4.52362
576 7.23181
652 4.11365
451 3.64133
375 -2.94809
619 5.50275
754 26.5321
829 24.8715
363 -12.5344
657 3.03632
682 4.69501
572 9.8382
847 21.3894
1124 4.0116
388 -0.808868
725 41.5608
652 15.5679
493 9.62531
776 18.4887
601 -1.09644
198 -48.9276
855 18.045
629 11.0143
536 -10.8009
400 -5.11057
699 11.1631
479 -18.8923
1187 9.9032
336 5.60715
645 4.13367
662 21.1683
518 29.1459
749 20.7061
616 13.4322
405 -5.15341
489 -1.47049
294 -181.852
857 16.442
656 18.0768
668 26.7219
807 -4.52783
661 7.72333
809 6.94623
301 -144.665
218 -10.2579
817 22.8927
693 10.7352
511 31.9673
485 -12.5038
1190 10.2682
287 5.04239
950 18.6431
611 8.76611
908 15.8771
832 46.3807
483 -16.4048
607 3.01154
640 15.585
957 7.8266
622 18.0871
627 1.52258
528 -0.69458
616 36.2654
935 17.8655
596 8.32947
504 -11.5118
444 -6.6618
601 32.8945
606 8.40869
392 -8.92328
597 -13.7011
344 7.00455
432 -16.6324
714 3.63324
921 14.9055
417 -23.682
957 6.96393
978 27.887
468 -10.462
201 -26.7734
447 -11.3885
843 21.982
440 -25.1006
823 30.8398
312 -12.1884
671 27.1276
502 -17.7504
486 -12.5872
665 3.56305
729 9.67407
420 -9.88815
174 -43.965
725 41.7286
875 16.9905
673 18.1641
424 22.072
528 -14.3607
984 6.67139
184 -43.7492
692 20.832
490 -0.300629
491 -4.95694
750 22.1699
865 28.0327
141 -63.8805
867 23.501
899 17.7758
695 9.9472
629 5.81683
784 26.4554
490 -0.926758
566 -1.66248
444 -6.66882
344 7.01529
602 14.2142
718 8.57794
568 -13.5872
792 20.8437
655 2.99188
145 -62.9794
664 22.5722
653 2.91943
744 20.492
601 6.06592
860 -2.84662
430 -2.02798
344 6.58688
545 2.39166
779 28.1426
392 -61.7256
783 27.3969
342 -10.738
445 -5.51657
425 2.74054
450 -10.7503
854 23.8857
184 -29.4658
389 -9.42285
597 -14.0145
437 0.137787
695 4.47644
827 15.4742
351 -16.8324
704 7.9906
344 7.00491
430 -6.81049
785 27.4111
729 25.4753
1124 4.01147
571 13.9058
358 3.97336
967 50.9285
754 26.5316
981 10.08
750 20.538
512 -1.93954
1187 14.4307
131 -26.7205
680 7.65442
1238 48.3376
774 6.57495
892 18.0252
528 -14.2642
733 23.9016
667 8.94568
429 -6.56534
681 13.4078
918 7.88647
783 6.04834
939 18.4859
471 -9.56747
712 19.2689
618 13.6006
722 10.4771
353 -13.5568
654 4.54382
27 -1.36794
746 20.5844
836 22.5041
808 28.1437
480 2.49719
462 -18.4445
736 24.0927
652 1.93945
821 25.163
944 19.8326
984 6.67212
1052 9.78503
713 7.51892
640 3.88281
651 1.76428
999 23.6575
783 26.3552
483 0.63739
369 -12.793
694 4.53967
616 36.1884
560 1.26227
859 -0.59082
576 -209.55
640 11.5426
774 18.4852
767 26.1859
900 17.6494
804 35.2995
921 19.0206
666 4.823
674 6.70026
799 26.4208
875 1.1449
160 -25.5851
968 70.002
835 0.453369
632 13.8043
452 3.82169
608 34.8418
462 -0.298767
733 5.4541
180 -23.4408
250 -26.4896
892 17.6181
827 15.468
497 -19.7266
893 16.6227
645 3.31396
828 22.9731
775 18.4651
717 11.1183
666 11.0457
667 3.59076
387 -10.5615
389 -9.32501
830 22.2028
411 -1.44354
717 14.6982
918 7.90393
400 -5.13239
382 -4.41684
406 -1.51715
212 -18.5288
418 -13.3513
724 4.09082
695 9.94672
641 -4.84686
393 -3.47903
211 -32.8973
518 2.42651
622 -13.9248
618 13.6128
726 4.23425
364 -16.5632
356 12.0926
420 -4.83228
695 9.93207
737 19.8135
956 6.86194
781 25.572
383 -8.77069
625 1.5564
751 19.7734
344 -12.6514
289 -67.5494
370 -0.854828
271 -15.503
953 12.8083
998 54.1157
429 -2.11307
875 16.9922
179 -44.5475
700 20.2802
585 0.565063
823 -6.87561
697 4.40851
650 4.07581
391 -9.2204
290 -67.2584
705 29.2799
716 10.9034
906 14.3486
436 -14.813
226 -46.0421
248 -20.8263
656 4.21906
671 22.1017
845 17.8956
698 13.0045
702 4.20886
410 16.8243
629 15.8997
546 0.85498
629 15.8604
632 11.2158
506 -21.825
594 7.96533
1221 63.1956
321 -0.513153
768 25.5629
614 8.90668
732 28.7337
888 17.2641
686 26.7634
421 -2.41757
807 19.1547
412 -25.3965
581 4.92236
640 15.6076
442 -14.6029
390 4.15735
509 -20.2504
528 -0.518982
921 14.9131
939 18.867
676 4.22369
1053 24.1439
792 20.835
1069 -22.0394
1091 12.7957
388 -7.55524
667 3.59082
655 6.98254
179 -44.5476
924 7.21033
1030 22.1621
593 6.15015
545 2.435
575 6.95734
166 -67.7513
507 -21.2661
287 -14.3422
207 -48.3675
130 -19.329
381 -17.4281
845 23.8917
307 -12.9942
686 26.7889
710 12.3564
658 17.6675
43 0.408901
822 -17.6243
652 3.89355
785 9.21088
739 20.1911
690 4.59705
730 4.50592
767 25.4059
491 -4.69357
686 26.8254
1020 44.6465
766 19.8645
731 20.8246
138 -62.962
810 22.0942
873 17.5413
890 23.6743
951 20.0295
743 19.1533
1108 -2.0166
1020 13.0638
794 26.2565
456 -18.3227
358 3.97495
840 -0.561951
654 5.17035
727 15.4196
386 -28.8546
772 25.6398
793 18.3551
682 6.44824
678 18.9684
688 7.96466
290 -67.2593
524 -15.4089
690 39.21
301 -144.413
840 22.6509
1082 5.83911
436 -1.3822
787 26.4647
123 -26.3212
601 4.69086
545 -19.4905
820 -7.58679
582 -125.11
654 3.96704
539 -14.4506
737 15.647
1082 9.08911
697 4.91193
645 3.3075
793 20.9208
632 30.2291
434 -0.406952
307 -13.6433
851 1.34863
643 9.91925
485 -12.5058
551 -4.24127
231 -40.7388
822 6.01373
15 -62.5003
673 18.7274
428 -12.1706
727 15.4051
795 26.9925
554 -1.73004
855 13.3408
1020 13.0212
484 -11.3129
43 0.409004
344 7.01434
739 8.17017
634 3.67316
442 0.473724
725 8.56781
750 20.538
462 -13.1855
793 21.0053
733 17.3488
473 -14.7802
852 17.1285
707 7.19342
999 23.6631
874 1.65723
666 11.0389
428 -12.1541
423 10.252
339 -16.0107
728 14.1188
605 1.35046
664 10.2285
618 12.8925
910 30.3305
412 -1.87558
850 18.6804
201 -16.1908
417 -7.03253
735 19.4631
842 22.272
644 -4.67743
950 18.6134
345 -39.3246
123 -27.098
879 2.2052
688 10.542
601 33.0087
112 -48.1395
801 20.1017
756 10.2949
716 3.48627
822 28.2442
205 -0.670563
1009 20.5405
1007 20.7487
847 14.027
585 12.0128
397 -9.63309
704 19.2556
482 -0.823364
760 18.3573
603 0.969666
276 -178.345
485 -12.5219
780 20.0324
636 12.186
388 -10.0462
697 31.9382
915 18.6602
597 -13.6349
240 -26.6625
942 13.6506
835 37.335
797 27.5035
934 18.6953
804 23.5717
811 2.85052
460 2.21436
617 17.9144
631 28.7433
339 4.78494
123 -26.3252
1069 -22.0913
582 13.4852
783 27.3961
751 20.7499
763 11.7274
377 -22.3296
647 5.92859
558 5.77246
778 18.6841
765 15.5618
395 -2.06531
781 23.0457
720 3.98645
939 18.4858
678 8.19604
643 2.41241
238 -10.1665
592 6.71136
878 16.7863
530 -8.39978
637 1.64069
670 8.81226
727 15.4059
905 17.469
897 16.0744
834 35.0319
485 -0.586029
949 12.6564
265 -2.89746
804 27.9199
418 -10.5077
782 26.5886
808 6.67926
416 31.8601
815 20.9502
591 -33.0885
238 -10.1776
440 -11.3186
463 0.274536
307 1.3815
407 16.1584
573 -206.464
723 4.0882
519 -3.1463
698 17.7294
686 26.7573
169 -52.3635
640 4.60248
984 2.81183
813 37.9232
657 3.0238
625 1.62256
444 -6.66037
320 0.472046
395 -2.06848
693 20.5925
660 8.34845
867 16.3807
851 -0.946533
415 -6.30554
290 -67.2736
434 -5.03738
509 -19.8546
290 -14.3337
979 52.1305
875 17.6818
1232 25.4869
640 15.3906
506 -21.9499
484 3.14474
702 12.1419
640 3.9668
562 6.47461
760 9.40582
712 3.79449
584 14.2236
659 2.97168
954 12.7129
815 13.0115
198 -42.2135
133 -26.0868
413 -6.7309
735 23.156
401 -20.7682
377 -11.9687
442 -14.8403
845 23.8918
528 -15.0438
830 12.6268
889 9.49139
795 19.2037
997 53.9728
485 -12.5201
688 8.86859
597 -14.0567
565 -1.0163
456 -11.0125
447 -11.3612
199 5.02406
983 9.29181
612 8.83936
333 -40.6075
667 8.42896
283 -14.7137
613 13.0468
867 23.9051
782 26.9872
744 20.3666
646 3.67169
1238 47.6632
769 25.6956
585 1.38129
1065 -7.07947
723 4.08807
857 30.592
571 2.80945
442 -14.7996
897 15.3776
175 -43.9718
572 2.87872
701 12.5193
739 27.9922
713 3.73584
570 1.28339
485 -18.4746
792 20.7634
1068 16.0282
458 -0.84259
729 25.4748
545 -3.23303
406 16.2611
248 -9.84193
750 19.5795
736 4.56604
354 -11.8348
805 28.863
600 4.27844
676 9.53253
680 11.8141
803 28.306
837 22.93
872 16.4129
749 20.7066
505 2.80994
794 26.7217
860 -2.85059
364 -9.29135
1194 11.2762
855 18.0096
839 21.8753
453 -20.903
1171 13.8767
860 -2.85022
437 0.182892
837 -0.165222
434 -5.98648
859 -1.80621
588 5.60913
845 22.1237
434 -1.93555
584 12.9101
839 23.3741
43 0.413094
1005 23.9663
584 -51.4497
664 7.86188
391 -9.40485
625 2.03833
361 -6.39725
699 32.0065
556 0.866577
444 -6.6731
918 15.147
754 20.4995
706 31.5756
673 16.2024
758 18.1463
1071 3.37036
723 8.61841
461 2.80966
529 -14.5358
592 7.12292
658 7.09009
268 -15.517
417 -4.39313
316 9.33859
957 6.62885
722 12.8312
1003 8.96771
855 13.3979
420 2.08392
843 -2.48962
387 1.40475
1045 3.06165
1007 23.681
831 24.2847
492 3.75146
1209 14.1326
577 -1.04102
1000 47.6362
618 4.56329
821 23.0527
139 -27.3891
494 -23.8875
850 18.7018
649 5.64923
809 9.89777
751 19.5346
366 -1.46063
654 17.0981
821 29.1333
845 7.39716
528 -15.6953
1055 23.5483
450 -0.261902
999 23.6641
972 15.3747
264 -3.48453
858 4.73004
712 13.4487
246 -4.14471
553 -1.95435
787 26.5823
631 9.05542
466 -14.4354
59 22.8074
944 19.8319
786 26.3148
654 3.77338
790 27.6908
1031 23.5016
544 -19.2674
798 17.4365
727 12.1782
632 6.49554
322 0.67395
1000 51.7458
420 -9.97177
429 -2.07385
483 -13.4404
528 -14.3167
807 -4.52887
687 16.7427
710 13.3867
628 2.30206
1001 53.1774
407 -8.41846
853 39.9699
170 -5.01353
681 12.3681
664 36.6258
871 15.3896
576 7.58527
871 16.3643
389 -9.33829
723 4.0882
380 1.50919
823 -6.88428
342 5.04834
902 12.3657
1102 20.9479
651 6.2912
784 12.7386
894 18.1858
703 -3.68811
842 26.4456
616 36.2212
944 19.8321
692 19.4199
781 28.8066
647 4.27209
430 -2.18991
936 15.1329
471 4.18646
568 -1.13678
803 20.889
412 -19.6219
400 -5.34714
934 18.8981
417 -3.24573
652 15.5875
1003 53.4498
741 3.71112
721 8.78485
640 15.6186
246 -25.8254
373 -14.459
945 17.6332
530 -16.0181
427 -0.124512
397 16.5466
616 36.1537
648 4.36041
999 3.4613
633 18.4955
928 18.6625
656 5.48773
659 2.98535
433 -7.41333
823 -7.14124
793 30.2706
881 18.3008
447 -11.3994
706 31.7137
1079 3.37231
288 -14.0438
696 13.0269
843 -2.48621
882 17.3569
131 -25.545
376 -23.4095
483 -13.4336
438 0.165558
1020 44.6448
908 17.3412
687 22.9632
549 -1.53192
400 -5.53394
597 -14.0735
858 -0.571045
593 5.12854
654 6.99274
653 4.35834
57 -103.336
908 12.566
839 22.3266
351 -9.10641
661 5.05219
528 -14.5521
1005 3.4126
149 -5.51257
852 21.1674
531 -17.0726
622 21.1258
24 6.2681
636 7.56921
727 8.48248
779 6.62335
351 -16.4432
768 25.5657
775 26.3327
480 2.49512
442 -14.8105
921 14.9127
689 19.9346
774 18.5201
508 24.2448
377 -24.4914
479 2.20416
633 13.0771
751 20.1968
524 -20.0613
480 2.49567
689 8.84998
562 5.01208
666 5.38702
704 6.63171
608 34.8748
937 14.5726
840 -8.61285
695 9.94525
651 1.76318
329 -30.5978
902 11.291
571 1.39801
814 32.8007
1235 2.43542
819 -13.7331
281 -16.3571
765 18.2293
954 12.7119
1211 5.01392
150 -56.6539
783 27.3947
431 -14.2424
1096 -5.16089
872 17.5206
1000 47.9749
184 -43.7493
341 28.7194
903 21.7642
882 13.09
819 23.532
671 1.77838
419 -3.33047
767 25.405
510 2.5022
1164 9.26843
722 13.505
664 3.91821
431 0.635223
503 -17.8701
387 -24.6621
895 11.9725
906 14.3477
107 -47.1821
727 21.7755
955 26.2617
383 -7.61838
1005 3.41254
479 2.20255
849 22.8766
803 27.1802
592 -8.02515
726 14.4633
750 19.9787
694 5.16821
579 -2.29889
640 15.6221
460 -5.9689
494 3.02982
431 -1.9996
296 -15.0546
417 -32.6335
348 -3.11639
285 -138.009
429 -2.06204
231 -40.7391
914 13.0578
874 0.75177
592 7.0105
625 13.7681
356 5.36264
737 5.85638
907 16.3623
379 -57.204
393 -2.17514
871 1.61353
906 14.3495
582 -172.503
425 -11.294
591 29.1707
737 19.8964
718 11.6293
47 -92.7537
504 2.67792
172 -46.7617
705 30.1641
910 16.9871
798 27.8519
992 55.795
466 -12.1112
855 17.9861
460 2.21237
488 -15.4902
1031 23.4921
290 -67.2355
792 20.8367
860 -2.85065
918 7.53143
786 24.0867
628 1.89978
653 4.31519
381 -19.2762
416 -2.77933
603 34.2255
409 11.5716
381 -19.272
358 3.97543
1238 -0.365356
796 24.6216
663 8.21625
424 -7.72684
219 -46.934
294 -183.726
811 7.31635
879 18.8115
561 6.61328
517 0.493286
421 21.4297
805 25.7036
658 5.08514
275 6.74075
588 14.8604
339 -11.2802
776 23.4249
486 3.12335
232 -10.4278
462 3.29306
581 -193.516
628 11.7559
193 -83.6916
597 -13.6957
725 20.3707
810 -36.8812
798 27.5197
415 -12.3221
667 3.5896
667 4.91687
855 18.0463
823 -12.1033
547 -4.3042
196 -23.9495
461 -9.76562
776 16.6752
601 3.88483
545 2.37994
651 2.18713
662 23.7682
266 -15.3255
135 -64.0447
1232 25.4764
618 13.8313
612 8.62659
901 16.3561
399 -9.66608
667 3.5907
791 30.1786
855 -0.967773
389 -9.4252
391 -0.48764
881 17.9375
758 5.06293
1003 3.42737
545 -19.4891
580 6.87146
906 14.3502
733 24.4965
415 19.0848
390 -3.33981
876 16.8842
264 -17.5467
672 1.71906
601 33.4648
798 27.8549
810 36.33
827 15.4723
619 25.3375
651 1.76318
440 -1.94928
859 -1.80267
681 8.2572
616 13.1991
561 7.18671
586 17.7952
727 15.4015
274 -179.934
979 52.1321
704 12.6412
423 -11.8164
485 -12.5013
640 3.88257
460 2.21506
548 -5.43237
462 3.29303
319 -4.48691
817 25.7512
760 11.8444
409 2.89014
1227 5.9491
657 3.58649
817 23.0309
855 -2.51025
707 10.9645
855 18.0091
863 2.62518
1093 13.1106
737 15.9025
446 -13.3767
339 -91.9067
862 16.7512
576 -19.518
312 -27.0742
822 -6.93549
1035 16.6003
139 -64.0148
353 -4.56754
671 1.7771
830 8.41614
959 6.9801
364 -16.5632
485 -12.5132
380 1.50671
308 -5.78427
1100 3.27576
819 19.5177
416 31.8383
618 18.7717
806 25.8539
246 -4.14456
655 3.00195
450 -21.7855
578 -141.919
666 10.9861
486 -7.54898
204 -40.2516
294 -13.6267
446 -13.5416
830 12.6281
849 -0.421875
584 14.0533
971 16.6544
837 34.2377
1108 22.1689
774 18.5423
219 -47.3301
246 -4.14601
403 2.93555
389 -9.31122
695 9.94104
193 -32.8945
519 27.5707
528 -14.4323
695 9.94153
834 35.247
591 7.9657
590 18.4659
935 15.8182
798 28.1963
335 -92.215
378 -8.20856
571 -0.950317
429 -2.03793
471 -11.4561
359 9.49274
785 27.2636
285 -14.3521
798 27.8463
984 18.7599
231 -40.7393
904 17.2963
1151 23.4183
656 17.7047
437 3.6272
875 16.9899
434 -14.9046
686 26.7609
571 -6.8327
649 1.74677
851 16.264
390 -9.2374
254 -12.3501
965 24.1099
1043 -10.4102
646 1.55817
377 -10.5032
676 14.9858
199 4.53172
671 6.40369
669 9.61273
668 8.6604
652 15.668
123 -27.3354
921 14.9066
536 17.0468
457 -9.69327
456 -18.3084
734 21.3926
651 3.47174
686 6.81976
287 9.09674
688 39.7601
783 6.04456
393 2.97842
1185 15.6029
548 -9.19208
639 9.4845
717 12.8154
779 25.1404
462 3.29343
951 6.32635
750 22.1699
415 16.6886
509 -20.3574
806 32.3818
843 -2.48938
1014 19.804
545 -19.4903
418 17.1025
540 -14.3343
603 33.6057
319 -45.5868
364 -24.1244
535 -18.754
780 18.1946
561 4.40643
867 23.5073
640 3.88312
455 -7.99243
830 12.621
406 0.59552
445 -6.40942
517 0.466492
198 -41.2995
581 5.04633
572 3.8692
240 -10.2694
804 26.5974
1112 13.7963
679 6.60352
199 4.47446
908 15.9182
798 27.8524
460 2.2226
549 -1.60229
406 0.595337
416 31.8588
1020 44.6479
479 2.20352
480 2.48584
781 6.99225
534 -8.44659
364 -16.5639
871 15.403
786 23.7687
219 1.49121
364 -10.6359
711 3.62115
490 -0.168579
598 7.02582
1004 46.7931
703 7.25653
533 -15.3926
270 -26.626
577 -1.04156
619 16.7245
918 15.1814
301 -144.581
763 11.566
364 -16.5597
11 -1.04374
583 3.43109
680 41.0964
597 -14.0569
776 18.4824
462 -13.9295
667 7.03687
813 37.9684
141 -64.709
317 -52.8131
528 -14.5495
1089 14.5013
694 11.0981
599 2.82666
377 -10.8039
836 32.9135
36 -80.8751
1125 18.5859
730 4.27057
646 6.77203
873 15.91
949 13.9893
1055 23.5487
598 15.8051
479 0.697327
421 -3.13754
433 -5.67252
414 -0.599945
400 -4.94125
381 -19.2729
447 0.672791
929 15.8737
378 -2.98608
750 22.1699
444 -6.50089
768 25.4972
254 1.58833
590 -2.24561
695 9.94653
893 17.1231
821 -7.5387
979 52.1186
559 6.5365
229 -1.47897
249 -4.30606
1162 22.9056
791 27.7188
247 -32.3333
830 12.6187
196 -42.264
1187 9.90283
273 -11.6113
745 21.3868
344 -5.72232
225 3.46829
939 18.8673
1020 44.5662
852 14.2595
947 17.0896
232 -10.4242
618 13.5735
660 20.5913
929 18.8439
654 6.72388
789 26.3905
568 -190.874
760 2.3833
470 -16.5107
555 0.781067
479 3.17807
955 18.6049
797 24.2764
708 14.4752
918 7.8844
430 -8.79712
754 26.5275
833 5.43793
250 -1.14426
812 25.7838
695 17.8135
168 -30.318
831 22.5784
725 20.3682
1227 5.96838
1069 -22.0576
424 -1.97455
784 25.5476
827 15.473
645 1.16986
11 -1.05021
652 2.41748
1055 23.5682
771 26.1069
468 -11.8144
885 17.45
223 -46.5278
1213 30.512
551 4.31897
395 -2.06567
917 19.0402
837 36.9883
689 18.8949
686 10.2182
675 43.2465
982 58.1433
819 24.4088
587 -125.384
854 7.46143
783 27.3964
784 23.6144
211 -49.2779
898 18.5767
573 2.57288
1069 -22.0553
317 1.28317
597 -13.9863
676 18.9772
822 4.32318
791 20.7844
22 -69.9632
377 -10.52
845 -0.499939
407 -8.78607
174 -43.9624
1035 16.5995
215 -47.5484
873 1.4472
333 5.50772
726 4.10608
486 3.14566
1032 24.3151
653 3.2536
641 2.03162
928 16.1405
233 -90.4138
517 0.49231
843 -2.48779
664 14.6734
932 5.52917
497 -11.6944
550 -11.1329
694 4.59802
459 2.21252
484 -10.5373
697 4.91168
442 26.9571
545 -19.4883
830 12.6265
279 -186.332
569 -1.48059
1107 16.5374
730 8.45221
678 19.0352
867 23.7468
451 -23.7647
884 12.0785
344 -1.93555
467 0.687286
476 0.635162
358 3.97394
727 15.4042
1211 11.0471
918 15.2836
531 1.40338
944 18.2933
616 36.1884
444 -6.65192
689 7.57947
368 9.98218
194 -40.0536
430 -5.84845
246 -4.1432
415 -9.40448
644 5.31384
924 7.21033
716 12.7863
708 14.4985
531 -14.4186
287 5.33908
384 -8.31534
985 11.9434
811 7.5412
447 -1.19174
864 16.5701
1156 20.1519
298 -14.0533
175 -51.5191
595 -1.48926
979 52.1309
458 -22.7676
548 5.03241
27 -1.36721
912 12.6196
332 8.44849
418 -8.67404
1208 14.5229
1037 -21.194
311 -1.13773
586 -128.74
412 -22.5993
348 -11.3517
767 25.4037
203 -48.5262
578 8.52228
830 23.5917
165 -47.7699
324 -91.6078
780 25.4015
1054 38.5585
649 4.1347
364 -16.5727
557 5.25244
433 0.602112
967 7.21655
666 8.37573
337 -53.0483
810 25.6407
783 27.3967
618 14.571
719 14.9056
751 15.2563
528 -14.256
713 19.1989
781 6.98981
596 6.8432
334 -32.0247
853 24.4916
717 14.0046
766 24.205
501 -17.118
823 -6.8728
922 13.3242
642 -1.63495
954 6.70746
388 1.1691
593 15.3259
659 4.38635
831 22.5806
288 -0.16684
751 20.7507
929 18.5122
861 -0.306396
693 42.2896
592 8.23438
566 -1.66058
139 -57.2184
677 7.61237
425 -12.2191
760 7.27661
484 3.25922
394 -2.21393
1069 -22.0259
665 8.89484
439 -13.8889
239 -10.3597
626 17.2524
843 5.02374
375 -25.3146
572 8.10199
534 -13.6228
757 6.75165
725 22.5892
457 -16.6364
531 -13.0022
705 29.374
456 -12.2825
410 -21.3394
456 -5.27402
337 -31.6102
358 3.97281
549 -1.35773
857 5.69574
459 -25.0446
667 3.5896
695 6.52429
897 15.3876
151 -39.1632
515 -14.634
400 -5.14166
640 8.73761
1051 -54.0068
640 3.88281
443 -0.594513
949 19.3556
442 -14.853
604 2.44476
1138 18.2172
910 16.3422
928 14.0855
953 17.7136
882 19.2722
373 0.764862
810 36.3273
509 -20.7779
697 4.91168
617 4.45166
810 25.0931
344 7.01425
845 24.8036
867 23.504
666 5.93878
592 4.26508
710 7.23364
907 12.7681
1209 14.1074
496 -3.98389
376 -6.98956
841 -3.36871
559 5.89539
785 -2.99725
803 28.2981
328 5.34314
654 4.15875
729 15.3205
856 15.2825
1160 19.5142
401 5.13049
892 24.0595
402 -8.84265
886 17.3786
813 37.9086
868 15.7032
388 -8.1687
1171 13.8787
888 17.9475
918 15.2983
708 6.23291
202 -41.2
983 16.8408
199 5.01875
416 -7.62515
458 -12.5542
321 0.370911
1031 23.4816
1095 12.8197
1187 9.90295
1158 21.0603
408 -24.7179
871 17.7526
956 20.0629
829 38.9828
944 17.6552
1112 4.11743
809 14.4996
461 -18.5817
566 13.8979
413 -10.6447
273 -14.3368
233 -10.5607
339 8.09302
619 25.0399
1069 -22.0427
174 -43.9628
517 0.474792
233 -10.4374
284 4.47168
684 6.64453
286 -37.3158
654 -11.2017
837 10.2549
893 17.5699
301 -144.468
380 -4.42154
918 7.52271
310 -12.294
834 0.0564575
697 10.2939
179 -44.5475
589 -0.0609131
374 -10.2325
667 3.59113
444 -6.65265
557 -0.360901
664 38.4233
268 -15.5169
774 18.3297
798 28.2897
301 -144.538
831 24.2831
196 -79.9246
1188 18.9296
871 16.2207
1069 -22.0425
924 18.7415
344 7.01303
751 20.7502
561 -230.332
632 2.26678
805 23.6445
392 -15.0497
793 23.5799
259 -164.8
876 0.951355
681 5.90894
495 2.88242
859 15.6278
1149 9.17371
149 -5.50339
791 20.647
344 7.00571
944 17.6556
352 -11.1695
278 -0.25412
687 4.51782
931 15.4022
136 -62.0621
652 3.31897
1104 14.7649
1066 3.50708
619 25.4374
616 12.6757
287 5.12408
868 14.0604
661 4.97528
838 5.953
444 -6.67822
875 0.387146
312 -11.4771
628 1.79877
81 -129.49
1212 27.4496
469 -17.8982
194 -49.0674
813 37.9077
760 12.2016
595 1.23657
905 15.0314
750 20.5315
769 24.9876
684 41.757
383 2.99197
531 -17.4575
411 -6.4267
846 23.6832
412 -7.62671
748 21.3299
847 19.494
418 -2.62946
1085 14.7856
629 1.89136
527 -17.4108
220 -46.0923
757 11.0145
1211 31.7893
804 31.51
545 2.40192
904 20.3555
668 4.09576
969 52.5926
725 13.9678
642 1.50507
880 18.289
636 3.63672
381 -18.8004
905 7.80176
433 3.11295
568 9.51648
396 -21.4276
707 10.7372
735 19.7767
1096 -5.13464
562 13.0673
858 15.8143
952 55.1619
555 -7.31616
592 -1.34167
385 -34.3089
695 9.94641
456 -18.3144
528 -14.513
571 5.94202
810 19.2574
810 36.3297
905 21.0316
715 13.9367
373 -11.4939
944 19.8314
913 7.69452
990 54.7849
876 16.4724
894 16.4601
709 11.4545
775 24.385
910 20.0303
831 24.3018
632 1.91864
449 -7.15536
792 21.3763
684 11.6699
199 5.03006
918 15.2994
1208 4.30811
751 20.7494
800 2.82788
502 -1.0563
420 -9.81503
647 3.00909
645 3.30695
783 6.04352
967 23.0078
389 -9.42737
768 25.5662
703 12.2411
246 -4.18124
247 -9.7554
995 20.6986
835 52.9708
517 0.48877
804 23.571
906 14.3496
741 19.1074
173 -44.441
545 -19.4235
810 36.3303
221 -39.9219
155 -44.6739
506 -21.8778
781 26.5867
371 -11.8154
682 4.5484
796 11.4247
824 41.1797
545 2.38647
650 13.0884
491 -25.6127
172 -28.0583
737 21.5789
350 -17.4053
226 -3.02182
545 -19.4899
540 -20.3035
150 -26.1759
651 2.46704
342 -12.628
461 2.84723
852 7.28949
380 0.816589
330 9.70746
517 0.485352
863 2.21484
213 -13.8204
677 44.7458
715 19.0749
794 31.4518
777 25.5122
135 -25.9467
548 -4.90222
807 27.4537
284 -173.441
97 -87.3198
311 -1.11627
174 -43.9643
554 5.97235
554 -161.976
875 16.7659
580 15.3716
189 -42.1351
991 53.9554
311 -82.3062
744 22.6401
391 -46.861
665 4.79669
241 -10.153
155 -22.2016
848 24.2021
903 17.0051
381 -16.5729
592 7.22394
1090 4.26489
1198 10.2069
401 -5.04544
742 20.4952
334 4.83389
307 -13.6443
710 7.1778
459 2.22958
11 -62.3723
473 2.45074
1182 13.9805
925 17.9815
447 -11.3634
283 4.49887
651 3.56818
507 25.6138
570 0.911926
554 -1.68518
318 -2.0668
213 -24.2232
408 -8.12482
364 -16.5662
364 -16.5651
1156 19.6062
339 0.581024
272 -15.9081
365 -10.2968
484 -8.41983
689 8.77277
299 -174.501
431 0.636353
616 36.2294
920 18.0529
960 6.57281
1170 16.7288
944 19.8322
292 59.4431
273 -1.94012
931 17.7103
716 8.58038
469 -17.4937
424 -0.0224915
931 18.0209
422 -2.04239
513 -4.63474
296 -14.2607
503 -18.0929
640 -4.38885
491 -8.90051
1179 12.1025
579 7.0116
1056 -10.8606
408 0.917725
119 -18.8933
1096 -5.15808
1208 14.0865
999 23.6575
389 -9.42719
475 -9.55713
401 10.1812
1036 18.4868
518 29.0423
274 -180.009
544 1.72046
966 15.9652
767 26.2003
381 -19.8563
570 6.03668
450 -21.4212
137 -58.0483
641 3.24457
851 1.40521
1226 65.264
599 3.9129
125 -58.0227
233 -10.5604
427 -4.65213
727 20.8488
777 12.1832
490 -4.90002
692 40.6379
629 1.89111
1044 11.8123
589 -0.245544
874 15.696
313 1.27792
514 -13.8839
634 4.90649
979 52.1233
559 11.9164
651 5.09039
469 -17.8969
805 3.21155
480 2.4964
917 17.274
469 -10.0436
859 15.6278
657 7.61963
898 13.5105
671 1.77765
199 5.0321
362 -6.79367
1165 9.26953
381 -19.2698
607 4.73322
671 -16.9041
1000 18.76
705 29.3049
312 -0.71228
317 4.09741
379 1.36554
383 4.72916
460 2.21481
473 2.31537
469 -17.9159
259 -16.216
843 -2.48535
803 27.7186
611 46.3951
602 -4.05688
528 -14.4772
473 2.44519
549 -1.14252
22 -68.8466
1209 14.1324
831 4.71161
119 -27.6152
256 -25.2673
871 17.8069
790 28.2017
666 4.07056
406 16.2852
462 -7.88205
1227 5.97754
432 -8.88095
509 -19.9563
667 3.5896
667 26.0824
447 -11.3969
918 15.1508
467 -17.1763
810 16.0305
485 -12.5087
683 14.0674
431 0.639252
560 -183.477
914 13.4226
1209 14.1479
960 16.5878
906 15.437
899 11.8212
921 14.9135
395 -2.06784
631 2.64459
212 -36.7189
1138 18.2172
711 8.4071
390 -9.23544
900 16.8303
561 6.77075
875 1.14929
759 11.8185
798 27.8526
1046 10.4325
686 26.7609
945 17.8604
294 -181.617
798 27.8481
539 -14.1951
161 -42.605
817 18.0397
560 5.2774
605 20.2624
247 -2.99808
331 7.19931
532 -17.4669
358 3.97339
1179 10.4818
341 24.5863
999 23.6621
908 15.1265
678 41.1265
577 -1.04181
233 -10.4267
517 0.482544
532 -12.8508
939 18.8665
808 33.6586
440 -12.8225
433 -14.2798
744 18.9966
511 -1.45654
708 -2.06177
947 13.0873
1109 21.8992
424 -13.5504
944 3.05646
706 11.9897
622 12.699
673 -2.32538
358 -7.97415
562 1.2027
501 -17.8129
544 -19.2629
287 5.42191
27 -1.36729
1031 23.3939
396 -3.86041
346 29.6099
287 8.49442
631 6.92609
1055 23.5507
937 7.95093
640 8.71661
429 3.52606
667 3.58942
546 -3.35962
1080 13.0226
312 -41.3839
1194 15.434
966 11.2734
273 4.4364
906 14.348
897 15.386
968 17.0432
422 -5.52884
850 -0.58606
534 -13.9031
664 17.2814
805 23.6637
548 -2.67377
948 17.657
855 18.0093
615 45.0314
166 -45.0855
319 -2.90271
24 -0.0414715
299 -13.1678
986 17.9813
629 16.5217
838 27.2825
585 1.31409
556 -176.11
1069 -22.0905
658 4.8678
1238 47.6628
486 3.12311
748 19.7014
385 2.75507
556 2.57361
328 0.0245972
273 -178.404
464 -11.3896
580 9.87341
405 -5.08258
771 25.8405
807 -4.52594
700 4.36981
861 7.92804
554 1.01648
801 28.7113
971 14.4284
959 32.0087
372 -6.0687
620 5.13373
1108 22.4984
809 31.1916
301 -16.22
409 -3.06992
807 -4.52777
459 -0.392792
779 22.6008
223 -45.2795
536 17.7844
585 2.55359
644 -4.7002
952 18.5649
325 -12.2778
429 -2.12402
426 -8.34772
722 4.03314
814 25.7787
893 16.3884
339 52.9683
671 5.97467
459 4.56024
695 9.94202
233 4.61113
807 -4.52655
807 8.14722
394 -2.22598
311 -8.28632
1209 14.1151
472 -15.6823
1221 63.0637
362 -26.1785
370 -1.39514
837 7.50226
1060 -8.95605
843 -2.48901
378 -22.5435
344 -7.6004
444 -6.67749
838 37.3175
759 20.1075
798 27.858
378 -2.40735
610 4.22455
668 8.46899
708 8.11975
875 16.9919
758 17.8024
394 -13.1476
186 1.91901
640 3.88269
671 8.099
753 8.49158
295 -40.3792
999 23.6631
256 2.97742
374 -9.41492
783 27.3943
652 2.41669
528 -14.5219
415 -14.0419
469 -17.8843
274 -183.345
132 -57.0904
703 31.6029
814 28.8951
141 -57.6469
697 4.55914
216 1.57161
438 -34.3995
586 0.701904
284 -142.484
358 3.97073
663 7.3573
697 10.7999
150 -18.9167
593 14.4808
670 5.73743
314 0.562073
343 -8.74045
647 3.6358
740 -20.3614
597 -1.95111
274 -21.9116
250 -9.61375
585 11.0975
333 38.4413
393 -2.17801
11 2.95503
718 12.2177
288 -14.0441
906 17.468
374 -28.2533
601 14.8364
830 12.6144
706 6.16077
323 -26.4427
356 -9.05383
675 9.47406
999 23.66
980 25.8373
674 34.2504
199 4.52673
808 6.76636
855 13.3825
848 4.64886
799 27.1091
712 25.5203
939 18.4859
297 -30.4915
490 -12.4246
474 2.43021
1031 23.338
276 -177.916
705 12.1568
595 6.90387
703 3.65411
823 -6.86914
931 5.83679
807 -4.53174
597 -14.0625
901 12.3214
317 3.96259
1126 18.647
342 -10.8295
328 7.45752
211 0.221939
1032 3.67517
382 -2.54364
199 -41.2816
641 3.54523
289 -67.0536
432 -16.6299
566 -1.67261
261 -15.9461
317 4.43295
261 -2.09457
59 22.839
733 20.6099
845 23.8912
860 16.9227
232 -45.4881
1142 23.927
139 -50.362
179 -44.5476
1000 18.7533
677 41.3519
1050 10.2756
804 -8.04584
246 -4.14604
438 0.16275
703 31.6215
395 -27.8338
867 21.8287
456 -18.3101
277 6.14758
1215 4.87097
1185 15.6115
536 22.0101
701 8.5824
830 4.48944
537 -10.428
713 12.9548
267 -15.6118
1177 10.3311
812 15.9077
842 -1.14612
720 19.7099
623 12.4114
860 -2.85529
1138 18.2181
628 1.89886
391 -9.23041
427 -11.8177
872 11.671
1159 19.5098
1035 16.5673
664 4.0379
160 -42.9203
549 -0.785156
924 7.20966
685 40.5285
797 30.5076
356 -7.99628
226 128.539
586 0.689514
430 -6.59146
990 53.5933
831 24.2819
800 27.0517
533 -13.5259
424 0.220886
844 17.5478
1012 20.7949
811 14.3837
732 23.7154
380 -42.3261
924 7.21246
669 8.14191
309 -5.70917
466 -7.34604
208 -21.1915
556 0.94104
330 -67.4458
818 23.8589
344 7.00546
723 31.8245
717 3.53931
775 18.4477
404 -2.26849
680 6.87799
164 -44.6301
262 -3.48389
573 7.47095
875 1.14502
831 24.2822
168 -5.61464
438 -34.3951
866 6.56982
1126 19.0042
693 36.5157
946 18.1549
958 31.136
351 -16.7047
1195 10.2355
1194 11.277
1158 22.4949
432 27.7415
1121 16.1493
702 10.7012
288 -0.166199
737 20.472
184 -43.7495
444 -0.438293
821 25.0406
221 -9.35918
568 -3.5968
892 15.9946
545 2.39191
154 -45.7874
203 -13.0067
853 18.6444
645 3.3056
573 7.82141
577 -1.04132
549 0.677063
627 28.3311
577 -1.04156
1221 63.1805
249 -9.53447
924 13.8397
651 2.37695
681 4.36145
652 2.41675
287 5.12283
723 8.46777
908 16.0342
204 -36.8484
1006 43.3936
547 -4.25531
1216 30.6595
807 27.7399
530 -10.2256
426 -14.0103
468 -12.343
460 2.22195
348 -28.8319
886 18.0419
287 -130.394
673 9.14117
317 -1.41772
912 20.8143
833 35.9766
438 -34.3286
1031 23.5011
656 5.71631
495 -19.9232
479 0.963531
265 -12.4727
713 19.1968
490 -0.234863
1042 -21.4532
338 -29.9394
308 -5.78409
534 -5.93414
545 0.619263
941 14.5861
614 40.0135
397 -5.73386
830 12.6256
1169 16.7405
830 12.621
703 -3.92725
814 7.73615
728 13.1342
793 21.4254
405 -5.53583
798 27.8522
1116 14.521
456 -18.3162
798 24.274
740 14.1059
846 23.5049
661 6.97986
843 -2.48798
210 -46.4633
930 15.2373
431 -0.10199
316 -46.2622
664 5.72992
485 -12.5149
263 -4.3223
914 6.79626
216 1.90234
672 5.55145
951 5.98425
1082 14.4565
792 20.9058
683 19.4196
360 3.81479
490 5.20813
752 8.88654
470 2.66742
710 5.47241
341 -11.3989
264 -163.165
713 12.6068
837 7.27216
925 18.9103
430 -2.10217
1112 16.3745
802 28.1257
478 -7.78568
576 -0.645386
298 -13.9787
473 2.42493
438 -34.395
589 10.9175
284 -142.536
748 20.3641
788 24.8286
395 -2.07248
863 16.6064
288 -0.168884
529 -16.9364
459 -11.0793
691 20.6719
302 -139.015
616 36.2139
1138 18.2198
401 -5.58948
723 19.9224
807 -4.53979
900 12.0852
24 6.31904
987 55.4495
818 -14.9064
795 27.3269
698 10.3391
545 2.40631
437 -16.6925
449 0.795471
508 -21.3119
478 2.60861
891 17.8212
753 20.6575
789 29.5809
233 -10.3705
359 -0.305206
225 0.175629
880 7.06793
447 -11.3937
670 7.87207
851 18.9967
1068 -6.7395
1075 23.6934
1221 63.0205
706 31.9534
477 3.27316
1052 24.0093
378 -9.48093
509 -20.3408
404 2.00641
19 -65.4439
433 3.10413
1069 -22.0911
144 -54.309
663 6.28448
831 22.5778
1156 20.2046
274 -179.37
996 49.7841
750 19.7002
269 -4.39343
929 15.2017
1232 25.4941
785 27.2455
703 11.7675
675 9.53992
645 3.30286
784 29.1888
918 15.1658
326 15.1017
112 -26.1507
785 27.2439
245 -10.0576
289 -18.6506
783 26.2426
386 -8.39011
830 4.71063
463 -11.7543
926 14.5825
372 -12.3046
328 0.406372
644 -4.70093
881 17.3162
479 2.24161
311 -1.1059
817 54.6898
267 -2.04404
473 2.66763
926 13.9478
897 21.1956
254 -20.9884
391 -3.75604
458 -22.8294
710 8.09949
616 36.3981
1035 16.5671
394 -2.22366
528 -14.485
1059 23.4071
953 54.0179
576 7.55719
607 35.5848
519 -3.89972
972 3.4574
1031 23.5446
482 -16.8576
438 -34.3925
878 19.5009
884 12.2382
796 27.3242
749 15.1453
783 27.3944
1009 43.7245
617 30.8697
777 27.756
577 -1.04175
1138 18.218
393 5.34744
507 -8.93552
304 -2.0871
999 23.6633
351 -16.6477
377 -10.8201
447 -1.22406
907 7.2973
917 18.6761
1135 14.4768
314 -1.80173
1169 16.7393
1052 -6.13367
413 -13.4227
438 -34.395
585 0.624451
862 22.9604
480 2.49655
368 -25.4061
322 -27.4294
904 15.9317
424 -1.97867
921 14.5886
710 14.1334
925 18.4655
875 16.9901
1045 2.65051
714 8.59302
274 -179.973
285 -112.933
571 5.94977
1237 52.96
991 54.0028
132 -56.1005
554 -1.68323
150 -105.019
459 2.24237
854 23.447
967 52.6087
578 7.93719
351 -35.343
872 18.1244
749 20.7065
770 25.0176
245 -26.9792
177 169.226
704 20.975
918 7.52515
367 -0.58432
840 0.378723
1227 5.98303
1236 6.82495
475 -10.1549
817 13.8312
509 -3.40048
59 -103.871
438 0.0820312
992 53.3303
566 -1.65948
757 5.79553
855 18.014
424 -37.842
226 -1.28932
511 0.407379
575 6.09021
903 11.948
891 10.5585
824 17.1602
640 -4.38855
416 -13.0882
371 -10.5598
358 -20.1275
267 -162.354
851 1.37158
240 -3.05638
301 -144.465
1135 16.9469
515 -5.50723
690 35.8398
612 -22.9064
640 3.76379
245 1.04655
795 29.4799
372 -16.5872
743 7.92059
830 12.6226
