342 0.00283813
327 -0.119843
354 0.216797
428 1.26053
850 21.626
320 -0.295288
635 3.45331
428 1.26031
222 -4.8405
580 2.38373
735 9.36609
807 16.3323
322 -0.300812
297 -0.595245
881 26.1111
358 -0.132324
294 -0.609436
358 2.07645
851 21.7175
327 -0.119965
357 0.130249
339 -0.223969
327 -0.153442
325 -0.257599
358 -0.100861
342 0.00292969
882 26.3957
324 -0.280334
328 0.468445
535 1.78082
354 0.216705
535 1.77972
445 1.26682
328 0.466187
565 2.04169
517 1.60529
390 0.364838
565 2.04102
324 -0.280243
591 2.62439
807 16.4019
320 -0.284485
807 16.3336
327 -0.152313
357 -0.203278
357 0.126282
535 1.7804
881 26.099
592 2.63513
882 26.5952
327 -0.118439
327 -0.15094
976 41.8201
391 2.31348
357 0.130127
735 9.35455
311 -0.356049
324 -0.280334
222 -4.84009
322 -0.23996
882 26.3527
322 -0.239136
807 16.4019
356 2.11807
391 2.31351
294 -0.612976
735 9.35492
327 -0.15094
735 9.36615
357 0.130219
387 1.71045
222 -4.83987
593 2.63873
580 2.37964
357 0.126221
339 -0.225311
881 26.0795
322 -0.238464
222 -4.84149
354 0.217041
357 0.126007
891 27.4783
882 26.5958
354 -0.253815
345 1.10025
383 2.26971
324 -0.28067
549 1.92212
311 -0.357422
339 -0.213715
222 -4.84004
906 29.2648
583 2.46832
504 1.88785
391 2.31332
344 -0.0663452
320 -0.293457
328 0.4664
324 -0.280731
322 -0.294342
311 -0.357391
354 0.216675
851 21.7173
339 -0.224396
328 0.467682
976 41.8217
635 3.45453
1199 210.942
311 -0.357361
807 16.402
298 -0.507812
339 -0.225922
355 -0.231812
294 -0.61026
376 2.42236
322 -0.295227
535 1.77905
852 21.9258
222 -4.84016
702 11.1066
357 0.126007
311 -0.35733
531 1.4585
311 -0.3573
294 -0.625763
858 22.3724
504 1.88754
322 -0.240051
342 0.00292969
389 1.67706
339 -0.225006
409 1.31812
1215 194.853
504 1.84402
620 3.35028
322 -0.23877
357 -0.204132
294 -0.610382
1191 232.348
327 -0.119934
749 10.3854
551 1.97076
593 2.63879
880 26.008
322 -0.249847
328 0.468597
670 7.86743
976 41.821
327 -0.120605
882 26.3959
351 -0.251892
807 16.402
324 -0.280365
311 -0.355988
294 -0.625488
504 1.8685
531 1.61206
328 0.469574
354 0.216766
605 2.92322
917 31.1218
376 2.42233
357 0.125885
339 -0.211914
739 9.19452
387 1.61377
435 1.29449
328 0.467743
324 -0.280792
222 -4.84013
1196 215.171
356 -0.233521
320 -0.292969
738 9.42383
593 2.63879
561 1.90881
292 -0.658997
880 26.0231
358 -0.116577
635 3.45367
517 1.6051
1196 215.16
1199 210.953
882 26.5107
850 21.6263
807 16.4022
390 0.364929
327 -0.113129
738 9.37433
801 15.8425
903 29.9051
328 0.46814
880 26.0211
323 -0.29361
292 -0.630951
801 15.8425
413 1.37537
357 0.127167
389 1.67816
966 38.4244
590 2.6756
517 1.60522
461 1.41101
880 26.0217
801 15.8425
327 -0.119781
387 1.61661
513 1.55896
437 1.26038
294 -0.625946
738 9.38263
915 31.1284
590 2.67346
397 1.55136
397 1.54837
322 -0.239319
602 2.83093
322 -0.238678
339 -0.212463
1175 201.317
357 0.130157
547 1.95404
1215 195.083
387 1.62036
593 2.52765
584 2.46869
409 1.31763
740 10.0577
743 10.1669
1231 180.355
517 1.60535
742 10.5787
593 2.63879
551 1.96857
593 2.63873
535 1.77893
894 27.8546
1113 313.492
464 1.38837
907 29.6206
1199 210.949
1191 232.33
294 -0.6091
513 1.5592
344 1.29022
321 -0.20401
732 9.10974
357 0.13031
628 3.73486
311 -0.356201
985 42.5288
539 1.66913
964 40.9763
535 1.64252
903 29.852
801 15.8426
817 16.815
529 1.29352
457 1.32907
1175 201.325
307 -0.41684
411 1.39767
852 21.9255
337 -0.0507812
538 1.67389
322 -0.238434
324 -0.280334
403 1.40479
847 22.0258
438 1.32828
389 1.67822
294 -0.609222
409 1.33658
580 2.37939
502 1.50623
784 14.2659
517 1.6051
580 2.3822
985 42.5576
702 11.1063
818 16.8464
588 2.55078
383 2.25558
529 1.45941
311 -0.357452
1202 207.468
985 42.5571
867 24.2344
454 1.36646
977 42.0015
565 2.04333
274 -0.869934
741 10.0757
357 -0.138153
966 38.4247
902 29.6595
342 0.00283813
591 2.57489
384 2.26364
851 22.3325
517 1.60516
509 1.49802
311 -0.35733
375 1.66495
579 2.27698
529 1.29364
323 1.2099
457 1.38342
461 1.41751
741 10.1287
852 21.9255
457 1.36465
322 -0.238556
455 1.38626
339 -0.211731
903 30.1229
702 11.1033
735 9.35455
880 26.0075
519 1.52179
715 10.0582
609 2.99817
629 3.94397
851 21.7172
398 1.45084
538 1.67371
623 3.03137
852 21.9259
985 42.5613
123 -30.2183
733 9.10315
438 1.32812
984 43.2256
446 1.32462
577 2.37506
517 1.60516
736 9.49414
357 0.12619
387 1.6218
390 0.364838
577 2.37457
1215 195.078
732 9.27362
462 1.45798
383 2.26941
583 2.48102
454 1.37335
547 1.95892
357 0.1297
376 2.4223
621 3.8761
852 21.9256
387 1.7106
439 1.2691
984 42.2141
561 1.90942
547 1.95422
1228 191.891
693 7.34381
956 27.1057
547 1.95886
589 2.60754
384 2.26086
576 2.22913
741 10.0756
415 1.39981
740 10.2007
439 1.26913
376 2.422
1176 238.477
907 29.6202
741 10.0756
520 1.46411
311 -0.357452
621 3.87701
700 11.0843
504 1.84412
294 -0.609192
493 1.41025
642 3.63483
322 -0.29425
1215 194.801
984 42.3311
383 2.26697
1095 303.498
532 1.42633
761 11.8577
985 42.5049
787 14.3201
580 2.4101
493 1.41006
1215 194.708
520 1.48163
1175 201.341
460 1.41898
903 29.7776
458 1.35263
460 1.41867
547 1.95416
984 42.2803
459 1.38126
916 31.2924
212 -6.25388
502 1.46872
455 1.3833
463 1.44888
437 1.26044
702 11.1042
305 -0.496307
445 1.33334
864 23.9695
493 1.41028
984 42.1981
409 1.3219
327 -0.122803
459 1.38086
452 1.31915
966 38.423
741 10.1285
618 3.32556
437 1.26038
506 1.47025
1215 194.703
532 1.42627
376 2.42227
1199 214.654
439 1.26935
580 2.37946
987 42.6042
519 1.47681
917 31.2611
702 5.03107
621 3.8786
702 5.0274
984 42.1407
702 5.03094
504 1.50299
502 1.46921
587 2.4903
593 2.52747
686 4.63977
539 1.67285
615 3.41333
976 41.8208
1193 216.641
916 31.2929
916 31.293
430 1.40897
959 32.9016
807 16.402
576 2.22913
1215 195.062
631 4.13843
143 -25.9801
311 -0.357452
580 2.37976
737 18.9012
408 2.42972
522 1.48169
387 1.62158
917 31.3467
591 2.57458
915 31.1285
685 4.6109
517 1.60516
1195 184.814
322 -0.238647
1084 263.487
360 -0.223389
587 2.5553
299 -0.531158
437 1.26035
880 26.0213
449 1.29239
503 1.46259
984 42.1003
984 42.1238
503 1.45218
621 3.87573
509 1.49811
852 21.9254
442 1.32587
565 2.04352
357 0.130249
590 2.67566
739 9.48975
528 1.48468
342 0.00305176
702 5.03094
924 37.7121
717 9.00104
529 1.36017
987 42.5908
519 1.5213
493 1.4101
628 3.9848
439 1.30194
437 1.26031
582 2.47693
126 -29.959
739 9.46265
593 2.63879
719 5.31354
337 -0.0298767
310 -0.332977
445 1.36145
284 -0.756042
457 1.30914
593 2.63885
740 10.2007
977 42.0043
383 2.26944
784 14.2656
493 1.41055
389 1.6785
712 5.18317
139 -8.62187
1096 223.435
818 16.8674
712 5.18256
389 1.67834
456 1.42673
498 1.41412
674 7.81097
719 5.31348
633 4.26288
408 2.42865
386 2.20963
1175 201.347
383 2.24542
880 26.0223
917 31.3882
737 18.937
401 1.40863
795 15.2742
358 2.07648
437 1.25998
408 2.42987
322 -0.23822
309 -0.377045
986 42.5677
1231 180.494
126 -26.5181
434 1.38284
916 31.2925
359 -0.210785
271 -11.658
738 9.15857
198 -6.63274
801 15.8425
284 -0.483154
271 -11.6584
358 -0.0867615
915 31.1284
977 42.0013
1175 201.329
401 1.39963
984 42.3611
671 7.99011
529 1.52399
269 -1.32034
966 38.4235
408 2.42969
409 1.35855
984 42.0823
743 9.49274
643 3.71173
166 8.37856
717 9.00055
482 1.18713
398 1.42957
294 -0.6091
305 -0.462402
856 23.1841
224 -4.91747
456 1.42688
985 42.4594
702 11.1028
1215 194.803
493 1.4101
588 2.55121
314 -0.191223
387 1.71057
289 -10.9889
643 3.71381
1175 201.345
702 5.03094
519 1.52142
464 1.40948
977 42.0015
648 4.81293
916 31.3041
529 1.36023
701 10.6165
590 2.67554
941 23.5031
198 -6.63373
565 2.04352
650 4.8139
365 -0.179901
621 3.87592
532 1.42621
634 4.28577
784 14.2641
352 1.71243
977 42.0014
593 2.63879
350 1.64108
549 1.92957
409 1.31894
715 -11.138
401 1.46048
445 1.33365
643 3.75964
985 42.4626
504 1.84418
307 -0.390991
383 2.26941
702 5.03094
513 1.55927
1211 202.533
784 14.2586
712 5.18365
517 1.60535
531 1.4585
875 25.811
820 18.3657
814 17.9756
399 1.43445
639 4.55341
987 42.5874
717 8.99719
708 11.5466
588 2.55096
502 1.46893
615 3.35706
504 1.44141
152 -7.65909
1095 302.978
717 9.00177
976 41.8193
401 1.4025
403 1.44867
601 2.86365
354 1.70776
139 -8.6221
984 41.9988
977 42.0052
461 1.41687
411 1.3974
672 4.42548
1196 215.116
801 15.8425
504 1.86838
139 -8.62234
462 1.45724
503 1.46561
434 1.38339
740 10.0579
529 1.29352
434 1.38248
986 42.7095
741 10.0553
942 23.3223
1175 201.356
504 1.44193
1191 232.352
529 1.29352
807 16.649
513 1.55914
500 1.38678
745 9.97217
461 1.418
795 15.2452
1215 195.021
409 1.33487
118 -26.9382
549 1.93396
504 1.4469
743 10.5958
439 1.30457
286 -0.699768
741 10.0531
683 8.33044
590 2.56732
444 1.29611
438 1.32809
1095 303.483
796 6.72186
590 2.56274
986 42.5842
633 4.23914
639 4.94452
323 1.21283
875 25.8099
592 2.63763
702 11.1025
615 3.41351
809 17.1648
851 22.3315
1211 202.363
977 42.0014
499 1.42001
449 1.3714
984 42.0789
702 5.03088
717 9.00122
1175 201.324
482 1.1835
519 1.52155
643 3.75934
222 -4.84053
461 1.41739
125 -33.2129
657 6.74957
986 42.7139
234 -4.73502
1175 201.343
987 42.6887
1191 232.352
158 -8.32378
303 -0.460327
985 42.4788
986 42.5601
608 3.3501
532 1.42633
673 4.461
631 4.17432
387 1.71063
684 8.15845
143 -25.9807
924 19.9323
931 22.6155
987 42.7322
279 -8.6037
774 12.6934
975 32.0464
635 3.45459
172 -7.44534
1096 223.45
535 1.56567
820 18.3648
1084 263.487
1219 192.923
503 1.46512
441 1.30588
374 1.5574
149 -4.59856
629 3.39569
172 -7.44696
592 2.63525
537 1.70166
470 1.50671
984 42.3314
924 35.7352
527 1.4585
646 4.78052
730 8.32043
434 1.384
773 12.6948
323 1.21384
631 4.21661
531 1.4585
415 1.39828
524 1.48431
671 7.98969
1193 216.653
621 3.87665
219 -4.83032
391 1.62012
994 39.1125
516 1.55847
992 43.2035
87 -23.0868
34 -26.261
986 42.5988
761 11.858
809 17.1642
902 29.4746
626 3.3869
1214 200.034
851 22.3329
535 1.75
551 1.97064
742 10.5776
434 1.37796
627 4.41571
502 1.46841
913 38.6845
733 7.39844
656 3.97583
157 -8.32091
434 1.36768
765 11.225
661 4.07501
892 28.6373
1215 197.955
519 1.5213
502 1.46896
987 42.6718
761 11.8572
434 1.28845
685 8.41351
673 7.78009
401 1.44391
820 18.3794
294 -0.60907
580 2.38348
663 7.12714
444 1.34137
809 17.1648
487 1.3707
643 3.70807
166 8.3853
984 42.0826
740 10.0163
535 1.77991
417 1.33893
383 2.26971
588 2.55212
230 -4.07997
208 -6.35796
87 -23.0814
540 2.54517
853 20.6898
401 1.42715
577 2.42737
942 23.3228
378 2.38373
411 1.39862
658 6.15405
455 1.06219
271 -11.6581
987 42.6554
984 42.2383
986 42.5952
439 1.26907
529 1.36041
125 -33.218
904 30.1118
371 2.00311
648 5.33142
493 1.39276
853 20.6922
156 -8.47522
236 -4.26131
519 1.52142
1209 209.193
984 42.2634
445 1.267
986 42.6051
547 1.9541
531 1.4585
665 4.30383
1218 194.2
658 4.00024
741 10.0757
884 26.7449
1209 209.977
901 37.8557
643 3.70807
294 -0.609344
1217 194.723
529 1.30591
740 10.0163
365 1.47263
397 1.53522
125 -33.2099
467 1.5325
383 2.26971
882 26.5102
844 21.345
958 32.8842
799 15.8807
672 4.41345
851 22.3318
643 3.71118
791 18.1841
686 -0.680298
638 4.45496
674 4.42474
985 42.4309
424 1.37015
1176 238.462
502 1.46875
994 39.1266
319 -6.6546
155 -8.31042
803 16.1209
975 32.0452
740 10.239
738 17.2027
635 3.45428
399 1.60052
212 -6.25166
943 23.3489
795 15.2968
433 1.2836
641 5.37848
566 2.24951
717 11.6464
1217 194.495
865 24.757
851 22.3325
399 1.59869
294 -0.609314
1216 201.333
984 42.0889
547 1.85901
521 1.45734
432 -0.99823
784 14.2585
784 14.2585
444 1.33286
984 42.3186
392 1.47174
626 3.38684
378 2.37106
139 -8.62202
504 1.4541
671 7.99152
535 1.75055
584 2.44958
520 1.98199
579 2.37225
75 -14.9829
735 9.36615
540 0.829041
1207 213.574
415 1.39883
351 1.73663
863 24.2153
697 9.49646
977 42.0013
339 -0.211395
465 0.813202
784 14.2586
725 5.28271
482 1.18253
634 4.36096
341 0.73465
208 -6.35764
663 4.12018
415 1.39862
875 25.8105
279 -8.6058
531 1.45856
826 19.2063
820 18.3651
642 4.67188
438 1.32825
737 17.6962
615 3.46564
966 38.423
943 23.3425
984 42.2468
342 1.94308
906 30.2012
784 14.2588
743 10.0916
951 23.5609
626 3.38379
958 32.8916
189 -7.51314
826 19.2061
1209 212.967
323 1.21436
986 42.5969
387 1.60388
490 0.627014
1113 313.494
761 11.837
664 4.3526
819 18.328
502 1.46872
438 1.44049
109 -32.5183
442 1.31146
801 15.8425
785 16.0018
790 15.4838
759 11.6761
1218 198.057
828 21.594
638 4.85394
409 1.3165
485 1.51492
339 -0.211487
177 -7.46753
25 -11.6994
90 -27.5647
141 -8.95416
839 20.1462
551 1.97076
590 2.40472
712 5.18243
809 17.1641
642 4.97949
627 4.41559
593 2.63879
178 -7.48062
725 11.6165
959 38.6569
470 1.4079
717 5.15753
1207 212.264
1215 194.685
730 10.3042
875 25.8099
636 4.79688
1176 238.445
986 42.6028
784 14.2585
284 -11.2057
502 1.46936
1095 303.439
984 42.2949
813 16.7288
620 3.17517
566 2.26666
907 30.3023
442 1.31198
708 11.3458
984 42.2646
566 2.25006
750 11.4197
702 5.03082
875 25.8104
415 1.39853
468 1.53256
931 28.7779
1215 197.978
1216 201.437
503 1.46503
984 42.2422
481 1.53616
836 21.9954
943 23.3461
737 18.2731
166 8.394
464 1.43268
401 1.57187
671 7.99121
601 2.79559
858 22.3725
25 -11.6942
735 9.35455
486 1.37042
430 1.40836
480 1.5827
609 2.97791
580 2.37933
964 40.8002
485 1.31119
893 28.7825
419 1.36111
754 11.5748
100 -30.9925
688 3.06378
279 -8.60379
955 36.6496
421 1.33145
1216 204.243
1215 197.791
627 4.41541
754 11.92
739 8.44812
88 -27.6864
323 1.21475
263 -1.78668
920 40.5511
1199 214.745
445 1.26706
172 -7.44743
875 25.8106
500 1.36124
943 23.3502
826 19.2066
643 3.70807
784 14.2659
798 16.7554
735 9.35443
654 3.94855
761 11.859
813 -0.996155
437 1.26022
519 1.52142
777 12.8422
942 23.3249
1214 201.968
90 -15.7893
779 -8.2381
236 -3.74559
880 26.0079
984 42.0244
740 10.2007
294 -0.609314
125 -26.6178
784 14.2642
875 25.8107
815 17.8253
1214 201.972
530 1.58411
813 -0.900208
756 11.7477
502 1.46884
826 19.1547
859 23.8349
726 10.4792
430 1.40894
434 1.36786
212 -6.25711
723 5.28778
537 1.64966
481 1.20728
642 4.94598
665 5.90955
1220 204.106
784 14.2581
155 -8.34949
804 16.3535
482 1.18256
853 20.6909
784 14.265
593 2.33545
156 -8.46944
606 2.72406
683 4.612
843 18.9348
668 7.59021
544 1.63965
166 8.40414
87 -23.096
899 37.4333
834 20.0986
895 29.7722
741 10.0756
582 2.33746
301 -0.496399
825 19.0525
1216 201.411
805 16.3714
483 1.38202
407 -7.37256
810 18.324
1210 205.672
765 11.2203
667 4.40051
652 5.75885
467 1.43915
639 5.00824
1124 289.535
958 32.8892
750 14.8892
643 3.71106
819 17.7635
994 39.1138
504 1.84421
101 -63.7106
428 1.3063
657 6.74951
774 13.6357
519 1.52148
915 31.8354
1218 201.596
229 -9.62224
748 11.5336
671 7.99023
411 1.39746
1191 232.347
457 1.30923
379 1.64178
853 20.6913
156 -8.46872
609 3.03137
784 14.2585
777 12.7993
345 1.10052
801 15.8425
186 -7.47385
535 1.77893
493 1.30252
1215 194.998
437 1.28403
851 22.3333
602 2.70508
416 1.37848
908 29.3763
306 0.501038
1214 201.967
702 5.03107
1075 216.608
697 -4.54413
858 22.3725
723 9.74152
408 1.42346
549 1.93945
807 16.4016
875 25.8108
149 -4.59085
761 11.8591
839 21.3528
1196 215.103
917 31.9913
564 2.11285
87 -23.097
1181 230.148
590 2.67554
984 42.0557
540 0.835327
758 12.0302
763 12.2202
933 34.5648
196 -6.70125
177 -7.46735
655 5.2619
502 1.46887
684 9.14789
906 30.2015
838 22.1237
934 34.6486
818 17.7152
87 -23.0976
671 6.58844
669 4.44922
87 -23.0968
477 0.867126
730 14.3268
919 40.7835
483 1.32156
257 -12.0528
966 38.4224
1217 207.248
737 12.5176
784 13.3583
929 35.3642
634 3.3324
1124 294.899
470 1.53027
959 38.6577
602 2.81635
791 16.5757
813 -0.954712
156 -8.50505
630 5.41248
123 -5.92425
359 2.12366
879 26.0739
710 5.11554
717 8.99805
577 2.60791
506 1.45142
356 2.10193
729 10.8444
642 5.24438
220 -5.58731
624 4.01709
415 1.39929
457 1.32114
802 16.0204
768 12.1421
882 26.3959
813 -0.760681
898 29.7015
928 29.9625
114 -26.6783
765 11.2122
186 -6.89658
205 -26.4675
87 -23.0846
851 22.3331
1220 190.938
740 10.2008
827 17.2059
481 1.21667
1215 210.198
359 2.09744
863 24.2715
591 2.27368
984 42.0806
910 40.3792
775 12.7465
1215 197.904
959 38.6567
708 9.70154
685 4.61115
1216 201.388
810 16.8712
529 1.29352
750 14.8907
537 1.67413
44 -11.8827
660 5.29889
976 41.8179
654 5.98987
921 40.1541
116 -26.7413
1109 304.44
279 -8.60638
854 20.6758
820 18.3651
379 1.66739
487 1.38275
235 -3.62729
212 -6.25177
596 2.34912
330 -0.0760498
702 11.1038
547 1.9541
92 -37.6104
1176 238.473
828 21.6611
644 5.03931
154 -7.76854
621 3.27539
476 1.65421
750 14.8912
403 1.54343
881 26.2109
87 -23.0915
1211 215.642
685 1.86975
462 1.4541
796 15.5286
791 16.577
640 4.65277
191 -7.58357
1214 201.972
451 1.11258
100 -44.7951
1051 295.886
540 2.54773
832 17.1977
432 1.30154
798 16.028
539 1.66974
194 -6.70122
906 38.8859
793 16.6521
854 20.6762
875 25.8096
697 -4.54614
671 7.98975
876 25.7909
917 39.7516
804 18.2501
358 2.07645
959 38.8359
879 25.4448
812 17.5276
389 1.67801
575 2.53998
1219 193.283
791 14.494
233 -3.7066
1199 214.614
816 17.8152
189 -14.3454
85 -24.1747
809 17.1649
465 0.81308
843 18.9401
1210 204.117
389 1.70483
1215 194.803
1212 196.901
852 21.9255
434 1.3826
627 4.34351
359 2.12387
751 11.0107
839 20.1462
302 -0.492035
771 13.5236
809 17.165
82 -13.3787
586 2.44806
817 18.5783
875 25.809
400 -8.90604
372 2.27509
708 9.94092
875 25.8088
563 2.10876
760 12.2281
809 17.164
649 5.50128
865 24.429
526 1.46893
1186 219.305
750 14.8893
984 43.2255
875 25.809
778 13.5071
189 -14.3461
410 1.40457
349 2.01605
740 10.158
994 39.1254
627 4.41589
629 4.20044
784 14.2584
671 7.99078
541 1.63239
509 1.47348
904 30.1123
740 10.2007
400 -8.90579
681 8.09167
898 29.2701
342 1.58597
476 1.6553
1199 210.94
782 14.7722
842 21.5496
719 8.45874
359 2.09784
849 21.4553
738 11.7269
914 31.1174
143 -25.9796
482 1.0867
589 2.57434
671 7.97339
466 1.44125
751 10.7838
89 -31.7316
1052 294.53
87 -23.0948
959 38.32
405 1.42621
915 31.8331
112 -28.4501
343 -5.45062
341 0.470856
851 22.3305
917 46.1454
758 12.4634
832 19.9409
744 10.1508
1220 201.327
743 10.5958
73 2.86543
1210 200.65
335 1.35568
547 1.95898
517 1.60522
995 43.2803
584 2.43579
430 1.29391
156 -8.50644
697 9.30731
781 13.0528
483 1.27097
793 14.8527
584 2.67407
884 26.836
856 22.941
465 0.814636
692 -0.318787
429 1.29626
357 2.03494
826 19.2054
494 1.59949
849 21.4549
50 -20.048
935 24.1349
590 2.67328
653 -0.901917
262 -3.20776
820 18.3649
892 28.6378
875 25.8086
535 1.78046
957 38.3233
892 28.6374
982 38.6962
782 6.6441
720 6.23724
306 0.496674
875 25.8114
262 -3.20789
1216 208.954
166 8.4019
875 25.8096
535 1.78003
1116 206.659
766 12.3112
441 1.30505
580 2.41461
266 -2.77591
68 -31.7571
121 -26.7005
1215 201.328
604 2.58319
141 28.5904
573 2.38562
437 1.26041
432 1.27805
246 -2.78137
742 10.1019
825 17.0867
189 -14.3455
743 10.5939
1221 206.412
712 5.18268
1209 215.327
778 13.5731
408 -7.4115
1212 210.31
481 1.20734
463 1.74002
348 1.84509
485 1.51517
1199 214.728
394 1.63165
439 1.26904
155 -8.2959
376 2.42191
340 1.51157
707 8.37347
862 23.5758
814 17.7429
200 -6.42264
748 26.0554
279 -8.60651
601 2.58459
387 1.61606
826 19.2063
87 -23.0882
1214 201.966
275 -1.61844
899 28.9977
493 1.4101
602 2.74481
766 12.6878
545 2.07916
1199 214.781
905 30.1679
548 1.86694
985 42.4971
732 12.2866
670 7.61914
831 19.4305
155 -8.31967
97 -35.663
866 24.0157
1144 275.393
449 1.30145
906 30.2013
899 28.9977
1217 196.441
261 -10.1204
737 18.9225
845 20.7327
576 2.22839
809 17.1653
717 11.9489
206 -6.31793
766 12.5214
906 30.2014
492 1.38046
486 1.43933
342 1.94293
933 34.5676
324 -0.28067
403 -10.6676
605 2.92316
290 -10.4088
166 8.40211
1220 198.899
458 1.33331
820 18.3651
813 -1.02521
914 31.525
285 -16.2969
728 11.6487
379 -1.20529
71 -10.3866
611 3.24506
486 1.45093
749 10.9969
665 5.90955
689 -0.484375
505 1.44449
621 3.87982
1215 197.899
478 1.36215
828 21.5931
726 11.4422
801 15.8424
88 -11.2447
123 -5.92394
891 26.3651
528 1.65643
748 10.1661
838 19.5117
387 1.71042
152 -5.58253
739 8.43585
136 -8.87405
438 1.4404
647 5.22449
98 -29.0506
778 13.5414
561 1.90906
707 8.19061
920 31.8893
866 24.0153
155 -8.29816
931 29.2545
551 1.79126
649 5.4668
627 4.41351
813 -0.9599
896 29.2516
311 -0.35614
982 40.6689
264 -1.70779
905 30.1682
745 11.1793
500 1.36301
831 19.7455
904 30.1119
1075 216.544
245 -15.2547
153 29.212
763 12.5356
172 -7.44641
547 1.95886
777 12.8275
535 1.75012
87 -23.082
540 2.54742
345 1.10046
144 -8.58919
593 2.52759
540 0.837585
889 26.0723
609 3.03094
832 19.4132
813 -1.01379
172 -7.44682
828 19.3591
899 28.9973
174 -7.66028
465 0.813354
465 0.811859
999 46.2201
1217 195.537
1220 200.818
1013 49.3107
372 2.37091
359 2.09729
1215 197.939
542 1.75623
862 23.5756
899 28.9969
155 -8.46219
743 11.2903
489 1.35355
1228 191.905
742 10.5789
139 -8.62158
668 5.78656
178 -7.48077
1177 233.682
535 1.74982
289 -10.9881
438 1.44052
245 -15.2556
689 -0.476562
284 -9.7709
499 1.41757
841 21.9902
565 2.0426
765 11.2183
741 9.43835
945 25.1766
138 -8.86974
415 1.39899
741 10.0756
575 2.34552
615 3.41327
516 1.98157
780 13.3753
866 24.0155
343 -5.45071
842 20.9681
880 26.0081
671 7.99036
867 25.5277
1212 213.907
5 -37.8941
438 1.44025
739 12.3777
345 1.10031
792 8.52185
156 -8.46115
402 1.67136
266 -2.85098
556 2.03546
815 17.717
886 27.3937
493 1.39383
886 27.0286
908 39.5314
665 5.90973
634 4.43616
471 1.31207
356 2.10187
465 0.811554
695 8.92499
515 1.54285
809 17.1651
437 1.26047
1193 216.586
493 1.41043
783 1.22443
910 30.6765
728 14.1149
1220 198.131
665 5.90973
381 1.63803
609 2.97821
851 22.1085
512 1.50299
605 2.92328
717 11.9465
1214 201.969
702 11.1036
596 2.57025
753 12.734
739 8.69873
693 7.31757
746 10.1658
1217 195.49
5 -18.0163
603 2.93018
600 2.44696
311 0.485809
826 19.2055
1221 204.986
465 0.812592
763 11.8289
849 21.4551
233 -3.70657
457 1.33014
194 -7.32117
1177 233.687
580 2.36023
1172 239.017
205 -26.4505
853 20.6898
880 26.0221
821 17.8523
87 -23.0716
756 11.6636
801 15.8425
741 10.0756
858 23.3949
615 3.41327
690 -0.563416
729 12.2993
565 2.0448
478 0.601318
1060 240.325
703 9.86859
899 28.9952
971 42.0282
852 21.9255
513 1.55994
683 4.61194
142 -8.99173
630 5.41254
779 13.1979
700 9.49432
5 -38.0055
835 19.6874
921 33.2454
813 -0.977722
889 27.3891
721 10.3855
282 -10.0217
565 2.04156
809 17.1651
706 8.43512
943 23.3489
540 2.54352
483 0.626709
1125 288.404
212 -6.25215
140 -8.80049
638 3.38043
884 26.922
609 2.99805
918 32.0617
476 0.773224
919 32.8959
172 -7.44432
513 1.45154
757 10.6548
407 -7.3728
756 11.3749
973 42.2449
681 6.43506
544 1.83972
899 28.9973
267 -19.6457
400 -8.90561
657 6.74835
576 2.22858
1199 210.953
809 17.1649
785 13.556
959 38.3196
212 -6.25705
324 -10.5154
899 28.9972
756 11.187
702 11.1056
649 4.8736
801 15.802
98 -34.71
575 2.31024
155 -8.31512
576 2.22961
535 1.74982
665 5.90045
864 22.3474
561 1.90912
731 11.0117
222 -4.8401
1220 201.37
953 38.2674
1124 294.968
157 -8.32092
764 12.1331
592 2.63531
717 11.9481
500 1.04492
1126 283.633
336 1.83905
933 34.5649
665 5.91071
77 -51.842
272 -2.20978
271 -11.659
519 1.5213
155 -8.31641
975 32.035
475 1.32343
693 -2.79797
485 0.624573
854 20.6753
497 1.41699
74 -72.5548
785 13.4106
862 23.5759
500 1.36163
157 -8.3493
862 23.5758
795 15.2169
178 -7.47815
875 25.8107
134 -5.66531
343 -5.45062
885 26.8928
139 -8.98938
755 11.317
765 11.2281
880 26.0079
174 -7.21892
784 14.2403
1126 283.634
306 0.500427
826 21.013
737 13.862
342 1.94299
94 -31.6805
866 24.0161
137 -20.2378
946 36.256
1058 255.496
359 2.12482
356 2.11798
288 -11.0302
155 -8.31166
373 2.23068
894 30.8572
561 2.11169
863 22.386
482 1.18311
139 -8.9659
791 18.1936
941 35.998
851 22.1068
1023 53.5608
765 11.2162
904 30.1118
737 9.89148
266 -2.85107
1209 215.217
199 11.1169
882 26.3959
820 18.3651
879 26.537
289 -10.9881
457 1.32971
816 18.3883
1214 201.952
1146 208.3
905 30.1425
60 -32.8114
839 21.8639
758 11.6881
899 28.9972
408 -7.41238
649 4.92352
899 28.9974
781 16.3453
272 -2.20804
847 21.6973
401 -8.7374
518 1.89917
645 3.76154
1204 205.853
23 -3.6887
609 2.97784
162 4.72234
784 14.266
609 3.03094
632 4.46619
145 -8.73988
739 14.1044
812 18.3943
87 -23.0724
1220 193.201
1209 211.344
899 28.6336
934 34.7232
826 19.2065
401 -8.73914
1206 207.206
233 -3.7065
34 -26.2513
510 1.44812
965 40.1219
576 2.22906
540 1.5036
710 7.51929
994 39.1257
693 7.31812
266 -16.5312
203 -6.52286
881 26.0859
465 1.37775
754 11.6081
826 18.5397
839 20.0947
736 13.0366
1061 207.467
446 1.33521
75 -9.98401
646 5.44623
370 2.37823
765 11.2182
958 39.3017
792 14.6513
156 -8.50818
816 17.7304
324 -10.5147
1216 201.467
710 7.51947
739 8.4502
937 23.7688
202 -6.49004
790 14.4661
731 16.1916
522 1.84631
743 10.5952
755 13.834
743 10.5957
234 -4.74673
718 12.7164
1218 200.564
906 32.2275
959 38.553
796 15.5015
1214 207.459
759 12.0438
87 -23.0811
877 25.9733
797 15.6109
1213 207.534
206 -5.36351
766 15.4112
235 -3.62657
777 14.6062
936 35.0767
575 2.30609
807 16.3322
266 -2.85114
749 10.2234
757 12.5006
566 2.24951
828 19.359
529 1.64197
1189 219.789
290 -10.7084
1220 190.023
284 -14.0686
547 1.95886
773 13.5231
1023 53.5177
1208 204.879
818 18.6457
535 1.78003
1199 210.983
370 2.36761
654 6.08069
750 14.8911
476 1.65399
358 2.07639
1144 275.404
157 -8.32611
785 7.05829
654 6.19739
871 26.235
87 -23.0896
730 12.2195
789 16.0891
711 9.9729
790 18.2106
206 -4.8912
119 -30.4824
774 13.421
1212 212.415
911 38.0775
151 -8.51837
732 12.2127
952 38.2248
1216 201.514
1231 180.364
1205 212.624
565 1.87756
739 8.43854
6 30.2731
956 38.3656
229 -23.6995
862 23.5757
933 33.3447
802 15.8479
665 5.90851
791 18.1852
1210 200.592
174 -7.2184
911 30.7319
662 -10.2698
279 -8.60641
777 12.9897
741 11.1158
793 14.9053
854 20.6709
406 -14.2739
585 2.04486
802 15.7892
503 1.466
784 14.2657
266 -19.7892
305 0.215851
934 34.7235
732 10.2146
551 1.92657
1126 283.623
807 16.4018
886 26.844
196 -6.9142
1098 224.588
71 -10.3862
917 32.0434
711 10.2329
774 16.0374
761 11.8588
866 24.0154
850 21.6262
1213 204.96
881 26.9087
551 1.92529
1027 96.3119
521 1.2193
560 2.0235
574 2.3512
135 -5.6723
849 21.4509
977 42.8317
803 17.4756
268 -1.48785
535 1.74969
650 5.17023
751 3.59875
576 2.22894
1219 199.54
587 2.05371
1084 263.506
882 26.5222
754 11.6266
1215 197.778
498 1.30798
1075 216.207
1214 207.655
922 33.4944
650 5.15967
975 42.8094
849 21.4532
986 44.5096
863 22.2569
356 2.10168
700 9.87122
682 8.07007
661 6.60339
1209 215.438
243 -9.57324
894 28.8359
608 2.98065
800 15.704
839 20.1465
109 -27.0444
717 9.00214
554 2.01141
683 4.56635
593 2.63879
480 1.23917
864 23.6442
984 41.2675
308 -7.09167
880 26.0073
445 1.26721
551 1.97058
48 -15.7427
1218 207.383
479 1.55621
875 25.8082
145 -8.74162
214 -13.7439
306 0.495819
1185 230.119
655 5.27759
88 -11.245
155 -8.34741
554 2.00848
904 37.4388
630 3.3631
1176 238.454
796 15.5015
683 4.612
496 1.42599
1228 191.861
975 42.8099
882 26.4484
805 16.3713
850 21.6262
702 5.03088
629 3.37225
457 1.35919
1208 201.901
356 2.10184
953 38.2881
546 1.90253
233 -3.70631
685 6.86285
724 10.6368
561 2.05872
348 2.00388
88 -11.2449
812 16.6203
279 -8.60663
813 -1.03064
166 8.4001
1195 214.748
1215 199.266
826 21.4687
407 -7.37173
1126 224.839
750 14.8903
405 1.41757
643 3.70807
822 19.0341
723 11.5651
172 -7.44836
843 18.9326
573 2.36279
343 -5.45047
813 -0.874756
735 12.3478
755 13.8371
913 30.9676
791 18.1829
343 -5.45081
854 20.6708
678 7.8689
1067 237.095
1146 208.427
475 0.533691
106 -27.2222
1145 275.206
244 -3.33444
267 -9.8634
837 20.5796
1221 197.693
731 12.8732
315 -0.22049
599 2.74719
662 6.08289
1188 223.016
924 32.5103
737 13.8903
710 7.51917
183 -25.6214
739 8.50684
456 1.26865
1109 231.92
580 2.5108
695 10.2844
1064 222.776
648 5.36108
828 19.3592
122 -6.2411
813 -0.9552
742 10.5823
144 -16.2889
74 -72.5547
184 -25.7552
895 29.0394
245 -15.2569
934 34.6545
529 1.36023
952 38.192
851 22.3306
605 2.92316
816 17.8169
278 -8.59433
1095 303.116
761 11.9939
899 28.9985
646 5.09265
561 1.90948
90 -31.2908
74 -72.5556
981 42.9935
89 -30.1729
959 32.893
150 -30.5501
479 1.60785
793 15.1969
682 8.46899
1221 197.27
502 1.49689
740 12.5613
535 1.77832
854 20.6652
1167 251.686
834 17.5023
349 2.0004
865 23.4722
734 13.0318
839 20.8961
938 35.7598
742 10.5784
938 35.7045
150 -30.5554
836 19.8193
733 11.7885
740 10.0162
671 7.99084
140 -8.76451
214 -13.7419
576 2.22809
269 -1.32047
722 11.729
465 1.38614
957 38.3195
35 -57.2347
275 -15.8583
798 18.0623
538 1.68597
815 18.673
697 8.87433
968 40.7048
343 -5.45038
784 18.0154
1065 243.303
697 8.89978
497 1.41708
343 -5.45081
540 2.54773
889 27.3708
805 -0.55426
340 1.84097
469 1.29858
589 2.08783
605 2.97369
763 15.1613
835 19.565
1215 200.411
802 7.74451
172 -7.44647
898 29.4743
959 38.657
812 18.6583
862 23.5756
1211 196.922
551 2.08801
374 2.21664
721 11.2466
794 16.5989
710 8.92981
943 23.3456
335 1.6091
145 29.1048
899 28.9979
633 4.51355
486 1.35693
597 2.70648
1127 240.815
827 20.8481
533 1.72498
750 14.8896
915 29.9487
582 2.44806
1145 275.206
777 -1.71289
1111 300.329
771 13.2164
666 4.32599
1218 198.434
34 -26.2342
443 1.41031
554 2.58789
753 13.9841
36 -59.3322
959 38.3196
132 -8.96712
189 -14.3448
662 4.09827
244 -16.8431
499 1.42987
899 28.9983
758 11.7075
464 1.38571
771 14.3712
324 -10.5155
994 46.3434
345 1.1001
145 -8.73845
517 1.60516
811 17.2518
389 1.67807
843 18.9377
609 2.99811
17 14.0777
147 -8.68272
754 13.6308
866 24.0157
755 14.4755
675 6.46893
732 10.5386
580 2.38019
212 -6.25198
1218 199.69
828 19.3586
813 -1.0072
824 18.368
548 1.87823
358 2.07645
896 28.2784
1171 239.412
706 11.1567
535 1.74969
835 19.8992
562 2.17859
156 -8.50473
359 -5.2258
816 0.720215
801 7.21875
1075 216.186
920 31.7169
537 1.74017
518 1.54596
704 7.48718
774 14.5884
1035 302.5
887 27.588
143 -25.9804
480 1.3988
934 34.7235
508 1.47821
381 1.62567
738 11.3376
548 1.87909
150 -30.5367
876 26.3454
1199 210.952
899 28.9949
781 16.3879
356 2.10214
948 36.5604
361 2.1629
712 10.5844
461 1.42709
457 1.30917
716 10.6543
797 16.0455
750 10.336
865 23.4693
902 28.5762
828 21.5932
898 28.2759
741 10.0757
1124 294.941
651 4.85596
1219 201.859
711 8.67944
813 -0.888733
881 25.6219
540 2.54749
1052 294.328
466 1.44107
266 -2.7746
189 -14.3452
765 15.3005
172 -7.44644
924 33.3605
670 7.62799
1147 267.425
122 -6.24139
110 -28.661
784 16.0706
753 10.3511
315 -0.25058
590 2.67328
925 35.6743
765 13.06
384 1.65088
944 36.855
752 10.5071
853 20.6912
664 4.04022
44 -11.8658
504 1.84424
5 -38.1337
944 36.7643
953 38.3053
155 -8.31433
67 -32.1277
843 21.1191
641 3.60925
485 1.32025
741 10.0756
877 24.7062
982 42.1536
940 36.0908
803 17.1903
692 -0.347168
777 6.54352
671 7.99005
813 17.6548
958 32.8914
722 11.8995
457 1.33005
926 34.9911
986 44.5046
644 5.12122
778 13.4539
1038 319.567
805 16.3707
178 -7.48148
964 40.3954
652 5.53412
468 1.42343
896 30.7514
345 1.10071
710 7.51703
157 -8.321
799 6.5545
688 8.43665
911 29.5905
331 -5.29135
842 20.6757
566 2.24805
657 6.01227
953 38.2726
853 20.6881
642 3.78613
786 16.3148
717 9.00183
428 1.2605
813 17.4521
687 7.29462
755 11.6446
648 5.35321
244 -3.47383
407 -7.37198
671 6.82446
712 5.18256
765 12.4181
755 11.0136
1075 216.58
958 38.5173
936 34.8693
488 1.37524
966 38.4236
724 11.5532
768 13.0815
1213 210.578
702 5.03101
561 1.90955
561 2.099
739 8.44861
849 21.4562
456 1.36154
755 13.834
201 -27.1011
632 3.2663
725 11.5723
683 6.66278
583 2.22461
919 32.7054
671 7.99139
765 11.2332
936 25.3622
1145 272.968
889 29.7552
608 2.95374
394 -1.58011
938 35.7642
982 42.1626
710 7.51935
675 7.78033
667 7.53906
776 13.5692
139 -8.62225
229 -23.6717
172 -7.4465
724 11.6144
861 23.852
643 5.77106
787 13.6896
52 -32.9967
608 3.01416
770 13.6082
898 27.7361
156 -8.50815
1209 215.303
853 20.6857
976 40.2079
445 1.11893
761 12.0329
1126 283.65
75 -10.5142
48 -20.346
621 3.22876
341 1.61447
771 12.1241
430 1.40921
741 10.0535
233 -3.70634
829 22.2606
758 14.7341
801 15.8425
622 3.2298
504 1.84399
197 -6.79269
1126 277.301
891 28.2684
335 1.19
862 23.5762
907 29.8727
1148 252.852
1177 230.355
459 1.1748
1027 298.57
801 15.8426
814 16.0753
608 2.94244
716 11.8173
782 15.4829
664 6.2243
740 10.0279
1148 261.209
765 11.2164
533 -1.00641
387 1.93008
509 1.52316
725 8.38373
827 18.9481
755 -6.27838
899 28.9954
74 -73.042
781 13.1906
359 1.1257
983 38.8538
845 22.034
236 -3.45558
727 10.6531
797 15.4966
1033 296.311
849 21.457
1214 201.973
723 11.6235
296 0.164581
852 21.9255
576 2.33594
599 2.67017
416 1.52722
932 23.4918
1195 184.805
178 -7.47893
609 2.99811
816 17.5746
986 44.5057
671 -6.42773
573 3.14398
751 12.4641
805 16.4397
1199 210.969
145 -8.73662
839 20.1467
494 1.42096
1126 224.871
359 2.07504
1209 210.452
792 16.2186
1075 216.536
608 3.32886
535 1.75037
1207 213.383
929 19.3438
419 1.32352
662 4.11371
19 -1.49807
872 23.931
823 18.5076
828 18.7812
1188 227.398
869 24.4943
271 -11.6599
866 24.0151
813 -1.01141
784 14.2585
753 10.9955
671 7.99084
140 -26.3511
479 1.60477
1185 230.482
480 1.38397
122 -6.24133
741 10.0532
767 14.1721
129 -98.9395
609 3.04065
363 -4.96887
717 11.0166
765 15.5129
727 13.2253
609 3.04059
880 26.0428
918 32.0751
593 2.52759
1129 281.28
777 7.323
86 -74.9365
893 26.5169
95 -30.1999
655 4.00787
782 13.9202
690 7.43829
609 2.99823
266 -2.8512
529 1.45953
87 -23.0904
953 38.2903
596 2.57874
593 2.52783
321 1.28357
692 8.67474
983 38.2147
780 13.5715
710 7.51752
1126 224.832
407 -7.37064
630 3.36218
1209 215.265
904 30.1119
676 7.8631
831 19.4158
797 15.4953
887 27.3719
229 -23.6959
627 3.34607
933 34.5666
958 38.5851
1163 195.933
954 25.7077
886 26.129
166 8.39771
1021 53.2936
715 12.1418
199 -6.51497
1210 200.581
791 16.3596
961 39.2582
767 14.3914
306 0.496521
899 28.9985
1145 275.199
551 1.97076
763 12.5501
915 31.1285
895 28.7951
413 1.36218
658 5.96722
934 34.7059
615 3.41339
437 -7.17795
74 -72.5556
482 1.18652
934 34.7233
960 39.7476
948 36.6229
862 23.5764
465 0.811493
866 24.0222
609 2.99811
837 20.226
880 26.0074
750 14.89
862 21.8267
181 -25.7647
975 42.8097
744 13.7316
1191 225.89
730 10.5604
910 30.8844
832 22.8395
682 7.90771
143 -25.9796
166 8.37868
787 16.3663
593 2.52765
59 -31.7048
514 1.52234
466 1.44104
157 -27.397
392 -14.196
131 -8.9231
306 0.49649
717 9.00128
952 38.2227
566 2.24884
790 18.2054
166 8.40013
535 1.74994
926 33.7643
806 16.5853
449 1.31497
609 3.03101
902 34.7804
1176 238.475
1203 214.35
400 -8.90485
934 34.7238
826 19.2065
114 -29.6876
755 11.1531
791 14.8003
662 7.1286
725 5.37665
675 7.17639
224 -24.2063
401 -8.7374
854 20.6716
370 2.43243
720 10.1301
690 8.54578
684 6.87488
465 0.814026
635 3.45374
166 -27.1624
813 -0.92865
847 21.782
154 -7.28392
1145 275.166
575 2.34149
871 26.0399
306 0.501282
502 1.50391
814 17.2761
884 26.3372
695 8.94525
138 -8.7298
1189 225.037
659 6.21069
97 -8.17892
129 -31.5573
376 2.42279
682 8.58514
148 -16.2455
162 -8.13574
667 6.94763
1126 283.637
1178 229.963
548 1.87891
934 34.1826
572 2.27594
513 1.56128
565 2.04169
580 2.38409
652 5.60791
772 14.5264
819 16.536
813 -0.973938
1058 239.413
515 1.54822
864 23.644
593 2.52777
813 -0.915588
593 2.52783
814 17.3342
74 -72.0506
849 21.45
839 20.4497
578 2.47937
958 38.4814
940 36.1273
407 -7.37601
914 31.5276
887 29.5791
656 6.69879
777 16.196
812 19.1266
878 27.9475
835 21.7589
735 13.066
131 -26.9393
112 -29.3004
750 14.8906
934 34.7234
123 -30.7471
784 14.2586
493 -2.61884
1211 201.897
1038 283.447
1097 220.041
795 15.9719
733 11.8516
135 -8.83663
953 38.2888
671 7.98993
748 12.2495
609 2.99817
626 3.38385
687 6.8335
816 17.6901
604 2.93658
854 22.6507
735 12.847
336 1.83865
765 11.2267
750 14.8918
148 -8.57869
419 0.513
958 38.5185
434 1.38281
864 23.9701
207 -22.8419
751 10.2379
659 5.04053
899 28.9976
791 18.1837
1191 232.35
973 41.508
576 2.39447
504 1.52908
849 21.4553
839 20.1465
737 12.4381
122 -6.24111
730 15.8091
648 6.08234
336 1.83905
797 15.4426
527 1.43396
823 18.5562
875 26.0387
1211 207.962
627 4.65393
324 -6.34302
88 -11.2446
499 -1.95761
500 1.36578
815 18.6294
735 12.3818
262 -3.21194
1013 49.3112
279 -8.60394
300 -0.480347
856 22.9714
112 -27.0581
849 21.4569
699 9.05756
606 3.02808
772 16.2076
364 -14.9878
801 15.8324
272 -2.21002
825 18.6376
616 2.64398
1055 287.261
311 0.483398
682 6.46741
71 -10.3856
1199 210.949
1195 221.647
817 18.5623
129 -16.7769
922 33.1937
260 -15.1985
124 -29.1809
510 1.54163
978 40.0599
627 4.41614
883 26.7862
721 10.6602
833 19.6249
457 1.2059
196 -5.04124
822 17.9031
679 7.94305
871 24.6639
532 1.59943
561 1.90955
750 11.6862
152 -5.5808
1213 206.35
172 -7.81232
750 14.8922
262 -3.21207
342 1.94312
697 8.961
766 13.9763
592 2.63757
198 -6.63499
906 30.223
750 14.891
626 3.33051
790 14.2014
874 24.9363
284 -11.4084
831 19.4352
862 23.5751
892 26.4429
857 23.4072
1209 205.613
1221 204.938
681 7.9931
1129 281.156
220 -4.37944
601 2.72449
934 34.2087
43 -15.4282
299 -0.520874
973 41.0403
643 5.18317
798 16.0307
117 -30.3395
141 -7.7468
1221 209.187
818 19.4263
699 9.13782
853 20.6884
1060 216.369
273 -1.19598
862 23.5754
675 6.12994
927 33.0399
849 21.4529
97 -8.17832
795 16.5382
291 -0.449646
1189 230.207
413 1.36658
750 14.8896
1061 207.441
647 6.57452
134 -7.64081
183 -7.30304
296 0.0430298
730 9.75317
299 -0.105804
1089 198.754
266 -2.77505
830 20.4256
823 15.8369
828 19.8756
864 22.3735
251 -2.24294
143 -25.9764
895 27.8466
887 27.3679
465 0.811859
841 20.7474
671 6.82532
918 32.076
726 11.9553
609 3.05634
813 -0.896484
750 14.891
499 1.42078
688 8.76544
815 17.5847
846 21.6557
306 0.495758
1184 197.746
803 4.93134
979 43.3035
75 -7.57474
738 10.0206
865 23.6729
844 21.2729
785 16.8671
723 5.33075
938 24.9008
442 1.44855
692 -0.285217
649 5.78235
122 -29.0948
123 -5.92506
1126 224.881
920 43.3962
56 -33.2851
885 27.1487
128 -8.47007
841 22.5517
561 2.07812
379 -1.20569
440 -1.02451
460 1.53354
712 11.7159
1035 293.823
67 -31.443
810 18.0655
1129 281.157
98 -8.2091
296 -14.0687
