724 0.920715
505 0.0278931
752 0.452454
553 8.56311
665 2.02362
349 0.00634766
608 0.00842285
365 0.0107422
505 0.027832
564 7.77112
608 0.00842285
1015 -0.0287476
1073 0.0305176
515 0.00579834
886 0.0291138
334 0.0152283
488 0.000915527
752 0.452454
930 0.0379028
724 0.920837
363 0.0113525
934 0.0355225
752 0.452515
797 0.00134277
813 0.0148315
707 0.20459
491 -0.0148621
930 0.0380249
792 0.00708008
792 0.00714111
930 0.0379639
491 -0.0190125
334 -0.00445557
1079 0.0556641
1197 -0.0146484
333 0.0157776
488 0.00140381
794 0.0288696
797 0.00134277
517 0.00805664
691 1.7124
101 -40.6179
334 -0.0055542
797 0.00128174
537 9.59674
489 0.0162048
659 0.0236206
262 0.00656128
665 2.02271
797 -0.00842285
1133 -0.0335693
810 0.0280151
820 0.0234985
515 0.00585938
315 0.00793457
333 0.00765991
517 0.0164795
500 0.0045166
504 0.00247192
659 0.0238037
793 0.00634766
792 0.00958252
502 0.0462341
793 0.00646973
921 -0.0245361
71 -0.000213623
1197 -0.0146484
787 0.034668
1109 0.0950928
500 0.00463867
925 0.0418091
1135 0.0539551
871 0.0825806
1109 0.0948486
42 0.0212708
930 0.0230713
514 0.0114746
333 0.0109253
644 0.0258789
362 -0.0215149
335 -0.00585938
351 0.0150452
921 -0.0247803
330 0.0266113
691 1.71216
789 0.0112305
71 -0.000213623
491 -0.0161743
644 0.0315552
317 0.00744629
897 0.0164795
618 -0.105957
932 0.0369873
1078 0.0423584
781 0.0298462
792 0.00689697
781 0.0299683
1136 -0.00732422
87 0.00225067
813 0.0253296
487 0.00918579
502 0.00531006
495 0.0216064
334 0.0308228
350 0.00695801
1079 0.0632324
512 0.0113525
665 2.02179
867 0.0111084
707 0.208313
501 0.0509949
267 -0.0015564
334 0.0132141
335 0.00216675
437 0.0301819
1038 0.0649414
500 0.0045166
819 0.00946045
334 0.0132446
487 0.0187073
786 0.0411377
932 0.0421753
405 -9.20453
505 0.0133667
797 -0.00830078
685 1.71295
781 0.0299683
361 -0.00640869
515 0.00897217
607 0.0508423
488 -0.000976562
659 0.0238647
369 0.0144043
41 0.0209999
892 -0.0022583
381 0.0022583
752 0.452515
351 0.0162659
750 0.0249634
808 0.0221558
332 0.0297241
853 -0.0153809
932 0.0261841
335 0.0043335
305 0.0140381
320 -0.00296021
1204 0.0827637
348 0.0109253
812 -0.00976562
71 -0.000106812
502 0.0462952
335 0.0220032
334 0.0290222
780 0.0442505
659 0.0238037
456 -0.0106506
23 0.0307674
775 0.0369263
809 0.0219727
693 0.0169067
659 0.0385742
792 0.00866699
513 0.00830078
792 0.00695801
502 0.0464783
362 -0.0216675
262 0.00375366
663 0.0395508
853 -0.0151978
351 0.0150757
925 0.0418091
724 0.920593
879 0.100464
921 -0.0247803
1184 -0.0301514
351 0.0147095
489 0.006073
909 -0.0674438
928 0.0258789
338 0.0284729
853 -0.015625
349 0.0062561
781 0.0236206
331 0.0111084
663 0.0411987
324 0.0256348
515 0.024231
491 -0.0152283
1135 0.0539551
810 0.0129395
921 -0.0249023
351 0.0149231
1101 0.0284424
57 0.00931168
500 0.00460815
447 13.7947
507 0.00796509
335 0.00970459
513 -0.528259
921 -0.0250244
810 0.0157471
1194 0.064209
351 0.0152893
663 0.0406494
71 -3.8147e-05
515 0.00579834
663 0.0198975
381 0.00216675
661 -0.00671387
513 -0.528564
724 0.920654
1194 -0.00402832
853 0.0255737
724 0.920715
930 0.0379639
1204 0.0827637
351 0.0148926
335 0.0177612
368 0.0134888
309 -13.0011
1109 0.0949707
334 0.013092
790 0.0318604
335 0.00195312
499 0.000701904
507 0.00991821
808 0.0119019
491 -0.813293
362 -0.019165
87 0.00292969
618 -0.105713
504 0.00271606
893 0.0379639
1136 -0.00756836
340 0.0163879
439 0.0159912
665 0.0178223
1108 0.0656738
930 0.0379639
57 0.00919724
381 0.00210571
664 0.0286255
381 0.00418091
499 0.000732422
338 0.0301514
892 -0.00219727
362 -0.021637
660 -0.00866699
47 0.000873566
869 0.0164185
404 -0.00521851
338 0.0125427
778 0.0475464
814 0.00604248
1101 0.0284424
604 0.380005
627 0.00634766
720 0.0224609
665 2.02118
1135 0.0527344
310 0.0150146
351 0.0153198
502 0.00997925
693 0.0166626
367 0.0156555
537 9.59772
594 -0.0308838
504 0.00253296
659 0.0236816
691 1.71234
925 0.0418701
909 -0.0671387
607 0.050293
491 -0.0190735
441 0.0101929
797 0.00134277
295 -14.9765
381 0.0151062
691 1.71252
492 0.00497437
659 0.0239258
351 0.0145874
1170 0.0217285
638 -1.23944
853 -0.013916
1133 -0.0109863
766 -0.0204468
1073 0.0303955
815 0.0533447
350 0.00741577
351 0.0148926
1184 -0.0300293
708 0.00549316
627 0.00683594
368 0.0136108
659 0.0237427
894 0.010376
318 0.0067749
500 0.00460815
1184 -0.0300293
520 0.0163574
809 0.019043
665 0.0404663
707 0.208252
502 0.0264587
391 -0.0032959
792 0.0088501
648 0.00494385
315 0.0186462
1109 0.0950928
1136 -0.0136719
894 0.0311279
708 0.00537109
661 -0.00671387
651 0.0151367
92 0.0103531
665 0.0263062
894 0.0311279
1204 0.083374
922 0.055481
590 0.0231934
363 -0.017334
1204 0.0826416
659 0.0237427
1079 0.0626221
660 -0.00720215
1204 0.0825195
894 0.0311279
92 0.0103226
505 0.0276184
350 0.011322
491 -0.0147095
524 0.0336304
23 0.0309048
318 0.00582886
912 0.00109863
69 0.0197449
524 0.0334473
648 0.038269
488 0.0148926
279 -0.0065918
769 0.0949707
660 -0.00152588
502 0.0462341
92 0.0104218
659 0.0239258
23 0.0309563
1079 0.0633545
769 0.0953979
514 0.0177612
364 0.0106201
649 0.0022583
306 0.0115662
497 0.00564575
810 0.0228882
661 0.0420532
659 0.0238647
932 0.0457764
524 0.0437622
309 0.0407104
513 10.8521
362 -0.0221252
365 -0.0108948
1101 0.0285645
838 -0.00561523
351 0.0133972
1073 0.0290527
417 0.00161743
685 1.71289
357 -0.00509644
1109 0.0949707
504 0.00244141
1184 -0.0202637
57 0.0101585
351 0.0149841
605 0.0338745
268 -24.0204
680 0.0331421
57 0.00985718
385 -10.5464
661 -0.00671387
1204 0.0823975
590 0.0235596
494 0.0206299
766 -0.0205078
657 0.0466309
851 0.0145264
504 0.00241089
930 0.0379028
1079 0.0557861
284 -0.0199585
1108 0.0654297
665 0.026123
348 -13.2248
381 0.00241089
886 0.0289917
921 -0.0247192
381 0.0284119
665 0.0178223
387 -10.4946
750 0.0249634
381 0.00350952
351 0.0149536
871 0.0217896
357 0.0578918
426 0.0384216
381 0.0022583
665 2.02216
57 0.00953674
703 0.348694
68 0.0198593
564 7.93896
499 0.000732422
809 0.010376
519 0.0231934
1164 0.0662842
1079 0.0637207
335 0.0106506
1164 0.0665283
445 0.0102234
1136 -0.00744629
605 0.0216064
492 0.0245361
838 -0.00567627
910 0.0293579
750 0.0250854
513 -0.528442
368 0.0134888
381 0.00415039
488 0.00772095
921 -0.0249023
766 -0.0204468
417 0.00170898
660 -0.00720215
851 0.0148315
436 0.0128479
922 0.055603
356 0.036377
777 0.0123291
651 0.0152588
616 0.0098877
1170 0.0217285
811 -0.00714111
1204 0.0826416
180 0.0137634
1204 0.0823975
1133 -0.0338135
769 0.0110474
1184 -0.0301514
1109 0.0948486
665 0.0266113
886 0.0290527
393 0.0020752
1184 -0.029541
764 0.0250854
329 0.0301819
660 -0.00720215
250 0.00906372
501 0.0499878
368 0.0136108
491 0.021698
894 0.00854492
162 0.00524902
511 0.00756836
811 0.0172729
84 -0.00675201
685 1.71301
800 0.0164795
853 -0.0145874
1108 0.0656738
886 0.0290527
921 -0.0245361
394 -9.91766
439 0.016449
522 0.0177612
922 0.055481
510 0.00891113
810 0.00421143
504 0.00228882
474 12.4932
290 -15.3732
1234 0.0213623
369 0.00305176
665 0.026001
506 0.0090332
351 0.0149536
162 0.00514221
792 0.00793457
659 0.0239868
853 -0.0137329
340 0.0223389
798 0.0197754
817 0.00476074
506 0.0280457
1136 -0.00744629
1204 0.0825195
491 -0.810577
854 0.0189209
493 0.00976562
1078 0.0422363
358 -12.4445
491 -0.81369
500 0.00448608
489 0.000396729
499 0.000732422
513 -0.527222
659 0.0239258
1234 0.0213623
57 0.00986862
351 0.0157166
44 0.0128212
69 -45.9119
851 0.0148926
489 0.0123901
448 13.7916
461 -0.0090332
836 -0.0227661
959 0.0484619
513 -0.527344
441 0.0101013
893 0.0378418
659 0.0236816
831 -6.10352e-05
352 0.0122375
523 0.0197144
850 0.0304565
1204 0.0822754
23 0.0307007
659 0.0390625
436 0.0101318
400 -9.33685
351 0.0125122
930 0.0212402
666 0.0371094
520 0.0140381
495 12.2055
348 -13.2341
775 0.0368652
250 0.00828552
1015 -0.0292969
1097 0.0438232
393 0.0010376
491 0.0115967
364 0.0350342
391 0.00698853
504 0.00247192
400 -0.0032959
513 -0.528381
647 0.0436401
384 -0.00695801
368 0.0136414
487 0.0105286
57 0.0100327
893 0.0377197
777 0.0115967
875 0.0180054
84 -0.00683594
504 0.00262451
1219 0.0998535
23 0.0308304
777 0.0114746
318 0.0131226
1015 -0.02948
807 0.0187378
1184 -0.0301514
665 0.0264282
693 0.0168457
627 0.00653076
707 0.208557
280 -24.2425
511 0.00411987
461 -0.0090332
750 0.0249634
1073 0.0290527
1218 0.0350342
491 -0.0145264
92 0.0103455
356 -0.00390625
47 0.000648499
673 0.00756836
708 0.00585938
766 0.0419922
1170 0.0217285
390 -0.00314331
349 0.00604248
651 0.0153198
364 0.00332642
461 -0.0085144
395 -0.00738525
1072 0.0305176
922 0.055603
314 0.00753784
312 0.0446472
500 0.00457764
605 0.0196533
792 0.00665283
393 0.00115967
659 0.017334
1197 -0.0146484
785 0.000915527
831 -0.000671387
417 0.00164795
490 0.0267029
368 0.000946045
318 0.021698
1170 0.0217285
661 -0.00646973
853 0.0251465
922 0.055603
1204 0.0823975
660 0.74469
886 0.0288696
617 0.0144043
606 0.039856
491 -0.813263
400 -0.00387573
665 0.0264893
461 -0.00900269
417 0.00158691
1212 0.109985
148 0.0871277
749 0.0159912
456 -0.0105286
87 0.00305939
348 0.0107727
693 0.0166626
525 0.0220337
651 0.0150146
291 -15.4159
876 0.0129395
262 0.00390625
644 0.0258179
1073 0.0305176
440 0.0179443
481 0.0157471
892 -0.00244141
461 -0.0090332
459 -0.0384521
669 -0.358582
363 -0.0105286
351 0.016449
500 0.00460815
487 0.0187988
792 0.0300293
737 1.04114
809 0.00683594
487 0.0107117
922 0.0556641
850 0.0325928
461 -0.00909424
720 0.0221558
381 0.00250244
250 0.00814819
351 0.0169373
854 0.0209351
629 0.00653076
811 0.017334
617 0.0143433
1099 0.0111084
788 0.0249634
853 0.0255737
827 0.0371094
1170 0.0217285
511 0.0123596
777 0.0152588
393 0.000762939
250 0.00933838
84 -0.00674438
481 0.00595093
1136 -0.00744629
681 0.0274048
810 0.0270386
1204 0.0825195
472 0.0310669
1221 0.0811768
450 0.00473022
364 -0.000335693
517 0.03125
853 -0.013855
594 -0.0307007
441 0.010498
303 0.0233459
886 0.0289307
854 0.0189209
720 0.0223999
876 0.0200195
356 -0.00405884
322 0.0646973
1204 0.0838623
1197 -0.0147705
495 12.2058
351 0.0149231
296 0.0309753
417 0.00177002
307 0.0198364
665 0.019104
1208 -0.0178223
216 0.0117035
260 -0.000915527
500 0.00466919
1098 0.0335693
886 0.0286255
672 0.00720215
665 0.019043
851 0.0148926
824 0.041687
840 -0.0123901
327 0.0221558
339 0.0178833
429 0.0223999
57 0.00955963
69 -45.9114
777 0.0113525
771 0.0136108
853 -0.0139771
617 0.0146484
774 0.0140991
930 0.0379639
792 0.00695801
1015 -0.0292969
1098 0.036377
114 -39.3776
368 0.0135498
400 -9.33658
493 0.0142822
502 0.0267944
728 -0.0903931
343 0.0314636
814 0.0285034
844 -0.00933838
1209 -0.0115967
708 0.00549316
1173 0.000610352
1038 0.0651855
765 0.0712891
491 -0.811035
474 12.4929
809 0.00750732
644 0.0316772
693 0.0165405
483 0.0155334
291 -15.4159
838 0.00195312
801 0.00653076
57 0.0100899
504 0.00265503
416 0.0105286
801 0.0358887
925 0.0418091
862 0.0296021
749 0.0159912
663 0.0405884
1133 -0.0339355
321 0.0135803
351 0.0153198
685 1.71313
429 0.0222473
886 0.0290527
336 -14.0858
913 0.0253296
417 0.0017395
807 0.0162964
501 0.0500793
651 0.0115967
493 0.00466919
381 0.00231934
342 0.040802
720 0.0224609
629 0.0067749
274 -0.00387573
359 -0.0198975
487 0.0187988
909 -0.0671997
627 0.00689697
524 0.0450439
669 0.00750732
681 0.0413208
363 0.0168152
71 6.86646e-05
671 0.000854492
71 0
537 9.59686
206 0.00668335
693 0.0170288
439 0.0158386
417 0.00167847
262 0.003479
260 -0.00558472
801 0.0361938
323 0.0192871
661 -0.00665283
459 -0.041687
500 0.00448608
1098 0.0480957
414 -0.00598145
665 0.0264282
1079 0.0632324
243 0.0129089
491 -0.811646
878 0.0012207
1164 0.0666504
670 0.0250244
408 -0.000579834
23 0.0307999
361 -0.00656128
665 0.0192871
1078 0.0423584
659 0.00720215
749 0.647949
473 0.0300293
486 0.019989
464 0.0111084
781 0.0299072
478 0.0194397
927 0.00793457
516 11.1546
267 0.00344849
833 -0.000305176
574 0.0153809
1108 0.0482178
663 0.039978
1104 0.0393066
8 0.0459757
721 -0.459351
92 0.0104446
318 0.0123291
509 0.0296631
436 0.0305176
801 0.0356445
461 -0.00897217
447 13.7948
629 0.0067749
431 0.0274353
787 0.0194092
501 0.0170288
671 0.0280762
1184 -0.0301514
691 1.7124
750 0.0251465
439 0.0196228
266 0.00744629
1038 0.0650635
57 0.0100288
781 0.0292969
442 0.0449829
507 0.0389099
731 0.0588989
376 0.0170593
434 0.0166626
897 0.00695801
574 0.0154419
665 0.0412598
793 0.0230713
663 0.0397339
373 0.0103149
1038 0.0651855
693 0.0170288
509 0.0197449
426 0.0384521
418 0.0445557
886 0.0290527
385 -0.0160828
854 0.0189819
618 -0.105713
853 0.0254517
398 -0.00369263
536 -0.00299072
445 -0.0164185
594 -0.0303955
932 0.0103149
237 0.00167847
55 -0.0139847
685 1.71313
432 0.0228882
833 -0.000488281
504 0.00253296
178 0.107635
1176 0.00537109
897 0.00482178
682 0.0343628
250 0.00933838
368 -0.00717163
440 0.013031
1127 -0.019043
340 0.0198364
487 0.019043
512 0.0114746
760 0.0065918
262 -0.0139771
693 0.0166016
359 -12.4108
919 0.0238647
393 -0.0045166
663 0.0410156
835 0.036499
1027 -0.00109863
491 -0.814331
381 0.0022583
267 0.00521851
618 -0.105652
461 -0.00900269
335 -0.00579834
250 0.00935364
773 0.0150146
146 -0.0428009
454 0.000488281
356 -0.00363159
854 -0.00842285
801 0.0355835
331 0.0130005
381 0.00338745
381 0.00238037
439 0.0159607
305 0.0236816
748 0.017334
369 0.0105896
445 -9.15527e-05
874 0.020813
491 -0.0190735
530 0.00756836
8 0.0460482
237 0.00213623
513 0.0238647
871 0.0826416
798 0.0154419
780 0.0022583
801 0.0360107
501 0.0500793
925 0.0418091
892 -0.00231934
894 0.00775146
513 0.026123
793 -0.0256348
1100 0.0473633
393 -0.00997925
431 0.0284119
768 0
348 -13.2337
663 0.0418701
853 0.0352783
618 -0.106812
788 0.0268555
662 0.0454102
682 0.0370483
287 -14.9157
394 -9.91721
262 0.00637817
767 0.020874
356 -0.00375366
966 0.0245361
773 -0.00958252
525 0.003479
57 0.00961304
693 0.0169678
513 -0.528564
494 -0.00759888
284 -0.0102844
393 0.00186157
557 2.20435
1038 0.0649414
1079 0.0554199
355 0.00512695
861 0.0192261
371 -0.0177612
811 0.0172729
370 0.00344849
439 0.0257874
1205 0.0871582
330 -14.422
515 0.00927734
1184 -0.0297852
1197 -0.0147705
693 0.0169678
361 0.0273743
438 0.0141602
522 0.0200195
777 0.0115356
693 0.0166016
502 0.0462952
1079 0.0557861
413 -0.00338745
749 0.0161133
812 0.0238647
801 0.00646973
421 0.0184326
411 -0.00814819
431 0.0273438
925 0.0418091
663 0.0404663
439 0.0158997
489 0.0105286
627 0.00646973
279 -0.00753784
237 0.0018158
404 0.0228882
757 0.0183716
495 0.015625
439 0.0158691
321 0.0201721
478 0.0258789
1184 -0.0301514
306 0.0417786
752 0.453186
237 0.00167847
665 0.0189209
360 0.0457458
502 0.0511169
871 0.0826416
685 1.7132
434 0.0043335
501 0.0505981
314 0.0147095
390 0.00424194
855 -0.0148315
779 -0.0111084
495 12.2045
396 -3.05176e-05
430 0.00906372
405 -9.20441
671 -0.367798
801 0.0355835
557 2.20447
267 0.00497437
501 0.0500793
796 0.0238647
267 0.00344849
513 -0.528442
1108 0.0655518
750 0.0252686
334 -0.00488281
513 -0.528564
321 0.0137634
750 0.0233154
630 0.00164795
434 14.9095
385 -10.5464
1073 0.0292969
359 -12.411
665 0.0271606
787 -0.0106812
809 0.0230103
930 0.0380249
750 0.0250244
500 0.00463867
665 -0.303833
693 0.0169678
401 -0.00656128
819 0.0437012
367 0.00894165
496 0.00213623
513 10.8521
478 0.019043
356 -0.00393677
659 0.0397339
894 0.0078125
1184 -0.0263672
426 0.0383606
632 0.0166016
791 0.0349121
502 0.0464172
789 -0.00341797
358 -9.87961
321 0.0136414
249 0.0124359
515 0.00958252
384 -0.0123291
807 0.0402832
627 0.00695801
752 0.0316162
1234 0.020752
1204 0.0823975
798 0.0626831
1182 -0.0341797
756 0.105225
250 0.00947571
919 0.026062
327 0.0205688
271 0.00579834
871 0.0827026
665 0.0262451
672 -0.0012207
472 0.0267334
851 0.0148926
513 -0.528442
1209 -0.00585938
416 0.010498
1126 0.0250244
1127 -0.019165
491 -0.812836
262 0.00384521
909 -0.0673218
403 -0.0131836
876 0.0210571
312 0.0174561
284 -0.0145874
316 0.144867
502 0.0464478
651 0.0150757
515 0.00952148
491 0.0301514
491 -0.813324
618 -0.105957
651 0.0151367
693 0.0170288
752 0.453186
833 -0.000976562
537 9.59705
347 -12.9521
180 0.014328
8 0.0457325
811 0.0169678
630 0.00152588
486 -0.032959
821 0.0407104
1063 0.0856934
557 2.20483
753 0.0187378
851 0.0148315
439 0.0163574
388 0.0038147
750 0.0250244
821 0.0388794
750 0.0253296
457 9.22034
708 0.00585938
396 -0.0108948
370 -0.0022583
370 0.00735474
266 0.00189209
673 0.00976562
618 -0.105774
284 -0.0132751
403 -0.00601196
790 0.0320435
708 0.00537109
343 0.0315857
801 0.0357666
391 0.00643921
856 -0.0166016
416 0.010498
456 -0.0140381
564 7.77338
371 -0.0175476
875 -0.00378418
409 0.00656128
392 -0.00613403
397 -0.0012207
708 0.0113525
279 -0.00735474
644 0.0314331
660 -0.00720215
262 0.00646973
262 0.00378418
303 0.0240173
72 0.0153198
619 0.0303345
350 -13.0559
834 -0.024292
525 0.0202026
480 0.0102539
833 -0.000793457
505 0.0275269
431 0.0284119
821 0.00390625
771 0.0133667
626 0.0167847
788 -0.00231934
685 1.71313
1038 0.0650635
383 -0.00668335
54 -0.0054512
429 0.0222168
873 0.0227661
835 -0.0234375
663 0.0410767
838 0.0415039
853 -0.0137939
429 0.0222778
749 0.0160522
409 0.00463867
1197 -0.0147705
894 0.0108032
1108 0.0655518
617 0.0143433
605 0.0192871
899 0.0234375
478 0.019165
617 0.0205688
598 -0.0341797
886 0.0290527
379 -0.00494385
778 0.0109863
262 0.00637817
348 -13.2336
57 0.00979614
371 0.025116
431 0.0273132
810 0.0340576
416 0.0106201
605 0.0197144
852 0.0452271
461 -0.00866699
145 0.0300751
424 0.021759
790 0.0239868
644 0.026001
798 0.0613403
503 0.0187073
404 0.021637
429 0.0222778
330 -14.4664
1133 -0.036377
335 -0.0057373
250 0.0224609
749 0.0160522
820 0.0234375
383 -0.0129395
856 0.00604248
564 7.77338
654 1.72864
763 0.0332642
833 -0.0268555
474 12.4911
1079 0.0633545
342 0.0410461
393 0.00189209
498 -0.000427246
808 0.0610352
624 0.0500488
838 -0.0055542
476 0.012207
466 0.00595093
346 0.00128174
306 -14.2526
806 0.0385132
779 0.0402832
317 0.010376
853 -0.0139771
421 0.0365906
777 0.0126343
478 0.0191345
68 0.0170364
634 0.0288696
796 -0.00860596
415 0.00466919
429 0.0222473
57 0.0100784
417 0.0290222
125 -40.0796
766 -0.0204468
428 0.015625
663 0.0423584
1073 0.0303955
651 0.0150146
404 0.0228577
496 0.0223694
750 0.0234375
474 12.491
852 0.0452271
393 0.00192261
409 0.0410461
899 0.0239258
55 -0.0142593
627 0.0103149
820 0.0234375
772 0.0157471
893 0.0378418
113 -39.7023
342 0.0405884
8 0.0459728
378 -0.00622559
441 0.0145569
838 -0.0147705
781 0.0298462
802 0.00628662
758 0.00994873
290 0.0502319
831 0.0643311
751 0.02771
1164 0.0666504
478 0.019043
418 0.0372314
851 0.0148926
751 0.0341797
478 0.0193481
750 0.0252686
617 0.0142822
1052 0.0793457
318 0.00646973
253 -0.00276184
343 0.0310669
769 0.0108032
892 -0.00244141
359 -12.4092
844 -0.00750732
516 11.0065
606 0.0223999
466 0.00485229
165 -0.0170746
429 0.0417175
899 0.024231
863 -0.00366211
343 0.031189
1164 0.0666504
615 0.0394897
443 0.01474
428 0.0203552
663 0.0455322
1078 0.0423584
628 0.0316162
304 0.0161438
71 5.34058e-05
103 0.0372009
402 0.00183105
640 0.0450439
736 0.0529175
420 0.0196533
316 0.0123291
799 0.0722656
475 0.0527954
308 0.0254517
406 0.0178223
777 0.0113525
348 -13.223
42 0.0214615
665 2.02161
57 0.0098877
513 -0.528381
772 0.00927734
820 0.0231934
505 0.0279236
55 -0.0140076
478 0.0189514
356 -0.00366211
488 0.0252075
831 0.0478516
491 0.0259399
513 10.8521
320 0.0114136
441 0.0343018
665 0.0263062
284 -0.0201111
659 0.0336914
525 0.00921631
262 -0.0144043
430 0.0368958
389 -0.00827026
800 0.0165405
853 0.0366211
665 0.019165
419 0.032196
514 0.0142822
852 0.0452881
642 -0.0045166
408 -9.52194
623 0.0195312
823 -0.015564
842 0.000610352
764 0.0228882
391 -0.0117798
959 0.0482178
795 -0.0160522
393 0.00180054
431 0.0305786
735 1.22308
343 0.0316772
537 9.59692
216 0.0137177
488 -0.116852
627 0.015686
757 0.0216064
1209 -0.00683594
1108 0.0655518
384 0.00588989
818 0.0407104
429 0.0222168
431 0.0276794
545 8.93518
476 0.0295715
943 0.0657959
431 0.0274658
801 0.0357666
557 2.20624
750 0.0249634
768 -6.10352e-05
605 0.0196533
833 -0.00109863
501 0.0500183
332 -0.000762939
406 -0.00662231
693 0.0168457
594 0.0303345
804 0.0282593
400 -9.33658
445 0.0235596
461 -0.00866699
392 0.00814819
801 0.00762939
469 13.0977
663 0.0471191
1101 0.0284424
66 -0.00448608
426 0.038269
382 -10.3124
663 0.0400391
492 0.0192566
795 0.0163574
1060 0.0673828
255 0.00105286
267 0.00427246
426 0.038269
346 -13.5416
785 0.0238647
791 -0.00146484
301 -12.3378
387 -10.4947
491 -0.810638
871 0.0200806
76 -0.00595856
439 0.0168762
418 0.00714111
371 -0.0174866
359 -12.3791
165 -0.0271912
456 -0.0130005
663 0.0376587
915 0.0043335
750 0.0341797
343 0.0315552
421 0.0367432
663 0.0419922
833 -0.000854492
691 1.71234
851 0.0368042
821 0.00390625
350 0.00927734
117 -39.3639
801 0.00653076
439 0.0162048
216 0.0115662
39 0.0459671
332 -14.3293
237 0.00187683
429 0.0223694
446 0.0161438
665 2.02197
899 0.0241089
826 0.0296021
828 -0.0100708
685 1.71301
437 -0.0108337
301 0.00164795
117 -39.3651
909 -0.0672607
441 0.0194092
476 0.0335693
1234 0.0216064
738 0.0599976
417 0.00170898
622 0.0410767
393 0.000701904
809 0.00738525
225 0.0334778
648 -0.00274658
931 0.0379028
496 0.00894165
393 0.000946045
312 0.0384521
314 0.0125122
367 0.00900269
472 0.0209656
809 0.00738525
426 0.0384216
431 0.0274353
853 -0.0151978
594 -0.0308838
295 0.102753
290 -0.0184326
392 0.00613403
1057 0.0404053
323 0.00558472
781 0.0400391
795 0.0126343
606 0.0228882
268 -0.000762939
333 0.0148315
883 -0.00177002
478 0.0188904
405 0.00463867
519 0.026123
494 0.028595
440 0.0178528
606 0.0230103
789 -0.0147705
434 14.9083
805 0.00878906
362 -0.0218811
590 0.0229492
376 0.0120544
1051 0.0761719
838 0.0415649
1224 0.0273438
524 0.0432739
445 0.0292358
491 -0.0152893
60 -42.2439
638 0.0177612
646 -0.00189209
445 0.0363464
404 0.0127258
1028 0.0183105
472 0.03125
801 0.0355835
771 0.0137329
617 0.0143433
777 0.0307617
456 -0.014679
788 0.0136719
357 0.00265503
606 0.0233765
491 -0.811768
431 0.0283813
405 -9.48004
791 -0.0158691
385 -0.0202942
392 0.00692749
644 0.026001
606 0.0230713
1184 -0.0283203
857 -0.00189209
759 0.0159912
439 0.0159302
644 0.0274658
324 -13.0138
400 -9.33701
871 0.0532837
833 0
795 -0.00469971
8 0.0458736
661 -0.00671387
691 1.71234
821 0.00402832
913 0.0045166
284 -0.0196838
321 0.0167542
930 0.0379639
417 0.00167847
790 0.0368042
639 0.0256958
394 -0.0050354
818 0.0474854
303 0.0238647
537 9.59772
816 0.151978
448 0.0171509
1015 -0.0285034
783 -0.00183105
479 0.0143738
372 0.0130615
1094 0.0469971
316 0.0411072
323 0.0191956
792 0.00878906
179 0.0936584
648 -0.00378418
794 0.0262451
311 0.0119934
723 -0.851929
918 -0.0357056
456 -0.0100098
162 0.00476074
838 0.041687
813 0.0263672
70 0.0294495
328 -12.6873
479 0.0101318
181 -87.7641
408 -9.42184
867 0.0369263
756 0.105347
627 0.00628662
472 0.031189
821 0.00402832
405 -9.20508
661 -0.00671387
461 -0.00823975
42 0.0211067
659 0.0236206
811 0.0170898
1038 0.0650635
267 0.00378418
644 0.0317383
297 0.0533447
804 0.00494385
391 0.00701904
894 0.03125
431 0.0310059
428 -0.00109863
644 0.0259399
383 0.0245667
871 0.0828247
566 -0.0212402
1006 0.0316772
749 0.0160522
379 0.0132141
894 0.031189
477 0.0050354
13 -0.0484943
895 0.0476074
797 0.00128174
1 -49.8925
462 -0.00674438
420 0.0380859
91 -42.3371
618 0.0341797
651 0.0153809
393 0.00186157
497 -0.141357
456 12.7331
557 2.20587
472 0.0276489
766 -0.0205078
831 0.00665283
770 0.0162964
886 0.0289917
750 0.0252075
834 -0.00518799
410 0.00256348
627 0.00683594
1234 0.0213623
171 -0.0325775
853 -0.0137939
318 -14.7625
893 0.0379028
317 -0.00131226
267 0.00500488
853 0.0359497
627 0.0366211
853 -0.015625
621 0.0216675
748 0.0671997
862 0.0290527
827 0.0374756
294 0.0564575
770 0.0324097
594 0.0332031
1052 0.0777588
472 -0.178497
725 0.643066
84 -0.00635529
930 0.0379028
878 0.0109863
513 10.8521
456 -0.010376
352 0.0190735
299 -0.0108337
303 0.00601196
359 -12.3787
793 0.00640869
636 -0.153137
404 -0.000640869
359 -12.3794
84 -0.00643921
1037 0.0703125
778 0.024292
833 0.0446777
651 0.0150146
821 0.00390625
651 0.0152588
322 0.0405273
180 0.0142212
853 -0.0134888
1005 -0.00280762
3 0.0928409
298 0.0409241
430 0.00674438
852 0.0452881
339 -0.0085144
651 0.0151367
1006 0.0317383
528 10.0158
431 0.0274963
478 0.0333862
404 -0.00827026
833 -0.00109863
426 0.0147095
31 0.0327682
605 0.019165
661 -0.00665283
356 0.00723267
537 9.59711
255 -24.9505
284 -0.0197144
1232 0.0970459
876 -0.0078125
216 0.0117798
88 -0.00875092
162 0.00517273
520 0.0360718
630 0.00177002
461 -0.00872803
930 0.0379639
371 -0.0178223
838 0.0010376
790 0.00866699
925 0.0418091
692 -0.00457764
663 0.0411377
1184 -0.0300293
495 12.2045
630 0.00140381
605 0.0186157
381 0.0133057
427 0.0104065
393 0.00213623
67 -0.0344238
404 0.011322
393 0.00100708
472 0.0311279
910 -0.0327148
389 -9.99515
369 0.00146484
645 -0.00482178
474 -2.15039
1179 0.000244141
379 0.0187988
944 0.0736084
755 0.00634766
48 -44.0236
833 -0.0010376
838 0.0413818
472 0.0637817
665 0.0119019
493 0.0256653
658 0.0446777
461 -0.00906372
501 0.0488892
780 0.0291748
262 0.00637817
708 -0.0310059
439 0.0157471
237 0.00215149
117 -39.364
439 0.0159912
778 0.00354004
297 0.0209656
343 0.0315857
478 0.0189514
474 12.4923
1015 -0.0286865
811 0.00512695
321 -14.5328
763 -0.00177002
605 0.0202026
556 8.25836
488 0.0211182
846 0.0406494
268 -0.000457764
692 -0.0032959
627 0.00628662
434 14.9072
512 11.2092
348 -13.2346
312 0.000946045
960 0.0708008
330 -0.00631714
893 0.0377808
797 0.00128174
382 0.0336304
502 0.0022583
512 11.2164
752 -0.010498
297 -12.3966
359 -12.4095
606 0.0228882
356 -0.00375366
960 0.0708618
491 -0.810669
909 -0.0672607
811 0.017334
843 -0.00909424
358 -12.4444
623 0.0214844
363 0.00546265
748 0.0210571
1194 -0.0213623
821 0.00390625
621 0.0214844
781 0.0299683
808 0.0221558
327 -0.196381
405 -9.20499
456 -0.0160828
393 0.00183105
893 0.0375366
358 -9.88303
629 0.0067749
419 0.0418091
1009 0.00476074
184 -0.00840759
864 0.0244141
892 -0.00231934
869 0.0254517
387 0.0176086
343 0.0316467
262 0.00390625
808 0.0610962
38 -0.00380707
356 -0.00372314
833 -0.000915527
466 0.0187378
619 0.0317993
886 0.0287476
814 0.026062
462 0.000762939
113 -39.6991
617 0.0144043
839 0.0378418
1234 0.0216064
792 0.00610352
838 -0.00561523
859 -0.109619
624 0.0449829
1164 0.0662842
386 0.00415039
1038 0.0649414
237 0.00166321
621 0.0205078
326 -12.8629
620 0.0279541
650 -0.0846558
791 0.043457
417 0.0417175
1108 0.0656738
1072 0.0305176
541 9.44165
814 0.026062
40 0.00112152
814 0.0246582
462 0.00219727
459 -0.0103455
348 0.0108643
331 0.0128479
309 -13.0013
302 0.0248108
416 0.00741577
517 0.0249023
801 0.0355835
372 0.0153809
676 0.0214844
371 -0.0177002
374 0.0227661
794 0.00915527
772 0.00360107
821 0.00402832
644 0.00213623
553 8.56305
838 0.0421143
472 0.0278931
930 0.0379028
838 -0.0055542
428 0.000640869
336 -0.00845337
300 0.0327759
821 0.00402832
267 0.00405884
856 0.00579834
918 0.0165405
515 0.00891113
805 0.000732422
452 13.3042
892 -0.00219727
1119 0.0418701
574 0.015625
853 0.0363159
878 -0.0057373
449 -0.0101624
403 0.00256348
743 0.0119629
617 0.0143433
332 0.0108643
918 0.0127563
781 -6.10352e-05
478 0.019165
626 0.0349121
476 -0.0245972
323 0.00714111
356 -0.00402832
302 0.0246582
572 6.8316
918 0.0129395
688 0.0181885
502 0.559021
461 0.0101013
355 -0.0125732
749 0.0160522
1078 0.0423584
826 0.02948
291 -0.0197754
342 0.0408936
882 0.0162964
838 -0.00567627
293 -0.00128174
777 0.0116577
85 -42.2846
493 0.011322
417 0.0331726
348 0.0107727
821 -0.000854492
373 0.0158386
788 0.0101318
566 -0.020874
501 0.050293
386 0.00125122
395 -0.00598145
385 0.0283203
966 0.0246582
788 0.0322266
256 -40.1469
863 0.00378418
489 0.0349426
734 -0.00305176
852 0.0452881
743 0.0209351
782 0.0296631
459 -0.0071106
216 0.0116272
876 -0.00854492
478 0.0195007
364 0.035553
488 0.014679
330 0.0236816
786 0.0327759
826 0.0065918
406 -0.0116882
279 -0.00601196
840 -0.384033
820 0.0235596
813 0.0368652
922 0.055481
505 0.027832
465 0.0296021
346 -0.00811768
392 0.00762939
876 -0.00848389
416 0.00814819
359 -12.3787
864 0.0245361
821 0.00396729
511 0.0448608
778 0.0220337
665 -0.303467
386 0.0671692
606 0.0230713
851 -0.659607
237 0.00180054
800 0.0165405
458 0.0132141
320 -12.8145
279 -0.00610352
473 0.0337524
468 0.0045166
425 0.00772095
783 -0.00671387
403 0.00112915
814 0.0385132
667 0.0100098
216 0.0118256
426 0.0383301
1007 0.0346069
519 0.0223389
851 -0.733154
786 0.0302734
393 0.00128174
117 -39.3651
797 0.0334473
381 -0.00524902
497 0.0232239
808 0.0221558
524 0.0336304
793 0.029541
430 0.019989
501 0.0512695
403 -0.0135498
417 0.00161743
298 -13.0254
491 -0.0146179
640 0.0435791
287 -14.9143
426 0.038269
811 0.0167236
880 0.0366821
279 -0.00732422
898 0.00292969
411 0.0391846
216 0.0118713
825 0.0227661
837 0.0337524
883 0.0185547
876 -0.00830078
441 0.00796509
781 0.0299072
331 0.0115051
405 0.0321045
321 0.0135498
509 0.0418091
333 -14.2827
627 0.0321655
305 -12.2746
74 0.0655441
850 0.0305176
128 -0.0155029
292 0.0715027
523 0.045105
302 0.0175476
665 0.0179443
821 0.00439453
790 0.0227051
627 0.0067749
661 -0.0067749
1101 0.0285645
495 12.2054
606 0.0308228
768 0.0443726
330 -0.000457764
309 -13.0012
810 0.0357666
853 0.0253296
871 0.0827026
1133 -0.036377
930 0.0378418
460 -0.00646973
899 0.0235596
295 0.0144043
478 0.019043
288 -0.0204468
853 0.0115967
668 -0.0188599
303 0.0290833
782 0.0393677
394 -9.9173
417 0.00170898
876 -0.00769043
37 -0.015892
356 -0.00378418
852 0.045166
502 0.0465393
821 0.00402832
413 0.00994873
1101 0.0284424
911 0.0634155
523 10.1891
781 0.0298462
57 0.00929642
426 0.0383911
308 0.071167
367 0.0141907
284 -0.00500488
460 -0.00888062
526 10.265
866 0.026001
882 0.0127563
801 0.0288696
921 -0.0249634
117 -39.3652
664 -0.0349731
826 0.0378418
606 0.0325317
524 0.00421143
471 0.100555
23 0.0310764
459 0.0146179
833 0.0466919
403 0.0464783
885 0.0170288
314 -0.00238037
417 0.00741577
774 0.020813
8 -0.0187044
555 -0.00189209
875 0.0739746
474 -0.00942993
287 -14.9159
386 0.0679016
68 -0.0166931
343 0.0314636
385 -0.0159302
752 0.453491
285 -18.4141
1015 -0.0287476
405 0.0322571
403 -0.00585938
777 0.012207
886 0.0443726
725 0.643127
470 0.00714111
328 -14.4767
410 0.0307007
280 0.0344849
424 0.0291748
264 -0.022583
892 -0.0247192
358 0.00241089
844 0.0383301
766 -0.0204468
21 -0.00261307
8 -0.0185728
329 0.00808716
318 0.021637
882 0.017334
416 0.017334
851 0.0153198
359 -12.3792
321 0.0177307
821 0.00396729
358 -9.88022
886 0.0286865
849 0.00933838
343 0.0314636
385 -0.0104065
331 0.0114441
291 0.0532227
553 8.56323
851 0.0148315
474 12.4929
768 0.0109253
333 0.0187683
783 0.0341797
960 0.0708008
766 0.0126953
429 0.0223389
694 0.0200195
725 0.643433
289 0.049408
247 0.0154419
386 0.0666809
793 -0.000793457
13 -0.0496845
855 0.00805664
501 0.050415
589 -0.0438232
391 0.00698853
109 0.0709229
776 0.0304565
833 0.0467529
754 0.0101929
850 0.0305176
461 -0.0090332
851 0.0251465
363 0.0397949
279 -0.00708008
871 0.083252
461 -0.00900269
409 0.00338745
272 -0.00997925
1133 -0.0350342
513 11.1406
314 -3.05176e-05
831 0.0356445
380 -0.00268555
481 -4.20032
348 0.0109863
251 -16.7535
345 -13.539
911 0.0632324
336 -12.8
457 -0.0012207
801 0.00720215
431 0.0284424
817 0.0372925
557 2.20392
1110 0.052124
816 0.0612183
850 0.0323486
284 -0.0200806
833 -0.000366211
838 0.0414429
299 -10.3347
338 -12.9995
478 0.0190735
557 2.20618
805 -0.00561523
1038 0.0649414
426 0.0384521
586 -0.00512695
930 0.0379639
1133 -0.0255127
268 -24.0191
763 0.0307007
802 0.00762939
406 -9.16708
780 0.041626
774 0.0159302
764 0.0010376
301 0.0255737
824 0.00280762
356 -0.00378418
124 0.00914764
510 11.2071
314 0.00262451
497 11.0594
821 0.00408936
416 0.0292358
814 0.0261841
370 0.0106506
1015 -0.0285645
840 0.0550537
801 0.00701904
804 -0.00195312
385 -10.5463
665 -0.302002
665 0.0179443
478 0.0190125
863 0.372192
882 0.0143433
285 -0.0184937
363 0.0100403
674 0.331238
319 0.0550232
753 0.0127563
933 0.0758667
883 0.0362549
279 -0.00778198
480 -3.89206
665 -0.304688
724 0.207092
641 0.0189819
783 0.0429077
641 -0.000610352
470 0.0686035
237 0.00193787
781 0.0299072
327 0.00473022
867 0.0233765
627 0.0366821
328 0.0298157
864 0.024353
615 0.0396118
820 0.0571289
124 0.0098114
472 0.031189
340 0.00976562
466 0.0319519
240 0.0613556
339 -0.0032959
1009 0.0043335
298 0.0484619
237 0.00183105
473 0.0310059
781 0.0299072
627 0.0367432
340 0.00445557
410 -0.00149536
802 0.0298462
828 0.038208
395 0.0187073
426 0.0382385
1232 0.0976562
845 -0.200989
627 0.0067749
617 0.0147095
808 0.0220947
854 -0.00830078
407 0.0451355
282 0.00787354
361 0.00549316
889 0.0126953
480 0.0153809
822 0.0501709
80 0.045723
1078 0.0423584
853 -0.015686
829 0.0183716
749 0.0160522
359 -12.3795
250 0.00811768
660 0.043335
868 -0.0338135
162 -0.00193787
391 0.00689697
819 0.0466919
341 -9.79727
510 11.4268
343 0.0316162
385 -10.5463
331 0.0117493
1078 0.0423584
389 -0.00390625
520 1.38354
833 0.0466309
88 -42.4181
331 0.0127563
811 0.0167847
348 -13.2246
507 0.0106506
513 -0.528503
371 -0.00344849
811 0.0241699
1237 0.0889893
1023 0.0345459
462 -0.00158691
70 -0.000488281
124 0.00719452
1062 0.074585
343 0.0027771
41 -0.000808716
811 0.0170898
68 -0.0187149
772 0.0164185
513 10.8521
739 0.00946045
490 0.023468
23 0.0309601
813 0.0150757
474 12.4938
357 -12.549
359 0.0136414
313 -13.6951
80 0.0426941
635 -0.583435
866 0.133423
862 0.0292358
639 0.0130005
74 0.0655289
820 -0.00158691
725 0.643433
414 0.0412598
108 -40.4117
829 0.0411377
821 0.0674438
296 0.00668335
899 0.024353
392 0.00686646
1154 0.00488281
284 -0.0197449
526 10.0803
392 -9.77954
788 0.0123901
766 -0.0205078
883 0.017334
638 0.0370483
821 0.0479736
723 0.0298462
830 0.0192871
361 0.0405579
762 -0.123901
448 13.7916
836 -0.00158691
581 0.0478516
813 0.022644
708 0.00549316
316 -14.8947
882 1.62134
730 -0.0314331
403 -0.00595093
445 0.0106506
778 0.0358276
237 0.00195312
843 0.0380249
777 0.0123901
91 -41.2453
251 -16.7543
811 0.0169678
751 0.0415039
841 -0.0181274
784 0.043335
665 0.019104
1234 0.0213623
849 0.034729
356 -12.5623
840 0.0231323
450 13.108
597 0.00762939
338 0.0307922
759 0.0258179
128 -0.0153198
605 0.0195923
460 12.9911
792 0.00695801
627 0.00683594
410 0.00891113
124 -40.0085
265 0.121338
601 0.0535278
724 0.920654
184 -0.00959778
825 0.0198364
822 -0.00457764
720 0.0218506
43 0.0175209
959 0.048645
576 -0.020874
446 0.0135193
21 -0.00246048
966 0.0244751
773 0.00982666
609 -0.00567627
943 0.0612183
790 0.0300293
478 0.0193787
865 0.0233765
392 0.00802612
833 0.0464478
692 -0.00250244
838 0.0374146
910 0.048645
250 0.00917053
896 0.118469
473 0.0447083
303 0.0238953
478 0.0193481
583 0.0507202
781 0.0298462
736 0.00616455
839 0.0521851
839 -0.419617
1154 0.00146484
606 0.0488892
1072 0.0305176
718 0.019165
825 0.0355225
389 0.00900269
663 0.0410156
296 0.0236206
615 -0.0020752
1015 -0.0290527
833 0.0467529
852 0.0232544
535 9.81104
857 0.0495605
334 -0.0327148
447 13.7947
760 -0.0264282
764 0.0373535
13 -0.0496283
284 -0.0198364
356 -0.0038147
401 -9.43866
822 0.0490112
502 -0.00827026
117 -39.363
348 0.0122681
893 -0.00811768
510 11.2467
784 0.0255127
941 0.0665894
309 -13.0006
468 -0.00891113
253 -0.00212097
255 -0.0107117
463 -0.00558472
330 0.00762939
692 -0.0022583
871 0.0826416
661 0.0108643
760 0.0505371
800 -0.0129395
784 0.0311279
838 0.045105
371 -0.0176392
842 -0.372498
511 -0.140167
839 0.0197144
80 0.0424194
722 0.185425
606 0.0303345
38 0.00527191
801 0.0043335
257 0.000335693
686 0.0532837
68 -0.0188217
404 0.0242615
287 -14.9145
739 0.0307617
862 0.0287476
718 0.0188599
938 -0.783752
966 0.0244141
766 0.0348511
627 0.00695801
898 0.00427246
321 0.0174866
855 -0.029541
333 -14.265
446 0.0241394
826 0.0473022
851 0.027832
930 0.0385742
456 -0.00570679
1005 0.0527954
894 -0.0648193
892 0.110413
329 0.00527954
501 0.0515442
910 0.0765381
765 0.071167
3 -0.00743055
894 0.031189
850 0.0283813
602 0.0587158
319 0.00488281
821 0.00421143
848 0.0297852
426 0.0384521
789 0.00939941
405 0.0332031
524 -0.0135498
922 0.0237427
504 0.0197449
764 0.0361328
355 0.00558472
894 0.0309448
892 -0.00219727
470 -0.0154724
823 0.0379639
448 13.7917
916 0.0735474
363 0.0233765
755 -0.0532837
897 0.0166626
455 -0.0169373
628 0.0502319
808 0.0220947
266 -0.024353
405 0.032135
295 -0.0183105
326 0.0168152
1007 0.034729
766 0.031311
535 9.81207
752 0.452515
378 -0.00219727
80 0.0455246
796 0.020874
476 -0.0166016
285 -11.7091
478 0.0192871
617 0.0144043
309 -13.001
910 0.0346069
820 0.0588379
592 0.0142822
838 0.041626
680 0.0447998
450 11.1444
490 10.059
816 -0.00476074
472 0.0259705
655 0.00366211
890 0.352112
941 0.0452271
922 -0.0861816
600 0.0098877
835 0.0474854
489 0.0339661
27 -0.0074749
59 -40.3883
814 0.0404053
358 -9.88199
401 -9.3092
770 0.0811157
513 -0.00354004
870 0.0177002
851 0.0148926
251 -16.7556
313 0.0147095
765 -0.00213623
225 0.0220947
400 -9.33615
797 0.0154419
886 0.0287476
673 -0.00177002
504 0.0284729
944 0.00811768
606 0.0328979
57 0.00931549
751 0.0714722
829 -0.00823975
289 -0.037262
165 0.0399628
399 0.0236511
698 0.0117798
639 0.0344238
342 -0.0071106
879 0.100098
771 0.0126343
346 -13.5416
879 0.100403
478 0.0190735
629 0.0065918
897 0.0171509
473 0.0301208
520 1.37988
757 0.0401611
1038 0.0650635
831 -0.00109863
13 -0.050252
287 -14.9134
723 0.254211
644 0.031189
647 0.0501099
783 0.0343018
918 0.039978
369 0.0125732
287 -14.9142
750 0.0253296
708 0.0147095
838 0.0284424
339 0.00408936
793 0.00756836
314 -0.00131226
811 0.00366211
395 -9.47717
520 10.3684
788 0.00305176
932 0.0181885
312 0.000488281
416 0.0105896
287 -14.916
644 0.0317993
924 0.124573
511 -0.00634766
701 0.0339355
344 0.000396729
14 -0.0314655
832 0.0331421
651 0.0153198
510 11.2719
661 0.0359497
288 -0.0415039
393 0.00210571
853 0.0358276
359 0.0396423
826 0.0113525
40 0.029274
1035 0.0159912
749 0.0106812
609 -0.00842285
303 0.0234985
884 0.0394287
298 0.00366211
1232 0.0975342
648 0.0258179
820 0.0233154
795 0.0266724
848 0.0404053
5 -0.0145669
811 0.0313721
783 0.019165
495 12.2045
647 0.0490723
960 0.0709229
802 -0.0202026
754 0.0582886
655 0.0440674
660 0.0250244
726 0.0181274
354 0.0140076
426 0.0382385
834 0.0270996
431 0.0282593
930 0.0379639
767 0.0200195
50 -0.065464
643 -0.274719
850 0.0321655
665 0.0178833
1009 0.00463867
361 0.0165405
426 0.0383301
450 0.0067749
393 -9.00754
797 -0.0238037
340 -14.1371
343 0.0314636
280 -15.2908
767 0.00952148
647 0.0499878
862 0.0300903
853 0.0212402
661 0.0362549
235 0.00708008
947 -0.225891
52 0.0394478
749 -0.000976562
665 0.019043
790 -0.00512695
760 0.0197754
899 0.0237427
724 0.0269775
1133 -0.0334473
393 0.000518799
520 1.37836
841 0.0465698
303 -14.5598
898 0.00561523
751 -0.0239868
833 0
354 0.0538635
947 -0.226196
833 0.0171509
1015 -0.0296021
331 0.012146
481 -0.00836182
908 -0.0341187
817 0.0327759
526 -0.0384521
640 0.0316772
87 0.00296783
760 -0.0278931
300 0.0109863
639 0.00952148
753 0.0010376
733 0.020874
306 -14.2228
899 0.024231
810 0.0133667
390 0.00167847
963 0.0220947
642 -0.191956
390 -0.0038147
591 0.0330811
647 0.0498047
308 0.0145264
331 0.0126953
943 0.185669
692 -0.00238037
638 -1.23987
774 -0.0375366
853 0.036438
627 0.0366211
712 -0.0300903
767 0.0418701
734 0.0667725
772 0.0494385
14 -0.031518
762 0.0354614
475 -0.602661
800 -0.00665283
838 0.0413818
853 0.036438
348 0.0106506
279 -0.0233154
313 -0.00454712
476 13.2112
757 0.0543213
443 0.0246582
751 0.0288696
654 0.0569458
509 0.01651
607 0.0139771
825 0.0192261
594 -0.0307617
475 -0.552307
1 0.0633717
644 0.0314331
846 0.0461426
749 0.0160522
423 0.0476685
886 0.0078125
398 -9.14688
769 0.0404053
686 0.0628662
306 -11.5707
541 0.0276489
669 -0.422607
799 0.0214233
905 0.00860596
877 3.33557
284 -17.1505
740 0.0511475
668 -0.00146484
606 0.0287476
753 -0.0250244
848 -0.263428
846 0.0482788
786 0.0476685
668 0.0162964
229 -0.0304565
759 0.0498657
792 0.0287476
393 0.000701904
336 -14.0868
524 0.0337524
778 0.00744629
725 0.64386
781 -0.0118408
829 0.0279541
761 0.353516
638 -0.0012207
594 -0.0308838
385 -10.5462
346 -12.6579
692 0.0288086
874 0.0401611
638 -0.870605
705 0.00738525
1133 -0.012207
641 0.0412598
821 0.00402832
906 0.022644
35 0.0224342
475 0.0467224
447 13.7946
405 0.0352478
920 0.0834961
849 0.0231323
467 -0.0277405
627 0.0067749
876 -0.00756836
576 0.0205078
469 13.2267
224 0.00521851
781 0.0304565
466 -0.0201721
305 -14.1853
870 0.0120239
323 0.0200195
785 -0.00488281
445 0.0180969
753 -0.0411377
476 0.0206604
760 -0.027771
904 -0.0430298
651 0.0151367
831 0.0255127
822 0.026062
336 -13.9743
609 -0.00769043
859 -0.12439
246 0.000839233
856 -0.000305176
853 0.0361328
838 0.0415039
258 0.000305176
856 0.020752
781 0.0344849
851 0.0184326
781 0.0299683
478 -2.62354
523 -0.0270996
100 -40.3707
478 -0.861877
1127 -0.019165
854 0.00738525
878 0.000915527
837 0.027771
848 0.0454102
654 -0.00201416
668 0.0223389
820 0.0233154
665 0.019165
647 0.0494995
524 0.0335693
843 0.0463257
253 0.00540161
761 0.0244751
1150 -0.06604
333 -12.7901
840 -0.273376
800 -0.0214233
831 -0.00140381
23 0.0310116
886 0.0286865
359 0.0283813
766 -0.0204468
724 0.0273438
447 13.7946
609 -0.00836182
771 0.0118408
729 0.0177612
23 0.0309753
763 0.0280151
1099 0.0109863
789 0.0272827
658 0.0374146
779 0.0383911
1128 0.0186768
344 -0.00296021
811 0.0236816
853 0.0255737
746 0.0373535
821 0.00390625
925 0.0418091
794 0.00616455
810 0.0126343
248 -4.69757
695 0.015625
822 0.0569458
655 0.00378418
898 -0.0483398
452 -0.0192871
725 0.552612
898 0.00506592
1007 0.0349731
769 0.0947876
251 0.00216675
867 0.0307617
673 0.00714111
290 -15.3733
777 0.012085
638 -0.552612
438 4.38113
165 -31.6967
838 0.0412598
256 -7.77908
355 -0.0098877
610 -0.00897217
766 -0.0205078
723 0.0294189
740 -0.0129395
686 0.0536499
849 0.0222168
236 0.0346222
1127 -0.019165
892 -0.0022583
638 -1.23871
897 0.0170288
1133 -0.0350342
735 0.0895996
664 0.0334473
879 -0.0198975
869 0.0153809
970 0.143738
646 0.0112305
838 0.0527954
867 0.0289917
582 0.00384521
507 0.0287476
768 0.000976562
844 0.0319214
922 0.055603
303 0.0233765
844 0.0442505
855 -0.0297241
303 0.0426025
738 0.0429688
401 -0.00674438
426 0.0383606
405 0.00656128
26 0.0365448
358 -9.87946
557 2.20526
87 0.00301361
854 0.00805664
653 0.041687
686 0.0657959
847 0.0296631
638 -1.23822
669 0.0515747
308 -13.585
637 0.071228
886 -6.10352e-05
463 12.8263
387 -10.4949
665 -0.305847
724 0.330322
781 0.0299683
397 -9.32611
692 -0.00860596
865 0.0106201
615 0.0296631
168 0.0163727
798 0.0478516
720 0.0224609
361 0.00430298
749 0.00323486
873 0.0353394
517 0.0422363
1120 0.115723
559 -0.0194092
845 -0.0055542
949 0.141724
1185 0.00378418
355 0.0323181
471 13.1607
819 0.0466309
907 0.0585938
808 0.0637817
847 -0.202759
309 -13.0001
242 0.0662689
805 0.0681763
328 0.0386658
235 0.00735474
674 0.00756836
838 0.0461426
686 0.0491943
786 -0.00323486
259 -0.00656128
799 0.026123
864 0.0200806
821 0.0227661
335 0.0286255
898 0.0055542
562 -0.0078125
787 0.0143433
897 0.0133057
13 -67.438
62 0.0407143
317 -12.6115
772 0.0209961
869 -0.0189209
359 -12.4109
651 0.00292969
625 0.0287476
724 0.0264282
1153 0.0113525
647 0.050354
487 9.27817
775 0.00354004
407 -0.0186462
823 0.0854492
864 0.488586
615 0.0393066
616 0.0198364
610 0.0458374
638 -1.23975
854 -0.00494385
901 -0.0345459
869 0.0371094
515 0.00585938
754 0.0477295
751 -0.0211792
660 0.0467529
723 0.0355225
641 -0.00146484
140 -0.00372314
649 0.0480347
429 0.0223999
610 -0.0278931
823 0.0427856
852 0.0452881
724 0.329956
859 -0.0311279
615 0.0394287
1197 -0.0147705
838 0.0426636
168 0.0279083
596 0.00195312
780 -0.00653076
780 -0.00872803
321 0.0179138
670 0.0219116
251 0.0480499
404 0.0236511
649 -0.157349
646 0.0280762
831 0.0280151
583 -0.041626
606 0.0489502
432 -0.096283
610 -0.00457764
168 -31.651
429 0.0223999
322 -12.5956
509 0.0394287
922 -0.0875244
808 0.0610962
469 0.00946045
642 -0.0507812
688 0.0182495
789 0.0528564
157 -59.4801
291 -12.176
921 -0.0248413
1034 0.0263672
788 0.0244751
835 0.0230103
943 0.188232
494 0.0227966
1133 -0.0333252
565 -0.02948
362 0.0129089
769 0.00830078
853 0.0368042
855 -0.0297241
236 0.0348511
857 -0.015564
399 -9.34003
23 0.0309868
1023 -0.0352783
823 0.0536499
854 -0.00610352
970 0.143188
497 10.1685
885 0.0412598
524 -0.0367432
790 -0.00537109
638 -1.23944
1164 0.0665283
838 -0.00695801
784 0.00128174
72 0.00141144
794 0.00897217
727 -0.00701904
827 0.0493774
791 0.0714111
727 -0.0288086
3 -0.117105
595 0.0569458
300 0.0258484
665 0.019043
644 0.0257568
705 0.0114136
746 0.0374756
1018 -0.0182495
568 0.0338135
1078 0.0789795
725 0.0321655
601 0.0629272
446 0.0170593
1078 0.0412598
804 0.0378418
838 0.0415039
50 -0.0525551
811 -0.00189209
560 -0.0183716
608 0.0316772
564 7.77368
755 -0.0405273
817 0.0306396
842 0.0373535
394 -9.58694
350 0.035675
1018 -0.55304
885 0.000610352
921 -0.0247192
606 0.0487671
856 0.0475464
23 0.0308361
808 0.052124
26 0.0320415
101 -40.618
480 -1.52237
1133 -0.0335693
583 0.00653076
403 -0.00588989
406 -9.51962
385 -10.5464
810 0.0228882
686 0.0493164
780 -0.00646973
574 -0.0179443
629 0.00671387
724 0.0275269
893 0.175598
507 0.0367737
830 0.0223999
651 0.0473633
876 -0.00762939
726 0.0152588
838 0.0432739
553 8.56311
792 0.0144653
663 0.0147095
827 0.0543213
822 0.0370483
792 0.0189209
621 0.0631714
1063 0.0900879
686 0.0454712
476 13.2875
450 -0.0150452
783 0.0236816
448 13.7921
832 0.0248413
773 0.0479736
870 0.0250854
853 0.0119019
700 -0.00262451
403 -0.01297
669 -0.358521
514 0.0240479
101 -40.6177
888 -0.0114136
771 0.00909424
851 0.0272827
338 0.036499
647 -0.00164795
701 0.0336304
471 0.0440063
822 0.0509033
820 0.0231934
879 0.0999756
804 0.0380249
285 -11.7091
686 0.0653687
387 -10.4946
582 -0.00494385
855 -0.0294189
647 0.0501099
821 0.0497437
673 0.0131226
864 0.0244141
669 0.0252075
91 -42.337
1121 0.0458984
663 -0.0363159
547 0.0213623
833 -0.000488281
800 0.057251
564 0.00891113
312 0.0192566
617 0.0147095
777 0.0534668
501 0.825165
844 0.0509644
853 0.0359497
708 0.00933838
237 0.00224304
392 -9.96832
586 -0.00970459
557 2.20526
944 0.0228882
113 -39.7018
225 0.0341492
591 0.0736694
109 0.07164
882 0.0167847
894 0.0106812
740 0.00268555
401 0.0333252
831 -0.00128174
894 0.00854492
882 0.017334
814 -0.00415039
783 0.0241089
109 0.071106
756 0.141479
629 0.00683594
470 0.0173035
325 0.00906372
127 -55.8081
810 0.0540771
863 -0.0111084
723 0.0304565
272 -25.1023
519 -3.3822
263 -0.038269
866 0.0670776
569 -0.020874
514 11.225
225 0.0220795
672 0.0125122
342 -12.9624
513 -0.528503
720 0.0223389
574 0.0462036
756 -0.0161743
41 0.0137062
1125 0.0533447
643 0.0460815
831 -0.0012207
165 0.0416565
345 -0.0307007
594 0.0109253
690 6.10352e-05
314 -0.00183105
869 0.0339355
568 0.0343628
837 0.0360718
654 -0.0010376
439 0.0279541
1073 0.0305176
294 0.0106201
333 -0.000305176
496 0.0129089
356 -0.00387573
352 0.0355225
672 -0.00152588
781 0.00604248
775 -0.0281372
238 -0.0273132
635 0.0247803
803 0.0408936
829 0.0252686
252 -0.00357056
759 -0.0397339
80 -40.6207
610 -0.0282593
485 10.1796
729 -0.0100098
937 0.0427246
962 0.0301514
527 0.0747681
839 0.0131836
919 0.11676
448 13.3216
76 0.0123062
897 0.0170288
812 0.0498657
519 0.0293579
758 -0.0317383
1095 0.0214844
842 -0.367676
849 0.0229492
615 0.0429077
1125 0.0535889
384 -0.0746765
251 -0.00845337
933 -0.0123291
856 -0.013916
650 0.0424805
622 0.0245361
672 0.0161743
517 -0.122681
855 -0.0292358
753 -0.0273438
735 0.0103149
1005 0.0522461
736 0.13092
898 -0.00109863
344 -12.7911
1015 -0.0294189
1005 0.0527954
62 0.0286713
899 0.0234985
431 0.0273438
706 0.00701904
62 -0.00378036
285 -11.7109
293 -9.53058
831 0.0307617
254 -0.00991821
654 -0.00170898
584 0.0515747
812 0.0411377
584 -0.0119629
621 0.0646362
513 10.8521
606 0.0490112
622 0.0249023
661 -0.017334
790 -0.00506592
334 0.0160522
674 -0.0181274
586 -0.0067749
547 -0.00543213
649 0.0113525
474 0.0276794
951 -0.00732422
490 0.102814
895 -0.0109863
848 0.00439453
831 0.0410767
84 -37.7958
899 0.0230713
651 0.0022583
1127 -0.0192871
60 -42.244
252 -12.1367
819 0.0159912
807 0.0612183
892 -0.0022583
702 0.0394287
559 0.020874
729 0.0161743
567 0.0643921
662 0.0323486
761 0.0441284
884 -0.00268555
692 -0.00177002
710 0.0449829
1004 -0.413025
602 0.0379639
621 0.0640869
429 0.0223083
360 0.00183105
765 0.000915527
672 0.0127563
686 0.0478516
850 0.0307617
657 -0.136108
640 -0.00695801
513 10.8521
869 -0.0203857
877 0.0490723
640 0.0113525
844 0.00506592
292 -0.0157776
701 0.0338135
945 -0.0952148
672 0.0123901
805 0.0432129
333 0.0144348
738 0.0585938
395 0.0314636
866 0.0117798
672 0.013916
427 0.0218811
817 0.0343018
739 0.0373535
863 -0.00982666
756 -0.0511475
126 -39.3388
713 0.0528564
309 -13.1784
897 0.0168457
463 -0.0161743
690 0.00805664
934 0.0297241
833 0.0341797
605 0.0203247
327 -12.9884
876 -0.00866699
548 0.0490723
790 -0.00164795
833 0.0467529
820 0.0233765
651 -0.101807
562 -0.00708008
794 0.0255737
276 -0.00817871
861 0.173767
845 0.034729
806 0.0172119
970 0.143372
511 0.00354004
325 -12.9746
542 8.9068
970 0.142395
890 0.237244
686 0.0488892
513 -0.528503
257 0.0100098
279 0.019104
635 0.0111694
898 0.00427246
268 -17.709
903 0.0249634
605 0.0192871
853 0.0254517
616 0.00964355
792 0.0250244
647 0.0500488
462 12.7552
355 -0.0116882
606 0.0279541
631 0.0358887
633 0.0220947
529 0.0124512
842 0.0122681
759 -0.0541992
359 -12.4108
226 0.00636292
692 -0.00250244
904 0.0245972
729 -0.0235596
793 0.00598145
449 -0.00112915
665 0.019165
255 -0.00958252
821 0.0175171
635 0.0518188
736 -0.00646973
777 -0.00286865
757 -0.012146
582 -0.00463867
880 0.0176392
886 0.0290527
787 0.0101929
101 -40.6192
345 -0.0306702
896 0.00805664
781 -0.00463867
685 0.0565796
517 -0.122864
848 0.038147
251 -9.14082
689 -0.00500488
672 0.0247803
1095 0.0239258
8 0.0454044
846 0.0153198
640 0.0510254
701 0.0736694
765 0.0709839
159 -33.549
771 0.00866699
668 0.0223999
780 -0.00653076
947 -0.226257
818 0.0206909
188 0.0215759
465 -0.0250854
268 0.0139771
730 0.0424805
23 0.0306683
831 -0.00115967
639 0.0473022
792 0.0515137
628 0.060791
708 0.0148315
741 0.0968018
326 0.021698
1174 0.11792
848 0.0435791
805 0.00854492
343 0.0312195
725 0.642883
958 0.450867
644 0.0257568
495 12.2045
631 0.0368652
766 -0.0205688
790 -0.00500488
705 0.00689697
766 -0.0204468
627 0.0367432
672 0.0345459
833 0.00952148
682 -0.0261841
698 0.0134888
708 -0.0284424
314 0.0109863
729 0.0437012
766 -0.0205078
932 -0.064209
534 -2.58081
542 0.0197754
651 0.0234375
855 -0.0296631
904 0.0272217
386 0.0680847
547 0.020813
566 -0.020874
309 -13.0024
762 0.0220337
403 -0.0126038
26 0.0335484
501 10.3139
838 0.024353
384 -0.0748291
818 0.041748
285 -11.7092
667 0.0184937
140 -0.00360107
650 0.0596313
767 0.0231934
343 0.0314941
22 -71.5364
606 0.048645
329 0.0163574
295 -9.39658
411 0.0164185
686 0.0664062
612 -0.00823975
91 -42.3367
97 -26.7844
1024 -0.0344238
251 -8.74953
549 -0.0341187
886 0.0288696
779 0.0144653
1037 0.0703125
672 0.0139771
606 0.0489502
692 -0.00256348
748 0.0193481
773 -0.0658569
720 0.0380249
523 -0.015686
827 0.0257568
637 0.0202637
840 0.0513306
811 0.0170288
862 0.0339966
597 0.0154419
838 0.0415649
894 0.0111694
729 0.017334
731 0.0429077
56 0.0448952
820 0.0134888
758 -0.0523682
446 0.0149536
525 0.0010376
898 -0.0531006
225 0.0331879
314 0.0465088
658 0.00549316
403 -0.01297
668 0.0159912
391 0.00720215
303 0.00195312
868 -0.0289307
833 -0.000427246
790 -0.00531006
832 0.00842285
790 -0.00543213
1018 -0.55304
899 0.0239258
720 0.0219116
621 0.0498657
673 -0.000610352
668 0.0179443
285 -11.7109
798 0.0460205
514 0.0350342
413 0.051178
13 -67.4236
521 0.0227051
827 0.0132446
820 -0.0199585
884 0.081604
738 0.00512695
734 -0.0241089
327 0.0342407
753 0.601379
235 0.0530243
498 0.00964355
772 -0.0169678
824 0.0119629
1172 -0.341187
322 -14.6654
236 0.0358124
534 -0.0300903
852 0.0452271
568 0.0457764
303 0.0240784
776 0.0706787
143 -0.0530396
287 -14.914
897 0.0169067
617 0.0148926
311 0.0436096
663 -0.0259399
207 0.0324554
827 0.0131226
287 -0.00973511
823 -0.0236816
523 -0.0289307
641 -0.045105
8 0.0458117
854 -0.528442
805 -0.00750732
1099 0.0111084
732 0.0112305
650 0.0444946
891 0.1427
808 0.00506592
494 -0.0050354
748 0.0202637
598 0.0285645
839 0.0299683
757 -0.260376
236 0.0358429
859 0.0561523
297 0.0530396
588 0.0227661
229 -0.0297394
506 0.0369263
769 0.0953979
1035 0.015625
329 0.0574951
472 0.0205994
593 0.00952148
666 -0.302307
790 -0.00482178
1008 -0.747742
855 -0.0292358
991 0.198669
41 -0.0166931
483 0.0151062
860 -0.0209961
531 0.0563965
843 0.0221558
182 0.0351868
663 0.00152588
864 0.00378418
309 -13.0021
72 0.0168915
751 0.0119629
855 -0.02948
5 0.0659633
938 -0.804382
829 0.0109253
489 -0.00823975
754 0.558228
906 -0.0691528
664 -0.0882568
882 0.00848389
777 0.00372314
649 -0.262207
1101 -0.0308838
287 -14.9145
909 -0.0673218
686 0.0537109
819 0.0424805
777 -0.0319214
485 10.1102
786 0.0370483
80 0.0449142
835 0.0216675
792 0.00531006
791 0.0438843
194 0.114136
825 0.0428467
776 0.0344238
924 0.124329
705 0.00634766
176 0.00480652
656 0.00787354
717 0.0251465
638 -1.23987
618 0.0196533
898 -0.00488281
754 0.539795
665 -0.305847
1122 0.00012207
812 0.0032959
876 -0.0106201
394 -0.0102844
574 -0.0271606
656 -0.457214
365 0.0290833
593 0.00933838
18 0.0202637
331 0.0222778
777 0.00384521
821 0.00390625
419 0.0361328
284 -0.0130005
482 0.00311279
846 0.0335693
513 11.1407
701 0.0371704
404 0.00613403
662 0.0161133
432 0.0020752
93 0.0175018
21 0.0172348
639 0.0621948
513 11.1407
547 0.0213013
648 -0.0982056
249 0.022049
676 0.0020752
606 0.0489502
506 0.0195923
384 -0.0747681
837 0.0650024
890 0.0151978
179 0.0762024
779 0.0183105
958 0.384583
772 0.0145874
525 10.1716
556 -0.0619507
656 0.0424805
274 -16.5126
909 -0.00109863
664 0.00982666
963 0.0562744
773 0.0112305
708 0.0065918
543 0.00476074
510 11.2416
134 0.0163422
752 -0.0276489
820 0.0233765
1005 0.0526123
747 0.00616455
781 0.0202637
1216 0.187744
880 0.022522
13 -67.4387
569 -0.0158691
229 -0.0302429
777 0.0354614
797 0.00134277
720 0.104492
605 0.0203857
746 0.0413818
735 0.0305176
657 -0.0101929
8 -9.70102
359 -12.411
146 12.2112
1015 -0.0100708
711 -0.000854492
668 0.0158081
729 0.0177002
567 0.0349121
684 0.0588379
871 -0.0493164
506 0.025177
582 -0.00543213
326 0.0208435
723 0.0664673
24 -0.0659313
568 0.0452271
931 0.0966187
22 -71.8489
678 1.95752
636 0.055603
800 0.0147705
936 0.0197144
506 0.0171509
588 -0.00201416
500 -0.00817871
893 -0.00799561
770 0.00445557
642 0.00408936
431 0.0274048
798 0.0534668
777 0.0938721
335 -0.0241089
653 0.0411377
250 0.0305786
717 0.034668
403 -0.0129089
528 0.0707397
529 0.0163574
287 -14.9143
667 0.00811768
922 0.055481
419 0.0607605
28 0.0371742
731 0.0292969
307 0.0446472
75 0.023056
705 0.0065918
667 0.0248413
1140 0.00561523
445 -0.102722
780 -0.00634766
605 0.0672607
608 0.0338745
524 -0.0317993
446 0.0187073
375 -0.0114746
586 0.0281372
881 -0.012085
686 0.0628052
459 0.0152893
601 0.0635376
599 0.0407715
492 -0.0205994
468 11.301
847 0.0341797
739 0.00952148
1230 0.112183
922 0.055603
233 0.0440369
523 -0.0171509
548 -0.00488281
567 0.0361328
723 0.0298462
921 -0.0245361
794 0.0430908
547 0.020752
869 -0.0523071
932 -0.0618896
966 0.0246582
650 -0.500977
585 0.00469971
97 -26.8074
880 0.00762939
811 0.0369263
887 0.0383911
411 -9.29672
764 -0.0045166
585 0.0120239
880 0.0235596
331 0.0115051
909 -0.0671387
861 0.262756
764 0.0183105
113 0.021698
722 0.101257
392 -0.0296631
764 0.0182495
708 -0.0311279
288 -10.6586
962 0.0302734
760 -0.0275269
284 -0.0107727
530 -0.000427246
82 0.0862427
760 -0.0276489
562 -0.00909424
526 -0.0246582
924 0.124268
522 -3.38159
723 -0.110413
568 0.0332642
948 0.0626221
536 0.00946045
800 0.0164795
163 -25.4643
723 0.029541
662 0.0296631
814 0.0261841
909 -0.0673828
455 0.0116882
605 0.0213623
785 0.0452271
812 -0.00915527
870 0.0175781
832 0.0601196
868 0.00219727
667 0.00830078
134 -39.257
1127 -0.0192871
309 -13.0007
316 0.0331116
755 -0.034668
672 0.0114746
729 0.0170288
724 0.0267944
831 0.0285645
324 0.0151062
42 0.0391273
568 0.0338135
855 -0.0231934
856 -0.0145264
448 13.792
591 0.0213623
713 0.067627
838 0.0415039
690 0.0012207
640 0.0420532
511 0.0174255
612 -0.0114136
658 -0.0298462
640 0.0125122
612 0.00317383
790 -0.00567627
606 0.0493164
740 0.0168457
772 -0.0020752
826 -0.00909424
877 3.09711
897 0.0167236
105 0.00833893
855 -0.0298462
512 -0.0643005
47 -33.2799
405 -0.013916
870 -0.0113525
303 0.0234985
783 0.0161743
947 0.0411987
420 -0.182587
736 0.0112915
355 -0.0103455
191 0.0305481
542 0.0202637
813 0.111084
585 0.034668
1237 0.0891113
686 0.0634766
482 0.00244141
646 -0.570679
289 -13.3986
712 0.0290527
568 0.0339966
321 -12.5884
456 0.0117188
734 0.0205688
850 -0.00305176
874 2.646
403 -0.00595093
840 0.0388794
388 0.00256348
248 -0.0135345
386 0.0687866
657 0.0441895
757 -0.0217896
523 -0.0112915
738 0.0057373
483 0.0260315
601 -0.0187378
872 0.106812
706 0.0206299
549 0.0236816
733 0.00744629
359 -12.4108
237 0.0497742
778 0.00408936
897 0.0170288
763 0.0593872
294 0.0590515
714 0.0410156
325 0.0265808
210 -0.0681915
187 0.0783539
672 -0.000732422
90 0.00409698
781 -0.0620728
343 0.0314941
766 0.0228271
84 -39.9366
41 0.0209656
113 -39.7022
746 0.0379639
635 0.0360107
879 0.0999756
601 0.052124
77 -0.0101166
722 0.0926514
568 0.0333252
513 0.0358276
804 0.0334473
453 -0.00308228
608 0.052002
617 0.0144043
493 0.0406494
575 -0.0216064
308 -14.2561
621 0.0630493
769 0.0953369
341 -12.9985
662 -0.0172119
434 -0.0971985
593 0.0473633
777 0.0397339
800 0.0140991
737 -0.0368042
831 -0.0012207
744 0.00878906
803 0.0501709
909 0.285767
758 0.0119019
210 0.105667
642 0.0322876
670 0.0143433
515 9.12677
601 0.0527954
585 -0.0188599
634 0.0360718
251 -16.7545
842 -0.299072
840 0.0405884
457 -0.010437
395 0.0330505
837 0.0687866
843 0.0361938
643 0.0215454
386 0.0166626
761 0.0379639
679 0.0230103
155 -0.0170288
685 0.0383301
374 -0.0320435
656 0.0342407
735 0.0343628
756 -0.0255737
736 -0.00384521
773 0.0201416
705 0.0323486
69 -45.912
650 0.0625
309 -13.0016
659 0.0100098
647 0.0501099
163 -59.3834
639 0.0477905
912 0.0233154
850 0.0324097
176 0.0799866
514 -0.0643311
864 0.0245972
672 0.00128174
697 0.0216675
771 0.0067749
898 -0.00152588
778 -0.0183716
638 0.071228
610 -0.0336304
870 0.00506592
124 -40.0115
574 0.0157471
166 0.053421
647 0.0501099
887 0.466003
506 0.0171204
505 11.246
652 -0.0458984
880 0.00158691
842 0.0511475
135 -48.0517
187 0.0792236
898 -0.00439453
651 0.0150757
1034 0.0301514
760 -0.0279541
483 0.0256958
850 0.0303955
692 -0.00189209
770 0.0115967
894 0.0309448
620 0.0280762
325 -14.5446
867 -0.0407715
537 9.59698
663 -0.0250244
760 0.00189209
829 0.0455322
640 0.0349731
1180 0.0634766
641 0.0232544
872 0.05896
876 -0.00842285
790 -0.00488281
191 0.0309753
568 0.0460815
742 0.0360718
757 -0.000854492
67 0.0317993
487 0.00628662
51 -43.8403
868 -0.0221558
742 0.0203857
384 -0.0748291
729 0.0177612
326 0.0222473
124 -40.0084
692 -0.0288086
801 0.0505371
621 0.0639648
844 -0.00811768
245 0.0505829
894 0.010376
732 -0.00854492
327 0.0208435
206 -0.0352783
838 0.0415039
663 0.00189209
301 0.0120544
798 0.0358276
457 -0.0871582
808 0.0220947
698 0.0102539
807 0.0252686
744 0.00445557
484 11.1903
803 0.0596924
667 0.024231
772 0.00378418
873 2.66895
723 0.0299072
878 0.11676
873 0.0316772
236 0.0343933
801 0.069519
482 0.00366211
793 0.00561523
713 0.0464478
824 0.0090332
665 2.02307
585 0.0397339
598 -0.0339966
593 0.0717773
640 0.0057373
708 0.00592041
39 0.0557175
876 -0.00177002
235 0.0070343
904 0.0701294
643 0.0101929
712 0.0401611
696 0.0227051
865 0.0313721
852 0.045166
524 -0.0337524
826 0.0158081
862 0.0287476
793 0.00787354
755 -0.116211
720 0.0221558
461 0.00582886
165 0.0415497
892 -0.0022583
1133 -0.0356445
247 -9.94017
513 -0.000610352
729 0.0177612
513 11.1407
470 -0.593628
55 0.0223007
825 0.00958252
963 0.0222778
672 0.0139771
673 -0.00384521
532 -0.0155029
747 0.0198975
613 0.0140381
825 0.0180054
618 -0.105896
644 0.0440674
645 -0.053894
324 0.018219
1037 0.0703125
273 -24.7099
690 0.0012207
403 -5.77567
23 0.028389
644 0.0283813
738 0.0112305
661 0.0333862
899 -0.0115967
771 -0.000976562
915 0.0672607
746 0.0441895
517 -0.122314
674 0.00427246
805 0.062439
316 0.0444031
244 0.0315704
1058 0.160156
825 0.0140991
699 -0.00146484
943 0.114563
1216 0.1875
562 -0.00909424
577 -0.0266113
970 0.142273
327 -0.017334
898 0.0045166
882 0.0140991
512 -0.0859985
732 0.0270996
808 0.0436401
687 0.0106201
668 0.0162354
619 0.0501709
524 -0.0180664
435 0.0153503
759 -0.0636597
272 -8.16797
1007 0.0349731
822 0.0143433
773 0.00970459
1043 -0.0601807
668 -0.136719
765 0.013855
810 0.0230713
612 -0.0252686
744 0.0102539
855 -0.0293579
742 -0.0140381
533 0.0405884
312 0.000152588
356 -0.00350952
729 0.0164185
816 0.0362549
868 -0.0209961
357 -8.79956
437 0.0688171
33 -0.103344
1043 -0.0601807
771 0.00775146
759 -0.036499
394 -9.91895
686 0.0622559
832 0.0476074
612 -0.0137939
726 -0.81781
521 0.00646973
404 0.0239563
908 0.0330811
366 -0.0203247
547 -0.0482788
364 0.0183716
552 -0.0337524
881 0.00323486
524 -2.495
894 0.0106201
777 0.0132446
584 -0.0563965
1127 -0.019165
787 0.0324707
513 10.8519
766 -0.0205688
643 0.0310669
833 -0.00500488
74 0.0651855
554 0.0396729
456 -0.00848389
129 9.17273
760 -0.0299683
1216 0.187744
963 0.0218506
886 0.0290527
800 0.00579834
856 0.0221558
800 0.00549316
534 -0.0236206
325 -14.5637
356 -0.00390625
710 0.0236816
403 -0.0130005
558 0.0264893
612 -0.020752
729 0.0178223
568 0.0363159
755 -0.0460205
855 -0.0233154
863 0.0375366
733 0.00720215
647 0.0501709
422 -7.73669
894 0.00836182
693 0.02771
625 0.00793457
107 -39.7802
773 0.0458984
663 -0.00140381
567 0.0343628
617 0.0147705
920 0.0473633
1070 -0.0848389
226 0.0227356
641 -0.0599976
149 -52.9595
654 1.73511
596 0.0718384
164 0.000137329
661 0.000854492
542 0.0379639
1097 -0.000976562
393 0.0187988
802 0.0447998
482 0.00256348
665 -0.304932
647 0.0359497
749 0.590027
593 0.0855713
264 -13.9987
426 -0.194855
652 -0.502869
484 0.00436401
320 -12.7196
801 0.0357666
629 0.0137939
651 -0.265564
940 0.0147095
750 0.00732422
434 14.9088
268 0.0307312
798 0.0435791
790 -0.00537109
117 -39.363
815 0.0401611
359 -12.4109
658 -0.00164795
800 0.00341797
512 -0.0906372
760 -0.0229492
410 -0.280945
483 0.0675354
474 12.4933
909 -0.0672607
550 -0.00109863
708 0.0101929
697 0.0159302
8 0.0561275
426 0.0383911
656 0.0296021
644 0.00610352
835 0.0234375
875 0.000854492
594 0.0120239
858 -0.000427246
904 0.0162354
140 -0.00323486
236 0.0359192
541 0.027771
606 0.0482178
268 -0.000701904
489 0.0376587
790 -0.0055542
135 0.0505524
866 0.00933838
175 0.0533447
130 -39.4822
653 0.0300903
751 0.00671387
569 -0.00567627
470 0.0101624
567 0.0363159
854 0.00231934
616 0.0255737
722 0.106506
777 0.0133057
690 0.00274658
610 0.0162354
748 0.0012207
776 0.0108032
663 -0.0361938
502 -0.0287476
919 0.116882
687 -0.00756836
783 0.00164795
638 0.00512695
684 -0.0152588
729 0.0219727
670 -0.00567627
1043 -0.0601807
892 -0.0022583
602 0.059021
716 0.0115356
1034 0.0196533
252 -0.00306702
818 0.00952148
686 0.0531006
287 -0.00521851
789 0.0233765
868 0.0130615
794 0.0341187
228 0.0196686
627 0.0367432
279 -0.014801
325 0.0120544
592 0.0716553
413 -0.00320435
593 0.0213013
757 -0.0494995
574 0.0161743
540 0.0098877
648 -0.842773
649 0.0423584
491 -0.0152283
776 -0.0124512
283 0.0484009
718 0.0441895
454 0.0250244
568 0.045166
8 0.0459814
864 0.0244751
747 0.0263672
593 0.0140381
639 0.0618286
960 0.306763
663 -0.0194702
872 0.00286865
629 0.0149536
553 8.89258
149 -0.026001
589 -0.00457764
898 -0.00598145
843 0.0563354
815 0.0262451
716 0.0336914
228 0.0195923
821 0.00384521
831 -0.0010376
781 0.000305176
51 -43.8408
708 0.00976562
648 0.0292969
633 0.012085
418 0.0975037
1164 0.0662842
645 -0.0541992
180 -0.00993347
191 0.0307617
815 -0.00469971
639 0.0585938
729 0.0177612
815 0.0335083
23 0.0307865
542 0.0199585
833 -6.10352e-05
750 0.0162964
181 -75.9745
662 0.0238037
981 -0.0127563
1109 0.0949707
803 0.036438
409 -0.275024
562 -0.00891113
601 0.0535278
643 0.0117798
736 0.0792847
515 0.0200195
783 -0.0228271
787 0.0254517
610 -0.032959
737 0.0476685
773 0.00994873
767 0.0114136
754 -0.0474854
595 0.0252686
991 0.198853
830 0.0137939
541 0.0280151
868 0.0775757
880 0.0198364
621 0.0634766
490 0.147034
711 0.0383911
856 -0.00262451
724 0.0464478
741 -0.0119019
593 -0.00738525
771 0.00378418
536 0.0394287
991 0.199219
779 0.0338135
456 0.0115662
515 11.2289
496 -0.0157471
894 0.010376
880 -0.00750732
337 -0.361572
574 0.0159912
845 0.0430298
701 0.0365601
773 0.0098877
495 12.2054
771 0.00823975
129 -0.268082
592 0.00390625
848 0.0231323
777 -0.0151978
482 0.00494385
785 0.00726318
843 -0.00463867
868 0.0493164
825 0.0246582
515 0.00585938
866 0.088501
621 0.0593262
925 0.0541382
305 -11.9781
340 0.0220947
771 0.00909424
560 0.00561523
503 -0.027832
852 -0.151611
690 0.00854492
665 0.0264893
911 0.0162964
384 -0.0745239
601 0.0649414
567 0.0335083
773 0.0108643
803 0.036377
495 0.0313721
825 -0.0105591
804 0.0404053
729 0.0182495
412 -0.283508
463 -0.0179749
647 0.0501099
184 -0.00894165
853 -0.013855
701 0.0379028
743 -0.0134277
760 -0.0339355
876 -0.00897217
855 -0.0292358
509 -0.0441895
826 0.0310059
13 -67.3059
855 -0.0145874
1009 0.00463867
182 0.119217
879 0.00268555
355 -0.00973511
793 0.0541382
432 0.030304
729 0.0162964
245 0.0135345
716 0.0116577
943 0.188232
168 0.0796661
189 0.0313416
536 -0.0172729
878 -0.0020752
659 0.0618286
735 0.0252075
163 0.0554047
786 0.00848389
814 0.0125122
513 10.8522
639 0.00891113
778 0.0367432
849 0.024231
919 0.13446
767 -0.0112915
738 0.0603027
755 -0.0143433
734 0.0306396
278 -15.7365
221 -0.0424805
772 -0.000854492
621 -0.00738525
708 -0.00378418
413 -0.00332642
830 0.02771
686 0.0641479
532 -0.052002
615 0.0413208
192 0.117401
68 -43.881
674 -0.00640869
592 0.00726318
781 0.0299072
781 -0.0193481
545 0.013916
771 -0.0169678
882 0.00457764
803 -0.0020752
22 0.00320435
653 0.913635
574 -1.03418
759 -0.0374146
517 -0.121033
305 -11.9779
1030 0.0374756
724 0.0855713
404 -9.34781
202 -0.0257874
738 0.00958252
467 0.0137329
836 0.0358887
560 0.00512695
606 0.0524292
499 0.321503
621 0.0657349
638 0.055481
957 0.0632324
867 0.0177002
607 0.0090332
671 -0.36792
100 -41.6322
298 0.0147705
489 -0.0222168
551 -0.0444336
266 -0.0137329
562 -0.00891113
735 0.0123291
876 0.0302734
651 0.0411987
174 -0.0104828
322 0.0146484
811 0.052124
689 0.000610352
838 0.0424194
1024 0.0397949
628 0.0661621
602 0.0671387
724 0.0280762
960 0.0707397
267 0.0397339
1189 0.00244141
840 -0.00799561
170 0.00854492
766 0.0933838
719 0.0287476
710 0.0734253
747 -0.0331421
833 0.0465088
10 0.0982485
519 -0.0447998
737 0.0817871
579 0.0379639
564 7.76868
610 -0.029541
346 -0.00744629
20 0.0197144
790 -0.00512695
101 -40.6186
330 0.00830078
523 0.0383301
772 0.020874
469 12.7717
663 0.0057373
665 -0.449158
624 0.0380859
692 -0.00238037
661 -0.0100708
1034 0.019043
907 0.0467529
599 0.0684814
735 0.0606689
695 0.0275879
591 0.0610352
854 0.00567627
397 -0.0226135
68 -43.7182
491 -0.813019
784 0.0405884
79 0.0448532
648 0.0432129
606 0.0169678
694 0.0509644
446 0.0294495
593 -0.0101318
737 0.0821533
328 -12.4347
386 -0.0198975
643 0.034729
894 0.010498
708 -0.0302734
1219 -0.0330811
740 0.831299
738 1.08105
165 -30.9599
269 -0.161072
596 0.0318604
483 0.0725098
280 -15.5036
313 0.0158997
871 -0.0133667
1034 0.0201416
707 0.20459
783 -0.0202026
517 -0.00848389
80 0.0423203
302 0.0376282
666 -0.302185
737 0.0873413
719 0.0369263
708 -0.0307617
506 0.0245972
740 -0.00476074
837 0.0436401
596 0.0759277
759 -0.221008
833 0
187 0.0929718
631 0.0224609
74 0.0408478
959 0.0637207
903 -0.0057373
437 3.47968
610 -0.0078125
879 0.0108643
828 -0.00292969
129 9.07968
468 0.0379639
1216 0.187012
663 0.0020752
718 0.101196
286 0.0625916
528 -0.0078125
576 0.0635986
883 0.0170898
663 0.0194702
630 0.0362549
326 -14.2671
567 0.0635986
892 -0.0022583
359 -12.4111
960 0.0712891
738 0.00396729
665 0.0275879
394 -9.91766
855 -0.0146484
612 -0.0296021
84 -21.592
162 0.00518799
653 0.0267944
855 -0.0297852
920 0.0501709
641 -0.0143433
1018 0.0354004
224 0.00938416
660 -0.00756836
835 0.0476074
46 0.0451012
870 0.0645752
729 0.0159912
1176 0.0865479
400 -9.33603
43 0.0323753
634 0.043396
206 -0.0343018
551 -0.0327148
50 -0.00666428
748 -0.0369263
1034 0.0192871
713 0.0462036
868 -0.020813
588 0.0231323
288 -10.6596
921 -0.0249634
686 0.0633545
321 -14.648
647 0.0153198
788 0.0250854
484 0.0233765
492 0.0817566
124 -40.0121
159 -13.1972
843 -0.00115967
869 0.0144043
764 -0.00140381
75 -9.12046
385 -0.0428162
771 0.00939941
651 -0.0210571
702 0.0408325
646 0.0198975
870 0.10376
769 0.00628662
753 -0.0148926
574 -0.0166016
632 0.0613403
626 0.0376587
991 0.198792
437 0.0696716
656 0.0569458
443 -0.10376
679 0.0592041
740 0.0314331
934 -0.0351562
904 0.0701904
645 0.0321655
97 -26.8074
549 0.00671387
352 0.00296021
943 0.185608
663 -0.0249023
56 -42.8986
308 -14.2349
560 0.00518799
729 0.0181885
305 -11.9781
8 0.045516
791 0.0268555
511 -0.0322876
27 -0.03195
733 0.0845337
872 -0.00805664
689 0.013916
1037 0.0697021
791 0.0245361
892 -0.00231934
852 0.0100708
521 -3.36853
441 -0.0873108
634 0.019043
759 -0.0178833
850 -0.0133057
828 0.0479126
456 0.0110168
778 0.013916
57 -0.0210571
120 -33.7058
308 0.0055542
524 0.0548096
184 -0.009552
763 0.00323486
570 0.00238037
85 -42.5087
873 0.0795288
855 -0.0146484
773 0.00750732
722 0.0424805
69 -45.9118
663 0.00201416
747 0.0584717
493 -0.317078
613 0.0209961
724 0.02771
789 -0.0100708
892 0.0516357
714 0.0450439
337 -0.363678
629 0.0615845
638 -1.22424
850 -0.0687256
58 0.00971222
721 0.100342
229 -0.0428925
722 0.0219727
166 0.0519257
543 0.0961914
669 0.0302124
875 0.0117188
603 0.0484009
637 -0.0067749
413 -0.00311279
542 0.0196533
455 0.0176086
603 0.09552
787 0.026001
566 -0.0281982
644 -0.0088501
541 0.0276489
455 0.0114441
1009 0.00476074
1017 0.0318604
681 0.0975342
876 -0.00860596
470 0.0210571
720 0.022583
729 0.0198975
771 0.00848389
772 -0.0859985
653 -0.0130615
919 0.116821
742 0.039856
907 0.0330811
913 0.0180054
552 -0.0339966
647 -0.396179
63 0.0451851
1073 0.0975342
616 0.0639038
720 0.0298462
134 -131.289
506 0.0221863
559 0.0203247
723 0.0302124
332 -0.00271606
581 -0.00408936
919 0.116638
652 0.0374146
569 0.0685425
583 -0.0397949
724 0.213684
567 0.0352173
556 -0.0114746
507 -0.0267639
583 0.0116577
503 -0.113007
529 -0.0327148
441 -0.0884399
399 0.0223083
528 0.0830688
690 0.00140381
692 -0.00213623
627 0.0367432
742 -0.00494385
255 -13.522
744 0.6745
535 9.81018
708 -0.0262451
658 -0.0403442
1116 0.0332031
815 0.0292358
91 -42.337
470 0.0426025
355 -0.0113831
610 -0.00823975
715 0.0519409
909 -0.0356445
430 -0.172424
440 -0.0426636
1002 0.0581665
500 11.1996
1199 0.0925293
478 -0.0577698
673 -0.00366211
139 -0.220978
762 0.0115967
189 0.106308
355 -0.0114136
927 0.0151978
541 0.0279541
729 0.0180054
528 0.0665894
463 -0.021759
553 8.56311
486 -0.0116577
752 0.452515
568 -0.00952148
355 -0.00970459
385 -10.5536
635 0.0570068
1043 -0.0600586
588 0.0247803
717 0.0339966
605 0.0213623
741 0.0267944
1164 0.0666504
633 0.020874
655 0.0406494
469 12.8897
569 -0.0245972
1136 -0.00646973
705 -0.0178223
876 -0.00872803
853 0.0363159
326 0.0214233
844 0.0339966
471 0.0110474
314 0.00366211
712 0.103027
113 -39.7026
558 0.00384521
495 12.2043
609 0.0449829
305 -11.9803
662 0.0152588
750 -0.0542603
800 0.00280762
553 8.56317
516 -0.0168457
564 7.76886
351 0.00411987
955 0.0408325
937 0.0567017
634 0.0280762
656 0.0653687
338 -0.00320435
778 -0.0283813
791 0.00695801
400 0.0184937
1199 -0.000854492
581 0.0682373
521 0.012207
832 0.0393677
734 -0.0441895
761 -0.0466919
652 0.0773315
606 0.0584106
780 0.0141602
572 0.00256348
823 0.00537109
593 -0.00311279
708 -0.03125
187 0.0668488
744 0.0509033
915 -0.0464478
756 0.0335083
485 0.118958
850 0.00518799
513 11.1415
864 -0.00195312
85 0.00323486
1013 -0.00280762
757 0.473694
285 -11.7099
724 0.207336
751 0.590088
640 -0.00952148
621 0.00689697
564 0.00701904
292 0.0440674
403 -0.0358887
887 0.892029
248 0.0263062
735 0.0216675
358 -9.88345
557 0.0241089
691 0.00115967
740 -0.0266113
465 0.00473022
99 0.0524063
686 0.0670166
119 -0.0538864
686 0.0670776
1164 0.0661621
829 -0.0706787
224 -0.00364685
558 0.0272217
236 0.0354614
523 0.0153198
845 0.0522461
601 0.0455322
1148 -0.0705566
814 0.0296631
692 -0.0118408
569 -0.0297241
311 -14.2386
957 0.0548706
547 0.0209961
239 -0.16333
835 0.0250244
676 0.0742798
723 0.0296021
547 0.0205688
478 -0.0576477
707 0.0187378
637 0.0265503
248 0.00239563
191 0.0309753
278 -0.00479126
708 0.00585938
585 0.00738525
710 0.00866699
898 -0.00408936
93 -39.4366
800 -0.000732422
541 0.027771
747 0.00726318
678 0.00250244
841 0.00427246
740 0.799255
573 -0.0269165
690 0.00341797
740 -0.0232544
1011 -0.0379028
34 0.0163269
384 -0.259003
806 0.0090332
467 0.223511
649 0.0307007
445 -0.124542
437 0.060791
922 0.0556641
127 -55.8086
621 0.0647583
801 0.0478516
521 -0.0270386
523 -0.00695801
539 0.0452271
523 -0.00384521
236 0.0348663
252 0.00401306
284 0.0198669
410 -0.0153503
779 0.00518799
184 -0.00947571
760 -0.0274658
892 -0.00244141
511 -0.00256348
746 0.0380249
50 -0.0522041
726 0.0152588
1232 0.09729
805 0.0583496
451 -0.0372925
800 0.0453491
770 -0.00714111
879 0.100037
747 0.0078125
613 -0.0108032
826 0.0475464
22 -71.7894
542 -0.0211792
516 -0.0223389
899 0.0240479
472 -0.199646
787 0.0510254
25 -72.0643
524 -0.0371094
609 0.0206909
890 0.0245361
644 0.0150146
435 0.0198975
765 0.0709839
63 -32.07
275 -0.130371
724 0.920654
644 -0.0106812
284 -17.1502
288 -10.6566
1024 0.0568848
879 0.100098
585 0.0174561
518 0.00463867
729 0.0186157
595 0.0447388
782 -0.0152588
865 0.0507202
667 0.00830078
389 -0.0223389
314 -12.705
112 -39.3259
745 0.019165
564 0.0485229
746 0.0270996
808 0.0222168
668 0.0164185
577 0.045105
507 -0.0235901
552 0.0108643
862 -0.0126343
59 0.0115662
713 0.0219116
461 -0.021698
940 0.0776978
609 0.0238037
765 0.0708618
591 0.00524902
741 0.78479
524 0.013855
421 -0.0831299
285 -11.7092
830 0.0708008
769 0.0953979
814 0.0261841
845 0.0394287
637 0.00750732
564 0.0649414
760 -0.0289917
828 0.038269
338 0.0333557
918 0.010498
433 0.00509644
601 0.0560303
546 8.9361
737 0.0197754
527 0.00726318
760 -0.0258179
556 0.00842285
761 0.00646973
827 0.0134277
772 -0.00830078
239 0.0291901
548 -0.0432739
633 0.0507812
509 -0.0390015
248 -13.5121
738 0.122375
750 0.0475464
608 -0.00830078
241 -0.133682
129 -0.253967
899 -0.0214844
331 0.0193787
8 -0.0186882
406 -0.0101318
816 0.0328979
293 0.0621643
601 0.0657349
630 0.00146484
565 -0.00878906
633 0.0455322
612 0.0151367
569 0.0493774
640 -0.0107422
655 -0.00164795
1139 -0.0795898
621 0.0647583
484 0.0057373
119 -0.0542145
554 -0.00744629
640 0.059082
845 0.0559082
920 0.0504761
894 0.0110474
174 -61.717
3 0.0933933
557 -0.00012207
653 -0.509399
600 0.0905762
455 0.0116882
801 0.0355835
795 0.0379639
557 0.00439453
664 0.0336304
638 0.0160522
637 0.0663452
237 0.00192261
634 0.0280151
857 -0.00244141
66 -41.0893
124 -40.0145
758 -0.0325317
785 -0.00848389
216 -0.0326538
645 -0.0421143
515 -0.0457764
645 -0.348999
60 -0.0171928
739 0.0170898
823 0.0236206
729 0.0178833
240 -0.0424347
117 -39.363
647 0.0501099
314 0.0419312
559 0.0289307
113 -39.7016
772 0.0118408
399 0.0045166
746 -0.0200806
135 -41.0436
16 -63.0564
570 0.0463257
976 0.027832
551 -0.0339355
833 -0.000305176
363 -0.0319824
857 0.00183105
766 -0.0204468
478 -0.0588989
724 0.208374
738 0.910278
472 0.0207214
794 0.0246582
23 0.0307789
593 0.0453491
763 -0.0280151
814 0.0262451
761 -0.0116577
1034 -0.0189209
48 -44.0242
326 0.0340881
483 0.061676
744 0.00646973
773 0.0183105
542 0.0193481
626 0.0427246
317 0.0532227
630 0.0167236
773 0.00427246
1037 0.0697021
1051 0.0755615
737 0.0826416
833 0.0466309
524 0.0161743
537 9.59668
673 -0.0022583
643 0.0144653
892 -0.00256348
548 -0.0221558
504 0.00137329
139 -0.0120087
774 -0.00390625
35 -81.3047
448 -0.03302
560 0.00537109
765 0.071106
162 0.00527954
755 -0.0197144
690 0.00512695
811 0.0316772
723 0.0305176
636 0.0483398
351 -0.405792
681 0.116089
635 0.012207
765 0.071228
729 0.0159912
708 -0.0311279
531 -0.0531006
66 -41.0942
269 -0.0924988
513 10.8521
366 -0.194672
633 0.0588989
761 -0.00219727
859 -0.0125122
140 -0.00302124
545 0.0594482
723 0.253967
497 11.6541
627 0.0067749
892 -0.00244141
529 -0.0449219
407 -0.0198975
632 0.0464478
797 -0.0123291
653 -0.00933838
725 0.547852
904 0.00701904
540 -0.0140991
445 -0.124817
695 0.0371094
55 -0.0140953
724 0.0606079
521 -0.0897217
711 -0.00543213
437 -0.0108337
641 0.0588379
187 0.0811005
780 -0.00152588
536 0.0479736
567 0.0334473
850 0.0178223
368 -0.0272522
524 0.000549316
765 0.071167
88 -41.0097
471 11.3557
641 -0.0402222
631 0.0254517
366 -0.194916
468 -0.0237427
760 -0.0264282
576 -0.0212402
901 0.045105
780 0.0238037
394 -9.91855
558 -0.0379028
673 0.0279541
634 0.0320435
921 -0.0249634
574 0.178589
840 0.0371704
93 -41.2625
638 -1.23846
825 0.0175781
589 0.0813599
978 0.020874
772 0.00787354
800 0.00561523
52 0.0420952
28 0.025856
215 0.0515289
841 0.0390625
594 0.0297241
778 0.0198975
560 0.00561523
787 0.0220337
721 0.0169678
723 0.0302734
288 -0.0285339
498 -0.0111389
708 -0.0306396
862 0.0494995
647 -0.0115967
472 12.9699
407 -0.278473
288 0.0622864
621 0.0637207
140 -0.00384521
594 0.0579224
656 0.055481
296 0.0635071
751 0.0339355
700 0.0526733
850 0.0308228
47 -33.5497
601 0.0597534
246 0.320999
171 0.000335693
879 0.0172119
215 -0.0626068
177 -0.0360413
621 0.0629272
346 0.018219
1058 0.205078
884 -0.0256348
970 0.0266113
723 0.0297852
500 0.00323486
386 -0.021759
753 0.0323486
757 -0.0189819
713 0.0456543
729 0.0178833
556 0.00445557
722 0.1073
210 0.0196991
285 -11.7089
517 -0.0487061
626 0.0188599
202 0.00341797
947 0.0411987
660 -0.0196533
734 0.0861206
431 0.00216675
936 0.0201416
236 0.0356903
583 -0.0235596
472 0.0401917
886 0.0287476
810 0.00469971
661 0.0336304
511 -0.0268555
703 0.0339355
868 0.0845947
773 -0.0195923
947 0.0405273
591 0.0469971
118 0.180649
1144 0.0246582
562 -0.00921631
590 0.0571899
19 -64.1581
8 -0.0180588
790 -0.00512695
745 -0.0527954
709 0.00793457
289 -0.0126953
296 -13.8589
47 -33.1729
717 0.0617065
616 0.0627441
1087 0.113281
743 -0.00360107
484 13.7832
434 -0.113495
665 0.0172729
724 0.0581665
76 0.0137787
474 12.4911
471 -0.00454712
840 0.053894
610 0.0609131
686 0.0646973
195 0.00947571
734 -0.00897217
535 9.8114
386 0.068634
781 0.0299072
568 0.0459595
882 -0.0128784
125 -39.1848
736 -0.0281982
782 0.0369873
472 0.0210266
518 -0.0831299
588 0.0461426
507 0.00131226
828 0.0176392
765 0.0709839
835 0.00872803
236 0.0348358
500 9.5947
576 -0.0632324
843 0.02771
899 -0.0116577
876 -0.00762939
228 0.0195007
745 0.0292969
589 0.0136108
743 -0.0183716
456 0.0117798
828 0.00317383
593 0.00146484
567 0.0358887
840 0.0422974
668 0.0158081
478 -0.058136
721 0.0322876
1164 0.0662842
876 -0.00860596
580 0.0445557
316 0.144348
729 0.017334
224 0.0101013
893 0.0386963
693 -0.0369263
752 -0.0356445
779 -0.0371704
705 0.00756836
795 0.00756836
497 0.040863
506 0.0193787
326 0.0205688
790 -0.00531006
609 0.00378418
737 0.026001
598 -0.0338135
301 0.000366211
743 -0.0397339
289 -14.8619
333 0
746 0.0415649
638 -1.229
495 12.2054
232 0.0654907
365 0.0333557
192 -0.055069
336 -14.0867
641 -0.0429688
748 -0.00402832
723 0.10321
708 0.0111694
902 -0.0205688
510 0.017395
838 0.041626
571 0.0534668
876 -0.00921631
1189 0.00292969
545 0.00811768
62 -43.5383
91 -42.337
442 -0.0158386
482 0.00564575
373 -0.176422
621 0.0668335
580 -0.0360107
894 0.00622559
659 0.0474854
55 -0.0141068
69 0.0154419
553 8.56311
616 0.0629883
568 0.0422974
1024 0.0561523
590 0.0235596
702 0.00646973
437 0.0586243
300 0.0180359
960 0.0710449
303 0.0235291
52 -0.0761299
686 0.0536499
413 -9.20245
152 0.00576782
784 -0.003479
833 0.0464478
617 0.0617676
760 -0.0275269
641 -0.0529785
853 -0.013855
686 0.0634766
282 0.0248718
845 0.069458
724 0.328857
876 -0.00909424
814 0.0498657
273 -24.5784
267 -0.120117
345 -0.0304871
738 0.0178223
736 0.0275269
639 0.0631714
545 -0.0088501
811 0.0220947
813 0.00683594
896 0.0698853
482 0.00210571
781 0.0299683
843 -0.227844
717 0.074585
531 -0.00585938
869 -0.0444946
971 0.0327148
772 0.00500488
124 -40.0047
855 -0.0291748
744 0.0444946
267 0.0409241
634 0.0249634
820 0.0317993
485 0.0410461
525 -0.041687
547 0.0206909
636 0.0903931
741 -0.00115967
321 0.0136108
232 0.0751648
75 -9.13992
541 0.027771
616 0.00311279
541 0.02771
243 -0.0144043
655 0.0375977
1 -49.9346
337 -0.372833
776 0.0723267
146 12.2065
68 -41.8355
592 0.00286865
775 0.0338135
561 0.0726318
568 7.93884
330 0.0186768
273 -0.0062561
124 -40.0032
437 -0.0111389
621 0.0635986
704 -0.0101929
547 0.020813
610 0.0332031
644 0.0313721
601 0.0518799
172 0.0437469
691 0.00115967
342 0.026001
591 -0.0291748
1026 -0.0212402
697 0.0264282
817 0.13855
737 0.977356
962 0.0304565
856 0.0447998
148 -0.944443
185 0.154633
189 0.145325
644 -0.582886
857 -0.000488281
686 0.0658569
1037 0.00866699
551 0.0992432
557 0.0122681
458 0.0281677
686 0.0530396
708 0.0336914
560 0.0055542
748 0.0308228
400 -9.37366
708 -0.0311279
403 -5.76657
641 -0.0523071
801 0.036377
504 -0.028717
597 0.00756836
466 12.9128
641 -0.0516968
724 0.205811
953 0.143188
769 0.0953979
647 0.0498657
813 0.0209351
178 0.0925446
1127 -0.0192871
155 0.0542297
517 -0.121582
413 -0.00320435
616 0.0100708
752 0.0583496
358 -12.4442
1190 0.111084
761 -0.0292358
53 0.015667
1006 0.0315552
647 0.0124512
505 0.0174561
780 -0.00640869
1096 0.0349121
717 0.053772
795 0.0407104
694 0.000976562
801 0.036377
492 0.0830994
391 -0.214691
547 0.0209961
742 0.0100708
391 -0.216705
505 0.0194397
898 -0.00299072
790 0.000854492
456 -0.0320129
562 -0.00872803
612 -0.0224609
771 0.00360107
664 0.0341187
1044 0.0078125
478 -0.0585022
564 0.057312
729 0.0163574
713 0.0560913
285 -8.0838
414 0.113556
329 0.0144043
744 -0.00109863
21 0.00572968
631 0.0298462
649 0.0352173
88 -39.8022
542 -0.0643311
645 0.0354004
845 0.0379639
794 0.00408936
644 -0.00939941
730 0.0679932
416 -0.287689
50 -0.0531273
513 10.852
621 0.0656128
452 0.0114441
662 0.0203857
643 0.00714111
911 0.0636597
862 0.0484009
665 0.0167236
523 -0.00939941
675 -0.00976562
753 -0.0338745
496 0.0142212
892 -0.00231934
763 0.0634155
641 -0.0527954
496 7.42358
18 -0.0148773
1164 0.0664062
718 0.0444336
565 0.0565796
109 -39.7975
228 0.0193634
317 0.119598
491 0.0214233
337 -0.363342
609 0.0380249
609 -0.00506592
771 0.0090332
721 0.0271606
660 0.03302
774 0.0432739
417 -8.91132
726 0.019104
663 0.00158691
758 -0.0455933
816 0.0374146
601 0.0532837
413 -0.00317383
769 0.0256348
419 -0.0512085
403 -5.74869
937 0.0476685
634 0.052002
945 -0.0341797
532 -0.027832
621 0.0644531
627 0.0369263
570 0.0584106
226 -0.00531006
525 0.0114136
70 -23.0091
919 0.116089
780 -0.00653076
1022 0.0466919
938 0.0411377
816 0.0566406
874 -0.0168457
1032 0.010498
672 0.0140381
712 0.00244141
660 0.0159302
769 0.095459
1025 -0.0477295
368 -0.203156
828 0.00726318
616 0.0631714
421 -0.0664062
641 -0.0252075
312 0.000946045
738 0.0248413
456 0.010376
640 -0.0057373
547 0.0213623
673 0.0858154
724 0.0273438
748 -0.0045166
706 0.0122681
746 0.0379028
568 0.0394287
218 -0.0513611
1043 -0.0600586
456 0.00958252
225 0.022171
547 0.0211182
708 0.00128174
488 0.185974
472 0.0209656
217 -0.0633392
389 0.00912476
608 0.0195923
680 0.0194092
91 -40.522
734 0.0515747
237 0.00222778
610 -0.0144043
621 0.0640869
520 -0.0543823
434 0.0368958
407 0.0158691
561 0.0802002
539 0.00201416
755 -0.0246582
471 11.6295
8 -0.204498
612 -0.0237427
552 -0.0670166
906 0.0668335
486 0.0344238
615 0.0272217
824 0.0281982
137 -0.112488
389 0.000396729
698 0.103088
541 0.0275269
875 0.000793457
814 0.0255127
866 -0.000427246
1053 0.0709229
535 0.00915527
676 0.0098877
355 -0.0118103
759 -0.228149
541 0.0275269
529 -0.0315552
793 0.00634766
708 0.0147705
151 0.00471497
23 0.0307064
501 -0.03302
479 13.8716
672 0.0137329
625 0.0612183
559 0.0227051
770 0.00714111
555 -0.0336914
693 0.0859375
790 -0.0151978
527 -0.0386963
970 0.143005
615 0.0299683
540 0.00701904
667 0.0231934
684 0.0910034
894 0.0194702
840 0.0741577
636 0.0961304
511 -0.0444336
437 -0.010498
716 -0.0314331
769 0.0953979
705 -0.00396729
545 0.0157471
719 0.00628662
639 -0.00231934
472 0.0201721
513 -0.0273438
733 0.00408936
839 0.0228882
22 -50.5123
936 0.0197144
1084 -0.043457
628 0.0523071
821 0.00384521
837 0.0289307
454 0.0516663
707 0.0331421
506 0.0366516
507 11.1782
531 0.0212402
774 0.0385742
426 0.0516357
617 0.0606689
519 -0.055603
594 0.0479126
437 0.0605774
801 0.036377
545 0.0743408
642 0.0100098
970 0.1427
297 -14.9764
609 0.000488281
616 0.0639648
235 0.00683594
574 0.0157471
569 0.027771
384 -0.0275269
549 0.0322876
763 0.00366211
609 -0.00708008
554 -0.0720825
415 0.129456
848 0.0263672
454 -0.0585022
754 0.0192871
513 10.8518
482 0.00219727
745 0.0627441
781 0.0299683
696 0.0651855
320 -0.00112915
325 0.0133362
760 0.00219727
1024 0.0206299
898 0.0617676
378 -0.0468445
827 0.0125732
399 0.0384521
671 2.20599
589 0.0432129
284 -15.1119
654 -0.00390625
21 -0.00300217
594 0.0264282
616 0.0637817
610 0.0131836
638 0.0752563
136 -40.9958
685 0.0686035
515 -0.0184937
686 0.0628662
1114 0.0314941
267 -0.186981
651 0.0441895
697 0.0133057
888 1.00049
793 0.00634766
292 -15.198
667 0.0249023
732 0.0559082
943 0.0547485
557 2.20526
710 0.0370483
641 0.0551758
848 0.0170898
148 0.087326
596 0.0924683
630 0.0717773
1009 0.0043335
413 -0.00283813
315 0.0317078
546 0.0767822
947 0.0405884
400 -0.0544434
662 0.0306396
568 0.0330811
801 0.0357056
472 0.0193176
719 0.0681763
644 -0.0996704
458 -0.00204468
508 0.00341797
650 0.0444336
638 0.0345459
648 0.027832
505 -0.0062561
568 0.0338745
648 0.0565186
456 0.00686646
377 -0.19809
446 -0.00973511
690 0.00543213
467 0.102997
692 -0.00256348
914 0.039856
80 0.0448303
544 0.0317993
545 0.0369263
625 0.0657349
612 -0.026062
482 0.00247192
668 0.0157471
560 0.0055542
790 0.0350952
437 0.0599976
691 0.000854492
641 -0.0471802
663 0.00549316
654 1.69336
621 0.017395
801 0.036377
482 0.00186157
129 -0.26712
794 0.0406494
574 0.0350342
685 0.0765381
472 0.0194092
746 -0.0383911
729 0.0177612
689 0.0696411
232 0.00483704
612 -0.0057373
437 0.0689697
632 0.0569458
375 -0.223083
817 0.0201416
676 0.0889893
870 0.017395
507 0.0194702
687 0.0805664
276 -15.2186
316 -14.5786
1002 0.0581665
705 0.0294189
348 -13.2256
516 -0.0825195
348 -0.419434
502 11.5339
835 0.0122681
34 0.0716972
191 0.03125
641 -0.0525513
741 0.0301514
634 0.0778809
734 1.11316
515 -0.0640259
413 -0.00323486
655 0.0194702
97 -26.7961
387 -0.254089
763 -0.010437
348 -10.5461
238 0.0110168
803 0.00793457
789 0.0380249
719 0.0348511
422 -8.45969
1083 0.0598145
671 0.0914917
542 0.0192871
819 -0.0170288
67 0.0127029
632 0.0609741
792 0.0088501
722 0.104187
407 -0.0203857
805 0.00921631
897 0.0170288
521 -0.0525513
686 0.0657959
109 -40.2046
622 0.062439
641 -0.0529785
638 0.0612183
593 0.0680542
628 0.0223389
899 -0.00872803
1101 0.0285645
877 -0.00323486
732 0.918396
371 -0.135254
183 0.0912781
207 -0.0338287
756 -0.0523071
972 0.0151367
620 0.0579224
