696 6.84662
622 12.1437
505 0.006073
365 0.0114441
349 -12.3419
886 -0.0237427
348 -0.00146484
720 1.95245
514 0.0161743
564 16.0625
488 0.00088501
1015 0.0582886
505 0.00610352
934 -0.0043335
1196 0.137207
797 0.017334
491 -0.00622559
813 -0.0186157
230 75.6113
333 -0.00167847
810 0.00616455
491 -0.006073
363 0.013031
930 0.0100708
794 0.0258179
333 -0.000701904
488 0.00756836
1078 0.0460205
230 75.6114
302 8.93716
333 -0.000823975
333 -0.00204468
792 -0.0179443
797 0.0172119
930 0.0101318
716 1.72424
514 0.0162354
489 0.0124512
797 0.0172729
930 0.0101318
333 -0.00234985
1072 -0.00488281
797 0.0172119
333 -0.000976562
662 -0.0211182
792 -0.0180054
190 82.5841
501 0.0235901
622 12.1437
921 -0.0170288
42 -0.00402069
793 -0.00952148
930 0.0603027
925 0.00518799
790 -0.010437
303 8.64713
517 0.00683594
688 7.64148
820 -0.0222778
512 0.017395
516 -0.00158691
1196 0.137207
315 0.0230713
342 -0.0431213
1109 0.0186768
338 0.0140991
793 -0.00952148
317 0.0227356
659 -0.0196533
1109 0.0186768
1133 -0.0177002
644 -0.0288696
504 0.0180054
897 0.0055542
335 0.018219
781 0.0128174
789 -0.00836182
813 -0.00994873
330 0.0172119
514 0.0161743
500 0.00759888
659 -0.0197144
797 0.0172729
42 -0.00364304
500 0.00765991
523 19.2513
921 -0.0170898
334 0.018158
71 27.2191
71 27.2584
871 0.0336304
335 0.0184937
487 0.00775146
262 -0.00286865
932 0.0160522
267 0.0196228
565 14.7761
622 12.1437
334 0.0114441
1038 -0.0228271
262 0.0117188
333 0.00476074
696 6.84747
333 -0.00131226
509 0.0176392
242 81.6993
720 1.95239
320 0.0277405
487 0.00457764
494 0.00994873
819 0.0391235
505 0.0156555
334 0.0103149
853 0.0232544
645 -0.02771
501 0.0171204
500 0.00772095
1135 -0.0297852
1078 -0.0251465
491 -0.00622559
767 0.0248413
909 0.0587158
808 0.0178223
381 0.0128479
477 -4.3956
750 -0.00195312
780 -0.0131836
487 -0.00808716
334 -0.00799561
87 -0.00624847
513 0.00769043
892 0.0055542
792 -0.0179443
335 0.0203552
781 0.0127563
348 -0.00149536
71 27.2326
351 0.0180054
338 0.0143433
867 0.0183716
501 0.0235596
305 0.0340576
790 -0.010437
514 0.0231934
491 -0.00610352
333 -0.00088501
362 0.0495605
456 0.0180664
879 0.00750732
665 -0.0205078
491 0.12149
792 -0.0178833
369 0.010376
659 2.08521
932 -0.032959
921 -0.0172119
696 7.20239
501 0.0236206
663 0.0560913
751 0.725098
810 0.00866699
333 0.0209961
696 7.20282
334 0.0110168
333 -0.000457764
436 0.0239868
330 0.0169983
923 0.0513306
932 0.0161743
351 0.017334
568 14.972
928 0.0328369
514 0.0162964
663 0.0453491
792 -0.0178833
893 -0.00213623
921 -0.0169067
499 0.00662231
351 0.0199585
925 0.00524902
365 0.028656
659 -0.0196533
363 0.00836182
853 0.0231934
348 -0.0015564
665 -0.00634766
359 -12.9607
853 0.0231934
594 0.0257568
663 0.0454712
381 0.0125122
809 0.0321655
351 0.0179749
853 0.022644
71 27.2617
663 -0.020874
718 1.80316
814 0.00158691
439 0.0124512
505 0.0188599
921 -0.0170288
348 -0.00161743
1135 -0.0205078
511 0.00186157
323 0.026947
507 0.0154724
1078 0.0460205
501 0.0236511
693 -0.00665283
791 0.0241699
663 0.045105
930 0.0100708
648 -0.0316162
909 0.0581055
627 0.00604248
442 0.000854492
359 0.0301514
489 0.00280762
318 0.0249634
520 -0.0043335
500 0.00769043
404 0.0178528
506 0.0180359
250 -0.0232697
1185 -0.177368
693 -0.00714111
87 -0.00654602
502 0.0206909
57 -0.00615692
624 12.2098
648 0.0152588
1102 -0.0637207
659 -0.0196533
487 0.0050354
381 0.0127563
808 -0.0188599
246 71.3569
368 0.0120239
812 0.00933838
507 19.8315
367 0.0183716
362 0.0491028
1102 -0.0639648
381 0.0234375
362 0.0515747
338 0.00735474
504 0.0194702
344 -11.9996
491 -0.00140381
503 0.02771
279 -0.0354004
476 -5.53259
57 -0.00600815
660 0.0355225
1133 -0.0177002
1194 -0.238037
1109 0.0185547
92 -0.0150681
323 0.0276794
565 14.7822
660 0.0355225
659 -0.0197144
609 10.6311
492 0.00338745
665 -0.00646973
642 0.232544
659 -0.0197754
695 7.10608
767 0.0249023
512 0.00201416
491 -0.00613403
1102 -0.0639648
505 0.00613403
520 0.0055542
853 0.0231323
499 0.00662231
351 0.0177307
930 0.0100708
668 -0.0136108
751 0.725464
661 0.0366211
925 0.00524902
303 8.6478
815 0.00732422
190 82.5792
47 0.0351868
499 0.00656128
368 0.0121765
362 0.0514832
668 -0.0134888
664 0.0223999
524 19.2248
659 -0.0197144
57 -0.00562286
491 -0.00622559
894 0.0266113
1204 -0.313721
767 0.0247803
892 0.00561523
1185 -0.177246
869 0.00750732
810 -0.0107422
500 0.00778198
708 0.000244141
605 -0.00323486
893 -0.00201416
609 9.98199
1072 -0.00488281
487 0.00531006
69 46.9264
663 9.60535
92 0.00572968
564 15.4584
489 -0.000701904
351 0.0316162
504 0.0195618
348 -0.00146484
1109 0.0186768
912 0.0432739
310 0.0178833
932 -0.0315552
497 0.0158997
381 0.0187073
930 0.0100708
797 0.0172119
1134 -0.0352783
351 0.0176697
306 0.0335388
368 0.00802612
1109 0.0186768
92 -0.00146484
923 0.0517578
351 0.0181885
1105 -0.0529785
524 -0.00244141
333 -0.51889
660 0.0521851
742 1.30658
501 0.0195007
351 0.0176392
660 0.0361328
708 0.000366211
268 29.4395
436 0.0224915
720 -0.015564
651 0.0108032
351 0.0182495
766 0.036438
509 0.0317078
416 0.00753784
494 0.00778198
362 0.0470276
1204 -0.313843
661 0.036499
565 14.7814
391 0.0245361
696 7.20288
853 0.0228271
1164 0.0374756
342 0.00656128
315 0.0221252
381 0.0137024
695 7.1062
1221 0.098877
427 0.0101318
351 0.0178223
627 0.00561523
334 -0.00228882
351 0.0183716
851 0.0296631
808 0.0100708
492 0.0110474
57 -0.0051918
574 11.6783
893 -0.00195312
491 0.121887
651 0.0110474
364 0.0213318
368 0.0121155
742 1.3067
659 -0.0197144
1169 -0.150757
838 0.0157471
506 0.0201111
84 45.1729
309 0.0172119
1105 -0.0529785
359 -12.9608
886 -0.0238037
838 0.015625
661 0.036499
357 -13.3091
810 0.0067749
1072 -0.00488281
680 0.0214233
921 -0.0170898
668 0.0294189
606 0.00537109
1015 0.0584106
381 0.0137024
590 4.54663
1186 -0.183716
381 0.0125427
57 -0.00594711
263 44.8832
340 0.00637817
1169 -0.151123
750 0.015564
850 0.0274048
1109 0.0185547
181 0.02742
792 -0.0180054
1185 -0.177124
772 -0.00897217
749 0.0360107
549 16.6519
504 0.019165
1134 -0.0351562
500 0.00759888
659 -0.0197144
811 0.000976562
930 0.0328979
549 16.4409
381 0.0127258
351 0.0180664
1078 -0.0251465
303 8.64395
590 4.54987
452 0.0280151
1185 -0.178589
230 75.6114
1184 -0.191284
381 0.0125732
1204 -0.319214
886 -0.0237427
351 0.0180054
788 0.00982666
886 -0.0238037
452 0.0280151
1133 -0.0177002
491 -0.00128174
250 -0.0239563
442 0.00088501
510 0.0133667
872 0.00128174
1164 0.0374756
381 0.0141296
667 -0.0164185
777 -0.000366211
393 0.00631714
351 0.0178528
491 -0.00128174
660 0.0440674
368 0.012207
250 -0.0230713
445 -0.00234985
57 -0.00563812
921 -0.0168457
491 0.121613
910 0.0172119
426 0.0130005
359 -12.9607
519 -0.00213623
369 0.0022583
359 -12.9608
627 0.00592041
1169 -0.150757
285 0.0180359
1186 -0.172729
511 0.0126648
616 0.0239258
893 -0.00231934
329 0.0129395
659 -0.0196533
523 19.2515
523 0.0105591
504 0.0195007
875 -0.0090332
668 -0.0135498
742 1.30664
659 0.0199585
491 0.00228882
647 -0.0327759
520 0.00463867
493 0.00839233
504 0.0193176
895 0.0230713
831 -0.00134277
606 0.000305176
810 0.0272827
1078 0.0458984
667 0.0170898
854 0.0209351
777 -0.000732422
327 0.0357056
668 -0.0134888
368 0.012207
440 0.00552368
1204 -0.311523
649 0.0308228
522 0.00604248
751 0.722351
792 -0.0179443
853 0.0230713
313 -24.3114
893 -0.00244141
383 -10.5792
500 0.00772095
572 -0.00744629
461 0.00686646
318 0.0249634
501 0.0236816
489 0.012207
565 14.7816
1015 0.0583496
1184 -0.21228
606 -0.00268555
452 0.027832
785 0.00653076
396 -10.4922
491 0.00915527
515 0.0135498
499 0.00662231
382 0.0187683
659 0.0461426
851 0.0297852
1204 -0.314209
792 -0.0180054
923 0.0513306
280 -6.26077
766 0.00744629
708 0.000488281
47 0.0312843
619 12.154
369 0.00177002
1214 -0.311523
817 -0.0159302
1204 -0.320801
794 0.0238037
853 0.0231323
831 -0.0012207
416 0.00759888
810 0.0115356
260 0.027771
306 0.0161743
490 -0.00198364
630 0.0218506
921 -0.0171509
693 -0.00726318
1204 -0.323242
488 -0.00546265
477 -4.396
1135 -0.020752
84 44.8969
520 0.0151978
396 -10.6493
764 -0.00958252
400 0.0241394
461 0.0067749
359 -12.9609
362 0.0515442
893 -0.00213623
436 0.0134888
836 0.000671387
1208 0.154785
923 0.0515747
808 0.0125732
1204 -0.319336
1134 -0.0351562
524 0.00933838
960 0.0010376
341 0.00552368
673 0.0285034
1134 -0.0351562
493 0.00460815
491 0.00952148
429 0.00561523
792 0.0257568
427 0.0139771
671 0.026001
1015 0.0584106
296 -11.1044
517 0.0124512
460 0.00857544
491 -0.00616455
798 0.0139771
1093 0.0639648
504 0.0195923
491 0.121887
778 0.0147095
45 0.0338554
749 0.0361328
312 0.0281982
663 0.0454102
500 0.00769043
381 0.0133057
1105 -0.0528564
1233 -0.0878906
676 8.37494
707 -0.0012207
450 0.00817871
348 -0.00158691
661 0.0368652
266 0.0201416
1196 0.137695
853 0.0233765
395 0.0227966
876 -0.00866699
329 -1.15378
644 -0.0288086
393 0.012207
616 0.0239868
552 25.6133
594 0.026001
565 14.7756
461 0.00680542
1134 -0.0351562
525 -0.00585938
720 -0.0157471
693 -0.00701904
665 -0.00628662
396 -10.5802
488 -0.00567627
400 0.0184937
930 0.0100708
442 0.00244141
348 -0.00152588
668 -0.0135498
814 0.0267944
720 -0.0157471
1072 -0.00488281
318 0.020813
923 0.0516968
1089 0.0440674
1072 -0.00488281
461 0.00683594
477 -4.39569
693 -0.00720215
788 0.00408936
651 0.0110474
459 0.0191345
393 0.00616455
491 -0.00604248
351 0.0340881
661 -0.0205078
432 0.0133362
396 -10.6212
500 0.00775146
1185 -0.176636
390 0.0243835
511 0.00192261
1164 0.0373535
681 0.0186768
87 -0.013298
850 0.0223389
356 0.0270996
892 0.00732422
504 0.0194397
477 -4.39633
321 0.033905
302 8.93826
303 -0.0108032
267 66.0479
491 -0.00128174
563 16.0836
853 0.0231323
441 0.0032959
876 -0.00408936
801 0.020752
853 0.0231323
827 0.0333862
750 0.015564
487 -0.00823975
886 -0.0236816
777 -0.000671387
1133 -0.0177002
381 0.0127258
693 -0.00646973
491 -0.00128174
683 7.37878
1169 -0.151855
396 -10.651
509 0.0152283
356 0.0271912
477 -0.162476
624 12.2103
1196 0.137573
523 -0.00805664
351 0.0174561
416 0.00750732
314 0.0153198
393 0.00610352
263 44.8809
853 0.0210571
681 0.0189209
665 -0.00616455
455 0.0169983
305 0.0197754
909 0.0583496
678 7.90002
473 0.00112915
477 -4.39737
840 0.0388184
481 0.00604248
322 0.0160217
886 -0.0237427
369 0.00231934
1099 0.0222168
237 0.0186462
262 0.0116577
92 -0.013916
351 0.0178223
473 0.000152588
661 0.036499
452 0.0278931
565 14.781
147 -0.688034
642 11.8624
878 -0.0157471
802 -0.0151367
1174 -0.189087
342 -0.0284729
645 -0.02771
393 0.00637817
498 0.00680542
512 0.0020752
774 0.0182495
777 -0.000976562
643 0.138428
343 -0.0216675
711 1.3009
363 0.00845337
416 0.00701904
84 44.8742
925 0.00524902
1101 -0.0585938
461 0.00683594
302 0.0436707
359 0.00939941
718 1.80084
296 -11.114
57 -0.00595474
416 0.00686646
616 0.0238037
260 0.0124512
801 0.020813
57 -0.00525284
767 0.0249023
851 0.0297241
339 0.010376
671 0.0287476
274 -0.00393677
57 -0.0059166
1038 -0.0229492
720 -0.015686
57 -0.00602722
487 -0.00827026
624 12.2114
364 0.0296936
376 0.00421143
807 0.0280151
461 0.00671387
357 -13.3092
886 -0.0237427
435 0.0189209
217 0.0218506
356 0.0456238
323 0.0357361
772 -0.00439453
824 0.0139771
381 -10.6366
408 -0.0088501
808 0.00744629
793 -0.00183105
1078 -0.0251465
808 0.0122681
648 0.0189209
809 0.0180054
854 0.020752
351 0.0179443
616 0.0239258
368 0.0120544
266 -0.000671387
651 0.0109863
494 -0.00512695
651 0.0108032
1108 -0.0369873
504 0.0191956
796 0.0106812
927 0.00274658
874 -0.00506592
494 0.0110168
833 -0.00805664
1038 -0.0228271
307 0.0318298
499 0.0065918
653 0.0372314
781 -0.00665283
658 -0.0209351
335 -0.322052
429 0.00595093
765 -0.0454102
731 -0.000610352
839 0.0562744
393 0.0213318
664 9.52222
801 0.0209351
630 0.0216675
318 0.026001
672 0.0331421
749 0.0361328
668 -0.0135498
862 0.0109863
481 0.000396729
693 -0.00604248
438 0.0197754
416 0.00692749
913 0.0404663
810 0.00823975
1204 -0.314087
296 -11.1063
750 0.0158691
696 7.20148
358 0.039093
396 -10.621
381 0.0126953
446 0.0105286
932 -0.0114136
250 -0.0234985
501 0.0237427
807 0.00238037
489 0.00390625
296 0.0496216
333 0.00854492
266 0.0196533
1078 0.0460205
92 0.00476074
659 0.0463867
501 0.0236816
627 0.00341797
432 -0.00149536
491 0.0090332
1233 -0.0878906
262 -0.000946045
414 -0.000793457
500 0.00769043
384 0.0203247
651 0.0108032
483 0.00915527
833 -0.00860596
279 -0.0354614
381 0.0135193
1185 -0.171997
71 27.2541
781 0.0126953
356 0.024353
350 0.0319519
1233 -0.0878906
337 -0.232361
854 0.0285034
854 0.020752
363 0.0444031
838 0.0321655
438 0.0228882
306 0.026825
844 0.0392456
174 68.0056
488 -0.00500488
1038 -0.0230713
396 -10.6482
373 0.0178833
464 0.00674438
513 0.0228271
871 0.0335693
54 0.00791168
441 0.00326538
57 -0.00524521
529 -0.019165
801 0.020752
441 0.00344849
748 0.0255127
773 0.0150757
594 0.0259399
606 0.00567627
852 0.0422363
693 -0.00683594
426 0.0126038
525 0.000488281
672 9.3103
267 66.0474
651 0.0289307
361 0.00762939
663 0.0454102
565 14.7809
406 -0.016571
696 7.20135
854 0.0209961
321 0.0339355
897 0.0158081
57 -0.00505066
439 0.0128784
250 -0.0232849
434 0.0114441
432 -0.00140381
206 0.0385437
919 0.0408936
1134 -0.0351562
768 -0.00891113
812 0.0117188
693 -0.00665283
1209 0.142944
693 -0.00646973
1038 -0.0228271
1092 0.0601807
395 0.023468
92 -0.00572205
1098 0.0594482
157 87.9638
663 0.015625
57 -0.00606537
522 0.00738525
536 -0.000671387
487 0.0160522
673 0.0196533
432 -0.00131226
329 -1.15173
320 -0.223267
262 -0.00192261
71 27.2694
333 -0.000854492
439 0.0113525
767 0.0133667
262 0.0147705
352 0.0174866
760 0.333984
696 7.20276
662 0.0350952
513 0.0175781
1027 0.0302734
807 0.0127563
897 0.0278931
506 0.00802612
672 0.0252686
230 75.6114
886 -0.0238647
478 0.000701904
411 -0.00808716
439 0.0125427
796 0.0477295
356 0.0270386
418 0.0137634
514 0.0162354
651 0.0109863
262 -0.00146484
454 0.0142517
540 17.8506
651 0.0106812
511 0.0136414
693 -0.00653076
645 -0.02771
1078 0.0458984
809 0.0178223
15 2.19559
543 17.1086
642 10.1331
797 0.017395
779 0.0345459
430 0.00656128
386 -11.1691
760 -0.0390625
801 0.020874
425 0.00253296
439 0.0125732
459 0.0121155
861 0.0297852
693 -0.00701904
271 0.000579834
573 -0.00750732
514 19.574
708 0.000305176
439 0.0122375
328 -27.3837
1134 -0.0351562
501 0.0235291
369 0.00213623
665 0.0272217
696 7.2016
833 -0.00561523
794 0.0569458
249 0.0222473
895 0.0233154
321 -0.509521
396 -10.6488
789 -0.00323486
340 0.00390625
892 0.00738525
501 0.0236816
403 -0.00991821
390 -0.00234985
1204 -0.313965
500 0.00775146
771 -0.00262451
263 44.8788
434 0.0170898
696 7.2027
660 0.0512695
758 -0.0355835
851 0.0296631
512 0.00213623
792 -0.0179443
833 -0.00531006
396 -10.6486
1176 -0.182495
501 0.0236206
1078 0.0458984
370 0.0299683
809 -0.0158081
798 0.0186157
606 0.000488281
663 -0.00518799
696 6.84723
486 0.00787354
285 0.0184326
751 0.723389
331 0.014679
432 -0.00137329
370 0.0256653
501 0.0236511
750 0.015686
663 0.0454102
779 -0.0264893
583 8.96881
750 0.015564
1196 0.137329
503 0.0284119
428 0.0200195
318 0.0232239
683 0.0213013
919 0.0617065
801 0.020813
498 0.0167236
821 0.00610352
262 0.0117798
1127 0.000854492
925 0.00524902
1072 -0.00476074
966 -0.00469971
388 0.0145874
356 0.0266418
708 0.000427246
850 0.0285645
750 0.015564
15 2.1965
478 0.000793457
898 0.00671387
925 0.00518799
317 -12.8051
356 0.0264893
1095 0.0686035
788 0.0263062
809 0.00610352
455 0.0190125
1134 -0.0351562
416 0.00759888
279 -0.0354309
285 0.0183716
361 -0.00872803
854 0.0209961
856 -0.0394287
791 0.0124512
693 -0.00610352
871 0.0336914
512 0.0108032
892 0.00524902
1196 0.137329
370 0.016571
659 0.0179443
765 -0.0447998
476 0.0159607
671 0.0269165
416 0.00753784
250 -0.0237427
871 0.0336914
749 0.0361328
651 0.0108032
1179 -0.181885
512 0.0129395
477 -4.3959
802 -0.0151978
622 -0.00244141
371 -12.2755
432 -0.00143433
421 0.0235291
210 79.068
750 0.0155029
751 0.723389
439 0.0126343
535 16.7737
773 -0.0171509
424 0.0279236
898 0.00799561
343 -0.021637
491 0.119537
865 0.00164795
873 -0.00421143
619 -0.00482178
68 65.3943
857 -0.0390015
296 -11.1107
767 0.0249634
1095 0.0594482
688 7.64014
514 0.0160522
409 0.00918579
790 0.0463867
663 0.0289307
413 -0.0112915
427 0.0120544
750 0.0154419
285 0.0182495
772 -0.00415039
822 -0.0368652
319 -0.693573
393 0.00628662
347 -12.5632
852 -0.00671387
1204 -0.313965
403 -0.00418091
624 0.0294189
632 0.0548706
416 0.00762939
627 0.00335693
441 0.0196533
886 -0.0237427
693 -0.0065918
491 0.119354
569 14.9719
720 1.95245
439 0.0131226
1214 -0.341675
851 0.0297241
638 0.615601
788 0.00244141
506 0.0222473
777 -0.000976562
253 0.0317841
852 -0.0067749
316 14.311
752 -0.00665283
262 -0.000854492
503 -0.0117493
371 0.0131531
73 0.00384521
302 8.93076
415 0.0212402
707 -0.088562
472 0.00134277
835 0.0130615
460 0.00735474
384 -0.0111389
409 0.015564
894 0.0266724
57 -0.00585556
707 -0.0889893
57 -0.00574493
262 -0.00253296
756 0.0429077
255 0.0356293
789 0.0136108
886 -0.0239868
1164 0.0375977
809 0.0231323
1038 -0.0228271
404 0.0153198
820 -0.0221558
853 0.0230713
806 0.00939941
1185 -0.177246
651 0.0108643
303 -0.0107727
396 -10.6207
514 0.0160522
696 7.20142
798 0.0111694
314 0.0150146
343 -0.0218506
833 -0.00543213
627 0.00524902
842 0.0145874
753 -0.017395
488 0.0176086
393 0.00634766
367 0.0214539
491 0.0125122
359 -12.9609
382 0.0123901
606 0.000488281
1209 0.140625
597 0.179749
488 -0.00567627
488 0.00405884
356 0.0246887
718 1.80084
466 0.047821
409 0.0168457
475 -0.160034
397 0.0203247
536 18.0452
394 0.00726318
696 7.20288
321 0.033844
543 17.1114
343 -0.0216064
418 0.0166321
417 0.0211487
668 -0.0134888
688 7.64038
758 -0.0559082
762 -0.00714111
406 0.0222778
246 70.3933
305 0.00784302
480 0.0065918
801 0.020813
893 -0.00213623
665 -0.00622559
403 -0.00418091
432 -0.00012207
165 -0.024704
266 0.0202026
432 -0.0015564
388 -0.00375366
809 -0.0159302
772 -0.00732422
432 -0.0012207
810 -0.000915527
524 19.2252
606 0.00518799
478 0.000854492
820 -0.0222168
852 -0.0067749
659 2.08594
180 83.8281
837 0.0206299
396 0.0256958
520 0.00708008
370 0.0298157
420 0.0184631
396 -10.6211
646 0.0321655
250 74.9759
496 0.00430298
855 -0.00946045
644 -0.0288086
658 -0.0231323
796 -0.0162964
750 0.015625
1185 -0.177368
1105 -0.0528564
665 -0.00622559
429 0.00695801
838 0.015625
525 -0.0100098
314 0.0148621
718 1.80066
393 0.00640869
1093 0.0939941
799 0.0153198
679 9.12738
53 0.0102882
491 0.121674
1133 -0.0175781
230 75.6114
505 0.00604248
477 -4.39639
496 0.0107117
820 -0.0222778
696 6.84729
431 -0.000732422
321 0.0324097
259 0.0142212
808 0.0126953
898 0.00817871
501 0.0235596
1179 -0.179199
1102 -0.0638428
616 0.027832
71 27.2391
356 0.0267639
478 0.000640869
396 -10.6501
663 0.0237427
638 0.0126953
1133 -0.0177002
808 0.0125122
343 -0.021637
406 -0.0111694
388 0.0246582
393 0.0062561
808 0.0123901
909 0.0587158
342 -0.0301514
751 -0.0209351
174 68.0178
635 11.652
316 0.0198669
54 0.00888824
826 0.0305786
801 -0.0149536
390 0.0250549
439 0.0158997
389 0.0212708
594 0.0253296
341 -0.0150146
1211 0.147583
785 0.00445557
606 -0.00592041
285 0.0180969
174 68.0543
572 14.8281
663 0.0454102
308 0.00476074
343 -0.0217896
642 0.0187378
634 -0.0158081
850 0.0286255
420 0.019989
524 19.2252
505 0.00827026
391 0.026001
750 0.015686
960 0.00115967
1072 -0.00500488
478 0.000518799
425 0.00250244
944 -0.00134277
429 0.00588989
404 -0.0106201
429 0.0062561
379 0.0273438
421 0.0177612
396 -10.6501
778 0.0164185
931 6.10352e-05
795 -0.00396729
773 0.000976562
494 0.0111389
333 0.00570679
768 -0.0129395
594 7.63965
1164 0.0374756
346 0.0167542
767 -0.0220947
506 -0.00241089
792 -0.0181274
466 0.0453491
523 19.2514
332 -0.0111084
749 0.0361938
474 0.0140991
343 -0.021698
833 -0.0055542
863 0.00726318
622 0.0293579
695 7.1062
360 0.0301208
802 -0.0168457
871 0.000915527
42 -0.00417328
491 0.122192
802 -0.0152588
302 8.93735
594 0.0258179
777 -0.000305176
659 2.08478
843 0.0701294
419 0.0192261
777 -0.000854492
441 -0.00146484
795 -0.00848389
523 19.2515
394 0.00973511
620 -0.0119629
695 7.10614
441 -0.00137329
478 0.000732422
504 0.0243225
750 0.015625
431 -0.0151978
1060 -0.0113525
805 0.036438
823 -0.0266724
285 0.0178223
1213 0.123901
418 0.0231018
609 9.97748
621 -0.0112305
1052 -0.0551758
180 0.029953
804 0.0194702
838 0.00482178
317 0.0195618
393 0.00616455
779 0.00109863
455 0.0168152
429 -0.00643921
1187 -0.197266
524 -0.00238037
472 0.0792847
383 -11.0802
1057 -0.0672607
668 -0.0134888
809 0.022644
476 0.0158691
791 -0.0100098
523 19.2514
267 0.0197144
616 0.0239868
373 -11.2151
757 -0.0320435
425 0.00253296
424 0.0277405
291 4.5127
416 0.0065918
804 0.0171509
367 0.0252991
439 0.0125732
351 0.0177917
473 0.000152588
402 -0.0131531
831 0.0333862
269 65.8043
606 0.000427246
1134 -0.0351562
665 0.0210571
851 0.0623779
432 -0.00131226
668 0.024231
656 0.0252686
84 45.2542
751 -0.0103149
606 0.0057373
1185 -0.177246
915 0.0799561
456 0.018219
833 0.0343018
404 0.0161133
367 0.0169067
606 0.0055542
288 0.0888977
404 0.0162964
441 -0.00137329
1052 -0.0565186
789 -0.00878906
285 0.01828
15 2.17407
671 9.4068
640 0.0170288
478 0.000549316
828 -0.0180664
429 0.00616455
571 14.8555
66 -0.0143738
857 0.0442505
791 -0.0103149
254 70.1293
267 0.0197754
405 0.0085144
39 0.0621986
501 0.0236816
500 0.00817871
315 -0.00473022
918 0.0567017
446 0.00579834
432 -0.00134277
421 0.0138855
426 0.014801
491 0.00912476
404 0.0166321
1185 -0.177368
321 0.0216064
376 0.0114136
1059 -0.0294189
762 -0.034668
426 0.0129089
338 -0.138947
736 0.0227051
217 0.0216522
772 -0.000305176
57 -0.00531769
627 -0.00952148
674 0.0291138
372 0.0167847
507 19.8303
645 -0.027771
362 0.0516663
790 0.0169067
1028 0.0108643
639 0.0200195
460 0.00772095
606 0.00531006
619 0.0251465
831 0.0311279
944 -0.00488281
620 -0.0119019
54 0.00571442
821 -0.0367432
357 -13.3091
568 14.4979
440 0.0205688
438 -0.0083313
416 0.00701904
659 -0.0223999
238 0.0165405
788 0.0143433
461 -3.05176e-05
871 -0.0203247
290 -0.0295715
491 -0.00631714
771 0.0557251
659 2.08478
696 7.2027
606 0.0057373
913 0.0567627
750 -0.020752
764 0.0290527
323 0.0203552
886 -0.0236816
290 4.81488
441 -0.0020752
1038 -0.0228271
230 75.6113
794 -0.0151978
534 18.7448
930 0.0100708
359 -12.9608
76 0.00839233
816 -0.0421753
833 -0.00543213
42 -0.00395584
404 0.0223999
852 0.045166
357 0.0116272
767 0.0249023
642 0.0343628
1133 -0.0175781
503 0.00646973
895 0.0133667
301 0.00854492
255 70.2581
262 44.912
328 -27.3808
378 0.0135498
878 -0.0222778
394 0.0109558
871 0.0336304
267 66.046
621 0.0237427
1015 0.0582886
320 -0.533295
373 -12.0687
766 0.036377
445 0.0262146
455 0.0165405
507 19.8306
393 0.00878906
651 0.0109863
299 0.000732422
818 0.0152588
262 -0.00210571
370 0.0184937
303 -0.0135498
543 17.111
628 0.012207
322 0.000701904
818 0.0162964
606 0.000732422
479 0.00741577
838 0.0218506
838 0.0230103
476 0.0128479
296 -11.1016
883 0.0515747
773 -0.0010376
230 75.6112
590 4.54669
801 0.0209351
370 0.0302429
266 0.0195618
429 0.00796509
820 -0.00317383
290 0.0462646
348 -0.0015564
328 -27.3845
322 -0.261902
448 0.0238037
606 0.00292969
301 0.0348206
790 -0.010376
749 0.0361328
653 0.0271606
293 0.0466919
813 0.0356445
157 -0.0319366
756 0.043396
321 0.033905
370 0.0275269
356 0.00244141
620 12.5025
242 71.1089
311 0.0241699
501 0.0236206
565 0.012207
14 0.00992584
478 0.000549316
303 0.0113831
31 0.00812721
849 0.0585938
795 0.00628662
303 0.0119629
606 0.0055542
759 -0.0342407
392 0.00283813
821 -0.0366821
622 12.1438
852 -0.00665283
474 0.0105286
285 0.018219
1037 0.0246582
412 -0.00714111
481 0.027771
461 0.00680542
831 0.0149536
472 0.0226746
790 -0.00158691
346 -14.4985
300 0.0472107
886 -0.0237427
332 0.0362854
303 -0.00872803
321 -0.292633
651 0.0108643
465 0.0105286
618 0.0128174
833 0.0148926
867 0.0244141
1102 -0.0639648
811 0.036438
794 0.0197754
478 -0.00177002
1054 -0.0810547
644 -0.0288696
378 0.0156555
356 0.0236206
418 0.0163879
297 0.0196838
452 0.0278625
1052 -0.0579834
128 0.0294037
695 7.10571
394 0.0100098
661 0.0365601
404 0.0206299
368 0.0123291
688 -0.0442505
430 0.0116882
525 -0.00653076
323 0.0240173
505 0.00601196
793 -0.00958252
473 0.000549316
834 0.0167847
1007 0.0241089
925 0.00518799
1015 0.0582886
394 0.00906372
1089 -0.0959473
512 0.00213623
677 7.84247
312 0.0148315
647 0.0346069
853 0.0231934
838 0.0155029
418 0.022583
778 0.0266724
316 0.0605164
445 -0.0108948
606 0.00543213
833 -0.00567627
616 0.0240479
543 17.1113
780 0.00915527
853 0.0231934
174 68.0016
389 -10.6154
523 19.2515
827 0.0253906
659 2.08478
624 0.0250854
255 49.429
747 -0.00878906
893 -0.0020752
910 0.0463257
892 0.00750732
406 -0.0169373
804 0.0218506
857 -0.0386963
343 -0.0216064
904 0.0415649
523 19.2514
622 11.8475
767 0.0249023
302 8.93134
473 0.000183105
893 -0.00219727
472 0.00137329
230 75.6114
663 0.0454102
456 0.0032959
394 0.0231018
477 0.0141296
512 0.0169678
801 0.020874
644 -0.0288086
930 0.0101318
781 0.0126953
893 -0.0020752
671 9.66846
752 -0.00469971
379 0.00238037
820 -0.0222168
488 0.679596
625 12.3209
919 0.098938
431 -0.0158386
767 0.0250244
404 0.00634766
623 -0.00750732
821 -0.0366821
661 0.036438
606 0.000671387
1007 0.0261841
295 0.0256653
644 0.0254517
392 0.0372925
38 0.605278
478 0.000732422
461 0.0071106
660 0.0517578
553 12.0078
313 0.302002
339 0.0324707
171 0.0126801
383 0.0136414
477 -4.3956
799 -0.00146484
750 0.0158691
853 0.0230103
535 16.8099
422 0.0267944
606 0.000549316
70 43.274
778 0.0322266
387 0.0234375
523 19.2513
893 -0.00219727
84 45.2063
833 0.0188599
821 -0.0366821
380 -11.2581
669 9.80804
543 17.1091
876 0.045166
342 -0.015564
263 44.8794
1009 -0.0515747
622 -0.00262451
266 0.00820923
783 0.00500488
869 0.00512695
808 0.00793457
794 -0.0178833
742 1.30676
565 0.012207
814 -0.0139771
393 0.00631714
781 0.0127563
468 -5.55325
393 0.00628662
257 0.00637817
539 16.6641
569 14.972
452 -0.00558472
865 -0.00012207
459 0.0164795
657 0.0178833
357 -13.3091
410 -0.00695801
330 0.0139465
589 0.0407715
472 0.00137329
594 0.0334473
821 -0.036499
742 1.30688
852 -0.00665283
808 0.0177612
360 0.0317993
641 0.0217285
393 0.00634766
791 0.00653076
616 0.0239868
393 0.00643921
853 0.0231323
821 0.0193481
255 52.8275
381 0.0050354
237 0.0196991
386 -0.000915527
892 -0.0209961
627 0.022644
88 0.0146255
738 0.0275879
180 0.0299988
472 0.00900269
305 0.0610962
40 0.571609
183 -1.52588e-05
848 0.00494385
428 0.00750732
826 0.0314941
297 0.021759
374 0.0180969
641 0.0228882
667 0.0285645
1015 0.0583496
676 0.0149536
457 0.0273438
321 0.0341187
569 15.3762
373 0.0109863
625 -0.00891113
590 4.54578
838 0.015686
838 0.0124512
348 -0.00161743
669 9.80701
478 0.000762939
302 0.0441895
67 -0.000564575
781 0.0345459
473 3.05176e-05
909 0.0587158
839 0.0269165
479 0.00680542
1164 0.0373535
478 0.000946045
237 0.0189209
645 0.0339966
371 -12.7552
255 51.0204
620 12.4999
355 0.0367432
373 0.0154419
456 0.0189209
476 0.0214539
370 0.0299683
288 0.0107727
425 0.00256348
606 0.00537109
822 -0.0370483
708 -0.0515747
403 0.00280762
381 0.000427246
627 0.0126343
488 0.00668335
477 -4.3974
465 0.0142212
1184 -0.216797
326 0.0332031
491 0.00912476
886 -0.0236206
884 0.0452271
303 8.64771
881 -0.0181274
751 0.724365
760 -0.00360107
330 0.0166321
297 0.0201416
427 0.0204163
821 0.0269775
671 9.02393
805 0.0257568
382 0.0152588
790 -0.010437
919 0.0769653
814 -0.0137329
264 0.0293579
346 -0.0430298
814 -0.0145264
851 0.0297852
326 0.00299072
336 0.0343018
1231 0.0422363
788 -0.00415039
770 -0.00146484
1007 0.0236816
328 -27.3818
409 -0.00866699
825 -0.0159302
1078 -0.0251465
755 -0.0427246
919 0.0708008
555 16.1687
226 -0.0323944
620 12.5001
331 0.0146179
416 0.00750732
416 0.00549316
966 -0.00457764
375 -10.8599
489 0.0125427
1038 -0.0229492
618 12.6135
634 -0.00537109
506 0.00643921
425 0.00256348
491 -0.00131226
797 0.0172119
279 -0.0354614
1185 -0.177124
875 0.00488281
820 0.00500488
788 0.000427246
356 0.0228882
448 0.00970459
755 0.0362549
692 -0.00970459
826 0.0230713
808 0.0178833
754 -0.0418701
514 0.0162964
763 -0.00158691
474 0.0229492
403 -0.00442505
880 0.00164795
491 0.122192
478 0.000701904
247 -0.00523376
788 0.0342407
852 0.0409546
871 0.0335693
930 0.0100708
256 50.0746
751 -0.0202026
960 0.0239868
626 0.0218506
294 0.0271912
1078 -0.0251465
754 -0.0352783
783 0.00756836
297 -14.1
846 0.0153198
393 0.00628662
673 8.67151
238 0.0175934
319 0.000671387
342 -0.0269165
651 0.0109863
786 0.0139771
103 86.6832
385 0.019104
364 -0.0247192
543 17.1085
430 0.0039978
909 0.0588989
185 86.4309
1133 -0.0175781
473 0.0215149
153 -0.788864
279 -0.0353394
302 0.00982666
627 0.00598145
330 -0.00106812
468 0.0351562
885 0.0487061
864 -0.0250244
828 0.0266113
911 -0.0631104
403 -0.00415039
382 -10.5305
769 -0.0197754
838 0.0131226
356 0.0266418
892 0.00744629
429 0.00653076
640 11.402
734 -0.00732422
121 85.2246
188 84.3447
885 0.0593262
692 -0.00695801
637 11.6943
425 0.00256348
664 0.0240479
459 0.0474854
462 0.000579834
491 -0.00637817
425 0.00262451
659 -0.0196533
403 -0.00546265
267 0.0205994
792 -0.0180054
242 84.618
777 -0.0170288
638 0.0192871
356 0.0228271
370 0.0299072
266 0.0198975
383 0.0180969
572 -0.00787354
813 0.00396729
109 -0.0318604
404 0.0159302
809 0.0101929
640 0.0169067
340 0.0411377
416 0.00750732
478 0.000854492
930 0.0100708
460 0.00671387
965 -0.456665
461 0.00820923
501 0.0236816
462 0.0190125
627 0.00976562
921 -0.0172119
814 0.0216064
461 0.0140991
799 0.0162354
410 0.00949097
876 0.0368042
743 -0.00335693
425 0.00265503
833 0.0192261
279 -0.0351868
731 1.79602
251 70.1313
821 -0.0366821
332 -0.00665283
330 0.0361938
317 0.0104675
396 -10.6207
743 -0.0321655
822 -0.0373535
535 18.5835
7 0.00381851
340 0.0422974
624 12.2112
425 0.0192261
1078 -0.0251465
835 0.0361328
1005 0.0137939
267 0.019989
246 70.3933
526 -0.0274048
262 0.0117798
499 0.0195312
524 19.2252
881 -0.019043
308 0.0138245
666 9.76691
262 0.0117798
417 0.0271912
364 0.0233154
330 0.0117798
76 -0.0476456
396 -10.6515
876 0.0419312
262 0.0115967
774 0.0203247
524 19.2252
876 0.0367432
238 0.0175171
688 7.64044
519 -0.00445557
838 0.02771
253 69.8857
343 -0.021698
7 0.00380611
14 0.0103769
320 -0.30954
782 0.00738525
841 0.0681152
393 0.00732422
107 70.3161
572 12.8438
416 0.00756836
1105 -0.0528564
450 0.0141602
68 0.00662231
470 0.0576782
850 0.0274048
1133 -0.0175781
960 0.0241089
627 0.003479
661 0.036499
76 -0.0457001
419 0.017334
627 0.003479
660 0.00689697
411 -0.00857544
367 0.0195618
840 -0.0145264
866 0.0200195
57 -0.00611115
393 0.006073
342 -0.0302429
808 0.0178833
43 0.0303459
797 0.024292
777 0.0115356
395 0.00952148
284 -0.0116882
124 69.9427
910 -0.0449829
290 5.96136
645 -0.0269775
1102 -0.0638428
826 0.0231323
357 -13.3091
810 -0.0108032
843 0.0349731
781 0.0127563
651 0.0109253
1133 -0.0175781
871 0.0336304
682 7.87848
606 -0.00335693
789 0.0218506
343 -0.0477295
795 0.0515137
747 1.04333
555 -0.0162964
790 -0.022522
837 0.031311
414 0.0164185
523 0.00939941
794 0.0697021
851 0.062561
838 0.015564
801 -0.0150757
329 -0.00552368
820 0.0106201
37 1.02512
128 0.030365
70 -0.00360107
413 -0.00424194
868 -0.0115356
849 -0.003479
863 -0.00769043
807 -0.00372314
393 0.00646973
851 0.022583
889 -0.0127563
627 0.0125732
266 0.0200195
317 0.00540161
356 0.0230713
393 0.00628662
279 -0.0353699
651 0.0109863
296 0.0113831
291 0.0038147
416 0.00769043
816 0.0118408
238 0.017868
445 -0.00109863
1186 -0.194336
314 0.0150757
630 0.0216675
852 0.045166
341 4.08862
293 0.0406189
665 -0.00628662
708 0.000305176
383 -0.00827026
798 0.0115356
461 0.00668335
636 11.3711
788 -0.00299072
431 0.0163574
283 0.0205994
237 0.019577
688 7.64056
763 0.0339355
410 -0.00784302
777 -0.000305176
770 0.0209961
772 -0.00488281
661 0.0315552
824 0.00213623
137 65.5391
833 0.019043
555 15.9514
1015 0.0582886
720 -0.015625
377 -10.7486
830 0.0221558
639 0.0228882
609 10.3792
621 -0.0183716
960 0.0239868
513 0.00909424
821 -0.0366821
881 -0.0188599
851 0.0297241
254 69.8631
663 -0.0362549
814 -0.013855
452 0.0278625
471 0.0153809
363 0.0192261
501 -0.0692444
572 14.6341
833 0.019104
121 85.2293
409 -0.00909424
78 0.485458
130 1.77512
357 -0.00274658
930 0.0101318
482 -5.57571
275 60.2039
22 6.73178
822 0.00769043
821 -0.0205688
817 0.0245972
804 0.0112305
627 0.003479
497 0.0304565
403 -0.0067749
318 0.0287476
773 -0.0078125
387 0.0529785
886 -0.020874
878 -0.0205078
362 0.0101624
694 -0.00152588
933 0.0204468
781 0.0127563
844 0.0299072
480 -0.00656128
407 0.00665283
853 0.0286865
450 0.0149231
707 -0.0881958
766 -0.0169678
789 0.0244141
509 0.0389709
491 -0.00119019
266 0.0194702
250 0.00617981
661 0.0394287
752 1.08832
627 0.0127563
859 0.0325928
356 0.0269165
865 -0.00012207
606 -0.00317383
250 -0.0233154
609 10.6271
781 0.0128174
201 75.2389
850 0.0274658
981 -0.435547
1015 0.0582886
853 0.0231323
252 53.8607
585 0.0418091
797 0.0125732
389 0.0200806
911 -0.0634766
784 0.00732422
676 0.00115967
416 0.0187378
280 36.9971
285 0.0180664
448 0.0108032
639 0.0163574
285 0.0180969
37 1.02476
819 0.00299072
480 0.00958252
68 0.009552
825 0.00799561
524 -0.0117188
217 0.0216064
765 -0.0222778
627 0.00604248
333 0.0176697
348 0.0358582
504 0.0257263
639 11.5637
616 0.0239258
1062 0.00378418
867 -0.00476074
851 0.0117798
312 0.0147705
774 -0.0314941
559 -0.0103149
394 0.00897217
370 0.019165
343 -0.0214844
802 -0.0161743
237 0.019104
808 0.010376
850 0.0272217
459 0.0116272
348 -0.00143433
147 -0.687149
1237 -0.0163574
542 16.799
821 0.00964355
280 -0.00112915
43 0.0367088
865 6.10352e-05
328 -0.0182495
793 0.0560303
263 44.876
470 0.00491333
124 69.759
765 -0.0454712
749 0.0361328
784 0.0126343
314 0.0153503
881 -0.0183105
338 0.0105896
856 -0.00109863
838 0.0194092
124 69.9648
155 88.7501
313 -1.62329
523 19.2512
854 0.0422974
363 -0.0219116
201 75.3941
503 0.0552673
871 0.0336914
930 0.0101318
862 0.0108643
355 0.0147705
201 75.3943
523 0.00964355
763 -0.0337524
745 -0.0113525
721 -0.0675659
394 0.0062561
830 0.0128784
848 0.0043335
328 0.0171509
802 -0.0444946
960 0.00445557
285 0.0183716
850 0.0224609
851 0.0297241
303 0.0296631
602 -0.0476074
267 0.0196838
780 0.022522
865 0.00012207
425 0.00247192
802 -0.00250244
811 -0.0296631
370 0.0298462
268 65.9385
248 57.7141
739 0.00909424
739 0.0412598
692 -0.0101318
14 0.0103979
473 0.00869751
724 0.0010376
462 0.0227356
1091 -0.0576172
736 0.0107422
687 7.13489
781 0.0127563
695 7.10602
1036 -0.0662842
393 0.00610352
253 0.018219
331 0.0118408
500 20.754
330 0.0418396
876 0.046875
14 0.0100708
424 0.0278015
725 -0.0157471
923 0.0512695
321 0.036377
821 -0.0366211
584 7.89386
754 -0.0485229
805 0.0222168
810 -0.0112305
836 0.0122681
501 0.0236206
820 0.0164185
322 0.0496216
909 0.0581055
826 0.0178223
205 79.6055
822 -0.00518799
476 0.0203857
606 -0.00469971
865 0.0569458
966 -0.0043335
821 0.0123901
1049 -0.0284424
506 0.0117493
648 -0.0396729
331 0.0115356
793 -0.00952148
393 0.00628662
301 0.0385132
256 0.020752
523 19.2513
321 0.0290527
359 0.009552
572 14.9717
760 -0.0568237
751 -0.0268555
68 0.010498
386 -10.9786
764 0.0111694
721 -0.0684814
829 0.0098877
783 0.0255127
814 0.00476074
721 0.0501099
624 12.2125
898 0.00726318
862 0.0108032
839 0.0261841
553 8.83441
941 0.0541992
883 -0.0236816
667 9.70111
797 -0.0162964
281 0.023468
1007 0.0239868
663 0.0454102
801 -0.00817871
410 0.0158691
760 0.036499
426 0.0116577
336 -20.2652
506 0.0808411
491 0.121948
821 -0.00231934
781 0.0127563
395 0.00872803
282 -0.0216675
197 81.6696
693 6.71899
121 85.2299
835 0.0224609
405 0.00521851
721 0.0739136
303 -0.0106201
1185 -0.177002
781 0.0127563
609 -0.0145874
1234 -0.0853271
870 0.0383301
1154 -0.0578613
813 0.0065918
897 0.00976562
916 -0.00195312
403 -0.00442505
782 0.000183105
460 0.00540161
460 0.014801
802 0.00817871
416 0.00772095
602 -0.0482788
829 0.0230103
478 0.000762939
894 0.0265503
285 0.01828
838 0.0268555
765 -0.0189209
747 -0.0057373
326 0.00909424
692 -0.00994873
1231 0.0419922
285 -0.00283813
834 0.00878906
279 0.00634766
328 0.0418091
1023 0.088562
523 0.00909424
742 1.3067
348 -0.00158691
331 0.0144958
778 0.00628662
852 0.0133057
516 0.0106812
382 -0.00500488
1233 -0.0878906
838 0.0232544
165 64.3978
663 0.0186157
445 -0.00106812
370 0.0302124
730 -0.0916138
606 0.000366211
393 0.057312
491 -0.00119019
40 0.0483093
445 0.00140381
491 -0.000610352
759 -0.0501709
816 0.0254517
665 -0.00610352
491 -0.00131226
421 0.0198975
491 -0.00125122
684 0.0371704
832 0.0172729
648 0.020752
606 0.0461426
390 0.00601196
765 -0.0452881
1231 0.0421143
478 0.000762939
251 0.00541687
216 75.39
1015 0.0583496
792 -0.00500488
404 0.016449
840 0.0238647
1115 -0.0310059
533 19.1326
853 0.00708008
230 75.6112
26 0.00440979
738 1.11005
524 19.225
349 -13.8848
224 16.5556
761 0.0213013
1204 -0.313599
321 -9.52301
838 0.00933838
52 -0.000370026
558 8.97443
1091 -0.0577393
352 0.0177917
767 -0.0378418
852 0.045166
756 -0.0631104
369 0.00869751
1009 -0.0512085
876 0.0449219
893 -0.00195312
832 0.0169067
800 0.0236816
410 0.00149536
1133 -0.0175781
665 -0.00622559
630 0.0217896
966 -0.00445557
288 0.804077
894 -0.0213623
892 0.00732422
334 -0.0271301
498 3.69891
665 -0.00616455
800 0.0124512
343 -0.0216675
930 -0.000915527
381 0.00131226
870 0.0383911
296 0.0178223
543 17.1085
941 0.00805664
285 0.018158
346 -13.6781
853 0.0205688
855 -0.0098877
393 0.00640869
898 0.00738525
303 -0.0115662
312 0.010498
647 0.0471191
306 0.0171204
777 -0.000427246
750 0.015564
653 0.0507812
949 -0.0232544
426 0.0135498
810 -0.0177612
692 6.25232
468 0.0166931
688 -0.0283813
751 0.722778
893 -0.00238037
668 -0.000915527
340 0.0390625
870 0.0383301
802 -0.0447998
501 0.0236511
1005 -0.00762939
766 -0.0111084
472 0.00552368
521 -0.00756836
817 -0.0102539
409 -0.0150452
922 0.110046
767 -0.0274048
467 0.0255737
853 0.0231323
342 -0.00741577
873 -0.00775146
750 -0.0921631
57 -0.00603867
548 -0.0198364
298 0.0269165
699 -0.0327759
354 0.0155945
50 -10.35
850 0.0222778
344 0.00933838
753 0.0502319
129 71.661
393 0.00650024
477 -0.00106812
480 0.00564575
747 0.00366211
886 0.0316162
478 0.000793457
331 0.0145874
808 0.0177612
303 -0.0131531
820 -0.0331421
680 -0.0101929
450 0.0101318
930 0.0100708
698 6.27972
27 0.0492268
466 0.00686646
922 -0.00445557
897 0.00543213
910 -0.000244141
820 -0.0223389
854 0.020874
886 -0.0238037
629 0.0288696
766 0.0110474
270 65.5454
823 0.00946045
470 0.00878906
726 -0.0530396
18 -6.11898
826 0.0245972
846 0.00524902
330 0.0168152
348 -0.00161743
908 0.0380859
669 9.80774
14 -0.0981655
627 0.00561523
174 68.0116
87 0.00482941
610 0.0291748
871 0.0350342
1120 0.0339355
833 -0.00823975
334 0.0389099
898 0.00714111
247 -0.00653076
618 12.6139
80 0.0378265
752 -0.0285034
894 0.0266113
405 -0.00601196
720 -0.015625
731 -0.0794678
450 0.00930786
827 0.0151367
586 -0.0374146
842 0.0150757
647 0.0472412
838 -0.0274048
1105 -0.0528564
758 -0.0497437
580 14.665
769 0.00793457
655 -0.0326538
508 19.8674
695 7.1062
509 19.7455
1204 -0.314209
594 0.0258179
852 -0.00665283
14 -0.0981274
859 0.0353394
677 8.22375
358 0.145386
537 17.9689
80 0.038269
470 0.0124817
262 44.9087
544 17.7926
594 0.0255127
820 -0.0223389
822 -0.00476074
168 89.9831
624 12.2114
543 17.814
554 -0.0100098
750 1.19879
331 0.0136414
466 0.0277405
879 0.00726318
78 0.48288
747 -0.00213623
279 -0.0353394
584 0.0444336
357 -13.3125
760 -0.0355835
333 0.0172119
781 -0.000671387
862 0.0108032
688 7.64014
332 0.029541
35 0.0672073
569 14.9727
773 0.050293
721 0.0733032
824 0.0154419
190 82.5787
404 0.0159607
797 0.0172729
727 -0.130676
1154 -0.0600586
629 -0.00262451
227 0.0612183
898 0.0380249
897 0.0055542
695 7.1062
153 88.9222
873 0.0163574
831 -0.00146484
389 0.00283813
779 -0.0164795
833 0.0143433
639 0.00915527
772 0.0267944
136 -0.16452
786 -0.0088501
387 0.0521545
502 0.0666199
784 0.0187988
789 0.022644
848 0.0324097
473 0.00717163
768 -0.0043335
226 -0.0321045
524 -0.0527344
584 10.136
475 0.00769043
484 -0.00393677
830 -0.0323486
588 0.000915527
183 0.011795
720 1.95245
724 0.0269775
201 75.3943
692 -0.00982666
792 0.081665
544 17.809
749 0.0142212
216 77.7089
892 0.00512695
491 -0.00131226
852 -0.00665283
638 0.0126343
1036 -0.0700684
226 -0.0320892
359 0.00762939
783 0.003479
475 0.000213623
825 0.0388794
710 -0.0663452
963 -0.0413818
822 -0.0371704
352 -13.2352
853 0.0227051
576 0.0194092
659 2.08521
684 -0.0238647
314 -1.97815
378 0.00442505
797 -0.0165405
772 -0.00445557
239 0.0327454
864 0.0357666
314 0.0152893
395 0.00106812
837 0.0299683
399 -0.00924683
770 -0.0617065
812 0.0321045
641 -0.0317383
521 -0.0105591
738 0.0482178
767 -0.000732422
534 17.9811
840 0.0380859
1153 -0.0584717
583 0.00238037
80 0.0362091
550 16.2471
771 0.0090332
248 69.002
764 0.0169678
647 0.0478516
606 0.000610352
524 -0.00878906
849 0.0361938
847 0.0237427
393 0.00643921
1009 -0.0512695
1122 0.00976562
280 -12.8639
426 0.0128174
572 13.5591
297 0.0109558
318 0.0168762
288 0.0744019
1101 -0.0584717
389 0.00442505
621 -0.0611572
844 0.0152588
618 12.6125
414 0.168091
767 0.0246582
781 0.0127563
749 0.0360718
760 -0.0420532
895 0.0231934
822 -0.0371094
426 0.0110779
478 0.000762939
923 0.0516357
647 0.0477295
230 75.6114
735 -0.0350342
852 0.0411987
659 2.08533
918 -0.00793457
809 -0.0155029
907 0.0128784
300 -0.00640869
432 -0.0012207
1150 -0.0185547
838 0.0206909
238 0.0178833
338 -39.3883
458 0.0176697
838 0.022522
526 -0.0151367
792 -0.0179443
660 -0.0012207
314 0.0153198
618 -0.0560913
1122 0.00939941
862 0.0108032
568 -0.000488281
797 0.017334
754 -0.078125
432 -0.00134277
80 0.0384293
820 -0.0220947
761 0.104492
423 0.0180664
815 -0.0111694
757 0.00421143
696 6.84778
794 -0.0137329
820 -0.0222168
541 0.015686
724 0.0322876
610 0.0287476
869 -0.02771
595 -0.00756836
786 0.000854492
904 -0.00445557
352 0.00805664
740 -0.00244141
445 0.00115967
898 0.00756836
611 0.0471802
439 0.0500793
885 0.0296631
781 0.0404053
351 -13.4694
512 0.00213623
524 -0.00408936
1018 0.00714111
674 -0.0845947
839 0.0302124
661 -0.00872803
836 0.0227661
319 0.0264893
1127 0.000976562
278 40.3676
830 0.0284424
783 0.0237427
717 -0.0454102
906 0.050415
606 0.000610352
463 -0.0314026
435 0.0205994
205 78.3635
788 -0.0475464
477 0.003479
922 0.109497
461 0.00601196
618 12.6135
754 1.05634
642 -0.0634155
569 14.9731
1128 -0.0200195
842 0.0528564
854 0.0386353
769 0.0206909
429 0.00564575
255 0.0194702
524 -0.0162354
870 -0.0105591
669 9.80634
951 0.0200806
367 0.00341797
561 0.0140991
478 0.000640869
729 -0.0796509
627 0.00372314
661 -0.0174561
895 0.022583
795 0.00146484
1164 0.0374756
784 -0.00848389
611 0.0513306
452 0.0326843
606 -0.00299072
546 5.12659
230 75.6112
355 0.0609741
827 0.0145874
285 0.0180359
638 0.032959
805 -0.00128174
653 0.0658569
823 0.00982666
302 8.93137
403 -0.00445557
608 0.0169678
781 -0.0170898
838 0.0234375
1186 0.0495605
481 -4.01279
629 0.0108643
681 -0.0487061
851 -0.00744629
801 0.0209961
201 75.3937
697 -0.0143433
669 9.80707
729 -0.0108032
571 13.5944
846 0.0217285
1007 0.0239868
667 -0.0675049
655 -0.00439453
921 -0.0172119
367 0.0055542
772 0.0231323
817 -0.0220947
734 -0.0174561
130 1.77512
844 0.0389404
731 0.543274
429 0.00585938
526 -0.00299072
303 -0.0110168
254 0.00480652
542 16.4898
669 0.057312
879 -0.0239258
833 -0.00567627
569 14.9728
55 71.0343
664 -0.0109253
898 0.00769043
727 -0.0116577
837 0.0212402
852 0.0410767
724 -0.0209961
850 0.0327759
663 0.111511
640 -0.00592041
37 1.02486
853 0.0315552
165 64.3925
835 0.0255127
121 85.226
950 -0.0258789
524 19.2244
669 9.80792
796 0.0471191
1078 -0.0229492
727 -0.0124512
569 0.0552979
729 -0.00146484
732 0.00402832
844 0.0219116
615 0.00866699
622 0.0168457
800 0.0175781
524 -0.0280151
820 -0.0222778
618 -0.0536499
852 0.0410767
404 0.0163574
648 2.49188
585 -0.0264282
755 -0.0196533
828 0.017334
904 0.0510864
108 -0.0137863
492 -11.7943
622 12.4064
882 0.0576172
771 0.074707
857 -0.00115967
665 -0.00628662
4 -0.0385346
509 0.0131226
318 0.0233765
760 -0.0427246
778 -0.0113525
776 -0.0210571
794 0.0170288
855 -0.00970459
696 6.84747
775 0.00115967
479 -0.0577698
1122 -0.0611572
868 -0.0429688
338 0.0302734
403 0.0849609
1024 0.00012207
323 0.0337524
641 11.2351
329 -1.14981
377 -11.4572
622 0.0648193
726 -0.000976562
452 0.0279236
26 1.98949
325 -0.0516357
512 0.00195312
190 82.5783
843 0.0557861
1196 0.137207
865 0.0137329
356 0.0262146
893 -0.00213623
160 76.2914
857 -0.038269
831 -0.00146484
838 0.0303955
633 0.0136719
664 0.0220947
856 0.0129395
833 0.0474854
901 0.0402222
359 -0.0078125
546 -0.0485229
610 0.0563965
746 -0.031189
695 0.0137329
383 0.000213623
837 0.0303955
523 19.2514
811 0.0245361
805 0.0133057
37 1.02471
805 -0.00469971
772 -0.0043335
405 0.00283813
829 0.0148926
821 -0.0366821
854 -0.0229492
753 0.013855
1133 -0.0175781
822 0.0098877
1117 -0.0404053
767 0.0246582
252 55.0068
403 -0.00418091
259 -0.0107422
547 0.00671387
729 -0.135742
672 -0.0311279
271 50.493
767 0.0249634
944 -0.0109863
836 0.0302124
662 -0.0332642
565 14.7767
334 0.00476074
920 -0.00787354
1072 -0.00488281
552 15.9374
661 -0.0203247
707 -0.0792847
640 0.0262451
692 -0.00976562
597 0.202454
584 0.101746
753 1.05853
502 -0.00378418
597 -0.0466309
376 0.0367737
814 0.0172119
323 0.0341797
668 -0.0546875
399 0.0151367
852 0.0412598
868 -0.0422974
525 -0.00408936
1133 -0.0175781
516 0.0352783
838 0.0270996
539 16.9271
684 0.036438
822 -0.00457764
317 0.0456238
702 -0.0253296
211 75.5997
710 0.0105591
556 9.43695
276 0.0172424
140 7.39851
27 2.04359
693 -0.00933838
549 -0.00842285
591 0.0130005
775 -0.0461426
789 0.0130615
445 -0.00112915
810 -0.0106812
777 -0.0010376
880 -0.0136719
876 0.0447388
869 -0.00927734
848 -0.00231934
12 17.0051
308 0.0105286
323 21.5844
811 0.00469971
894 0.0267944
462 -0.0422363
637 0.0153809
794 -0.0151978
1005 -0.00640869
360 0.0105591
663 0.110718
303 -0.0107727
792 0.0344238
491 0.121735
501 0.532806
315 -0.133575
1133 -0.0175781
596 0.00878906
750 0.015564
594 0.0258789
776 -0.00524902
212 75.4912
692 -0.00817871
710 -0.0286865
616 0.0239868
14 0.0100117
203 77.7314
724 -0.0709229
1118 0.00390625
314 -7.52615
762 0.0297241
427 0.00759888
665 -0.00622559
227 37.0223
312 0.0100098
72 30.6552
661 0.0349121
41 0.0592422
652 10.9594
831 0.0283813
766 0.036377
785 0.0137939
754 -0.036438
333 -0.00192261
635 0.0383911
28 12.3825
648 0.069397
677 8.45972
630 0.0214233
853 0.0238037
778 -0.0214233
791 -0.0557861
720 -0.015686
756 -0.0116577
788 -0.0477295
37 1.02653
617 0.0447388
832 0.0172119
653 0.0370483
50 31.4412
648 0.0773926
681 0.00427246
897 0.00537109
925 0.00524902
215 78.3018
298 -16.4378
727 -0.012207
772 0.00164795
516 0.0360107
791 -0.00201416
355 0.00750732
1120 0.0130615
253 0.0330658
596 -0.0523071
212 75.5778
960 0.0239868
852 0.041687
728 -0.0791626
792 0.0628052
623 0.00805664
777 0.00299072
74 -10.3535
836 0.0305786
1151 -0.0396729
777 0.0125732
505 0.0188599
826 0.0317993
787 -0.0253296
879 0.00750732
881 -0.0180664
831 -0.00109863
576 -0.0441284
895 -0.0180664
682 0.00860596
356 -13.9054
209 75.4
647 0.0474854
350 0.0227051
1023 0.00402832
788 -0.0470581
140 7.52361
809 -0.0162354
817 -0.00744629
612 0.00805664
252 50.7081
327 0.0160828
750 0.306274
810 -0.010437
727 -0.0259399
711 -0.0501709
268 -9.39136
653 -0.0529785
588 -0.0331421
810 0.0292358
109 -0.0318985
785 0.0153198
291 -46.1669
716 -0.00317383
647 0.0477905
372 0.0174561
881 -0.0134277
692 -0.00976562
217 0.0210266
643 -0.0628662
892 0.00482178
868 -0.0426636
766 0.0361328
440 -0.0194092
751 0.724304
812 0.000488281
219 75.1883
432 0.0852661
757 -0.0127563
727 -0.0106201
571 -0.0787964
659 2.08478
850 0.0273438
788 -0.0472412
1078 -0.00695801
637 0.0489502
279 -0.00515747
681 0.00463867
791 -0.00982666
456 0.0284424
651 -0.10022
642 -0.0595703
606 0.0458984
450 0.0115662
356 -19.8992
819 0.0236816
550 16.65
674 -0.0889893
631 -0.000610352
767 -0.0562134
866 0.0163574
781 -0.013916
268 50.3848
1102 -0.0638428
219 75.5971
812 -6.10352e-05
295 5.23291
772 -0.0145874
610 0.0656738
617 -0.000305176
505 0.0625305
78 0.00482941
1015 -0.00274658
510 -0.0166321
746 -0.0310059
827 6.10352e-05
720 -0.038208
833 0.0192871
511 -0.0802002
798 0.019043
637 -0.00238037
440 -0.0591736
227 0.0611267
396 -0.00302124
606 -0.00292969
878 0.0140381
314 0.0147095
788 0.0323486
666 -0.0512695
667 0.0101929
547 -0.0474243
54 -17.2659
514 0.0161743
884 0.0310669
521 -0.010498
561 0.017334
518 0.0211182
699 6.69342
767 0.0248413
748 0.00476074
752 -0.107788
688 -0.0236816
720 -0.0792847
698 6.75995
862 0.0108032
879 0.0593872
651 0.0108032
681 0.00390625
342 -19.105
312 0.014801
735 -0.00238037
324 0.0345154
657 0.0449829
398 -0.00592041
863 -0.0360718
791 0.0158691
620 0.015686
692 -0.00970459
751 -0.0288086
707 -0.0876465
512 0.0251465
775 -0.048645
884 -0.0161743
647 0.0475464
41 0.037365
346 0.07724
478 0.000823975
21 -0.00240517
855 -0.00976562
841 0.0217285
331 0.0116272
925 0.00518799
403 0.0847473
358 -13.0456
653 10.85
897 0.00946045
783 -0.00195312
26 -0.153706
483 0.00997925
84 -0.16333
662 0.0220337
831 -0.00115967
65 135.775
778 0.0178833
606 0.0455933
78 0.486092
666 0.169556
469 0.0147705
789 -0.0352173
667 -0.0299072
909 0.0587769
846 0.00360107
1043 -0.0466309
606 0.0385132
270 65.545
448 0.00393677
572 -0.00726318
403 -0.00421143
478 0.000671387
314 0.0152893
324 21.6315
801 0.0209351
832 0.0219116
826 -0.00915527
221 75.5809
643 -0.0441895
858 0.0328979
893 0.138733
682 0.0147095
659 2.08563
1101 -0.0585938
808 -0.0140991
523 0.00915527
1036 -0.0657959
777 0.0286865
464 0.00506592
569 14.972
242 0.0131378
869 0.0154419
857 0.0100098
838 0.0299683
839 0.0318604
266 0.0195618
707 -0.0887451
809 0.0231934
217 0.0223541
793 -0.0289307
285 0.0184326
465 -0.00112915
1127 0.000854492
301 0.384399
847 0.0267944
773 0.0240479
1037 0.0245361
681 0.0043335
651 -0.0241089
162 86.111
414 0.168427
1122 -0.0582275
402 -0.00741577
593 -0.0343628
387 0.0531006
645 -0.0477905
790 -0.010376
855 -0.00982666
803 -0.00146484
852 0.0411377
293 0.0212708
659 -0.0197144
1101 -0.0716553
285 0.0185852
606 0.0443726
892 0.00494385
403 -0.00421143
821 -0.0199585
753 0.0505981
636 0.00262451
855 -0.00970459
418 0.0151062
697 -0.013916
672 -0.003479
802 -0.045166
588 11.9614
214 76.1967
761 -0.0380249
316 0.0178833
498 0.0190735
594 -0.0517578
549 0.00531006
792 -0.00958252
728 0.0194702
765 -0.0234985
209 75.2111
909 0.00335693
802 -0.0447388
663 0.11084
781 0.0275269
688 -0.0219116
692 0.000854492
822 0.0158691
1101 -0.0587158
806 0.0152588
38 1.14835
642 -0.050415
962 -0.0307617
211 76.0177
818 0.00805664
823 0.0098877
15 2.17334
541 0.0142822
330 0.0213623
813 -0.0267944
560 -0.00799561
886 -0.0238647
569 0.034668
739 0.0102539
659 0.0043335
767 -0.0180054
829 0.0167847
781 -0.0335693
855 -0.00970459
525 -0.0108032
523 0.010376
1127 0.000854492
512 0.00219727
533 0.0183105
676 0.0151978
818 0.019104
60 40.5364
643 -0.0188599
0 -0.0762909
550 -0.0132446
555 0.0239258
491 -0.0012207
684 0.0368652
361 0.0128174
832 0.0263672
904 -0.0115356
285 60.317
264 -0.052887
470 0.0244751
312 0.01474
541 0.0159912
720 -0.015625
247 72.5599
572 14.1895
842 0.0103149
352 0.0388489
771 0.0994263
842 0.0512085
529 0.00653076
404 0.0159302
1015 0.0582886
898 -0.00726318
651 -0.0247192
362 -0.00830078
639 -0.0321655
568 -0.00317383
472 0.0794373
674 -0.0817261
472 0.079071
934 0.0254517
1035 -0.074707
618 0.00982666
730 -0.0115356
712 -0.106079
923 0.0512695
792 -0.00939941
807 0.0164185
671 0.0106201
856 0.0340576
692 -0.00976562
602 -0.0473633
292 0.0270081
292 0.0844421
747 0.0197144
720 -0.015686
482 -0.141205
820 -0.0222778
676 9.01483
525 -0.00128174
855 -0.00970459
765 0.0183105
634 0.0549316
318 0.0109863
48 0.0354042
651 0.0911255
757 0.0269775
592 -0.121826
613 0.0310059
694 0.00427246
502 -0.0241699
647 0.0475464
812 0.0221558
295 -65.9435
558 -0.00244141
164 86.7836
740 -0.0232544
602 0.017334
748 0.00372314
848 -0.00549316
748 0.0101929
573 -0.0249634
791 -0.00268555
227 0.0637207
582 0.0020752
700 0.0144653
365 -11.0781
113 -0.00528717
227 36.9603
871 0.0727539
838 0.0195923
696 6.84778
636 -0.0435791
500 0.0100098
735 -0.015686
919 -0.0586548
523 18.7802
624 12.2083
681 0.0067749
674 -0.0623169
445 -0.10733
788 -0.0473022
812 -0.0010376
894 0.0266724
674 -0.0853271
723 -0.0132446
937 -0.0447998
681 0.0043335
491 -0.00125122
725 0.0193481
384 -10.9378
505 -0.0209045
207 -0.00912476
317 0.00985718
293 -81.7059
698 -0.0185547
291 5.4744
722 1.26624
355 0.0566101
606 0.00561523
568 0.000732422
342 -6.02072
285 60.3172
779 0.0151367
660 0.019165
766 -0.0197754
664 -0.00567627
547 -0.0473022
342 0.0237122
748 0.0141602
419 0.0222168
850 0.0287476
765 -0.0448608
770 -0.00915527
309 -0.000793457
729 -0.00524902
872 0.0181885
381 0.0214539
403 0.0849304
794 -0.0113525
314 0.0207214
747 -0.045105
849 0.0477905
529 -0.0259399
689 7.05109
374 0.0556335
645 0.00335693
932 0.0280762
667 -0.0469971
637 0.0380249
617 -0.0206299
932 -0.0499878
611 0.0332642
328 -27.384
314 0.0150146
642 -0.0618896
174 68.0095
639 -0.0401001
777 -0.0339355
772 0.0490723
708 -0.0297852
896 0.0266113
80 0.0370407
323 0.0103149
825 -0.0246582
500 -0.0783997
33 -0.0233383
473 -1.23349
923 0.0511475
712 -0.0446167
790 0.00952148
709 -0.0581055
568 0.0337524
820 0.00592041
338 0.088501
662 0.052124
500 -0.028656
730 0.000427246
800 -0.00158691
731 -0.00891113
76 -0.0474625
206 75.5807
78 0.487633
247 70.4428
710 -0.0697632
708 -0.0533447
822 0.00299072
662 0.0343018
868 -0.00213623
876 0.0368652
226 -0.0316772
358 0.144562
413 0.161163
722 -0.118286
324 21.6286
622 0.0175781
688 -0.0227051
658 -0.0345459
791 0.0385132
411 0.135864
527 -0.0170288
17 11.9013
167 86.2337
606 0.0396729
583 0.0374146
849 -0.00183105
810 -0.0177612
746 -0.0314331
206 77.0977
880 0.0256348
674 -0.0854492
560 -0.0227661
904 -0.0128784
71 79.7184
735 -0.0774536
728 -0.0791626
720 1.95239
219 75.6995
530 0.0199585
62 64.3026
838 0.0267334
819 0.0318604
714 -0.0484619
808 0.0177612
667 0.0057373
646 -0.0326538
167 90.0313
750 0.015625
667 0.0548706
866 0.039978
668 0.00457764
82 20.0145
627 0.0125732
935 0.0142212
835 0.0128174
811 0.0167236
499 -0.000396729
962 -0.0305786
653 -0.00579834
706 0.00390625
482 -0.136566
674 -0.0692749
812 0.0117798
751 0.00177002
649 2.29688
3 -14.7207
634 -0.000732422
444 -0.10498
612 0.0128784
647 -0.00189209
868 -0.0293579
230 75.6113
452 0.0280151
660 0.0252686
72 25.3655
881 -0.0183105
303 -0.0107727
758 -0.0045166
274 70.3644
793 -0.0261841
853 -0.0358276
482 -0.139648
820 -0.0223389
801 -0.00872803
716 -0.0394287
850 0.0224609
763 0.0479126
176 0.0380402
862 0.0108643
798 0.0255737
311 0.0224609
781 0.0101929
784 -0.0128174
15 2.17773
573 -0.00708008
561 0.0194092
894 0.0266724
1237 -0.0161133
644 11.3149
805 0.0169678
825 0.0221558
788 0.00567627
876 0.0380249
432 -0.0232544
248 0.011734
879 0.00750732
404 0.0202026
655 -0.0420532
280 41.0718
845 0.0278931
345 0.0392151
587 12.5984
81 -32.1516
535 -0.0539551
869 -0.0386963
387 0.052948
681 6.99414
897 0.00976562
814 -0.013916
511 0.00183105
880 0.0457153
793 -0.0177612
897 0.00952148
843 -0.00317383
688 -0.0316162
506 19.8879
876 0.0368042
738 -0.0214844
324 21.63
728 -0.0793457
827 -0.0378418
683 7.5459
270 65.6545
788 -0.0220947
724 -0.0708008
1230 0.0145264
342 -20.2686
811 -0.00750732
865 0.00134277
809 -0.017334
403 -0.00415039
821 -0.0365601
383 -11.0972
612 0.0154419
761 0.00292969
826 0.0032959
794 0.0110474
758 -0.0530396
767 -0.0341797
1172 0.286133
666 11.6039
422 0.140656
420 0.138428
788 -0.0471191
803 0.00140381
329 0.0230713
477 -4.39716
800 -0.013855
681 0.00427246
534 0.0143433
938 0.0402832
638 0.00805664
760 -0.03125
771 -0.0615234
707 0.0246582
783 -0.0112915
674 0.00793457
521 -0.00964355
105 0.0254898
676 -0.0830078
491 0.00906372
42 0.00762558
602 0.0665283
571 -0.0787354
589 5.44733
455 0.0326843
250 0.0534668
756 0.590881
343 -0.0217285
824 0.00500488
803 -0.0239258
793 -0.0117188
882 0.0124512
848 0.0531616
870 0.0258179
720 -0.015686
237 0.019104
663 0.110779
560 -0.0022583
799 0.0147705
805 0.0218506
568 0.0327148
713 -0.0402222
832 0.00323486
674 -0.0890503
750 -0.0322266
588 -0.108826
745 -0.00537109
738 -0.00671387
656 0.069519
681 0.00415039
688 0.029541
561 0.0148926
494 -0.0738525
523 19.2515
270 65.545
780 0.0400391
418 -0.0127258
396 -10.6206
802 -0.045105
810 -0.010498
697 -0.0145264
797 0.0172729
760 0.0172729
764 -0.022583
772 0.0126343
746 -0.03125
306 0.0172424
383 -11.0657
624 0.093811
568 -0.0020752
837 0.0228882
903 0.00445557
206 -0.00788879
612 0.024292
289 -5.36777
635 -0.0497437
558 8.22992
456 0.0250244
534 0.0166016
736 -0.012146
845 0.0213013
413 -0.0115051
446 0.0291138
892 0.00738525
587 11.8032
724 -0.0163574
288 64.6351
462 0.00991821
43 0.02314
667 0.055481
529 0.0185547
820 0.0197754
584 0.144043
829 -0.0261841
640 0
39 0.0669212
606 0.0460205
841 -0.0423584
334 0.0360107
864 0.166504
531 0.0166626
426 0.00375366
640 0.00421143
645 -0.0234375
720 -0.0565186
583 0.0378418
909 0.0585938
692 -0.0464478
681 -0.0236206
825 0.0159302
643 0.0144043
682 0.0532837
42 -0.00366211
765 0.022644
541 0.0144043
922 0.108643
326 0.0453796
963 -0.045105
445 -0.105072
744 -0.00921631
771 0.003479
645 3.17017
302 0.0449829
595 -0.0335083
663 0.0878906
293 -12.8002
798 0.0131836
491 -0.00140381
605 -0.000488281
530 18.4363
623 0.0129395
15 2.18163
909 0.0585327
893 -0.00213623
855 -0.0100708
249 55.8042
757 0.0270996
329 -14.2526
569 14.9714
838 -0.0280151
595 0.00946045
627 -0.026123
504 0.0180664
622 -0.0300293
771 -0.0655518
818 0.0100098
162 86.9963
879 0.00744629
509 0.0301514
772 -0.0286255
558 -0.00244141
662 0.0231934
534 0.0194702
647 0.0477905
183 0.00941467
186 103.442
870 -0.0216675
647 0.0475464
561 0.0161743
515 0.0043335
755 0.0597534
180 0.0424805
1043 -0.0478516
1022 0.00231934
299 0.00775146
783 0.0498657
1037 0.024292
639 0.0278931
598 -0.0643311
340 0.0498962
325 -0.757141
167 86.4326
505 -0.0267944
732 -0.0117798
963 -0.0415039
880 -0.0222778
647 0.0480347
808 0.0358276
457 -0.0122375
708 -0.0524902
238 0.018158
940 0.0125122
641 0.0216064
525 -0.0700073
312 0.563507
805 -0.0271606
187 90.0282
733 -0.0668335
388 -0.00131226
862 0.0107422
647 0.0374146
644 -0.0223999
659 2.08478
516 -0.0214233
1109 0.0185547
327 0.00888062
649 0.0166016
466 -0.0448608
864 0.156372
482 -0.138458
674 0.0540161
457 -0.00765991
1035 -0.0744629
776 0.00341797
663 0.0454102
814 0.0151367
550 -0.000793457
726 -0.0523071
432 -0.00149536
404 0.0164185
144 -0.0139313
482 -0.0623169
303 0.554901
536 0.139709
742 0.0153198
711 -0.00946045
734 -0.0422974
943 -0.0283203
803 -0.0488892
15 2.17753
729 -0.0286865
77 -0.0123672
777 -0.000793457
801 -0.0252075
825 -0.0214844
599 0.00213623
838 0.0299072
696 -0.00549316
524 -0.0293579
324 21.6087
521 -0.0103149
613 0.00720215
783 -0.00488281
499 -0.00579834
898 0.00805664
663 0.111267
78 0.48568
668 0.017395
838 0.0227051
1018 0.0354004
674 0.019043
744 -0.0380859
641 0.0462036
1148 0.0258789
92 0.0560989
206 -0.00784302
739 -0.0354004
28 2.46204
320 0.0470886
963 -0.0412598
210 -0.0185089
712 -0.0805664
737 -0.000610352
708 0.000549316
521 -0.0100708
738 -0.00726318
636 -0.0970459
708 -0.0526733
815 0.0168457
877 0.00823975
709 0.0211792
586 -0.0132446
676 7.31934
67 67.9607
886 -0.0238647
708 -0.052063
778 0.0117798
323 -0.277374
401 -0.00592041
788 -0.0475464
168 62.4633
140 7.74957
591 -0.0466309
758 0.0307617
750 -0.088501
523 15.0101
297 0.0289612
863 -0.012146
788 -0.0475464
237 0.0187225
875 -0.0135498
266 0.0322266
853 0.0228882
852 -0.00671387
606 0.0462036
1035 -0.074707
75 -0.0112381
645 -0.0270996
844 0.046875
674 -0.0774536
811 0.0380859
663 0.110718
335 0.00308228
393 0.0399475
845 0.0170288
806 -0.0327759
643 0.0681152
632 0.0373535
638 -0.0211182
771 0.0139771
338 -0.00866699
490 -0.0681152
482 -0.135681
661 0.0546875
744 -0.00146484
1109 0.0186768
740 -0.00280762
459 -0.00735474
547 -0.0473022
165 85.9565
611 0.0441895
855 -0.0098877
543 0.036438
489 0.010376
90 0.0100174
622 0.0181885
524 -0.0274048
782 0.0604248
539 17.9131
604 0.00305176
1009 -0.0516357
590 -0.0133057
850 0.0275269
825 0.0187378
857 -0.0391846
339 0.13446
358 -6.33698
915 -0.0240479
254 0.0366516
781 0.0128784
568 -0.0020752
470 -0.0320129
359 -12.9608
640 -0.0247192
346 -0.0107117
1035 -0.0740967
622 0.0368652
671 5.54077
823 0.0176392
814 -0.0127563
661 0.055603
257 -0.00482178
783 -0.0128174
878 -0.0098877
659 2.08478
639 -0.0212402
322 0.03125
707 -0.00286865
876 -0.024231
678 6.64954
818 0.0100098
643 0.0308838
587 -0.0117188
348 -0.00167847
294 5.44763
572 -0.0411987
906 -0.026123
640 0.0258179
818 0.00744629
521 -0.010437
597 0.00531006
843 0.0350342
541 0.0145264
541 0.0170288
190 82.5795
613 0.0462036
826 0.0144653
880 0.00231934
1005 -0.00610352
735 -0.0112915
805 -0.00195312
455 -0.0990601
760 -0.045105
688 -0.0293579
920 0.0217896
545 -0.0141602
647 -0.036377
292 4.97791
641 -0.0386353
820 0.00958252
527 -0.0477905
288 -0.0685425
727 0.0227661
457 0.0220032
802 -0.0444336
377 -0.000976562
863 -0.0333862
867 -0.0313721
645 0.0216064
617 -0.0181885
831 0.0175781
773 -0.0022583
1164 0.0374756
755 -0.0120239
478 -0.015564
202 -0.0282745
597 0.176697
167 85.5846
592 0.0777588
621 0.093689
375 0.0305786
727 -0.0112305
711 -0.0448608
668 0.0914307
606 0.00360107
457 0.0294495
352 0.0933838
664 10.2243
607 0.0106812
530 0.0703735
923 0.0515137
355 0.0346985
297 -1.49725
822 0.0223999
541 0.0170288
882 0.0169678
811 0.038208
741 -0.0088501
870 0.0383301
855 -0.0100708
547 -0.0471802
931 0.0118408
485 -0.0605469
694 0.0449829
73 -36.6998
897 0.00976562
504 0.0710754
690 0.0420532
629 0.0458374
524 19.2251
749 -0.0194702
724 -0.0708618
1199 0.11731
808 -0.0352783
606 0.000610352
1133 -0.0175781
788 -0.0480347
855 -0.00970459
53 -5.87166
479 -0.0423279
621 -0.0236206
738 -0.0126343
78 0.487907
777 -0.000976562
1231 0.0422363
742 -0.0147705
58 66.0931
273 76.338
868 -0.0428467
788 -0.0474854
321 0.0332947
573 0.00982666
742 -0.0610352
760 -0.0324097
758 -0.0531006
788 -0.0470581
517 -0.0179443
734 0.0296021
681 0.00415039
908 -0.00793457
668 -0.00170898
487 0.000610352
1017 -0.0203857
20 1.28417
679 0.0183716
1186 0.0488281
743 -0.0377808
207 74.319
674 -0.0648193
483 0.0110779
661 0.112061
560 -0.0490112
850 0.0272827
174 0.0177307
834 0.0228271
56 -29.8606
523 19.2514
446 0.0432129
642 0.00152588
580 -0.0240479
1035 -0.0744629
777 -0.0471191
289 -43.9132
815 -0.0130005
606 0.0463867
761 0.00561523
784 -0.00231934
400 0.0272522
951 0.0354614
585 0.00341797
750 -0.0203247
473 0.00115967
571 -0.0786133
413 0.127563
495 -5.60089
875 0.00299072
706 0.024231
755 0.0292969
833 -0.0240479
640 0.00421143
626 11.7721
898 -0.0324707
521 -0.0108643
739 0.00500488
814 0.0419922
524 -0.0316772
745 -0.0200806
922 0.10907
760 -0.043396
886 -0.0240479
304 1.18585
1127 0.000976562
174 67.9989
1077 -0.0280762
747 -0.0167236
855 -0.00958252
886 -0.0237427
800 0.0135498
522 -0.0186768
765 -0.0455322
288 60.565
738 -0.00305176
644 -0.029541
688 6.79114
880 -0.0211182
644 -0.0283813
162 86.1799
831 0.0222778
714 -0.0343018
662 0.0108032
456 0.0255127
882 0.00622559
603 -0.0313721
708 -0.0524292
670 0.0133057
565 0.0358887
602 -0.0561523
622 0.00866699
646 0.00787354
708 0.000305176
655 0.0395508
692 -0.00939941
687 0.0272827
836 0.0304565
920 0.0348511
542 -0.0209351
771 -0.0618896
571 14.6067
496 0.982819
1127 0.000854492
558 0.0179443
665 -0.00616455
802 0.0167236
743 -0.00982666
773 -0.0065918
247 -0.0262146
627 0.0127563
783 -0.00714111
875 -0.0395508
659 2.08478
1059 -0.00219727
746 -0.0310669
554 -0.031189
875 -0.0129395
894 0.0269165
742 -0.0186157
561 -0.0595093
637 -0.0438843
894 -0.0419922
143 -0.00559998
726 -0.050354
620 0.0741577
855 -0.00952148
719 -0.0111694
500 -0.0462952
583 -0.0135498
748 -0.00732422
729 1.92004
305 21.3922
610 0.0366821
647 0.0479736
708 -0.0513306
867 -0.0369263
527 -0.0438232
514 -0.0585938
833 0.019104
363 -0.0614624
785 0.00604248
817 0.00952148
804 -0.00543213
457 0.0231018
674 -0.0859375
937 0.032959
634 -0.0184326
852 0.0339355
513 0.0183105
769 0.00531006
526 16.8046
636 -0.046814
737 -0.00213623
602 -0.0473022
431 -0.0552979
880 0.0611572
872 -0.0101929
80 -0.0227127
403 0.0831909
1043 -0.0461426
543 0.000549316
788 0.00823975
772 -0.00482178
789 -0.0343628
201 75.3941
726 -0.0524292
227 37.0284
527 -0.0400391
278 -0.00222778
50 -0.00087738
646 -0.0314941
533 -0.0543213
23 -0.08955
386 0.020874
252 -0.024353
705 0.0045166
868 -0.0435181
724 -0.0706787
729 -0.00146484
760 0.0258179
750 -0.128052
733 -0.0172729
827 0.0288086
704 0.0120239
591 -0.0250244
379 -11.0253
876 0.0366211
159 86.9165
80 -22.1683
413 -0.00973511
343 -32.6345
647 0.0475464
699 -0.03479
352 0.0255127
256 0.0296326
168 122.832
707 -0.00128174
760 -0.0418701
1051 -0.041626
921 -0.0169678
827 0.0115356
680 8.83179
832 0.0310669
564 -0.0128174
356 -13.8705
746 -0.0314331
568 0.0319214
719 -0.0261841
573 0.012207
865 -0.00012207
356 0.0263367
489 0.393768
865 -0.00140381
568 -0.00500488
693 -0.00469971
667 0.0662231
1011 0.00201416
733 -0.0565796
879 0.295288
472 0.0906982
765 -0.0447998
588 -0.00238037
904 0.0181274
733 -0.123596
617 0.00714111
938 0.0400391
366 -0.0526123
742 -0.000427246
602 -0.0490112
364 0.0396729
776 -0.000732422
561 0.0142822
862 0.0108643
825 0.017334
828 -0.000671387
501 0.00769043
813 0.0264893
655 0.1073
658 -0.0960083
297 5.27533
582 0.0206299
879 -0.024353
278 0.00219727
512 0.0617676
637 0.0261841
741 -0.0111694
846 0.046936
777 0.00616455
687 0.0143433
836 -0.00811768
921 -0.0167847
67 0.00187683
693 -0.000976562
685 0.0267944
384 0.00390625
342 0.012207
647 0.0177002
664 0.0372925
499 -0.0324402
721 0.0736084
559 -0.0306396
456 0.0252075
550 -0.0418701
840 0.0177612
312 0.0148621
708 -0.0527344
753 -0.0454712
621 0.0181274
667 0.0596924
635 -0.0131226
724 -0.064209
824 0.0352783
1037 0.024292
815 -0.00622559
592 0.00823975
630 0.0183716
305 21.5119
738 -0.0737915
903 -0.0169067
568 0.0325317
579 0.0232544
802 -0.0446167
677 7.9035
686 0.0161133
734 0.0327759
187 90.0424
52 82.2419
898 0.00842285
569 14.9717
650 -0.0404053
596 0.0582886
633 -6.10352e-05
608 0.0324707
904 -0.0109253
477 -4.39603
529 0.0321655
530 -0.0219727
960 0.00177002
411 0.0576782
746 -0.0311279
568 0.000549316
688 -0.0298462
789 0.0107422
623 0.0136108
892 0.00549316
700 0.053894
305 21.4733
548 0.0643311
517 -0.0516357
1231 0.0421143
616 0.0239258
533 0.0391846
38 1.14927
314 0.0475159
183 0.000350952
879 -0.0189819
560 -0.00109863
456 0.0249939
121 100.904
913 -0.0665283
794 0.00939941
716 -0.0552368
547 0.0339355
566 0.0219116
878 -0.0187988
785 -0.010376
901 -0.0197754
708 -0.00128174
312 0.0146484
802 -0.0448608
738 -0.0449219
515 -0.0507812
494 -0.12854
662 0.0178223
327 0.00891113
514 0.0421143
207 74.328
960 0.00109863
591 -0.0507202
445 -0.103516
468 0.00881958
583 0.0376587
666 -0.0841064
414 0.169617
864 0.159668
471 0.0600281
526 0.0457153
486 -0.0341492
894 0.0266113
648 0.0178223
808 0.0177002
173 85.1611
688 -0.0282593
547 -0.0476685
864 -0.0214233
606 0.0407715
647 0.0476685
350 0.0437317
785 -0.012085
772 -0.0498047
314 0.0149231
1087 0.0251465
631 -0.0431519
848 0.0252686
859 -0.00878906
740 -0.0504761
572 0.00732422
644 0.026123
673 8.48077
466 0.027832
845 -0.0202637
29 1.25846
788 -0.0490112
285 60.3182
785 -0.0197754
561 -0.0343018
121 85.2311
1164 0.0374756
821 -0.0366211
479 0.00308228
561 0.0189819
615 0.0160522
711 -0.019043
418 -0.026825
762 0.043335
721 0.0687866
664 0.00848389
376 -10.3926
277 0.00109863
602 -0.0452271
735 -0.00427246
957 0.019043
735 0.0154419
622 0.0177612
677 0.0166016
686 0.0269165
760 0.0256348
833 -0.00817871
655 -0.00415039
548 -0.00463867
616 0.0238647
692 -0.00964355
614 0.00311279
396 -10.6211
151 -0.066391
568 0.0327759
830 -0.00445557
547 -0.0474243
727 -0.0114136
230 75.6112
612 0.00915527
894 0.0265503
827 0.0360718
523 19.2514
778 -0.0341797
664 0.0187988
434 0.0878601
15 2.19777
800 0.0232544
582 0.0621338
560 -0.0211792
892 0.00744629
940 -0.0477295
833 0.0116577
920 0.0338135
573 -0.00714111
659 0.0422974
709 -0.00305176
613 0.00427246
545 0.0296631
512 0.0253906
552 -0.0350952
777 -0.000671387
568 0.000793457
541 0.0147705
338 0.0437012
850 0.0275879
541 0.0176392
572 -0.0405884
500 0.00769043
593 0.0317383
739 0.00482178
1013 0.00549316
481 -0.00576782
720 -0.0214844
696 0.0186768
358 -10.4148
297 -0.00894165
401 0.00112915
734 1.55023
776 0.015625
643 0.0397339
553 -0.0126343
978 0.000732422
355 0.0150146
644 -0.0229492
697 0.0128174
772 -0.0394287
493 -11.3077
594 -0.0598145
879 0.00750732
648 0.0376587
359 0.0158081
380 0.0107422
529 -0.0414429
314 0.0148926
545 0.0164795
746 -0.0311279
687 -0.00866699
227 0.0643311
786 -0.00982666
643 -0.0330811
307 0.0361633
438 -0.0360718
724 -0.0200806
737 -0.0387573
692 -0.00970459
722 -0.110779
688 -0.0293579
755 0.0657959
746 -0.031311
586 0.000549316
737 -0.0499878
706 0.0245972
727 -0.0119019
693 0.0244141
643 -0.0311279
884 -0.0175171
420 0.27002
781 0.0128174
324 21.6339
498 0.0167847
532 -0.0324097
765 -0.0446777
775 -0.0460815
541 17.8699
328 -27.3861
813 0.0250244
934 0.0200806
78 0.484627
551 0.0985107
783 -0.0065918
842 0.0233154
668 -0.00299072
585 -0.0557861
1035 -0.0743408
960 0.0231323
641 0.0437622
736 -0.0119629
801 0.020752
946 0.0565186
882 0.00860596
340 0.00930786
289 59.2731
484 -0.0330811
457 -0.0251465
724 -0.00646973
607 0.0310059
801 0.020752
712 -0.106201
1164 0.0374756
804 -0.0392456
741 -0.0327759
697 -0.0148315
289 40.5755
686 0.0131836
764 -0.00463867
613 0.0103149
560 0.0166626
568 -0.00598145
270 65.6542
715 -0.0550537
516 0.0358276
233 74.2043
373 -0.0526428
375 0.030365
708 3.31726
549 0.0252686
194 81.6443
661 -0.0167236
627 0.0521851
575 0.0032959
6 -5.42987
641 -0.0152588
742 -0.0593872
602 -0.000915527
772 -0.0105591
642 -0.0649414
811 0.0157471
904 -0.0126953
946 0.0571899
772 -0.0045166
894 0.0265503
801 0.020752
840 0.0281982
641 0.0463867
916 -0.0101318
787 -0.0284424
753 -0.0032959
337 11.669
523 19.2515
729 -0.00140381
779 0.0375977
721 -0.0853271
684 0.052002
581 13.8539
894 0.0266113
778 0.0137329
729 -0.00500488
390 0.0548401
645 -0.0151367
765 -0.00360107
727 -0.0739746
210 79.0693
53 -0.00812149
608 0.0148926
330 0.133606
38 1.14555
583 0.0356445
282 -0.882477
688 -0.0180664
527 -0.039978
499 -0.0520325
664 -0.0457764
514 0.0162354
711 0.0407104
586 0.0223389
518 0.0343018
722 -0.110718
403 -0.00448608
640 -0.0418701
1059 0.0412598
346 0.0768738
624 12.212
890 -0.0324097
286 -0.00305176
822 0.0098877
632 -0.119507
876 0.0374146
893 -0.00238037
539 17.8365
560 0.0195312
610 0.0289917
760 -0.0432739
661 0.0363159
321 0.915253
749 -0.00012207
1026 -0.0164795
642 -0.0213013
839 0.0231323
698 -0.019104
654 -0.0672607
337 -0.555878
840 0.0140991
788 -0.0479736
874 -0.0298462
674 -0.0846558
786 0.00390625
732 0.0350952
398 -0.0150452
724 -0.0172119
457 -0.0181885
688 -0.0241089
970 0.0142822
726 -0.0530396
1027 0.0895996
593 -0.036499
741 -0.0494995
721 -0.0662231
832 -0.0271606
741 -0.03125
568 0.0635376
426 0.0345459
301 -49.6317
404 0.017334
617 0.000793457
842 0.0122681
663 0.111389
837 0.0286865
876 -0.0333862
645 -0.0175171
788 -0.0012207
743 0.00848389
801 0.0209351
663 0.110229
911 0.116211
701 0.0460815
314 0.0135193
612 0.0152588
892 0.00738525
470 0.0515137
594 -0.043396
775 -0.0172119
237 0.0188599
760 -0.0379639
548 0.0998535
643 0.0717773
642 -0.0647583
541 0.015625
915 0.034668
612 0.0149536
615 -0.00384521
618 0.0045166
646 -0.03125
739 0.0198975
866 0.00231934
75 -0.00752258
814 -0.0139771
722 -0.0509644
831 -0.00128174
645 -0.0276489
573 -0.00701904
586 0.00634766
531 0.0354004
741 -0.0412598
871 -0.0367432
539 0.00268555
699 0.00854492
674 -0.0479126
62 -0.00820923
750 -0.0764771
539 17.9272
608 0.208496
642 -0.0107422
171 85.0998
241 3.7234
472 0.07901
688 -0.0286865
296 0.000213623
232 73.0891
772 -0.0476074
569 14.9735
741 -0.00744629
815 0.0100098
712 -0.0148926
1009 -0.0515137
771 0.074707
738 0.0193481
738 0.0237427
492 -0.0320435
1219 0.137451
714 -0.015564
289 60.1259
1176 0.0314941
1007 0.0239258
733 -0.0106201
787 0.0165405
765 -0.0448608
906 -0.0153198
181 0.0423126
303 -0.0110474
729 -0.00115967
154 102.262
733 0.0281982
413 -0.0111694
472 0.0793457
1136 0.0531006
1139 -0.0385742
894 0.0267334
521 0.163757
682 8.11145
717 0.00921631
69 -0.00750732
121 85.2257
107 80.3142
745 -0.0280151
14 0.00970364
602 -0.0481567
846 -0.00427246
805 -0.0088501
564 0.0161743
612 0.0172729
760 0.0649414
774 -0.0235596
611 0.052063
933 0.0325928
822 0.0150146
493 0.00860596
224 16.5384
602 -0.0452881
482 -0.145203
782 -0.00946045
645 0.0217896
505 -0.00167847
346 0.0283813
605 0.0281982
882 0.00750732
627 0.0125732
746 -0.03125
684 -0.019043
550 17.1551
624 12.2079
415 0.0446777
644 0.2453
663 0.0917358
527 0.112854
639 -0.0271606
759 -0.0916138
400 -0.0274658
693 0.00158691
771 -0.0585938
838 0.0234375
628 0.00695801
810 -0.0177002
729 -0.00158691
545 -0.0316772
442 -0.0198364
626 0.0180664
50 31.4932
664 -0.0317993
705 1.41608
860 0.0293579
60 -0.0153008
554 -0.0396118
471 0.0152893
565 -0.0109253
778 -0.0216064
1069 -0.0172119
729 -0.00219727
714 -0.0111084
767 0.031189
708 0.000305176
541 -0.0098877
1073 -0.102295
571 -0.0352173
760 -0.046936
687 0.0640259
748 -0.0507812
831 0.184448
635 0.0466919
532 -0.0294189
835 0.0196533
826 0.0236816
707 6.59601
639 -0.00164795
588 -0.000671387
774 -0.0210571
681 0.00616455
118 0.0183716
746 -0.0357056
857 -0.038208
211 0.0648041
837 0.00909424
643 0.00708008
545 0.0893555
373 0.035553
558 -0.00152588
611 0.0510254
981 -0.0180664
183 0.0121765
217 0.0219727
28 11.6534
561 0.0148315
27 10.1898
561 0.0187988
546 0.0321045
831 0.184082
527 0.0169678
628 -0.012146
767 -0.010376
547 -0.0473633
177 101.788
387 -0.0155334
547 -0.0483398
528 0.0508423
482 -0.131744
572 -0.0432739
673 7.93787
611 0.0331421
797 0.0172119
653 0.0216064
640 -0.0322266
254 69.8629
517 -0.0180664
503 -0.0359497
585 -0.0797729
543 17.1083
716 -0.0142212
780 -0.0189819
754 -0.0441284
1136 0.0533447
1043 -0.0460205
499 19.9675
500 -0.0446777
729 -0.00213623
746 -0.0198975
413 -0.0114441
760 0.00762939
762 0.0200806
785 0.00701904
772 -0.00152588
746 -0.0662842
794 0.0065918
572 0.00744629
190 82.5793
593 0.0100708
576 0.041748
791 -0.0262451
783 -0.000366211
748 -0.0425415
848 0.0199585
505 0.00613403
550 19.203
1043 -0.0460205
561 0.0185547
26 -0.0258408
777 -0.0244751
737 0.00439453
338 0.118286
1074 0.0334473
470 0.03479
777 -0.0345459
630 -0.00646973
590 0.0167236
759 -0.052124
760 -0.0422974
724 0.0274048
848 0.120728
581 -0.0217285
299 0.0354004
541 0.0145264
488 -0.0713501
452 0.012207
7 0.00356436
740 -0.0574951
481 -0.00604248
302 8.93619
630 -0.0155029
641 0.0446167
26 -0.00838852
42 -0.00396347
645 -0.000427246
561 0.0231934
744 -0.0241089
727 0.0168457
631 -0.0700684
181 0.0273438
1164 0.0373535
642 -0.0678101
746 -0.0332031
778 -0.0218506
667 -0.079834
530 -0.0167847
527 -0.039917
457 0.00546265
848 0.015564
84 44.8895
643 0.288025
681 0.00427246
609 10.3748
617 0.0350342
668 0.093811
684 -0.0233154
745 -0.0203857
572 -0.00720215
641 0.0461426
943 0.0306396
517 -0.0176392
1091 -0.0578613
747 -0.0335083
457 0.0477295
869 0.0584717
805 0.0137939
350 -0.0542908
644 -0.0287476
515 -0.0496826
1138 0.0836182
646 -0.041687
729 -0.00152588
547 -0.00506592
432 -0.0348816
753 -0.102905
878 0.0535278
817 0.0187988
613 0.015564
724 -0.0473022
32 -10.6776
1043 -0.0474854
745 -0.0147705
530 0.0839233
604 0.0124512
1019 0.0665894
568 0.0315552
760 -0.0338745
320 0.0518799
477 0.0266724
707 -0.088623
337 0.0222473
527 -0.0218506
1043 -0.0466309
717 -0.0563965
683 7.08502
759 -0.02948
739 -0.0252686
215 0.00361633
729 -0.00177002
1005 -0.00634766
705 0.0161743
612 0.0137329
492 -0.0420227
877 0.0475464
585 -0.000671387
729 -0.00146484
695 0.0145264
67 67.9718
524 -0.0122681
602 -0.0452881
772 -0.0524292
728 -0.0368042
786 0.0341187
686 6.99939
767 -0.00341797
955 0.0432739
420 0.0108337
616 0.00634766
746 -0.0314331
818 0.00311279
23 4.55949
560 0.0153809
446 -0.0173035
299 -22.9864
561 0.0159302
663 0.11084
854 0.020874
776 -0.0238647
673 0.0333252
707 -0.0874023
538 0.0115967
285 60.3181
626 0.0983276
780 0.00860596
828 -0.0321655
484 -0.0198059
525 -0.0236816
534 17.9326
508 0.000488281
765 -0.0456543
531 0.22583
155 87.868
279 -0.0353394
722 -0.127563
722 -0.110474
811 -0.000488281
266 -250.986
688 -0.0234375
1007 0.0240479
493 -0.0589905
548 0.0648804
547 0.0432129
370 0.00753784
472 0.07901
1037 0.0152588
625 0.000183105
545 -0.0371094
722 -0.150085
892 0.00756836
1139 -0.02771
349 0.0193787
826 0.0233765
818 0.0202026
717 -0.0193481
918 0.012207
618 12.6107
647 -0.0274658
70 81.2013
27 15.7865
1083 -0.098999
471 0.0159912
314 -0.00814819
1164 0.0373535
619 -0.00323486
708 0.000427246
541 0.00762939
737 -0.00238037
324 21.6318
548 -0.0045166
296 -11.0979
403 0.084137
778 -0.0153198
728 -0.0792847
425 0.0201416
750 -0.0377808
273 0.0214539
391 0.027771
741 -0.027771
65 135.734
529 0.0137939
896 -0.0105591
771 -0.0300293
447 -0.0290833
814 -0.013855
875 -0.00408936
1121 -0.0515137
486 -0.0182495
833 -0.00524902
814 0.00177002
506 0.0433655
747 -0.0286865
318 -0.104279
841 0.0335693
727 -0.0108032
640 0.0258179
377 -10.8663
244 0.026825
729 -0.00134277
623 0.0116577
789 0.0162964
620 12.5001
54 0.00870514
413 -0.0109863
783 0.00250244
594 0.0114136
470 0.0266113
367 0.000213623
457 0.0461731
667 0.0598755
245 41.8843
781 0.0127563
183 0.0116272
215 -0.0174255
445 -0.104645
876 0.0413208
733 0.0215454
425 0.0249634
356 -0.00854492
760 -0.119568
770 -0.0105591
371 -0.00299072
813 -0.0251465
399 0.0119019
593 0.00305176
540 0.059082
772 -0.0133057
893 0.0454712
657 0.128723
479 -0.0345154
620 12.5001
802 -0.0443726
893 0.139099
763 0.0604248
226 73.8686
671 0.0115356
953 0.0680542
743 -0.0465698
470 0.0175171
1007 0.0239868
727 -0.010498
76 -0.0478592
542 0.0126343
1002 0.0343628
480 -5.55957
864 0.154236
718 -0.0844727
466 -0.0455627
399 0.0388794
320 0.0266418
797 -0.0356445
294 37.5029
814 -0.0141602
414 0.169037
630 -0.0513306
552 -0.0397339
545 0.0294189
784 0.00415039
782 -0.0101929
568 -0.000793457
648 -0.026001
305 21.503
1094 -0.0737305
593 0.0366821
561 -0.00628662
820 -0.00787354
139 -0.0284882
701 -0.0276489
839 0.0123901
931 -0.071167
654 10.5984
1023 -0.106323
627 0.00592041
531 0.0146484
328 -27.3876
434 0.0250854
1127 0.000732422
756 0.0529175
438 -0.0361633
677 0.0404053
445 -0.104919
707 -0.0872803
448 -0.0100098
218 75.483
639 -0.0101318
239 -0.00686646
824 -0.0253296
798 -0.0100098
400 0.00964355
1037 0.0244141
1172 0.285889
647 -0.0344238
403 0.0840149
816 -0.0360107
313 -0.00595093
628 -0.0549927
561 0.0139771
783 -0.00231934
479 -0.0375977
575 0.0222168
400 0.00964355
311 0.0260925
651 0.0067749
60 16.4666
541 0.00134277
482 -0.172607
323 21.4571
438 -0.022583
900 -0.00549316
637 1.34235
634 0.0125122
835 0.0238037
866 0.0426636
633 0.0475464
414 0.169342
466 -0.0452576
631 0.0509033
772 0.0923462
389 0.034668
737 -0.00219727
529 0.00488281
267 0.0198669
601 0.0256958
240 0.00769043
456 0.0254822
641 -0.0409546
432 0.00479126
471 0.0265503
201 75.3942
494 -0.0636597
818 0.00933838
421 0.0623169
408 -10.4539
787 -0.000976562
538 -0.00915527
504 0.0641479
541 0.0150757
583 -0.00622559
503 -0.00518799
420 -0.0136414
623 0.0128174
726 -0.0521851
741 0.0126343
588 0.0496826
541 0.0151367
55 91.1697
908 0.00756836
140 7.39445
585 0.0194092
288 -0.148865
759 0.010437
511 -0.0556641
561 -0.00646973
766 0.0108643
759 0.0231323
1191 0.317993
56 78.9901
699 -0.00421143
761 0.00897217
744 -0.0321045
720 -0.116211
906 0.00909424
7 51.5656
808 -0.0293579
345 -14.2644
558 -0.020874
73 43.506
682 -0.0370483
525 0.000976562
869 -0.0146484
637 -0.0438232
536 0.0257568
645 -0.0174561
893 0.139099
358 0.144867
572 13.9774
539 0.0307617
923 0.0516968
512 0.0254517
485 -3.90518
744 -0.00305176
269 0.00857544
302 8.93771
854 -0.00823975
892 0.00732422
594 -0.0256348
1002 0.0349121
841 0.0180054
637 -0.0774536
750 -0.020874
571 -0.072937
594 -0.0239258
572 0.00726318
777 0.0280151
520 -0.0265503
521 -0.010437
153 93.5678
898 -0.00811768
623 0.0171509
280 -0.00595093
608 0.0342407
653 0.0170898
881 -0.0181885
504 -0.0196228
724 -0.0510254
481 0.019043
517 0.0306396
583 0.0374756
705 0.00994873
796 0.0119019
558 0.00891113
483 0.0065918
1044 -0.0216064
745 -0.00317383
847 0.108948
531 -0.00640869
65 135.8
583 0.0361938
945 0.0964966
613 0.0106201
568 0.0322876
645 0.000488281
539 -0.00811768
740 -0.0505981
734 -0.00292969
355 0.0072937
34 0.0432854
771 0.116638
616 -0.00140381
636 0.039856
317 -0.088562
855 -0.00970459
111 90.0817
561 0.0148315
835 0.0228271
583 -0.0801392
857 -0.00549316
859 -0.0611572
301 0.00527954
541 0.0149536
561 0.0184326
1031 -0.0445557
515 0.0111084
497 -4.46545
1023 -0.10437
65 -19.0694
842 -0.0111084
788 -0.048645
542 10.8359
739 0.00524902
284 0.58667
618 -0.0020752
547 -0.0475464
514 0.0162354
186 103.502
784 -6.10352e-05
828 0.0450439
813 0.00921631
747 -0.0570068
641 -0.0280762
133 86.4646
337 0.11615
858 0.0178223
659 -0.020813
121 85.2289
595 -0.0147095
288 0.01474
729 -0.00134277
645 -0.000366211
1033 -0.0432129
640 -0.0619507
848 0.0457764
537 0.0327759
54 0.0111046
647 0.0480957
842 0.0623779
568 0.031189
541 0.0153198
668 0.0916748
590 -0.0891113
746 0.000793457
355 0.0311584
270 65.5457
722 -0.111084
778 -0.0129395
121 85.2254
503 0.0372009
518 -0.015625
660 -0.00927734
816 0.026001
689 0.0441895
568 0.0108032
872 0.00946045
80 0.0355377
802 -0.0153198
326 -69.5595
748 -0.00445557
70 5.89759
289 42.3497
535 17.8845
16 1.63831
649 -0.0231323
547 -0.0197144
328 -27.3913
593 0.0253906
338 0.117615
696 6.84741
845 0.0231323
773 -0.00152588
728 -0.0788574
843 0.0140381
602 -0.0447998
590 0.0170898
892 0.00469971
864 0.167603
176 0.00909424
877 0.0385132
541 0.0143433
707 -0.0888672
738 -0.0848389
305 0.0446472
953 -0.17865
537 0.0140991
735 1.55884
771 -0.00256348
790 -0.010437
341 -28.8723
760 -0.0354004
187 102.582
339 0.128143
687 0.0532227
583 0.036438
876 0.045166
366 -0.0306702
616 0.00750732
348 -10.9941
610 0.055603
809 -0.0160522
700 6.72101
379 -0.0265808
721 -0.0341797
80 0.0353394
494 0.00637817
454 -0.0345764
896 0.0379639
809 -0.0159912
505 -0.0237427
617 -0.0194092
599 0.00811768
307 -11.64
945 -0.0137939
91 -9.41376
957 -0.065918
533 -0.0493774
254 69.8632
543 -0.0274048
276 0.00131226
857 -0.0383911
454 0.00137329
751 -0.0464478
547 -0.0474243
571 -0.00549316
331 0.0140076
841 0.0325317
551 0.000305176
244 48.1383
521 -0.0103149
390 0.0527039
560 0.00994873
595 0.00732422
740 -0.00720215
442 -0.184235
742 1.30646
783 -0.00646973
717 -0.0390625
417 -0.0429688
787 -0.0264282
1080 -0.00671387
788 -0.0493164
772 -0.000305176
828 0.0131226
403 0.085083
900 -0.0022583
658 0.00689697
760 -0.0391846
596 -0.0712891
387 0.0627441
402 -0.0203552
605 0.00860596
635 -0.03302
697 -0.0147705
516 0.0362549
548 0.00775146
658 0.0176392
194 83.8488
730 0.0020752
612 0.015564
787 -0.0159912
782 -0.0137939
853 0.0229492
148 89.4315
802 -0.041687
622 0.0222168
193 74.0198
491 13.4714
626 0.0973511
584 0.00683594
591 -0.026001
1043 -0.0456543
521 0.16687
44 13.3859
897 0.00952148
600 -0.0271606
769 0.00958252
481 -0.0307007
31 0.673983
718 -0.0032959
457 0.0464478
639 -0.0287476
802 -0.0765991
630 -0.0078125
198 0.0205536
413 -0.0115662
514 -0.0328369
679 8.64935
268 65.9081
227 0.061203
570 -0.0294189
876 0.0421753
675 0.069519
779 0.0258179
876 0.0409546
769 -0.0067749
664 0.0283203
787 0.00408936
1116 -0.0408936
299 0.0142517
1180 -0.0217285
407 0.138824
717 -0.00793457
862 -0.00604248
375 -0.0782776
912 0.10675
328 -27.381
606 0.00561523
623 -0.00360107
660 0.0182495
499 -0.0119629
68 -26.4712
698 0.00769043
524 0.0545654
305 21.4492
825 -0.0264893
569 14.9727
642 0.079895
887 0.00592041
531 -0.043396
693 0.0010376
602 0.0408936
78 0.488945
521 0.128174
738 -0.0147095
491 -0.00128174
52 73.0222
663 0.111389
307 0.841339
848 0.0340576
430 0.0116882
752 -0.039917
312 0.0148926
355 0.0334778
338 0.116455
585 0.0314941
1009 -0.0513306
518 0.0802002
856 -0.00189209
662 -0.00640869
531 -0.0202637
403 0.084259
540 0.0240479
372 0.07547
925 0.00524902
665 0.0112915
640 -0.0241699
644 -0.0288086
857 -0.0384521
403 0.0836182
698 0.00811768
719 -0.0481567
726 -0.107971
584 9.7265
738 -0.0120239
602 -0.0480957
657 0.0219116
708 0.0290527
808 0.0178223
663 0.111206
510 0.0159912
486 1.03342
482 -0.135437
438 -0.0127563
529 -0.0253906
776 -0.00250244
729 -0.0184326
912 0.114685
835 -0.020874
606 0.00561523
943 -0.0477905
720 1.95245
86 -0.00670624
649 0.0167236
558 0.113586
606 0.00549316
637 0.053833
789 -0.0228882
616 -0.0133667
532 -0.0250854
1030 -0.00695801
664 0.0500488
7 0.00242901
382 0.0286865
856 0.0147705
1024 -0.0237427
457 0.00891113
1034 0.0509033
743 -0.0217896
746 -0.00921631
898 0.0078125
647 -0.0258789
647 -0.00762939
561 -0.00714111
840 0.0305176
248 -0.021637
413 -0.0112915
708 -0.052063
224 -0.163254
762 0.0140381
153 93.5679
673 9.82043
808 0.0178833
136 0.0479736
606 0.0131836
1075 0.0419922
1059 0.0109863
296 -11.1068
567 -0.0803223
547 -0.0473633
664 0.0385132
546 16.8988
105 104.956
319 15.4795
479 -0.0381165
886 -0.22052
963 -0.0394287
353 0.18161
380 0.109894
755 0.0224609
142 93.8697
144 92.0567
827 0.0179443
1036 0.0373535
589 -0.0722656
772 0.0169067
415 0.0435486
724 -0.108459
1073 -0.0078125
765 -0.0447998
793 -0.00952148
105 26.5461
830 0.0256348
1058 -0.0251465
767 0.0249023
497 -0.0793762
1084 -0.0698242
813 0.0136719
667 0.0570068
601 -0.0377197
565 0.0119629
976 0.0045166
641 0.0461426
568 0.00268555
606 -0.00341797
544 0.0349121
507 -0.0490417
746 0.0122681
617 -0.00421143
589 -0.0130005
676 0.0375366
458 -0.0598755
808 0.0177612
679 -0.00964355
655 0.104187
623 0.0130005
505 0.00665283
547 -0.0473633
452 -0.0473938
326 0.0248413
539 0.0374756
168 63.0497
701 -0.0588989
99 0.0543137
545 16.6281
285 60.3192
879 0.0603638
811 -0.00787354
838 0.02771
769 0.0220947
956 0.0223389
819 -0.0490112
678 -0.0112915
675 -0.00421143
554 0.135376
