754 0.0515137
700 3.80096
505 -0.000427246
365 -0.00534058
346 0.0558777
886 0.0234985
348 0.0248413
792 0.0601196
514 0.0160522
813 0.0786743
1014 -0.0450439
934 0.10791
505 -0.000213623
363 -0.00881958
660 4.80621
930 0.0442505
700 3.80078
333 0.0207214
333 0.0227966
797 6.10352e-05
491 0.0387268
488 0.0479736
1196 0.119873
1072 0.0325928
333 0.0206604
333 0.0220642
333 0.0231323
399 56.2847
794 0.0341187
796 0.0112915
930 0.0443115
491 0.0386353
488 0.0626831
333 0.0238953
796 0.0113525
796 0.0112915
796 0.0112915
660 4.80457
1078 0.0474854
810 0.0609131
444 -8.46933
660 4.80737
489 0.0641785
262 0.0755615
501 0.0138245
930 0.0437622
820 -0.00830078
237 103.708
921 0.0175171
700 3.80103
700 3.8009
514 0.0161743
512 0.0222168
346 0.0557556
308 39.6599
42 -0.018158
930 0.104614
500 0.0350647
517 0.062561
262 54.2214
793 0.0452271
231 23.3548
792 0.0599976
1109 -0.0128174
793 0.0448608
1196 0.119995
813 0.0168457
504 0.0102539
315 0.025238
516 0.0196533
790 0.0415649
317 0.0289612
500 0.0351562
925 0.0577393
781 0.032959
659 0.00177002
333 0.017334
71 0.064949
1109 -0.0128174
262 0.0695801
42 -0.0183372
338 0.0265503
897 -0.0152588
330 0.0323181
334 0.0258789
932 0.110168
487 0.0496216
1078 0.0474854
662 -0.00524902
267 0.0184021
1133 0.0275879
695 3.57648
334 0.0175171
921 0.019165
644 0.03125
320 0.0124512
700 3.3515
789 0.0201416
491 0.0387268
494 0.0700989
71 0.0645294
871 0.11969
797 0
334 0.0291138
502 0.0213013
333 0.0215759
334 0.0180969
335 0.0281372
346 0.0558472
792 0.0603638
781 0.0330811
501 0.0137024
518 22.3
808 -0.0335693
777 0.0301514
659 0.00170898
505 0.0536804
1078 -0.0307617
750 0.0686646
810 0.0368652
1136 0.196411
819 0.0333862
909 -0.0324097
1038 0.0112305
853 0.0245361
369 -0.012085
171 33.839
305 -0.00848389
348 0.0250244
381 0.0248718
514 0.0161743
514 0.0161743
792 0.0604858
488 0.0726318
513 0.0476685
513 0.0198975
644 0.0309448
364 0.0346069
437 0.0327759
87 0.0295105
500 0.0348816
928 0.0834961
892 0.0667725
71 0.0646439
932 0.11322
336 74.4955
792 0.0599365
790 0.0418091
781 0.0330811
879 0.0610352
867 -0.0045166
1135 0.155518
663 -0.0847778
351 0.0309143
333 0.0215759
296 86.0778
335 0.0302429
362 0.0256348
456 -0.00686646
489 0.0585938
507 0.0197754
921 0.0181885
321 0.0220032
351 0.0337524
925 0.0575562
780 0.0625
932 0.110535
348 0.0249329
330 -0.000305176
355 64.489
501 0.013855
656 0.0644531
323 0.0211487
71 0.0648956
491 0.0388184
351 0.0315247
665 -0.00805664
487 0.0567627
338 0.0223083
333 0.0206299
334 0.0179443
334 0.0299377
921 0.0195923
1133 0.02771
491 0.0386658
791 0.0415649
738 2.2301
580 15.1872
381 0.0254822
346 0.0558777
1233 0.164551
524 -0.039917
511 0.820984
663 -0.0894775
695 3.57483
770 -0.0183105
87 0.0297318
663 -0.0921631
499 0.0256348
853 0.0245972
355 64.4869
814 0.0675049
381 0.0247192
1202 -0.0899658
368 0.00164795
363 -0.0143738
351 0.0310974
1202 -0.0915527
250 0.00050354
754 0.0514526
348 0.0248413
23 0.0386868
663 -0.0917969
358 0.010437
87 0.0298691
893 0.0441284
504 0.0101624
659 0.00183105
659 0.00262451
853 0.024353
1136 0.19873
502 0.0232544
923 0.0394897
648 0.0012207
594 0.0506592
247 60.4807
519 0.0432129
930 0.0438232
1100 -0.00402832
505 -0.000335693
499 0.0257568
318 0.0280457
854 0.0553589
909 -0.0328369
524 -0.039978
57 0.0367737
362 0.0256348
92 0.0518188
648 0.00585938
186 73.1457
439 0.0432739
921 0.0195923
749 0.599182
519 0.0621948
404 -0.0213013
812 0.0440674
511 0.821381
692 0.0287476
733 2.47797
506 0.0462646
660 -0.024353
367 0.0112915
338 0.0134277
503 0.0126648
381 -0.0057373
1136 0.196411
441 0.0210571
362 0.0283203
504 0.0106812
1136 0.196411
491 0.0387268
57 0.0365219
737 2.15973
188 35.5966
1108 0.46814
92 0.0509491
171 33.839
659 0.00152588
1202 -0.0905762
1072 0.032959
660 4.80481
659 0.00195312
695 3.57483
808 0.00775146
288 89.691
351 0.0310669
667 -0.0205078
1109 -0.0126953
323 0.0234375
665 -0.022522
499 0.0256653
737 2.16248
1133 0.139038
627 -0.0414429
500 0.0351868
660 4.80511
930 0.0442505
501 0.0138245
23 0.0391197
47 -0.0136375
1217 0.167358
609 0.0154419
693 0.0139771
738 2.20746
640 -0.0764771
627 -0.0424194
894 0.0689087
853 0.0250244
815 0.0658569
368 0.0410767
930 0.0440674
381 0.00189209
925 0.0575562
502 0.0374146
500 0.0348816
362 0.0288696
1183 0.0703125
659 0.00183105
307 -0.00585938
1100 -0.00439453
667 -0.0211182
660 4.80505
810 0.0457153
651 -0.00915527
660 -0.0371094
609 0.0154419
351 0.0314026
334 0.0274353
663 -0.065979
492 0.0540161
84 0.0205154
766 -0.0180664
892 0.0668945
810 0.109314
932 0.113892
869 -0.000549316
368 0.000854492
57 0.0366745
1193 0.0649414
488 0.0727539
660 -0.0594482
351 0.0308838
649 0.0322876
708 0.0200806
351 0.0307617
348 0.0250244
351 0.0314026
355 64.4892
1183 0.0703125
605 -0.00561523
640 6.77271
363 0.0212097
886 0.0234375
262 54.2208
660 -0.0595093
1218 0.0708008
1109 -0.0126953
659 0.00158691
707 0.029541
1168 0.0137939
342 0.0275574
660 -0.0596924
351 0.0386047
809 0.00317383
504 0.0125732
923 0.0397949
315 0.0185547
497 0.0334778
930 0.0957031
246 50.7878
417 0.0438538
368 0.00109863
1202 -0.0915527
750 0.0685425
912 0.0328979
580 15.1872
894 0.0549927
391 0.00384521
333 0.00335693
92 0.0522003
417 0.0438843
520 0.0806885
808 -0.0352783
436 0.0238037
1109 -0.0128174
310 0.0143127
402 54.4421
362 0.0273132
1107 0.473267
279 0.10199
732 2.51068
1183 0.0715332
381 0.0233765
252 56.6171
589 13.582
838 0.0479126
351 0.03125
766 -0.0180054
766 -0.0180664
854 0.0549316
851 0.0524292
659 0.00164795
792 0.0608521
181 0.0604401
1078 0.0474854
659 0.00164795
720 0.0559692
340 0.0232239
1108 0.46814
660 -0.0544434
57 0.0367813
504 0.0108643
796 0.0112915
590 15.0536
351 0.0309143
364 0.0105896
381 0.022522
492 0.067749
1164 -0.0495605
1100 -0.00427246
679 -0.491882
894 0.0549316
249 0.000411987
71 0.0629044
921 0.0189209
659 0.00183105
665 -0.00561523
509 -0.0112915
680 0.115051
487 0.0408936
651 -0.0100708
590 15.0562
494 0.0626526
340 0.0254211
355 64.4827
250 0.000167847
520 0.0544434
525 0.0691528
663 -0.0904541
393 0.00823975
1109 -0.0126953
511 0.048645
1164 -0.0495605
171 33.8401
351 0.0310059
506 0.0415039
660 -0.0574951
910 0.0267334
23 0.0390759
1233 0.164307
524 -0.0397339
660 4.80505
647 0.00799561
500 0.0351562
1078 -0.0307617
522 0.0449829
441 0.0205994
422 -8.9191
381 0.0255737
662 5.02606
871 -0.0215454
750 0.0933228
663 4.88922
660 4.80432
592 13.642
57 0.0366707
381 0.0246277
57 0.0366287
665 -0.022522
369 0.0543823
850 0.0158081
329 0.0325623
1072 0.0330811
381 0.0227356
445 -0.00125122
500 0.0351562
682 -0.578247
309 -0.00897217
921 0.0177002
1072 0.032959
1136 0.196533
426 0.00476074
1182 0.0782471
285 -0.0238647
838 0.0474854
351 0.0312195
327 0.0395203
894 0.0549927
777 0.0525513
800 -0.0227051
1183 0.0703125
798 0.0133667
594 0.0455933
605 0.0164795
651 5.80829
1014 -0.0449829
660 -0.0594482
854 0.0546875
1168 0.0124512
504 0.0102844
1183 0.0706787
23 0.0385017
351 0.0309143
614 0.0166016
853 0.0244751
894 0.0546875
504 0.0101624
777 0.0527954
886 0.0233765
792 0.0601807
668 -0.072998
47 -0.00743866
667 -0.102661
511 0.0144043
368 0.000671387
894 0.0738525
772 0.0470581
680 -0.493896
831 -0.024231
1133 0.0275879
470 19.4529
439 0.0436401
810 0.00262451
811 0.0509033
23 0.0386429
510 0.030365
627 -0.0413818
808 -0.0449829
417 0.0447388
328 75.8676
511 0.821442
306 -0.0132141
381 0.0249634
519 0.0513916
504 0.0101013
695 3.57666
491 0.0551453
851 -0.0239868
1014 -0.0440674
836 -0.0834961
429 0.00180054
368 0.00100708
491 0.0716248
318 0.0207214
489 0.0765991
312 0.0118713
519 0.0480957
318 0.0174866
692 0.0288086
831 -0.0228882
854 0.0545044
384 0.0233459
84 0.0217514
444 -8.46942
493 0.0589905
886 0.0233154
921 0.0180664
525 0.0276489
737 2.16327
695 3.57471
501 0.0136108
667 -0.0188599
363 0.0298767
793 0.0535889
500 0.0351562
873 -0.0460815
606 0.00598145
369 0.0559998
411 -10.1576
1183 0.0704346
365 0.0308533
488 0.0663147
459 -6.40076
504 0.0135193
1233 0.16394
644 0.0310669
605 0.020813
351 0.0457153
282 53.4837
764 0.0221558
524 0.0519409
44 -0.0168571
659 -0.031189
695 3.57648
851 0.0526733
358 0.000732422
350 0.0435791
393 0.00793457
615 0.0258179
875 -0.00378418
817 0.0819702
572 0.0149536
260 49.0312
1196 0.114502
459 0.0174866
356 0.0138855
686 -0.717407
491 0.0661621
488 0.0678711
365 0.015625
1208 0.196533
675 -0.545227
441 0.0218811
785 0.0733032
488 0.0726013
1136 0.196411
393 0.00991821
517 0.060791
444 -8.46951
1038 0.0111084
506 0.0476379
348 0.0248413
667 -0.0205078
436 -0.0469971
348 0.0248718
615 0.0262451
892 0.0671997
708 0.0197144
381 0.0250854
417 0.0440369
400 -0.0284424
660 -0.0591431
814 0.0221558
733 2.48822
853 0.0249634
1168 0.0134277
720 0.0557251
450 0.0644531
461 -0.0406189
673 -0.0753784
873 -0.0457764
461 -0.0407715
356 0.0299377
1099 -0.0144043
738 2.23041
826 0.0498657
1072 0.0325928
71 0.0645981
766 0.154907
260 0.0447693
351 0.0314636
1089 -0.0166016
296 -0.0335388
1133 0.027832
631 0.00653076
399 56.2874
504 0.0159607
854 0.0549316
778 0.038269
732 2.50531
886 0.0234985
640 6.7702
303 0.0214539
491 0.0388794
491 0.0386658
507 0.0439758
369 0.0554504
1183 0.0712891
237 0.0486755
340 0.033844
1202 -0.0915527
490 0.056366
455 0.0344543
395 0.00213623
692 0.0287476
788 0.065918
660 4.80731
777 0.0526123
774 -0.00592041
289 61.7712
432 0.013092
356 0.0297241
499 0.0257568
461 -0.0397949
472 -0.0816956
930 0.0442505
589 13.5823
663 -0.0914307
87 0.0296097
500 0.0351562
444 -8.46951
262 0.0697021
390 0.00976562
394 0.00576782
750 0.100769
766 -0.0180054
342 0.0681763
1193 0.0585938
923 0.0396729
1093 -0.019043
461 -0.0398254
792 0.0342407
84 0.0218124
1183 0.0703125
321 0.033844
1136 0.196411
594 0.0446777
792 0.0604858
650 6.10742
707 0.0319214
393 0.00875854
772 0.0482788
440 0.0387268
651 -0.00994873
501 0.0137024
351 0.031189
925 0.0575562
472 -0.0817566
57 0.0366821
499 0.0341187
824 -0.00720215
329 50.5203
266 0.0644836
670 -0.0930176
793 0.0944824
909 -0.0327148
459 -6.49109
833 0.110596
644 0.0308228
893 0.0440674
658 -0.0148315
631 0.00640869
1072 0.0327148
1014 -0.0437622
665 -0.0224609
509 0.0413208
801 0.131226
1202 -0.0866699
1172 0.156494
92 0.0509033
873 -0.0460205
267 0.0201721
720 0.0559692
313 0.0519714
750 0.0686646
57 0.0367737
718 2.91986
494 0.0457458
886 0.0233154
853 0.0252686
693 0.0139771
854 0.0548096
960 0.0424805
322 0.0430603
253 100.684
667 -0.0184937
854 0.0545044
675 -0.135986
523 0.0330811
368 0.000946045
305 -0.025238
851 0.0525513
461 -0.0406189
274 0.0949402
1183 0.0703125
615 0.0257568
400 -0.024353
1164 -0.0495605
260 0.0560913
594 0.0448608
217 0.0830536
363 -0.0126953
302 -0.0107422
765 0.0115967
323 0.0159302
504 0.0102539
681 0.0857544
1196 0.114624
481 0.0215759
627 -0.0422974
7 0.12904
1038 0.0117188
840 0.0350342
833 0.110596
381 0.0254211
461 -0.0419006
862 -0.0875244
57 0.036396
499 0.0253296
660 4.80518
809 0.0148315
417 0.0424194
808 -0.0280151
1164 -0.0495605
640 6.7724
1078 -0.0307617
661 -0.0275879
92 0.0520401
417 0.0438538
781 0.0330811
249 0.000686646
801 0.0621948
930 0.0438843
1183 0.0701904
432 0.0628357
1202 -0.0919189
660 -0.0593872
1091 0.0507812
23 0.0386848
481 0.020813
359 -0.0329895
376 -0.0038147
343 0.0357666
513 0.0859375
417 0.0440369
801 0.0615845
893 0.0442505
408 0.0308533
333 0.0169067
351 0.0310364
692 0.0286865
417 0.0443726
681 0.0876465
853 0.0250854
71 0.0648956
801 0.0620728
439 0.0426331
777 0.0524902
487 0.0727844
461 -0.0405579
488 0.0727234
720 0.0559082
1109 0.410156
318 0.0172729
1200 -0.0924072
731 0.0726318
381 0.0248413
258 49.8842
808 -0.0462646
489 0.0523987
279 0.102051
695 3.57495
923 0.0392456
750 0.10199
501 0.0136719
843 0.0654297
665 -0.0223999
672 -0.0688477
267 0.0193787
640 -0.076355
1104 0.359619
1202 -0.0917969
399 56.2864
927 0.0134888
285 -0.0238953
754 0.0515137
660 4.80505
670 -0.11731
429 0.00192261
493 0.0678101
835 0.0275269
307 -0.00738525
350 0.050293
414 0.0062561
651 -0.00897217
504 0.0101929
55 0.0366402
402 -0.00296021
854 0.076416
626 7.61676
500 0.0351868
399 56.2861
436 0.0362549
750 0.0932617
679 -0.456848
250 0.000579834
501 0.0137024
733 2.49695
886 0.0234375
801 0.0620728
536 0.11908
381 0.0234375
651 -0.0102539
507 0.0276794
773 0.000366211
393 0.00561523
1078 0.0474854
842 0.0901489
659 -0.0374146
356 0.0297546
781 -0.0067749
57 0.0369148
464 -0.0413818
663 -0.09198
853 0.026001
434 -0.0227966
792 0.0601807
913 0.0127563
438 0.0438232
513 0.0292358
92 0.0511398
327 0.0238037
339 0.0274048
326 -0.0045166
491 0.0716248
1038 0.0117188
54 105.319
438 0.0525208
57 0.036808
306 0.00177002
385 0.0483093
886 0.0232544
446 -0.0236511
524 0.0582275
932 0.0198975
745 1.13922
651 -0.00921631
807 0.0303345
871 0.11969
361 -0.0273132
533 20.6579
459 -0.00485229
692 0.0286255
262 0.0751343
439 0.043396
708 0.0202637
418 -0.0189819
322 77.6748
798 0.0407715
892 0.0667725
853 0.0135498
923 0.0397339
919 0.0514526
505 0.0293579
1038 0.0111084
693 0.0137329
434 -0.0329895
529 0.0751953
494 0.045105
627 -0.0413208
854 0.0547485
522 0.0578003
750 0.0684204
401 -0.0136414
478 0.0180359
171 33.8394
1202 -0.0915527
459 -6.39981
693 0.0269165
1173 0.174194
279 0.101898
1182 0.0749512
807 0.026123
355 64.4915
333 0.0203857
71 0.064827
249 -0.0367889
499 0.335419
801 0.0615234
674 -0.484192
431 0.039917
1092 -0.0164795
262 0.0751953
622 -0.0124512
627 -0.0419312
809 0.0938721
411 0.0166931
373 -0.0115967
1098 -0.0169678
1196 0.119751
1238 0.0808105
1158 0.010376
454 -0.0136719
250 3.05176e-05
721 2.86267
432 0.054657
483 0.0153503
204 96.0717
501 0.0137939
768 0.102234
487 -0.0219421
693 0.0140381
395 -0.000701904
677 -0.64502
1182 0.0496826
525 0.0691528
644 0.0308838
57 0.0365105
426 0.00482178
321 0.033783
444 -8.46948
663 -0.0774536
1202 -0.0915527
1072 0.0328369
396 -0.00830078
369 0.055481
262 0.0753174
665 -0.116028
1107 0.47229
873 -0.0447388
326 -0.0105591
894 0.0759888
503 0.00378418
671 -0.059021
439 0.043457
631 -1.38654
651 -0.00921631
1209 0.189331
789 0.106079
606 -0.0078125
801 0.0615234
897 0.00402832
573 0.0198975
779 0.0159302
673 -0.342285
660 -0.0593872
767 0.0945435
787 0.00195312
371 0.00286865
898 0.0205078
440 0.037323
660 4.80511
513 0.036377
426 0.00476074
390 0.0299988
439 0.0447083
271 0.0738525
651 -0.00921631
765 0.00994873
1183 0.0703125
760 0.0828857
262 0.0696716
262 0.068512
801 0.131348
660 4.8045
692 0.0287476
925 0.0571899
871 0.119873
355 0.0259399
330 -0.00213623
439 0.0432434
730 2.40961
663 -0.0704346
308 39.6604
352 0.0323181
833 0.111633
370 0.0358276
812 0.020752
498 0.0425415
445 -0.0196228
796 0.0288086
206 -0.0113983
605 0.0206299
440 -8.82043
327 0.0241089
738 2.20715
925 0.0574951
430 -0.0269165
1107 0.472656
445 -8.49875
431 29.506
854 0.0552979
285 -0.0238647
253 43.6723
370 0.0354004
432 0.0547791
660 4.80505
894 0.0634766
356 0.0293274
1027 0.0966797
897 0.0065918
660 4.80603
692 0.0287476
431 0.0386047
627 -0.0411377
321 0.0338745
615 0.0257568
750 0.0689087
966 0.130981
692 0.0286865
809 0.0874023
899 0.020813
367 0.025238
262 54.2211
511 0.0406494
356 0.0299072
501 0.0137634
672 -0.0847168
919 0.0513916
851 0.0523071
809 0.0168457
758 0.0456543
199 48.8329
444 -8.44226
370 -0.00973511
1202 -0.0915527
496 0.0126038
303 0.0203247
393 0.00842285
388 0.00408936
326 -0.0112915
821 0.00701904
1095 -0.0229492
663 -0.0758057
651 -0.00891113
403 0.0793457
801 0.0617676
640 -0.0736694
500 0.0349731
623 -0.0461426
340 0.0351562
789 0.0322266
171 33.839
478 0.0180054
822 0.127502
1072 0.032959
651 0.00848389
384 0.035675
693 0.0136719
268 0.0457458
658 -0.0161743
788 -0.0210571
1127 -0.0266113
663 -0.0922241
754 0.0513306
417 0.0418396
476 0.018219
1133 0.02771
861 0.0307007
750 0.0689697
1078 0.0474854
510 0.0102844
663 -0.0657959
439 0.0426331
409 -0.0531921
427 0.0175476
750 0.0894775
791 0.0498657
773 -0.0043335
810 0.0570679
428 0.0111389
343 0.0357361
421 0.0112915
396 0.0305176
512 0.0234375
1183 0.0703125
318 78.9388
318 0.0249023
72 0.0632172
871 0.11969
501 0.0137939
587 13.6481
659 5.12128
455 0.0213623
1202 -0.0917969
237 103.709
346 0.0558472
459 -6.39575
417 0.0421143
673 -0.0847168
807 0.0184937
798 0.00463867
695 3.57495
478 0.0179138
399 56.2877
738 2.20728
750 0.0689087
486 0.825775
777 0.0527954
441 0.0440369
1038 0.0111084
285 -0.0238953
707 0.485901
788 0.0852051
892 0.0669556
524 -0.0396118
693 0.0136108
558 16.5302
665 -0.0224609
856 0.0496216
361 0.046875
262 54.2115
439 0.0431519
512 0.0391846
437 -8.92981
851 0.0526123
262 0.0752563
346 0.0249329
1078 0.0474854
766 -0.0180054
886 0.0234375
326 -0.0111694
285 -0.0240173
632 0.000183105
592 13.642
360 0.00714111
526 0.0988159
752 0.0507202
417 0.042511
262 54.2104
202 45.2797
165 -0.00213623
68 0.0239258
342 0.067749
57 0.0366058
1233 0.164917
343 0.0356445
1209 0.188721
424 0.00289917
732 2.50531
806 -0.000366211
707 0.485779
444 -8.47006
1095 -0.0174561
790 0.0308838
834 -0.0968018
7 0.136213
313 0.0105591
852 0.0161743
489 0.0594788
262 0.0751953
798 0.00579834
249 0.000549316
809 -0.0202026
657 5.17603
1196 0.119629
667 -0.0202637
409 -0.013092
256 53.415
415 -0.0324402
461 -0.0418701
772 0.0470581
370 0.0331116
232 69.2979
809 0.0880737
472 -0.0819092
505 0.000244141
431 0.051239
1059 0.0809326
480 0.0351868
53 0.0657997
491 -0.0357361
388 0.0181885
624 0.0166016
514 0.0186768
886 0.0231934
1126 0.230713
838 0.110596
779 0.0294189
856 0.0526733
417 -0.024231
1133 0.0275879
644 0.031311
319 78.5384
894 0.0689087
472 -0.0813599
196 67.1131
308 39.6542
57 0.0366669
833 0.109924
393 0.00839233
851 0.0525513
665 -0.0928345
397 -0.0285034
852 0.0161133
429 0.00283813
413 0.204681
355 64.4884
893 0.0440063
320 76.1085
1108 0.468262
1164 -0.0495605
830 0.0712891
801 0.0620728
71 0.0649643
708 0.0201416
1183 0.0703125
1136 0.196411
865 0.0432129
756 -0.0126343
343 0.0358582
810 -0.00439453
406 -0.021698
318 78.9388
587 13.6489
853 0.0248413
808 -0.0452271
599 12.3674
660 4.80432
808 -0.0475464
1238 0.150879
520 0.0598755
796 0.0112915
753 0.0500488
342 0.0681763
488 -0.0249939
592 13.6418
695 3.57471
663 -0.0350952
308 39.6547
405 -0.00958252
383 -0.0186768
429 0.0346375
663 -0.0743408
529 21.462
1072 0.0327148
820 -0.00836182
7 0.12908
591 13.5206
444 -8.46936
396 -0.0177307
55 0.0365715
496 0.0583191
253 0.0111694
518 22.3001
800 -0.022583
796 0.0849609
785 0.0472412
267 0.0198975
420 -0.0325012
488 0.178497
504 0.0239258
1239 0.124146
833 -0.105835
808 -0.0462036
439 0.0452271
403 0.0853271
944 0.140076
665 -0.0223999
835 -0.0986938
405 -0.010376
406 0.0352173
736 0.0695801
343 0.035553
605 0.0206909
647 6.30573
478 0.0179138
750 0.0917969
343 0.0358582
379 0.019928
820 -0.00823975
313 0.0112915
594 0.0447998
8 0.131115
512 0.00616455
496 0.233643
838 0.0477905
394 0.00534058
316 0.0144653
787 0.0537109
501 0.0284424
285 -0.0238953
651 -0.00891113
630 0.00744629
432 0.0563965
424 0.00802612
409 -0.0149231
805 0.0233765
321 0.033844
733 2.5
810 0.0484619
820 -0.00836182
1056 0.0823975
308 -0.0127869
1093 -0.0166016
443 0.0436707
393 0.00891113
621 0.0210571
466 -0.0504761
852 0.0161743
431 0.0471802
388 0.0102234
459 -6.40408
617 -0.0478516
852 0.00762939
393 0.00823975
431 0.048584
863 0.0820923
420 -0.0327759
960 0.0404663
1185 0.074585
656 0.064209
332 -0.0361938
356 0.0295715
511 0.82135
54 105.667
350 0.0039978
751 0.0565796
594 12.0333
854 0.149963
762 0.0146484
773 0.0523071
259 0.065979
333 0.017334
777 0.0524292
304 -0.0157776
429 0.0010376
772 0.0471191
186 73.1222
326 -0.0108643
418 -0.041748
738 2.2074
578 14.0278
823 0.0838623
931 0.0839844
466 -0.0485535
441 0.0692444
606 -0.00769043
432 0.0629578
826 0.0379639
642 0.0314331
1108 0.468262
431 0.0406189
634 0.0839844
478 0.0180664
317 0.0353394
777 0.0531616
641 -0.00848389
853 0.0245361
773 0.0526733
331 76.1098
772 0.0469971
442 0.0696716
491 -0.0227356
295 -0.0680542
367 0.0253601
474 2.56149
390 0.0126343
389 0.0145569
615 0.0257568
833 0.109863
421 0.00479126
57 0.0367432
393 0.00848389
791 0.119629
1211 0.230347
781 0.03302
421 -0.0553589
682 -0.530396
594 0.0441284
758 0.111084
750 0.100647
519 22.1966
663 -0.083374
1014 -0.0462646
615 0.0257568
405 0.00561523
501 0.0138855
898 0.020874
459 -6.39926
455 0.0198059
779 0.0299072
909 -0.0323486
377 0.146606
1164 -0.0495605
247 66.1898
795 0.0256958
402 0.000671387
285 -0.0238647
794 0.0647583
446 0.0120239
791 0.0923462
54 105.771
638 0.0421753
606 -0.00775146
196 67.0011
792 0.0603027
456 -0.00665283
647 0.0372314
332 0.101746
801 0.0630493
321 0.0227661
587 13.649
42 -0.0182152
592 13.642
768 0.0827637
1213 0.380371
83 81.9063
476 -0.0156555
539 20.0203
267 0.0194092
851 0.00695801
439 0.043396
262 0.0697327
289 61.8565
478 0.0180359
587 13.6473
1060 0.0390625
609 0.0153198
246 71.9852
674 -0.0670166
171 33.84
391 0.010437
312 0.0123901
878 0.00933838
511 0.820129
472 -0.081665
405 0.0170898
181 0.0605774
417 0.0437012
431 0.0415344
404 0.0160217
615 0.026123
801 0.130371
496 0.0480652
656 -0.0531006
909 -0.0322266
331 75.2726
587 13.6465
155 49.278
441 0.0600891
501 0.0138245
580 15.1868
351 0.0312195
871 0.108582
605 0.015564
851 0.0524292
294 71.5595
627 -0.0423584
326 -0.0108643
1052 -0.00537109
818 0.0801392
66 0.0890045
802 0.132141
370 0.035675
794 0.0784302
1052 -0.00268555
290 0.0621338
886 0.0234375
622 0.0344849
418 -0.0527039
883 -0.0307617
750 0.069397
751 0.0488281
754 0.0515137
857 0.0687256
255 -0.0505066
168 48.2825
405 0.00424194
394 0.00540161
637 6.45898
818 0.00750732
426 0.0125122
478 0.0179443
700 3.80127
838 -0.0608521
764 0.0515137
346 0.0558777
662 5.03796
644 0.0308228
356 -0.0259399
357 -0.00909424
168 48.2795
378 0.0276489
801 0.0615234
399 56.2875
1233 0.165039
171 33.8408
429 0.00286865
828 0.122131
649 0.0270996
157 0.0152893
1223 0.136353
1100 -0.00427246
822 0.132324
790 0.0362549
321 0.0337524
7 0.129001
267 0.0194092
1100 -0.00427246
738 0.0682373
419 -0.0427246
237 0.0487518
756 -0.0125122
801 0.131653
651 -0.0101318
304 -0.0209351
417 0.0439758
308 39.6535
519 22.1208
1028 0.140869
362 0.0273743
302 0.0139771
839 0.134949
833 0.110413
627 0.0369263
76 0.0864639
426 0.00479126
461 0.0424805
639 0.00445557
476 -0.0288391
580 15.1873
322 77.6795
301 -0.0515747
511 0.821228
472 -0.450378
501 0.0137634
491 0.0388184
1183 0.0701904
524 0.0196533
766 -0.0180664
42 -0.0181732
430 0.0200195
773 0.0498657
788 0.0686646
426 0.00494385
895 0.0769043
440 0.0437622
912 0.0117188
605 0.020752
395 0.00177002
339 0.0330505
501 0.0139465
833 0.110168
376 0.0358276
833 0.0363159
262 0.0751648
1111 0.0219727
315 0.0388794
606 -0.0115356
808 -0.0275269
778 0.0402222
918 0.00244141
290 -0.0686646
88 0.033638
662 5.02466
838 0.113464
871 0.11969
39 -0.061142
757 0.0466919
631 -1.38727
750 0.0998535
326 -0.0102234
659 -0.0139771
479 0.0128784
444 -8.46973
759 0.0473022
587 13.6465
660 -0.0593262
500 0.026886
667 -0.0206299
780 0.0259399
300 -0.00357056
426 0.00488281
14 -0.00336266
215 89.8871
833 0.110229
644 0.03125
867 0.0666504
831 -0.0612183
84 0.0205307
605 0.0214844
590 15.0507
886 0.0231323
795 0.0716553
318 78.4034
298 0.00650024
930 0.0438232
512 0.02948
750 0.0697021
311 0.013031
438 0.168945
394 0.00497437
811 -0.0318604
372 0.0010376
326 -0.0104675
322 0.0653992
944 0.0988159
490 24.0627
461 -0.04245
448 0.0341797
833 0.110657
393 0.0085144
497 0.0270386
326 -0.00640869
511 0.829041
771 0.0455322
619 0.0332642
822 0.132324
31 -0.0164433
268 0.0458069
299 -0.0215149
395 0.0115662
1037 0.135864
455 0.0349121
539 20.0201
856 0.0527344
590 13.5641
430 -0.0213623
431 0.0586853
472 -0.0817871
915 0.0371704
842 0.0773315
660 4.80499
651 -0.00933838
930 0.0437622
626 7.61237
301 -0.000183105
260 49.0309
368 0.0010376
465 -0.0163879
762 0.0765991
853 0.0244751
820 0.00378418
804 0.0273438
343 0.035614
377 0.147186
822 0.132324
321 0.0335999
784 -0.0185547
369 0.00231934
128 -0.0164337
1052 -0.00866699
606 -0.0078125
627 -0.0413818
565 0.0134277
663 -0.0927734
370 0.0374146
303 -0.0113831
393 0.00979614
316 0.0225525
910 -0.0133667
325 77.5086
459 -6.49182
383 -0.0203857
822 0.132263
360 0.0142822
262 0.0752563
770 -0.0184326
778 0.00115967
794 0.00366211
493 0.203003
412 0.0166321
790 0.0414429
237 0.0482941
1007 -0.0510864
792 0.0600586
838 -0.0536499
427 0.0282898
813 0.0352783
432 0.0635681
283 88.9642
393 0.00836182
808 -0.0335693
853 0.0249634
605 0.0164185
755 0.0700073
379 0.0116272
289 61.7688
642 -0.0366211
881 0.0128784
404 0.0234985
621 0.00640869
394 0.00527954
640 6.43738
615 0.0256348
892 0.0670166
675 -0.365295
894 0.0552368
893 0.0441895
628 0.0534058
645 0.0448608
1107 0.470825
390 0.0114136
660 -0.0593262
70 0.0605698
186 73.1198
312 0.0216675
405 -0.0111084
1007 -0.0523071
171 -0.00698853
478 0.0181274
472 -0.0816956
877 0.0640869
834 -0.12616
695 3.57477
790 0.0862427
853 0.0245361
265 93.0461
747 0.13678
324 77.8381
623 0.0465088
618 0.0316772
427 -0.0292053
816 0.0852661
393 0.00888062
381 -3.05176e-05
285 -0.0240479
833 0.11084
733 2.50018
3 0.194793
393 0.0022583
297 -0.0596313
461 -0.0406799
393 0.00814819
266 -0.0378418
323 0.0285645
1038 0.0109863
799 0.113037
427 0.00393677
644 0.0309448
38 0.0850639
692 -0.0237427
427 -9.31232
826 -0.0317993
1231 0.039917
418 -0.0567322
410 0.0231934
84 0.0204468
777 0.00518799
544 19.2667
478 0.0180359
325 77.0194
663 -0.0919189
416 0.01474
388 0.00601196
478 0.0111694
406 0.0447693
893 0.0440674
217 0.083252
322 77.6805
308 39.6553
450 0.0684814
1009 -0.20752
472 0.271912
695 3.57477
418 -0.0234985
404 -0.0116577
298 -0.0355225
770 0.0147705
894 0.0549316
67 0.098587
594 -0.0748291
426 0.00494385
433 -9.10983
667 -0.0794067
505 -0.000244141
393 0.00973511
472 -0.0820312
472 -0.0820007
662 5.02686
893 0.0440063
804 0.0812378
40 0.111568
663 -0.0918579
811 -0.0310669
637 0.0206299
660 -0.0595703
378 0.0321045
839 -0.0419312
811 -0.0305176
382 -0.01297
1014 -0.0460815
853 0.0248413
370 0.037323
663 -0.0773315
330 0.0690613
652 6.4187
1014 -0.0465088
809 0.0882568
808 -0.0335693
846 0.0106812
364 0.0672302
838 0.0478516
793 0.0448608
346 0.0266724
660 -0.0595093
580 15.1884
624 0.00787354
620 0.0238037
565 0.0134277
873 -0.0465698
478 -3.05176e-05
462 0.0396729
356 0.0296631
852 0.0161743
641 0.0139771
294 71.5345
788 -0.0288086
459 -0.0177612
377 0.148438
417 0.0444641
673 3.50702
589 13.5823
1233 0.164307
791 -0.00378418
445 0.0176697
330 -0.00231934
651 -0.00927734
264 0.00979614
183 0.0132904
752 -0.00421143
853 0.0250244
387 0.0177612
237 0.0485535
252 0.0171356
326 -0.128571
490 24.0619
734 0.0710449
615 0.0256348
386 -0.00198364
825 0.0926514
892 0.122803
493 0.0348206
827 -0.0349121
570 15.3466
326 -0.010376
427 -0.0279846
850 0.0157471
640 0.00250244
865 0.0413818
506 0.0100098
733 2.4978
294 -0.0391541
356 0.0299377
228 75.7382
880 0.0928345
348 0.0249634
491 0.0715027
800 -0.0227051
403 0.0794067
722 2.54865
348 0.0248413
372 0.0176086
580 15.1874
626 0.0248413
627 -0.0412598
786 0.00750732
302 -0.0010376
525 0.0690308
925 0.057373
641 -0.00189209
356 0.0297241
643 6.37787
627 0.0169678
743 -0.024231
781 0.0133057
374 0.0396423
395 -0.018219
662 5.026
788 0.229736
794 0.0899048
781 0.0331421
403 0.0156555
1007 -0.0512085
302 -0.00473022
519 0.0535889
848 0.0568848
960 0.0568848
1108 0.46814
820 0.0480957
919 0.0800171
744 0.113403
590 15.0513
479 0.0163269
381 0.0189819
490 24.0621
429 0.00268555
308 39.6591
605 0.0161743
330 -0.00415039
181 0.0602875
640 6.77234
260 49.0304
291 0.0493774
634 0.0855103
782 0.0100708
168 48.2774
808 0.000427246
457 -0.0557861
777 0.017334
709 0.15564
1133 0.02771
822 0.12616
712 3.15253
342 0.0679932
833 0.00360107
474 -0.0345764
288 0.00180054
279 89.7482
257 -0.00784302
1078 -0.0307617
480 23.2747
459 -6.39627
695 3.57483
1168 0.0124512
813 0.0559082
660 -0.0598145
247 -0.00546265
534 20.4393
805 0.119629
476 0.00619507
606 -0.00683594
645 6.29047
1176 0.187744
565 15.0583
643 0.0325928
468 -0.0158691
366 0.0414429
279 0.101929
329 0.044342
784 0.0402222
826 0.0222778
426 0.00479126
394 0.0055542
692 -0.0199585
472 -0.081665
459 20.7558
226 -0.0413971
297 -0.0176392
297 0.00570679
544 19.2629
305 -0.0836792
871 0.119873
466 -0.0124207
417 0.0450134
449 0.00012207
518 22.3002
426 0.00488281
373 -0.00854492
853 0.0228882
302 0.00289917
745 1.07159
330 -0.00296021
330 -0.000152588
1078 -0.0307617
447 0.0300903
866 -0.0055542
389 78.0823
814 0.0142822
1072 0.0327148
263 0.00469971
886 0.0231934
607 -0.0462646
783 0.0397949
403 0.0770569
418 -9.30728
573 0.0192871
340 0.0176697
385 0.0368652
966 0.131042
885 -0.0220337
296 0.205658
814 0.00561523
491 0.0387878
461 0.0239563
413 0.01297
884 0.0324707
419 -0.00149536
911 0.13269
623 0.0358276
323 0.0224915
237 0.0485077
768 -0.111755
838 0.0479126
343 0.0354614
514 0.0161133
833 -0.0010376
738 2.07513
403 0.0840454
627 -0.0419312
800 -0.0221558
631 0.00634766
430 -0.00891113
828 0.0809937
918 0.0655518
777 0.0527344
289 0.0426941
417 0.0444336
921 0.019165
385 0.00744629
795 0.0233765
751 0.134338
470 19.437
877 0.0593262
865 0.0413818
754 0.109314
560 0.0430298
426 0.00494385
21 0.0717182
367 0.0039978
267 0.0196533
403 0.00805664
444 -8.46954
651 -0.00891113
661 -0.0605469
417 -0.036377
478 0.0179749
589 13.5861
781 0.0330811
340 0.0203247
330 0.0317078
691 -0.00946045
370 0.0359192
436 -9.08377
580 13.7382
837 0.0465698
244 63.5988
766 -0.0180664
284 0.14801
509 0.0138855
1133 0.0275879
877 0.0637207
295 -0.0338135
773 0.0502319
525 21.9015
393 0.00878906
462 -0.0038147
425 -0.0148621
843 0.09729
651 -0.010376
326 0.0832825
930 0.0438843
827 0.0548096
781 0.0331421
875 0.103394
332 0.0218201
808 -0.0335083
410 -0.067688
544 14.1815
70 0.105606
619 0.29718
627 -0.0424194
881 0.0171509
75 0.00798798
918 0.0686035
664 -0.101807
57 0.0366478
280 0.0308533
889 0.093689
853 0.0146484
960 0.0578003
23 0.0389042
790 0.0515747
426 0.0050354
334 0.0551758
822 0.132324
555 -0.0257568
886 0.0233154
109 0.0279236
489 -0.0369568
414 0.00830078
626 7.61615
321 0.0335388
663 -0.00158691
229 41.7456
355 80.6732
881 0.0136719
75 0.00829315
341 111.197
7 0.0375218
621 0.00469971
676 0.108521
750 0.0932617
43 -0.0226555
235 55.3937
222 68.6432
308 0.0275879
797 0.0467529
627 0.0354614
262 0.0693665
356 0.0298767
411 0.0286255
850 0.0158691
342 0.0674744
488 0.0602112
627 -0.0426636
1014 -0.0461426
356 0.0300598
615 0.0258789
262 0.0695496
793 -0.0153198
68 0.0965118
808 -0.0335693
909 -0.0323486
762 0.114502
318 0.0449219
708 0.0202637
362 0.016449
736 0.0065918
524 -0.0400391
473 -0.0183411
840 0.111572
820 0.0456543
851 0.106262
789 0.024353
393 0.00735474
1187 0.0844727
784 0.0231323
217 0.0830231
627 0.0167236
14 -0.00767136
280 70.066
871 0.119263
575 14.5245
790 0.041626
816 0.00158691
237 0.0487366
356 48.8394
313 0.0524902
355 64.493
262 0.0696716
1009 -0.207642
726 2.63202
774 0.0205688
237 0.0484619
461 -0.00769043
840 0.0264282
323 0.0146484
124 0.0137405
835 0.0269775
37 0.101105
881 0.0351562
397 -0.00198364
646 0.026001
293 -0.0430908
490 24.062
807 0.020752
829 0.0666504
355 64.491
836 -0.0712891
911 0.130066
261 45.4149
1078 -0.0307617
549 18.9479
319 0.0392151
820 -0.00830078
372 92.524
1022 -0.0938721
325 74.4806
877 0.0637817
190 30.8188
363 0.0107727
851 0.0548096
819 0.00720215
607 -0.0248413
752 -0.0159912
1202 -0.0919189
764 0.0646973
639 -0.0115967
237 0.0490112
709 3.55597
867 0.119141
478 0.018158
412 -9.79202
665 -0.0224609
886 0.0140991
318 0.0344238
821 0.0953979
523 21.7662
781 0.0330811
722 0.316162
824 0.0057373
501 0.0136108
343 0.026886
627 -0.0415649
470 19.4501
640 6.77319
1038 0.0112305
788 0.153687
801 0.13147
289 0.0137634
753 0.0654907
756 0.130127
814 0.00561523
960 0.052002
627 0.0169678
878 0.0170898
387 78.5535
128 -0.0157471
853 0.102478
394 0.0057373
253 0.0322723
352 0.026062
260 49.0301
868 0.247986
409 -0.0480652
843 0.0304565
224 0.0885315
862 -0.086792
445 0.00964355
789 -0.0032959
631 -1.38696
930 0.0442505
313 -0.0188599
124 0.0148544
647 5.59949
1014 -0.0450439
279 0.101746
459 -6.49976
766 0.0244141
329 0.0278931
411 0.028717
247 60.0712
124 0.0135117
899 0.0206909
822 0.132263
508 -0.00692749
1133 0.02771
1231 0.0395508
728 2.46204
461 -0.0407715
394 0.00524902
523 54.5918
1100 -0.00415039
279 -0.0300598
417 0.041687
810 0.108337
279 0.101746
1038 0.0111084
458 -26.4564
930 0.0438232
377 0.148254
363 0.059082
394 83.3695
348 0.0249634
966 0.131165
250 0.000518799
237 103.708
838 0.0477905
844 0.110474
317 0.0420532
886 0.0526733
925 0.0574341
312 0.0219421
285 0.0184631
370 0.0118713
275 37.1493
930 0.0438232
459 -0.0434265
217 65.7315
660 -0.0668335
321 0.0334778
357 -0.00622559
501 0.0137329
829 0.0690918
352 -0.00662231
831 0.0830688
389 -0.0351868
355 64.4897
68 0.0981903
609 0.0153198
822 0.131958
877 0.06427
518 22.3002
38 -0.34
21 0.0712967
480 0.00311279
387 0.00512695
283 -0.0413208
501 0.0135498
333 0.0447083
886 0.0231323
817 -0.0109253
774 0.0240479
466 -7.10709
821 0.0404053
802 -0.0189819
321 0.0379333
814 0.0395508
23 0.0389824
606 0.0366211
327 0.0463867
602 0.342896
579 14.7603
354 -0.0220032
826 -0.0188599
5 0.0512891
800 -0.022644
805 0.129333
739 0.179138
240 0.0260773
639 0.0142822
850 0.0189209
308 0.00668335
285 -0.0239868
773 0.0532227
447 0.0418396
838 0.0931396
1014 -0.0462646
407 0.00689697
766 -0.0179443
665 -0.022522
393 0.00836182
1108 0.468262
923 0.0394287
502 0.109589
840 -0.00158691
430 -9.2128
339 0.0344238
544 13.9987
303 0.0177612
416 0.0115051
370 0.0377197
356 0.02948
68 0.0983429
797 0.0456543
273 91.27
839 0.0463867
804 0.165222
851 0.0523071
910 0.215942
470 19.4348
600 0.00689697
393 0.00860596
849 0.0535278
854 0.0372314
296 -0.0726624
821 0.174805
848 0.111633
587 13.6473
767 0.136658
322 77.6805
313 0.0524292
883 0.0612183
285 -0.0237732
870 -0.107056
1090 0.0302734
1133 0.02771
52 0.0087471
260 49.0289
272 0.0630493
694 0.0372314
756 0.145874
247 26.9913
797 0.0480347
812 0.110168
763 0.0472412
780 -0.00793457
750 0.0932617
857 0.00195312
853 0.0245361
356 0.0296021
791 0.0752563
268 0.0451965
589 13.5817
240 10.285
784 -0.00897217
281 -0.0656128
1062 0.0335693
268 0.043457
822 0.072876
808 -0.0369873
821 0.0786743
80 0.0428009
811 0.0901489
631 0.00640869
851 -0.031189
663 -0.0814209
960 0.0407715
288 49.1768
820 0.115356
424 0.0523682
662 -0.0759277
543 19.1626
307 67.5165
23 0.0389805
821 0.0467529
792 0.0484619
712 3.16986
334 -0.00604248
544 13.9985
511 0.02771
478 0.0180054
1136 0.196411
335 0.043457
476 -0.0281067
801 0.130432
808 0.00439453
506 -1.46368
932 0.133118
770 -0.0184937
739 0.152832
462 -0.0195618
472 -0.0817871
301 -0.0258789
863 0.0258179
470 -5.88483
862 -0.0861206
285 -0.0238647
781 0.0330811
282 0.252136
692 -0.0253906
417 0.0437622
765 0.0320435
1111 0.0108643
244 -1.70869
592 13.821
647 0.0233154
1237 -0.0914307
841 0.0438843
328 0.124878
338 0.0183716
871 0.119995
766 -0.0180054
338 0.0216064
754 0.0513916
14 -0.00756359
1108 0.46814
478 0.0181274
336 74.4956
421 -0.00836182
480 23.2794
862 -0.0864868
850 0.0158081
765 0.0115967
808 -0.0335083
393 0.0415039
377 0.146942
868 0.0515137
355 -0.00195312
308 39.6604
331 0.0171204
692 -0.0254517
835 0.0469971
330 0.0421448
41 -0.0409203
237 0.0484619
343 0.0355225
330 -0.00210571
822 0.101379
792 0.0518799
545 14.2102
1154 0.186523
764 0.0140991
783 -0.0139771
899 0.0220337
421 -9.6315
893 0.0438232
348 0.0248413
478 0.0180664
1007 -0.0511475
328 0.0585022
765 0.0108032
330 -0.00305176
813 0.0804443
1014 -0.0448608
751 0.166748
262 54.2131
266 -0.00543213
825 0.0291138
870 -0.106873
883 -0.0638428
707 0.484314
238 57.6936
822 0.0324097
725 0.053894
916 0.139954
819 0.0202026
848 0.0172729
722 0.03302
793 0.0194702
390 58.0326
580 15.1869
279 107.911
218 54.4951
894 0.0546265
426 0.00488281
722 0.102356
886 0.0234375
1034 0.0413818
41 0.138947
761 0.0593872
933 0.060791
764 0.0368042
652 6.4939
865 -0.0576782
747 3.38855
380 84.9823
378 0.0421753
680 0.115295
619 7.57263
410 0.00549316
712 -0.00396729
766 0.0459595
545 14.2108
922 0.0935669
544 19.2948
522 21.6467
602 0.344666
750 0.0825806
463 -6.96619
87 0.0296478
722 0.0430908
322 -0.0135193
930 0.0709839
395 -0.0149841
894 0.0692139
667 -0.696838
887 0.0655518
302 -0.0491028
820 0.0197754
766 0.120422
431 0.0404053
606 -0.0568848
898 0.0241699
773 0.0563965
594 0.0511475
381 0.0126953
393 0.00952148
302 -0.0335693
665 -0.0224609
648 0.0255127
922 0.0603027
445 0.0149841
782 0.0308228
820 -0.00817871
313 0.0524597
14 -0.00742531
405 0.0727234
594 0.0513916
315 0.0292358
365 91.8795
1091 0.0239258
370 0.0376892
816 0.176514
949 0.106506
301 0.00485229
801 0.0616455
3 0.0699406
760 0.0550537
629 0.0374756
1231 0.0397949
305 -0.0541077
239 46.6859
851 -0.0239868
767 0.0540161
812 0.184326
640 6.48138
523 -0.151428
607 -0.024231
467 -0.0138245
578 14.2891
692 -0.0103149
532 18.4541
285 -0.0238953
580 15.1871
450 0.0698242
769 0.114197
838 0.0407715
470 19.4266
478 0.0179443
348 0.0268555
330 -0.00271606
403 0.0843811
754 0.184021
669 4.60217
344 0.0235291
313 0.0527039
750 0.0682983
224 80.7875
759 0.111572
237 0.0480347
749 -0.0541992
460 -0.00616455
810 0.106995
426 0.00497437
312 0.0261841
894 0.210632
473 -0.0211487
852 -0.0452881
830 0.0276489
796 0.0216064
733 2.49866
211 95.4917
14 0.00266457
838 0.109375
310 74.8917
237 0.0484772
410 -0.0515137
842 0.0437622
472 -0.0107422
781 0.032959
514 22.0527
851 0.00445557
264 44.7041
792 0.00231934
897 0.0280762
842 0.0390625
793 -0.00323486
821 0.0384521
524 -0.039856
27 0.0906181
328 0.0408936
665 -0.0224609
897 -0.0150757
561 15.6585
749 0.201538
820 -0.00842285
348 0.0249329
381 0.0032959
330 0.0247498
778 0.135559
843 0.0516357
817 0.0838623
516 22.0966
923 0.0397949
839 -0.0654907
341 0.010498
727 0.61377
50 0.171242
833 0.0310059
276 0.00140381
908 -0.00598145
655 -0.0137939
470 -0.0341187
462 -6.45703
80 0.0528793
465 -0.0132446
899 0.022522
801 0.109192
605 0.0212402
342 0.033905
214 1.16966
820 -0.00830078
941 0.193237
727 0.646851
892 0.0668945
388 0.038147
7 0.129075
786 0.0651245
894 0.0688477
514 0.02771
490 0.0495605
777 0.0527954
431 -9.16211
823 -0.00817871
389 -0.0211792
831 -0.024231
897 -0.0148315
833 0.110229
871 -0.0688477
228 0.00984192
701 7.36768
752 0.453918
862 -0.0877686
80 0.0438232
35 -0.056366
584 -0.072937
759 0.12085
930 0.0438232
879 0.0603027
852 -0.0137329
783 0.0587769
732 0.0250854
897 -0.0151978
333 0.0466003
450 0.0672913
55 0.0204964
230 27.5886
389 -0.0311279
921 -0.0189209
731 0.340576
26 -0.0688
854 0.158142
332 44.0141
800 0.0427246
489 -0.000335693
836 0.0639038
951 -0.000854492
340 0.0152893
251 -0.0250549
753 0.365845
409 -0.0282898
941 0.0923462
1154 0.193237
723 0.0760498
577 14.5068
183 0.0247803
660 -4.8573
892 0.0669556
826 0.0654297
770 0.0227051
839 0.13562
839 0.135986
864 0.052063
698 0.251587
797 -6.10352e-05
80 0.0533142
237 103.709
788 0.0559082
14 0.00203705
772 -0.0289307
781 0.106812
228 51.4783
246 39.9949
789 0.110657
754 0.0117188
545 14.2093
758 0.16394
747 0.0841675
736 0.227539
877 0.0647583
871 -0.0684814
326 0.0434265
303 82.2527
824 0.267212
226 -0.0426483
894 0.0550537
544 19.2667
609 0.0217896
610 -3.53027
781 0.0216064
830 0.107483
748 2.81238
367 99.0706
822 0.126343
421 -9.40231
668 -0.702637
468 -0.0256042
801 0.0161133
458 -6.89673
57 0.0368195
405 -0.0102539
835 0.0490723
392 54.3747
775 0.0136719
358 53.2144
932 0.173218
393 0.00976562
838 0.110901
369 -0.0120239
250 -0.0272369
567 0.0679321
849 0.173462
886 -0.0172729
730 0.436401
196 14.8313
720 0.0559082
921 0.0195312
966 0.131104
1009 -0.207336
647 -7.75519
647 -7.76721
776 -0.00738525
592 -2.1391
851 0.0525513
862 -0.0873413
789 -0.036499
821 0.0722046
897 0.0298462
639 0.00299072
810 0.00695801
478 0.0179749
405 0.00476074
950 0.0610962
781 0.0330811
822 0.126831
738 0.0415649
478 0.0179443
563 15.5248
644 -0.380005
721 3.14374
847 0.00860596
897 0.0299072
800 0.116333
859 0.105835
871 -0.0645752
700 3.80084
348 0.0249023
852 0.0162964
1005 0.0579224
758 0.125366
1133 0.02771
426 0.00485229
684 -1.17194
767 0.104553
767 0.161133
811 0.160217
885 0.0604248
541 0.422363
768 0.0101929
810 0.108398
23 0.0390682
3 0.160369
723 0.118347
817 0.112183
298 -0.000335693
124 27.9953
1186 0.194214
802 0.104797
688 0.0942383
490 0.0333252
323 66.8719
859 0.0645142
773 0.0421143
336 74.4956
848 0.0588989
580 15.1872
215 87.5588
848 0.00244141
825 0.11322
649 5.70605
759 0.217468
873 0.0105591
644 0.0309448
728 4.60376
1133 0.02771
769 0.109985
403 0.084198
1164 -0.0495605
610 -3.5293
820 -0.00830078
445 0.0090332
562 17.199
550 18.8063
644 0.0311279
303 0.0219727
343 0.0354614
800 0.0756836
753 -0.0187988
299 82.7194
145 -28.5817
402 -0.00967407
909 0.0802612
647 -7.76929
461 -0.0246582
399 0.0896912
621 0.0775146
405 0.00350952
226 43.2038
123 -96.8638
824 -0.0569458
445 -0.00131226
788 0.0633545
1097 0.00732422
514 0.0161743
1126 -0.0313721
636 -5.5058
607 -0.060791
308 0.00222778
746 -0.0233154
879 0.0186768
894 0.0652466
303 0.0212708
905 0.0740356
607 -0.0288696
358 0.056366
744 0.0991821
906 0.0189209
554 18.5066
166 -33.9193
627 -0.0424805
655 0.00427246
129 -2.4873
1128 -0.0511475
586 1.80707
754 0.0514526
684 -1.16901
569 15.4033
313 0.0525818
794 0.0840454
359 0.010498
801 0.0175781
798 0.0447998
850 0.0515747
484 0.577362
320 0.0192871
496 21.9166
842 0.0437012
660 -4.3114
846 -0.0857544
839 0.132202
851 -0.0371704
787 0.350037
226 -0.04216
839 -0.0803833
40 -0.0472946
1007 -0.0511475
237 0.800903
1150 0.233276
871 0.127197
830 0.0525513
426 -0.0184021
606 -0.0553589
662 -0.0890503
904 -0.00994873
655 -4.70233
756 0.248352
766 -0.0180054
166 -33.9338
662 -0.0770264
1024 -0.133118
629 -0.0377197
648 -7.12927
1018 -0.109009
789 0.0855103
458 -0.0144958
692 -0.0197754
627 -0.0419922
224 0.0878296
660 4.80499
323 0.00869751
590 -0.0340576
511 0.820801
836 0.06604
709 3.0965
618 -0.052002
252 -0.0493469
288 -0.132843
794 0.0385742
778 0.0145264
462 -0.257263
840 0.121399
1036 0.0367432
791 0.081604
830 -0.0137329
838 0.0640869
886 0.076355
805 0.161377
445 0.0142517
640 6.77246
853 0.0228882
772 0.00323486
248 58.7378
674 -3.29706
268 -0.0174866
23 0.0386925
840 -0.00750732
747 -0.0109253
186 73.1626
812 0.230408
844 0.086792
551 19.2062
452 2.06876
228 66.6149
766 -0.0180054
506 -1.44858
853 0.022583
608 -0.0410767
471 -0.0126038
451 3.05756
853 0.0232544
242 -0.0150146
621 0.0768433
862 -0.0877075
548 0.00128174
910 0.0477295
621 0.0845337
611 0.00537109
638 0.0306396
549 15.4932
289 61.7618
23 0.0390091
657 -0.0724487
524 -0.135742
595 -4.17535
413 0.00790405
518 0.045105
647 -7.76672
523 21.6058
868 0.100769
777 0.0793457
780 0.0775146
1099 -0.0142822
834 0.0908813
300 0.162781
429 0.00201416
762 0.151062
698 2.05939
907 0.0293579
733 2.49597
673 -3.9162
787 0.350342
737 2.16339
323 0.00854492
511 0.82019
145 -28.58
818 0.0278931
780 0.194153
213 82.4159
730 0.0378418
328 77.4145
523 21.6051
318 0.0285645
356 0.0296936
879 0.0604248
833 -0.0252686
271 49.6542
845 0.0756226
692 -0.0255127
325 0.110291
783 0.024292
918 0.102539
647 -7.76495
547 -4.96301
710 3.34473
423 0.0130615
61 -1.86319
1126 -0.0311279
877 0.0646973
673 -3.71997
651 -0.00891113
4 -15.4722
1101 -0.00524902
793 0.0618286
779 0.0958252
636 -5.54114
773 0.0563354
355 64.4949
728 0.0745239
809 0.0953369
781 0.0600586
855 0.161804
395 0.0731201
726 0.112427
285 -0.0238647
241 57.6305
571 14.4485
630 0.00769043
489 0.0547485
637 -6.45386
330 -0.00170898
869 0.0291138
823 0.00164795
665 -0.0223999
562 16.4037
958 0.086792
377 0.147003
727 0.604492
339 0.03125
832 0.112305
844 0.0712891
524 0.0797119
573 2.06006
657 -0.526978
838 -0.0488281
588 0.092041
963 0.137939
822 0.132385
662 5.02563
729 0.0662842
611 -0.0623169
745 1.02319
792 -0.0022583
898 0.0198975
513 0.00915527
716 2.18677
707 3.80841
246 -0.0245361
634 0.0878906
856 0.0466919
614 0.0165405
786 0.303223
787 -0.0145874
350 62.288
429 0.00158691
841 -0.123535
609 0.00250244
605 0.0215454
642 -6.18585
335 0.0350037
781 0.227783
810 0.197876
784 0.274536
618 -0.0501099
511 0.19693
129 -4.96212
403 0.0798645
812 0.0370483
631 0.00628662
920 0.0362549
791 0.0361938
877 0.065979
900 0.00952148
1072 0.0325928
469 -0.0199585
850 0.00286865
885 -0.0158081
837 0.0240479
660 4.80627
327 0.0248413
823 0.0852661
869 -0.00610352
729 4.66602
640 -0.0551147
318 0.0246582
1078 0.0427246
642 -5.73895
880 0.0454102
879 0.0603027
749 -0.0717163
140 0.00268555
857 0.0377197
573 0.0201416
14 -0.00736809
366 0.0349731
930 0.0438232
770 -0.0183716
472 -0.448669
341 0.0179138
640 6.77087
665 -0.0224609
1015 -0.0858154
849 0.0134888
326 -0.00457764
333 0.022644
355 82.1236
534 18.2484
319 78.5383
753 -0.0150757
850 0.115173
544 13.9999
811 -0.0311279
1121 0.150269
904 0.0934448
229 41.7468
849 0.138
817 0.0765381
761 0.0649414
669 -0.0564575
601 0.347595
1133 0.0275879
685 -1.03912
657 -5.49628
771 0.0758667
1119 0.369141
719 3.1181
572 -2.35907
850 0.0159302
854 -0.0153809
622 -0.185547
312 0.0147095
828 0.113098
383 -0.00341797
831 -0.024353
663 -4.04181
695 3.57483
687 0.148865
668 -2.83801
868 0.107605
727 0.604614
445 -0.000915527
803 -0.000671387
740 0.172607
405 0.0220337
428 -8.85245
614 0.0183716
431 29.5003
811 -0.031189
345 48.9118
670 -5.17145
51 0.0685463
350 0.0280762
621 0.0744629
611 -0.0438843
640 -4.92023
672 -0.0456543
562 -0.463257
375 0.0503845
633 -0.0773315
683 -2.06805
831 -0.0241699
854 0.0545654
450 2.32608
692 1.01465
822 0.132202
854 0.158508
853 0.022583
372 0.0178223
658 -5.26068
962 0.128906
770 -0.0183716
640 6.77216
323 78.6079
958 0.086853
313 0.0530701
878 0.0319214
775 0.098999
809 0.0879517
801 0.108521
596 0.40686
520 -0.0350952
639 -4.30927
800 -0.0227661
846 -0.0988159
814 0.149841
856 -0.0315552
638 -0.0278931
569 -0.310791
720 2.73346
226 -0.0424805
352 0.00302124
811 -0.0310669
740 0.223999
366 0.0353394
695 0.036377
26 0.00955582
665 -0.022522
831 -0.036438
60 -0.00753021
315 18.2704
640 -4.41797
1133 0.0274658
224 41.213
674 -3.3299
925 0.0577393
869 -0.10907
817 0.268555
809 0.0958862
606 -0.0574341
835 -0.057251
730 0.036377
857 0.0358887
649 -5.24615
23 -0.147373
606 -0.0571899
1151 0.20459
217 0.0830383
279 0.0653992
317 -0.0134888
23 0.039175
333 74.364
867 0.108765
727 0.52124
282 112.747
766 0.22052
944 0.116333
320 78.0696
684 -1.45038
1153 0.19165
962 0.129272
202 12.7686
888 0.134583
801 0.10907
683 -2.01483
854 0.0775146
727 0.604614
4 0.271508
880 0.0255737
656 -5.7525
720 0.566284
456 -0.032135
779 0.0413208
510 -0.107147
113 -0.0617599
160 24.5621
548 19.0565
853 0.00140381
109 0.029892
597 0.331909
611 -0.062439
909 -0.0328979
752 0.36322
631 -0.0778198
606 -0.0570679
773 0.0408936
353 0.0122375
601 0.355103
772 0.332397
648 -5.03699
746 -0.0230103
323 0.0106201
684 -2.08215
870 -0.00524902
560 0.0467529
847 0.0974121
782 0.0200806
901 0.0108643
260 49.03
133 73.8053
627 -0.00183105
359 0.0492249
785 0.0383911
233 3.43335
729 4.66516
595 -3.89209
511 0.0718079
191 66.5443
727 0.603394
1024 -0.12085
822 0.101746
853 0.022522
829 -0.0185547
301 -17.5211
674 -0.0180054
585 -1.85034
654 -8.33972
770 -0.0183716
486 0.634613
307 91.464
832 0.0418701
303 82.2475
854 0.0550537
229 41.7396
360 -0.0269775
464 -0.0266724
217 0.0827942
865 0.238464
635 -0.296265
334 0.0101318
1034 0.0418701
207 0.00720215
671 -5.44116
312 0.0218506
757 -0.0601807
109 0.0278015
1196 0.119629
264 0.0980835
387 0.00558472
584 13.5323
831 -0.0238037
909 -0.0322876
605 0.020813
562 -0.490234
660 -0.137451
819 0.015686
406 -0.149048
932 0.159058
698 2.0661
726 0.476379
692 -0.0255127
638 -0.0384521
648 -7.11865
1072 0.0327148
405 0.0015564
242 56.5041
190 30.8187
611 -0.0623779
568 15.5553
663 -3.92712
358 0.0672607
651 5.73639
547 -0.00427246
566 15.5003
849 0.173401
766 -0.0180054
429 0.00198364
844 0.0935669
776 0.0601807
773 -0.0390625
466 -0.0196838
806 -0.019104
737 3.97314
805 0.00317383
470 -5.99832
692 -0.0184937
707 0.484131
419 -8.99307
23 0.0385284
892 0.0665894
759 0.21759
665 -6.54712
766 -0.0180054
838 0.115356
566 0.496582
637 -0.25177
787 -0.0012207
595 0.298889
881 0.034668
606 -0.0802612
377 0.148224
648 -5.0625
767 0.0012207
23 -0.146591
554 0.0313721
944 0.0928955
105 12.9613
800 -0.0272217
899 0.0222778
886 0.0234375
543 -0.374573
41 -0.0545006
587 13.6475
897 -0.0149536
844 0.0169067
693 1.39307
405 0.0057373
480 0.977966
794 0.0413818
523 54.6135
1120 0.045166
376 92.9991
787 0.351135
1078 0.0803223
610 -0.071167
759 0.217468
709 2.91199
541 0.425415
865 0.076416
883 -0.0639648
824 0.0169678
1230 0.193115
291 -0.158264
323 0.0309143
731 0.0629883
747 0.10498
735 0.0761108
549 15.4986
755 0.0656128
660 4.8053
835 -0.147522
795 0.0577393
847 -0.0149536
522 63.8028
884 -0.0360107
403 0.0795288
793 0.0272827
825 0.0237427
787 0.0748901
330 -0.0032959
534 -0.168335
672 -3.88184
851 -0.0238037
895 0.132141
807 0.132141
634 -0.0175781
41 -0.101288
472 -0.450684
729 0.564331
185 60.6076
553 -0.164795
727 0.489929
827 0.0320435
650 -5.61639
898 0.0196533
820 0.0130005
511 0.828217
698 2.02008
298 0.176941
544 14.1854
562 -0.460327
289 61.7638
777 0.0528564
894 0.0687866
904 0.148071
21 -0.0293541
523 21.6055
530 0.0449829
524 66.6945
345 48.8058
529 0.0682373
706 0.0506592
403 0.0794983
316 76.8876
840 0.109863
751 -0.0103149
602 -0.078064
523 -0.1521
407 -0.191681
773 0.10498
234 8.297
741 1.41669
741 0.0258789
553 -0.174255
330 -0.00305176
588 0.503174
378 94.6808
739 0.208252
500 -0.0241394
427 -0.013916
606 -0.057251
217 0.0829163
365 0.0406494
791 0.332764
788 0.0668335
890 0.00634766
307 91.1768
292 -0.117706
960 0.0569458
832 0.0544434
105 0.110573
672 -4.03809
317 77.5093
708 0.0335693
672 -3.80853
672 -3.87134
903 0.0476074
1127 -0.0268555
663 -4.00751
312 0.0221558
646 -0.19696
297 -0.019165
897 -0.0149536
720 0.0558472
884 -0.0229492
801 0.0615845
631 -0.0737915
200 46.0065
838 0.0952148
140 0.00250244
405 -0.140991
459 -6.33127
934 0.0693359
903 0.115662
761 0.150696
853 0.0803223
847 0.0621948
1099 -0.0144043
292 -0.0518494
820 0.201599
893 0.0598755
854 0.161011
617 0.108948
523 -0.154358
852 0.0161743
313 0.0105286
248 0.0225983
739 0.1745
648 -7.03741
420 -9.42081
881 0.0340576
765 0.230408
674 -0.0217896
656 -5.78375
766 -0.0180054
356 80.3568
822 0.0420532
1127 -0.0272217
790 0.15741
649 -3.28986
707 0.0385742
758 -0.0817871
827 0.03125
1127 -0.0272217
222 73.0309
812 0.173096
716 2.5957
854 0.158569
777 -0.0140381
527 21.2261
765 -0.0581665
166 -33.9263
285 -0.0239258
656 0.0745239
640 -5.02222
641 0.0203857
867 -0.0490112
850 0.0157471
1202 -0.092041
637 -0.0391846
592 0.0428467
1122 0.110474
640 -4.37933
839 0.104614
641 0.03302
643 -9.07312
75 0.00828552
865 0.0426636
500 -0.542816
731 0.083374
717 0.417908
334 0.0371704
772 0.118286
616 0.0585327
1005 0.0567017
796 0.0112915
783 0.278198
419 0.0206909
293 -34.0489
687 0.149536
306 115.428
72 0.0775986
516 0.107239
399 56.2879
729 0.067627
86 -44.9139
399 56.2823
738 0.122681
1033 0.0551758
594 0.0449829
750 0.0691528
943 0.137512
267 0.0196533
818 0.120911
656 0.0646362
886 0.0230713
770 -0.0183716
791 -0.0108032
875 -0.0109863
745 -0.0397949
809 -0.0396729
593 0.226074
787 0.349976
740 -0.0385742
237 0.0487976
770 -0.0183716
303 82.2542
808 0.233459
781 0.341553
747 2.81586
866 -0.0124512
180 -0.0227966
779 0.0574341
682 -2.41132
792 -0.00189209
1037 0.135132
478 0.0180359
827 0.176086
311 0.00961304
229 41.744
222 50.7125
609 0.0183716
921 0.0177612
441 0.206299
843 0.098938
523 54.5931
837 0.0254517
748 -0.0744629
831 -0.0291138
667 -3.95239
455 -3.05664
720 0.627441
753 0.289795
687 0.144531
327 0.0198975
336 94.1116
642 -0.0476685
647 -7.7525
932 0.0713501
356 80.6199
388 76.5336
462 23.5224
330 0.0188293
659 -4.98419
848 0.0991211
432 0.00878906
747 0.190369
879 0.0606079
676 -2.83466
465 -0.0218201
605 -0.0575562
641 -4.4541
810 0.110413
204 -4.42122
83 0.124344
551 -0.350464
937 0.0704346
710 2.47101
785 -0.00341797
909 -0.0325317
470 -0.0480042
875 0.0447998
572 -2.36517
210 62.0012
791 0.0297852
832 0.0362549
698 -0.0331421
439 -0.0424194
517 0.0556641
356 80.6282
793 0.14679
78 0.0760574
742 3.24292
756 -0.034668
343 0.0356445
717 2.7569
331 79.9086
206 39.6736
513 0.050415
576 -0.814148
28 -0.0298786
714 0.342102
337 0.0574646
758 0.113708
524 -0.26062
798 0.00494385
322 0.0385132
869 0.0613403
234 38.6954
863 0.113647
897 -0.0213013
731 0.0741577
880 0.00982666
839 0.135437
692 -0.0186768
656 0.074707
736 0.495483
707 0.486084
724 3.67584
611 -0.0438843
535 20.2073
301 114.405
777 0.0146484
303 -36.874
692 -0.0198975
80 0.0530701
774 -0.0045166
748 0.0894165
327 0.0426941
647 -7.75854
5 0.177232
1042 0.12915
799 0.13031
866 -0.0455322
687 0.134338
375 -0.00195312
842 0.0856323
461 -0.0117188
398 -0.00512695
318 0.0346375
395 0.0722351
651 -3.6485
549 -0.0665283
710 0.171021
597 -3.56677
925 0.0578003
358 0.0564575
524 0.0689087
342 0.0218506
610 -0.0623779
541 0.581238
494 -0.215759
723 4.21503
640 -0.0432129
936 0.0561523
8 0.131072
658 -4.98224
835 -0.147461
722 0.746765
700 -0.055542
854 0.158508
801 0.108276
771 0.0157471
720 3.09906
80 104.18
516 0.107117
639 -5.91046
228 0.0123749
362 0.0107422
734 0.0613403
651 -6.75702
405 -0.1409
708 2.89246
440 -8.95602
771 0.0761108
557 17.1246
673 -3.91467
247 0.00645447
499 -0.0726318
326 0.0111389
989 0.213806
606 0.186035
466 -4.48215
709 0.158081
633 -0.10199
411 -10.1226
666 -0.167175
751 0.111816
747 2.83942
799 0.262451
827 0.0476074
820 -0.00836182
550 18.7928
611 0.0253296
707 2.53802
647 0.026123
689 0.246826
717 0.0524292
511 0.821075
765 -0.0516968
572 13.8205
297 -0.234467
826 0.0246582
42 -0.0181999
522 0.473022
839 0.137512
710 0.145508
647 5.6507
822 0.129883
771 0.060791
309 -0.0693054
505 -0.0295105
401 -0.00656128
828 0.00506592
552 -0.298523
507 0.00424194
773 0.0108643
814 0.00561523
811 -0.0137329
231 33.6784
513 -0.0267334
664 -0.494446
717 0.259155
766 0.0388794
62 0.0948524
739 2.55798
852 0.017334
825 0.0338745
879 0.0605469
456 -0.289062
284 88.337
772 0.0197754
611 -0.0440063
606 -0.057312
445 0.0127258
714 0.368469
639 -4.30267
729 4.66516
661 -5.34131
1100 -0.0135498
502 0.0365601
897 0.117798
547 0.181396
645 -7.71185
804 0.272522
775 0.119019
541 0.422424
965 0.034668
746 -0.0229492
963 0.0478516
432 0.0630188
687 -0.955566
762 0.125488
810 0.109009
296 86.074
177 -0.0556335
845 0.0482178
714 0.340698
785 -0.026123
638 0.0256348
640 -4.72211
867 0.0773315
39 -0.0674133
805 0.00805664
826 -0.0228882
824 -0.0371094
862 -0.0897827
332 77.5189
791 0.000732422
326 0.0217896
441 0.224426
687 0.149048
641 -0.0193481
773 0.0583496
502 -0.0656433
850 0.015564
693 0.667725
827 0.180481
204 89.4287
843 0.0939941
871 0.160889
745 0.124329
314 0.0310974
550 -0.024292
510 -0.107819
567 0.067688
468 23.3255
681 -1.99042
792 0.0601196
714 0.226135
567 0.502808
820 0.162598
708 3.66809
27 0.0367241
549 18.791
602 0.320007
313 0.0121765
58 0.0757065
73 0.0816345
709 0.369324
808 0.105347
631 0.00646973
787 0.349976
509 -0.164368
815 0.267273
591 -1.75995
757 -0.17926
786 -0.0765381
660 -4.8822
566 -0.332886
639 0.00292969
235 48.1619
277 0.0316162
629 -4.59943
573 0.0200195
728 4.60181
756 0.282959
802 0.115601
647 -7.7663
708 0.0400391
491 0.0715637
833 0.110168
804 -0.0423584
746 -0.0228882
894 0.0690918
322 77.6802
358 -0.0258484
975 0.165161
807 0.0344238
567 0.034729
570 15.3248
672 -3.7995
567 0.506714
640 0.0360107
890 0.14856
547 0.181335
684 -2.15765
601 -0.0186768
165 52.6007
732 3.80261
862 -0.0869141
742 0.175049
606 -0.0546875
254 -0.00344849
387 0.00592041
589 13.5823
742 0.00506592
645 -5.21704
653 -6.27838
228 0.0118713
455 -0.299103
649 -6.65228
573 0.0198364
608 -0.133484
8 0.13113
1119 0.360962
483 0.254028
262 54.2191
811 0.214478
748 -0.0812378
882 -0.0182495
490 -0.787048
822 -0.0528564
335 82.5275
923 0.0394287
510 -0.107239
699 1.84967
744 0.270142
560 0.264404
649 -5.58838
746 -0.0228271
688 0.105835
21 0.0274277
940 0.106628
781 0.23584
413 0.204926
672 -3.82751
446 0.0170288
854 0.157104
726 0.529297
176 0.0280914
527 21.7818
524 -0.135376
1127 -0.0270996
715 0.338806
485 -0.0815735
188 45.7853
483 0.0926208
870 -0.106995
574 0.0303955
359 33.5583
755 -0.0220337
824 0.0601196
1059 0.0992432
483 0.0899048
638 0.132263
909 -0.0324097
651 -8.64331
750 0.0739136
894 0.0688477
505 -0.019928
863 0.120544
595 0.235901
639 -0.0401611
247 11.7383
756 0.210388
444 0.195587
562 -0.491211
195 88.5759
521 0.0519409
598 0.0820923
843 0.0661621
523 -0.151855
652 -0.336121
645 -0.747498
753 0.282776
206 -6.3864
1042 0.13147
470 -0.0246277
251 -0.0274811
313 0.010498
329 0.0252991
801 0.142151
792 0.0482178
316 0.0186462
832 0.00732422
772 0.0665283
613 -0.0506592
872 0.246216
738 0.0422974
526 -4.25415
475 -0.0777588
844 0.0483398
881 0.03302
622 -4.74384
782 0.255554
727 0.642944
903 0.0758667
383 99.001
289 38.5122
715 0.362671
72 0.099411
555 17.1492
257 0.00115967
622 0.117065
643 0.0543823
787 0.350647
207 -0.0218658
564 -0.292664
1127 -0.0268555
207 0.00582886
647 -8.40814
133 0.0486755
506 -0.0153198
341 109.104
645 -5.06628
780 0.257385
381 98.5985
1033 0.0554199
755 -0.109314
48 -0.00370789
1005 0.0568237
549 18.6059
274 64.1149
647 -7.76587
912 0.189087
610 -3.52936
629 0.00946045
586 0.00378418
93 0.0763245
848 -0.00805664
619 -0.0152588
155 0.00485229
685 -1.10419
637 0.143005
544 19.2962
735 0.0823364
588 0.495422
909 0.0600586
921 0.0178833
827 0.031189
817 0.266663
523 21.6055
149 -0.0695343
747 3.39252
720 0.0558472
545 -0.0696411
502 -0.0683594
502 0.107269
393 -0.0772705
811 0.123962
783 0.0505981
355 64.4885
750 0.0839233
8 0.194439
765 0.188599
771 0.0446167
831 -0.0239258
505 -0.0301208
803 0.0957642
685 0.00488281
34 0.0556564
573 -0.747375
715 1.93585
541 -2.92603
777 0.150208
518 22.1044
815 0.178528
140 0.00271606
698 2.06366
119 -0.0750046
765 0.0106812
843 0.0341797
693 1.34595
787 0.352356
733 0.527344
877 0.06427
771 0.0559082
707 2.51978
119 -0.0776291
410 9.76385
190 30.821
302 -0.0402832
961 0.0727539
622 0.14624
757 0.0123901
567 0.0184326
825 0.0357666
403 0.0796204
588 0.843933
312 0.0222168
790 0.0377808
569 1.34235
880 0.0211792
923 0.0397339
761 0.0333252
438 -9.07697
558 14.2442
795 -0.00390625
779 0.212952
688 -1.22858
753 0.307129
523 -0.152954
378 88.6723
384 29.9225
206 8.92244
492 0.0641174
590 10.9048
304 -0.0782471
747 -0.00933838
725 0.19696
626 -5.14551
437 -3.04547
83 81.9105
225 74.9838
326 -0.00552368
289 108.621
587 0.102234
483 0.0808105
316 0.0429382
412 7.39023
542 0.425354
76 0.06987
483 0.0716553
355 64.4941
628 0.222351
730 0.104858
662 -7.20325
872 0.0258789
787 0.35144
238 0.00369263
513 22.1249
858 0.0597534
801 0.108826
788 0.071167
303 82.2474
624 7.53467
746 -0.0230103
866 0.0374756
620 -0.0183105
786 0.078125
739 3.61682
894 0.0718384
950 0.0274658
811 0.0755005
780 0.200562
174 -0.00415039
543 0.00415039
850 0.0158691
426 0.00479126
750 0.0684814
523 -0.157837
747 2.40497
640 -4.38269
289 61.7637
649 -5.22314
668 -0.0140381
886 0.0233154
320 0.0116577
815 0.181763
772 0.122559
711 0.202515
459 0.0106201
668 -2.83685
871 -0.0684814
23 0.0469799
632 -2.86725
515 0.0650024
795 0.0540161
443 -9.14352
197 55.042
772 0.159973
547 -4.97339
165 52.6256
323 79.8953
801 0.0057373
686 -1.68561
1109 -0.0128174
1186 0.197021
793 0.0593262
273 50.0931
485 -29.8344
641 -4.85864
863 0.22699
640 -4.16705
635 -0.0563965
645 -0.0356445
743 4.22626
486 21.8767
808 -0.0335083
615 0.0256958
307 91.5076
868 0.143066
1022 -0.106323
766 0.0202637
415 -0.120178
813 0.0913086
356 0.0294495
762 -0.0423584
611 -3.55377
288 -0.131897
229 41.7442
307 91.458
812 0.0948486
754 0.132629
663 -3.89648
621 0.0748901
850 0.015564
660 -4.75061
1172 0.129761
293 37.75
854 0.150757
321 0.0796204
45 0.0399742
750 0.0838013
663 -0.360352
840 0.112305
1127 -0.0269775
590 -0.0819092
618 -4.17108
831 0.0275269
466 -4.28314
820 -0.00823975
343 109.21
573 0.0200806
576 0.0212402
307 0.00323486
915 0.18335
542 0.013855
620 -5.44202
459 -6.39981
778 0.079834
455 -3.05945
736 2.4978
870 0.178101
1033 0.0562744
605 0.204834
760 0.143372
382 84.109
643 -0.403198
688 0.112
867 0.0983276
524 -0.136047
698 1.96014
770 -0.0184937
544 19.2927
843 0.0440674
775 0.105774
503 -0.288239
687 -0.592529
735 4.33588
587 0.101501
500 0.00161743
266 0.0274353
466 -4.48306
1009 -0.207642
615 0.0256348
724 0.0545044
770 0.0172729
413 -9.7037
371 0.0252991
326 71.2214
770 0.123474
615 -0.00311279
708 0.0200195
1232 0.0393066
187 0.149963
544 19.2629
892 0.0668945
811 -0.0311279
932 0.0874023
867 0.0771484
606 -0.0571289
713 1.76825
541 19.4672
328 70.6912
773 0.046936
672 -4.07153
709 0.0330811
787 0.355408
765 0.0117188
602 0.343262
522 63.9389
763 -0.0368042
772 -0.0336304
771 0.0527954
763 -0.0155029
207 -0.0225372
832 0.0504761
602 0.348755
765 0.010498
744 2.91241
877 0.0128174
413 -0.00222778
780 0.220093
737 0.228027
483 0.0744324
109 34.6535
541 0.583252
643 -0.00915527
621 0.0769653
587 13.6468
832 -0.0306396
778 0.0088501
893 0.0454102
321 -0.0176697
492 0.204285
964 0.17749
787 0.352844
336 74.5621
90 0.0831528
758 0.357727
456 -8.19873
42 0.00718307
672 -3.80084
825 0.0490112
528 21.6223
826 0.107422
920 0.0750122
906 0.170227
771 0.151611
776 0.100098
794 0.0109253
678 0.0947266
656 -5.28113
593 -0.0532227
490 -0.208282
882 0.071228
801 0.0615845
812 0.0663452
962 0.129456
1058 0.0823975
489 0.0558777
278 64.2205
1033 0.0543213
727 0.604736
717 2.30011
531 7.42877
879 0.0606079
743 4.15704
604 -0.0164185
610 -0.0202026
588 4.56329
413 -0.00805664
880 0.154541
529 0.0158081
715 0.324524
621 -0.0253296
457 -0.0223389
377 99.3039
849 0.17334
849 0.173218
1017 0.000732422
405 -0.141022
506 -0.0270081
567 0.0686646
237 0.0486603
746 3.26501
856 0.0765991
843 0.108215
854 0.151611
854 0.158325
43 -0.00476837
529 0.0792236
731 0.0343018
669 -4.66937
50 0.010067
744 0.221375
764 0.203369
722 0.0482788
544 19.1896
663 -3.91425
617 7.05029
956 0.0960083
793 0.226868
594 0.138428
801 0.0147705
599 -3.49084
894 0.0689697
483 0.0574341
570 0.11615
843 0.0986938
747 3.38251
647 -8.16119
656 -3.84247
899 0.0245972
327 0.0227356
605 -0.057312
1074 0.202881
803 0.17804
562 -0.466919
882 0.0255127
562 -0.457825
467 0.241486
606 -0.057251
622 -4.57458
547 0.182556
616 0.0637207
545 0.0333252
531 0.0448608
892 0.0671387
534 -0.108398
823 0.0491333
606 -0.133484
660 -0.0592651
759 -0.155884
299 0.00930786
776 6.10352e-05
624 -4.74988
386 83.3287
733 0.0744019
743 4.34534
607 0.239441
668 -0.164551
765 0.0117188
699 1.85022
336 74.4951
226 71.8084
832 0.108459
403 0.0844421
814 0.24054
739 0.264282
744 -0.00457764
737 0.127014
1176 -0.0881348
778 0.218933
113 52.986
278 0.131531
534 0.045105
884 0.0128174
727 0.604797
692 -0.0200195
286 -0.0127563
611 -0.0441284
727 0.604553
661 -0.587891
542 19.1885
904 0.0379639
516 -0.0316162
336 74.4951
587 0.0195312
566 -0.346436
660 -4.87531
688 0.0925293
811 -0.0335693
753 0.316162
730 0.551819
787 0.351746
611 -0.0418701
1037 0.135254
455 -3.09778
589 13.5822
592 13.6419
641 -4.95209
1051 0.147949
742 -0.0539551
897 -0.0147705
638 0.125549
187 97.5853
569 1.341
244 -0.0404358
740 0.209961
441 0.227142
528 -0.152283
610 -0.0512085
894 0.0690918
841 0.0244751
665 -0.0830078
920 0.0268555
561 -0.813171
649 -5.61951
399 0.204193
958 0.086731
1042 0.129272
877 0.0789795
532 0.0998535
864 -0.0385742
20 -0.0282536
415 -0.125305
307 115.953
355 64.4883
771 0.0599365
566 -0.347046
528 -0.0916748
592 -2.15887
771 0.0811768
573 0.887695
770 -0.0184937
645 -0.0421143
135 0.144958
923 0.0393677
483 0.0987244
775 0.0294189
642 -4.60217
573 0.0198975
837 0.0633545
546 -0.0106201
541 0.426208
296 61.3539
237 7.42476
547 0.182495
228 0.0106964
616 0.623291
151 0.0286865
870 -0.0396729
591 -0.0159912
645 0.055481
770 -0.0183105
843 0.0969849
567 0.0695801
638 0.131592
859 0.0567627
172 -1.10248
567 0.506531
60 0.0647087
567 0.498901
401 -0.24472
601 0.272705
769 0.0338135
523 -0.151489
728 4.60742
882 -0.026123
755 0.436951
594 -0.0603027
645 -7.5434
358 93.9609
647 -0.294189
210 0.00871277
811 -0.0321655
588 0.0526733
880 0.0350342
298 79.7806
732 0.0268555
477 -0.0791931
26 0.0237713
727 0.604492
539 -0.0231934
607 0.303406
601 0.329407
865 0.0415039
981 0.0411377
960 0.0407715
1018 -0.120911
627 0.308472
455 -3.05939
827 0.0339966
720 0.0879517
282 0.0741577
657 -0.32373
813 0.0697632
672 -3.87683
746 -0.0228271
355 -0.0176392
190 75.949
621 0.0745239
593 -0.0198364
593 -3.24255
785 0.0783691
656 -5.21954
444 0.239166
355 81.5236
574 1.7627
845 0.112122
580 0.769348
238 44.1295
32 0.0181961
825 0.0377808
455 -3.04874
878 -0.00897217
673 -3.54059
772 -0.00738525
547 -2.65369
781 0.207886
303 82.2481
591 -2.67767
545 -0.017395
854 0.157471
55 0.0367508
366 0.0285645
755 0.382446
481 0.0693054
1025 -0.0203857
440 -9.0932
323 66.8615
566 -0.346313
516 0.108337
854 0.157288
560 -0.0010376
400 0.0311279
592 -2.19952
596 -0.015564
23 0.0386715
740 0.38385
659 -0.0292969
322 77.6746
143 -0.0189056
657 -4.95526
1115 0.402344
711 0.0231934
667 -2.9007
640 -4.96509
549 -0.0198975
725 0.715881
455 -0.0305786
1005 0.0576782
510 -0.106964
575 -2.47089
729 0.0478516
729 4.66663
720 2.57587
592 13.6415
593 0.233032
471 -0.190521
187 0.150116
964 0.0248413
572 0.132385
693 0.209167
734 0.407288
547 -4.97632
295 82.8566
865 0.0866089
698 2.06116
728 4.60559
806 0.118469
80 105.111
772 0.223938
639 -4.0611
1042 0.129883
346 0.03125
562 -0.461548
268 0.0456238
587 0.0559082
380 99.4823
541 0.430847
638 0.131531
801 0.109009
784 0.0974121
767 -0.0965576
627 -0.0410156
605 0.329956
181 0.0657349
903 0.0755005
850 0.0827637
621 0.0742798
289 -0.192688
801 0.0630493
335 0.0387878
584 -2.86041
374 90.722
386 -0.105774
770 -0.0184937
892 0.0668945
376 100.149
735 0.242004
608 0.161682
989 0.215942
303 82.246
633 0.279297
525 21.986
767 -0.027771
835 -0.147461
529 0.0373535
194 60.7731
1009 -0.207886
894 0.0717773
721 0.0128174
801 0.157288
183 0.0246735
723 4.0694
633 -5.99524
746 1.3772
789 -0.0254517
640 -4.71082
483 0.256409
945 0.221069
911 0.0708008
521 -0.024292
528 -0.121521
455 -3.04898
813 0.0762939
877 0.0646973
619 0.00384521
770 -0.0183716
356 80.3769
719 0.0588989
837 0.0749512
713 0.315186
747 0.138367
302 120.946
219 3.54628
483 0.0743408
747 3.0946
79 0.126022
477 -0.0791321
793 0.269958
709 0.0606689
505 -0.0291748
758 0.249329
1002 -0.0516357
480 23.2908
254 -0.0190887
567 0.497803
56 0.0276947
315 76.9709
420 -0.287231
777 0.149353
672 -3.8277
843 0.00305176
729 0.0717773
33 -0.0540924
299 -0.0505371
313 0.0105896
932 0.169861
733 0.267212
852 0.0161743
503 -0.0908203
639 -5.62622
240 -0.0552979
643 0.0169678
344 82.7758
728 4.60321
760 0.277283
224 80.837
1077 -0.00280762
23 0.038908
772 -0.0444946
846 0.026062
786 0.0133057
786 0.121765
639 -4.3147
822 0.0115356
687 0.147461
1087 -0.0742188
1033 0.0543213
386 0.141541
727 0.0515747
639 -4.31183
960 0.0407715
400 0.259796
488 -0.433105
187 0.149582
871 0.0735474
835 0.0293579
86 0.018837
831 -0.0239258
63 -0.00953674
658 -5.09259
733 0.400085
839 0.135376
534 -0.0509033
756 -0.0875244
597 -0.085083
615 0.0759277
611 0.0269775
916 0.0804443
1102 0.0628662
761 0.169739
593 -0.0980835
760 0.296082
663 -0.668701
398 0.212555
1019 -0.165039
637 -3.80658
936 0.055481
640 -4.14032
493 -0.189026
960 0.0578613
638 0.128174
1007 -0.0510254
833 0.110535
677 -2.8056
1164 -0.0495605
545 -0.0192871
457 -2.65823
778 0.223572
762 -0.0839844
602 0.340088
673 -0.120483
850 0.0157471
566 0.63269
867 0.224915
181 0.0600891
738 0.42865
745 3.23297
667 -0.184692
560 0.257507
630 0.178894
788 0.353516
633 -0.0804443
165 52.5756
936 0.0558472
794 -0.0185547
801 0.108826
592 -3.04187
794 0.0490723
572 -2.36584
791 0.151917
485 -29.8331
609 0.0154419
312 0.0216675
573 14.4987
540 -0.0716553
707 0.043457
621 0.477539
749 0.103943
892 0.0668945
225 72.1797
1164 -0.0495605
67 0.0819092
405 -0.140717
605 -0.0159302
710 3.72223
777 0.124756
665 -5.39673
239 -0.0461884
813 0.0620728
522 63.8302
533 19.8702
695 3.57483
155 49.3694
640 -4.14941
746 3.11066
753 0.0390015
560 0.260498
738 3.61438
725 1.86591
355 64.4926
715 0.29071
886 0.0234985
525 0.00823975
621 0.078064
610 -0.0914917
989 0.213379
818 0.0228271
688 0.0970459
903 0.163391
481 4.54898
777 0.0532837
728 4.6059
710 2.49591
745 0.156433
305 80.9622
785 0.0767212
575 1.4917
1011 0.0335693
400 -0.01474
894 0.0690918
672 -4.09192
839 0.0157471
873 0.0213013
866 0.0334473
279 0.10199
744 0.390625
413 0.204102
876 -0.0203857
752 0.122314
607 -0.137756
727 0.588074
329 79.5825
618 0.0910645
399 56.2869
707 3.87347
1026 -0.103027
649 -5.591
759 0.217468
687 0.14856
592 -2.19318
644 0.0311279
536 -0.13501
639 -5.99084
705 0.0628662
307 91.6276
716 2.59552
541 0.430603
418 -0.318909
798 0.157471
741 0.354797
658 -0.0148315
830 0.0162354
875 -0.00219727
514 -0.174438
642 -7.25189
852 0.101257
406 0.0715027
500 -0.106964
671 -1.99084
835 0.0645142
745 3.75891
660 -4.96423
1164 -0.0495605
741 2.16357
778 0.0493164
908 0.0787354
639 -4.31378
252 0.0406952
584 0.0118408
499 0.0561523
611 -3.47974
923 0.0396729
801 0.108582
547 0.183105
780 0.0125122
405 -0.140717
660 -4.77264
794 0.0587158
789 0.0890503
746 -0.0227661
631 -1.38763
550 14.9764
224 0.088089
769 -0.053833
660 -4.60065
165 52.6539
922 0.287415
690 0.13623
584 0.262573
610 0.147461
1071 0.161133
90 -52.5623
621 0.0755005
921 0.0195923
575 14.5826
424 0.0875549
8 0.131072
153 0.149826
714 0.237854
879 0.0404053
515 0.0584717
725 1.87695
293 51.0379
602 0.344971
801 0.0629883
713 0.251709
567 0.0629883
741 3.6076
407 6.46991
828 0.0562134
687 0.148621
841 0.0917358
591 0.0288696
853 0.0249023
897 -0.0151978
627 0.0168457
558 0.573608
1127 -0.0268555
816 0.0478516
770 -0.0184326
500 -0.00317383
556 0.866028
760 -0.14325
18 -0.04216
607 9.60522
744 4.18738
817 0.265442
413 0.206085
585 -3.8678
373 44.117
848 0.171936
601 0.318298
363 0.0654297
746 -0.0228882
46 0.0837135
833 0.0926514
759 0.192078
742 0.344666
183 0.0126953
484 9.31998
805 0.240601
725 1.86829
340 0.0239563
381 15.4617
785 0.0253296
668 -2.83527
667 -2.82928
837 -0.071167
1009 -0.207336
541 0.575745
723 0.862854
711 0.204956
953 0.338318
674 0.00689697
954 0.144409
1127 -0.0268555
308 117.492
21 0.0672874
522 61.0259
504 -0.085144
854 0.142578
747 0.162354
210 -2.33273
459 -6.3923
894 0.0690308
684 -1.37128
134 -2.05286
830 0.0844116
801 0.0634155
554 -0.156982
611 -0.00506592
523 54.5913
282 53.476
485 -29.8374
522 -0.18396
1013 -0.0645142
312 0.0220337
862 0.09198
611 -3.40588
560 0.398865
950 0.03302
901 0.101868
1025 -0.110474
660 -4.57202
937 0.0893555
758 0.116821
536 19.7567
765 0.0101929
314 0.0661316
559 16.4456
565 15.5942
557 -0.30957
722 0.680969
840 -0.0235596
542 0.398193
668 -2.83508
913 0.273376
890 0.0821533
42 -0.0182648
898 0.0205078
192 72.5374
665 -0.0224609
560 0.0738525
506 -0.0132446
55 0.0367622
771 -0.00616455
433 -0.407227
194 39.3719
785 0.00671387
589 0.176331
566 -0.341675
1200 0.0390625
241 0.0300598
506 -0.0124207
306 0.00265503
537 0.102905
750 0.262878
840 0.0632324
169 19.742
741 0.0193481
877 0.0844727
327 78.4411
672 -3.80164
767 0.328796
719 0.0462646
602 0.344849
118 -0.0423431
329 0.00985718
314 0.0229492
552 -0.374756
723 0.102356
214 0.0540466
771 0.0598145
594 0.0446777
23 0.0388069
715 0.198486
525 21.6455
638 0.0696411
7 0.133174
1218 0.495117
536 21.1306
853 0.0252686
1179 0.0200195
716 0.291443
734 0.0806274
745 0.304138
539 -3.71021
877 0.0638428
857 0.0523071
703 3.25659
802 0.0761719
627 0.0169067
80 0.0447922
921 -0.0186768
817 0.266174
936 0.0560303
483 0.0814819
526 0.0634766
533 -0.136536
688 0.0931396
851 -0.024292
894 0.0557251
700 -0.0462646
280 64.2035
813 0.081543
845 -0.0379028
557 -0.305115
733 2.50122
638 0.131714
346 0.0150452
593 -2.55231
373 -0.285828
688 0.115173
732 0.02771
778 0.064209
541 0.42572
593 0.161926
771 0.0771484
202 43.7558
766 0.02948
943 0.076355
688 0.0917358
541 -2.92017
358 56.9485
638 0.143738
532 -0.0283203
723 0.297241
1037 -0.0743408
746 3.79126
541 0.425171
620 0.135864
638 -5.01306
425 -0.311371
675 -3.8186
776 0.199707
314 0.0450134
588 0.266785
961 0.149902
292 101.502
202 -1.69659
406 0.0714722
828 0.0290527
505 -0.345245
528 -0.110779
635 0.226807
841 0.114807
622 0.146057
459 -6.41534
547 0.181641
382 34.4354
377 0.0407104
782 0.171936
695 0.216492
485 0.311371
644 -8.6601
658 -5.11139
394 -0.193542
906 0.069519
747 0.113403
108 64.9441
510 -0.137177
714 0.364197
745 0.289734
268 -0.143921
765 0.0119629
779 0.294495
727 0.602783
1042 0.129517
525 0.0377197
43 -54.2748
579 0.078186
592 13.6419
745 0.052124
892 0.107605
606 -0.057251
729 4.66864
660 -4.60205
741 0.0263672
840 0.110535
694 1.38696
801 0.109375
684 -1.17059
480 23.2865
358 0.055481
688 0.250916
1060 0.111084
490 24.0618
782 0.124329
484 -0.163025
1034 -0.0065918
795 0.0302734
783 0.0838013
779 0.0318604
545 -1.08173
750 0.309265
937 0.129822
606 -0.057251
643 0.00128174
483 24.0189
760 -0.0408936
768 0.275146
894 0.0547485
303 0.0216675
506 0.0597839
729 4.66656
975 0.162048
611 -3.51599
352 12.7034
642 -0.286865
527 -0.216492
584 1.97449
505 -0.0101929
317 -0.161499
692 -0.0198975
35 0.0245132
826 0.162048
538 0.0562744
507 -0.139435
875 0.0537109
547 0.180359
649 -0.0252075
583 0.0631104
797 0.202026
531 0.0541382
97 0.011795
491 -0.217163
252 60.8325
564 16.887
858 0.106812
810 0.171936
562 -0.501709
851 -0.024292
368 0.106445
775 0.162292
289 99.2914
1008 0.0652466
710 0.159424
882 0.193481
472 -0.4505
545 0.06073
312 0.0220337
771 0.0756836
848 0.0817261
355 80.804
820 0.0213623
541 0.421082
631 -5.34167
823 0.00482178
553 -0.0693359
902 0.141296
685 -1.04279
877 0.0645752
455 -3.10449
875 0.108826
730 0.0450439
492 -0.16745
640 0.0300293
42 -0.018219
746 0.242188
765 0.0117188
568 16.3903
16 -0.0165367
752 0.213318
833 -0.0291138
566 0.633972
266 0.0072937
814 0.00152588
275 0.0871582
604 0.225098
661 -0.133179
748 0.21991
1002 -0.0505371
167 22.1709
896 0.0278931
645 -0.414978
704 0.11676
1199 0.0465088
606 -0.133728
296 -0.00375366
90 -117.198
838 -0.0369263
224 0.0883636
596 -0.0692749
290 100.327
717 0.210999
727 0.604431
540 -0.304871
583 0.233948
676 -2.93964
355 64.487
477 -0.0796204
698 2.06537
777 0.262024
488 0.0652466
567 0.504089
780 0.200256
1164 -0.0495605
392 0.0628357
656 -5.08142
879 0.0606079
712 0.0565796
14 0.0177412
659 0.00189209
373 45.5036
1140 0.0275879
729 4.66571
366 0.0584717
622 -4.65216
237 0.0485535
455 -3.04834
524 -0.138916
817 0.072998
708 0.0426636
787 0.350647
1042 0.128296
311 0.0189209
462 23.4988
507 -0.116211
709 3.64984
541 0.425537
667 -2.9043
166 -33.9352
567 0.505859
639 -4.09412
509 -0.0706177
565 15.8107
432 -0.388641
750 0.241577
893 0.0119019
674 -2.39667
529 0.0841064
641 -0.0148926
766 0.240356
602 0.345398
337 74.4185
779 0.202881
445 24.2552
707 0.485901
536 0.0971069
743 0.229614
249 58.5915
801 0.109192
69 0.0782089
560 3.12048
621 -4.45099
519 -3.35449
759 0.214111
3 0.194933
248 -0.0500031
766 0.237
845 0.15094
75 0.00802612
781 0.0330811
630 0.215698
307 91.4624
955 0.259338
32 -56.1334
827 0.0597534
879 0.0944214
640 -0.0166626
571 14.0067
745 0.0623169
848 0.151367
550 -0.0574341
499 -0.096344
475 0.0404358
605 -0.0570068
640 -4.84521
684 -1.26929
639 -0.057251
531 17.475
771 0.151123
718 2.95685
682 0.0065918
1136 -0.150146
771 0.0733032
663 -3.9884
711 0.175232
685 -1.10651
631 -5.78009
514 -3.31549
338 0.0264282
118 0.0609207
547 0.183105
740 0.177551
918 0.0939941
288 -0.00790405
333 79.4872
649 -5.90924
654 -5.22668
811 -0.0310059
725 1.86938
369 19.0701
601 0.323059
52 0.0718231
814 0.0057373
573 14.3538
400 -0.267609
781 0.0330811
630 -4.64606
450 -0.0608521
940 0.0445557
297 0.0936279
963 0.139038
525 -0.0180664
633 -0.265625
1033 0.0611572
535 0.119019
672 -3.82013
970 -0.0639038
727 2.53302
906 0.048584
195 88.569
601 0.0762329
688 0.0939331
740 0.0529785
538 8.6806
738 0.0515747
729 4.66553
843 -0.0443115
413 0.206055
804 0.204956
421 -0.0134888
756 0.0293579
801 0.0629272
688 0.111572
697 0.172729
493 0.0258484
358 0.0550537
667 -2.89935
177 -0.0386047
794 0.0612183
761 0.0969849
827 0.0288696
384 -0.101257
505 -0.0208435
610 -3.52722
832 0.0198975
800 0.0980225
611 -0.0651855
358 56.7171
964 0.178467
655 -5.51324
633 -3.54681
826 -0.0350342
525 0.0703735
892 0.0666504
1008 0.0635986
774 -0.0351562
786 0.0617065
284 0.0456543
961 0.14917
346 0.0559387
187 0.149887
459 -6.3923
705 0.0639038
857 0.0522461
431 -0.269012
674 -0.234497
643 -1.43317
183 0.0245209
647 -5.91077
742 0.0020752
237 0.0489197
390 59.0064
585 0.0463867
802 0.281433
618 0.639343
503 23.3418
753 -0.0512695
168 -0.0067749
594 -3.40253
28 0.0344753
455 -0.306946
772 -0.0343628
601 0.331116
716 0.278625
675 0.125
547 -4.96552
771 0.0983276
524 -0.230469
1037 0.13562
616 0.7453
366 0.0346069
710 0.164307
909 0.0427856
76 0.118355
483 0.0852356
534 -0.057251
648 0.00946045
978 0.0259399
1025 -0.0395508
1044 -0.0546875
770 -0.0184937
296 0.00570679
1113 0.292847
763 0.0393066
1030 0.0808105
532 0.0723877
303 0.0220642
328 0.00869751
510 -0.107056
866 0.0387573
545 -0.0134888
714 0.310669
559 0.578552
