747 10.3687
455 -2.54568
186 -16.9253
420 -7.75015
566 -0.300903
449 -0.812042
300 -34.7447
640 1.2135
357 6.71466
697 5.01733
599 0.0045166
364 6.10107
186 -16.9256
697 5.01495
747 10.3715
689 4.94128
469 -1.40784
173 -18.32
705 5.19275
297 -34.9002
629 1.74249
296 -35.8021
186 -16.8901
742 8.74969
260 -42.0649
599 0.0400391
306 -33.7939
745 9.8233
753 8.0462
677 2.5083
554 1.01282
573 -0.27063
629 1.74011
256 -41.5803
170 -14.6511
677 2.50732
319 -29.3784
257 -42.0869
624 1.65411
754 9.53052
689 4.94049
573 -0.271179
743 8.46613
455 -2.54553
290 -36.7906
691 4.94257
536 -0.53363
73 2.72829
420 -7.75067
705 5.19318
709 5.54559
697 5.01807
705 5.19263
640 1.21448
302 -7.03
420 -7.75015
469 -1.40775
455 -2.54547
455 -2.54572
409 -2.00943
303 -33.3544
186 -16.8929
747 10.3719
403 -10.0318
721 5.6969
469 -1.40805
698 5.01294
319 -29.111
629 1.74762
672 1.45251
558 -0.399841
672 1.45233
587 1.2077
624 1.65552
729 6.06177
709 5.52649
300 -34.7449
729 6.06146
99 -22.9589
598 1.32629
677 2.50757
648 1.93219
672 1.45245
521 -0.314331
742 8.72662
448 4.1178
746 10.3926
743 8.4682
405 -9.93607
744 9.13275
432 4.97629
387 -10.9825
259 -41.8465
536 -0.53479
743 8.46765
709 5.52722
573 -0.271423
290 -36.5784
295 -35.051
629 1.74786
455 -2.54541
500 -1.10773
374 5.3461
219 -10.6401
302 -7.02988
754 9.5304
690 4.94904
729 8.729
432 4.97641
747 10.3715
689 4.94135
409 -2.01065
599 0.0145264
747 10.3726
640 1.2146
259 -41.4464
170 -14.6512
709 5.54578
672 1.45178
629 1.74756
420 5.22055
709 5.54553
743 8.46753
329 -4.90222
432 4.97638
709 5.54565
689 4.94049
743 9.88098
441 4.47357
705 5.1933
278 -7.87451
301 -35.691
326 -28.0263
753 8.04572
406 -1.53702
329 -4.90085
406 -1.42581
291 -36.3336
435 4.67743
387 -10.9819
640 1.21466
677 2.50763
25 -36.5298
743 8.46753
743 8.46857
409 -2.0101
464 -0.499146
743 8.46881
255 -7.19238
675 15.2211
709 5.52734
36 -31.4039
467 -2.27231
433 4.82416
409 -2.00891
386 -11.319
753 8.04456
742 8.7359
705 5.19287
648 6.35516
454 3.67496
99 -22.9591
743 8.46613
293 -35.5923
291 -36.1693
432 4.97641
387 -10.9732
454 3.67581
219 -10.6192
629 1.74744
719 5.67371
408 -1.53601
152 2.55254
671 11.9645
432 4.9765
662 2.3443
641 1.22314
677 2.50787
689 4.94122
645 1.91077
364 6.44272
640 1.21478
329 -4.90103
584 1.13446
278 -7.87439
208 -46.3377
170 -14.6522
747 10.3694
302 -7.03003
320 -29.0714
448 4.11777
289 -7.45157
640 1.21454
320 -29.106
464 -0.498993
743 8.46875
476 -0.252075
742 8.72131
406 -1.42645
572 -0.200562
409 -2.01108
454 3.6748
448 4.11774
319 -29.1109
554 1.01349
432 4.9765
255 -7.19856
431 -7.82581
464 -0.50177
636 1.77295
429 -7.7933
84 -25.2286
689 4.94043
302 -7.02991
40 -29.4228
409 -9.43033
329 -4.90225
412 -8.6843
320 -29.0711
219 -10.6508
664 2.35364
291 -7.33676
691 2.75677
573 -0.27063
743 8.46649
93 -24.3271
433 4.8259
364 -3.70193
219 -10.6445
99 -22.959
433 4.82376
420 -7.75021
423 -7.79343
743 8.46893
319 -29.38
672 1.45221
449 -0.811493
406 -1.42651
420 -7.75031
329 -4.90115
709 5.52734
170 -14.6514
573 -0.270386
395 -1.56116
416 -8.24033
629 1.74811
534 0.932312
58 -29.1677
414 -8.25217
170 -14.6512
387 -10.9814
36 -31.4038
448 4.11743
742 8.73163
387 -10.9735
186 -16.8953
516 0.937439
410 -9.41736
321 -6.11032
454 3.67551
598 1.32623
93 -24.2772
139 -89.2326
599 0.0348511
677 2.50787
409 -9.43048
40 -29.4231
742 8.75598
449 4.11569
56 -28.3956
455 3.68973
747 10.3716
444 -1.55084
640 1.2146
329 -4.91382
257 -41.7739
516 0.937561
641 1.85126
743 8.46588
743 8.46838
314 -5.62723
709 5.52765
641 1.22357
420 5.22052
229 -7.75931
319 -6.29263
182 -13.9508
697 5.01489
579 1.16498
759 10.4813
454 3.67557
640 1.21362
616 1.48395
572 -0.2005
374 5.34811
648 6.35547
648 6.35504
93 -24.298
324 -6.07278
749 28.1055
358 -2.00748
255 -7.19101
387 -10.9818
84 -25.23
332 -26.8417
449 -0.811218
729 8.72375
747 10.3702
305 -33.7068
629 1.74304
303 -34.3358
709 5.52527
698 5.01288
753 8.04803
300 -34.3488
743 8.46704
391 -1.62137
613 1.41083
402 5.35229
577 1.07654
300 -34.7449
420 -7.75015
637 5.21057
93 -24.2951
677 2.50781
453 3.30261
296 -35.5707
406 -1.42581
145 -17.944
431 -7.5354
502 -1.63422
411 -77.9822
449 4.11575
747 10.3691
521 -0.313904
675 15.2208
459 3.9133
431 4.70151
99 -22.9577
170 -14.652
719 32.904
677 2.50769
426 -8.13361
629 1.74396
37 -31.2695
464 -0.499451
55 -28.4053
25 -36.6296
411 -9.17267
657 9.13861
444 -1.54227
449 4.11624
162 -19.379
747 10.3727
509 -0.710419
56 -28.5375
255 -7.19055
754 9.53058
420 5.21893
522 -0.158447
55 -27.7494
188 -13.6904
42 -21.26
409 -2.0094
454 3.67538
747 10.3715
598 1.32617
449 4.1152
290 -7.96677
314 -31.7245
387 -10.9759
409 -2.01053
141 -31.4543
432 4.97592
173 -18.3207
510 -0.234131
747 10.3712
139 -89.2984
36 -31.404
179 -13.9768
207 -19.5187
84 -25.2134
624 1.65594
705 5.19324
457 3.95923
466 -1.04724
256 -54.121
525 -5.43756
99 -22.9588
420 -7.74991
536 -0.534729
432 4.97601
566 1.12201
373 -1.92749
536 -0.53479
483 0.85199
300 -34.7449
55 -28.3984
388 -1.72784
255 -7.19859
386 -11.3488
55 -28.3962
705 5.19324
454 3.67569
93 -24.2946
747 10.3713
385 5.51859
229 -7.75929
202 -13.0379
651 2.02985
96 2.13962
598 1.32617
433 4.82397
47 -29.8927
411 -77.9833
170 -14.6529
186 -16.8947
170 -14.6521
142 -20.3267
626 2.70477
36 -31.3866
753 8.04565
521 -0.314209
219 -10.6506
93 -24.2301
28 -31.337
633 3.43701
23 -35.0137
705 5.1933
677 2.50787
319 -29.3784
432 4.9765
193 -13.6175
660 10.3983
659 2.31281
409 -9.43033
521 -0.314026
464 -0.501282
485 0.968811
173 -18.3206
224 -38.327
672 1.45245
209 -12.6843
223 -55.1882
371 -1.95065
500 -1.10046
448 4.11792
412 -8.68423
260 -52.1989
90 22.1515
521 -0.313965
449 4.11584
448 4.11774
534 0.932312
28 -12.9369
510 -0.155029
332 -27.0107
641 1.88507
677 2.50769
463 -3.31442
438 4.69403
139 -89.3145
449 4.11624
857 23.0494
280 -36.3131
451 4.09515
63 -9.00789
433 4.82397
499 -1.16467
433 4.82574
433 4.82422
598 1.32623
598 1.32617
63 -11.0536
180 -13.9841
229 -7.75923
377 5.84692
559 -0.363159
142 -21.3337
630 3.42505
430 4.85904
464 -0.499573
255 -7.19055
396 -58.0833
278 -7.87442
409 -2.01068
743 8.46796
583 1.13708
13 -35.79
260 -54.039
545 0.94104
57 -9.84146
46 -22.3479
15 -38.1805
629 1.74097
445 4.25626
388 -1.72855
149 -19.735
553 0.555481
99 -22.9577
671 11.9645
432 4.97598
433 4.82492
29 -32.2034
170 -14.6519
387 -10.9803
29 -32.0043
386 -59.2519
359 -2.00781
545 0.940918
639 1.85236
36 -31.3829
115 -24.6715
729 6.06152
28 -2.69919
406 -1.42657
300 -34.6295
439 -0.577026
378 5.86884
449 4.11633
315 -6.45886
677 2.50775
545 0.94104
152 2.54951
462 3.26218
307 -33.5064
396 -58.0848
6 -34.8787
410 -9.46249
25 -36.5337
36 -31.4027
190 -13.6814
573 -0.270508
171 -13.8191
228 -64.9561
500 -1.10086
145 -17.9817
949 56.6403
139 -89.24
64 -11.1126
21 -35.6462
545 0.940979
54 3.85717
90 -26.8774
507 -0.153503
313 -7.01266
263 -7.73395
276 -30.553
492 0.79776
99 -22.9589
317 -6.28897
96 2.12536
358 6.71634
287 -35.6952
24 -35.2668
661 2.38599
262 -41.5324
599 0.0256958
172 -13.37
219 -12.9081
536 -0.501465
326 -25.0878
44 -30.0185
185 -27.3406
573 -0.27063
386 -11.3304
260 -37.8178
297 6.95001
643 1.84595
747 10.3715
93 -24.2955
307 -34.072
64 -11.1153
449 -0.810577
409 -2.01181
714 5.57471
302 -35.4549
598 1.32623
554 1.01349
112 -22.4797
24 -35.3293
228 -64.9536
536 -0.534729
569 1.18488
99 -22.9589
386 -9.87469
84 -25.1499
170 -14.6529
340 -6.99551
50 -0.866531
578 1.11389
455 3.84146
655 1.61401
254 -41.9016
25 -36.5399
28 -13.7307
209 -12.8538
619 1.56348
405 -10.029
84 -25.2313
375 -1.82571
326 -5.9108
652 1.27069
623 1.82281
655 1.50067
427 4.90497
505 0.74118
581 1.13391
219 -10.6507
317 -6.69318
362 5.73248
586 1.13269
623 1.82312
194 -13.445
426 -7.68616
357 6.71497
364 -12.7418
278 -7.8743
291 -7.92853
320 -29.0708
9 -56.3164
398 -10.4267
433 4.8255
516 0.937439
304 -7.50049
456 3.65894
319 -29.1162
409 -9.43036
411 -77.9849
55 -28.3956
17 -16.5939
228 -37.8752
53 -27.4407
232 -64.0355
386 -11.3196
355 6.85202
525 -5.43829
47 -14.5642
205 -12.9103
17 -11.3267
545 -1.7179
674 2.47162
590 1.1748
420 -7.75037
34 -32.5508
429 -7.53107
219 -10.651
458 -31.0759
114 -22.6841
386 -11.3192
461 3.90903
246 -47.008
241 -7.14207
282 -37.9153
329 -4.9093
616 1.53748
278 -7.87457
467 2.52972
374 6.10504
460 -0.36557
671 11.9645
78 -0.791832
242 -7.04919
238 -11.6262
400 -1.59589
433 4.82584
108 29.2706
270 -40.0586
391 -87.2373
228 -64.968
152 2.55476
209 -12.729
479 0.843353
432 4.97595
304 -34.9594
59 2.09744
228 -64.9812
516 0.937561
302 -7.03
300 -34.745
96 2.13812
270 -36.2588
475 -3.12363
46 -30.0504
409 -2.01111
47 -29.8915
308 -32.6888
232 -63.5158
159 -16.5794
56 -29.184
383 -1.73471
619 2.17877
374 5.34869
218 -12.4961
219 -12.9109
9 -56.3404
121 -19.6702
527 0.876587
696 16.7261
677 2.50781
435 -1.7886
340 -6.99539
575 1.0965
412 -8.68817
329 -4.90103
49 -10.2299
298 -36.9843
26 -37.0482
323 -6.28528
113 -22.8665
271 -49.6959
202 -13.0352
677 2.47516
68 2.66161
206 -13.3565
17 -39.6032
449 -0.811188
167 -16.1557
677 2.50769
207 -13.306
99 -22.9587
475 -3.1265
36 -31.358
505 0.740692
153 2.54385
302 -7.02988
96 2.12373
425 4.98798
36 -31.3762
93 -24.2978
273 -48.8606
779 30.1805
141 -31.2871
654 1.55652
185 -27.2749
96 2.131
369 -8.94455
218 -12.4921
249 -41.7728
857 23.1217
559 -0.361023
228 -64.9546
116 -24.6546
677 2.50775
32 -16.3547
64 -11.1144
9 -56.4291
228 -12.0433
238 -62.368
99 -22.9589
67 -26.5949
809 23.4198
949 56.6537
166 -17.3571
302 -32.2341
296 -34.8867
506 -0.252747
241 -40.2388
25 -36.5266
68 -27.3094
239 -60.5307
143 -18.9417
386 -11.3351
747 10.3728
142 -18.9814
242 -11.2137
168 -17.1606
71 -25.855
265 -41.3636
36 -31.4044
244 -7.26588
446 4.04904
278 -37.5808
161 -17.7606
210 -33.0767
284 -27.7213
217 -36.887
223 -37.552
445 4.39658
202 -12.9547
705 4.75531
9 -56.4292
173 -15.362
236 -38.97
411 -77.9756
308 -33.8531
422 -5.55322
98 -110.582
246 -41.8398
93 -24.2953
387 -11.1264
229 -44.0697
81 1.77676
324 -6.34985
409 -2.01123
58 -29.1668
129 -74.6033
303 -33.3543
388 -1.73135
406 -1.42654
521 -0.313843
420 5.22058
25 -36.6251
475 -3.12427
545 -1.71777
181 -15.1212
261 -9.20381
553 0.5448
278 -37.1968
71 -25.8552
729 8.72888
558 -0.317322
80 11.4503
171 -46.8107
357 6.71481
553 0.574463
62 -0.833244
516 0.937622
525 -0.363464
246 -60.3762
314 -34.7421
675 1.3819
232 -64.5609
463 -116.966
57 -2.34913
263 -53.8334
250 -36.3672
204 -12.9055
28 -12.9128
79 7.55682
686 15.7806
32 -5.99515
139 -27.5556
340 -3.22726
505 0.740814
674 2.47327
314 -6.84055
411 -77.976
283 -36.3746
411 -77.9767
475 -3.12466
346 -2.49036
289 -36.2806
99 -22.9591
358 -2.00772
90 -26.8809
165 -17.0034
581 1.07532
54 -29.3427
516 0.937439
64 -11.1117
623 1.82294
408 -104.502
660 1.70624
225 -38.0792
313 -32.1535
173 -15.363
248 -40.0205
55 -28.4063
449 -0.812408
599 0.024292
355 6.89142
286 -35.7411
68 -27.3521
225 -36.579
468 -3.50201
242 -11.1745
228 -65.0877
223 -39.5359
417 -7.5372
530 -0.235168
17 -39.6237
271 -51.306
43 -5.07761
58 -29.1669
155 -20.9267
96 2.14056
446 4.1908
63 -9.00793
121 -21.2736
510 -0.38739
155 -17.987
218 -12.4957
369 -8.94452
147 -18.7558
329 -4.90067
315 -34.2654
169 -15.8268
141 -31.4695
659 7.48059
344 -2.76233
182 -15.1038
697 5.01721
598 1.27832
320 -6.51669
499 -1.16464
246 -39.4085
365 -11.3019
472 -1.41306
499 -1.15604
648 1.93585
129 -21.1987
170 -46.7748
434 4.43454
464 -0.499573
54 -29.2333
206 -13.3596
232 -9.91116
560 -0.386963
383 -107.236
364 -12.7426
397 -1.95468
294 -7.8457
292 -35.4124
3 -51.6796
447 3.95312
58 -29.1677
277 -42.5613
449 -0.813477
252 -41.076
462 -112.127
280 -28.1967
25 -36.5387
261 -9.19991
455 -2.54572
79 5.4806
302 -34.9418
242 -11.5181
171 -13.6587
598 1.32611
254 -54.5789
449 -0.811371
153 -17.2281
280 -8.22955
35 -21.6538
2 -47.3122
527 -0.359802
219 -12.9104
464 -0.499207
142 -18.9621
297 6.99841
181 -15.1221
170 -14.6521
364 -12.7426
58 -29.1665
302 -7.03
104 -25.626
96 2.14004
219 -10.651
93 22.8425
304 -7.30661
364 -12.7439
554 1.01294
364 -10.6951
641 1.22314
604 1.42047
656 2.43591
147 -58.1825
521 -0.313965
34 -32.5554
411 -77.9763
28 -13.7596
150 -17.271
699 27.7251
606 1.42188
335 -95.5224
409 -2.01099
335 -27.9694
281 -8.26462
671 11.9645
340 -6.99521
356 6.11139
306 -33.4305
182 -15.0348
225 -38.3267
182 -15.0351
420 5.22073
386 -11.3477
102 -13.4883
206 -13.3559
369 -8.94592
399 -1.93549
12 -34.4921
654 1.52576
325 -30.0732
696 2.73981
46 -30.0921
290 -35.9411
809 23.42
40 -2.35498
150 -17.2686
573 -0.271362
630 3.42468
446 -39.1598
569 1.08484
267 -50.0559
182 -15.0365
633 -233.66
139 -20.9572
337 -34.3386
141 -31.2854
40 -2.09687
215 -34.8336
343 -2.99728
105 38.9379
307 -7.24509
311 -34.4835
228 -64.9534
182 -15.074
323 -6.349
219 -12.9114
59 2.09509
341 -7.42807
695 2.76196
141 -18.8796
389 -1.61362
24 -35.319
17 -39.5872
263 -42.7298
391 -94.4533
167 -18.313
79 7.33612
205 -12.9183
195 -14.1335
39 -30.9718
243 -38.8235
302 -29.2938
609 1.38629
209 -20.2463
28 -13.8145
258 -10.3879
690 4.94849
255 -10.5588
282 -29.5002
146 -17.9199
25 -36.5414
182 -15.0362
28 -13.8274
283 1.20306
588 1.23682
78 9.26583
68 -27.3513
407 -9.47702
293 -34.7834
332 -9.14368
408 -103.666
505 -9.43912
58 -29.1677
298 -35.8079
32 -16.3836
117 -21.323
177 -19.7638
17 -39.6022
316 -6.43695
47 -14.5381
326 -25.0901
375 -2.36505
340 -6.9942
258 -41.4697
417 5.15842
191 -13.6293
165 -16.6044
54 -29.2977
499 -1.16483
324 -23.8249
242 -11.5729
339 -19.542
623 1.823
566 1.02313
79 9.01968
28 -2.70125
490 0.878876
348 -126.658
186 -16.8949
179 -10.8362
145 -17.9824
386 -1.62183
228 -47.7128
182 -15.0616
655 2.4021
360 -22.6632
462 3.81073
340 -6.99487
186 -20.6629
404 -9.87
54 -29.3187
258 -10.386
30 -6.74678
278 -7.87466
106 -22.0758
93 -24.2519
408 -103.647
220 -12.8827
238 -11.6172
6 -34.9177
127 -87.9448
177 -15.5982
46 -30.1074
545 -1.71796
504 -0.496277
207 -12.7981
174 -11.2054
51 -5.56166
672 1.45276
409 -84.8553
20 -10.8683
321 -32.8941
68 -1.10591
392 -1.59915
626 2.70331
182 -15.1163
297 -35.4115
36 -6.9514
571 1.0907
263 -7.73685
57 -2.10556
258 -10.3758
112 -15.0251
40 -29.423
245 -44.9494
246 -11.2095
43 -4.77382
354 -18.6307
28 -2.70003
357 -3.5325
262 -39.3692
305 -34.4952
661 1.44507
261 -9.20389
220 -36.9414
290 -7.98239
218 -12.4933
352 -8.75375
258 -10.3806
368 -3.10358
278 -7.87448
133 -18.3402
46 -30.0366
40 -2.37855
360 5.68387
214 -38.7868
107 23.7267
110 28.7498
486 -107.438
435 4.8056
199 3.95714
218 -12.493
182 -15.0347
329 -4.90131
340 -7.66559
276 -21.6086
407 -1.57883
63 -9.00598
146 -19.6754
156 -16.9152
420 -7.75027
307 -34.2259
444 -39.4807
52 -27.4576
23 -35.162
224 -38.3243
168 -17.321
287 -36.6803
307 -27.4852
420 -7.75024
230 -12.1097
3 -51.0869
300 -34.8941
6 -30.9813
323 -6.36566
230 -40.9533
288 -35.5133
172 -15.5573
392 -2.0986
13 -15.7907
142 -18.9825
286 -35.4185
406 -1.42587
220 -12.8826
78 -0.796013
388 -1.72607
122 -19.6155
364 -12.7426
623 1.82233
182 -15.0353
67 -25.8323
220 -12.8823
187 -19.663
240 -36.8193
246 -11.5131
155 -16.9723
398 -2.36942
219 -10.651
288 -36.8097
282 -37.915
108 29.2822
150 -17.2714
15 -37.208
621 4.2226
25 -36.7336
258 -10.3747
263 -7.73372
5 -36.7825
181 -15.1313
377 -2.901
158 -18.0817
217 -12.6045
70 -27.0863
490 -120.651
304 -35.2317
408 -9.65009
291 -7.92868
485 -107.608
242 -11.1359
70 -27.0639
386 -11.3485
209 -17.5334
96 2.13007
222 -38.406
362 -3.33084
362 -14.2296
93 -24.2977
291 -7.94128
290 -35.6099
185 -27.2985
212 -19.1955
949 56.6452
29 -41.7656
224 -38.3273
10 -34.6013
426 -7.77155
189 -14.5884
238 -38.1632
91 24.8548
692 2.73224
595 0.115906
272 -44.0709
261 -9.19832
436 4.25531
258 -10.3878
324 -29.043
220 -12.8824
480 -0.325256
388 -1.73352
194 -14.107
329 -4.90106
24 -35.1774
329 -4.90216
242 -11.3277
239 -11.5365
261 -9.2039
332 -27.0286
696 3.242
412 -8.68436
221 -12.848
32 -32.1318
481 -2.43729
187 -14.9314
76 -25.5837
424 -90.8053
400 -1.60345
674 2.47357
278 -7.87469
258 -10.3879
484 -4.28372
93 -12.6575
505 0.741333
188 -15.3291
975 7.33801
590 0.170532
219 -12.9104
573 -0.270508
623 4.18884
306 -7.19113
219 -10.6431
219 -10.651
59 -28.5104
206 -13.3567
301 -7.62173
648 6.35559
521 -0.313904
150 -53.9192
153 -19.5479
105 -22.3541
332 -116.096
175 -15.7066
348 -126.667
96 2.13654
261 -9.2038
229 -11.9142
220 -12.8828
560 1.00751
215 -12.402
89 11.6589
185 -15.0188
676 2.44989
352 -24.8274
96 2.13836
491 -2.32578
494 -2.13721
258 -10.3879
159 -18.6292
96 2.13343
264 -36.8017
242 -11.3267
488 0.837738
371 -3.0918
309 -35.0768
271 -8.30539
170 -13.884
305 -7.42648
162 -22.6761
116 -26.0342
323 -6.36755
365 -11.3019
233 -12.1057
357 -3.54102
110 -23.1391
172 -15.8873
68 -27.3504
633 -233.65
292 -35.8164
202 -13.0378
215 -12.3977
7 -53.2543
158 -18.0152
560 0.96814
545 0.940552
388 -1.72925
291 -7.92877
95 -106.639
263 -7.73402
372 -3.07288
521 -0.314087
625 4.3515
672 1.45221
510 -112.68
258 -10.3879
91 -5.92382
115 -21.1946
435 4.55905
318 -31.3088
368 -9.03378
205 -13.4956
360 -3.30966
294 -36.4326
266 -50.4804
677 2.50781
198 -19.9293
369 -8.9425
258 -10.3902
424 -102.049
390 -11.307
99 -22.9577
243 -11.6322
328 -27.5336
421 -123.689
274 -8.63635
697 5.01489
396 -58.0962
251 -10.847
418 -7.71121
545 0.940491
308 -34.8812
210 -13.2713
303 -33.3544
289 -7.90341
530 -0.309509
248 -10.9332
243 -52.945
394 -2.12527
330 -27.5175
360 -22.6423
40 -2.17023
408 -100.905
322 -29.662
449 4.11588
378 -121.074
391 -87.2331
303 -33.3543
437 4.11688
189 -18.9957
302 -7.22211
233 -12.0385
297 6.95081
210 -20.0776
70 -27.0942
205 -13.4961
243 -11.4371
217 -12.4646
394 -1.58841
258 -10.388
64 -11.1151
408 -103.663
173 -15.2745
653 8.45734
211 -15.2225
653 2.10999
59 2.07932
104 -25.649
107 -23.7795
260 -52.1651
258 -10.3879
677 2.50745
182 -15.0823
206 -13.3565
471 -28.4106
68 -27.3469
121 -19.6716
219 -10.6512
272 -36.2531
275 -48.641
205 -13.4919
247 -11.1091
181 -15.3754
64 -11.1148
297 6.95056
182 -15.035
322 -6.35507
185 -18.2432
449 -0.811371
203 -18.354
648 6.35504
58 -28.5499
138 -18.8211
34 -32.555
186 -13.9278
170 -13.7909
351 6.93121
21 -35.6517
197 -13.9036
172 -16.5602
370 -97.5672
690 16.8379
420 5.22061
207 -12.9523
479 -2.9509
290 -36.6666
258 -10.3902
312 -6.5827
342 -28.5213
30 -22.5917
229 -12.3427
183 -15.2412
17 -39.5896
5 -35.6284
231 -12.0053
218 -12.0393
64 -11.1102
401 -83.6464
304 -7.49371
202 -13.0376
437 -39.2509
279 -41.0073
386 -1.64835
83 4.66333
156 -16.8594
150 -17.2687
329 -4.90262
52 -27.4361
150 -17.2686
408 -103.65
352 -3.87283
303 -33.3543
348 -126.68
206 -13.3559
115 -21.1953
215 -12.4033
388 -1.72922
21 -10.1387
43 -29.9863
6 -36.8036
56 -28.9421
297 6.99826
228 -37.8372
306 -34.7018
34 -32.5893
682 2.99072
271 -38.0959
56 -28.9421
70 -25.2304
5 -7.84552
258 -10.3856
419 -122.374
184 -14.0936
122 -107.092
240 -11.5151
316 -6.52368
392 -11.1402
220 -12.881
302 -7.03006
57 -2.10777
228 -37.6442
93 -24.2949
308 -7.03671
386 -2.16049
369 -8.94189
303 -33.3544
273 -49.2962
370 -3.17236
174 -15.2458
117 -23.1611
396 -58.0598
364 -12.7436
127 -18.3567
24 -35.2063
182 -14.2064
277 -35.6081
122 -19.6146
101 52.4158
218 -12.6098
357 -3.52689
136 -19.9222
112 -4.09419
43 -30.2696
379 -75.392
35 -31.4257
373 -98.6165
226 -12.462
115 -21.195
598 1.32617
474 -106.986
291 -7.92932
208 -12.7338
475 -3.12598
285 -8.10617
32 -31.7396
485 -22.8083
332 -116.243
573 1.09729
114 -16.739
150 -17.2691
276 -36.8852
3 -47.5325
358 -3.41144
384 -1.87875
20 -35.1217
358 -2.00769
150 -17.2715
348 -126.674
435 -6.90955
163 -17.2417
356 -78.5314
109 0.233665
358 -3.54459
77 10.5767
132 -22.4686
171 -13.8118
34 -32.5505
173 -15.2985
268 -37.899
724 5.56476
184 -15.0587
258 -10.3749
705 5.19318
21 -44.0992
411 -77.985
150 -17.2688
195 -13.4227
356 -78.3509
297 6.95056
364 -12.7417
701 4.57477
290 -7.98306
602 0.3396
206 -13.3566
521 -0.313965
173 -15.331
408 -100.808
337 -27.5115
393 -1.65646
40 -29.4229
920 46.7695
577 1.0827
588 -0.0325317
297 6.94888
598 1.32617
261 -9.20378
238 -11.5856
356 -79.3111
726 5.71576
500 -1.10773
298 -7.64813
338 -27.817
291 -7.94055
393 -1.6069
342 -3.311
341 -28.432
305 -21.3928
171 -13.6491
486 -120.636
648 1.89789
521 -0.313904
311 -84.5727
975 7.53632
255 -39.5164
308 -7.12717
258 -9.0117
266 -49.7378
872 51.6904
204 -13.09
653 8.24451
218 -12.4954
375 -82.226
170 -14.6521
173 -15.3615
344 -3.07736
103 -15.7278
388 -1.72913
150 -17.2713
187 -14.8745
297 6.9509
386 -11.348
383 -107.327
175 -15.9513
182 -15.0388
249 -11.0567
219 -12.9111
356 -79.5093
154 -17.1705
433 -108.299
432 -137.294
641 1.22327
367 -11.0528
368 -97.4297
357 6.71509
691 2.74219
623 1.82275
631 1.77411
486 -2.07831
598 1.32617
547 -1.11993
579 1.16882
460 -79.073
301 -1.20624
574 -0.358887
356 -79.5219
681 2.42181
66 -26.0158
672 1.45245
393 -1.74478
85 -25.0401
400 -1.5914
387 -10.9819
36 -31.4039
430 -108.81
453 -32.2012
206 -13.3546
154 -18.3335
240 -11.541
290 -38.0717
357 -3.53723
318 -6.28516
700 2.90137
598 1.32629
70 -26.0421
431 -106.936
296 -36.3957
142 -20.3683
428 -104.703
424 -107.099
674 -10.513
612 3.18225
624 3.05255
23 -34.2454
228 -39.3834
696 4.69562
226 -12.1305
641 1.22351
133 -20.5111
346 6.48138
146 -18.8276
139 -19.5615
225 -38.3444
359 -3.43896
326 -25.0887
231 -46.1002
391 -87.2348
256 -37.1024
99 -22.9589
599 0.0045166
274 -45.5413
387 -2.16626
145 -17.9796
121 -19.2849
218 -12.4933
63 -9.01344
373 -81.1502
189 -13.7142
672 1.45233
221 -10.566
13 -11.3781
70 -25.2326
571 1.20343
500 -0.180481
169 -16.5091
486 -0.979187
378 6.2952
148 -25.569
258 -10.3758
40 -29.4228
310 -6.90952
181 -15.2905
121 -19.6699
115 -24.6722
587 1.21448
187 -14.8505
505 0.740479
274 -35.9422
674 2.47083
147 -18.405
587 -2.09033
113 -22.4676
324 -6.27582
2 -12.2017
387 -2.16296
229 -12.1048
463 -116.983
38 -31.4489
463 -116.998
275 -8.45462
261 -9.19867
266 -41.6402
218 -12.4933
122 -19.6119
357 -3.53503
171 -13.8112
810 23.4344
258 -10.3736
182 -15.0391
516 0.9375
367 -3.12531
357 -3.53635
572 1.07349
355 -3.64352
8 -35.3098
81 -25.6953
648 6.35608
252 -34.5845
226 -12.4621
46 -30.1059
558 -0.307556
373 -126.335
216 -12.3675
4 -34.9551
290 -36.8234
110 -16.4606
37 -31.8183
258 -10.3901
236 -41.238
239 -38.9006
236 -11.6254
218 -12.4911
218 -12.4931
337 -5.46667
412 -8.68512
409 5.37537
70 -25.2331
392 -1.87469
155 -17.7431
10 -34.6123
215 -34.2987
335 -27.9712
392 -9.72183
233 -40.6127
357 -3.54727
374 5.35565
162 -16.5965
170 -46.7746
454 -5.11023
187 -14.7866
63 -9.01469
143 -18.9413
164 -16.1663
225 -38.3259
48 -2.5038
150 -17.6179
494 -120.096
181 -29.2969
238 -11.6057
357 -3.53485
345 -32.0318
170 -14.6518
297 6.95114
230 -11.9764
344 -33.7369
326 -28.0262
291 -7.92862
754 9.84003
239 -11.5987
227 -38.1999
693 2.7724
344 -29.1712
156 -18.2629
400 5.91541
228 -41.6311
5 -50.8532
307 -79.8535
571 1.20331
265 -37.378
39 -5.26452
219 -10.651
408 -102.611
585 -0.197327
202 -13.0631
219 -10.6513
598 1.32623
313 -34.7587
348 -126.678
39 -11.0512
656 2.37909
157 -18.1324
319 -29.3778
158 -16.4211
173 -15.2733
383 -107.274
129 -21.202
337 -94.4024
342 -28.5297
216 -36.0377
365 -3.18893
110 -15.821
68 -25.7447
314 -26.685
340 -6.99677
617 4.20337
141 -20.4753
269 -51.0634
360 -22.6739
356 -137.935
376 -3.00592
373 -81.1371
113 -16.1788
241 -38.389
617 1.75549
391 -1.66779
265 -4.50143
682 3.47083
318 6.70554
191 -14.5024
191 -14.2369
193 -14.1651
323 -6.35001
326 -25.1108
380 -2.1889
122 -19.61
360 -22.6634
501 -108.108
41 -6.17035
190 -13.6705
41 -1.46122
99 -22.9589
210 -12.647
302 -7.02991
500 -108.14
599 0.0166016
250 -8.4799
239 -11.6003
346 -33.2356
441 -100.774
340 -81.2522
561 -178.792
453 -101.894
340 -82.3435
255 -49.6318
634 4.46802
238 1348.71
494 -83.1248
677 2.50763
21 -33.9246
226 -2.94687
441 -103.546
501 -108.114
349 -2.32788
545 -2.97388
432 4.97577
320 6.80365
163 -15.1602
891 51.0685
319 -29.3782
9 -34.5253
525 -5.43854
244 -11.3732
69 -25.6222
76 13.0096
252 -40.0686
155 -19.8696
226 -12.462
21 -35.6431
188 -14.0928
431 4.62097
47 -29.7474
303 -7.48056
2 -46.5598
173 -18.321
623 6.29327
382 -2.58893
218 -12.4884
189 -16.0994
130 3.54041
391 -2.05737
453 -120.419
326 -28.0263
913 -1.72101
115 -21.1955
314 -6.60934
79 10.7129
381 -2.26749
572 -0.201355
382 -1.73816
35 -45.1698
506 -9.43024
70 -27.0971
23 -35.1632
122 -19.6105
373 -10.8308
348 -126.687
250 -39.8721
142 -20.4851
278 -7.87479
211 -12.9547
116 -24.6804
460 -37.1762
226 -12.0344
93 -24.2766
258 -10.3924
88 -23.437
531 -13.0493
293 -7.84488
408 -100.801
96 15.5192
261 -9.20001
5 -50.8809
334 -5.72018
258 -10.39
329 -4.92267
500 -1.1011
337 -27.8428
182 -15.0612
182 -15.3319
127 -21.2641
536 -18.3816
32 -16.3892
225 -38.3443
173 -16.8585
440 -103.343
674 2.47192
400 5.91544
228 -37.8719
327 -27.5725
420 5.21899
172 -13.5773
254 -9.29335
82 -24.8159
129 -21.0721
93 -24.2977
292 286.581
335 -27.956
332 -26.8473
164 -17.075
79 -25.8053
572 -0.200745
242 -11.1978
252 -9.12883
130 3.54187
356 -3.66922
225 -12.5768
282 -35.5759
332 6.64285
10 -34.6072
211 -12.8399
300 -34.745
522 -15.0529
657 11.3677
200 -21.6728
336 -95.5468
356 -78.1986
30 -30.0612
505 -108.306
239 -11.7017
297 6.95065
194 -13.5232
261 -54.5205
28 -2.70117
12 -34.4958
332 -27.0426
147 -18.6034
334 -28.5718
383 -107.05
627 1.83594
171 -13.8106
177 -15.7682
31 -43.4014
658 2.28949
347 7.40277
417 -104.415
164 -15.9452
83 -25.1949
2 -15.1116
99 -22.9591
405 5.51202
257 -37.3136
292 -31.5813
342 -28.5143
211 -7.76286
69 -27.1978
121 -21.9573
391 -87.2337
356 -78.8952
11 -34.7858
10 -34.6077
319 -29.3785
78 -25.9228
609 1.39014
224 -63.9767
326 -28.0264
534 0.932251
462 -0.338257
52 -27.4409
52 -8.6146
68 -11.3895
258 -10.3902
253 -59.4954
154 -25.8686
372 -126.361
359 -103.69
113 -16.7242
657 2.26953
109 -34.8639
219 -12.911
602 0.088562
385 -122.557
244 -31.5507
393 -1.55505
348 -126.636
173 -15.2697
195 -22.9496
485 -22.8027
214 -12.4954
232 -11.7629
339 -24.0942
7 -10.5447
476 -4.91183
975 9.1991
129 -21.2029
93 14.4346
332 -27.0067
197 -13.7879
470 -111.438
445 -69.7314
215 -12.4021
335 -87.5315
729 8.72498
151 -18.1665
263 -7.73662
499 -78.7226
242 -11.2115
61 -10.7339
102 -23.1063
226 -12.4621
88 11.2644
218 -12.4959
275 -37.8434
561 -178.768
24 -35.3368
598 1.32617
118 -22.5716
578 1.12024
618 -120.693
451 -74.386
412 -99.9622
34 -24.8731
750 9.86884
356 -78.251
251 -39.21
143 -18.9414
275 -8.47192
217 -12.5762
297 -33.4323
171 -13.8214
8 -35.3225
266 -36.4871
330 9.09677
155 -18.3711
102 -23.777
292 -7.89505
408 -104.505
28 -39.1548
138 -18.8249
319 -32.4386
45 -30.5151
283 -40.0126
44 -30.2641
70 -27.0625
142 -18.9728
317 -21.2223
354 26.854
200 -13.2672
203 -45.6714
485 -107.62
59 2.07026
246 -56.5258
302 -7.02997
452 -101.537
412 -93.8198
733 6.30859
71 -25.9855
343 -74.1145
171 -13.8117
278 -7.87427
205 -13.4967
220 -12.8907
352 -4.72104
58 -29.1671
256 -9.08232
383 -107.231
411 -95.0396
445 4.33432
144 -63.4659
128 -27.3437
341 -13.0251
186 -16.9073
345 7.1196
457 -32.767
316 -29.8732
356 6.97235
408 -103.645
259 -52.1671
241 -11.4733
5 -7.84531
561 -6.97449
45 -7.30206
510 -113.023
228 -12.1038
130 3.54724
118 -16.2174
664 2.42584
181 -15.1815
7 -18.1095
354 7.27469
57 -2.04864
235 -11.9354
69 -25.6236
198 -20.8956
463 -117.009
40 -29.4228
361 -97.2563
333 -97.4843
437 -6.1593
173 -15.2779
238 -11.6106
21 -35.6468
371 -11.036
169 -16.9671
868 49.565
117 -22.6357
485 -22.8044
34 -32.5602
262 -52.6016
20 -43.5528
470 -111.53
306 -7.40671
142 -20.3297
278 -7.8743
115 -21.1948
28 -2.70552
44 -30.1834
346 -96.4212
70 -27.0856
251 -10.9429
12 -34.2606
392 -87.4595
133 -20.3161
187 -13.8818
226 -38.7014
709 4.72772
265 -4.68188
228 -41.6261
143 -18.9415
188 -13.7978
711 4.94116
181 -14.6484
63 -11.0821
226 -38.6873
655 2.17963
235 -39.926
677 2.50732
183 -27.9763
280 -8.21194
206 -13.3592
300 -34.745
351 -87.0467
228 -65.0281
246 -11.5894
239 -61.9207
352 6.84399
138 -19.587
317 -6.31055
400 5.91537
58 -2.11619
383 -2.30237
28 -39.4826
262 -39.6364
333 4.07376
267 -50.143
656 2.31946
523 -92.621
141 -31.4541
156 -19.6429
122 -22.3775
316 4.16962
337 4.10336
420 5.22043
298 -7.60178
278 -8.37387
261 -38.2773
361 -3.36755
238 -11.5845
634 1.14655
102 -22.2412
449 -0.811279
359 -23.2
278 -42.5789
261 -9.19963
663 2.45056
297 6.95056
508 -82.1945
209 -6.11461
82 -24.8017
233 27.0937
347 6.83899
344 -19.6281
186 -16.908
205 -13.4968
66 -27.3459
72 -27.142
506 -113.208
206 -13.3564
200 -13.0972
383 -107.13
185 -14.7252
142 -18.9571
40 -29.4229
372 -2.48087
256 -37.1087
93 -24.2889
346 -3.70319
118 -37.011
115 -21.195
79 -25.8051
659 1.49689
232 -62.6629
105 -22.3534
679 2.03644
229 -7.75937
474 -3.16385
609 4.24005
85 -22.9882
215 -12.8779
142 -18.9809
127 -20.2314
183 -14.051
187 -14.5504
218 -38.5669
104 -23.4547
46 -30.1063
260 -37.6916
502 -0.287689
354 6.87592
117 -22.6509
80 5.73727
619 -162.181
261 -9.20337
356 -137.915
4 -36.6669
472 -8.51077
424 10.7498
130 -76.7241
248 -41.8975
186 -14.8107
425 -110.154
104 -23.5467
486 -107.478
108 -21.2144
241 -11.6355
496 -0.067749
218 -12.4921
122 -19.6101
497 -2.0719
173 -15.3398
202 -13.0384
186 -13.9061
143 -19.363
90 -26.8811
246 -37.3295
44 -30.0486
368 -9.03369
188 -13.6859
590 -142.207
599 0.00445557
170 -16.4566
159 -18.0874
752 10.6133
324 -6.276
223 -12.4004
11 -34.0628
115 -21.7459
437 4.29581
219 -36.6012
383 -107.36
142 -18.9651
158 -16.7121
527 -120.245
242 -11.2113
181 -22.1936
122 -19.6098
323 -6.28043
273 -38.7067
185 -27.2926
395 47.2689
47 -29.9349
355 7.19025
81 -25.5315
321 10.7656
63 -27.2924
218 -37.6951
689 4.94043
369 -2.33539
606 2.68915
28 -2.70359
21 -35.6495
510 -112.714
437 -16.7116
9 -34.1274
326 -28.0262
242 -11.2321
99 -22.4577
332 8.07205
297 6.95004
642 9.26892
302 -7.02988
165 -17.0039
12 -34.0632
224 -37.9652
617 5.93414
219 -36.5968
332 -115.5
579 1.13763
359 -2.00818
55 -28.4773
47 -30.1452
450 -86.2523
511 0.747559
99 -22.9588
249 -10.7216
193 -14.2141
245 -11.6518
219 -10.6434
217 -12.775
332 -115.963
390 -1.85361
296 -7.69449
142 -20.3237
161 -16.3513
466 -31.9446
80 -25.8005
173 -15.5446
217 -36.4042
261 -9.20329
384 -1.66473
157 -18.1438
24 -35.264
78 -0.796364
437 -137.544
448 -77.6086
105 -22.3466
337 -36.439
182 -14.1025
242 -11.1149
302 -7.02994
121 -19.67
14 -37.2659
476 -117.996
264 -51.5034
210 -12.8533
269 -39.6993
181 -14.3827
177 -16.3022
574 1.10724
71 -25.8572
275 -8.45514
372 -126.334
760 22.5993
338 -27.897
124 -22.1371
71 -26.901
332 -27.0277
165 -17.0042
201 -13.0858
429 -47.6876
440 -103.544
456 -37.9048
90 -25.1211
21 -35.6498
408 -100.812
130 3.56308
585 1.1098
99 -22.959
561 -178.783
202 -13.0394
488 0.851379
91 -24.425
350 7.26053
115 -26.1617
655 2.06659
53 -27.4397
396 -58.0944
359 -2.00797
387 -10.9798
263 -7.7366
132 -20.2589
342 -80.4615
49 -29.3398
397 45.6248
592 1.16675
308 -78.9112
57 -15.5904
357 -3.53775
6 -38.5571
249 -36.2776
372 -126.358
119 -19.8789
219 -10.6511
619 1.59222
111 -23.4275
100 -23.177
308 164.726
395 -1.52063
494 -83.1274
307 26.2978
59 -11.448
53 -27.4408
43 -0.492954
348 -126.691
706 4.52356
258 -10.3869
122 -19.6147
291 -7.9292
340 4.81854
127 -76.2191
316 -6.55847
704 4.62799
383 -1.70209
48 -0.347916
297 6.94949
553 0.57959
392 -95.0871
346 -28.076
70 -25.5299
109 -13.9927
44 -1.20737
170 -14.6513
66 -26.0378
127 -26.7579
485 -22.8087
424 -7.96658
21 -35.6568
390 -125.239
353 5.93411
501 -108.113
376 -11.0804
104 -23.5141
293 -7.8559
307 26.2571
129 -21.1992
536 -0.534668
8 -10.0661
115 -21.1951
360 -22.7664
317 -34.0456
85 -23.8325
223 -38.228
191 -14.4751
105 -23.8606
262 -39.5539
336 -96.3874
670 2.4715
657 2.23999
79 -25.3489
622 1.82098
91 -26.692
236 -11.8427
50 -28.9192
590 -142.215
175 -18.1579
343 -27.9149
427 -107.083
481 -119.915
167 -17.0983
486 -107.441
206 -13.3555
612 1.37372
462 -112.136
105 -22.3535
395 -1.52408
318 -105.764
100 -24.2891
55 -28.4054
135 -19.2855
54 -29.3054
96 2.13654
173 -15.3397
326 -27.9343
440 -103.337
674 -10.5231
225 -38.326
164 -16.5714
440 -69.8879
485 -107.606
262 -50.9571
507 -104.679
85 -22.9878
635 5.59247
483 -2.27722
305 -7.37088
608 -15.3768
675 -12.9203
72 -27.0559
356 -78.3593
242 -11.1583
128 -18.347
497 -119.793
357 -3.53711
49 -28.921
129 -21.1997
354 6.74615
254 -37.3344
17 -39.5918
316 -97.592
242 -11.336
439 -40.679
238 1341.42
364 -3.00873
202 -13.0352
275 -8.50214
250 -11.1455
189 -13.8085
20 -40.1265
355 -109.228
199 -19.4266
561 -178.775
86 10.2982
79 10.7007
335 -38.287
380 -2.18536
520 6.22876
307 231.205
36 -31.3836
256 -51.5597
447 -86.1889
129 -21.1998
150 -17.2687
33 -29.4451
4 -36.076
409 -95.0927
202 -13.1012
147 -19.0619
509 -106.129
399 -57.6972
636 1.16852
226 -12.216
359 -23.3215
213 -12.8237
598 1.32623
343 -4.81995
307 -35.5089
377 -3.26428
486 -107.439
487 -121.032
500 -0.129211
279 -35.6185
68 -27.304
170 -14.6513
365 -98.01
348 -20.7486
141 -31.4772
242 -11.3237
352 -4.95084
65 -27.4808
243 -60.2938
164 -17.1139
465 -29.7295
326 6.3833
84 5.80478
396 -9.74255
281 -35.5673
448 -1.89767
241 -11.4731
352 6.50665
201 -13.5921
507 -121.503
122 -21.7347
422 8.82263
245 -11.3144
315 -34.5224
242 -11.1913
318 2.10013
198 -19.9561
13 -35.0369
25 -10.3038
173 -15.2816
54 -29.3203
457 -111.267
332 -27.0107
500 -20.0787
228 -41.632
342 -27.5997
258 -48.9541
51 -29.099
572 -0.201538
339 -27.5265
495 -107.291
435 -110.935
199 3.95467
10 -34.5967
424 -48.916
946 49.4113
267 -9.54297
355 -3.58237
436 -113.356
501 -108.114
141 -19.8004
305 14.1998
116 -22.4962
348 -126.675
189 -0.418335
319 -108.723
205 -29.1268
130 3.54991
37 -29.1862
187 -14.5218
60 -26.1195
138 -19.5863
349 -5.02231
208 -13.2012
240 1399.4
165 -17.0033
71 -25.8552
521 -0.314026
154 -26.6386
258 -48.9056
244 -56.5548
81 -25.1063
408 -103.634
378 -2.46262
36 -42.3849
380 -2.1897
387 -2.15518
579 -118.503
26 -37.2091
505 0.741394
400 5.91547
54 -29.3417
427 -105.876
408 -103.65
668 2.42078
220 -36.9094
10 -34.6167
598 1.32617
523 -92.5355
509 -16.2225
356 -78.3536
21 -35.6547
320 -108.942
373 -60.6775
204 -48.8617
124 -13.8162
84 -24.8014
339 -21
598 1.32623
464 -28.5362
138 -19.5194
265 -4.46191
24 -35.3312
140 -19.5229
135 -19.8468
239 -11.5941
292 -31.509
130 3.56197
5 -53.2791
71 -25.8576
17 -39.641
387 -1.78845
13 -36.2455
359 -2.00702
344 -4.84607
370 -1.97079
196 -20.4084
262 -37.0927
387 -10.9772
305 0.523895
201 -13.6489
122 -19.6101
2 -34.3766
145 -17.9824
203 -3.12811
668 2.46173
833 17.9769
71 -25.8559
470 -111.382
152 -18.6427
58 -29.1672
663 2.45367
226 -2.95004
44 -30.5914
104 -23.3604
70 -27.1263
396 -58.0938
214 -12.7309
306 -78.6005
357 -3.5372
21 -32.364
635 5.69073
176 -16.4904
7 -34.3975
553 0.578857
228 -41.4272
3 -13.8291
114 -23.1114
176 -16.5192
76 3.11858
113 -23.1383
395 -109.693
50 -28.9038
40 -29.4231
140 -94.791
603 -43.205
173 -15.3611
173 -15.5552
94 -22.5422
125 -22.0343
331 -86.6354
394 -108.699
172 -15.5504
41 -2.10159
82 4.69453
297 6.94968
305 1.28949
260 -53.5223
185 -27.3016
671 11.9645
255 -7.19243
241 -11.119
423 -79.6011
535 -83.0668
116 -22.4572
79 -25.4829
462 -112.149
141 -19.4821
9 -34.6378
388 -2.27292
303 -33.3543
408 -95.1145
169 -17.0106
461 -36.9725
653 2.23987
67 -25.8316
202 -13.5082
607 6.21277
545 0.940979
32 -27.5276
25 -31.3561
14 -2.64107
499 -19.5964
238 1338.13
261 -9.20331
138 -28.4928
185 -27.2791
121 -19.6701
348 -126.641
205 -13.4918
121 -19.6704
372 -126.347
86 -61.2962
124 -21.0244
534 0.932373
10 -34.6023
242 -11.0944
327 8.40549
258 -10.3752
462 -117.331
263 -7.73692
261 -9.20357
920 46.7728
756 9.98077
220 -12.8822
547 -171.07
278 -7.87427
311 -7.05579
21 -35.65
420 -90.0815
12 -19.8195
386 -11.3192
173 -15.275
672 1.45227
96 2.12852
165 -17.0041
279 -23.2324
238 1344.84
68 -27.3633
957 55.5253
173 -15.5449
148 -18.0075
655 2.22913
56 -28.9429
420 -7.75046
396 -58.0933
199 -21.2645
421 -105.267
501 -108.113
172 -15.5541
239 -40.5453
278 -7.87463
84 -24.2868
349 -4.27545
118 -21.4662
455 -2.5455
696 2.59662
54 -29.3179
55 -28.396
750 9.45062
131 -26.2931
608 5.61536
333 12.4908
193 -14.2234
203 -27.5916
705 5.19324
121 -19.6705
450 2.90686
108 -15.9197
5 -50.7827
158 -18.0246
425 -107.017
99 -22.9577
229 -7.77638
510 -113.045
454 3.67542
71 -25.8574
698 2.89923
194 1137.27
18 -40.5582
168 -18.4401
166 -17.2351
523 -92.5689
255 -10.5143
384 -58.1725
228 -63.0802
2 -51.0912
238 1348.84
67 -15.6497
248 -11.114
512 -86.2645
24 -35.28
929 29.783
572 1.15161
309 -35.2755
324 5.28528
8 -33.4574
338 -27.7275
346 -4.38962
656 9.50256
296 93.7312
743 8.06317
358 6.4082
146 -12.7037
127 -12.2904
1084 62.8932
354 6.41736
173 -15.2862
946 49.4036
329 -115.331
661 2.32623
387 -57.3924
371 -63.1622
219 -12.9111
82 4.80535
348 -2.34207
177 -16.3979
522 -12.0599
113 -22.2034
153 -19.415
485 -22.8025
809 23.4198
269 -41.5187
381 -1.79401
357 -93.2349
242 -11.3098
631 5.151
141 -18.8795
320 -32.5459
306 -7.32697
400 -0.122742
40 -29.4228
425 5.03546
276 -8.45554
108 -23.2492
478 -118.743
609 1.39697
503 -17.6527
490 0.824951
302 -7.02994
173 -15.3613
122 -19.6144
21 -28.3833
349 6.99118
362 -3.36057
677 2.50769
324 -113.118
174 -17.8005
158 -18.0815
2 -34.5453
304 -7.33289
242 -11.3002
274 -43.5224
197 -12.3213
3 -32.5529
252 -39.1636
506 -83.6849
242 -38.7929
110 -23.1829
385 51.9121
252 -32.372
199 -13.2218
77 11.1519
463 -117.313
203 -44.5382
172 -16.8402
154 -26.2063
158 -17.3834
573 -0.275208
293 -38.0172
261 -9.19897
234 28.0992
372 -126.351
272 -40.6259
455 -82.6348
302 -7.03006
122 -19.614
178 -17.3846
379 -107.06
228 1224.05
576 1.07703
230 -62.5754
485 -107.612
121 -19.6703
399 -83.9825
17 -7.82292
599 0.0402222
553 0.534241
332 -116.133
332 -27.0034
356 -78.9241
357 -79.5647
120 -20.7689
223 -11.7075
366 -3.26617
19 -35.1916
662 2.3504
148 -18.5617
354 -3.78116
380 -1.8338
283 -5.97092
270 -41.5147
215 -12.2991
357 -3.53772
246 -11.3985
182 -15.4315
197 -13.2108
157 -16.6012
40 -29.423
663 2.43665
89 -23.9846
255 -7.19873
119 40.9935
191 -14.4656
215 -12.8895
262 -38.3486
319 -29.3784
523 -92.5566
359 -84.0602
377 -1.93024
219 -12.9108
218 -12.4935
123 -20.2161
622 -210.354
425 -79.5396
226 -12.4623
159 -10.5268
199 3.95639
336 -127.062
470 -111.423
671 11.9646
279 -35.529
192 -13.6517
226 -64.4112
544 -98.3174
305 -76.8773
195 -8.55515
126 -41.0705
581 -123.933
529 -85.3604
618 4.06677
63 -9.00665
373 -81.141
246 1132.71
9 -56.3908
698 15.1751
481 0.822205
12 -34.4215
126 -19.9124
472 -29.614
510 -87.8158
50 -29.2658
185 -10.0309
56 -28.4609
291 365.62
376 -60.9509
327 2.61142
326 -28.0262
135 -23.3833
590 -142.194
535 -116.587
96 -24.4833
178 -48.3027
242 -11.3274
257 -41.1799
143 -21.728
75 13.4688
129 -21.2007
389 -57.2134
190 -13.6616
473 -106.472
115 -21.1942
326 -28.0264
36 -12.9804
408 -103.664
355 -95.5867
289 -68.7107
523 -92.5267
561 -6.42554
523 -92.57
106 -22.1247
350 7.67044
303 -33.3544
141 -31.48
325 7.38751
168 -17.0663
171 -46.8085
169 -16.9447
169 -11.0902
24 -35.3302
700 2.93976
94 -22.5447
207 -12.9474
252 -10.8435
590 -142.208
280 -43.4474
218 -12.4951
185 -27.2947
479 0.0923462
195 -14.0646
105 -22.353
344 5.20764
419 4.91022
228 -8.04341
69 -26.1592
357 6.715
517 4.58337
248 -38.1067
660 2.42169
440 -103.257
94 -22.5414
380 -2.18878
108 -22.5887
253 -9.19539
184 -11.8593
245 -11.709
759 9.43146
640 7.60077
72 -26.9211
185 -27.2917
357 -3.53561
485 -22.804
346 7.08328
269 18.726
318 -33.2707
357 -3.53717
177 -14.9316
205 -13.4954
107 -23.762
249 8.91362
320 -101.022
463 -116.953
205 -13.4916
324 2.57489
537 -18.0636
171 -46.8098
130 3.55951
332 -98.2622
653 2.37396
358 6.41614
238 -42.4827
545 0.94104
532 -125.422
207 1233.79
318 -96.1055
171 -13.6479
99 25.8185
55 -28.4071
57 -16.8012
470 -111.464
311 -83.6495
499 -20.3869
158 -18.1326
376 -2.57156
477 -118.77
449 -31.5947
598 1.32599
615 4.56995
1076 68.6256
400 5.91571
421 -119.438
55 -28.4049
83 -24.624
250 -9.12872
252 -41.8656
96 -24.3992
90 -26.8819
5 -11.4848
56 -28.6132
434 4.30374
190 -13.7996
128 -41.9509
205 -13.4141
225 248.574
470 -111.411
258 -10.3926
203 -48.9341
686 4.9519
408 -103.665
247 -11.2883
246 1124.36
311 -72.6003
210 -33.886
475 -26.6465
485 -107.609
399 -10.2037
471 -26.5354
265 -4.43582
55 -28.406
73 9.66702
20 -34.1833
203 -13.4068
313 -86.4733
136 -19.7951
205 -13.4917
234 28.2762
179 93.7845
139 -19.5254
521 -119.806
192 -20.1896
442 -71.9297
240 -11.338
348 -126.682
543 -20.0342
378 6.29199
359 -2.00681
5 -17.1746
71 -25.8559
496 -92.5963
470 -111.44
191 -14.2868
633 -233.653
63 -27.9942
30 -29.2747
234 -11.8271
247 -42.0169
341 -4.64987
457 3.63312
148 -18.7155
403 1.54605
341 -4.82172
138 -19.5865
560 -60.865
70 -25.2328
346 -29.9993
660 2.30884
462 -112.109
284 -39.9853
245 1179
200 -23.3231
453 -109.11
371 -8.26682
358 6.39859
406 -1.42667
173 -15.2967
209 -13.3454
181 -14.2344
59 -0.879284
331 -27.9571
107 -23.6966
58 -26.6006
442 -74.097
245 -39.317
199 3.94951
293 -7.87946
117 -26.041
117 -20.0234
99 -22.9591
141 -20.6089
359 5.00116
369 -75.5825
80 -24.7145
335 -121.414
289 -68.7489
573 -0.270508
354 6.83127
201 -6.45963
322 -111.322
162 -16.3479
265 -4.45139
640 1.21454
271 -41.1823
59 -1.18952
138 -89.8764
339 -28.1598
361 5.99731
178 -17.3493
379 -2.24942
306 -77.9019
40 -29.4228
338 -27.5854
523 16.0881
209 -6.29568
80 -26.37
71 -25.8554
396 -109.057
71 -25.8569
215 -12.7764
372 -2.21841
89 -25.0851
247 -38.3542
60 -26.3559
373 -81.9325
125 -82.9961
441 -118.163
227 -12.4935
207 1076.98
273 -8.66595
288 -26.0086
534 -4.66992
85 -22.9884
346 -23.1724
529 -14.1111
472 -106.848
329 -82.7877
78 -26.4201
34 -26.5544
252 -37.3016
255 -7.19865
663 1.20807
485 -107.609
661 2.39648
471 -106.62
252 -36.5942
262 -10.0642
311 -40.8003
400 5.91599
150 -18.4957
21 -35.6412
383 -104.265
115 -21.195
25 -36.6965
199 3.94949
93 -24.5931
262 -39.5513
186 -13.8821
380 -95.2724
194 -22.5989
529 -85.42
261 -9.20393
558 -0.30603
362 6.04822
14 -36.2608
319 -29.3795
129 -21.2013
478 -118.976
319 -29.3781
242 -11.2156
21 -36.1542
291 -7.9296
50 -29.0217
253 -10.7619
372 -126.353
59 -0.924431
351 7.0293
141 -18.5002
484 -121.12
238 -8.90485
550 -172.885
122 -21.9611
384 -2.2002
366 -106.961
122 -19.6105
105 -22.3533
139 -19.6471
400 9.56543
11 -33.3177
561 -178.792
289 -68.623
272 -37.9985
406 -1.42587
159 -16.9032
95 -24.623
358 6.41873
171 -11.5381
348 -126.676
328 8.48428
291 366.555
292 -7.37521
196 -13.6033
597 -0.0899048
11 -35.1148
591 1.09875
502 -13.3407
265 3.11325
17 -18.2301
196 -14.0123
228 -41.4285
339 -27.752
279 -23.1116
248 9.07417
358 4.47003
158 -18.0923
196 -14.1056
66 -27.5037
289 -68.3875
71 -25.8567
439 -119.804
78 -0.769409
261 -9.2039
523 -92.5536
207 -13.1718
246 -11.5525
94 -22.5066
248 24.8484
70 -27.077
348 -126.614
159 -16.5615
243 -38.0569
573 1.05499
360 -22.7596
134 -19.5062
19 -33.2518
441 -127.623
310 48.8468
531 -12.0111
85 27.6579
24 -35.3175
170 -18.1407
411 -77.9743
663 2.41296
248 -56.2845
233 -11.9355
3 -47.365
329 -4.93277
236 -11.6601
272 -8.64581
252 -31.9919
219 -10.6437
57 -28.4603
316 -90.7308
94 -22.5395
74 -26.76
186 -16.8952
150 -17.2715
27 -30.1997
186 -16.908
73 -25.8097
497 -74.0077
72 0.160782
211 -13.0917
115 -21.1955
536 0.890686
306 2.58621
388 -2.33789
308 -80.6512
463 -117.421
545 -19.8287
70 -10.1223
701 4.35767
469 -113.35
411 -77.9737
287 -5.38861
531 14.1397
284 -29.1769
913 -1.72278
26 -19.8834
323 -6.36353
273 -39.0998
260 -9.01903
50 -27.777
185 -15.1237
43 -2.05192
242 -11.2112
683 2.48309
502 -118.584
431 -108.86
18 -34.1904
480 -119.765
151 0.723572
300 -34.7448
255 -41.7641
449 -68.3918
674 2.47052
447 -113.989
5 -17.1765
142 -18.8505
5 -17.1658
148 -17.1669
167 -16.4107
169 -16.0981
298 -82.1019
393 -70.1887
72 -10.4254
268 -13.9982
277 -38.2059
356 -78.3247
378 -55.1912
258 -10.3856
242 12.1644
192 -20.0142
191 -14.3479
5 -50.9594
346 -4.57037
205 -1.33292
399 -52.0677
690 14.2466
167 -17.3527
348 -126.687
173 -18.3207
373 -2.09137
515 -16.378
63 -27.7024
383 -107.096
238 1053.38
271 -8.8147
671 1.51569
355 -79.0846
303 -7.47473
107 -21.8043
1090 61.4862
490 -9.17422
535 0.790833
217 -12.5224
615 3.76654
4 -35.5447
203 -47.2018
355 6.03183
142 -18.9634
378 6.29355
66 -27.5796
167 -15.5031
218 416.864
41 -30.6798
337 -27.4223
320 15.3831
189 -13.6364
24 -32.96
98 -23.3642
304 -9.88251
248 -23.6544
387 -57.3196
300 -36.154
68 -27.3914
360 -22.7935
269 18.7241
437 -133.8
121 -19.6701
386 -2.41486
660 2.29901
334 -94.9718
129 -11.385
53 -27.5709
103 46.7723
347 -21.0624
269 21.9533
333 -10.4859
434 13.7245
689 4.94049
234 41.5179
269 21.9143
143 -60.7564
659 2.41907
159 -86.4543
480 -119.591
162 -16.2141
462 -112.109
594 1.21912
119 -15.5879
149 -17.1423
612 6.2077
269 21.947
310 48.8688
171 -46.8121
115 -21.1935
73 5.11131
553 0.535156
377 -13.4974
83 6.24053
517 -106.986
113 -22.4958
308 -76.0941
283 -35.9743
408 -84.8073
120 -22.4224
386 -11.3189
307 26.9717
605 2.47412
317 14.1334
360 -3.44281
226 -38.6982
94 -22.515
361 -156.583
336 -105.274
288 -68.3223
152 -18.2383
207 -12.7832
34 -32.5535
116 -24.6568
478 -2.46542
347 -27.5954
652 1.23083
194 -14.0567
246 1123.78
226 -2.9619
68 -25.755
447 -99.4896
70 -25.2326
254 1107.2
212 -34.2195
91 -24.8327
264 -39.2301
173 -18.3208
299 -9.63474
319 -29.3784
332 -27.0315
335 -27.5962
21 -35.6485
221 -39.1799
185 -19.538
116 -21.4927
298 -7.52737
3 -29.3196
211 -12.8999
406 -1.42578
291 -7.92728
247 -34.2591
399 -10.2339
162 -18.3542
326 -27.8871
460 3.72147
184 -14.2
68 -25.7448
282 -37.9168
182 -15.0377
101 -24.4467
337 -27.7044
4 -52.7276
288 408.548
21 -34.6833
672 1.57922
55 -28.4846
701 4.4176
475 -26.8472
86 -24.0052
46 2.51569
271 -38.4247
289 -68.5938
472 -8.06403
233 27.0477
248 -38.5186
463 -117.441
204 -13.616
196 -13.9584
535 -18.0697
104 -9.21941
339 -5.1969
43 -28.5895
432 -10.2496
213 -13.0714
63 -9.00587
338 8.79388
122 -22.0107
205 -13.4965
444 -115.139
331 -112.47
478 -125.642
258 -54.6323
46 -29.2177
119 -26.9305
51 -29.4232
534 -19.7355
474 -116.74
638 6.30298
39 -28.6045
36 -29.0046
81 6.27454
369 -65.7428
348 -126.621
20 -19.1121
447 -73.8531
291 -7.92728
560 -60.8229
43 -1.01102
21 -35.6429
332 -116.565
381 -106.833
84 11.6896
325 12.1507
67 -27.3014
225 -38.1277
105 -22.3533
333 -97.5392
227 1153.65
34 -31.0327
610 -0.873474
263 -7.73648
230 -11.8957
501 -108.142
603 -46.9241
165 25.4449
536 -5.13879
248 11.3459
21 -35.6571
471 -106.633
640 7.46497
348 -126.678
53 -27.4406
717 20.9068
408 -103.65
121 -19.6703
348 -126.676
406 -1.42654
129 -21.1995
601 1.3938
247 -11.3449
322 -105.533
54 -29.0183
269 -40.1384
77 -26.4649
134 -18.722
521 17.4022
58 -28.4625
280 -23.8424
380 -2.19003
162 -17.1564
370 -2.89911
386 -11.3191
300 -34.745
334 58.892
249 7.72307
671 11.9644
286 -5.76208
84 -25.1984
138 -19.5865
357 6.2048
40 -29.423
6 -34.873
463 -116.964
501 -108.107
348 -126.686
195 -14.0794
278 -45.339
320 -29.0706
253 -8.51263
345 7.71472
49 -22.4242
335 -107.144
86 -12.4376
68 -27.3443
213 -24.1612
355 -2.60663
200 -13.5836
169 -16.5363
209 -28.1786
278 -43.2619
219 -12.6195
311 -26.5835
348 -126.633
71 -25.8569
289 -68.6182
69 -25.6225
205 -17.9509
94 -22.5417
518 -15.0334
443 -32.8326
648 9.05151
47 -29.5459
586 1.16931
6 -50.9962
343 -70.103
32 -16.3766
71 0.0132828
233 1145.85
246 1121.99
138 -19.5865
170 -46.7748
533 15.8563
184 -10.2457
581 1.17328
459 -84.8745
500 -105.602
17 -39.0723
348 -4.35382
522 -12.0552
26 -33.6936
99 -22.6853
414 -85.5415
172 -19.0594
484 -120.389
378 6.29321
264 -51.901
182 -15.0381
247 1058.06
71 5.0012
232 -11.7853
296 -79.7706
329 -27.6639
38 -28.8768
156 -17.6466
56 -6.92405
162 -16.1174
76 -26.6174
306 26.6337
499 -19.0259
462 -112.143
214 1115.85
577 -127.169
808 23.4856
462 -112.107
263 -53.8207
332 -115.388
80 -25.5103
111 -22.2744
338 5.33881
144 -18.8032
331 -121.081
226 -2.95041
126 -21.4715
128 -21.5073
70 -25.2329
300 48.1649
357 -3.53674
114 -57.1595
197 -13.2744
356 -22.7026
102 3.50983
677 2.50806
373 -81.9289
374 -2.84634
238 -46.5632
484 -22.2059
203 -13.6988
21 -35.6461
522 -12.0574
364 -12.7435
445 -28.2408
24 -33.0839
387 -10.9811
289 -68.4742
624 1.65112
170 -15.7903
15 -37.8785
69 -27.3187
633 -233.655
624 1.64801
329 -27.7168
341 -28.028
245 -37.953
194 -14.1837
248 26.0096
289 -68.6131
920 46.77
220 -10.5359
356 -137.9
139 -18.5913
809 15.8896
463 -117.348
629 1.74274
382 28.5763
290 -7.3671
411 -77.9848
327 5.19711
545 -10.2729
193 10.4886
685 13.1506
170 -17.6276
398 -124.584
5 -17.178
215 47.9514
250 -37.746
486 -0.17749
102 -23.9794
372 -126.339
967 28.1514
258 -10.3868
309 50.4473
265 456.193
263 -7.73581
265 -4.42151
1076 68.6234
68 -27.3115
482 -23.1873
303 -79.8695
690 4.94916
90 -26.882
392 -95.0933
348 -126.628
369 -106.399
240 -41.7578
215 1149.67
239 -40.2414
332 -115.635
375 -49.3654
100 -24.0041
663 2.30359
269 -9.04562
589 -1.48138
93 -22.745
501 -108.106
341 -27.7832
357 -3.64771
200 -20.666
286 -38.3627
144 -19.356
176 -17.5276
506 -10.3869
376 -1.9404
358 -3.41656
329 -4.93393
431 -123.755
497 -121.38
151 -13.0113
222 -53.1408
190 1231.99
200 -14.1033
86 -12.4413
212 -32.8887
376 -98.4677
197 57.1579
381 -83.7594
129 -21.0089
203 9.21376
237 -7.30811
46 -29.5755
494 -83.1423
293 -40.3205
71 -25.8554
150 -17.2709
222 -57.2047
675 15.2209
534 -5.33569
179 93.5919
124 -38.9622
281 -44.7554
159 -17.7332
106 -21.552
417 4.64853
248 11.3282
452 -4.32053
468 -7.37909
205 12.0289
516 0.937561
292 54.0626
337 -27.4026
227 -38.9945
169 -16.2143
279 -23.2705
167 -15.9469
511 -10.0959
22 -33.6675
319 -107.828
50 -28.9425
920 46.7755
122 -39.3252
163 -15.9199
333 -102.351
273 -1.0358
374 -1.96341
155 -17.8518
69 -25.6271
205 -12.9931
745 7.88196
203 -47.2999
10 -54.1638
677 1.49316
382 -56.5313
411 20.5122
99 -22.9579
252 -48.1459
357 -2.66489
560 -60.8273
391 -2.17108
89 -23.7507
213 -36.8292
69 -25.6281
372 -126.363
30 -53.2422
122 -23.6347
440 -40.2018
477 -115.293
461 -30.7979
234 28.2574
239 1215.74
169 -17.6364
305 1.32449
30 -54.814
100 -24.0296
182 -15.5285
540 -119.389
137 -19.7245
691 14.7047
372 -126.348
201 -13.2595
66 2.00754
380 -11.3064
671 11.9646
193 10.292
408 -103.666
55 -27.269
250 -11.2988
207 -32.6676
47 -29.8822
510 -112.361
279 -23.2804
149 -6.74257
545 -2.97388
202 -13.594
171 -13.8222
642 6.94733
245 -50.9666
564 -1.93463
596 -0.0974121
60 -26.6129
291 -40.7194
71 -25.8553
297 258.125
172 -16.7598
139 -29.2052
566 1.03516
612 1.85864
611 -42.3398
238 -11.5758
465 -107.835
37 -24.5863
199 -20.2154
88 -23.3414
153 -58.0185
105 -22.3533
335 -27.5549
346 -25.3916
244 -33.5692
255 -10.4169
52 -27.4423
781 25.7816
174 -15.6687
332 -121.442
372 -2.78207
268 -51.9082
372 -126.348
333 -12.0786
392 -87.4619
166 -16.5288
348 -86.5172
457 -37.6903
506 -4.79883
119 -23.36
261 -9.20366
21 -35.6421
5 -17.1777
171 -46.8026
377 -2.65543
233 -12.1117
590 -142.238
522 -12.0592
358 -2.00751
564 -1.93347
145 -18.4068
395 -56.3846
28 -13.7973
203 -13.3497
107 -15.0697
121 -19.6703
279 -8.85168
305 1.35504
329 -3.56384
332 -26.8515
137 -29.4846
683 12.8182
69 -25.6231
372 -126.332
150 -17.2716
209 -13.2619
158 -18.1324
279 -23.3724
517 -97.8174
596 1.21301
130 3.55325
366 -2.11859
23 -34.8992
8 -10.3737
236 1091.32
269 18.737
249 -41.1795
104 -22.8878
85 14.6655
389 5.91302
172 -15.5503
238 1343.09
310 48.8873
105 -22.3531
232 1122.39
200 -28.9674
208 -9.29665
158 -18.0805
265 -4.36212
341 -76.9171
57 -2.45547
170 -17.0026
219 -10.6506
290 -7.97656
470 -111.412
357 -23.2151
345 -27.5712
545 -137.575
448 -148.9
47 -7.20918
540 -10.1115
179 -21.7902
175 -15.6028
486 -107.299
494 -20.6606
211 -36.1133
387 -10.9824
920 46.7714
139 -19.4857
109 -21.4572
399 16.2828
215 -12.4022
26 -37.0356
430 -103.212
239 1215.96
234 28.2698
303 -33.3544
336 -27.7259
391 36.93
234 28.2767
285 -8.00864
517 -98.0294
706 18.1553
497 -19.7818
29 -23.918
353 -93.2427
428 4.93787
60 -27.6933
186 -14.9493
561 -6.97083
90 -26.8807
603 -13.0745
24 -35.3269
110 -23.3812
47 -37.1452
115 -22.7216
266 -41.5699
579 -3.23712
69 -25.6239
388 18.0855
420 -100.344
268 24.538
618 5.07672
675 1.38226
717 20.9048
289 -68.5893
214 -68.6709
709 4.71381
220 -36.9122
179 92.4412
5 -36.6702
257 -41.1046
433 -5.33536
17 -40.413
151 -3.78099
1076 68.61
597 -0.0906982
88 -24.2916
317 4.83575
432 4.97626
200 -27.1214
41 -28.3644
233 27.0633
507 0.151489
122 -19.6143
335 -1.30234
2 -48.395
435 1.38986
156 -17.7568
319 11.7713
42 -28.8548
115 -22.619
255 -7.19284
597 -0.0944824
223 138.3
246 1106.41
633 -233.626
343 -27.4985
247 -41.8773
348 -27.0031
129 -27.3164
201 -27.0286
438 -100.936
222 1173.23
234 27.6982
115 -22.8164
155 -17.4261
251 1118.09
303 -33.3544
301 -15.3275
611 -42.5083
74 -25.4294
316 10.0496
279 -23.25
94 -22.5361
349 6.86575
119 -21.2592
128 -20.233
146 -28.0316
240 21.9504
381 -4.80463
58 -28.8121
468 -27.8228
288 -68.5837
34 -32.552
306 13.909
392 -5.6449
302 -78.6118
561 -178.773
276 -23.4727
240 -43.6646
377 -11.2741
343 -92.7504
433 -149.161
946 49.4102
262 -39.3358
408 -99.8795
62 -39.4368
258 -10.3746
264 -12.2063
337 -5.17453
396 -58.0735
635 1.30219
406 -3.42596
105 -22.3544
334 -97.117
426 4.65735
353 -5.0058
56 0.901787
523 -92.6175
332 -27.7843
303 58.1365
37 -28.7569
209 1180.17
494 -83.073
238 -36.2448
258 0.811523
485 -22.8088
573 -0.270874
446 4.517
485 -22.8073
279 -23.1043
252 -41.6852
237 -39.5255
503 -0.229462
107 -23.5847
179 97.5786
154 -17.3519
8 -35.322
292 32.506
71 3.95014
311 15.3239
249 -40.4254
637 1.25763
216 -64.3847
59 -27.3454
692 3.54242
200 1007.44
311 11.4591
171 -16.8065
199 -30.6266
182 -15.0391
473 -24.5615
470 -107.494
395 -70.7218
241 15.292
346 -87.5027
101 32.7801
261 23.5077
193 10.3125
638 5.95209
295 -12.3703
561 -178.79
540 -20.1
123 -35.8152
150 -17.2684
267 -9.07758
38 -32.051
687 23.7491
37 -55.4514
691 14.7211
524 -123.555
389 -124.418
86 9.83626
129 -20.2442
383 -11.1714
183 -19.9579
339 7.02863
291 414.808
138 -31.9699
49 -28.6722
242 -61.4256
378 6.29285
484 -119.834
254 -1.44904
62 -39.4315
601 1.42303
512 -15.8097
78 -10.395
146 -17.9203
624 3.36597
21 -35.6494
378 6.29199
579 -2.61261
717 20.9066
246 17.5094
339 -27.6327
290 -35.7496
212 -36.6325
68 -25.7909
387 -10.9818
243 -38.5741
59 -26.2603
203 -13.4592
166 -84.4859
430 -19.516
98 30.5675
463 -116.945
464 -3.60507
654 1.36786
54 -28.808
272 -8.61996
157 -16.8652
122 -19.615
169 -14.0987
70 -25.231
348 -126.632
305 1.08856
48 -29.0955
34 -32.5525
183 -13.8144
522 -12.0509
203 1065.93
79 6.51981
215 -36.6023
137 -99.0519
630 3.42499
522 -12.0552
194 -14.2208
207 -13.3359
347 -1.98813
66 -27.2376
291 54.1614
167 -17.1995
55 -28.3958
255 7.97295
366 39.3422
333 -11.9023
449 -99.9171
448 -7.42596
363 13.742
502 -120.825
21 -45.9788
97 17.1694
263 -7.73425
42 -29.5989
208 -12.8396
522 -12.0287
375 -12.0883
617 2.44672
482 -125.703
525 -5.43805
717 20.9083
375 -22.7331
34 -32.5619
140 -92.7182
490 -120.1
112 -22.9907
612 1.37231
91 -12.3192
419 -105.848
128 -21.1074
150 22.4746
276 80.8948
21 -35.6573
3 -47.2288
282 -37.916
86 -23.0131
17 -39.6036
371 52.5038
634 6.24512
291 -7.93994
632 5.85327
157 -17.4843
275 -37.0853
52 -27.4413
458 -91.8341
629 5.71991
10 -34.9002
558 -0.306335
535 -12.2203
172 -16.7652
57 -2.02765
597 -0.0892334
161 -16.3008
122 -19.6149
597 0.572144
653 8.24457
432 -29.1606
332 -105.688
1076 68.6282
636 6.31244
359 -2.00699
222 246.119
593 0.757568
205 -13.4916
348 6.89053
210 -12.7719
987 81.9783
215 1072.45
310 48.9746
491 -120.845
314 -92.4621
370 -99.1837
205 -13.492
24 -35.0966
624 1.65326
74 -25.4069
142 -17.3824
548 -7.14453
868 23.3408
546 -109.922
374 5.35141
248 -49.9905
160 -17.4305
583 1.17322
206 1125
429 -43.6093
199 3.97046
26 -38.2854
146 -8.86867
536 -11.0322
303 -33.3544
179 -46.7401
367 -118.395
15 -39.0168
59 -26.7657
452 -38.1768
316 -27.8346
510 -112.366
358 -3.63464
503 -95.5779
269 18.7292
133 -67.599
332 -27.028
109 -21.624
47 -29.9218
69 -25.6274
181 -15.0673
277 -27.2521
78 -27.524
571 -5.22284
501 -18.6052
172 -15.5498
240 -34.9544
115 -21.1955
21 -35.6558
223 -12.2899
40 -29.4228
94 -22.5114
346 -14.9333
22 -21.958
510 -17.8289
231 -39.4334
116 -22.24
67 -27.2201
74 -10.3672
40 -28.7941
150 -17.2685
497 -118.544
114 -22.5764
68 2.95174
93 -23.2098
146 -7.76263
207 -36.1671
156 -18.3186
730 18.7917
621 1.89423
314 -98.6188
446 4.12738
233 27.0999
166 -16.5281
324 -32.3811
64 -28.1085
207 -27.9173
470 -111.424
397 -55.5954
96 2.13278
359 6.66232
120 19.3908
599 0.0404053
446 -39.257
170 -46.7716
236 -52.7666
449 -11.0663
100 1.04214
502 -13.3756
32 -49.4716
129 -21.2034
470 -29.9535
166 -16.529
450 -38.6392
11 -11.3675
500 -108.14
560 -60.8647
37 -31.6639
191 -11.744
216 -20.7258
52 -27.6114
115 -24.6724
31 -44.2244
99 14.0611
246 1147.44
416 -0.686737
161 -16.3952
78 -0.78701
656 2.20325
92 -23.1985
21 -35.657
124 -19.652
408 -95.1171
199 55.0875
371 -74.9277
207 -7.88274
328 2.56638
438 -9.61566
262 -39.6377
386 -11.3189
133 -0.219421
269 18.7301
483 -10.9789
223 356.821
215 -12.9121
170 -13.7885
290 -7.97672
315 -6.81171
562 -7.00806
498 -120.936
380 -2.18973
303 -33.3543
380 -2.25119
381 38.4473
505 -9.43939
70 6.20395
138 -19.5866
63 -26.9644
706 4.44714
16 -27.4139
126 -22.456
547 -10.4241
120 -22.2773
637 3.94604
454 -26.4545
350 -2.80295
530 -124.655
364 27.1325
393 -56.0991
675 1.38202
37 -28.8261
677 2.4715
484 0.100403
681 18.0861
468 -31.4261
550 0.247437
403 -81.1264
2 -51.6219
577 -2.69513
74 -28.485
326 -28.0263
80 -24.4216
345 -134.557
166 -16.5281
419 -79.2984
219 12.0407
295 6.5567
99 -24.3538
121 -37.8935
57 -2.1036
34 -32.5508
109 -14.3201
209 -9.55125
241 37.0349
144 -18.1662
1076 68.4817
455 -2.5459
179 -18.6036
246 -32.1947
414 3.49817
234 28.2857
170 52.9501
349 -25.1305
90 -25.1879
76 -27.5033
426 -132.849
18 -33.6049
551 -77.0136
138 -19.1835
397 -107.704
147 -29.0267
263 1.74573
433 -7.54691
146 -8.79491
126 -20.796
268 -8.49835
419 -106.422
80 -27.1916
25 -37.6026
543 -110.62
261 -9.19882
289 -49.9348
545 -2.97418
356 -137.93
73 -25.4197
292 -32.6398
6 -35.0488
361 11.7132
228 -41.6219
62 -39.4056
219 -36.5946
333 -9.58209
71 -25.8568
542 -98.7568
233 1174.99
54 -28.5002
340 -59.5867
10 -34.8377
560 -60.8661
385 5.89978
186 -16.8944
15 -59.1205
636 6.22717
66 -28.2409
121 4.70754
333 -9.57178
327 -10.0095
342 -23.6575
573 -0.271118
522 -12.0538
172 52.9277
505 -4.91373
248 -41.4565
150 -17.2684
62 -39.4085
152 -18.5189
83 -25.122
114 -23.0523
310 48.9021
332 65.766
133 -90.317
137 -19.2345
68 -26.6479
229 -0.361679
496 -8.57346
273 -39.6236
53 -28.3124
76 -10.72
339 -140.439
448 -104.653
93 -24.7286
372 -126.382
248 26.7817
255 -39.1286
96 -23.6568
202 2.98517
111 -51.2629
332 -116.105
57 -28.4129
213 -1.95006
5 -17.1752
226 443.867
44 -20.281
396 -1.27994
203 -45.7916
338 -66.4302
83 -24.5501
32 -29.5736
326 -28.0263
291 54.1573
282 -37.9158
97 -24.4129
523 -92.61
234 28.2907
286 -24.5256
541 8.1626
28 -32.2289
342 -23.5509
16 -38.0695
58 -26.5134
78 -0.78933
342 -59.9622
458 -110.289
211 -32.3726
298 -86.9271
236 -55.1572
14 -37.6667
564 -1.93347
492 -20.9703
443 4.42645
330 -5.28781
45 -28.4556
78 -0.769554
