761 8.12427
761 8.12488
751 7.14587
755 8.06586
721 18.467
336 -1.71448
735 7.17157
618 0.21051
418 -1.02094
618 0.210327
735 7.17181
721 18.4686
758 8.20264
612 0.791138
602 0.633423
771 8.72168
615 0.298889
829 4.53058
751 7.88226
772 8.53925
616 0.139832
619 0.992554
612 0.805664
608 0.673096
754 7.27942
612 0.799133
617 0.927368
1044 40.3066
612 0.779785
754 7.99219
729 6.88934
619 1.19537
769 8.53168
435 -0.88739
619 0.992432
617 0.296692
736 7.00641
449 -3.19165
736 7.22821
235 -25.1697
737 7.10577
973 3.47455
608 0.672668
772 8.55408
612 0.799133
348 -1.13016
33 -79.1063
435 -0.886505
266 -23.9726
1087 43.8423
704 5.3858
756 8.11237
349 -1.5762
761 8.26917
767 8.52698
619 0.992859
736 7.22821
731 7.03265
766 8.45941
1087 43.8291
761 8.12219
183 -8.91992
132 -32.7864
373 -0.865448
1066 41.925
276 -22.9658
455 -0.0563965
754 7.27936
612 0.787842
619 0.992859
737 7.10565
563 0.368408
132 -32.7872
738 7.1181
234 -25.1613
201 -28.6918
619 0.986328
717 10.1162
608 0.673401
619 0.992554
612 0.789856
618 0.212036
509 -1.82321
623 1.34576
1088 45.2867
1205 8.71802
762 8.37286
452 -0.426331
548 0.524475
955 4.29333
266 -23.3171
615 0.273499
902 4.70178
619 0.993042
1024 37.927
622 1.32562
772 8.55493
1044 40.3065
623 1.34613
1087 45.1432
772 8.54736
618 0.211975
1065 42.0861
582 0.542786
979 3.41876
672 2.72931
1044 40.3066
308 -1.33347
756 8.10596
618 0.901978
141 -10.2339
278 -21.6893
464 -0.431274
735 7.17163
46 -53.2659
771 8.72162
118 -34.6191
752 8.08411
614 0.333984
752 8.086
757 8.17487
401 -1.41342
722 11.8712
736 7.22821
452 -0.426208
735 7.17004
772 8.54016
611 1.05518
601 0.528748
183 -8.92114
618 0.211914
985 29.6894
1017 37.9897
944 6.87848
599 0.22998
859 5.24524
771 8.72198
618 0.211365
316 -1.25586
618 0.293396
943 6.86664
722 13.3107
265 -23.3182
672 2.72913
619 0.992493
639 3.99518
601 0.529114
1017 37.9896
902 4.70367
623 1.35767
719 16.0184
739 7.13416
184 -27.5053
797 2.19495
776 8.57428
336 0.323395
616 0.787476
618 0.212036
172 -9.29506
619 0.992981
735 7.17419
336 -1.71381
717 10.1271
827 4.7002
464 -0.431244
280 -21.4803
276 -22.7204
174 -9.25449
529 -0.295776
986 3.16064
1068 42.1782
738 7.13391
46 -53.267
1015 48.4582
911 2.39075
621 0.804688
772 8.55554
452 -0.426514
452 -0.426361
176 -27.5309
534 -3.05463
783 8.72943
621 0.81488
761 8.27637
776 22.9021
452 -0.426544
772 8.58649
724 9.11536
582 0.542786
751 7.14362
772 8.55695
446 -18.3474
758 8.29962
612 0.791809
533 -0.232849
624 1.10461
118 -34.6148
370 -1.83267
692 4.83893
771 8.55103
547 0.241028
717 10.1285
752 8.08441
261 -24.1143
772 8.55255
336 0.323944
970 3.45361
605 0.435791
308 -1.3504
143 -31.2226
736 6.99359
704 5.38501
78 -13.9836
183 -8.92075
772 8.54565
308 -1.77228
118 -34.6183
639 4.00262
827 4.59009
772 8.54797
738 7.13049
703 5.30359
656 1.81903
579 0.555603
755 8.07581
767 8.52179
172 -9.29562
827 4.69312
703 5.23523
768 4.13074
1046 40.6084
469 0.035614
449 -15.0127
382 -1.59198
859 5.24475
670 5.41431
717 10.1253
740 6.92535
1050 43.9529
126 -34.5379
988 3.32922
197 -33.4113
183 -8.92067
9 -48.9791
755 8.06458
297 -20.0037
763 8.37506
486 -2.01544
597 0.625977
1088 45.2867
1087 45.1443
772 8.55365
655 5.35681
612 0.791565
510 -0.709961
435 -0.887115
166 -40.3579
551 0.680969
452 -0.426178
562 0.35144
972 3.30627
593 0.55127
582 0.542847
125 -59.5286
859 5.24524
33 -79.0857
392 -29.8448
452 -0.426514
445 -0.639374
154 -50.4751
152 -9.98105
601 0.529053
717 10.1336
1087 45.1449
18 -64.5253
464 -0.431305
771 8.72156
722 11.839
454 -0.0751343
368 -31.996
464 -0.431
289 -20.6527
735 7.172
771 8.7218
623 1.3454
458 -0.0482788
152 -9.98094
78 -13.9841
455 -0.0582275
145 -10.2085
612 0.121033
800 2.2323
548 0.598877
623 1.36133
1205 8.71777
454 -0.0611877
1087 43.8405
972 3.30609
618 0.212219
465 -0.0376282
703 5.3031
1066 41.925
172 -9.30171
731 19.3945
484 -2.22595
59 -14.277
141 -10.2341
146 -10.2928
727 9.69147
1054 46.7792
716 6.15765
172 -9.29367
464 -0.431274
619 0.992371
118 -34.6188
454 -0.0592346
562 0.347168
693 8.38324
5 -28.9408
613 -0.481628
523 -3.64648
771 8.72162
486 -2.01398
172 -9.29527
840 2.33759
761 8.12433
612 0.121216
740 7.28412
618 0.211914
376 -14.3099
623 1.34607
798 2.21704
562 0.352112
771 8.72156
18 -64.5212
184 -27.5091
986 4.03821
1132 76.6237
276 -22.963
754 7.27936
614 -0.329224
1046 40.6084
594 0.626404
1088 45.2866
549 0.677673
553 0.541565
618 0.212097
173 -27.5925
1041 56.9117
773 1.7793
582 0.542786
1065 42.0862
574 0.564819
141 -10.2312
1050 43.9517
621 1.28961
1106 61.2468
972 3.30609
1151 6.64038
172 -9.29388
435 -0.88739
1001 34.6298
1065 54.9739
623 1.36108
958 29.2865
772 8.55487
747 7.75177
1125 70.6155
297 -19.8912
612 0.799805
452 -0.426544
340 0.31604
672 2.7298
771 8.72186
754 7.27942
970 3.45404
772 8.55438
340 0.316101
801 2.24542
619 0.992493
612 0.417419
736 7.01953
59 -14.2771
1065 54.9723
771 8.7218
579 0.555969
774 2.09576
1202 7.41943
601 0.529114
8 -45.6069
618 0.212463
619 0.776184
480 -2.29474
751 7.14642
563 0.367371
455 -0.058197
598 0.702698
601 0.528564
417 -0.502167
582 0.404297
546 0.234619
544 -0.625427
754 7.27954
8 -44.7202
621 0.820007
9 -48.7355
1205 3.85437
486 -2.0155
621 0.803284
612 0.736206
747 23.5273
278 -22.3341
59 -14.2771
464 -0.431183
612 0.799805
123 -34.6853
64 -39.6826
495 -2.06769
563 0.367065
692 8.47369
717 10.1307
50 -14.6415
725 9.21649
337 0.311249
149 -31.8008
146 -10.1583
453 -0.0725098
722 13.9382
9 -47.7998
59 -14.2771
970 3.4538
126 -34.538
1087 45.1418
142 -10.1624
9 -47.8001
773 1.7793
56 -14.4592
839 3.36676
731 19.3911
771 8.72162
772 8.55481
1041 39.9076
901 8.18433
621 0.819031
612 0.121033
1037 47.3068
970 3.45367
372 -13.402
118 -34.6152
401 -1.41351
8 -52.4866
749 1.90485
619 0.992798
484 -2.22495
737 7.10577
554 0.426697
56 -14.4599
454 -0.0611267
779 8.65167
463 -2.96188
545 0.0588379
973 3.47778
59 -14.2771
1044 40.0593
618 0.211853
297 -19.8913
1065 54.975
472 -1.20715
814 2.86371
994 4.10205
33 -79.0875
9 -47.7988
452 -0.427948
464 -0.431152
321 -1.10907
623 1.34442
563 0.367249
459 -0.0379639
797 2.19482
172 -9.29521
1081 42.0024
470 0.00726318
613 0.947205
8 -52.4652
695 5.02148
41 -15.0945
276 -22.7204
8 -44.7235
761 8.2746
278 -22.3341
579 0.580994
1065 42.0604
1001 34.6298
1067 44.4629
455 -0.0574341
1169 5.92468
900 6.00922
868 20.8567
610 -0.0602417
532 -0.327942
278 -22.334
388 -1.60913
1131 66.7119
614 0.820251
717 10.1292
635 1.69641
613 -0.274658
599 0.605652
704 5.38293
455 -0.0577087
840 2.33728
532 -0.328186
8 -44.739
595 0.651306
761 8.12506
431 -0.823212
532 -0.327393
970 3.4538
771 8.72174
606 0.734436
379 -1.67117
827 4.69989
602 0.684937
1087 45.1431
773 1.77936
1222 9.25403
8 -44.7264
774 2.09576
532 -0.107727
727 6.52057
576 0.444275
771 8.72162
532 -3.31091
481 -10.4707
316 -18.9832
141 -10.2313
1188 6.18665
753 8.14935
983 54.2559
970 3.45367
455 -0.0583496
637 1.81891
462 -0.0436401
141 -10.2311
172 -9.29404
338 -0.86618
123 -73.3972
59 -14.2771
4 -51.2346
509 -5.20474
8 -44.8163
812 2.3606
902 4.70343
672 2.72974
78 -13.9835
1087 43.8418
554 0.426697
988 29.6665
332 -1.23468
619 0.99292
596 0.470642
562 0.346985
172 -9.2951
692 4.83728
1087 43.8405
617 0.983337
78 -13.9835
695 5.02319
118 -34.6157
56 -14.4599
118 -34.6157
455 -0.058075
486 -2.0141
1131 66.7083
56 -14.4256
970 3.45392
1081 42.0005
61 -14.3914
547 0.281738
788 2.1239
627 1.03455
126 -34.5379
308 -1.34329
773 1.77917
973 3.47479
1061 41.5686
704 5.38544
740 7.53833
55 -14.4199
391 -1.55804
561 0.450073
1026 37.9606
722 6.36652
548 0.524414
519 -1.43799
464 -0.43158
298 -19.8745
1015 48.4582
152 -9.98106
754 7.27954
692 4.83881
420 -1.05103
18 -64.5109
454 -0.511963
773 1.7793
772 1.76001
860 5.24634
772 1.7757
447 -0.61261
1079 64.821
264 -23.6761
76 -13.8853
484 -2.22552
131 -10.2529
623 1.36139
172 -9.29512
719 16.019
827 4.69336
388 -1.54749
152 -9.98044
118 -34.6153
601 0.528748
363 -0.916229
278 -22.3341
926 7.07501
401 -1.41348
1044 40.538
33 -79.0836
126 -34.5379
562 0.347595
773 1.77875
1139 77.1764
941 6.62897
297 -19.8916
531 -0.175476
547 0.238037
976 29.1671
464 -0.36908
486 -2.01569
33 -79.1069
1060 43.1851
33 -79.0884
401 -1.41336
1139 77.2277
316 -1.25589
1124 47.5038
129 -34.562
141 -10.2312
401 -1.41357
510 -0.71048
1205 3.85425
1188 6.18677
152 -9.98029
652 5.51605
435 -0.887299
455 -0.0584106
452 -0.426361
641 2.0835
449 -3.19147
173 -27.6084
33 -79.1121
990 3.89258
548 0.524475
50 -14.6135
141 -10.2339
356 -11.6067
749 1.91437
931 5.80115
164 -27.8108
188 -27.581
597 0.623047
943 6.86646
509 -5.21182
149 -31.7999
827 4.69287
448 -0.586243
735 7.01123
703 5.23523
4 -51.2349
317 -14.4565
578 0.366943
792 13.1454
1001 34.4939
985 29.6895
957 1.55359
639 4.00372
118 -34.6158
544 0.34906
582 0.542664
1205 3.85449
529 -0.295898
9 -47.8006
452 -0.426208
529 -0.29541
1079 64.8259
1044 40.3065
295 -20.7576
278 -22.334
454 -0.0612183
59 -14.277
126 -34.5379
986 47.8654
747 23.5259
797 2.19489
126 -34.6881
868 20.8663
827 4.69312
318 -14.3621
152 -10.1994
829 18.5368
719 16.0189
1022 39.2252
901 8.1543
687 2.51416
152 -9.98022
317 -14.3686
172 -9.295
739 17.5665
55 -14.4134
253 -24.3218
1205 3.85449
452 -0.42627
721 18.4787
544 -0.62561
787 2.1416
74 -13.938
985 29.6886
452 -0.4263
327 -1.20682
33 -79.0929
484 -2.22589
991 46.1928
362 -1.87466
514 0.108337
670 5.41431
547 0.238342
943 6.86664
152 -9.9803
434 -0.0648499
735 7.01117
509 -1.82367
46 -53.2677
336 0.323822
1169 5.92456
316 -18.9833
961 3.33752
1044 40.3065
870 5.64362
1099 43.5977
297 -20.0876
149 -10.2895
146 -10.1551
1088 45.2867
612 0.121399
78 -13.9841
970 3.33752
731 19.4074
276 -22.7204
710 5.38562
631 1.46149
1001 34.5005
561 0.450073
452 -0.426331
66 -14.3579
1044 40.4722
738 7.1264
449 -0.0803833
703 5.23517
613 0.106934
26 -16.0258
481 -10.4696
597 0.55957
970 3.33759
529 -0.115356
469 -11.1059
139 -10.2772
1087 45.1445
1139 77.1835
529 -0.295715
435 -0.88681
293 -20.638
59 -14.2771
8 -52.4682
585 0.351379
983 54.2474
1205 3.85425
601 0.528748
475 -0.412506
583 0.382324
480 -2.18396
1147 67.6454
582 0.542786
650 5.31976
970 3.45367
754 7.27954
1068 40.699
731 19.4077
870 5.64386
484 -2.22528
266 -23.2867
859 5.24506
792 13.1466
484 -2.22531
378 -1.66626
703 5.30359
623 1.35492
414 -1.1398
278 -22.3342
26 -15.9993
859 5.24127
297 -19.8927
191 -21.8539
101 -14.6385
26 -16.0234
736 7.22827
105 -35.227
261 -24.0822
509 -5.19308
1044 40.3066
269 -22.7263
276 -22.7204
141 -10.2314
767 8.47681
704 5.3858
742 18.9067
486 -2.01559
281 -22.3654
747 23.5269
507 0.0587158
308 -1.34579
681 3.91412
973 3.47766
795 14.6816
482 -0.736969
49 -14.6447
847 2.93542
78 -13.9833
435 -0.886475
9 -47.7989
40 -50.6717
149 -31.8022
562 0.522766
8 -52.4861
1046 40.6083
143 -31.2229
787 2.1416
681 3.91437
435 -0.886505
8 -44.8189
364 -1.95105
118 -34.615
928 1.80457
486 -2.01401
827 4.69336
719 16.0187
470 0.0139771
868 20.8618
125 -10.4631
1001 34.6299
1205 3.85461
751 7.14362
563 0.367249
293 -20.6379
548 0.524536
49 -14.6633
529 -0.294312
173 -27.551
612 0.121216
472 -1.11026
1087 43.8292
486 -2.01541
993 3.44305
983 54.2562
612 0.121094
660 3.75757
642 1.0672
67 -14.1047
912 1.95905
971 3.4541
567 0.553406
670 5.41425
947 50.364
507 0.0588684
260 -23.9423
936 57.7501
50 -40.0726
8 -44.8165
709 12.4722
1068 46.6438
163 -9.49393
763 4.00537
638 1.02966
670 5.41412
1001 34.4996
797 2.19489
673 2.80621
78 -13.9836
544 0.0282593
51 -14.5685
293 -20.6382
171 -27.9191
26 -45.0581
901 6.25146
26 -15.9987
960 47.9576
293 -20.6381
667 5.37061
1131 66.7139
464 -0.43158
523 -0.105042
511 0.105347
143 -10.1784
454 -0.0611267
1169 5.92468
1169 5.92358
484 -2.22614
294 -20.7236
1027 37.7202
979 3.41876
477 -0.879333
50 -14.6197
292 -20.1811
538 -0.653137
898 18.4536
1041 56.9116
452 -0.426453
1068 40.7004
427 -7.513
276 -22.7204
387 -0.164703
513 0.114197
703 11.6736
960 47.9572
1079 64.8182
901 6.25159
483 -0.571899
684 5.84039
41 -15.1046
983 3.64337
795 14.5935
632 2.33948
762 8.2879
672 2.72919
1022 39.2252
518 -1.63702
747 7.60394
808 19.7875
926 7.07336
468 -12.7466
972 3.30597
140 -32.3602
744 10.4033
590 0.391052
278 -22.3341
559 0.509216
656 1.81842
161 -9.58151
152 -10.1316
554 0.426575
1106 61.2358
292 -20.2373
944 6.79083
1079 64.8239
687 2.42059
869 5.68066
261 -24.0824
1234 3.21936
792 13.1453
633 2.35492
901 46.9314
511 0.123871
464 -0.431335
797 2.19489
473 -1.32129
293 -20.6379
938 56.677
985 29.6894
762 4.93146
1211 9.10693
114 -21.1096
994 4.10419
893 55.8641
930 53.1515
859 5.25171
434 -0.471008
690 5.89471
1060 43.1858
295 -20.5323
9 -45.4504
633 1.021
977 62.9523
561 0.450012
735 7.17157
101 -14.6386
681 3.91412
89 -36.0065
891 45.0211
432 -0.0232849
26 -15.9991
41 -15.1042
163 -9.47157
1222 9.25354
1222 9.25391
417 -0.501373
747 23.5263
851 37.8091
547 0.240845
41 -15.1043
667 2.57819
929 1.81348
78 -13.9842
548 0.524414
507 0.0585938
898 18.4517
128 -10.5448
970 3.33771
557 0.457764
8 -52.4882
401 -1.41351
960 47.9576
1001 34.6302
703 11.6735
1169 5.9231
926 7.07458
887 -16.1803
486 -9.06296
797 2.19476
137 -58.2527
454 -0.0611267
779 16.5222
891 56.5502
825 4.72955
250 -23.1151
294 -20.698
159 -29.1994
773 1.77948
621 0.803284
986 26.7496
515 0.125732
642 2.0838
33 -79.07
583 0.37146
33 -78.9203
276 -22.7204
1022 39.2252
1092 57.1725
26 -16.0279
916 51.426
171 -27.9203
1157 6.08691
379 -1.53326
483 -2.18832
302 -20.4246
55 -14.439
269 -23.8599
452 -0.426239
719 16.0185
685 2.75702
766 2.53424
290 -20.8109
511 0.124176
336 0.327026
541 0.317566
45 -50.601
296 -20.438
475 -2.60443
438 -0.111877
295 -20.7512
562 0.569458
963 34.4624
1087 43.8289
132 -32.7872
1070 46.6553
807 19.8062
735 7.01196
576 0.470886
711 5.45972
983 54.2528
198 -8.29257
114 -21.065
905 53.6927
562 0.347473
829 18.5407
760 17.5135
348 -1.13049
936 57.7485
259 -23.7623
620 0.795227
962 3.33734
1099 43.5996
912 1.95697
980 48.5006
740 7.21405
520 -4.05988
301 -20.4251
509 -5.1843
455 -0.0577698
509 0.0942383
509 0.105988
322 -10.9261
900 6.00916
747 7.6051
554 0.428833
417 -0.501923
437 -0.515717
614 -0.329163
792 14.3622
586 0.327026
784 13.7458
546 0.249329
761 22.2988
473 -1.45096
480 -0.535156
897 55.9429
671 2.56464
828 4.74542
896 55.9263
687 5.8714
486 -2.0163
425 -20.6039
851 37.9575
290 -20.8126
691 5.08136
776 22.9012
9 -47.8037
999 26.0995
689 3.06213
64 -39.6821
858 22.9081
149 -31.8021
484 -2.22568
915 20.4234
805 19.6125
827 8.2663
295 -4.88303
896 28.9432
937 59.5869
482 -0.735382
1065 42.0862
480 -2.29526
828 4.7428
1015 48.4581
948 64.7816
1081 42.0042
373 -0.86554
373 -7.06738
960 27.2161
927 34.4468
710 1.88147
1044 40.3065
132 -32.7874
654 3.27594
898 55.2906
638 2.61023
938 23.3723
561 0.450256
295 -20.5087
401 -1.41348
1026 37.9606
1079 64.8204
515 0.120239
464 -13.2212
336 -1.71512
56 -14.4589
318 -1.23285
806 19.7315
962 26.5879
1059 48.0208
334 -0.737854
646 1.5625
495 -2.06723
278 -22.3338
727 5.94171
870 5.66156
674 4.71155
654 3.27588
982 29.4896
901 46.9101
995 57.1659
913 62.2081
833 10.4448
881 4.96729
954 28.9991
547 0.240906
769 22.2884
26 -16.0244
829 18.5399
819 17.0346
759 22.567
562 0.34729
1205 3.85449
852 38.3202
8 -44.8256
977 62.9527
33 -78.21
294 -20.7587
1114 45.7678
772 18.4603
294 -20.6999
486 -2.01401
811 21.3792
828 4.74426
368 -31.9958
527 -0.0900269
490 -2.14755
865 55.6613
869 5.67377
851 37.8034
510 0.0983887
347 -2.5206
691 8.5144
215 -22.6536
401 -1.51474
33 -79.1129
1222 9.25391
556 0.411072
936 57.7056
846 -6.30304
986 47.6504
52 -42.3051
926 7.07446
898 26.8081
261 -24.0903
8 -45.6084
31 -15.9077
906 -2.06525
909 29.2338
1188 6.18677
488 -2.13571
920 21.3851
967 32.9277
8 -45.6115
858 30.5572
479 -0.479248
797 2.19482
869 5.67737
991 4.17468
9 -47.7984
1058 41.5125
906 -2.90131
978 48.3054
889 52.1408
721 18.4651
888 53.1896
379 -1.57056
828 4.74579
253 -24.3228
858 5.19244
316 -1.25623
978 26.2213
1006 35.411
508 -0.945068
827 -64.4545
281 -22.3652
132 -32.7873
272 -23.1344
1046 40.6083
898 55.8318
805 14.5478
936 59.4542
1092 57.173
815 16.1003
228 -17.1265
153 -10.2392
523 0.193115
829 18.5405
443 -0.0860291
960 47.9565
171 -27.9199
265 -23.1865
860 56.7841
719 16.0186
166 -40.3578
724 6.35956
888 54.1238
991 46.1926
862 57.0544
508 -3.37079
829 18.5404
894 14.8734
1205 8.71802
57 -40.4319
114 -21.1088
1106 61.2344
1041 39.9076
938 56.6931
950 23.3378
983 29.8803
630 1.74542
1063 41.8293
897 56.1164
259 -23.6254
863 55.7449
977 3.12061
320 -17.6351
276 -22.7205
135 -33.2018
296 -20.4222
614 -0.330139
475 -2.60547
816 17.0084
46 -53.2518
5 -27.9075
595 0.690796
339 -12.6693
972 3.30634
633 1.297
246 -24.6008
920 49.5373
639 1.06415
283 -22.0513
814 16.8586
532 -0.32959
783 24.8162
512 0.0953369
639 4.00684
936 59.4641
545 0.22467
792 13.1453
654 3.27502
902 4.70294
718 11.2625
871 5.73584
983 54.2554
792 13.1445
1022 39.2251
294 -20.7195
828 4.74567
901 8.13348
713 10.8967
850 47.1896
530 -3.53882
978 26.2215
46 -53.2536
276 -22.963
904 40.295
195 -8.3224
824 20.8447
829 18.5367
8 -44.8152
898 55.2854
858 22.9031
852 43.939
446 -5.78482
947 64.6855
253 -24.3211
930 53.0476
749 1.91248
972 3.30646
823 36.7089
454 -0.0611267
696 11.3007
766 17.2698
6 -51.2195
849 38.8739
848 -12.5939
865 62.4095
956 59.7731
638 1.04102
520 -1.97009
1096 43.4011
353 0.309906
665 1.25598
851 37.9565
109 -65.346
960 47.9575
154 -50.4751
888 53.1548
1046 40.6082
250 -24.5924
869 5.68085
722 13.9385
417 -1.03964
787 2.14185
45 -50.8415
711 13.1605
829 18.5368
914 34.8251
937 59.6689
432 -0.651733
968 28.3757
787 19.4768
251 -24.4529
354 0.311554
195 -21.0236
887 -16.2159
776 22.9012
963 3.3338
781 23.7233
548 0.515015
811 21.4466
471 -2.55429
1130 45.9156
1087 45.1431
851 37.8103
792 20.9061
1033 46.4125
851 43.6876
59 -14.2772
898 29.5434
782 13.3076
388 -1.55292
313 -14.4795
435 -0.886566
454 -3.21457
526 -0.0795288
964 3.33636
574 0.530273
52 -46.7708
770 21.6912
31 -15.8499
816 -10.8467
941 6.62964
1124 47.5038
114 -30.608
785 19.3838
936 57.7001
828 4.74377
722 17.7872
747 7.60461
791 22.0816
561 0.450012
761 22.2846
1066 41.9249
888 53.2327
735 7.17236
452 -0.426147
807 19.8059
703 3.71002
800 15.4125
26 -15.9988
641 0.967773
26 -71.6032
197 -33.4115
936 57.8192
908 28.902
920 21.6448
8 -45.6159
456 -5.37665
859 56.5109
316 -1.25589
666 2.59521
597 0.254639
973 57.4229
630 1.25079
930 53.1892
36 -50.9639
908 28.9067
266 -23.2162
654 3.27539
322 -2.88809
401 -1.53574
849 -0.972595
548 0.524475
792 13.1445
753 8.15137
639 4.00531
960 3.3277
215 -22.7586
1046 40.5724
308 -1.34927
325 -14.4372
710 13.357
348 -1.13071
556 0.408997
718 8.0379
280 -22.6239
798 23.897
736 19.8637
1054 46.7778
793 18.5779
766 25.2609
792 22.0701
250 -24.5045
483 -0.655396
167 -27.7516
881 5.64172
960 47.9573
852 10.8748
635 1.07672
476 -0.31308
1076 57.9323
1015 48.4581
612 0.121033
656 1.81824
809 22.7159
978 26.2216
201 -8.21768
70 -38.5331
901 6.2514
126 -34.5379
724 17.8127
920 21.5132
743 10.2812
915 20.4255
587 0.332031
57 -40.5175
969 29.222
705 9.93793
477 -3.60355
351 0.282898
668 3.41333
656 1.81836
1234 3.21924
1089 50.9174
883 27.5812
672 2.7298
808 6.17169
792 20.7854
1205 8.71802
51 -35.3831
954 60.2738
936 57.7034
898 55.2338
641 2.08282
670 2.81897
787 13.4766
1046 40.6083
607 -8.47852
991 26.8493
958 4.53986
958 29.311
319 -14.3893
950 23.2972
892 30.2532
279 -22.4463
604 0.252563
497 -0.193909
865 59.3684
927 54.1316
9 -47.7977
621 0.802185
1201 50.6365
235 -1.95085
965 61.9839
817 16.6104
919 53.2377
1124 47.5029
722 13.9385
1076 57.9176
740 2.34735
852 37.7756
792 18.4532
960 47.9576
881 43.8588
812 16.3951
627 1.42352
862 56.9224
722 13.9403
915 36.3611
846 -70.9823
537 0.184082
266 -23.9726
702 5.61517
648 1.4762
950 17.1034
440 -0.0946655
931 31.1811
813 24.6174
195 -21.0225
403 -1.50171
920 22.7915
644 1.28656
641 2.08319
742 12.5361
773 1.77942
735 18.9082
1205 3.85461
916 49.7219
267 -23.1557
868 20.8591
903 52.1558
818 4.75098
453 -0.0716248
938 56.684
292 -20.2361
445 -5.81558
891 56.1324
829 18.5375
829 18.5407
539 0.233704
851 37.8077
264 -23.4861
521 -3.9408
614 -0.329895
718 8.03778
901 47.3597
1023 34.1003
744 10.4028
281 -22.3879
294 -21.627
944 6.87048
792 22.0615
851 37.8263
903 6.21594
561 0.450073
956 25.3043
996 45.5444
532 -0.328308
999 26.086
101 -14.6391
294 -20.4753
950 23.268
995 3.24597
930 53.2023
748 7.53156
493 -2.54047
958 29.3106
841 26.4645
951 28.9548
822 -73.323
1016 43.2919
979 3.4104
803 14.277
835 17.8739
783 19.1234
486 -2.01404
278 -22.3656
796 18.8589
723 7.29419
634 0.991089
937 31.5536
532 -0.327209
263 -23.8274
691 8.43945
901 8.12482
606 0.514771
886 57.2032
810 21.2823
941 37.3299
294 -21.6276
865 55.6266
1094 43.2679
970 3.33752
258 -24.0054
1029 42.1906
380 -1.63245
484 -2.22604
446 -5.80988
912 3.44031
320 -1.81653
518 0.132751
747 23.5269
882 5.72156
902 4.70349
983 54.2484
561 0.450195
1047 41.432
887 42.215
483 -0.699402
632 0.936035
548 0.524536
1131 66.7076
865 55.5261
944 6.87042
727 5.94165
1160 63.7587
835 25.5522
725 6.33899
1074 57.5352
340 0.315582
930 53.1915
869 25.6562
875 96.5842
317 -14.4475
881 5.64233
1110 74.4067
572 0.497986
885 -13.9959
261 -23.8417
901 47.3627
266 -25.1043
930 53.1675
356 -11.6061
915 20.4405
1222 9.25476
282 -22.1837
654 3.276
792 20.9161
312 -14.4525
967 29.0276
614 -0.329468
810 21.2842
900 27.8826
930 53.1988
408 -5.95575
928 7.18231
1006 35.4106
928 35.2749
314 -1.2601
322 -2.87274
810 21.2955
810 21.367
1022 34.6521
185 22.3707
61 -14.378
983 28.9926
851 37.8099
779 16.5372
864 56.5638
905 52.3465
656 1.81836
901 46.8943
743 10.316
171 -27.9196
889 55.8325
228 -17.1099
920 22.6026
471 -12.3568
369 -1.62314
858 22.9044
1085 39.9496
880 14.0682
1031 45.4883
944 6.87042
958 29.3107
888 52.9972
979 3.40454
973 3.47772
901 46.8979
936 57.6993
991 46.1923
960 47.9566
899 55.0754
1169 5.92334
768 14.0873
369 -1.62274
507 0.0587769
132 -32.787
795 18.7654
938 56.6362
856 56.2051
318 -14.3622
885 27.6314
926 6.70587
833 8.38776
877 39.0911
977 62.9523
824 -62.5609
1029 69.8912
849 38.8322
660 3.77197
989 63.3301
1086 40.7509
860 56.2238
869 25.7944
1015 48.4585
794 24.1476
838 32.5068
385 -1.58908
977 29.2181
944 6.87067
989 63.2391
633 0.963379
967 47.0837
793 18.5759
913 33.0981
464 -0.431213
902 30.2614
770 18.876
654 3.27496
1079 64.8247
871 35.2644
350 -1.52487
121 -10.913
278 -22.334
975 48.7941
389 -1.60687
890 56.511
898 55.2408
747 7.60431
265 -23.3806
391 -1.60904
839 22.7485
936 57.9012
783 19.0422
430 -5.23907
991 26.8237
715 5.62787
603 0.531433
874 44.4479
276 -22.3647
500 -3.38147
920 30.4221
938 56.6794
951 54.6085
457 -2.76431
805 19.6131
960 47.9572
910 35.1257
762 20.4718
442 -5.9675
97 -47.8238
864 40.3815
1023 31.2549
901 8.13428
356 -11.6064
792 22.0686
980 26.9284
843 56.7119
264 -23.6559
797 7.35724
896 26.4609
921 30.6703
1149 74.3224
1089 50.9164
960 47.9577
136 -10.9076
913 62.1918
865 55.6388
444 -0.0491943
703 5.30353
703 11.6876
832 10.008
1101 8.56384
681 3.91498
950 69.1594
938 56.6485
603 0.694824
850 40.4822
484 -2.22617
855 35.6191
864 55.2737
901 52.3316
875 101.624
977 62.9523
787 19.4647
858 54.2798
526 -3.68555
783 19.1047
641 2.08295
312 -12.9246
844 18.1937
885 54.5295
988 -5.44855
1100 73.2374
930 53.0455
272 -23.1343
719 16.0183
977 39.1087
675 14.1082
908 -5.5116
972 3.3064
489 -2.32101
737 6.70929
893 15.6613
695 5.20355
132 -33.3471
378 0.689545
850 37.5402
554 0.429871
748 13.0903
543 0.140686
945 52.012
848 23.1259
141 -10.2315
317 -14.4286
865 44.0504
870 5.64276
958 29.2859
888 53.2233
365 -1.90439
829 18.5366
913 62.1716
988 63.3499
201 -28.6876
442 -0.0626831
945 52.0406
656 1.81805
509 -1.82355
256 -24.2178
45 -49.3
1001 34.4944
935 57.6363
703 4.53131
304 -16.5531
801 24.9543
829 26.4299
839 24.4189
308 -15.8339
915 20.4251
98 -43.2701
850 39.6867
57 -40.5165
885 15.699
850 39.6926
41 -15.0944
796 18.8571
347 -2.51962
264 -23.5928
926 21.6585
898 26.7762
722 6.54401
432 -0.414062
960 47.9591
695 11.6909
938 23.3738
864 61.8089
936 57.6999
888 25.528
868 20.8532
940 33.2119
444 -0.0680542
994 4.10419
555 0.668823
152 -24.4424
888 44.6523
481 -10.4688
829 35.4237
131 -33.0467
766 2.53271
482 -0.734955
873 59.3555
379 -1.52008
1025 37.9348
979 26.2753
777 13.3861
876 55.1998
833 10.4464
234 -25.1672
475 -2.69705
860 56.5948
930 31.7831
829 35.5167
785 24.7377
944 6.8302
977 62.9524
722 13.9401
904 30.9603
597 0.568665
930 53.1915
810 27.819
263 -23.7255
747 7.6051
752 2.48401
688 17.3774
859 5.24506
798 24.5037
683 5.90112
266 -23.1964
973 50.1252
859 56.5372
888 44.6503
807 15.8713
809 27.0771
235 -25.174
320 -1.51007
345 -13.3493
810 21.273
815 -4.38916
963 54.21
902 6.48627
991 46.1926
1127 71.0316
943 33.2062
396 -5.67303
810 21.284
901 47.3674
426 0.127838
1046 40.6083
1003 46.9053
149 -31.8021
1124 47.5034
792 22.0636
368 -31.9951
936 57.7051
717 5.44623
864 293.476
844 25.9879
968 20.3343
1006 35.4106
464 -0.43103
276 -22.7204
517 -3.20056
388 -1.5488
818 38.7158
849 2.29633
887 -11.7674
929 7.59259
926 6.70612
254 -24.3331
621 0.80249
999 26.0366
851 37.7762
858 22.9019
973 48.9855
152 -9.98016
999 26.0344
294 -20.7231
868 20.8688
532 -0.729004
888 53.208
814 24.7734
822 -78.9355
534 -0.706848
939 46.8687
796 18.858
942 7.24048
898 26.5867
578 0.411987
991 3.48981
1066 41.9249
61 -58.1501
387 -0.169342
527 -3.55383
806 -32.5787
776 22.9
912 49.0378
401 -1.41348
937 23.1935
668 4.29974
975 58.1017
802 -10.6022
173 -27.5298
511 0.124054
1032 46.1791
860 505.206
856 29.0037
888 53.213
808 23.6556
793 24.4858
317 -14.4553
638 1.67505
1163 39.2637
683 3.88489
1025 37.9425
991 46.1926
799 26.3829
869 25.7949
1205 8.7179
1028 37.8126
933 34.9664
411 -1.1694
356 -11.6065
1205 3.85437
305 -20.2791
306 -8.06985
641 2.08344
809 16.2372
746 13.002
901 27.8267
329 -18.2765
906 -13.7623
868 52.859
1088 51.0067
887 -16.2958
661 9.41925
751 2.46472
1001 34.4935
382 -1.79712
336 -1.71506
773 1.77942
835 37.9783
874 37.7689
791 22.1801
995 7.69794
780 17.0064
937 59.6237
850 39.7102
926 18.28
912 51.7649
900 26.8059
937 59.6253
747 23.526
207 -7.95471
1211 8.99463
869 25.8044
807 22.2246
592 0.372192
938 56.5057
832 16.8428
910 2.97791
294 -21.6182
947 32.7845
1002 46.0952
740 2.3429
23 -67.1315
936 57.705
908 28.9072
1026 37.9604
887 -16.3482
958 24.4163
978 26.2214
994 39.6191
938 23.3739
385 -1.55014
841 26.6104
897 34.3464
889 40.2266
540 0.144897
1159 6.03137
570 0.483459
764 12.0195
369 -1.77731
909 25.9272
938 56.8801
824 -96.0732
759 16.7486
956 58.0284
883 52.6171
1010 47.6466
642 2.08374
851 37.8098
851 37.9564
381 -1.70551
1001 34.4959
1001 47.0776
281 -22.4478
851 37.808
851 37.8141
901 6.25275
817 29.1022
918 30.4467
743 6.74719
356 -11.6069
787 15.5651
1178 52.4727
902 4.703
989 44.3285
763 18.772
762 8.30847
1044 40.6791
809 28.6233
1178 64.4468
971 42.771
967 62.6885
1003 47.2229
519 -7.04291
340 0.314911
851 37.8539
825 -63.8745
463 -2.961
888 44.7225
946 45.2741
830 45.5521
294 -20.5208
507 0.0584717
318 -14.375
960 53.7081
869 24.3024
916 10.2746
452 -0.426331
1025 37.8339
850 39.8938
983 54.2566
747 7.60498
828 23.8303
639 1.00238
41 -14.5516
978 26.4645
898 55.2769
1153 81.8309
1014 47.7557
171 -27.9194
887 40.3604
938 23.3738
486 -2.01343
816 25.0038
641 3.41168
792 22.0646
368 -1.79337
960 47.9586
965 54.4468
276 -22.9631
826 23.2691
950 16.9841
952 60.9615
875 101.487
118 -19.2567
64 -39.6809
949 54.4875
958 29.2833
834 22.2706
850 39.7117
1012 35.3615
141 -10.2339
637 2.41028
978 26.2215
816 26.4954
34 -80.2876
714 6.98523
4 -53.0599
841 22.1243
672 5.48267
763 14.6177
490 -1.79984
815 24.8584
1007 35.4041
1029 69.8909
875 101.598
907 56.0026
826 -59.9518
807 19.8143
926 7.07306
356 -11.6069
322 -2.88605
793 18.5732
413 -8.25479
722 13.9399
1001 34.4946
775 18.9583
57 -37.2221
728 5.98395
417 -0.501556
850 39.6854
936 57.705
925 7.56384
188 -21.8673
773 14.8464
929 54.7623
901 47.3568
747 23.5266
950 16.9855
885 -38.0394
929 45.2011
846 22.6447
916 34.5063
938 32.6718
511 0.12384
761 22.3013
1017 37.9898
980 26.9288
1021 28.7925
719 16.0188
858 56.0718
973 56.1604
827 4.70068
961 29.4978
269 -23.8635
671 -5.20538
991 3.48419
436 -0.0608215
691 5.39911
902 47.9706
975 58.1162
930 53.1851
719 16.0185
8 -44.837
953 46.5276
888 44.3644
944 43.2458
759 16.694
898 18.4509
858 22.9081
733 13.2897
378 0.689606
983 54.2472
459 -2.80707
818 17.8428
870 5.64386
787 19.5703
1007 35.4038
739 12.6029
641 3.41162
490 -1.62814
888 57.0668
322 -1.38712
402 -1.44589
811 21.4184
867 56.2779
799 -11.4495
824 -96.3066
260 -23.677
480 -2.29459
693 8.50317
858 11.0773
804 -18.2843
862 11.785
920 23.0248
810 21.3026
953 23.8812
830 46.4158
795 18.7639
811 20.775
226 -27.4131
1175 81.0796
1120 76.8883
879 57.1231
484 -2.22531
718 8.03754
922 29.5889
839 -95.3864
783 19.1736
482 -0.735504
851 37.8082
851 37.8674
869 25.7544
1041 56.9117
912 12.7883
792 22.0802
698 6.28619
671 2.56451
297 -19.8913
1001 46.231
845 44.6713
912 24.5626
1079 64.822
655 3.32581
346 -12.387
231 -27.0063
890 30.4367
696 9.30261
476 -7.36658
630 0.960632
866 40.7587
943 6.82562
519 -0.0997314
811 16.7338
955 45.728
875 101.126
115 -31.2601
929 31.2175
130 -10.4313
850 39.6883
1135 44.1769
1129 68.3116
888 25.4274
867 25.2001
898 51.2848
965 64.4727
897 16.2711
953 61.1119
430 -5.2392
936 57.7027
792 18.4229
825 34.4186
896 55.9388
1176 42.7198
755 14.3351
942 45.1763
937 57.5239
409 -1.28387
811 21.4459
724 22.4732
406 0.563232
869 25.795
769 17.8118
728 5.98364
1175 81.0742
852 31.47
1160 63.7507
215 -22.7639
824 -64.7806
308 -1.34317
276 -22.4169
132 -32.7855
814 24.6118
654 1.53009
849 38.9011
249 -23.7491
562 0.702271
640 1.0755
717 5.80731
412 0.524536
709 5.60785
1092 57.1702
480 -2.18134
783 19.1252
848 4.56073
764 12.0064
254 -24.3319
1128 71.0664
960 47.9586
409 -1.28265
738 15.6339
869 25.8158
587 0.547852
817 26.4327
764 12.0054
869 25.8005
750 12.1486
722 11.2084
692 8.20129
944 6.8266
459 -2.69647
536 -2.7829
461 -2.87509
869 25.7595
918 51.2361
875 101.644
856 38.3547
797 20.3622
931 29.6661
858 22.9088
824 -96.3377
824 -96.2698
888 53.1256
776 22.9012
1144 77.0818
671 0.681824
742 18.9066
944 6.87036
719 16.0187
869 25.7998
938 56.6701
830 10.3011
930 53.0479
1196 65.3207
776 22.9012
912 19.9974
26 -15.9989
836 26.2524
887 27.9813
171 -9.2034
719 16.0185
989 34.7533
591 0.640686
611 0.383606
157 -23.517
812 27.1315
744 2.66498
387 -0.164154
125 -59.5289
914 49.2115
724 11.4394
718 8.03784
173 -27.5298
1125 71.8503
307 -7.62225
851 37.897
415 -0.769714
903 6.10266
657 5.12238
424 -0.98819
1182 45.7753
126 -34.538
392 -1.56528
768 22.6918
1071 41.5234
776 22.9022
950 16.9798
329 -18.2805
938 56.6472
947 64.674
1087 43.8301
752 2.51544
655 2.6911
953 24.8018
704 6.71295
504 -0.972382
906 11.6379
670 5.41425
887 16.0427
808 20.8484
329 -18.2772
792 22.0687
63 -35.4388
869 25.7583
1028 38.7653
810 16.1804
814 -2.27069
892 51.8826
215 -3.13406
735 22.2566
359 -0.969391
850 39.7125
901 6.25171
416 0.363525
974 48.4085
747 7.60455
822 -74.2587
1033 46.7332
1070 48.9208
905 17.0626
932 22.3175
507 0.0586853
1026 38.0356
573 0.522949
336 -1.71439
791 18.4793
918 9.64087
857 22.5801
840 22.3773
752 2.48413
810 21.3671
734 20.9363
970 63.1443
942 51.309
908 28.9074
829 18.5408
300 -22.8791
859 55.0912
938 56.6541
1079 64.8126
1126 72.984
173 -27.5299
875 98.1927
405 -4.43375
248 -24.6926
853 34.9349
856 153.49
958 29.4131
895 27.7054
961 35.7765
890 58.3525
759 16.6915
930 53.1912
316 -1.25604
1178 51.881
1001 34.4944
260 -23.6764
540 0.312683
7 -55.6124
755 18.6737
798 12.4411
796 18.86
908 -5.59436
858 22.9041
858 22.8846
316 -18.9834
908 28.9111
487 -2.14606
950 23.2948
926 7.07477
850 39.6829
875 99.4662
1139 77.2605
888 53.033
875 43.2859
969 46.7968
979 26.2831
725 6.24609
294 -21.627
868 20.863
427 -7.51096
624 0.606689
719 6.28058
173 -27.5297
704 3.25623
555 -3.90662
843 36.4352
1002 32.4657
1020 46.8319
851 37.8085
887 -9.86523
24 -71.5126
659 2.87024
457 -0.883087
732 4.02429
792 22.0657
859 56.5757
954 46.7713
255 -23.9168
59 -14.2771
670 5.41406
336 -1.71506
405 -1.14551
172 -9.31281
801 -14.1909
495 -1.7377
978 26.2213
719 16.0186
950 23.2649
636 1.06293
888 -2.84174
316 -1.25601
798 12.2875
691 4.86377
318 -14.3785
827 19.4376
927 48.7158
792 20.9438
1065 54.8267
839 28.1974
892 55.8119
470 -2.11584
1027 37.7223
1081 42.0033
374 -13.7926
719 16.0188
872 58.7784
871 56.2737
974 43.4334
343 -13.3874
939 55.5898
889 15.9437
927 35.3856
851 37.9513
919 53.0054
864 43.8136
850 39.7053
454 -0.0611877
654 3.27539
910 2.88934
960 47.9589
930 53.196
1201 50.5948
123 -10.795
1081 55.3535
838 26.4149
638 1.67316
805 19.6128
507 0.0586243
255 -24.4665
542 0.417419
815 24.7944
620 0.792725
823 46.1642
643 1.09967
848 23.0789
4 -53.0627
764 12.0065
1020 40.7999
864 55.4631
45 -50.6276
868 25.5117
903 30.8956
389 -1.54651
773 11.9367
901 46.8843
1077 42.7499
258 -23.7897
635 1.33228
960 47.9589
1177 43.3453
57 -40.5174
25 -16.0497
807 16.334
901 6.25189
887 5.93121
1084 43.4912
874 57.9603
864 55.4036
841 19.988
839 26.3177
293 -21.6208
858 56.7654
919 30.5714
1065 54.975
875 101.405
764 22.295
731 6.29578
368 -26.2616
1109 73.6764
57 -37.2202
1205 3.85437
1093 73.6764
920 21.4739
850 48.4311
671 2.5636
917 49.196
64 -14.3377
693 4.86407
1027 47.4459
648 1.47662
522 -0.167114
526 0.00897217
962 46.4899
992 5.27386
641 2.0835
1188 6.18652
981 45.9546
953 35.0123
387 -0.171082
1016 37.7213
1176 38.9955
356 -11.6064
782 22.0925
852 37.8311
798 -8.76538
811 24.8996
950 59.8337
850 39.7117
254 -24.3324
627 1.27484
773 21.9075
868 25.5262
887 -16.2821
870 5.64374
923 48.5739
656 1.81897
329 -18.2819
834 24.9241
811 21.446
828 40.6064
999 26.0297
944 51.3132
920 22.7812
981 47.1499
858 22.9045
1081 42.0045
900 41.5211
840 -97.2307
928 18.4031
849 38.8117
851 11.0986
8 -45.6041
430 -5.24088
1007 47.2421
930 53.019
529 -0.29364
627 1.27319
638 1.05316
526 0.0422974
781 22.947
436 -0.0621338
889 58.147
900 6.00916
1104 49.0941
826 22.3492
845 29.8125
848 21.8246
915 20.4227
685 11.7053
1005 40.0712
764 21.4533
641 2.08344
730 16.1068
747 23.5255
810 21.2936
742 15.6141
842 18.3859
883 55.0312
991 46.1922
991 46.1923
336 -1.71506
947 6.87433
849 38.8688
749 1.90576
481 -0.656982
386 -5.22562
404 -0.677521
898 55.2872
51 -35.3825
706 3.9281
1026 37.9639
938 56.0339
926 7.07501
889 52.2681
149 -31.8008
656 1.81836
1127 70.9614
908 -5.67242
452 -3.26151
888 53.2306
1051 40.7793
822 -74.2612
1047 40.5485
296 -20.3345
1047 41.4318
826 21.7363
901 46.9303
378 0.689545
835 -95.449
690 4.86102
912 34.1125
949 68.2111
315 -10.4539
825 -65.8953
958 59.2316
1085 39.9541
955 52.593
57 -37.2202
641 2.08337
1015 48.4581
862 55.2064
839 26.97
1001 34.4937
841 27.2672
898 54.4473
1127 75.3729
851 37.7913
1103 73.2539
653 1.35852
876 37.7495
830 33.0663
759 16.7156
710 16.5217
667 2.59863
1084 55.9235
149 -31.801
886 -16.6692
978 26.2216
902 56.4482
250 -23.1165
1017 37.9896
427 -7.51352
980 26.8359
525 -2.80084
517 -2.41455
405 -1.16095
184 -23.177
819 26.7395
912 12.7762
757 14.3546
702 6.57751
256 -23.8922
944 32.7871
533 0.197876
1091 30.3728
875 96.7913
810 21.3047
272 -23.1346
930 53.0143
868 35.0138
308 -2.37427
844 35.9431
1177 42.9352
714 16.9944
936 57.9045
916 53.4558
759 16.6921
742 18.9066
1085 39.9501
835 -58.9769
978 26.2214
850 39.6891
859 56.3113
1043 40.8301
1029 45.2188
817 26.3173
908 2.67493
306 -20.0462
981 46.2134
626 1.20929
1068 49.34
974 35.514
860 56.3325
4 -51.2371
950 50.1642
951 47.3795
958 29.2864
932 51.736
1122 67.3948
935 54.8929
779 14.2742
958 4.54584
750 7.42169
548 0.524475
957 27.3451
797 27.0743
307 -8.25592
1013 42.4713
417 -0.501556
926 53.4949
150 -39.4166
105 -46.0639
797 17.7166
813 24.617
850 39.694
749 1.91437
763 20.0067
868 20.8699
63 -14.5943
908 28.8978
578 -6.28577
999 34.8617
884 52.315
926 7.07452
474 -2.29214
293 -21.6638
835 -95.6308
704 5.38483
1007 46.5532
910 3.80457
878 23.5047
173 -27.5504
921 31.6301
815 -4.40875
1160 63.7112
773 12.5374
635 1.07233
991 46.1924
55 -14.4136
1150 77.3214
792 13.1534
902 4.70325
980 26.9288
533 -0.267395
378 0.689789
529 -0.295593
858 22.9116
703 11.6846
829 18.5375
944 6.87036
1123 48.4573
784 19.0791
643 1.11475
824 -96.3009
1005 47.9193
57 -40.5174
889 44.6406
837 19.4915
851 37.855
926 7.07275
989 26.8329
526 -0.0797119
205 -28.1656
433 -0.0261536
825 21.2657
857 41.0876
437 -0.456451
1135 42.3986
830 21.5206
847 30.0165
434 -0.0490112
826 -63.2796
935 15.459
806 18.5717
736 18.7422
758 11.2753
406 0.562897
709 5.50916
1067 44.4602
416 -26.6067
822 -74.2519
747 7.60553
839 22.7418
78 -37.4088
857 19.4796
853 50.1612
416 -26.6102
1021 37.8746
954 25.672
766 5.36511
927 34.443
796 21.624
920 51.8391
978 26.2213
297 -20.0044
329 -18.2817
778 16.316
847 36.6725
913 62.1969
211 -7.30984
851 37.9579
858 22.9091
734 4.89105
803 21.1237
392 -1.62149
704 17.33
936 57.6971
960 63.4986
933 30.0601
623 2.04803
785 22.475
831 32.5789
638 1.66876
1017 37.9897
930 53.1698
790 12.1464
949 48.4736
796 18.8372
752 12.6894
250 -23.1162
863 55.5131
340 -13.4401
884 37.5325
378 0.689667
898 57.7136
872 41.1019
929 61.1347
869 25.7167
620 0.792419
191 -8.69499
894 12.8981
772 -13.5748
1027 37.7227
816 25.3489
400 -1.58914
621 0.818909
766 2.5321
742 18.9062
959 59.335
218 -29.0636
755 2.58417
881 5.64221
788 6.26953
759 16.6924
908 30.0142
889 57.7206
846 18.2892
561 0.450195
822 -82.2191
786 23.5974
1119 51.958
816 -5.13318
816 17.5639
975 58.1201
780 20.9012
764 12.006
848 40.5724
950 23.4625
776 21.7232
737 17.847
394 -1.54657
238 -21.9671
993 26.7966
431 -0.633362
1017 37.9899
899 54.8594
960 47.959
880 56.0529
55 -42.0106
905 51.9744
392 -1.61813
817 29.7063
234 -25.1621
852 43.304
898 26.771
507 -2.40689
672 5.47632
908 28.9092
811 21.4473
923 46.5027
920 49.0399
376 -13.7177
413 -8.41046
641 2.0835
295 -20.5061
480 -0.582062
749 1.90515
876 1.56555
775 18.8528
1160 63.7557
1118 45.3594
656 1.81903
815 -4.40955
1124 47.5029
823 -89.3469
792 22.0577
400 -9.70865
980 26.9288
913 -21.8993
1047 43.0122
969 47.9016
910 52.4675
594 0.776489
950 65.0702
964 10.8844
891 43.4034
235 -25.1797
731 19.4064
834 6.58734
316 -1.86343
776 22.9028
240 -16.4764
895 14.8489
810 21.3169
315 -14.5248
867 56.233
805 24.6736
798 15.624
411 -1.19647
907 52.7815
978 6.29022
800 -5.11096
1065 54.8289
462 -8.45535
837 26.0157
847 29.679
936 57.7192
902 28.4202
475 -2.61337
781 21.5464
864 55.336
692 20.4539
852 16.6953
983 54.2538
439 -0.0739441
850 39.7115
858 22.9036
883 15.543
507 -1.81659
950 23.2974
944 49.7806
989 33.6855
622 -10.1178
898 18.4501
1162 45.6088
512 -0.932526
707 7.7417
809 25.0878
793 18.4642
1003 32.1804
123 -73.3987
806 21.2075
766 5.36511
893 26.8574
774 2.09515
890 56.5022
778 5.27502
1087 41.2616
856 19.4155
437 -0.473938
947 64.5049
861 57.0548
1076 42.694
960 62.8936
750 4.38464
728 5.98395
969 25.9828
967 25.7843
865 55.6641
935 58.0491
813 27.5645
737 19.6242
1001 34.4968
747 23.5259
807 19.8054
901 6.25208
845 23.402
477 -7.31516
960 47.9607
844 36.4929
1177 42.9329
930 53.0196
936 21.5895
526 -1.52307
95 -13.991
878 5.82025
1178 79.3547
850 39.7117
986 39.8544
825 35.537
760 18.9437
329 -18.278
888 -4.46063
764 12.0067
913 62.2181
897 26.1531
834 6.57928
343 -1.27814
930 53.0183
932 31.1841
858 22.9111
933 44.6408
735 19.1596
924 17.9432
752 2.57831
822 -81.3852
887 33.2458
627 1.17529
53 -54.6127
761 18.4177
331 -0.820343
901 13.3457
813 18.0176
946 55.4082
1179 54.9847
1029 69.8903
920 23.4012
772 26.1431
910 12.2865
887 -16.2201
293 -20.6381
454 -0.0611877
1046 40.5726
757 12.2209
671 3.84424
841 -60.793
709 16.074
465 -0.23587
1065 41.3962
1081 42.2556
980 26.8366
672 5.47119
180 -9.15961
881 55.8109
843 44.9384
864 55.4504
1144 54.5216
747 7.60431
939 52.6274
436 -0.0392456
437 -0.0621033
795 17.7026
440 -0.498749
798 24.2652
447 -10.0612
231 -27.0067
266 -23.9725
509 -3.00137
722 13.9385
514 -0.755127
937 58.522
953 15.9862
858 22.9072
962 28.5695
149 -10.1664
898 26.777
952 45.1373
829 18.5419
228 -26.9335
963 62.3156
171 -27.9198
99 -36.8872
1134 75.8354
1121 52.1091
908 3.67322
815 24.8499
757 16.4809
805 21.9434
829 35.4765
215 -22.7784
980 26.8362
824 -95.8906
882 5.66211
531 -0.0147095
402 -1.43805
317 -14.3698
190 -8.69627
730 4.828
956 29.493
633 -9.60425
908 32.6022
685 7.88544
898 18.4509
886 13.2263
749 14.3622
1001 34.4976
880 41.392
740 2.34631
792 15.842
398 -0.606598
775 22.2806
908 3.5722
849 38.8417
133 -34.2356
535 -0.00439453
880 13.6313
336 -1.71506
171 -27.919
931 31.72
911 18.8387
387 -0.169586
842 22.7448
507 -0.084137
583 0.485046
827 20.9362
988 29.8294
906 31.3865
1054 46.7705
835 -59.7729
851 37.8248
449 -15.0129
859 132.627
793 27.1736
1004 32.1363
837 23.0098
322 -2.89017
471 0.0996094
937 23.1934
181 -9.20589
975 58.1149
1005 47.1636
507 0.0584412
59 -14.2771
403 -9.25113
1214 34.116
875 96.705
1001 34.4938
668 3.41333
722 13.938
804 22.8777
648 1.84338
377 -6.6752
317 -14.3691
650 2.64679
728 5.9834
792 22.0806
900 52.7956
920 11.1897
859 11.1187
837 19.0917
1067 44.4607
991 32.3153
462 -12.6371
727 22.1391
922 37.0256
937 59.2763
294 -21.6273
938 56.6891
775 5.13019
930 53.1713
926 28.7233
1032 45.1973
735 7.34912
936 59.4689
884 43.4966
581 0.551025
712 18.15
751 11.9138
799 16.923
183 -8.91995
94 -12.8913
731 12.6933
671 -5.92419
529 0.0731812
1068 48.4272
909 14.3196
731 19.4052
913 62.2216
753 2.47351
497 -0.17395
889 52.3536
835 -69.7059
937 59.416
966 47.3337
711 17.3614
283 -22.9586
297 -20.0042
886 -16.6316
720 15.6821
190 -8.75078
967 47.6946
1005 47.031
526 -0.0793457
744 10.4027
634 3.17377
888 44.2518
310 -19.9578
866 44.8776
877 55.6509
730 12.5277
766 2.53339
724 22.8892
848 20.681
310 -9.45883
859 56.5764
610 0.698608
892 31.2895
702 7.1828
834 33.2184
859 5.24445
905 8.39441
898 18.4536
980 26.8363
333 -13.6092
634 3.26318
776 22.8989
582 -1.65509
253 -24.3212
664 9.57886
945 41.9934
875 93.1827
783 3.93469
1072 57.837
799 20.462
806 17.8497
906 29.8384
893 11.6599
839 -56.9007
974 46.8445
509 -1.82352
615 1.88641
836 41.383
893 9.14966
9 -47.7972
1008 32.4735
950 29.1085
938 23.3726
891 56.5779
815 -4.38733
767 22.085
767 10.2523
898 26.7771
909 -5.68292
945 14.2592
651 5.04279
888 6.1261
571 0.613159
754 7.27936
648 1.84192
766 5.36145
898 18.4543
960 47.9569
722 13.94
701 15.1718
253 -23.4488
563 0.367798
755 8.77521
900 12.1918
858 12.4781
676 4.17004
1023 41.8876
317 -14.4537
1126 77.9956
216 -30.432
722 13.9396
318 -14.3631
895 27.5873
784 19.4507
969 56.3706
670 3.57587
90 -38.3182
635 1.07684
114 -30.6115
915 20.4378
743 14.0895
828 21.8784
791 22.1008
762 8.40033
975 58.1155
1079 64.8185
639 1.14838
902 4.70337
356 -11.6065
934 20.1169
359 -1.49582
762 8.27856
925 30.6509
883 13.5899
920 23.7695
733 22.2903
166 -9.64914
550 0.131775
855 41.7098
742 18.9064
740 15.3911
776 22.9022
431 -0.0505981
851 30.5842
261 -24.0809
1027 37.9302
533 -0.3703
689 4.63385
225 0.430618
950 17.1033
771 12.3889
872 41.1692
887 33.8435
763 18.3504
912 24.5619
628 1.20062
26 -15.9989
977 62.9525
706 7.02533
946 26.0768
849 11.3941
824 -96.3427
293 -20.638
828 31.8985
837 -58.6968
745 12.4318
530 -2.05743
482 -0.73526
876 5.42688
524 -1.65375
825 -59.9429
173 -27.5296
651 6.27081
776 21.3748
782 14.8023
651 5.46039
171 -27.9194
533 0.0376587
144 -56.4079
822 -82.1978
818 38.4821
901 6.25208
249 -24.6127
958 29.3105
654 4.66931
1017 37.9896
707 5.51013
851 37.7828
231 -27.0062
638 1.67566
747 23.5257
829 18.5363
707 5.59845
803 -0.486145
57 -40.5178
898 18.4504
785 19.2968
724 2.24579
183 -34.8881
903 52.3925
778 20.942
782 21.1096
971 26.2042
847 30.6433
792 22.0463
893 2.97675
1047 40.5969
225 0.42926
225 0.430328
616 0.764465
429 -0.587494
801 27.4838
870 5.6438
610 -5.48163
837 41.7547
788 22.4233
824 -96.3446
634 3.17462
1211 6.86865
121 -10.8658
983 48.7666
427 -7.51276
708 17.6973
826 31.7575
457 -1.42444
937 59.395
772 8.55334
828 4.74426
703 11.6737
905 28.4535
229 -27.7963
1023 38.119
945 15.3952
790 25.39
999 26.0728
135 -58.82
836 25.1923
824 20.9744
931 20.5488
930 53.0156
784 21.6542
610 0.433838
822 -87.8647
302 -20.4601
439 -6.55499
620 0.793335
778 21.1885
943 22.1188
685 11.7081
881 4.97241
937 16.5583
933 26.1416
971 56.6283
912 12.1188
792 20.939
1046 40.5726
879 1.58691
745 3.62445
704 3.25653
737 13.0433
810 21.2508
927 34.4213
869 25.7925
791 22.1161
975 47.8595
870 72.4806
950 17.104
710 26.6016
882 42.9037
513 -3.32776
673 9.9173
943 33.0734
1024 37.6871
796 19.5768
976 28.8636
984 27.614
829 18.5409
297 -19.8912
898 18.45
703 5.3031
794 19.9338
829 7.9856
960 47.9586
869 23.8449
840 2.33728
1197 60.6228
980 26.9288
1027 44.5803
972 46.7922
525 0.207336
958 4.54498
902 27.9905
889 43.9573
884 6.31409
947 64.5069
976 29.7471
879 44.4179
875 78.5472
672 5.47412
225 0.428726
57 -40.5173
867 36.6105
428 -11.9835
828 21.4551
881 30.2092
791 22.0886
957 68.2239
858 22.9041
820 0.955139
960 25.2444
644 1.58075
793 7.14221
77 -38.7618
932 60.3013
926 7.07452
824 -95.1663
727 12.1433
680 13.408
871 12.4576
929 19.9233
991 46.1922
1178 52.5199
983 27.4277
668 9.55627
47 -14.609
981 6.44995
648 1.87433
1005 33.6082
950 23.3
808 24.8968
1140 58.1927
985 3.65912
969 56.7959
483 -3.9389
919 18.3102
829 7.99396
957 41.5862
829 33.3053
958 4.53711
935 12.2227
514 7.81763
609 -5.57996
835 22.6334
529 -0.212402
777 14.2263
532 -0.331299
1140 57.1011
363 -1.9046
501 -0.459808
783 19.1834
958 16.2737
583 0.625183
1067 44.4595
673 8.61102
375 -1.93604
501 -1.58487
791 22.0856
895 14.9377
763 18.3915
784 19.0304
686 2.43616
25 -74.0738
997 3.89636
656 1.81836
792 22.0428
781 22.8714
829 35.4868
931 31.1808
790 6.51428
736 1.90936
125 -59.5285
991 46.1926
829 15.9479
373 -0.854584
958 29.2817
941 41.1014
685 11.7085
1085 39.9523
638 1.67554
1136 42.2704
789 13.2169
297 -20.0043
813 7.02393
970 47.1096
744 10.4027
735 19.6742
883 29.7556
967 62.908
993 26.8282
876 56.3668
1150 76.7791
709 6.3996
775 14.4764
811 25.8742
761 8.12476
527 -0.02771
505 0.058075
855 12.4384
764 26.6342
913 62.1852
949 50.6483
271 -23.6728
700 8.94849
1003 47.2238
1024 40.7306
1201 58.856
880 24.0004
1063 43.5649
1134 58.8932
648 1.47656
187 -34.3904
400 -1.52411
837 33.9204
403 -4.48349
1123 68.293
752 2.54633
971 55.8813
611 0.705139
732 13.2166
941 6.62921
633 1.28241
756 1.84479
1094 41.5106
297 -20.0043
824 23.7472
38 -85.7588
933 26.8909
790 16.0361
370 0.119904
706 12.6763
978 62.8828
954 60.6144
526 1.50494
1067 44.4608
773 11.8237
979 31.4631
215 -22.751
722 13.9387
726 22.6572
791 22.0959
861 5.00854
747 3.56812
858 22.904
841 27.5875
831 22.4325
975 26.4478
208 -8.1709
1047 43.0387
730 12.4408
908 2.45856
920 53.9503
712 13.0227
688 8.46912
460 -0.500977
703 11.6721
958 29.2852
871 41.1182
755 11.8353
935 10.7326
960 28.7181
761 22.2914
945 41.0952
1009 47.348
811 5.15717
175 -9.25354
1047 40.5486
947 1.44464
890 14.7621
454 -0.7388
775 23.6387
674 4.08374
658 8.57184
887 53.4005
968 47.2128
802 15.3864
486 -2.01404
970 3.45398
926 46.5767
756 13.0811
858 11.0115
446 -5.80261
824 -95.5213
812 24.7415
928 31.1367
742 10.3634
968 47.7753
8 -45.616
563 0.367249
797 26.8682
441 -0.51886
760 18.7501
672 5.50281
950 45.5303
773 24.4073
1018 38.1229
837 22.7963
900 11.3503
276 -22.9658
348 -1.13019
621 0.245361
806 25.9279
725 17.4152
668 9.78278
792 20.9259
804 18.0513
858 11.0801
753 11.7147
559 0.266174
576 -3.09747
842 17.6783
615 1.88849
766 5.36121
410 -6.08987
999 26.0312
1215 13.7864
1074 51.9003
859 5.24512
198 -8.4655
747 7.6048
914 49.4764
634 1.0343
789 14.1804
1157 63.6702
829 4.53046
765 13.5269
637 0.915833
758 18.6509
800 -59.1796
927 55.8365
171 -27.9197
406 0.564606
869 7.8631
773 21.7834
961 12.0506
750 18.1686
272 -23.1335
728 7.02271
918 11.6067
746 14.7863
741 22.3972
947 43.5067
250 -23.1179
872 5.09802
613 -0.481567
718 8.0379
907 15.2465
634 3.17273
776 22.8998
685 11.7111
680 4.39325
430 -5.24023
909 12.0134
547 0.434631
785 6.44421
159 -28.5928
500 0.0353699
1047 41.4319
753 18.5562
881 37.9214
588 -0.805603
922 50.2764
731 19.4054
855 41.7795
731 19.4049
608 0.28241
609 -5.58136
777 15.1843
622 2.04547
880 27.6586
868 20.8732
742 18.9064
41 -15.0942
507 0.0584717
959 37.4888
532 -0.328735
957 53.1865
1185 16.4232
190 -8.87772
709 19.8795
979 26.2885
775 21.6438
877 5.91614
1046 40.5726
775 13.5695
786 24.0195
695 13.6774
766 2.53217
529 0.193115
938 23.3746
824 -62.9028
728 5.98407
261 -23.5891
717 20.7869
924 24.1055
984 3.61255
872 5.43909
427 -7.51285
980 26.8364
782 12.6945
520 -2.8028
599 0.585571
975 30.5596
452 -0.426178
235 -1.95749
4 -51.2352
901 30.6234
698 8.80017
837 -3.05511
381 -1.54034
930 53.0445
955 63.4331
752 2.49524
940 13.2116
900 56.3892
759 16.7082
678 8.65466
864 55.2071
202 -2.55084
912 20.0657
638 1.67004
521 -0.0806885
796 19.5629
651 5.45905
749 16.7297
122 -10.8123
509 -1.39194
1098 31.3116
791 22.2417
744 2.66547
194 -8.67595
926 50.6757
779 5.24542
707 5.58539
826 23.8712
756 6.12305
869 25.7936
316 -1.25586
122 -10.5692
431 -25.6522
876 5.8147
977 28.4908
944 6.81427
858 30.0835
294 -21.6193
816 9.09131
769 21.951
792 22.0583
1140 58.0605
988 63.35
667 6.32532
844 10.6269
680 8.66937
790 24.2134
959 44.8116
815 24.6805
683 14.8745
436 -18.4406
234 -26.0963
993 14.5013
710 19.5209
977 62.9532
915 19.2659
758 18.946
578 -6.30573
833 10.4447
840 -97.7223
546 0.134949
651 4.56177
884 39.5607
1177 63.1075
338 -13.3594
770 2.18079
981 33.2551
938 23.3739
928 31.1359
245 -8.2184
815 -4.40674
318 -14.362
725 2.20062
923 18.2362
811 8.29669
272 -23.1335
385 -1.57748
786 19.3146
767 15.1932
1081 42.0026
406 0.562897
870 31.0115
73 -40.3074
378 0.689514
764 14.098
681 10.9594
821 -9.13257
944 6.8703
126 -34.5379
835 18.4147
622 2.8772
828 17.8627
532 -0.324585
360 0.1521
828 4.74438
753 19.9907
1086 42.8257
743 15.4381
1047 40.5513
964 11.3972
791 27.0787
930 62.5805
786 14.723
434 -18.4919
888 53.2488
937 49.4444
617 -9.28369
1205 8.7179
724 17.5316
573 0.550781
957 37.3618
905 28.4097
707 16.0474
1024 30.8633
937 58.3055
661 6.3136
929 31.2173
1021 41.4314
412 -4.89359
655 4.43079
975 29.0413
653 2.10284
782 13.0452
799 18.1475
788 24.7767
785 19.4957
900 53.4367
709 15.6089
915 61.8033
901 46.9406
831 36.9886
653 3.2746
908 -2.35791
681 3.91455
1082 41.6819
692 8.45032
146 -10.5982
925 31.8156
633 -10.3181
469 -5.60309
787 19.6636
788 18.6055
898 18.4515
61 -58.4505
686 4.10065
810 21.3641
591 -0.655212
1008 32.8457
711 10.8276
766 5.36597
782 23.8795
194 -8.41096
915 52.075
924 38.2703
533 -1.53003
774 2.09546
725 6.59302
718 8.03766
856 5.33752
1118 68.6991
245 -24.051
558 -8.07135
607 -4.51147
192 -8.74355
970 26.704
847 29.635
274 -23.9763
199 -8.51791
896 48.9763
744 10.4034
832 6.59009
843 16.3083
968 25.7798
1181 45.4131
863 22.2903
264 -23.6886
476 -0.572845
805 27.4614
853 29.2559
1004 32.2133
766 5.36707
870 31.8896
1131 66.7128
887 -15.7527
735 16.7249
790 19.2076
769 21.8745
1216 51.4573
1073 55.1221
979 26.2791
980 63.0098
946 46.3295
744 10.403
780 5.99896
1054 46.7756
674 5.19177
859 5.24487
709 2.06244
707 16.0367
938 23.3747
68 -39.7414
103 -32.8155
1023 38.1416
901 6.25183
858 22.9041
1004 32.0446
858 22.9041
913 62.2111
918 30.5853
897 56.1325
685 11.7098
751 14.2957
858 22.9114
635 0.93103
853 12.1588
567 -4.98224
726 17.032
978 26.2215
752 2.5918
879 23.0311
1014 27.201
861 30.5757
529 -0.0200195
921 30.5978
712 5.55554
792 22.0677
954 56.2045
843 20.3612
1201 58.8756
828 4.74237
173 -27.5299
538 0.330383
978 62.8839
900 56.4957
999 26.0811
759 16.6101
924 31.4703
306 -2.48773
262 -23.5046
775 16.2645
689 6.59656
731 1.95654
868 5.28809
615 1.88934
1002 26.0258
936 57.7014
926 6.70386
225 0.429169
671 8.16577
677 6.85413
719 18.8
717 23.1777
651 5.45081
722 22.4465
938 56.6769
978 62.8837
955 60.4703
832 -63.6683
403 -0.667999
957 59.9265
824 24.9987
1086 56.5273
293 -21.6678
916 7.35333
912 24.5722
274 -23.9818
140 -57.5333
906 33.9226
1083 55.5493
639 -40.8361
843 37.0681
666 6.45135
1006 35.4109
810 17.0113
639 -42.3098
486 -2.01398
742 15.5998
195 -8.07883
938 23.3747
769 18.5377
121 -10.6446
803 21.733
403 -0.501984
947 68.7443
776 20.9618
1127 44.0087
864 55.2468
126 -10.6804
293 -20.6379
522 -0.19873
960 47.9585
1139 77.2688
401 -0.223846
898 18.4529
412 0.523682
1100 50.0941
613 -0.274597
1098 31.3197
731 3.2749
934 30.1191
702 18.1718
920 22.477
907 40.0286
947 64.545
811 17.4855
47 -14.5206
737 12.9051
911 29.6837
314 -18.4814
960 63.7471
733 12.8804
475 -2.60358
676 4.1698
1138 65.0968
797 2.19495
413 -1.15173
1092 57.1722
797 17.1812
851 4.19366
24 -71.4762
803 -14.7816
672 2.72961
305 -15.7054
937 23.1934
547 0.240784
833 41.6073
901 11.8711
841 19.6938
737 13.0176
1177 57.9142
171 -27.9193
215 -22.6959
1083 45.921
528 -7.65656
254 -24.3312
801 23.6732
869 5.67914
683 14.7408
764 12.0063
999 26.0374
1060 43.1855
1048 40.6198
839 20.1277
887 -2.70441
733 16.3878
462 -0.486969
170 -9.14281
762 26.4404
829 37.5804
858 22.909
774 16.265
1201 58.83
406 0.562958
1065 54.8298
890 -68.42
1027 37.7198
545 0.284729
703 5.4389
789 22.1575
743 10.277
872 58.7166
1027 37.9706
392 -29.8446
745 14.2726
366 0.43042
834 25.2851
990 31.0353
1233 -593.565
714 6.30701
683 14.7693
813 8.6073
1007 5.25897
641 3.41107
457 -0.632782
624 0.732666
154 -50.4751
735 7.17175
700 15.6671
744 10.4031
189 -9.03604
884 39.6953
785 23.0705
1143 71.3505
1160 63.6952
1145 70.0557
314 -11.3258
1029 39.9879
408 -8.78473
809 5.3916
938 32.9365
792 20.3948
1007 35.4021
892 26.5689
810 21.2534
321 -1.10904
446 -18.3479
770 23.3575
680 9.54108
1065 54.9719
908 50.0014
276 -22.9631
654 2.19403
824 -95.2663
1027 37.7197
854 19.4602
840 -96.6999
292 -20.6495
610 0.697998
747 7.60498
446 -18.3473
851 37.8132
865 67.5506
705 15.5418
1196 65.3116
356 -11.6064
860 4.95032
831 8.76868
778 21.9517
325 -1.43646
706 9.72528
958 29.3107
907 53.0648
1001 26.2207
250 -23.1165
362 -12.0069
757 21.1893
991 46.1925
80 -13.773
1017 34.2968
187 -34.3449
961 24.7686
858 22.9035
913 62.1768
938 23.3747
938 19.8919
544 0.324341
776 25.6876
847 29.6414
742 18.9066
141 -10.2337
804 5.1947
634 4.5799
859 5.24445
881 5.79883
51 -35.383
139 -56.0511
732 3.0722
777 19.6291
359 -0.947723
1169 53.623
703 11.6727
797 2.19482
768 17.38
1229 1.05115
720 4.69849
357 -29.1293
792 22.0651
462 -5.61169
661 8.95331
979 26.2784
904 11.2642
266 -25.104
750 4.38477
970 29.0425
227 -28.0201
1023 42.4247
772 18.2388
1151 53.3041
540 -0.23761
912 14.6815
683 14.7158
747 22.5637
742 10.3652
887 4.28369
115 -32.1502
648 1.47693
736 7.22839
821 20.8638
722 13.938
507 0.0587463
869 11.8659
507 0.0586548
679 5.03394
851 37.8669
1105 41.7908
408 -26.0285
805 -39.5591
722 19.1277
999 26.0809
776 12.6354
544 -0.625977
1063 40.7048
321 -1.10907
1134 7.57288
1067 44.4601
1001 34.4943
738 2.36145
977 62.9524
535 -5.84698
1144 56.604
682 4.58685
1059 42.7662
964 63.8953
677 7.86188
688 4.25043
1088 45.2869
544 -8.76788
787 19.63
924 36.7892
764 12.0062
1126 70.7699
863 33.2166
689 4.633
328 -2.1521
742 18.9066
703 16.6152
960 47.9584
703 7.03333
464 -0.431
1179 45.9343
888 53.2296
253 -24.5071
724 11.4753
612 -5.19073
1229 13.0754
881 5.64685
1201 58.8317
976 46.2061
742 2.46838
830 21.3511
635 1.07233
1027 37.9137
540 -4.47565
807 6.13806
614 -5.87817
739 1.96161
859 21.0986
824 -65.2847
443 -0.0533142
582 -1.67035
1081 42.0037
716 20.8083
219 -29.5627
591 -0.62146
11 -56.0294
660 7.6001
126 -10.6804
703 11.6736
691 4.69287
960 4.16113
198 -8.13539
759 16.6933
800 27.9984
728 5.98383
689 4.70868
1015 48.4579
777 24.4811
61 -58.0935
1178 79.632
712 6.65063
960 47.9597
812 8.88135
180 -35.1968
944 6.87048
939 49.0159
851 37.81
25 -74.0175
912 61.9064
1229 6.63611
786 23.722
645 1.11261
1178 79.257
1016 41.3036
519 -0.0106201
241 -24.9051
978 62.8838
1191 -134.662
624 3.14954
958 4.54462
678 3.93994
744 10.2879
806 5.20367
932 7.93585
741 15.1817
193 -8.64026
816 19.6754
626 1.20673
1135 6.46851
779 20.3566
1041 39.9076
1145 65.2736
858 30.7903
733 6.65613
905 28.4532
715 6.10242
999 26.0728
742 10.3117
975 29.0861
1024 38.1439
930 53.0226
532 -7.33917
738 12.6124
735 16.3738
938 56.6778
1134 80.729
265 -24.6353
658 7.62006
937 7.37415
605 0.587097
368 -31.9963
705 15.6525
816 9.09448
750 4.38373
736 21.8028
682 10.033
528 -0.00811768
605 0.638672
46 -53.2587
829 18.5371
280 -21.8198
1121 32.0353
888 13.8393
1054 46.7742
680 12.0807
802 24.5071
126 -34.5378
115 -31.3394
741 2.46204
708 7.50385
1006 35.4093
792 22.0638
1143 57.371
853 15.5031
887 44.2921
583 -2.09406
960 47.9581
260 -23.4691
889 27.4467
749 1.91571
1029 41.2075
742 18.9063
959 24.4796
657 2.20837
129 -11.1333
657 8.64728
1014 41.0171
645 3.66522
908 8.84698
980 26.8397
684 13.6292
627 0.835754
1175 42.4949
922 11.236
959 16.6895
980 6.74615
235 -1.95108
1201 50.6173
737 6.93372
869 12.8228
991 3.67096
691 4.78662
1047 40.552
731 19.4053
926 18.4246
503 -0.230286
405 -1.14102
815 15.8002
2 -33.7684
711 26.2598
887 6.64075
215 -7.68694
652 5.36566
396 0.69989
946 51.7673
373 -2.02783
734 3.31372
126 -34.5379
808 17.5879
627 1.27258
856 5.73975
988 26.4341
716 20.8087
606 0.678223
1136 47.0538
419 0.253845
815 -3.40656
449 -15.0132
486 -2.01395
942 53.1956
610 0.698242
722 11.2798
829 4.53052
718 20.8043
835 33.7928
1092 40.4886
802 20.846
774 21.2189
1143 45.8199
737 2.28308
667 9.71606
776 22.8998
35 -14.7304
656 1.81909
294 -21.6282
998 15.6839
1187 37.436
691 4.89728
818 17.3029
824 -91.769
1051 40.7792
371 -14.5327
927 31.1319
792 22.0651
937 23.3698
293 -21.6697
154 -50.4751
1151 71.1453
1013 32.9163
835 18.8561
678 3.94263
1115 73.3606
945 6.89453
722 13.9403
898 26.7222
747 23.5262
875 101.51
749 1.93518
829 4.53052
1233 -155.372
971 62.8848
622 -8.6474
1078 40.1493
476 -0.297302
714 6.69604
977 62.953
750 10.3329
929 31.2163
387 -0.170013
725 11.7086
57 -40.5168
977 27.296
895 14.9778
671 0.858093
743 11.7424
978 26.2216
1066 41.4912
639 -37.2656
105 -34.353
223 -7.56017
731 2.37585
759 16.7104
1169 72.3867
596 0.591736
1009 27.1913
126 -10.6806
816 9.09369
721 2.3858
1086 40.7518
811 21.4424
605 -5.96204
635 1.0722
1190 6.1886
950 23.3406
848 5.92358
930 53.0182
1163 62.75
752 22.2059
271 -23.1088
5 -52.1124
658 8.57056
1126 70.7698
1115 82.0016
950 16.9838
979 26.2835
257 -24.2381
887 1.05475
870 23.2166
356 -11.6067
988 63.3456
585 0.567444
1065 54.829
924 50.3965
1004 20.2949
578 -6.30695
875 92.2971
878 13.6012
1229 7.38489
901 46.9358
333 -2.61679
540 -4.54724
336 -1.71396
742 18.9064
766 5.36542
92 -13.2549
1048 40.5421
774 2.09509
335 -6.284
682 13.7195
898 33.6626
648 1.47687
808 6.17145
729 12.4885
358 -15.091
736 21.0549
1088 50.9987
958 4.54504
398 -9.39398
89 -36.0916
386 -36.1384
915 20.4385
1092 57.1714
754 2.56958
885 17.7261
793 27.2112
954 3.69952
890 28.4302
735 15.0391
76 -39.4262
883 57.037
1046 40.5721
1047 41.4315
1019 37.431
734 2.06158
777 23.0787
1088 51.0177
888 13.2875
741 17.5207
915 20.4385
59 -14.277
950 23.2782
322 -2.87125
970 26.2288
883 5.98712
235 -1.95059
748 14.6225
1086 29.8984
975 58.1155
235 -1.94008
725 2.5578
584 0.605164
920 30.0137
455 -0.056427
722 11.28
737 13.0401
914 15.7241
131 -10.6688
583 0.429565
183 -8.92111
978 26.2216
786 24.5057
711 10.5078
942 40.9294
1015 48.4579
825 15.6142
731 12.7109
708 7.76215
891 13.1713
726 19.5472
690 16.7485
451 -19.7167
881 28.798
937 59.2125
513 -1.36356
665 2.44312
1163 51.9092
776 22.9012
858 22.9115
1048 40.4998
358 -2.27762
759 16.6917
960 32.4514
388 -1.58817
1047 40.5485
671 0.540649
810 -19.5972
991 46.192
904 51.6182
942 44.1034
173 -27.5342
871 13.004
1128 77.4034
1175 82.3806
776 2.01947
908 28.8052
276 -22.7205
311 -14.5623
993 26.1856
941 7.26898
708 18.6571
972 47.4142
746 15.4322
787 19.6288
697 6.28406
721 5.84106
1128 66.2881
648 1.84241
497 -2.01276
972 47.142
613 -5.88708
1167 63.9878
934 22.6082
1230 -212.577
18 -64.5285
1140 73.3013
796 20.4594
129 -10.707
692 13.5094
310 -19.5203
520 0.124878
306 -15.9661
529 -1.54102
753 2.48297
767 15.8356
1050 40.6316
921 17.005
722 13.9396
967 25.912
898 18.4534
781 5.47998
887 14.731
608 -5.09186
648 4.47333
1026 37.9606
691 10.4565
583 -1.56476
730 12.54
728 12.3607
755 18.9338
336 0.327026
707 5.7995
1014 39.3738
648 1.84192
712 3.3208
133 -10.658
885 9.50708
575 0.499268
1013 37.3878
829 4.5307
722 2.9613
733 20.2521
281 -21.7832
838 -65.4957
532 -0.331482
1126 66.7551
873 23.5856
746 6.80994
772 21.3398
1178 79.0587
900 11.0435
1222 62.3772
793 6.85315
558 -5.00928
1101 51.1952
452 -0.426483
1025 37.7002
727 6.43402
654 8.71771
700 11.5285
1138 6.3241
1169 63.9412
719 16.0187
944 30.4122
781 5.77863
190 -8.75137
78 -13.9835
1064 56.8683
960 25.1767
591 -0.629578
747 9.99445
613 -5.8736
1073 47.5905
425 -3.6413
721 18.4679
861 45.5175
209 -7.72559
962 22.7876
742 18.9065
705 13.3628
204 -8.18707
979 26.2836
874 56.5684
920 35.9368
1191 36.5074
957 45.0858
911 62.6801
743 10.2784
271 -23.6756
961 38.368
763 2.36774
903 17.183
704 3.25592
792 22.0823
685 11.71
1003 62.0936
343 -16.7914
851 5.599
960 36.7196
77 -38.053
842 36.0545
401 -1.52533
499 -9.70496
1004 32.0726
582 -1.65576
1160 63.7169
420 -6.20898
792 22.0729
558 -5.01324
591 -6.40619
980 29.8386
555 -3.90637
655 1.5965
1085 39.9585
898 18.4507
79 -13.7605
797 7.3573
266 -25.1034
864 19.6973
748 2.44238
1139 77.2675
629 -2.06311
490 10.2264
580 0.479614
714 6.13556
820 15.5013
668 2.6377
756 11.1293
336 -23.5473
737 12.9074
415 -30.7817
726 2.526
1118 76.9723
254 -24.3324
851 15.4763
706 8.75031
931 31.1749
578 -6.29565
665 2.70496
250 -23.116
608 -8.96271
676 -7.16754
410 -1.21533
1146 69.2905
757 16.3771
779 21.52
1163 65.4675
877 31.1735
190 -8.71776
511 0.123962
748 14.46
707 9.04736
990 27.0532
800 3.20581
947 64.684
177 -9.23503
989 63.239
303 -19.9424
663 6.32501
898 13.1472
781 23.2719
695 14.3489
1148 47.4517
44 -49.9336
431 -5.20602
1088 50.9989
670 2.78503
918 31.2227
750 2.49475
57 -15.0058
800 6.0683
707 15.6252
632 -6.14117
637 1.63599
766 21.3345
195 -8.07927
1213 54.8207
1124 60.4757
890 26.6148
658 8.59015
760 11.6978
995 27.9335
579 0.555847
818 15.9797
235 -25.1769
942 6.76392
404 -1.27182
717 17.8403
1065 54.8267
670 -6.72229
969 31.7203
135 -10.6676
1132 76.7299
712 13.0009
638 -52.5141
853 11.4708
928 60.5766
1002 29.5576
723 12.2977
187 -5.50948
941 21.9716
1008 33.0186
913 62.1983
855 13.5912
923 13.8201
878 5.703
1047 40.6866
710 38.8112
809 8.08472
977 56.8655
641 3.41046
983 29.5579
766 20.8758
745 17.8958
887 1.05396
1110 49.1465
58 -14.4193
608 -5.16608
822 -74.3696
847 29.786
945 49.8946
364 0.395844
539 -5.34637
675 10.7426
922 24.6787
1065 42.0862
1233 -188.149
417 -7.87869
274 -25.1203
2 -41.077
846 20.627
681 3.91412
603 0.108398
874 13.393
897 8.43817
972 54.4148
718 5.63123
1026 37.9851
685 11.7099
822 -74.1927
8 -44.7177
958 29.3105
701 16.0276
800 25.235
824 -64.5483
1027 37.7198
938 23.3747
808 -22.812
206 -11.5442
526 -0.0800171
796 2.20367
503 -1.76511
927 30.2047
234 -25.1605
864 55.2743
667 7.38782
1015 34.4994
658 8.57159
958 4.54395
75 -39.4395
671 -6.58783
701 14.4446
667 9.71674
745 13.3074
854 4.69513
651 5.45502
890 6.28638
447 -10.0624
510 -1.15704
888 53.1892
898 26.8238
732 2.59668
881 5.64288
416 -26.6073
222 0.0682983
416 -26.6123
913 13.5737
859 5.24506
508 -1.2081
641 2.0835
732 7.63409
307 -2.83618
1005 33.603
626 -2.03925
842 35.5023
721 18.5015
322 -2.88687
564 -5.31628
871 23.4836
9 -47.8006
685 11.7093
85 -13.503
887 -15.6636
1115 42.1808
516 -1.8175
686 11.812
951 34.5681
910 51.9579
892 6.25861
1062 40.4938
855 13.9205
777 19.9266
1222 40.4058
185 -35.0002
787 6.50671
426 -0.0536804
539 0.102356
400 -1.53732
548 0.185669
528 -7.66663
105 -34.3552
514 7.52789
624 1.26245
41 -15.1044
764 12.7118
662 2.17389
841 17.9003
171 -27.6045
673 5.2337
582 -1.65564
936 59.4414
759 16.7234
191 -7.47771
894 6.35016
1122 73.6675
857 22.8409
962 39.4249
725 19.039
379 -1.92169
133 -10.7287
1137 74.876
743 11.9525
173 -27.531
212 -4.1778
934 31.8152
883 5.83582
651 5.43848
858 11.0173
507 0.0585632
868 20.8594
495 -14.0949
942 6.73938
1020 44.0121
610 0.698364
633 -9.63239
321 -1.10913
716 14.2681
950 16.9854
514 7.80963
887 28.5294
509 -3.65152
347 -2.52051
659 7.45288
356 -12.8032
829 4.53064
205 -11.4246
425 -20.6064
1061 40.8416
739 12.8346
864 61.5629
1009 37.5203
682 12.2303
732 12.7079
503 1.75784
1010 32.3606
565 -4.60992
858 11.0166
742 18.9066
737 9.48798
496 -2.14926
935 58.0517
935 19.2789
73 -14.0382
752 2.0874
1233 -149.691
260 -23.8943
513 -2.7767
1229 29.0708
667 9.69305
782 13.4059
1052 41.4878
1178 79.3984
994 26.5511
829 25.6693
1119 31.3732
384 -1.5416
731 16.2757
1229 27.5754
766 5.36096
1023 37.7891
428 -26.9857
870 5.34363
423 -17.5698
630 2.60712
664 5.53229
475 -2.60742
862 19.4887
548 0.0872192
757 20.6026
725 2.20258
1098 39.9005
736 7.22827
841 35.6594
1004 32.1863
909 56.1555
566 -5.21484
839 3.55426
25 -74.1398
933 22.2308
718 8.03772
642 2.08423
219 -1.13918
901 46.9987
682 10.8852
517 -4.30115
1175 44.1069
670 8.79974
833 10.447
610 -5.448
120 -33.2908
857 4.77368
866 5.76581
845 20.3425
639 2.77631
992 7.75397
853 5.34387
790 16.1885
608 -8.93268
565 -8.19342
752 4.93848
194 -6.15883
228 -17.0371
606 -0.151062
898 18.45
411 -24.9177
808 6.17029
273 -23.7951
815 24.7948
544 0.289001
774 2.09515
988 29.6664
589 -0.742065
1064 41.1436
321 -1.10916
69 -14.8125
25 -74.0078
833 -98.4485
171 -27.9187
634 3.2984
624 1.09235
1000 29.9685
972 3.30646
846 13.3629
950 16.9772
294 -19.7165
544 -7.3548
446 -18.3473
1019 37.0527
950 45.077
207 -8.04402
895 33.2807
42 -83.2323
1044 39.9196
678 4.37585
989 3.44739
701 16.1483
1147 54.4349
697 12.5559
1152 77.3212
201 -2.63945
881 4.9726
967 45.9828
497 -7.1629
822 12.5474
578 -6.30475
950 23.2155
583 -2.09674
830 -100.125
792 22.07
829 18.5399
835 4.56763
707 87.9364
969 19.9506
634 3.24841
684 10.1295
733 8.43848
564 -4.78412
1233 -188.057
678 8.4455
952 26.4317
838 9.62317
765 18.394
743 10.2831
715 18.3387
453 -0.587494
938 56.6855
441 -0.0698853
721 15.959
699 15.3663
235 -25.1796
595 -0.503418
389 -1.56421
745 22.1769
555 -3.90686
781 15.5594
578 -6.30286
731 19.3942
67 -40.6032
453 -0.576477
436 -18.3914
243 -8.76251
950 17.1038
685 7.86029
765 2.06409
234 -25.1625
1192 49.9926
484 -2.22626
816 9.09204
771 19.0672
931 21.7405
902 11.0552
829 18.5373
987 32.7875
974 46.9608
988 63.35
1076 41.7463
712 8.00702
971 47.9044
750 6.78552
829 18.5397
400 -1.4559
675 6.47656
833 10.4467
659 5.16797
955 16.1068
629 -2.35516
1113 81.4238
907 14.6434
698 8.66565
356 -11.6064
1219 -6.5675
689 4.63361
1170 71.9894
908 28.9092
435 -3.17755
641 3.41077
1018 37.4554
958 29.3107
816 4.64648
1125 73.9657
948 55.5215
583 -2.0932
318 -10.1954
807 27.5847
334 -22.3822
381 -45.8599
730 9.41956
975 58.1155
1138 46.2777
1105 31.6089
1099 43.5848
992 26.687
540 -6.0611
876 31.1018
749 2.44177
698 5.31897
526 -0.079834
928 10.9669
866 5.27557
816 26.1662
744 2.4068
829 18.5366
749 1.91241
764 12.0065
1154 80.4967
628 2.73694
926 21.0004
1008 43.7606
608 -3.11523
1047 40.5962
658 7.45642
677 8.06659
514 7.77612
441 -6.21255
633 -11.0755
1084 24.2313
672 9.34521
307 -20.0159
748 7.61377
913 19.002
915 11.7316
773 1.73029
73 -14.0371
177 -38.9048
651 5.45508
639 -38.9744
727 11.4576
863 5.35315
274 -23.1122
977 27.6318
1135 43.3438
736 11.6388
890 28.4313
178 -39.1302
742 18.9066
852 11.1719
540 -4.56873
901 47.8377
605 0.19989
947 39.8328
356 -11.607
623 2.04834
897 2.44495
610 -5.18213
686 9.34271
575 0.57135
812 -4.2605
630 2.62762
508 -0.130646
284 -21.3871
583 -2.09326
1018 47.8311
685 11.7105
1149 59.4854
1016 37.7993
1017 37.9888
526 1.44104
636 3.04529
615 1.88623
76 -35.7867
842 17.267
79 -14.0635
204 -8.42784
555 -3.90656
1050 40.5596
991 46.1924
271 -23.6752
1230 -212.47
685 4.02625
685 4.02185
1054 46.7775
876 78.5219
607 0.416504
1098 57.8535
776 22.8998
593 0.830017
564 0.256165
875 28.3645
61 -58.1509
972 3.30615
347 -2.52942
833 4.50537
958 29.2859
950 49.6161
75 -13.9768
638 -52.6851
945 14.6299
769 2.18182
634 -12.0002
702 15.387
744 2.66498
512 -7.89185
932 11.5354
19 -18.1594
904 17.397
184 -15.1599
185 -11.4178
514 -0.148071
685 11.7121
1096 73.7555
616 0.730164
926 7.07343
506 -0.10199
404 -29.7491
731 10.1933
866 12.5267
530 8.02887
914 49.8257
1184 9.23425
555 -3.90643
310 -20.0388
675 9.61151
731 20.8343
859 5.2522
186 -22.3692
1120 75.2354
954 26.4087
272 -23.1341
816 9.0943
679 10.9916
1153 38.436
764 12.0054
433 -20.7145
579 -5.53174
1147 77.4059
777 4.56445
575 0.541382
607 0.497253
700 15.449
561 -6.1449
130 -10.7832
671 9.36304
103 -59.5506
508 -1.42334
85 -13.5033
707 9.63885
1146 52.4946
1172 44.2133
271 -23.6729
962 16.3839
953 15.8851
639 -47.1351
755 18.9404
358 0.128723
759 8.32532
178 -9.15295
328 -0.800232
610 0.697693
658 5.92749
461 -4.90344
257 -23.9452
1153 37.848
562 -6.37323
742 18.9066
610 0.697266
820 15.8906
365 -1.89426
887 10.6465
215 -22.6872
1105 35.4133
474 -13.5037
80 -28.8194
652 4.49915
638 1.04877
898 27.0052
912 10.0508
621 0.814758
682 10.8939
637 -63.4191
630 0.828857
713 10.3917
1006 32.0944
933 16.1139
739 9.65448
978 62.883
683 9.33716
702 9.63843
1205 3.85449
729 8.95044
794 24.8679
658 8.56982
174 -23.9128
321 -1.10907
731 1.87738
708 16.9541
1066 41.9252
583 -2.09668
1001 47.5061
504 -3.08423
1018 35.2563
691 12.6653
831 18.591
761 8.12268
1106 14.4652
690 11.712
592 0.559387
190 -8.75139
760 19.7698
1014 34.8235
936 57.7007
959 58.076
154 -50.4752
72 -13.993
1226 52.938
667 9.71692
795 6.97083
1113 41.8682
972 3.30609
1047 43.0255
190 -8.76015
784 2.08069
1230 -212.434
232 -0.527618
1195 15.1315
719 6.81305
710 16.4047
898 18.4501
616 1.92834
736 4.00281
990 26.9176
1132 64.4993
608 -8.93915
889 7.3905
799 15.1379
749 1.90485
993 7.77789
274 -23.9811
540 -4.5506
725 2.20074
635 1.54132
683 14.8594
659 2.86871
724 5.72095
1234 -152.514
493 -1.78278
682 10.8845
524 0.0797729
409 -10.3413
710 24.6888
1170 55.2859
121 -10.7703
731 9.52167
1234 -178.425
831 -98.4654
1119 81.0251
792 16.7713
689 4.63312
803 21.7794
1059 41.8889
782 10.5736
409 -4.81757
642 3.76056
666 4.26886
674 4.08344
297 -20.0042
1018 37.0812
335 -25.7081
203 -8.32684
793 14.4558
703 4.1532
947 22.772
1133 33.3003
767 18.7007
752 2.51166
1078 41.0962
406 -29.4492
685 11.7103
972 12.2695
945 38.4871
85 -13.5013
833 -95.7789
1182 7.81213
706 5.51715
607 0.507935
651 5.42566
706 7.62097
1138 77.6713
480 -4.17966
813 17.1661
729 2.31549
748 11.9536
183 -35.4082
745 17.7529
563 0.536011
1028 46.2559
571 -2.55457
444 -19.9333
560 0.493042
203 -2.91074
1058 41.9113
838 9.48132
870 5.47491
754 2.09497
989 63.241
688 12.2721
778 20.8644
882 28.4399
1119 35.0692
634 4.56854
898 18.4528
1107 48.5103
779 4.6911
588 -0.804504
309 -2.84445
938 23.3746
967 25.4087
635 -29.4528
1239 7.01929
695 5.02838
