463 -2.25
700 0.15979
314 -38.5504
755 5.27289
717 3.52045
701 0.993652
631 -0.0967407
216 -15.0798
629 -0.182861
291 -7.75381
344 -5.51498
627 -0.206482
736 4.51605
829 2.24066
270 -7.646
463 -2.25024
755 5.2345
703 1.08582
452 -3.88632
707 0.154419
243 -6.81184
473 -2.23788
674 0.12384
629 -0.172119
255 -10.764
634 -0.181274
229 -11.0917
720 3.56354
344 -5.51498
635 -0.198669
101 -17.3619
425 -2.7211
719 1.42096
136 -16.5056
208 -11.2658
473 -2.22525
474 -2.22607
857 7.73138
425 -2.56909
633 -0.196106
448 -2.75964
717 3.52435
425 -2.72122
344 -5.51498
738 0.568054
425 -2.72116
857 7.73224
712 3.3797
532 -0.941162
1012 41.5809
656 0.0181885
399 -4.49936
425 -2.72134
707 1.1897
441 -2.57245
656 -0.00201416
430 -2.63385
187 -8.83575
425 -2.56934
532 -0.941223
690 0.0839844
653 -0.0271606
656 0.0184326
344 -5.51498
477 -2.25409
202 -8.29504
378 -3.41116
363 -4.77597
438 -2.57828
735 1.60553
634 -0.09021
290 -6.59048
441 -2.58249
425 -2.56961
720 1.22656
653 -0.010376
332 -4.62924
472 -2.16049
271 -7.22729
725 3.82391
703 1.04572
486 -3.94431
504 -1.53729
425 -2.56952
202 -8.29497
215 -15.0794
633 -0.201538
239 -7.14212
634 -0.0900269
209 -11.2746
771 5.60815
634 -0.090332
532 -0.941162
565 -0.798706
631 -0.0968018
694 1.41895
970 36.4969
843 9.39105
60 -19.0931
255 -10.7625
653 -0.0244751
295 -0.68399
719 1.42139
184 -17.6329
311 -5.09714
130 -16.7982
436 -2.60767
417 -2.91412
1081 37.6279
685 1.16089
290 -6.61172
694 1.41858
489 -1.89273
656 -0.00158691
755 5.23297
187 -8.83565
96 -11.9281
565 -0.798767
738 0.568054
307 -5.18411
981 38.6879
704 1.07959
156 -13.0726
208 -11.2664
738 0.568054
702 1.09589
703 1.15161
388 -17.0495
843 9.19855
386 -24.4138
344 -5.51505
110 -17.8798
283 -7.34375
634 -0.0899658
981 38.7021
787 5.72546
827 9.95593
719 1.422
706 1.47925
738 0.568176
472 -2.22409
1013 41.2319
179 -17.8465
360 -5.24478
720 1.41205
209 -11.3456
836 2.26978
360 -5.19162
765 1.33362
90 -17.6872
525 -1.04346
28 -14.4478
489 -1.90332
90 -13.1779
140 -16.0537
341 -5.7399
348 -32.6447
738 0.567993
107 -17.6982
1081 37.6283
837 10.5272
981 38.6902
399 -3.12454
759 0.862671
290 -6.5954
300 -5.87811
629 -0.180054
656 -0.00164795
209 -11.4329
67 -19.3385
704 1.07928
380 -3.70706
89 -17.668
631 -0.0967407
350 -4.74908
387 -3.26456
283 -7.34491
307 -5.18787
283 -5.90045
773 5.62476
344 -5.51505
378 -3.49374
378 -3.4935
229 -11.0928
694 1.43549
425 -2.56885
31 -14.3418
327 -4.43622
704 1.07935
857 7.71057
426 -3.94736
451 -2.20139
150 -9.5957
738 0.567993
362 -5.06009
720 1.41223
328 -4.45905
710 2.75885
89 -17.6681
187 -8.83522
380 -3.7084
59 -19.0492
715 2.89655
420 -2.82086
866 11.2039
704 2.5777
754 5.15259
1011 38.2115
319 -4.5639
651 -0.0210571
209 -11.4126
759 5.38593
291 -7.7533
137 -16.899
651 -0.0210571
725 0.52417
750 1.80212
349 -32.8051
754 5.15369
82 -13.0205
836 2.26978
771 5.58386
674 0.124146
263 -6.35217
532 -0.941162
64 -19.2775
862 9.66748
468 -2.84906
700 1.46344
47 -21.4083
64 -19.3065
229 -11.0929
57 -13.0101
90 -17.687
656 1.68756
722 3.62506
148 -17.102
699 1.48077
156 -13.0717
446 -2.45673
1012 41.5822
355 -4.52225
130 -16.798
492 -3.84082
378 -3.41071
331 -36.1201
261 -16.5924
754 5.1535
234 -10.8383
381 -3.39233
299 -7.47549
700 1.52411
754 5.15234
425 -2.7211
738 0.568054
709 0.162537
821 6.60345
751 1.45697
684 1.12939
700 1.52319
801 6.41467
992 36.8815
450 -2.49963
423 -2.56821
831 9.91943
399 -4.49933
560 -4.4422
520 -1.03497
253 -6.34509
656 1.68793
245 -6.79893
712 0.201233
625 -0.144409
192 -16.7255
884 13.3615
631 -0.326294
690 0.0839844
344 -5.51505
291 -7.75339
201 -11.5859
744 5.06226
448 -2.75992
425 -2.57388
714 1.55182
311 -5.09705
504 -1.50934
58 -13.6901
711 0.187561
751 1.45911
633 -0.322754
700 1.52344
685 0.0635986
444 -2.59991
444 -2.60077
426 -3.92056
245 -6.77914
67 -19.343
182 -10.8626
857 7.71942
754 5.1535
720 1.22821
667 0.0551758
849 10.5543
44 -19.9611
90 -13.1781
634 -0.0897217
291 -7.75354
631 -0.326355
353 -3.82242
346 -4.47986
193 -8.19231
691 0.241028
1010 41.1975
488 -2.15469
526 -0.991577
291 -6.50589
796 13.2173
255 -7.9875
179 -17.8465
651 -0.0211182
656 -0.00152588
401 -2.9852
862 9.67383
779 5.62921
636 -0.13147
448 -2.75967
720 1.23431
64 -19.3289
457 -2.15695
148 -17.1026
331 -36.1201
201 -9.19348
61 -19.0955
370 -4.67166
267 -56.9435
653 -0.0244751
380 -3.70819
750 1.80188
399 -4.49927
160 -17.5534
187 -8.83476
114 -11.0971
31 -14.3437
452 -3.90927
64 -19.2779
380 -3.70087
738 0.567993
299 -7.47614
406 -4.37009
700 1.52356
267 -8.28131
262 -41.9323
768 1.99377
376 -3.59503
514 -1.16052
83 -18.4373
502 -1.53128
656 1.68927
674 0.124084
335 -4.47931
639 -0.132385
1012 41.5809
738 0.568054
839 9.93097
502 -1.53128
532 -0.941223
521 -0.798462
320 -4.65472
90 -17.6869
307 -5.18677
399 -4.49924
694 1.41901
533 -0.939575
356 -4.2489
386 -24.4138
700 1.52423
156 -13.0734
30 -15.2114
515 -1.42651
857 7.71472
318 -4.79672
718 0.201904
862 9.66821
755 5.27637
291 -7.75281
704 2.58167
630 -0.193115
194 -16.7513
441 -2.58456
218 -10.8131
1011 41.1895
290 -6.59525
488 -2.15329
270 -7.3252
370 -3.9689
363 -5.08676
212 -11.3829
380 -3.36453
481 -3.90076
656 -0.0020752
1011 41.2866
105 -12.1834
187 -8.83585
634 -0.090271
1014 41.4014
115 -10.7841
348 -32.6454
911 13.9889
750 1.80219
532 -0.941223
560 -4.4425
720 1.22876
703 1.06116
700 1.52411
763 1.92261
859 10.9914
631 -0.164307
525 -1.0285
633 -0.0856323
363 -5.00266
344 -5.51501
265 -8.60974
169 -49.8631
201 -9.19357
451 -2.20084
188 -8.36412
481 -3.90106
825 9.62848
328 -4.45786
331 -36.1195
380 -3.71014
843 9.20184
781 5.62305
857 7.71851
566 -1.64154
659 0.494812
197 -8.13608
477 -2.27176
50 -13.2909
656 1.68872
526 -1.01086
704 2.5816
290 -6.59534
438 -2.47278
187 -8.83479
443 -2.49634
703 0.131592
80 -18.4055
380 -3.70157
694 1.44354
89 -17.6683
386 -3.29211
388 -3.2951
840 9.99268
77 -18.4274
318 -4.84665
700 1.52441
525 -1.05292
862 9.67249
229 -11.0933
59 -19.0492
634 -0.0900879
759 1.26544
357 -5.32547
358 -3.72598
735 1.60437
388 -17.2782
105 -12.1839
832 10.5822
188 -8.3642
787 5.72528
197 -11.8652
796 13.2172
299 -7.4761
735 1.59967
283 -7.34415
521 -0.799011
674 0.12384
634 -0.0905762
52 -21.0552
452 -3.91168
327 -4.82776
860 10.6063
201 -9.19333
444 -2.59866
505 -7.6781
228 -10.4051
653 -0.0103149
653 -0.0244141
726 1.92267
768 0.884033
505 -7.67825
202 -8.29498
653 -0.0102539
370 -4.67206
425 -2.72223
769 1.32733
481 -3.66129
259 -9.5294
521 -0.798401
364 -4.77603
46 -18.4431
300 -5.8714
352 -4.72125
701 0.997314
857 7.737
10 -32.9678
58 -13.6904
703 1.06018
193 -16.7221
797 1.17786
262 -24.612
656 0.0184326
981 38.6879
64 -19.2772
786 1.41638
51 -19.3698
382 -3.36514
786 0.775818
380 -3.71014
67 -19.343
735 1.604
295 -7.10577
346 -7.28384
634 -0.289246
30 -14.8956
719 1.42151
55 -13.4858
767 1.21069
392 -3.19833
633 -0.326904
653 -0.0244141
201 -9.1936
344 -5.51501
537 -5.16687
653 -0.0103149
801 6.41473
335 -4.4798
680 0.667053
460 -2.08115
276 -6.1106
89 -17.6665
201 -11.688
114 -11.0969
694 1.45093
486 -3.9451
380 -3.71066
305 -6.20853
759 1.93115
368 -4.59225
444 -2.59973
35 -13.4818
335 -4.48007
789 2.47296
532 -0.941162
59 -19.0509
843 9.3913
735 1.60425
491 -3.66382
352 -3.82462
228 -10.4053
253 -7.59056
499 -3.57703
1016 41.405
267 -56.9465
74 -13.8711
717 1.65173
700 1.52405
488 -2.15469
634 -0.09021
468 -2.85001
768 0.88501
195 -16.7622
292 -5.35913
786 1.41602
79 -18.4258
67 -19.3428
488 -2.15967
1019 40.5415
786 1.41589
651 -0.0210571
768 1.99591
110 -17.879
733 10.1002
632 -0.320435
331 -36.1193
685 1.16095
373 -4.40506
786 1.41302
694 1.45123
922 14.4335
759 5.38684
765 1.96814
406 -4.37048
370 -4.67276
738 0.567993
537 -5.16736
359 -3.78012
862 9.67371
840 9.99164
507 -1.41751
327 -4.52283
391 -3.31839
423 -2.57715
768 1.99451
626 -0.518921
67 -19.3377
442 -2.62683
655 1.80066
857 7.71649
694 1.41827
307 -5.44604
67 -19.3378
213 -9.75369
426 -2.71591
286 -5.88074
653 -0.010437
763 1.95905
497 -3.38104
514 -1.19299
182 -10.8642
862 9.66772
44 -19.9667
303 -6.48822
156 -13.0719
59 -19.0489
387 -3.24222
576 -0.570374
368 -4.59457
481 -3.93674
110 -17.8799
267 -56.8896
292 -5.35916
443 -2.53943
234 -10.8402
513 -1.34332
453 -2.4248
79 -22.338
299 -7.47491
847 10.8005
631 -0.0967407
327 -4.82748
307 -5.17737
426 -3.94772
260 -8.72823
426 -2.71631
849 10.5563
733 10.1003
131 -17.5271
653 -0.0244751
283 -7.345
719 1.42175
370 -4.67133
344 -5.51508
79 -22.3378
182 -10.8637
421 -2.49619
291 -7.75354
234 -10.8422
426 -3.94736
629 -0.202026
496 -1.97272
651 -0.0211182
690 0.0839844
444 -2.59964
387 -16.7039
163 -14.8917
736 1.56183
466 -2.18576
700 1.52325
347 -32.9229
754 5.15173
970 36.4971
331 -36.1187
801 6.40808
336 -4.28244
311 -5.09735
421 -2.49872
720 1.23486
532 -0.941223
64 -19.2778
859 10.9912
229 -11.0928
840 9.99194
866 11.2039
571 -0.522705
857 7.73138
110 -17.879
110 -17.88
385 -24.5452
721 0.276367
876 2.71014
347 -32.6075
182 -10.8584
858 10.5041
786 1.41266
208 -11.4311
42 -19.5235
922 14.428
841 4.0199
800 1.24567
369 -3.59186
32 -15.1834
486 -3.94391
694 1.41705
335 -4.48004
520 -2.95709
198 -11.4396
327 -4.44315
307 -5.18338
532 -0.941223
369 -4.57007
862 9.67389
315 -6.9339
837 10.5256
1063 37.6274
537 -5.1676
664 1.84357
768 1.99396
64 -19.2769
327 -4.828
375 -4.61517
281 -5.9967
357 -4.30573
452 -3.90088
130 -16.798
232 -10.8308
649 0.587158
182 -10.86
801 6.40845
843 9.19977
664 1.84332
208 -11.4451
567 -1.47919
253 -6.34526
560 -4.44208
489 -1.92206
837 10.5266
843 9.31952
64 -19.1707
664 1.84406
243 -7.21323
448 -2.75879
369 -4.57156
366 -4.90811
23 -20.2637
367 -3.62976
243 -7.21368
632 -0.346802
637 -0.193726
837 10.5272
751 0.967468
350 -6.66974
310 -28.0668
866 11.2039
878 3.2395
708 1.22546
50 -13.2534
321 -4.49109
634 -0.289246
720 1.22864
859 10.9915
423 -2.57901
386 -24.4142
1081 37.6281
47 -16.3771
655 1.79468
78 -13.219
1010 41.2117
694 1.44824
801 6.41437
631 -0.326294
64 -19.2771
481 -3.93729
481 -3.93707
10 -33.0215
423 -2.57715
453 -10.7249
815 6.63708
567 -1.47998
633 -0.326111
751 0.961975
510 -2.18744
695 1.5022
182 -10.8584
110 -17.8798
807 2.97644
1010 41.2236
768 0.885864
505 -7.6781
369 -4.5629
278 -5.99619
743 4.97986
935 31.1163
136 -16.5059
837 10.517
689 0.235046
866 11.2036
253 -6.34315
444 -2.57245
473 -2.23773
82 -13.0205
656 1.6897
314 -38.5503
843 9.3902
839 9.93915
284 -7.39523
807 2.97321
922 14.4264
392 -3.23416
290 -6.59543
486 -3.94415
423 -2.578
1010 41.2139
239 -7.14635
488 -2.16202
1092 54.7339
750 1.80273
58 -13.6889
768 0.88446
368 -4.58972
156 -13.0716
79 -22.338
840 10.2199
698 2.15637
881 2.81757
116 -11.7762
356 -3.91077
331 -36.1146
424 -2.5238
27 -14.5836
789 2.4729
290 -5.8118
505 -7.67841
843 9.38995
243 -7.21335
346 -7.28571
406 -4.37201
786 1.41644
568 -3.854
89 -17.6683
60 -19.1835
672 1.35602
367 -4.68665
254 -14.3051
453 -2.54709
59 -19.049
195 -16.7311
651 -0.0210571
486 -3.94498
653 -0.010437
801 6.41455
564 -4.31024
308 -6.328
384 -3.38065
285 -5.91022
253 -6.34521
768 1.99414
779 5.61334
640 -0.144287
412 -2.69547
632 -0.333435
626 -0.543152
501 -1.91937
515 -1.22095
560 -4.44244
208 -11.2665
250 -6.96515
806 6.6806
644 -0.0726929
300 -5.87881
180 -15.6062
290 -6.59573
341 -5.74017
768 1.99609
886 14.1379
753 0.970886
426 -3.91931
115 -10.7841
67 -19.3431
425 -2.72137
517 -1.034
302 -7.23303
258 -37.1897
425 -2.72119
504 -1.50107
641 -0.0509644
48 -20.17
633 -0.32196
537 -5.18768
328 -4.5347
700 1.50153
1071 37.7251
515 -0.763977
417 -2.63657
751 1.45624
1071 37.7252
768 1.99365
446 -2.51114
367 -3.63
704 2.58167
787 5.7262
58 -13.69
377 -3.4313
633 -0.319214
340 -5.01074
701 0.993286
726 1.92255
1012 41.5806
644 0.3302
486 -3.94424
768 1.99377
751 1.45673
388 -17.2796
488 -2.15359
480 -3.5625
853 10.77
646 -0.0578003
59 -19.0459
302 -7.23248
307 -5.18515
838 10.5164
526 -0.989868
292 -5.35892
33 -20.2939
502 -1.53067
1011 41.2866
509 -1.35837
768 0.885986
674 0.12384
863 10.9399
750 1.95142
532 -0.941345
970 36.4971
837 10.5262
43 -19.1877
435 -2.5332
388 -17.2905
510 -0.87149
637 -0.0847168
59 -19.0481
632 -0.34668
571 -0.422546
514 -3.12323
488 -2.15988
253 -6.34552
704 2.58154
1011 41.1894
349 -14.8109
797 1.17615
452 -3.88443
253 -6.3457
486 -3.94528
751 0.967102
488 -2.15451
502 -1.53143
1011 41.1893
209 -11.2735
489 -1.91034
664 1.84467
750 1.80286
289 -8.1535
839 9.94525
240 -11.2507
1011 41.2866
526 -0.991821
783 5.64813
837 10.5179
163 -14.8912
307 -5.18246
314 -38.5504
690 0.0839844
510 -2.09521
386 -3.28696
634 -0.23877
349 -32.403
131 -17.5267
234 -10.8382
54 -19.4434
648 0.522583
1012 41.5827
425 -2.5148
187 -8.83559
480 -2.27206
859 10.9926
831 9.92035
75 -18.8323
468 -2.84973
292 -5.35907
68 -18.9778
532 -0.941162
182 -10.8643
267 -56.9429
448 -2.76013
365 -4.67401
59 -19.049
1035 37.8556
643 0.0495605
307 -5.17578
634 -0.287109
156 -13.0717
162 -18.6213
526 -0.99176
239 -7.14639
351 -4.71988
425 -2.54599
481 -3.93784
831 9.95404
328 -4.59097
61 -19.099
283 -7.34708
201 -9.19336
359 -4.66058
562 -4.43329
362 -3.74667
220 -11.3593
47 -21.4072
230 -46.8672
363 -3.69064
981 38.7008
29 -16.1664
639 -0.154724
537 -5.16748
71 -18.8951
399 -4.49936
574 -0.578369
82 -13.02
536 -1.13989
700 1.52405
857 7.72473
326 -4.6066
622 -0.409424
286 -5.99976
700 1.52411
359 -3.71402
514 -0.762085
862 9.67633
517 -1.23871
825 9.63751
765 5.34845
369 -4.57043
829 2.24066
719 1.42096
488 -2.15369
201 -9.17468
566 -1.64148
499 -1.47729
216 -11.4343
837 10.5228
684 1.07001
327 -4.82748
64 -19.2774
488 -2.15491
131 -17.5267
598 -0.329529
1010 41.2153
1063 37.627
327 -4.82745
481 -3.90479
1081 37.6283
726 1.92194
494 -3.7301
105 -12.1833
201 -9.21085
444 -2.57315
387 -3.24905
64 -19.2777
332 -4.41907
751 1.45703
854 10.0928
634 -0.090271
45 -19.8399
360 -4.48712
158 -16.8336
674 0.12384
566 -1.64252
488 -2.15512
859 10.9915
786 1.41388
649 -0.0560303
750 0.939941
307 -5.18585
444 -2.47141
332 -4.57718
417 -2.91367
433 -2.4523
130 -16.7983
628 -0.526672
339 -4.84201
981 38.6893
258 -37.1752
73 -18.9533
485 -6.53116
180 -8.55174
754 5.15186
519 -1.0437
837 10.5191
758 2.47882
137 -16.8989
339 -5.77197
799 1.30676
270 -9.38599
273 -9.44601
480 -3.95087
1063 37.6272
768 1.99335
675 0.399658
216 -11.2878
370 -4.67273
52 -21.0552
331 -36.1134
51 -18.1132
701 0.993896
64 -19.2782
843 9.20258
849 10.5472
55 -20.2358
331 -36.1135
421 -2.49615
862 9.67499
199 -9.06761
171 -10.5996
862 9.67175
162 -13.3222
689 4.0116
831 9.91895
333 -4.50122
72 -19.9751
388 -17.0587
510 -1.39536
425 -2.58878
664 1.84467
805 1.26715
828 1.47375
786 1.41296
857 7.71918
387 -3.26465
904 -22.9359
363 -4.75742
378 -3.49289
634 -0.288147
807 2.62048
861 10.5861
131 -16.8171
308 -7.25592
404 -2.92926
426 -3.91876
970 36.4971
122 -17.3862
764 15.9137
481 -3.92807
300 -5.87546
448 -2.50891
395 -3.19061
236 -9.02106
387 -3.24368
344 -6.98654
653 -0.010376
544 -3.11121
488 -2.15375
720 1.23535
157 -9.79097
898 14.0953
759 0.945129
42 -19.4859
720 1.22876
126 -17.5787
179 -17.8463
750 1.80273
98 -11.3488
651 -0.0209961
526 -0.991699
48 -20.171
911 13.9903
509 -2.08206
501 -2.70236
387 -3.24283
421 -2.49609
35 -13.4843
335 -4.53967
690 0.0840454
48 -20.171
843 9.20026
292 -5.35898
359 -3.78006
162 -13.3207
503 -1.51004
448 -2.75909
703 0.154114
560 -4.44202
848 7.59729
211 -9.79802
148 -17.1024
425 -2.50784
673 0.593262
727 1.46539
738 0.567993
738 0.568054
82 -13.02
623 -0.406616
480 -3.96313
368 -4.57477
837 10.5174
310 -28.0675
44 -19.9612
726 1.92255
403 -2.95639
521 -0.797913
423 -2.55737
344 -5.51495
267 -56.899
416 -2.69336
898 14.0957
674 0.124084
227 -10.8989
388 -17.2909
200 -8.64894
754 5.1521
783 2.8891
368 -3.62994
335 -4.47998
639 -0.0618896
417 -2.91357
837 10.5186
477 -2.26904
229 -11.0933
386 -24.4141
720 1.23407
832 19.7072
321 -4.73196
423 -2.57834
488 -2.15524
532 -0.941223
791 0.887817
201 -11.4215
738 0.568054
169 -49.9105
766 5.41925
731 4.00635
859 10.9916
44 -19.9606
232 -9.01411
509 -2.07379
526 -0.991577
201 -9.19466
750 1.802
632 -0.333496
331 -36.1191
387 -3.2645
431 -2.47406
857 7.71869
440 -2.46341
856 -45.4573
417 -2.91287
632 -0.347656
250 -50.6396
199 -9.06981
319 -4.8255
91 -18.3049
210 -16.0069
343 -5.65079
496 -1.71579
634 -0.549194
893 28.7708
311 -5.09668
331 -7.73404
750 1.80261
690 0.0840454
481 -3.9324
632 -0.333618
500 -1.48605
88 -17.7183
837 10.5173
898 14.0952
1011 41.2148
721 6.00171
386 -24.4139
1065 37.639
688 6.6637
705 0.196472
847 10.8118
206 -16.3941
385 -15.8602
653 -0.0103149
112 -19.6948
195 -16.7124
720 1.22906
116 -10.8154
199 -9.07104
423 -2.54541
295 -1.04807
534 -0.387939
388 -17.2906
836 2.26984
656 0.0182495
631 -0.326355
346 -7.09631
299 -7.47562
500 -3.04645
282 -42.7053
793 2.18323
1062 46.2822
787 5.72528
793 2.10077
769 5.44427
425 -2.56891
629 -0.159546
249 -7.45525
759 1.91144
209 -11.279
328 -4.45773
526 -0.442078
166 -16.769
380 -3.71021
58 -13.6901
470 -5.48926
566 -1.64142
726 1.92163
40 -16.4322
390 -3.27478
448 -2.76028
201 -9.19339
307 -5.18661
843 9.39142
859 10.9926
380 -3.71097
89 -17.6683
520 -0.810913
324 -4.52832
258 -37.186
720 1.23364
839 -32.7194
644 0.45874
99 -18.2314
861 10.5753
295 -7.1059
136 -16.506
795 0.985718
831 9.92041
192 -10.4452
173 -14.0253
140 -16.0534
898 13.7847
502 -1.53131
51 -13.3316
497 -5.86481
849 11.5729
725 3.85498
857 7.71411
23 -20.3087
660 0.705566
481 -3.66113
163 -14.8934
169 -10.9453
257 -24.1074
720 1.22894
365 -4.65845
203 -8.9025
815 6.7254
307 -5.19794
791 -10.6053
187 -8.83633
198 -16.7144
444 -2.57349
514 -0.759155
366 -20.798
566 -1.64532
672 1.41498
738 0.568054
704 2.5816
515 -0.764771
770 1.99042
664 1.84479
670 0.355042
684 1.75916
64 -19.278
98 -11.2957
58 -13.6888
462 -3.10208
773 2.00623
807 2.62201
524 -1.75031
259 -9.52875
390 -3.29813
368 -4.59283
48 -20.1718
768 5.4375
751 1.45642
812 4.89648
243 -7.07321
704 2.58154
837 10.5262
118 -10.8043
857 7.73175
199 -9.07063
469 -2.79523
751 2.75818
849 10.5084
840 9.92822
544 -3.11121
156 -13.072
862 9.67328
406 -4.37003
764 1.47815
806 6.6806
631 -0.0966187
293 -7.36743
837 10.5264
808 6.64618
526 -0.991821
560 -4.44196
452 -3.89066
80 -19.5616
448 -2.75998
131 -17.5265
831 9.91895
696 1.48035
939 16.7701
710 3.28827
512 -3.15408
512 -1.34161
363 -3.70657
131 -17.5267
343 -5.65152
426 -2.71631
899 13.7684
82 -13.0204
485 -6.51221
32 -14.21
187 -8.83478
51 -18.1203
35 -13.7275
164 -14.8937
719 1.3526
865 3.79443
726 1.92273
828 1.47388
904 -22.9351
346 -7.28528
228 -10.4053
655 1.6955
678 2.32166
2 -24.5864
716 1.3916
255 -10.7642
201 -9.19347
194 -16.7512
337 -6.02417
704 1.07965
1011 41.1865
307 -7.21246
421 -2.49625
44 -19.9613
426 -2.71616
387 -3.26462
267 -9.43683
481 -3.66116
295 -1.004
44 -19.9615
922 13.6703
782 5.93878
64 -19.33
926 15.4818
840 2.29779
789 2.47308
859 23.3096
486 -3.94519
114 -11.0968
105 -12.1835
391 -3.26706
619 -0.20343
334 -5.76593
535 -1.25226
505 -7.67856
859 10.9913
88 -17.7179
563 -4.43066
463 -2.25024
957 15.5787
865 3.7915
414 -2.77258
343 -5.94327
632 -0.346741
432 -2.39709
64 -19.3303
356 -4.42813
526 -0.991577
665 0.0574951
525 -1.02802
113 -11.6805
274 -5.49295
344 -5.51508
198 -10.1087
873 6.60413
426 -2.71524
1014 48.2045
336 -4.2825
90 -17.6871
389 -24.4807
48 -20.1712
64 -19.3303
245 -18.659
646 0.0425415
115 -10.7844
866 11.2039
245 -7.19943
675 0.199219
146 -15.9353
732 2.28534
852 10.521
786 0.78186
295 -1.04724
759 2.80994
136 -17.0195
335 -7.4411
198 -16.7157
267 -56.9407
452 -3.89145
300 -5.87137
368 -4.58533
302 -7.23245
284 -7.80206
509 -1.49722
187 -8.83557
655 1.67822
767 2.70947
514 -1.29578
710 3.35474
369 -4.5683
359 -3.78009
115 -10.7845
347 -7.28564
904 9.22064
879 12.9039
136 -17.0193
792 2.73279
104 -17.471
634 -0.288269
781 1.10736
59 -19.0512
488 -2.15503
826 -34.5186
264 -6.91168
491 -1.7283
880 12.9235
201 -9.17804
209 -8.52406
628 -0.201172
849 10.5471
837 10.5182
229 -10.999
1067 37.6982
387 -3.26529
787 5.72668
267 -56.9416
1081 37.6285
160 -17.4845
847 10.7926
289 -6.65234
677 3.33105
107 -20.7504
157 -41.8562
772 2.00244
970 36.4969
215 -11.426
156 -13.0734
760 5.38727
927 15.3376
142 -16.4649
335 -4.47986
131 -17.5266
328 -4.45782
859 10.9909
810 2.62811
668 1.65887
199 -9.06773
492 -6.58597
768 0.885681
852 10.7437
322 -4.65161
126 -17.5808
70 -13.4299
69 -14.1367
752 2.50885
857 7.72815
527 -1.20905
262 -9.66241
781 2.88416
854 9.45874
761 1.91431
807 2.62054
756 1.89587
218 -11.402
259 -9.52808
246 -10.4397
843 -39.8088
230 -9.57533
717 1.65271
787 5.72717
79 -18.4779
347 -7.28708
957 15.5785
291 -7.53259
626 -0.253174
386 -24.4139
620 -0.197266
1092 54.7333
904 -22.939
898 13.7849
909 8.86499
767 3.06519
508 -4.99045
793 2.6676
714 0.19165
373 -3.5925
460 -2.9295
368 -3.72842
655 1.67017
701 0.993896
368 -4.59006
463 -2.25018
664 1.8446
858 9.63116
653 -0.0244751
767 2.70898
721 1.82098
241 -11.1171
122 -17.7259
752 1.92975
423 -2.57935
344 -5.51498
504 -1.53583
367 -3.62991
784 1.78381
224 -11.0175
115 -10.7843
29 -13.5629
720 1.41785
360 -4.25168
58 -13.6887
386 -24.4139
372 -4.42285
779 2.14062
315 -6.93408
522 -1.05945
1039 49.0582
182 -10.8638
841 3.57855
644 0.21228
61 -19.0962
554 -4.36847
293 -5.44177
757 2.93109
549 -0.369995
48 -20.1719
282 -42.6966
807 2.97369
881 3.51892
485 -6.53461
259 -9.52876
292 -5.35928
504 -1.53619
513 -0.779053
386 -4.97653
426 -2.7164
192 -11.9829
436 -2.62982
508 -1.41345
468 -2.85013
96 -11.7294
829 2.24072
793 2.1828
668 3.09045
502 -1.53094
812 6.44061
812 1.52563
291 -6.63629
849 10.5284
669 0.115051
865 3.79266
770 5.42798
427 -2.72406
795 2.25574
514 -1.40143
426 -3.92026
267 -56.9422
865 11.189
718 1.58099
970 36.4971
750 1.76086
970 36.497
831 9.95374
828 1.47223
58 -13.6886
708 0.214355
48 -20.1702
399 -3.12466
500 -5.76801
532 -0.941223
734 1.5564
817 7.38153
561 -4.43372
857 7.71906
634 -0.0900879
925 16.2222
767 2.70911
538 -0.907715
255 -21.0005
455 -2.36063
476 -7.3562
249 -29.6801
828 1.4718
1039 49.0585
718 1.3335
714 1.87158
668 3.23108
537 -1.25262
967 38.3432
377 -3.48242
346 -7.28543
426 -2.71631
904 -22.939
492 -6.58539
361 -3.75137
690 0.0839844
386 -4.96634
926 15.4839
751 1.45593
327 -4.82748
665 2.65491
801 2.41577
512 -0.347229
571 -0.519348
292 -7.595
1015 41.2717
287 -42.068
764 15.914
258 -15.4382
760 5.4256
367 -19.1515
860 2.46191
806 2.67334
753 2.43164
622 -0.207031
356 -5.36768
167 -18.2954
546 -2.24384
719 1.42096
790 1.64478
793 1.9743
810 3.69244
525 -1.03375
349 -32.398
672 1.41522
640 -0.132629
832 19.8035
426 -2.71628
64 -21.0282
157 -41.8562
718 1.36517
866 11.2038
67 -19.3426
246 -10.4445
492 -6.58572
820 -30.7213
327 -6.68793
480 -3.9505
807 2.70428
347 -7.28745
479 -7.1485
131 -17.5267
451 -2.20157
525 -1.05176
456 -2.33527
324 -4.53503
105 -12.1831
751 1.45947
119 -17.619
1012 50.9928
676 3.38733
768 5.43933
768 1.99426
786 1.41534
741 2.43262
736 2.09442
840 1.57397
148 -17.1064
426 -2.71616
870 4.46027
183 -37.0523
620 -0.149963
325 -5.24426
229 -10.993
1089 44.4725
180 -15.6061
837 10.5174
116 -17.339
130 -16.7984
74 -19.3671
36 -17.0125
801 6.41461
1080 37.8896
107 -17.8883
857 7.73132
781 2.88281
352 -4.72113
498 -1.69989
630 -0.191284
79 -22.3379
768 1.99554
532 -0.941284
781 5.98212
499 -1.77548
201 -9.19363
701 0.994263
133 -17.5355
720 1.76782
701 0.998596
205 -11.5172
796 2.38373
533 -1.18091
622 -0.274231
414 -2.76035
965 17.8124
751 2.758
1005 43.3818
876 3.46283
795 2.60504
706 1.54321
482 -6.99802
772 3.0296
849 10.5042
741 2.44983
633 -0.318848
789 1.77094
58 -13.6892
1046 40.1859
970 36.4971
514 -1.28406
677 0.268738
786 1.41284
23 -20.289
539 -1.44702
792 1.90704
165 -18.3631
746 2.68372
452 -2.31339
939 16.7698
121 -17.7478
90 -18.7876
505 -7.67902
710 3.29089
41 -17.6727
970 36.4969
970 16.1974
668 1.34021
783 2.88434
521 -1.02362
399 -4.49936
213 -10.5234
807 2.62036
451 -2.20148
531 -2.57855
510 -1.42377
272 -26.9067
283 -7.34384
701 0.99762
633 -0.323181
413 -2.65152
476 -7.25626
381 -4.62177
340 -5.74268
344 -5.51501
327 -4.82751
267 -56.9254
114 -11.097
793 1.53882
57 -13.01
394 -3.13708
633 -0.325012
835 19.2618
387 -3.24899
339 -7.15494
359 -5.11237
869 8.5929
563 -3.80603
163 -14.891
721 1.72253
777 2.1322
58 -24.275
300 -5.87051
646 0.424133
558 -1.47626
459 -2.8638
413 -2.85648
444 -2.57025
584 -0.474304
812 2.37933
229 -11.0934
576 -2.76642
722 1.78577
423 -2.57663
502 -1.18832
390 -3.70349
750 1.9823
672 1.35596
137 -16.8986
35 -14.1171
426 -2.71606
85 -19.4125
488 -2.15454
837 10.5181
223 -30.7037
480 -3.78476
25 -24.4736
676 0.0751953
874 1.50122
737 2.07861
58 -24.275
369 -4.54852
571 -0.519287
807 2.70447
701 0.997986
579 -0.514343
750 1.99646
691 0.0958862
845 21.7741
430 -2.68646
378 -4.49081
767 3.07733
601 -0.440613
826 2.27374
729 11.7422
366 -24.426
773 3.15143
1053 49.3624
669 2.10339
721 3.53772
183 -37.0522
783 2.02435
942 16.3877
767 3.08582
373 -3.50589
793 2.66528
720 1.48907
789 2.47308
449 -2.2673
206 -8.3159
521 -0.835144
284 -7.80215
807 2.97217
453 -10.7213
38 -17.6639
295 -1.0596
347 -7.28561
655 -0.0455933
620 -0.174988
259 -9.52884
401 -3.11252
726 1.92218
315 -6.93393
94 -12.7017
716 1.28845
783 1.0755
499 -1.42065
243 -7.61134
364 -4.53464
105 -12.183
342 -5.71796
801 6.41455
775 2.06866
949 17.0625
787 5.72681
902 12.4774
840 2.46405
502 -1.42209
768 1.9939
792 1.28192
437 -4.21143
807 2.61987
712 3.41302
423 -2.85236
328 -4.45779
76 -18.6553
729 4.22009
807 2.97253
726 1.92242
601 -0.454651
369 -4.60013
44 -19.9721
725 1.82745
733 10.1003
274 -26.8242
653 -0.0244751
940 15.4706
249 -10.966
995 38.8488
583 -0.499329
315 -6.93393
148 -17.1063
444 -2.58612
762 2.78949
760 2.97266
751 2.75812
1009 41.6112
713 1.9021
520 -0.960693
303 -7.41183
159 -16.965
948 16.0869
255 -8.82909
880 26.7057
895 9.46558
759 1.90594
214 -11.3113
896 13.7453
565 -0.798767
537 -1.03595
163 -14.8913
789 2.11182
666 0.201721
574 -0.606567
550 -0.357239
64 -19.3301
768 0.885925
769 3.07922
731 1.58295
970 36.4969
119 -17.366
758 2.95117
807 2.61987
775 2.12061
787 5.72687
223 -11.3047
767 2.70905
1064 48.8105
755 5.23462
90 -13.1781
794 2.20819
781 2.83282
89 -19.287
902 13.7557
197 -13.8869
837 10.5266
515 -0.747192
968 17.1205
863 10.9053
526 -0.991333
987 48.1883
382 -3.4711
356 -3.91055
255 -10.7629
644 0.785706
83 -18.5213
555 -0.651733
781 2.78113
770 3.0592
751 2.75702
38 -15.5209
904 29.9736
704 1.07928
862 9.66736
369 -8.83881
453 -2.358
807 2.97394
721 1.79541
689 4.01147
331 -36.1136
280 -52.8513
820 2.33551
880 26.7061
23 -20.2658
291 -7.75342
481 -3.93927
525 -1.03119
547 -5.38739
949 17.0609
601 -0.454834
581 -0.46167
807 2.55682
784 2.85553
384 -3.45602
23 -20.3046
359 -3.78012
729 3.96503
41 -13.5707
877 8.83093
417 -2.91418
241 -12.5703
295 -6.5231
521 -0.799011
738 0.568054
350 -31.8624
452 -4.0451
94 -18.7443
197 -12.6675
44 -19.9605
914 31.2859
1061 46.3815
292 -5.35919
828 1.49341
781 2.67908
794 2.22058
832 19.7062
387 -5.17535
380 -3.48447
807 2.9743
1116 59.4728
750 1.99927
876 26.3585
717 1.73248
220 -11.3178
1025 41.4425
359 -3.78003
816 2.69019
806 1.15649
897 12.9531
840 1.57428
508 -3.3327
305 -7.05026
381 -9.25101
780 2.83246
830 20.1945
481 -3.9025
262 -6.83701
259 -9.5287
836 2.26978
455 -2.34485
387 -3.26443
550 -0.355103
685 1.16113
750 1.99664
469 -5.85641
501 -1.51712
44 -19.9614
140 -16.053
767 2.02576
76 -6.52448
1046 40.1855
1011 38.1985
1062 46.2822
512 -1.27985
207 -13.4064
49 -16.6515
775 2.16364
716 1.3338
481 -3.9014
675 0.349426
654 0.593018
118 -17.6434
318 -5.11356
780 2.83936
826 2.16827
562 -0.665039
666 0.189331
597 -0.413818
914 31.2731
220 -11.0527
385 -19.4945
507 -1.49341
744 5.06519
840 1.5744
787 5.72534
925 16.2242
1144 63.7751
651 0.570374
800 2.4306
54 -13.3011
58 -13.6904
515 -1.30939
119 -17.7914
786 1.68152
801 2.4079
404 -3.02026
71 -21.3658
751 2.54791
754 2.84656
252 -6.98518
721 1.80713
131 -17.5266
1002 39.0753
621 -0.181091
802 2.39001
726 0.406128
509 -2.08496
463 -2.25018
772 1.99213
666 1.28918
757 2.92432
217 -12.0148
399 -18.1248
939 16.7698
832 1.64844
713 1.86523
437 -4.18735
621 -0.206604
880 26.7059
1005 42.7671
865 3.79468
339 -4.20078
873 -20.8654
739 2.30017
331 -5.94202
498 -1.67587
801 2.39423
767 2.70959
508 -0.408264
1052 47.8607
717 0.313599
631 -0.326294
321 -9.07635
122 -4.09473
23 -20.3257
295 -7.10425
768 1.99573
767 2.70966
485 -6.49579
806 1.16339
768 1.9953
748 2.70349
964 17.9506
481 -3.98004
615 -0.271484
793 2.18298
792 1.86206
481 -3.89954
701 0.994324
836 2.26978
971 16.1993
735 1.6059
457 -9.35519
757 1.90167
499 -1.4241
812 6.44934
913 14.3898
401 -3.13461
407 -2.91302
320 -6.55994
914 31.2858
336 -4.28052
414 -3.34262
797 2.66034
880 26.7061
140 -16.0532
401 -2.98419
754 2.82135
461 -2.03741
688 2.01263
512 -1.3367
349 -32.3979
347 -7.28351
90 -18.7813
914 31.2235
1144 63.774
674 1.36926
863 3.10858
826 -34.5258
939 16.7698
463 -2.25043
480 -3.95053
973 17.728
98 -11.6251
199 -9.08151
35 -15.7467
399 -3.12473
459 -9.15271
790 2.56586
82 -13.0201
788 2.5249
379 -9.03754
514 -0.759033
583 -0.47052
583 -0.499512
430 -2.75906
561 -3.7934
700 1.52332
516 -1.19507
729 1.81677
90 -13.1781
1136 62.1625
1032 49.3738
790 6.67932
624 -0.216614
233 -11.1906
1061 46.3816
1035 49.4783
734 2.03461
115 -10.7844
767 5.32562
495 -3.62592
486 -3.9454
775 5.64319
647 0.486633
48 -13.9621
1005 43.401
253 -6.34523
917 14.1191
755 5.23456
751 2.63666
852 4.6814
281 -9.13986
926 15.4829
751 2.7583
843 6.83228
257 -9.96628
162 -13.3221
862 9.66754
35 -13.4843
690 2.159
379 -3.67996
55 -19.1371
40 -18.3754
180 -15.6054
840 1.57422
477 -4.13953
512 -1.4718
815 2.32819
410 -3.80988
980 39.2884
312 -4.67828
825 2.03229
585 -0.444702
801 2.41583
571 -0.586121
444 -2.56967
807 2.62048
197 -40.6942
720 1.73462
387 -3.26468
82 -13.0205
757 2.92316
302 -7.23279
199 -13.4848
264 -9.10156
890 8.29657
426 -2.71545
307 -8.30164
388 -17.2904
712 8.71906
394 -4.1864
887 14.3574
382 -18.0749
388 -17.292
620 -0.184692
111 -16.9884
527 -1.02332
422 -10.4648
914 31.2303
328 -5.89862
284 -8.3042
795 2.62555
328 -4.45731
158 -18.8456
768 3.00787
376 -9.37524
749 2.7157
383 -10.4121
767 3.08563
542 -3.00885
683 0.349426
59 -19.5734
347 -7.28683
826 2.26245
783 2.88452
775 2.86566
315 -6.93405
992 36.8836
656 -0.00164795
780 1.82373
642 -0.0776978
42 -19.3683
382 -3.65509
783 2.88855
982 100.742
765 2.85199
535 -0.367432
853 1.90045
463 -9.03854
441 -2.29703
490 -1.76611
835 19.2615
451 -2.20056
485 -6.49493
79 -22.338
815 2.68994
58 -13.6903
938 16.2401
730 2.10101
571 -0.522766
765 2.69739
206 -33.0605
410 -4.3595
620 -0.187805
597 -0.409668
76 -6.52391
925 16.2247
284 -7.80286
767 3.0849
1037 49.7729
153 -15.3641
732 2.38055
465 -8.83319
538 -0.935669
846 4.2572
676 1.36493
843 9.38983
805 2.65558
336 -4.28046
791 -10.5954
401 -3.00012
399 -18.1258
621 -0.432678
865 3.80396
964 17.8618
838 2.31299
349 -32.4034
806 1.15576
919 14.9791
448 -2.49896
771 2.04224
768 2.98358
806 1.15607
843 -39.7194
750 1.99872
44 -19.9661
488 -3.84192
786 2.7005
45 -25.1411
131 -16.9179
307 -30.2911
110 -17.879
898 14.0921
644 0.293518
836 2.26984
578 -1.28601
919 14.9833
40 -15.85
331 -6.36209
981 18.0732
966 18.0793
680 0.424988
486 -3.94501
836 2.26996
879 26.5826
759 2.92041
497 -1.70209
517 -1.24585
686 0.372864
348 -5.54987
327 -4.828
175 -14.6328
1030 35.3606
1039 49.0597
32 -13.6684
355 -3.95667
751 2.75806
719 1.63373
759 2.95227
754 5.15314
280 -8.77664
90 -13.1779
597 -0.409119
769 2.98962
966 18.0463
620 -0.190674
387 -3.505
302 -7.23303
914 9.44305
255 -6.69994
987 48.1895
835 19.2614
289 -6.59296
666 0.159729
916 14.6743
425 -2.56879
137 -16.8985
451 -2.20053
541 -2.0307
812 6.44867
775 2.86627
930 15.5842
504 -1.50354
765 2.26044
274 -8.45917
751 2.7583
284 -7.80228
784 6.66827
410 -2.77591
526 -0.271179
493 -5.76559
452 -3.06628
568 -4.09174
148 -17.1019
732 1.75378
830 20.1985
332 -6.75516
300 -5.87885
855 2.13147
10 -21.2875
502 -1.53128
349 -32.3981
578 -0.529053
573 -0.60907
735 1.60608
360 -12.9728
217 -12.0177
451 -2.2016
1046 40.1853
410 -4.16989
194 -16.7513
896 13.7451
865 3.79474
399 -4.49933
300 -5.87097
61 -19.0949
926 15.677
654 0.308777
728 4.15338
668 1.33789
865 3.80237
368 -9.20419
671 0.451721
394 -2.73334
853 1.89978
328 -6.51111
382 -3.39539
711 5.4433
776 2.8233
273 -8.81525
480 -3.95065
224 -30.7216
188 -12.5336
492 -1.65561
772 6.79816
652 1.7179
480 -3.95059
899 12.3424
738 2.29156
491 -3.19873
554 -1.46179
766 5.27612
776 2.85919
914 9.48407
903 29.8849
807 2.62048
432 -12.1965
359 -3.78006
949 17.3452
843 9.20105
1088 55.5402
40 -16.3036
562 -0.665283
366 -3.73288
802 2.66516
502 -5.638
800 2.43079
767 3.08588
801 2.41479
337 -28.8552
363 -4.81363
51 -12.6954
76 -6.52522
1077 56.9899
129 -17.7252
903 29.8893
341 -5.31372
663 2.34186
741 2.54993
80 -18.5865
914 31.2658
960 17.8843
752 2.74054
860 2.46106
806 6.68036
896 13.7451
267 -56.9428
233 -47.0309
987 48.1948
770 3.05957
720 1.65918
346 -7.28442
1052 47.8582
358 -5.1463
488 -2.16165
79 -18.5669
376 -3.74777
395 -3.20984
522 -1.11414
807 2.62012
444 -2.57104
949 17.0627
895 9.43848
806 6.68042
939 16.2375
981 38.7
778 2.87494
571 -0.519348
1065 52.9156
217 -12.0168
106 -20.0813
284 -9.24078
782 12.9689
571 -0.586243
1052 47.8619
719 3.13239
366 -20.8033
562 -0.667419
747 1.7818
193 -40.5246
754 5.15375
759 1.91656
319 -6.93646
1030 35.3409
905 30.072
1006 41.7234
822 2.22516
788 1.76556
529 -0.497253
29 -17.2384
129 -16.7355
663 2.3175
363 -4.80908
893 28.7707
477 -2.27188
1063 37.6276
274 -8.91895
457 -9.12515
509 -2.06479
331 -6.06528
230 -10.5985
807 2.55469
949 17.0613
337 -6.42325
840 1.57404
597 -0.414246
116 -17.8052
241 -22.2968
386 -10.6025
90 -13.1782
377 -3.88995
180 -17.8324
334 -5.30145
1089 44.4734
515 -0.737549
770 3.07928
634 -0.09021
399 -3.12457
916 9.44458
502 -1.5311
562 -0.667297
752 2.68579
783 2.88873
664 1.84479
308 -30.7014
136 -17.0194
344 -5.57251
757 2.9303
689 4.0116
571 -0.586243
535 -0.368164
302 -7.23306
738 2.29083
913 10.0691
450 -2.34549
654 1.75037
311 -5.09738
205 -12.7226
795 2.43042
915 13.1249
334 -4.74741
218 -12.1718
880 26.7059
903 29.8873
280 -6.10999
162 -17.6712
71 -20.1058
406 -4.37582
996 41.3989
273 -5.64462
333 -5.77805
675 0.136169
654 -0.0265503
209 -11.3445
502 -1.5318
473 -2.25513
426 -3.94766
871 8.69507
765 3.05981
915 31.3871
750 2.41949
768 0.885925
961 35.8848
114 -11.097
719 1.42102
919 14.9833
185 -14.6045
255 -10.7618
828 1.50006
865 3.80334
670 0.404907
807 2.62201
321 -7.1687
584 -0.406189
806 6.68042
48 -13.3393
745 29.4765
1012 38.1996
751 33.9949
374 -3.47488
491 -3.19662
161 -17.579
328 -4.45776
674 0.123779
720 1.41394
260 -10.3218
255 -10.7629
1039 50.1172
125 -17.8865
291 -7.75342
364 -4.64984
44 -19.9612
987 48.1775
331 -36.1131
860 6.81415
302 -7.23288
571 -0.586182
362 -8.7178
472 -2.24271
1105 58.9766
807 2.6217
742 2.62555
960 17.8865
331 -36.1196
324 -7.66458
914 31.2796
829 2.24072
292 -5.35916
964 18.1989
355 -3.95679
905 30.0855
376 -4.01773
450 -2.52634
1025 41.2517
704 2.5777
110 -17.8792
486 -3.94394
249 -10.6921
515 -1.14844
680 0.321106
82 -13.02
199 -13.3426
903 29.8904
718 1.40228
287 -8.26004
319 -4.45297
480 -3.95068
284 -7.80322
183 -37.0525
1083 37.871
516 -1.17883
788 1.0517
784 13.3428
700 1.52399
866 -50.0115
807 2.28027
473 -2.23813
786 6.7442
943 16.7359
975 17.7098
793 2.18365
880 4.51617
497 -4.15756
10 -33.0229
571 -0.519348
268 -9.62665
35 -13.4831
767 3.039
777 5.73993
304 -31.1502
308 -15.498
986 10.4483
952 17.2195
136 -4.20474
505 -5.21329
243 -7.21353
953 17.6118
259 -9.52788
318 -7.05652
852 4.69659
785 2.3938
679 0.0903931
399 -18.1259
253 -6.34354
451 -2.20065
142 -16.6294
806 1.15619
481 -3.66113
358 -3.71793
1012 41.5822
288 -7.69012
253 -10.6413
725 1.80212
58 -13.6907
137 -16.8985
355 -3.9567
136 -16.5059
1129 63.1213
401 -2.98355
907 14.5824
106 -20.0892
862 9.6687
783 2.88873
35 -13.4845
416 -15.5152
54 -16.5416
343 -5.65143
655 0.681152
1009 41.5794
668 1.33801
70 -20.1925
1012 41.5825
862 9.67371
323 -6.18167
761 11.3839
304 -31.1507
389 -3.44165
936 -151.991
664 1.84436
318 -7.0462
364 -5.28595
473 -2.2384
802 8.17932
790 1.73499
951 82.5502
333 -5.56931
368 -4.59137
1077 58.7927
1058 50.1292
725 1.90405
200 -11.5988
216 -11.3144
783 2.77106
709 1.18182
807 2.97345
118 -12.5528
887 6.22778
852 4.67682
896 13.7452
754 1.70758
793 2.1828
791 -10.6006
562 -0.666748
263 -8.96747
964 17.9444
1052 47.8591
571 -0.586182
739 121.371
354 -31.1343
75 -18.9969
114 -17.5023
755 2.90375
865 3.79077
319 -4.48087
110 -18.4214
246 -10.4401
760 2.84216
939 16.7698
399 -18.1257
919 14.9791
631 -0.326294
807 2.70264
509 -1.44952
363 -4.11453
1073 45.1707
823 2.34363
816 1.42896
122 -17.3532
396 -9.97931
770 3.06793
926 15.4855
388 -17.2906
738 2.45618
481 -3.66116
1183 80.3993
497 -5.25873
47 -13.7408
262 -9.66267
807 2.97839
926 15.4832
1052 47.8623
205 -12.7233
751 1.45795
77 -19.1679
751 2.75806
915 31.393
140 -16.4982
1077 58.714
1038 49.7666
267 -6.25418
818 19.4375
655 1.66437
771 1.97101
306 0.42926
1145 57.8014
672 1.34393
978 17.6333
779 14.8127
711 1.75232
120 -17.8541
784 2.10107
292 0.902618
488 -2.15988
790 2.46027
594 -0.476807
514 -0.76239
673 3.42041
764 2.81604
852 22.3609
756 2.92694
1039 49.0582
414 -2.7355
664 1.84326
794 2.41071
355 -3.9567
1142 57.5312
530 -1.02081
349 -32.3993
157 -41.8561
271 -8.46918
235 -10.9088
493 -1.86594
739 2.45892
949 17.0613
197 -13.6561
452 -2.33066
571 -0.519348
350 -32.035
539 -0.960815
978 17.7164
1063 37.6276
302 -7.23337
668 1.3396
881 3.5235
4 -26.6824
376 -4.48007
342 -7.4845
185 -13.8938
23 -20.2838
764 2.93134
1061 52.0719
380 -3.69699
387 -3.26462
425 -2.56937
184 -12.8005
364 -4.64697
949 17.0613
954 17.3386
60 -20.8273
323 -6.3103
919 14.9837
704 2.5816
742 2.58337
766 3.11108
266 -11.008
463 -2.25018
470 -7.79712
8 -28.6699
898 9.93817
121 -17.5485
806 1.15582
684 2.96198
937 16.17
1035 37.8553
59 -24.2778
807 2.6203
806 6.6803
898 14.0908
328 -5.90448
849 10.5315
905 14.436
362 -5.32013
333 -6.02649
775 2.57898
675 1.33966
78 -19.6448
481 -3.66113
859 10.9928
804 8.31409
392 -3.19995
399 -18.1263
939 16.7696
949 17.3452
939 16.7695
1116 59.473
57 -13.0099
529 -0.514648
853 1.90808
760 5.42786
1058 49.8071
768 2.99213
466 -2.38135
949 17.0627
57 -13.0099
780 1.21368
460 -2.33853
562 -0.464233
445 -2.51843
116 -17.8025
368 -5.33273
480 -3.95062
183 -37.0522
335 -4.47931
743 2.62292
503 -3.52863
1011 38.2134
387 -3.24918
772 5.62805
190 -9.8831
491 -2.5148
412 -4.11978
766 5.45142
140 -16.0532
282 -42.6991
832 19.7082
470 -6.64938
262 -9.65985
922 14.4352
710 3.28705
416 -7.23001
1117 59.1703
784 2.87872
903 29.8905
832 19.7075
216 -12.462
770 3.06689
477 -2.27164
106 -20.1038
262 -9.65903
808 1.51056
366 -20.8707
336 -4.28256
326 -8.3255
279 -6.79367
324 -8.85223
429 -12.4322
471 -2.48489
778 2.56854
342 -32.3048
262 -9.65953
470 -2.75052
734 1.96967
670 0.414062
114 -11.097
308 -21.5829
326 -9.29248
955 18.1421
358 -30.1138
333 -5.86514
484 -4.09183
301 -6.33099
826 -34.5271
725 3.85455
362 -7.16071
655 1.66156
1100 49.3422
840 20.2122
787 5.72656
981 17.6531
744 7.06683
184 -14.6637
330 -6.48148
672 2.74316
436 -6.24689
562 -0.667725
341 -5.7402
768 2.90631
890 -23.1929
604 -0.512756
777 2.5293
521 -1.56885
795 6.58893
125 -20.3919
300 -5.86948
453 -2.35516
346 -5.45932
310 0.104065
272 -5.76694
184 -14.6626
78 -18.9351
712 1.68646
856 -45.4539
340 -5.58142
481 -4.00052
958 35.9258
481 -3.66119
767 3.07153
1129 63.1216
750 1.95331
185 -13.5231
759 1.92218
61 -12.7114
220 -39.9386
606 -0.579285
458 -2.35516
670 0.182251
829 1.6264
11 -22.4348
785 1.24994
417 -7.14523
789 2.59595
537 -0.918396
79 -18.4765
70 -20.5639
826 -34.5216
250 -50.6006
767 3.07373
751 2.75806
748 2.53308
88 -17.7179
777 5.84369
853 1.90814
82 -13.0199
503 -5.45117
529 -1.0191
393 -3.23734
347 -7.28271
939 16.7698
742 16.3251
935 15.9797
578 -3.4917
468 -2.65964
302 -7.23264
931 15.5334
978 17.6296
430 -4.1889
355 -3.95685
949 16.3546
1085 50.551
481 -3.99796
324 -6.97797
668 0.31366
388 -3.39487
471 -3.60278
853 1.90802
758 1.57874
477 -2.25385
730 2.25592
916 14.6747
740 2.52155
120 -4.59445
468 -2.84909
423 -2.55792
839 -32.7489
259 -9.52795
302 -7.23236
964 18.1981
615 -0.271667
224 -30.7247
755 2.81787
991 6.3783
665 2.92712
435 -11.8836
352 -4.72125
729 3.95892
751 2.75806
549 -0.820923
75 -19.077
477 -2.27197
783 17.3346
829 2.10394
463 -2.25015
459 -2.36148
344 -5.51505
266 -10.0581
676 0.391357
937 16.0661
828 1.47266
300 -5.87173
1052 47.8577
1075 44.3887
704 2.58154
119 -13.5593
333 -30.9263
334 -4.36435
524 -1.07355
899 13.7686
454 -2.41586
473 -2.2381
248 -11.1933
767 3.07452
898 13.4517
67 -19.3436
877 2.95038
893 12.8179
313 -2.27832
461 -2.35205
1116 59.4729
767 3.07465
916 14.6739
61 -21.3556
791 2.71594
888 11.7746
725 3.85474
399 -18.1254
768 5.34058
775 21.293
688 0.801086
807 2.68506
474 -2.2114
1027 41.4585
865 3.80804
951 82.5397
689 0.590698
472 -3.7417
352 -31.3305
480 -3.95068
807 2.73254
864 9.10895
400 -3.59811
1089 44.4728
857 4.82251
463 -2.25012
725 1.83282
992 36.8851
751 2.75812
597 -0.413635
232 -10.8313
809 19.4301
392 -3.19849
202 -8.29498
329 -6.40906
1134 61.8406
795 2.22235
801 6.41467
448 -2.7597
928 15.7986
686 0.37854
572 -0.643127
735 1.60376
520 -0.432129
743 5.03918
440 -2.57013
741 2.46057
966 18.0581
976 17.7659
486 -3.94412
237 -10.5723
1144 63.7734
347 -7.28549
425 -2.7211
90 -13.1779
500 -1.52136
664 0.0177612
485 -6.53824
426 -3.91876
853 1.89752
1118 59.3984
754 5.84863
262 -9.66187
796 13.2172
940 16.3205
939 16.77
687 1.90509
1092 54.7354
504 -1.53864
363 -4.79175
806 6.68042
816 1.59894
399 -16.477
41 -15.4869
1031 49.0054
401 -2.98358
751 2.79987
446 -10.4393
246 -10.4478
953 17.3052
806 6.68054
806 1.15625
732 2.40643
1183 80.407
461 -2.31711
1105 58.9761
235 -10.587
741 2.64795
406 -4.37057
801 6.41467
953 17.4755
915 31.3868
587 -0.440247
136 -17.0189
209 -11.3455
423 -2.55701
964 17.994
800 2.42206
225 -10.7039
114 -11.0965
326 -8.50385
989 4.13861
807 2.62207
114 -10.2852
308 -30.6982
88 -17.7181
727 1.77008
257 -10.144
227 -11.4319
514 -0.762268
777 2.60278
801 6.41479
436 -2.47369
451 -2.20078
327 -29.6513
776 5.66833
534 -1.01562
151 -16.3147
267 -10.1654
188 -13.0564
185 -14.7484
255 -7.56758
257 -10.4601
387 -19.2616
208 -43.9261
58 -13.6901
296 -7.69254
505 -3.37988
953 17.4716
1129 60.0116
222 -11.6659
7 -42.7947
679 0.129089
750 1.80237
327 -4.82733
852 4.68805
458 -2.30054
916 14.6735
120 -17.2799
911 13.9891
203 -40.7907
472 -3.71881
310 -28.0649
487 -4.06583
578 -3.49231
962 17.9292
268 -9.22226
492 -6.58499
988 10.1849
767 1.9632
614 -0.555298
764 2.94128
792 1.61615
807 2.65863
486 -3.94394
358 -31.9999
741 2.5722
682 0.0866089
385 -4.62085
865 3.79706
194 -16.7513
755 5.23456
562 -0.709839
737 2.58234
807 2.62115
733 2.12738
219 -11.2804
90 -13.1782
932 15.4283
497 -1.57037
325 -4.47241
273 -9.13763
941 16.3159
371 -8.03879
770 3.06189
974 15.5361
971 18.6527
424 -12.9968
270 -9.78323
399 -3.12463
386 -24.4142
687 1.82257
755 2.78851
309 -19.3605
161 -15.4539
326 -6.82858
764 2.97467
781 1.24023
964 17.9446
898 14.0922
926 15.4849
140 -16.053
76 -6.52344
865 3.7951
853 1.90668
750 1.97711
565 -0.798767
273 -8.34497
368 -8.03287
769 1.97137
463 -2.25012
483 -4.0332
344 -5.51495
653 -0.0103149
1052 50.3384
284 -7.80295
1075 37.5657
532 -0.941101
305 -7.22354
487 -3.93509
1004 7.82922
757 2.94189
729 11.7413
459 -2.29279
807 12.4171
143 -4.20694
118 -17.6447
303 -6.70969
667 0.219238
982 100.729
740 2.52203
560 -0.745361
1046 56.3608
70 -21.9332
914 14.3809
378 -3.53415
773 3.17761
255 -10.7662
422 -10.4647
846 6.81104
341 -5.74057
416 -15.5088
239 -30.1527
575 -3.37408
496 -4.7373
427 -12.5569
831 9.91949
262 -9.65913
1032 49.3082
393 3.57852
189 -14.4141
234 -10.8409
541 -7.32751
807 2.61578
754 2.78448
783 2.88904
209 -11.3461
1058 49.5219
771 3.06104
352 -4.72119
412 -2.55002
712 1.48132
913 14.3725
353 -4.16791
288 -8.06247
327 -6.82001
764 15.9134
478 -4.06744
681 1.65485
970 38.9041
325 -29.8443
555 -0.652039
398 -3.12564
441 -11.2841
615 -0.271484
704 2.57776
931 15.6211
302 -7.23306
103 -18.4635
801 6.41461
768 2.98047
278 -8.69162
971 18.4467
939 16.7699
170 -16.1689
807 2.70038
495 -1.84238
259 -9.52789
801 2.66022
328 -5.89413
264 -5.96429
925 16.2245
751 2.75818
279 -8.86969
404 -3.21027
348 -7.25339
955 16.7175
195 -16.7139
255 -30.9338
57 -13.0102
399 -3.12463
485 -6.50049
349 -32.3981
830 20.1953
304 -6.5094
650 -0.0597534
787 5.7262
900 7.71832
360 -5.09085
564 -0.630859
968 18.6268
82 -13.0199
768 1.97003
110 -17.8797
336 -4.28058
977 38.8322
678 0.0533447
734 1.63062
783 2.88904
912 8.98456
596 -0.304016
208 -11.437
827 0.479065
490 -2.85522
369 -4.54639
680 0.244507
880 3.66571
229 -11.0934
57 -13.01
224 -10.7693
915 31.2838
357 -7.71674
951 17.4351
753 1.79529
108 -11.9274
1077 58.7358
785 0.743835
359 -9.91504
306 -7.12024
810 1.43787
462 -2.23334
613 -0.654785
1059 52.4807
342 -4.81628
955 83.8103
980 17.7111
808 2.50336
110 -17.8792
1011 38.2116
402 -3.41284
448 -2.42844
103 -20.7478
656 -0.0020752
812 1.62958
602 -0.512512
328 -5.89798
328 -6.50827
885 5.28015
768 0.885925
789 2.47296
1024 41.2662
363 -7.26053
840 1.57446
896 13.7454
817 10.4617
268 -10.1962
785 1.50446
356 -3.91064
971 17.8761
463 -2.25006
249 -8.00839
720 1.37439
899 7.74384
550 -0.354126
273 -9.39484
206 -33.0598
544 -1.04791
571 -0.586182
22 -33.0978
199 -9.07999
317 -4.8457
362 -32.0739
338 -5.95621
262 -9.6626
478 -6.47922
1088 52.9883
376 -4.45068
423 -2.55161
819 7.45392
481 -3.66122
500 -1.38104
656 -0.00164795
231 -10.6368
349 -32.4037
549 -0.369507
295 -7.10699
936 16.184
358 -5.33963
280 -8.08646
255 -10.7625
887 3.54517
1052 47.8593
778 7.08832
426 -2.71783
358 -3.23376
1116 59.4728
898 13.7856
807 2.62042
771 3.1012
892 28.4196
1028 52.2218
684 0.0876465
815 1.57288
323 -36.5001
463 -2.25037
259 -10.1193
452 -3.89029
703 0.233093
469 -2.32895
333 -7.70358
943 -129.543
284 -7.80316
1116 59.4728
916 14.6745
369 -7.96875
266 -9.65021
246 -10.4488
355 -3.95679
346 -4.1221
406 -2.84308
187 -8.83569
167 -14.3937
743 2.66736
228 -11.213
205 -12.7233
47 -21.4075
221 -11.0757
85 -7.95456
737 2.31622
307 0.375061
502 -1.10739
313 -5.3429
228 -11.0775
1082 59.338
792 2.68939
754 5.15179
227 -10.6832
481 -3.78369
232 -11.0742
802 1.38232
314 -38.5506
713 5.6236
341 -5.74036
318 -6.75916
555 -0.651489
474 -4.0722
612 -0.26593
463 -2.25012
668 0.157532
443 3.2037
1046 50.0216
942 16.553
333 -8.47226
943 -129.542
840 1.5744
129 -16.9994
174 -14.65
817 10.4577
773 3.16656
328 -4.45801
919 14.9792
738 2.60327
182 -9.61012
422 -2.75015
541 -7.33759
1063 37.6277
514 -0.762817
388 -16.9695
449 -10.2834
822 -29.367
106 -20.0948
971 18.6211
480 -3.95059
274 -9.06735
347 -7.28796
614 -0.200623
323 -5.30002
776 2.91895
315 -15.7469
110 -17.8791
1012 41.5824
309 -5.28452
771 2.92969
807 2.55145
359 -3.78006
353 -5.42938
373 -21.8824
675 0.310364
328 -6.41968
484 -3.58398
791 -10.5929
284 -8.41949
356 -3.91031
481 -3.66116
10 -33.0151
263 -9.06087
302 -7.23285
765 2.47284
789 2.47302
314 -4.71579
728 0.277405
825 1.6087
938 16.4987
405 -3.03241
76 -6.52319
317 -4.53073
246 -10.4485
463 -2.25024
250 -50.5957
949 15.8553
751 2.758
381 -3.50882
315 -6.99567
550 -0.761475
167 -18.0506
802 2.34387
708 1.43341
1157 53.3304
388 2.79312
446 -2.47495
912 -88.1687
265 -9.90804
798 2.37531
537 -5.16791
755 2.9079
336 -30.1252
299 3.22238
225 -10.5482
732 2.41699
609 -0.254028
366 -20.8723
976 17.7057
142 -17.1188
426 -2.71634
453 -2.50699
751 2.75824
670 0.416809
111 -11.2794
219 -10.8364
971 17.8757
229 -10.9984
289 -8.06137
725 0.524292
891 8.01691
970 36.4971
307 -24.2107
187 -13.3904
743 2.55237
262 -9.98499
453 -10.7243
797 2.39075
217 -12.0177
76 -14.904
343 -4.34976
917 14.1139
264 -9.60184
648 1.65723
755 5.27472
252 -10.4706
935 15.7554
255 -10.7626
794 2.40576
1039 49.0585
770 3.07526
965 17.2951
54 -14.4101
313 -1.20441
275 -6.00156
960 17.8815
799 2.6546
904 -22.9486
92 -12.5376
780 5.62738
830 20.1259
616 -0.4729
367 -3.62604
807 2.97845
899 13.9081
743 2.61224
594 -0.470154
151 -16.3201
187 -9.65836
843 1.85815
578 -3.49225
801 1.28394
277 -7.01141
481 -3.66135
1089 44.4731
352 -6.97491
406 -3.88742
341 -5.74026
220 -11.8577
372 -5.14166
783 2.88947
899 12.3808
839 -26.8311
778 5.63934
483 -6.56659
333 -30.039
201 -9.1937
320 -7.04068
368 -9.00314
209 -11.3457
974 17.7209
389 -19.0156
253 -6.34378
917 31.3094
796 7.27063
537 -0.822815
298 -7.50317
525 -0.203186
644 0.039917
340 -4.82333
790 7.42694
442 -2.56528
926 15.4824
689 4.01129
925 16.2252
939 16.7698
316 -4.59039
463 -2.25018
770 11.9015
701 3.99414
836 2.26984
354 -32.5801
142 -16.6278
367 -3.60025
586 -2.39709
807 1.35083
751 2.80011
751 1.45972
415 -2.96017
169 -16.4855
780 7.19012
448 -10.2201
807 2.62048
789 2.47272
234 -10.8384
964 18.1978
817 10.4774
571 -0.586304
932 15.6461
807 2.97345
123 -17.3488
801 -21.9786
292 -5.35904
571 -0.484314
402 -2.92456
770 3.06842
758 2.76129
481 -3.66144
584 -0.429932
1061 46.3816
919 14.9794
768 0.886108
224 -11.3293
178 -47.2985
614 -0.41217
737 2.36658
14 -14.4436
534 -1.03778
953 17.6277
324 -8.69391
787 2.25586
852 4.69318
894 12.9318
853 1.901
480 -4.08246
264 -10.2904
562 -0.665894
478 -4.05417
674 3.36389
1077 37.5906
756 8.40643
289 -8.09125
703 0.253784
778 2.89392
1175 31.6859
363 -8.64005
629 -0.166992
673 0.280396
949 17.0626
311 -7.12775
196 -35.1706
916 14.6742
148 -16.6681
743 2.62567
552 -0.726868
564 -0.685913
916 14.6743
386 -24.4144
1091 55.7507
840 1.5741
719 5.89471
463 -2.25018
789 2.17511
280 -8.32523
601 -0.453857
899 8.04266
958 18.3197
715 1.58807
657 -0.0303955
328 -6.49576
217 -12.0141
985 39.7046
384 -4.77719
300 -5.87143
183 -37.0525
717 2.00018
544 -1.0235
899 7.71924
1039 49.0585
481 -3.78323
392 -3.20041
104 -20.9064
678 1.44843
183 -37.0523
1011 38.2147
1129 63.1263
1105 58.9762
939 16.6235
360 -9.21051
914 14.3873
806 6.68121
502 -1.53152
317 -7.76556
807 2.70386
926 15.4818
751 2.75812
1066 52.9794
802 2.39832
730 12.4453
437 -11.5167
548 -0.740234
757 1.60406
497 -1.70413
289 -7.8244
401 -2.98376
802 2.4798
473 -6.55804
448 -2.49619
350 -5.29495
218 -12.164
249 -8.04822
639 0.0153809
1092 55.5891
733 4.47455
226 -11.2948
268 -9.65491
919 14.9832
760 5.42706
1030 35.3604
570 -3.98608
437 -2.47336
413 -2.65717
761 11.3847
904 -22.9523
229 -10.6088
876 26.3605
284 -7.80344
732 2.40894
865 3.7923
229 -10.999
353 -62.3896
341 -5.74023
170 -14.5714
377 -8.60785
545 -0.96167
796 2.56879
772 5.47449
949 17.3422
829 2.24066
979 40.8828
936 -151.957
57 -13.0101
217 -12.0148
755 5.23456
327 -5.98376
560 -0.731812
964 18.2007
254 -10.0692
928 15.7811
888 -28.0929
825 19.5982
872 -13.7992
291 -7.75317
436 -10.3733
481 -3.66141
41 29.4282
741 2.58594
980 39.4976
185 -14.6051
800 7.94336
767 3.07574
919 14.9791
540 -2.7287
612 -0.336243
759 11.1892
826 2.22626
733 2.32904
435 -2.46158
1183 80.3866
309 -5.33469
349 -32.398
476 -4.43759
810 1.43958
233 -10.6362
188 -14.4691
507 -3.10446
805 1.35107
830 19.7831
262 -9.66124
76 -19.2947
911 13.9857
77 -16.7417
1103 57.2738
365 -20.8955
378 -3.49393
110 -18.2238
896 -25.7321
262 -9.65894
187 -13.6116
807 2.7038
672 0.184387
814 2.10272
477 -2.27267
691 0.39209
796 6.57275
792 2.72351
320 -6.35349
722 1.72162
204 -13.6027
146 -19.5775
352 -16.1208
131 -17.5266
877 26.3667
948 35.8989
1039 49.0598
966 18.5048
90 -13.1781
374 -24.4516
385 -15.8606
331 -36.1798
79 -18.9627
583 -0.493958
123 -17.6202
41 -18.7246
751 1.94891
751 2.75812
315 -6.93405
744 2.63629
385 -15.8603
466 -8.13922
678 0.282837
583 -0.493896
261 -9.56357
343 -5.65195
191 -12.5913
90 -19.4486
306 -28.065
542 -0.495911
307 -6.79587
323 -6.81763
987 48.1782
374 -24.7625
169 -49.8456
919 29.2805
281 -8.42181
284 -26.7863
240 -10.4943
516 -3.08594
945 16.3759
28 -39.1216
886 -26.2886
949 16.3427
480 -4.20798
949 16.092
1019 40.5426
296 -7.41226
852 4.69775
166 -16.4129
951 82.533
191 -10.5168
123 -17.2591
186 -13.9652
495 -1.63788
234 -10.8418
546 -1.06946
717 5.43457
755 2.91022
839 -32.7175
183 -37.0525
299 -6.76328
571 -0.585999
951 82.5173
787 5.72534
439 -2.34842
781 2.83289
735 1.97528
926 15.4832
377 -3.71213
206 -33.055
965 18.0411
189 -14.4826
372 -1.02844
1012 41.5821
554 -0.764099
520 -1.16907
880 26.7661
341 -5.74026
162 -13.3204
802 2.39471
1046 40.1851
98 -11.349
493 -1.82657
24 -35.5936
597 -0.414062
978 17.6387
767 3.08588
292 -5.35889
259 -9.40572
785 16.5048
366 -8.49323
812 1.65363
349 -5.48038
1035 37.8555
480 -3.9509
327 -4.82739
964 18.1969
796 13.2173
246 -10.4503
470 -4.15729
571 -0.5224
1147 64.2167
349 -32.3971
502 -1.14529
248 -10.5707
957 10.8688
832 19.7078
750 6.52649
152 -16.6949
835 19.2623
57 -13.0103
895 9.45367
549 -0.756104
416 -7.22809
224 -30.7224
246 -10.4373
255 -10.5714
451 -2.2016
543 -0.946533
805 2.17853
493 -1.75055
768 0.886963
746 2.68488
1011 8.6004
464 -2.20142
1004 7.82776
1183 80.4127
764 15.9139
964 17.9893
446 -10.3718
776 2.87109
756 2.83026
376 -22.9458
770 7.48187
47 -21.4074
1197 54.4982
549 -0.370056
571 -4.17188
758 2.89819
960 17.8917
1200 52.837
750 2.74188
828 1.47253
604 -0.382812
916 14.6742
14 -14.4437
1129 63.1266
482 -3.95813
200 -13.69
292 0.904724
901 14.1362
372 -5.20825
387 -3.32092
775 2.07599
152 -15.4597
131 -17.5265
513 -1.34277
1129 63.1293
380 -6.73956
347 -5.52106
443 3.21255
188 -14.4697
565 -0.798706
919 14.9807
576 -0.763184
776 2.9024
363 -21.0681
423 -2.55807
886 -22.2266
528 -2.71722
423 -2.57651
1036 40.5194
1004 7.83032
732 2.32257
78 -19.4133
438 -2.43936
343 -5.65161
977 18.505
489 -2.71094
749 6.03912
826 -34.5258
357 -3.88324
277 -5.56552
376 -23.8058
1028 49.0142
783 7.56842
760 2.55127
702 0.582092
292 -3.25446
370 -4.67172
789 2.47278
291 -7.96445
853 1.90662
766 2.72095
698 0.180176
758 2.91272
387 -3.26437
57 -13.0101
239 -30.3028
913 14.3837
751 2.758
262 -9.65898
116 -17.8046
508 -1.11588
1062 45.2458
630 0.63739
1039 54.0305
778 2.90179
310 -7.09647
84 -18.3645
793 9.63538
46 -17.5305
891 7.67188
536 -0.774475
644 0.770996
614 -0.606201
281 -7.94016
246 -10.441
737 1.7049
949 17.3564
977 17.6976
274 -9.67725
666 1.95782
1058 50.1028
1004 7.89783
983 39.6758
577 -0.516724
183 -9.55771
250 -9.7572
919 14.9793
820 -30.2644
502 -1.3912
275 -16.3311
761 2.39062
803 1.29584
769 2.74933
979 17.6735
229 -10.9992
559 -0.576416
569 -4.07526
762 10.5903
615 -0.271729
979 40.8829
780 8.8819
480 -3.95087
378 -3.49289
820 6.28125
795 8.33374
393 -3.48294
1129 63.119
35 -13.4843
351 -8.37296
758 8.57495
564 -0.664246
809 2.02545
234 -10.8381
442 -9.86746
110 -11.5989
491 -2.05103
229 -10.9998
553 -0.688782
843 -39.7663
225 -10.6231
335 -4.47949
372 -8.25369
1042 32.2057
852 4.69214
132 -16.5842
189 -10.9374
366 -4.95966
481 -3.66129
416 -15.5153
1039 49.0598
1123 57.7592
57 -13.0103
806 2.51904
562 -0.666809
468 -6.6795
716 1.69415
110 -17.88
725 0.523254
1105 58.9785
919 14.9794
321 -6.68686
906 12.6066
371 -26.8681
301 -7.29468
205 -13.5837
770 2.7113
283 -8.63809
591 -0.322937
221 -10.7968
438 -2.55679
856 -45.4483
865 3.80817
597 -0.409729
789 2.47296
861 78.2869
416 -15.5242
240 -12.8405
232 -10.8301
353 -31.7122
909 14.3326
465 -10.8845
335 -5.77527
597 -0.413879
768 2.67218
341 -4.60172
1001 38.5364
319 -6.64743
700 0.227356
268 -31.3633
57 -13.0098
189 -14.4003
926 15.4832
836 5.39917
783 8.9696
943 -129.542
722 3.88623
263 -10.2215
692 0.28949
726 1.92249
295 -0.64975
808 2.47003
255 -10.7623
663 4.99622
297 0.218079
159 -15.7494
481 -3.93735
100 -19.3049
921 37.9313
926 15.4835
953 17.1799
471 -7.65735
496 -1.63666
440 -10.8518
783 12.2743
310 -12.2401
126 -17.137
893 28.7708
742 2.55914
726 1.87598
1129 63.1233
246 -10.4429
287 -42.0677
656 1.68805
329 -6.59906
399 -3.07809
797 18.4101
334 -5.99915
1105 58.9744
474 -3.9978
209 -11.3461
541 -1.07037
911 13.9857
885 4.81494
292 0.798279
480 -5.9296
807 2.70502
928 48.0336
377 -18.4171
546 -0.873047
927 15.1763
738 2.26654
806 1.15588
14 -14.4444
492 -4.81729
865 3.80676
199 -13.7504
232 -10.8302
1004 7.89661
879 3.42432
893 28.7706
350 -5.29916
806 -17.0116
106 -20.1366
829 2.24078
375 -4.49527
792 2.72266
549 -0.370117
783 2.88934
449 -2.52548
316 -5.5896
491 -3.12341
788 7.57599
1053 50.7406
184 -8.80505
317 -6.67291
792 2.71802
886 -22.0488
352 -5.47675
188 -14.4585
656 -0.00213623
184 -14.6636
507 -1.07019
815 -18.8569
549 -0.369934
366 -23.7812
492 -2.21286
839 -32.752
808 -21.7186
753 8.13922
688 0.860107
702 8.30737
342 -4.35785
276 -30.2702
251 -10.059
818 10.2949
363 -4.83801
900 13.4048
422 -10.4647
217 -42.4191
318 -2.88721
252 -10.2717
512 -4.75287
555 -0.652771
806 1.15607
481 -3.99786
315 -6.94058
1091 56.527
302 -40.138
170 -14.0733
787 5.72675
278 9.18631
939 16.7695
1082 55.3492
600 -0.359131
697 0.404846
246 -10.4483
308 -30.7001
38 13.0277
422 -10.4647
448 -2.39487
764 2.95734
793 13.4449
481 -3.7854
472 -4.12112
938 15.4835
240 -6.54779
1090 54.1696
47 -21.4084
305 -7.41312
1009 41.8593
890 28.085
2 -13.4268
464 -2.26624
310 -28.0658
889 6.38281
947 16.423
106 -20.1249
751 1.45953
757 2.92358
686 0.259155
917 14.114
989 42.0818
575 -3.37134
780 8.88104
341 -5.74033
852 4.67438
919 14.9789
828 1.47223
776 12.4897
555 -1.63776
188 -14.549
292 -5.35928
725 0.764465
475 -4.24475
948 15.5012
443 -2.59729
574 -3.34473
819 3.96503
770 2.56659
932 15.3678
1035 37.8557
6 -44.9822
750 0.951233
878 26.4931
372 -8.29019
500 -8.62518
224 -30.7255
1065 44.8309
348 -5.5127
320 -7.07895
1200 26.4176
830 19.7902
498 -4.80017
324 -6.96777
480 -3.95065
116 -17.8033
292 0.803192
14 -14.4488
237 -9.0551
948 17.3839
388 -19.8518
886 -26.3257
14 -14.4463
769 6.9436
423 -1.74527
504 -4.15564
327 -4.82803
800 2.56647
806 1.15637
316 -6.88211
545 -0.957703
492 -6.58411
309 -6.7345
269 -8.88501
382 -2.83771
468 -6.72479
736 4.6673
1089 44.4723
482 -3.96524
449 -2.49963
1082 59.3982
780 8.88049
261 -10.3464
467 -7.90637
189 -14.4821
300 -5.87067
223 -11.1581
895 12.9778
283 -7.34488
785 12.6564
910 14.1468
169 -49.9169
775 21.2889
781 14.3716
421 -2.50482
260 -10.4243
336 -4.28061
583 -1.9325
759 10.0929
28 -39.3247
641 -0.101074
843 -39.8135
1116 59.4725
833 -43.7979
336 -8.1694
933 -157.185
478 -3.85147
486 -3.94492
583 -0.449524
327 -6.6174
578 -0.529297
562 -0.666931
710 3.28809
180 -15.6061
567 -1.47955
975 39.4058
357 -27.8745
710 1.65375
141 -16.2079
364 -3.7019
985 37.5848
355 -30.7376
449 -2.42285
737 2.57605
749 2.6662
855 6.1441
443 -2.55734
478 -4.08099
193 -10.6471
835 19.2621
299 -40.9263
562 -0.664917
277 -8.52069
1159 49.1194
521 -0.798767
918 26.2477
413 -19.8974
578 -3.49152
874 1.50232
234 -10.8421
832 2.02423
169 -49.9114
272 -8.38162
475 -6.29547
469 -3.55609
752 1.93188
893 28.7708
255 -10.764
95 -18.8492
281 -8.35123
481 -3.66129
229 -11.2206
160 -15.5686
514 -0.762512
767 5.4267
51 -18.1087
796 13.2175
70 -13.3619
1129 63.1254
359 -7.9292
229 -11.093
302 -7.23264
694 7.62622
964 18.198
840 1.57434
698 3.52344
282 -42.7001
104 -18.275
777 2.8443
735 2.09546
981 17.592
330 -6.05536
456 -2.33661
230 -10.7675
485 -5.79474
732 2.41992
633 -0.217651
234 -10.8393
552 -3.33093
350 -5.48755
401 -2.98523
828 1.4718
269 -9.5907
322 -7.0806
382 -3.55612
352 -4.72107
754 5.15326
829 1.54498
245 -10.4637
293 0.897522
540 -1.38165
130 -17.0052
146 -16.6945
1063 37.6271
1078 56.2217
898 14.9155
416 -7.22726
188 -14.4722
138 -14.582
36 -15.2953
895 27.5914
141 -16.3276
576 -0.570618
752 1.92889
926 15.4818
1045 50.5994
382 -19.4297
951 15.9538
205 -12.7276
898 13.785
767 2.70911
781 2.82697
586 -0.556824
830 20.1945
262 -9.65965
262 -9.66174
320 -9.15652
576 -0.752563
234 -11.0595
504 -1.50348
461 -3.04028
217 -12.4169
575 -3.37421
793 2.74243
155 -16.64
205 -12.7281
263 -10.3241
325 -6.95139
367 -33.9791
784 2.85602
756 6.41394
275 -9.08246
275 -8.44736
960 17.8808
217 -42.4228
836 1.32935
180 -13.1153
351 -5.40167
370 -4.67178
151 -15.7659
191 -9.40953
846 2.03821
165 -14.8545
246 -10.448
292 -7.94061
398 -5.4306
819 5.2088
949 17.0626
544 -3.11133
839 -32.7469
311 -7.19714
839 -32.7532
800 2.56274
1124 55.3508
708 4.35394
787 5.72705
852 4.68896
874 1.50214
852 4.69019
284 -7.80322
684 0.117249
951 82.537
910 14.7119
608 -0.599976
965 18.0477
428 -12.1136
246 -10.6783
678 3.54236
482 -4.29541
936 -151.337
880 26.8192
366 -20.8034
775 2.06311
1076 37.7291
860 2.45807
559 -0.739075
492 -6.58374
703 0.992798
889 4.20935
795 2.35309
532 -0.708008
284 -7.80304
966 18.5592
736 4.51617
46 -13.1944
385 -15.8601
700 1.52332
985 13.4711
1123 55.0226
416 -2.33765
788 12.182
769 2.18732
25 -36.4896
565 -0.798767
575 -0.56427
107 -11.7298
916 14.6742
784 2.86176
607 -0.679871
495 -1.72073
811 2.63428
224 -30.724
2 -14.6789
119 -18.0288
225 -11.4665
939 16.7695
463 -2.25024
959 17.9579
154 -15.7445
213 -31.5639
127 -16.9117
355 -3.957
975 17.782
1127 55.739
927 -120.902
205 -13.4066
563 -0.712463
807 2.70569
492 -6.58548
341 -5.74023
806 6.6803
117 -17.5867
943 -129.559
352 -5.39804
852 4.68744
953 10.7266
713 0.30603
872 -18.1261
1011 8.59845
574 -3.36597
287 -7.96707
265 -8.77637
886 -22.1176
728 4.92352
832 19.7075
85 -19.8312
642 -0.0802612
596 -0.305542
832 1.35266
591 -0.307251
780 8.88147
387 -3.2493
451 -2.20135
1167 49.8302
1105 58.9803
537 -5.16467
1082 59.4838
840 2.49243
475 -6.86893
787 17.7548
284 -7.80359
138 -3.59729
163 -14.8913
796 13.2172
927 15.1555
126 -17.5787
748 40.688
399 -18.1263
382 -2.83707
960 17.3829
118 -18.0027
14 -14.4465
938 34.4583
848 22.0038
874 4.50891
470 -4.2616
792 2.69843
881 2.9198
801 1.28693
292 -3.25134
315 -6.93405
482 -3.98544
336 -4.28036
895 9.81964
953 15.9015
178 -47.2902
292 0.800568
886 13.5671
23 -20.2615
607 -0.678528
40 -25.6453
1031 41.4719
551 -0.711487
390 -3.20538
348 -33.4773
780 12.7894
159 -42.4346
441 -2.30844
833 1.08069
808 13.2438
229 -11.3088
1029 49.5717
274 -9.5994
936 16.5243
318 -10.1653
225 -10.5552
456 -2.21298
621 -0.215515
744 1.22546
232 -10.8322
856 -45.4496
230 -11.6072
639 1.42828
440 -12.0487
932 -120.816
358 -5.15427
243 -10.5917
497 -1.71341
1053 49.4224
217 -12.0175
349 -5.43079
791 6.91174
323 -6.96927
884 -28.0187
778 12.6573
1200 52.817
43 -14.4582
897 -27.066
737 2.53766
917 14.1135
933 15.5963
511 -6.00256
1163 52.5137
263 -9.69141
370 -4.67145
502 -5.03671
226 -10.5929
76 -19.847
917 14.1136
477 -3.91275
163 -14.8909
188 -14.0153
759 11.1882
476 -4.04065
575 -3.37347
342 -20.8073
840 2.29865
569 -4.06641
370 -4.67172
504 -1.50931
1012 38.1969
95 -13.158
162 -13.3204
1012 41.5823
199 -13.3986
568 -0.741272
222 -10.7406
359 -5.07632
524 -1.07306
1063 62.3394
560 -0.716675
399 -18.1259
390 -21.8805
808 2.10706
766 10.5549
352 -34.684
806 6.68036
518 -4.552
232 -11.065
423 -2.55511
205 -12.746
230 -11.2056
978 17.64
903 13.5149
832 19.7082
260 -8.87518
24 -13.6161
244 -11.0348
1047 49.8398
940 16.3327
738 2.24927
199 -11.1093
468 -2.66782
911 -88.2667
840 2.10919
574 -3.36707
554 -1.51843
292 -3.25302
357 -7.11621
315 -6.93433
115 -18.3607
882 3.24939
550 -2.05847
279 -8.97699
47 -21.4074
346 -5.55206
67 -13.0298
291 -7.67303
620 -0.224365
236 -10.6713
278 -50.1363
385 -4.79938
422 -11.8509
562 -0.665405
250 -50.6021
276 -9.04413
950 17.448
229 -10.9925
271 -8.30847
199 -9.08217
205 -12.7511
817 19.2728
937 17.0956
307 -7.15036
780 8.88147
928 15.1852
343 -18.0416
914 14.3873
784 2.85449
979 40.8845
512 -1.31366
599 -0.327148
659 2.6217
369 -3.08643
479 -3.9899
725 1.7915
295 -7.84726
277 -5.49564
928 14.8627
669 1.16571
220 -11.9926
272 -8.93427
975 15.2744
830 1.52002
382 -13.1449
442 -10.9254
852 4.65723
341 -5.74045
1075 47.7146
168 -19.5145
1022 47.9843
817 10.4817
1044 57.8672
959 18.0892
947 -127.539
957 10.0823
265 -10.3094
759 11.1846
117 -15.7814
331 -5.99585
293 -7.7814
1129 63.1266
310 -28.0679
1105 58.9797
206 -13.56
90 -15.4627
217 -42.4177
971 16.1995
1064 52.7793
767 7.13055
559 -0.747925
1156 26.0743
329 -6.39975
536 -0.710693
481 -3.93799
90 -18.774
788 16.2946
1113 58.964
748 2.74188
495 -2.0834
574 -3.36835
741 2.51349
342 -30.8514
794 1.40588
61 -19.0993
796 2.56482
68 -13.2746
933 16.2363
662 -0.0067749
202 -8.29498
707 1.20337
753 2.81873
200 -13.5195
241 -10.6902
786 2.65649
652 -0.0177002
453 -10.7256
226 -10.6249
40 -25.6456
505 -3.38821
242 -10.5642
407 -3.0105
1035 53.8136
480 -3.95081
250 -50.6537
314 -38.55
569 -4.03357
137 -17.3131
176 -13.8685
349 -5.55466
570 -3.98938
1100 50.0061
544 -1.0498
90 -15.022
452 -3.88477
57 -13.0101
548 -0.7724
625 -0.0877075
925 14.5724
342 -33.4037
439 -3.60165
235 -10.9154
21 -32.7686
444 -2.6008
308 -30.6872
974 15.5362
232 -10.831
900 13.3956
281 -8.85733
764 2.62915
287 -8.14474
426 -3.94781
292 0.80426
227 -11.3707
327 -4.82748
916 17.8191
917 14.1136
411 -9.20892
227 -10.6276
411 -2.71259
1079 37.974
274 -8.71735
960 17.8867
355 -5.16873
612 -0.335999
979 40.882
960 17.8746
1060 51.5065
791 6.54254
192 -8.51347
246 -10.4399
62 -17.7503
1051 37.5477
374 -20.8599
156 -15.7549
951 17.4272
1066 54.9164
70 -21.9315
1129 63.1204
485 -6.53552
784 2.75049
219 -12.3744
287 -42.0705
979 17.9558
962 18.3024
475 -6.74179
748 2.68689
218 -11.9767
1042 57.2697
161 -15.4542
770 8.8725
75 -14.1071
140 -16.4985
365 -28.0394
544 -3.11169
401 -2.93506
959 17.8751
68 -20.9661
387 -3.24927
386 -1.2334
231 -11.6263
1072 51.0458
1063 52.4177
283 -8.43982
260 -9.4416
674 6.97076
511 -1.36539
10 -33.0332
914 14.3872
789 2.47314
161 -15.4537
444 -9.53772
259 -9.52771
161 -15.4538
86 -20.3485
710 4.50995
467 -2.1004
288 -27.7957
929 15.6074
764 8.70905
948 35.3437
518 -1.96484
552 -0.690552
767 3.07745
405 -3.11169
515 -1.29254
278 9.23911
925 15.0131
560 -5.021
939 16.7699
388 -17.0632
235 -11.1268
931 15.9024
342 -20.7327
320 -6.5574
524 -2.55615
830 20.1967
713 0.28186
544 -3.11157
163 -14.8912
355 -3.95688
234 -10.8388
166 -15.6382
1170 7.41199
1049 40.577
505 -7.67825
239 -10.7423
936 -152.129
1147 64.22
1083 37.9009
233 -11.1114
121 -18.004
239 -29.2074
708 1.52362
936 -151.367
419 -14.9339
251 -8.95128
172 -39.9319
1160 56.781
151 -16.3206
632 -0.346619
325 -6.61938
481 -3.99799
598 -2.53625
348 -3.45053
544 -1.10022
936 -151.302
546 -0.805847
1082 59.4177
830 20.1973
182 -10.8604
1121 55.1417
480 -3.80649
899 13.7676
32 -21.0658
860 2.46088
468 -3.68817
925 -115.609
899 13.7676
124 -16.8756
166 -15.53
331 -6.03299
943 16.3836
352 -4.72137
344 -17.686
306 -28.0467
51 -18.107
739 2.59113
481 -4.00195
18 -27.8972
169 -49.8381
830 20.1949
259 -9.95134
90 -13.178
1163 18.6793
505 -1.06995
121 -17.7199
830 20.1944
801 6.40833
890 13.6996
565 -0.798767
1011 8.59827
1140 46.8527
893 13.4033
737 2.33087
151 -16.3267
291 -7.79572
739 1.98389
1039 49.0598
1079 53.954
796 1.57159
819 4.97852
922 15.7774
245 -29.6048
956 16.7755
206 -13.3164
235 -10.5918
548 -0.737427
520 -1.17004
817 10.4694
255 -29.617
77 -19.4998
272 -9.46628
880 2.91241
669 1.90295
205 -12.723
299 -7.47629
549 -1.22235
415 -11.7883
316 -7.03436
733 10.1004
873 -20.8664
255 -10.7633
936 -151.311
676 7.60327
806 6.68085
820 -30.728
700 6.56848
753 2.79572
386 -24.4145
744 6.33008
773 2.1626
521 -0.798584
342 -5.82809
442 -12.0941
764 15.9133
944 12.3345
838 2.22174
492 -6.58536
151 -16.7976
698 1.25909
205 -12.727
233 -11.0498
464 -2.1933
948 35.8992
315 -6.93423
752 1.93372
791 6.34094
342 -29.0999
932 15.5988
772 2.08966
504 -1.5043
277 -30.2223
854 2.42072
649 1.61713
366 -4.29105
504 -1.53802
206 -40.453
486 -3.94391
183 -13.4507
79 -22.3379
325 -6.79257
888 4.41083
578 -3.49255
367 -3.6261
438 -9.60449
796 13.2178
1046 58.3501
184 -14.6636
520 -0.306519
356 -21.1693
710 9.99573
58 -24.2746
1147 64.2163
341 -5.74033
246 -10.4397
437 -9.93304
1116 59.4723
341 -27.7347
1039 49.0586
906 13.8307
1008 40.48
554 -0.697571
669 5.72455
555 -0.680054
1104 54.8409
760 6.25433
777 2.8714
480 -3.95105
445 -2.50986
183 -37.0527
126 30.4028
180 -15.6061
14 -14.4468
206 -13.5576
1082 59.2991
1052 47.8529
199 -9.07074
922 13.2388
357 -3.88318
807 9.46979
555 -0.670227
399 -4.49939
59 -20.2029
185 -8.76451
996 41.4834
91 -18.5354
900 13.3934
656 -0.0020752
881 3.13562
957 15.5785
607 -0.407104
655 1.6712
129 -16.7892
961 77.9275
778 16.3536
836 1.72009
26 -26.4093
499 -1.45352
205 -12.7472
224 -30.7251
571 -0.586182
529 -0.514526
806 1.15656
289 -7.98547
772 2.78308
205 -12.7277
880 26.7058
348 -3.57513
798 10.1299
376 -8.34045
877 8.00317
789 2.47296
100 -12.341
136 -17.0193
484 -6.57352
565 -0.798706
806 1.15613
1116 59.4723
468 -2.84875
178 -47.2887
481 -3.66125
450 -9.42645
951 82.5335
880 26.8188
1129 63.1239
896 13.7448
883 3.47375
493 -2.02975
951 17.6732
151 -16.2511
250 -50.593
847 2.44299
298 -5.65015
979 36.002
706 1.35138
348 -2.7811
578 -0.529175
447 -2.48474
2 -14.0874
796 13.2173
250 -10.4007
87 -19.733
395 -16.493
364 -5.30139
337 -25.3481
549 -0.369873
1116 59.4725
220 -39.936
557 -0.743896
952 77.6099
317 -29.618
268 -27.2037
1041 10.2045
295 -7.10934
432 -11.4623
397 -3.13251
216 -12.5735
255 -10.211
942 15.7726
330 -18.1764
856 -45.4401
576 -0.570312
852 -36.8533
370 -3.75146
205 -13.5905
885 2.8092
673 6.95386
229 -11.0928
85 -18.6829
1077 11.837
330 -6.16919
927 15.3409
440 -8.62686
736 16.2395
481 -3.99762
887 7.07202
229 -11.3485
873 -20.8689
953 17.6104
529 -0.50647
185 -14.7072
700 6.56757
225 -10.7054
229 -11.0925
374 -15.9984
203 -13.2702
205 -12.7473
874 1.50128
1031 40.7666
656 -0.0020752
234 -10.8381
486 -5.51456
960 18.0694
302 -7.23254
421 -12.399
195 -36.4118
1082 54.7979
191 -12.8869
765 2.97046
964 18.1992
798 2.35645
262 -10.3374
806 -50.8796
805 1.31732
488 -5.38794
727 1.84991
788 2.75348
22 -33.5075
285 -8.04211
1064 52.8003
529 -0.503174
124 -17.3027
873 -20.8649
182 -13.1876
514 -0.759155
186 -17.1778
175 -14.9891
899 13.778
1156 26.286
943 -129.542
775 21.2888
853 1.90631
243 -6.17575
387 -3.24222
809 1.83759
329 -15.4754
661 12.0325
190 -14.3268
946 16.5748
275 -8.69617
781 8.89221
569 -4.07391
524 -1.01288
762 2.74579
345 -4.98703
911 -88.3506
166 -15.6372
481 -7.19135
131 -17.3665
205 -13.5665
242 -1.09872
360 -16.9993
184 -14.6633
185 -14.6041
942 12.7243
137 -16.5404
822 19.6258
890 12.7264
734 2.35046
422 -10.4646
967 18.1364
421 -2.49829
893 13.9352
367 -8.01459
740 2.44739
222 -11.2874
130 -17.5977
401 -2.98477
950 11.006
780 9.32867
1116 59.4729
440 -9.30154
178 -13.6228
684 3.56055
765 3.01068
839 1.69849
35 -14.0814
292 -3.23413
69 -20.3254
689 1.81885
1011 41.2867
916 14.6742
40 -25.6457
216 -15.0519
123 -17.436
938 16.4569
755 9.73248
474 -4.00638
205 -12.746
501 -1.71066
900 14.8109
73 -19.8822
829 2.24042
796 13.2174
178 -14.7185
560 -5.02008
936 -151.33
57 -13.0101
176 -37.8818
602 -0.341187
423 -2.57935
172 -14.7031
630 -0.1922
291 -7.75348
230 -11.2232
622 0.956543
422 -10.4648
910 5.35254
355 -7.16846
271 -9.46283
1 -17.6953
729 11.7425
739 6.76837
466 -8.00018
812 2.41669
283 -6.18268
806 6.68042
840 1.57416
1089 44.4725
603 -0.437805
521 -0.799011
749 2.6969
458 -2.23984
898 14.0917
895 9.57068
719 4.51843
450 -2.48062
157 -41.8563
504 -1.5018
507 -1.38626
208 -43.9221
793 6.89319
116 -17.8059
254 -10.2595
417 -11.6297
444 -2.59955
233 -26.6876
188 -14.4698
964 18.201
642 -0.0835571
266 -8.96704
232 -10.8311
822 19.8666
292 0.80249
241 -10.9041
455 -5.87433
336 -4.24799
292 -7.60907
1129 63.1216
377 -20.2042
1011 41.2867
396 -16.6088
286 -27.7842
593 -0.405396
936 -151.333
294 -0.798279
965 17.9073
103 -18.2373
964 18.4983
549 -0.821228
726 1.92285
949 17.0629
229 -10.9924
474 -5.987
1037 35.748
227 -11.4043
229 -10.993
747 6.04071
262 -13.7635
1145 58.703
263 -12.081
865 -37.7874
378 -23.5496
715 0.927673
729 11.7419
364 -3.77997
157 -16.2996
225 -11.3839
224 -30.7239
169 -41.4275
818 10.5322
813 19.47
748 1.02087
811 19.6275
349 -32.4038
827 19.712
269 -8.98752
205 -12.7278
118 -18.2547
972 18.7068
689 4.01129
231 -46.9009
385 -15.8604
907 14.0986
103 -11.4896
488 -3.47925
852 4.69049
349 -25.9489
987 39.5238
748 9.03601
741 2.48138
140 -16.5002
82 -20.8838
9 -33.1293
343 -28.508
481 -3.66132
917 14.1139
302 -7.23297
583 -0.44989
940 14.0266
1105 58.983
1049 58.6782
495 -1.72592
1175 31.6857
967 18.5316
820 19.2003
935 16.1064
188 -14.4344
806 6.6814
839 -32.7597
982 100.695
400 -21.0446
951 82.5477
716 4.35583
246 -12.5688
551 -0.795044
526 -0.991882
892 13.5212
526 -0.992493
234 -10.8385
410 -14.9498
987 10.1524
171 -40.0925
899 8.78021
481 -3.77707
273 -8.77344
573 -2.24969
118 -18.1814
487 -5.82495
776 9.17297
971 18.6326
939 16.7697
305 -2.72049
974 15.5385
292 -5.35959
763 2.52673
1129 63.1213
256 -10.251
549 -0.370422
687 1.82373
263 -41.0759
892 28.4152
276 -8.58539
904 13.127
218 -12.551
975 17.5251
166 -15.6357
276 -8.30215
262 -9.23073
206 -33.0599
691 0.385803
707 3.86584
269 -8.69263
106 -20.1239
767 3.05457
121 -20.2998
1077 37.7438
792 2.73016
354 -6.36603
829 2.24066
1067 46.7697
977 38.8366
514 -0.762207
529 -0.524719
865 -37.5521
217 -12.0143
126 -17.5786
246 -10.4387
429 -3.46478
244 -10.5545
302 -7.48224
106 -19.9246
748 0.794006
936 15.0606
1183 80.4194
938 16.373
302 -7.2327
200 -13.3307
537 -0.578491
316 -6.35754
357 -31.1063
341 -5.7403
904 -22.9603
163 -14.8915
229 -10.9997
168 -19.4183
964 18.1986
796 13.2172
232 -10.8305
162 -13.3205
569 -4.06488
724 4.79456
457 -8.76611
283 -8.78723
431 -10.9399
163 -42.774
276 8.22067
955 17.2795
11 -34.5124
828 1.47449
139 -14.3928
330 -19.3214
1004 7.89764
951 17.4354
101 -18.656
386 -24.4141
140 -16.0535
762 2.96613
761 8.75049
305 0.401703
727 1.82825
314 -5.14053
741 6.04889
398 -24.7606
569 -2.45813
105 -19.1602
817 10.4603
419 -11.2627
196 -16.7141
726 1.9223
612 -0.454407
767 3.05182
270 -8.82938
534 -6.46863
977 38.8398
998 44.2283
354 -5.30289
392 -3.19833
430 -12.5167
749 2.76239
569 -2.45831
889 4.61963
250 -50.5915
769 5.65308
351 -5.49908
440 -11.84
1009 41.5905
176 -14.2793
544 -3.11115
925 16.2213
746 9.57233
313 -7.10812
130 -17.6265
234 -10.8377
35 -15.5838
342 -20.7337
615 -0.271606
1046 54.8003
344 -7.47443
810 2.44135
930 15.9543
811 2.65405
555 -0.82959
762 8.14978
777 2.87177
600 -0.360413
557 -3.99713
750 10.681
853 1.90649
549 -0.369934
796 13.2172
1049 59.9619
939 16.7697
812 1.55731
88 -18.3528
262 -9.89323
806 6.68036
161 -15.4538
887 7.4516
1129 63.1249
742 2.52722
328 -29.1581
598 -0.385315
906 14.0757
263 -11.9401
171 -15.3952
625 -0.153992
317 -3.17142
1128 61.8762
232 -10.8313
787 10.2911
57 -13.0099
574 -3.36621
1200 52.8381
1004 7.89636
123 -17.938
384 -9.53134
58 -20.9611
166 -42.1302
421 -13.4973
358 -3.23373
209 -11.3455
575 -0.493164
541 -7.32892
265 -10.2798
278 -30.2433
58 -13.689
734 2.38025
40 -25.6457
603 -0.357422
359 -8.75708
978 17.6319
355 -3.95694
244 -11.1
729 3.93622
793 2.65991
250 -9.98032
678 3.67877
725 1.75159
277 -30.2207
343 -5.65146
824 0.91272
344 -6.82617
289 -7.99603
702 3.63763
185 -14.1107
875 21.9265
371 -3.6694
421 -11.627
385 -15.8603
922 14.4323
698 0.179077
941 16.4931
217 -12.4179
571 -0.586243
793 2.18311
104 -18.8117
460 -2.32248
326 -6.76276
315 -7.02994
499 -1.55624
400 -16.1156
1064 53.0481
548 -0.852844
151 -16.321
209 -33.3446
263 -10.329
578 -3.49176
491 -3.15616
840 2.20239
994 18.1606
335 -6.21368
812 6.44135
1167 49.8293
1089 59.6238
908 -20.0253
751 2.75806
182 -10.8638
347 -25.946
962 18.0711
976 11.6028
557 -0.75354
281 -8.03891
109 -18.1478
817 6.80963
540 -4.20892
554 -5.23413
653 -0.0244141
820 19.5885
758 11.1606
289 -23.3574
951 17.4275
471 -5.35681
315 -3.64462
151 -16.3122
896 13.745
1095 60.7419
185 -14.7602
463 -6.96988
292 -5.35925
915 15.2595
925 16.2215
971 16.1993
338 -4.68936
238 -10.7829
710 1.6004
137 -16.5285
818 19.3815
121 -17.3201
188 -14.4697
759 11.1968
258 -9.67334
86 -21.1275
197 -40.1409
1076 44.6862
1071 53.0652
843 -39.7959
574 -3.34381
298 -9.37872
820 -30.4064
184 -20.4373
440 -10.7459
1065 54.3241
578 -3.49261
844 2.32434
818 9.98859
803 2.32977
941 14.694
535 -0.368286
808 -41.4059
766 8.76746
779 11.559
521 -0.798279
934 16.1378
518 -0.512939
1004 45.3708
890 7.69501
164 -14.8937
845 1.67505
118 -18.0332
891 -25.3932
205 -12.7273
149 -17.0619
273 -8.71442
255 -10.7631
416 -15.5123
278 -8.06909
817 -26.4483
188 -14.4425
465 -2.11447
302 -7.24924
974 18.0331
437 -9.05307
266 -10.1552
164 -15.5953
331 -21.5197
828 1.47241
498 -12.0736
289 -30.4264
543 -6.02289
954 17.5975
279 -9.13403
106 -18.3471
352 -4.72113
1041 10.2043
183 -14.3754
873 -20.8509
1029 9.60559
387 -3.26459
217 -42.4176
748 1.6803
10 -25.2539
922 14.4296
886 4.51361
375 -18.3615
749 2.74146
792 7.93921
162 -13.3214
144 -16.6748
35 -13.4823
626 1.03339
921 16.0362
232 -11.4895
886 -22.0488
898 13.7841
828 1.47363
313 -7.16623
1034 39.3911
947 -154.748
732 0.476868
178 -47.2984
352 -4.72119
440 -9.23093
466 -9.47824
828 1.47247
64 -8.11631
912 -88.1414
274 -8.98492
292 -3.25189
902 13.7547
746 5.55505
693 0.44635
311 -7.23203
1021 53.4821
925 16.2213
829 2.24091
443 -2.56827
583 -1.93323
216 -12.8468
820 -30.8185
783 8.96869
823 1.52173
481 -7.04672
202 -40.957
964 17.8645
315 -6.93408
712 8.71954
931 15.5009
550 -0.822876
270 -8.57574
694 -0.474487
310 -28.0656
315 -7.07138
951 82.5291
904 -22.9458
802 2.39337
256 -10.2713
667 5.31073
292 -3.25339
387 -3.2644
352 -32.7156
456 -10.0222
1094 44.9153
305 -2.73483
403 -20.3799
1013 8.98279
399 -14.1609
473 -4.30679
408 -2.72327
653 -0.0102539
417 -15.2022
1047 45.989
488 -3.56778
410 -13.5474
106 -20.0933
844 1.97565
217 -11.954
541 -0.841919
652 -0.0159912
576 -0.570618
421 -7.43811
328 -6.63397
292 -27.6699
900 13.4029
853 1.90082
327 -4.82809
278 -30.2389
163 -14.8916
926 15.483
560 -5.00201
446 -2.33945
934 14.8964
807 2.62189
651 4.08234
804 1.77649
292 -7.92975
329 -15.4467
1183 80.4248
326 -6.65543
751 6.75208
915 15.1449
1041 10.2035
614 -0.353577
191 -14.0946
643 -0.0942993
694 0.269775
652 6.59326
957 74.7915
416 -7.22736
359 -28.6595
188 -14.1165
80 -13.3792
205 -12.7448
403 -0.357727
803 -16.2414
695 3.21594
796 13.2174
452 -10.6046
966 18.3337
806 6.68054
985 11.4693
573 -3.31268
162 -13.3217
194 -14.2034
195 -12.6275
234 -10.8414
868 -36.3821
997 7.2655
450 -2.5683
941 16.3043
185 -27.2683
991 17.9565
304 -6.42844
1060 10.9806
878 10.5342
250 -50.6005
1110 58.8221
673 6.94952
47 -21.4086
963 17.7901
463 -2.13351
387 -3.26431
140 -14.4029
1038 56.0782
134 -16.7061
542 -0.895386
170 -14.7639
839 -32.7502
250 -9.39888
299 -7.31311
462 -7.1246
217 -12.4099
242 -29.7066
206 -42.6821
245 1.26413
217 -12.0154
126 -17.5782
569 -4.07507
982 100.729
278 -30.2428
326 -6.61172
1101 56.2433
878 3.25397
937 16.331
1183 80.4288
247 -10.5836
480 -3.95071
315 -7.26355
651 -0.0211182
299 -10.8938
240 -6.39418
1062 59.4022
309 -17.1936
575 -3.37354
813 2.15564
248 -10.5925
710 1.3949
454 -10.5807
1116 59.473
1082 59.5004
746 10.595
217 -14.4815
501 -3.70486
267 -9.9715
885 2.31531
1040 51.007
248 0.874512
568 -4.02332
451 -2.20071
184 -14.6628
897 8.54785
481 -3.66116
197 -40.474
287 -42.0696
1162 26.3607
257 -10.1111
762 8.7511
265 -41.6229
1170 7.42151
274 2.23856
286 -19.6004
5 -28.6559
979 18.7899
1089 44.4724
751 2.75806
2 2.17346
299 -7.13385
284 -7.80228
653 -0.0244751
265 -27.4477
984 17.4029
556 -4.54462
711 1.51337
492 -6.58551
363 -27.3093
176 -14.7309
281 -8.77289
1092 54.7319
443 -2.56558
272 -8.59857
189 -14.483
36 -21.7196
706 1.16901
1004 7.89807
299 -7.5502
271 -8.54626
356 -17.4818
346 -5.2789
1144 63.7753
766 5.56433
979 17.6234
476 -5.89279
873 -20.8657
835 19.2615
825 1.42084
894 13.4396
480 -3.95084
745 5.96332
276 -9.30396
925 16.2242
262 1.84021
974 17.4142
171 -17.6525
196 -16.7141
290 -7.91574
303 -2.32883
401 -16.406
481 -3.66129
228 -10.6851
245 -10.1546
283 -8.5213
108 -17.9139
363 -4.70526
201 -9.19339
647 8.61902
284 -8.27432
267 -26.9694
516 -5.53467
386 -24.4141
250 -50.5989
1023 41.4467
773 11.5477
530 -2.46783
90 -4.81342
942 15.2277
359 -3.78009
156 -9.73799
105 -12.1832
978 17.6449
698 6.4928
1085 57.2379
132 -14.1833
856 2.51416
292 -5.35925
125 -17.7274
656 -0.00152588
516 -5.73792
120 -20.5124
266 -8.93008
849 3.8667
363 -23.1292
655 8.58319
161 -15.4543
828 1.47253
475 -8.7825
382 7.36447
647 -0.0856934
766 2.99719
275 -8.85754
966 18.0477
704 1.03058
973 18.6454
372 -3.09921
333 -9.07507
422 -12.5545
555 -0.828247
354 -30.7221
449 -6.98712
231 -11.1717
57 -13.0101
190 -9.66603
405 -1.14713
295 -27.6348
743 6.06311
815 -18.8499
927 14.7131
663 1.2843
1006 37.5021
433 -13.2307
886 3.97424
519 -1.07654
329 -31.8102
975 18.8
472 -3.57333
1088 37.5651
626 1.58588
652 6.5918
852 4.68719
239 -29.7027
583 -0.498413
348 -7.62451
116 -17.8039
112 -18.4202
979 40.8846
232 -38.871
729 1.98138
1088 47.0707
919 14.9842
278 -30.2537
1011 8.75732
871 22.9733
23 -20.2829
890 13.8952
325 -4.77359
268 -27.6532
898 13.7846
537 -5.18555
810 1.40192
804 1.31183
578 -3.4928
397 -15.3432
1004 7.89709
246 -10.6037
822 20.0151
385 -15.8604
237 -10.9381
782 2.88208
123 -17.9079
358 -17.1049
733 2.35535
702 8.31323
238 -39.0926
652 6.58997
753 6.57379
492 -2.00235
229 -10.9988
494 -4.68799
172 -15.8038
775 6.09698
229 -10.9953
400 -20.4645
612 -0.336121
1000 44.5884
865 -37.6737
120 -17.3114
1129 63.1261
921 -120.874
865 1.20129
560 -5.02014
1061 52.6014
310 -28.0636
403 -0.353638
518 -5.56628
1106 58.6893
456 -7.19955
948 17.0883
332 -6.96805
535 -0.368042
571 -0.745483
265 -25.2177
374 -4.65829
663 10.2753
163 -14.8931
314 -3.08969
409 -2.99457
1083 57.3292
1105 58.9753
241 -10.5971
910 5.05945
653 -0.010376
678 4.84338
1199 63.2874
971 16.2009
1063 37.6277
574 -3.32458
624 1.35205
638 0.883301
511 -2.71048
472 -6.23297
729 6.0957
1110 51.0006
300 -5.87863
263 -9.74825
504 -1.53369
1100 56.4435
216 -10.2094
1106 59.1027
910 24.2698
836 2.2699
151 -16.3119
948 35.8986
716 1.87347
128 -17.7674
1129 55.9507
989 17.8062
917 14.1134
828 1.47211
342 -5.80444
782 0.767639
477 -2.27139
959 17.1135
1116 59.4723
956 83.7594
321 -10.7208
230 -11.1402
574 -0.596191
277 -30.2206
1175 18.3361
1068 52.0665
1073 44.7821
213 -9.66364
1011 8.59845
85 -18.6965
481 -3.69437
513 -0.575195
816 -24.717
885 4.4386
299 -7.06082
816 10.4805
247 -9.27367
729 6.07935
962 17.857
1155 59.1764
419 -14.9506
46 -13.7785
768 6.28583
516 -0.504089
900 -26.9541
1116 59.473
480 -3.95001
217 -42.5526
260 -33.6346
615 -0.27179
538 -6.10925
205 -12.7272
400 -24.5701
326 -19.5792
180 -13.5116
217 -42.4152
913 24.3825
178 -15.0542
560 -5.02783
399 -3.70865
301 -6.48138
292 0.904694
674 6.96796
179 -13.9757
856 -45.4465
209 -14.161
884 2.94458
359 -22.6787
443 0.254913
436 -6.24847
657 0.508423
732 2.36334
554 -0.865967
47 -21.4075
220 -11.2874
1064 52.7815
222 -11.3352
148 -17.1026
236 -10.5776
1157 26.4463
404 -3.58685
850 2.28424
764 8.62488
784 2.67151
535 -2.18506
289 -8.09
564 -2.74554
297 -7.55945
550 -0.833496
247 -10.6073
976 18.3002
555 -0.821411
413 -2.38742
248 -34.1506
592 -2.19415
480 -5.729
836 2.26984
948 35.8988
157 -41.8561
423 -7.68143
14 -14.4431
252 -10.3017
760 25.5369
1157 58.9813
59 -24.2769
712 1.42114
1197 54.512
385 -10.3687
661 85.9708
68 -12.9373
233 -11.0173
113 -17.7974
188 -14.469
830 20.1948
882 4.40631
790 8.83838
231 -46.7629
782 5.92023
971 16.1976
406 -12.7881
305 0.285736
783 12.6839
126 -17.5803
74 -21.1612
1077 11.837
188 -14.4687
106 -18.0891
932 15.7516
148 -16.2898
306 -22.5554
813 9.03607
578 -3.49213
205 -12.7271
80 -15.427
356 -17.5054
151 -15.717
856 -45.3149
562 -0.72699
101 -18.1638
1014 38.6558
205 -16.4657
280 -67.6325
324 -17.9689
753 8.22443
973 15.6492
615 -0.328308
316 -6.76111
820 -30.7221
928 15.2036
560 -5.0014
659 1.04187
29 -25.1412
185 -8.89604
712 6.98773
962 16.5871
292 0.803375
456 -7.44431
953 17.8922
251 -15.0979
488 -5.48022
324 -9.25577
234 -11.0183
116 -17.77
843 3.36914
480 -3.95081
965 16.6264
291 -6.49643
131 -16.8171
950 17.3963
720 14.6471
545 -5.3642
778 10.4003
292 -3.24591
342 -2.39951
658 8.13409
874 1.50238
37 -15.0788
232 -10.8326
247 -8.87306
672 1.41602
361 -22.9141
775 6.91644
603 -0.438171
363 -4.28912
966 18.3167
198 -13.801
230 -11.1979
852 2.93604
975 15.0981
123 -17.4089
230 -11.3405
126 -17.5788
838 1.78387
148 32.0842
384 -17.7955
1004 7.89746
332 -9.21524
754 5.12823
787 5.72687
246 -39.1537
971 16.1985
329 -6.61743
263 -11.9693
327 -6.1069
323 -6.82211
816 1.47632
267 -8.845
415 -12.4384
718 0.740845
292 0.799561
443 3.19971
133 -17.4935
1170 7.71436
383 12.1447
886 -24.7012
361 -3.75214
462 -15.8433
835 19.2615
342 -20.8146
1167 49.8284
518 -2.57422
163 -14.8918
615 -0.272034
250 -10.3251
560 -5.01935
344 -4.20285
765 8.88477
1199 63.3027
401 -23.2399
767 8.61578
548 -0.850769
278 9.20572
1043 50.0052
1004 7.89703
53 -21.0534
781 2.83282
676 1.95233
639 1.36444
578 -3.49121
302 -7.23254
694 7.6496
674 6.97906
189 -14.4097
426 -3.32285
1160 26.3143
250 -10.3722
178 -47.254
578 -3.49176
715 5.48749
688 6.66345
726 6.01105
334 -22.98
722 10.1968
432 -10.9552
325 -20.7926
1076 46.8124
274 2.2652
758 26.1821
1030 45.9374
311 -19.5709
949 17.0629
678 8.28314
279 -8.68878
884 2.91528
728 6.37085
167 -19.3385
231 -11.1606
367 -3.62604
357 -30.0593
683 0.408325
306 -28.0613
615 -0.271729
385 -15.8607
1009 41.5778
929 15.751
176 -21.7612
470 -3.21036
436 -6.2482
1038 51.559
189 -14.482
264 -9.64363
895 10.2308
813 1.51044
130 -14.0552
1062 52.9718
280 -8.48843
501 -5.87949
132 -16.8219
856 -45.4522
116 -17.806
339 -26.9381
929 -116.094
412 -2.55048
1057 43.2782
935 16.2349
783 2.8598
1049 46.3921
963 17.9518
96 -18.1168
301 -0.407745
246 -29.9339
185 -14.605
790 7.80957
578 -3.49176
151 -48.684
418 -2.39215
246 -10.4385
422 -10.4648
478 -6.83774
62 -20.6447
32 -25.7192
373 -20.6609
1050 37.1527
382 -13.1391
552 -0.726013
733 10.1003
751 2.77185
206 -40.7741
481 -3.97903
703 3.45795
763 6.05035
269 2.91357
247 -33.0691
227 -30.8308
855 2.11798
315 -4.6846
308 -6.32834
678 3.01385
930 15.3695
330 -6.55139
620 0.219971
517 -4.61987
573 -2.24866
1051 59.8729
779 3.12396
667 5.27991
266 -31.5898
426 -12.0197
676 2.15967
925 16.221
1038 10.1364
153 -15.9489
189 -14.4424
713 1.45154
157 -41.8564
828 1.47253
470 -3.8721
560 -5.02313
378 -8.72931
202 -8.29492
975 15.2222
925 15.0927
245 -10.4854
110 -20.4762
388 -17.2924
939 16.3917
757 2.89813
114 -17.7133
162 -13.322
1052 47.8588
284 -7.80292
473 -4.62659
484 -5.62274
800 2.45209
1200 52.7659
1051 37.5554
321 -10.7616
144 -16.7944
581 -0.582825
805 10.919
1005 42.7557
156 -14.7555
465 -2.19305
677 7.87469
619 -0.395447
157 -41.856
786 12.7174
682 0.986755
949 17.0627
89 -14.182
377 -3.70441
968 18.5208
699 2.90558
206 -41.6491
546 -0.848206
750 1.97552
85 -18.6811
787 2.17554
560 -5.02057
183 -37.0526
10 -33.0282
208 -41.2978
649 1.62689
37 -20.7396
357 -5.15552
882 3.46423
128 10.102
36 -21.6414
746 5.55249
90 -13.178
1116 59.4724
551 -0.75531
35 2.81322
298 -5.59235
242 -34.397
435 -11.1102
968 38.2236
304 -0.345428
121 -3.65726
275 6.67889
113 -17.7635
468 -3.43298
491 -3.85172
789 2.47278
818 10.5422
863 3.91711
708 4.20233
840 1.84503
10 -21.2852
122 -17.7665
292 -3.2518
926 15.485
784 10.4086
972 86.5612
1024 48.5862
705 7.07104
473 -3.76147
85 -18.6966
650 1.02454
78 -13.6069
550 -0.794189
280 -8.31534
308 -7.20154
760 3.01709
702 1.31824
