705 0.788086
392 -3.27539
634 0.333984
462 -2.25485
448 -2.47281
278 -8.61792
406 -3.21878
846 17.3349
655 0.521362
405 -3.28378
655 0.534546
419 -1.79965
781 11.1763
705 0.788147
277 -9.08395
633 0.354248
689 0.854187
630 0.35437
106 -18.1588
714 1.46283
368 -3.76773
732 3.29559
160 -10.6891
403 -3.26395
781 11.1779
278 -8.62094
109 -19.1327
448 -2.4726
713 3.08795
187 -14.0021
846 17.3396
254 -10.0118
713 3.08813
406 -3.21933
204 -13.5718
405 -3.3653
311 -6.08105
159 -16.4399
633 0.35498
714 1.46417
80 -16.8732
741 1.12823
901 5.05676
397 -3.24744
756 0.960938
748 6.37537
681 0.726074
714 2.48517
751 6.47351
108 -19.1391
853 17.5545
408 -3.33313
296 -8.22076
523 -0.824402
278 -8.62213
636 0.434326
842 16.6567
178 -14.2978
858 3.79309
401 -3.32913
753 6.71692
448 -2.46765
630 0.354065
754 1.18823
472 -1.83917
278 -8.62122
448 -2.46878
90 -21.9726
405 -3.3653
919 3.78748
108 -19.146
781 11.1779
760 7.38434
716 0.714661
781 11.1773
347 -7.57312
80 -16.8663
459 -2.31366
267 -6.74426
338 -4.49432
633 0.71759
405 -3.36383
983 4.29041
668 0.561035
178 -14.2979
655 0.53418
422 -2.08902
741 1.60748
714 1.46191
264 -9.32921
781 11.178
710 2.82123
713 3.0882
795 10.8405
681 0.726135
853 17.5474
10 -107.544
45 -24.7483
720 2.81665
178 -14.2979
727 3.42456
204 -13.5721
406 -3.20709
760 7.38593
278 -8.6214
748 6.40454
782 9.83386
725 2.3335
109 -19.1323
658 0.581543
128 -17.2345
423 -2.39032
385 -5.72754
345 -33.4603
743 1.14618
796 11.3179
148 -11.0538
737 2.60406
713 3.09106
307 -41.3153
635 0.407654
63 -23.298
311 -6.08066
673 0.941833
710 2.64136
635 0.39801
80 -16.8657
724 2.35352
757 2.97083
399 -3.38382
882 18.5408
178 -14.2979
523 -0.824463
739 5.84204
438 -8.90115
213 -8.76218
248 -7.22159
655 0.520569
681 0.726257
307 -41.2929
741 1.07642
705 0.765442
113 -20.8787
713 3.08899
764 1.10553
713 3.08783
282 -6.9415
638 0.466492
448 -2.52197
174 -19.1115
424 -4.14896
714 1.46191
732 3.29572
793 3.74445
264 -9.32927
423 -2.56601
365 -3.76443
204 -13.5783
343 -4.44138
705 0.788147
307 -41.2003
485 -1.78781
713 3.09113
653 0.547546
866 18.0134
658 0.581299
559 -0.288086
782 9.83789
365 -3.76517
646 0.452332
241 -10.2343
630 0.355957
681 0.726257
113 -20.878
438 -8.90182
149 -21.2026
460 -2.24438
280 -6.51181
670 0.597534
697 3.03937
750 6.43597
732 3.29498
178 -14.2978
299 -7.67206
246 -7.47433
762 1.10223
213 -8.76303
867 4.15869
195 -18.0006
188 -14.3469
627 0.354797
448 -2.52188
80 -16.8651
263 -6.83514
423 -1.94644
901 5.05792
338 -4.49371
175 -19.1742
681 0.719849
187 -13.9488
655 0.534302
109 -19.1348
406 -3.21915
715 2.47119
131 -16.9603
405 -3.36533
178 -14.2978
63 -23.298
737 2.60303
316 -7.60007
901 5.05798
474 -2.01038
397 -3.24686
635 0.407471
276 -6.9931
523 -0.829651
331 -37.1741
405 -3.36533
183 -17.9746
793 9.87769
130 -17.1051
846 17.3361
722 2.28046
753 6.71509
158 -10.6872
299 -7.67215
311 -40.5466
764 0.881775
246 -7.47366
392 -3.27521
419 -1.79956
158 -10.7712
516 -0.888306
710 0.761719
44 -24.7445
423 -1.95203
732 3.29572
737 2.60413
746 6.26038
509 -3.58978
724 2.35376
737 2.60352
314 -5.24799
246 -7.47452
423 -2.56586
406 -3.21918
472 -1.83817
653 0.549561
633 0.71759
159 -16.4405
919 3.78729
741 1.60699
278 -8.62201
309 -5.46014
167 -17.1632
857 17.4308
853 17.4838
655 0.52063
727 3.42133
804 11.6062
298 -8.29129
753 6.71545
739 5.8421
770 3.79486
509 -0.878296
727 3.42358
919 3.78735
721 0.911377
866 18.0131
196 -13.2043
284 -6.2233
751 5.94183
658 2.21173
147 -18.3501
600 0.474121
882 18.5398
66 -31.0241
658 0.58136
732 3.29504
1119 71.5895
263 -6.86673
339 -4.58356
633 0.356079
108 -19.1469
246 -7.47432
131 -19.1525
655 0.520935
26 -75.7197
559 -0.291626
271 -7.17993
516 -0.888306
724 0.861816
26 -75.6895
178 -14.2978
174 -19.1809
264 -6.92426
206 -15.6615
844 16.8054
298 -8.27606
502 -0.97998
393 -3.43332
160 -10.6886
804 11.6423
722 2.83856
472 -1.83936
496 -1.2074
724 2.35419
160 -10.6891
901 5.05658
337 -4.44443
655 0.534424
241 -10.2363
24 -70.1214
79 -21.204
423 -2.38995
633 0.717163
485 -1.78546
902 4.95776
309 -5.46017
119 -22.6854
724 2.35419
448 -2.46844
756 0.960938
853 17.5555
180 -14.6734
12 -110.491
448 -2.46756
633 0.355957
326 -37.5836
66 -31.0531
408 -2.76996
633 0.703491
239 -49.3129
343 -4.27573
246 -7.4745
633 0.355835
241 -10.2293
349 -4.22986
160 -10.6888
741 1.60632
219 -12.4521
183 -13.504
737 2.60419
551 -0.563171
756 2.95312
919 3.78741
705 0.786011
797 11.0187
227 -11.2966
836 16.0578
76 -30.1096
350 -4.13995
264 -6.92429
632 0.708618
397 -3.24713
204 -13.5784
655 0.520447
705 0.78833
778 5.05786
778 5.05768
83 -29.4797
844 16.8038
338 -4.49292
480 -2.0621
778 5.05829
10 -54.7034
79 -21.2043
419 -1.79968
713 3.09167
732 3.29504
264 -6.92432
378 -6.38275
24 -70.1042
572 -0.567871
241 -10.2375
180 -14.6932
289 -7.54599
658 0.581543
206 -15.6622
309 -5.4592
714 1.46399
746 6.23242
861 2.60822
186 -14.3859
200 -13.7501
736 2.9411
180 -14.6697
461 -11.9341
394 -3.1601
523 -0.828918
99 -21.422
106 -20.3818
405 -3.36536
408 -2.91553
316 -7.59924
239 -49.3391
483 -1.96951
427 -1.8006
90 -21.9734
861 2.60834
141 -15.9471
633 0.717163
721 0.911255
338 -4.49265
235 -20.2888
80 -16.8645
40 -5.02708
855 17.0327
670 2.93268
901 5.05798
817 2.70978
307 -5.41061
965 5.61517
345 -4.42017
713 3.09143
830 16.3162
724 2.36365
399 -3.37726
746 6.2309
756 1.24365
748 2.72424
360 -3.87555
395 -3.39624
645 0.966492
793 3.74438
714 1.46429
658 0.581604
204 -13.5791
26 -75.7061
317 -39.1698
460 -2.26965
45 -24.7471
781 11.178
178 -14.2978
185 -14.3967
124 -18.5655
448 -2.52258
681 0.719849
879 17.9956
638 0.466614
405 -3.36353
394 -3.27731
274 -6.81305
394 -3.27725
756 2.95349
713 3.08826
204 -15.6739
130 -17.0659
516 -0.414734
740 1.14923
26 -75.5389
471 -1.78445
26 -75.5447
630 0.353699
298 -8.27585
532 -0.755554
518 -1.82654
769 8.14008
283 -7.80588
633 0.60498
760 7.38428
822 4.44702
633 0.705261
756 2.95325
187 -14.0023
145 -18.4044
853 17.5582
632 0.395752
325 -4.86841
90 -13.7475
108 -19.1408
336 -4.58914
53 -100.707
175 -19.1426
508 -0.876617
753 6.71527
392 -3.27505
10 -54.7253
282 -6.94086
448 -2.52283
227 -9.17381
339 -4.58163
472 -1.83948
307 -7.42065
354 -4.17758
178 -14.2978
727 3.41919
515 -7.95041
761 7.31854
721 0.91156
655 0.534607
160 -10.6894
214 -8.73676
658 2.21173
689 5.53705
157 -10.7884
757 2.97064
387 -3.32007
489 -1.54929
162 -18.0289
632 0.821777
881 3.22052
640 0.467468
187 -14.0023
443 -2.55185
157 -18.3872
737 2.60309
277 -9.08423
523 -0.830383
339 -4.5816
764 7.46381
907 18.8095
633 0.604736
504 -1.01007
196 -13.2045
278 -8.62146
721 0.911133
739 5.83734
726 1.88672
220 -13.9678
159 -20.5174
97 -13.0212
179 -14.6533
689 0.987183
474 -2.01031
571 0.0324707
241 -10.2349
653 0.547363
758 0.986206
24 -69.9763
474 -2.01035
754 6.5058
658 2.21167
423 -2.39062
655 0.520935
579 -1.02917
486 -10.6491
227 -11.2925
886 4.00293
827 16.2231
427 -1.80069
392 -3.27515
910 19.0236
173 -14.527
325 -37.8
17 -68.37
204 -13.5784
108 -19.1412
705 0.765625
123 -19.0311
743 1.19348
264 -6.92444
518 -1.82642
164 -16.7174
882 18.5399
204 -13.5784
181 -13.2169
378 -6.38287
831 16.8495
746 6.23157
653 0.547791
171 -14.5824
705 0.765869
781 11.1769
311 -6.08789
633 0.604614
658 0.581299
489 -1.55115
302 -8.15518
392 -3.27591
488 -1.56192
188 -14.1729
653 0.549866
229 -9.71692
204 -15.6651
573 -0.117126
756 0.96759
901 5.05817
423 -2.56607
635 0.391846
284 -6.22083
80 -16.8608
472 -1.83987
160 -10.6891
256 -9.85547
489 -1.58377
521 -0.39502
256 -9.85564
215 -8.69598
773 4.99774
411 -2.67722
702 2.83545
24 -69.9202
284 -6.20209
256 -9.85551
489 -1.55936
446 -7.25336
83 -29.4739
506 -0.871613
910 19.0233
246 -7.4743
339 -4.58542
701 0.77594
713 3.08807
405 -3.36304
310 -5.51178
712 2.66949
315 -5.17093
284 -6.22232
194 -13.6455
236 -15.4921
448 -2.52386
217 -12.8463
130 -17.1047
180 -14.6915
263 -6.84344
1084 66.0399
781 11.1777
494 -1.4902
241 -11.0732
130 -17.1047
771 5.28003
518 -0.753296
635 0.398499
419 -8.7261
106 -17.2214
459 -2.27737
265 -9.23177
638 0.386475
501 -1.60849
428 -8.55664
638 0.275635
220 -13.9728
226 -8.78178
2 -90.4259
793 3.74451
1084 66.0155
572 -0.567993
419 -8.72623
257 -7.04695
752 1.27032
374 -26.6935
889 4.78802
316 -7.60083
515 -7.95074
572 -0.567261
196 -13.2037
715 2.74902
264 -6.92447
712 2.68915
160 -10.6886
325 -4.86841
492 -1.48181
214 -8.54076
45 -24.748
187 -17.6502
331 -37.1314
130 -17.1055
339 -4.54944
24 -70.095
235 -20.4409
281 -6.84357
958 4.62585
309 -5.30643
902 4.95551
753 6.71533
281 -6.84344
196 -13.2039
443 -2.63596
7 -63.0417
713 3.08783
490 -1.52261
836 16.0577
373 -26.8723
298 -8.29202
655 0.534546
910 19.0229
298 -8.29309
902 4.95795
633 0.604553
671 2.65894
775 3.23242
766 0.916382
910 19.0217
381 -3.51526
350 -4.2963
219 -12.4277
746 6.2439
498 -1.25223
844 16.8055
299 -7.67249
310 -6.71075
338 -4.49417
304 -8.06107
864 2.56793
723 0.78064
658 0.581482
647 1.29126
474 -2.01035
189 -13.93
508 -8.32355
316 -7.61151
329 -10.3555
177 -13.97
778 5.05396
167 -17.1817
196 -13.2045
108 -19.1415
632 0.801208
724 2.26672
727 3.41913
632 0.387146
681 0.726257
227 -11.2957
632 0.821777
689 0.987183
656 2.50146
123 -18.9682
727 3.41998
212 -16.1059
378 -3.52881
487 -10.6604
310 -5.51053
251 -24.2778
264 -9.32918
419 -8.72623
740 1.8302
192 -13.8438
713 3.08801
171 -9.9772
170 -15.037
645 1.00739
176 -16.9281
532 -0.676758
489 -1.54916
631 0.363159
396 -3.24338
766 0.847473
633 0.704285
264 -6.9245
523 -0.82843
339 -4.58301
474 -2.01044
846 2.51599
261 -6.33388
429 -8.40768
282 -6.94095
423 -2.56607
822 4.4491
895 4.97009
307 -5.41046
164 -17.7817
263 -7.02783
633 0.719177
241 -11.0547
343 -4.27567
428 -8.55676
325 -4.78024
864 2.54388
214 -8.54065
762 3.02759
265 -9.35912
79 -21.2038
79 -21.2049
79 -21.2055
392 -3.08072
391 -3.33322
919 3.78741
24 -70.1036
816 5.79315
171 -9.97821
518 -0.75354
261 -9.69066
79 -21.204
180 -11.1109
464 -2.22937
124 -18.5654
741 1.6076
264 -6.92447
804 11.606
227 -11.2908
94 -13.0221
853 17.4845
307 -5.41052
901 5.05792
689 0.987244
654 1.68182
713 3.09174
309 -5.45901
229 -14.6616
846 2.51599
79 -21.2047
523 -0.828552
924 19.1731
741 1.60571
310 -5.48895
239 -11.9343
656 0.467651
24 -70.1009
901 5.05804
83 -29.4747
378 -6.38272
428 -8.55673
648 1.13354
427 -1.80319
372 -3.38092
633 0.604492
128 -17.2549
738 2.21637
655 0.520447
307 -41.2052
523 -0.829651
756 0.96936
910 19.0236
61 -24.2727
392 -3.27609
227 -11.2931
564 -0.400879
518 -1.81989
278 -8.6207
674 2.05481
438 -8.90192
324 -37.7588
700 5.92859
741 1.60748
112 -17.6085
499 -9.5058
204 -15.6534
904 18.5869
137 -15.3128
183 -17.9741
275 -6.97571
868 2.57269
699 2.99115
283 -7.80554
225 0.0529022
47 -19.1912
492 -1.50058
63 -23.2977
307 -5.4104
515 -0.312988
180 -14.6908
485 -1.88586
716 3.20312
958 4.625
309 -5.46008
910 19.022
5 -66.4103
746 6.23108
218 -12.2922
472 -1.83844
298 -8.29297
299 -7.67218
316 -7.60733
862 2.52863
724 2.23895
753 6.71533
10 -54.717
374 -26.6934
273 -46.338
481 -1.79025
756 0.96106
523 -0.826965
307 -41.3155
325 -4.86792
177 -19.1029
177 -19.1029
855 17.1168
434 -1.98889
496 -1.20718
737 2.60254
714 1.46289
307 -41.3164
485 -1.78778
179 -14.6552
299 -7.6734
702 2.98401
397 -3.20969
714 1.46277
185 -14.4004
461 -2.2691
502 -1.03467
180 -14.6895
692 0.747742
717 3.15033
652 1.60834
214 -13.0201
732 3.27679
325 -4.7804
727 2.47894
501 -1.61331
310 -6.79422
471 -1.78229
298 -8.27667
666 0.547119
817 2.71228
183 -17.9737
329 -37.1648
239 -49.3261
658 2.21155
394 -3.40973
182 -19.0014
121 -20.6505
501 -0.590607
160 -8.56564
471 -1.77805
910 19.0223
705 0.788086
378 -6.38376
311 -5.13007
40 -5.03415
145 -16.748
423 -2.56604
1098 66.2347
10 -107.6
396 -3.30811
66 -30.991
649 0.458069
394 -3.27725
397 -3.19772
694 0.702698
704 2.86176
656 2.5022
392 -3.08075
902 4.29468
481 -1.79037
396 -3.30896
316 -7.61365
753 6.71442
866 4.15735
516 -0.888306
363 -27.4048
36 -15.1204
235 -20.4402
650 1.28894
320 -38.793
771 5.02814
237 -9.13838
93 -18.6302
99 -21.422
419 -1.79971
433 -2.54721
281 -6.84363
793 3.74445
723 2.40204
309 -5.45926
106 -18.161
632 0.800598
214 -8.54204
715 2.47876
171 -9.97752
162 -15.0486
214 -8.73204
739 5.83478
702 2.75427
481 -1.793
496 -1.20706
397 -3.24722
176 -17.2488
919 4.30176
295 -8.22079
552 -0.601257
490 -5.55008
316 -7.59912
501 -9.35007
861 2.63013
792 5.69714
405 -3.36526
724 2.35236
118 -18.2176
551 -0.567139
756 0.968018
471 -1.78024
404 -3.09647
739 5.83545
703 0.816162
130 -17.1048
501 -9.15579
316 -7.60977
241 -11.0518
732 3.2951
448 -2.4686
881 3.22064
99 -21.4185
330 -37.3819
901 5.0578
159 -20.517
63 -23.2978
518 -0.753174
572 -0.567932
246 -7.47363
204 -13.5784
793 3.74445
538 -0.570923
472 -1.83987
668 0.664001
472 -1.83774
1222 63.1023
183 -17.9732
530 -0.683228
80 -16.8722
156 -18.4816
643 0.857666
220 -13.9715
846 2.45294
839 16.532
739 5.83533
397 -3.24716
47 -15.8294
186 -14.3858
248 -7.22154
419 -1.7995
632 0.822205
902 4.95782
501 -9.34863
393 -3.43796
481 -1.79266
275 -6.13809
386 -3.32169
423 -1.94891
551 -0.562439
171 -9.97742
24 -69.9743
136 -15.373
481 -1.79031
343 -4.27737
423 -2.3902
329 -5.08835
241 -10.2338
687 6.7052
861 2.62238
80 -16.8762
872 2.61957
180 -14.6912
688 1.84863
713 3.09174
45 -24.7471
307 -6.92624
47 -19.1751
373 -26.8722
518 -1.81995
518 -1.81854
655 0.534302
983 4.29053
100 -12.8919
782 9.83466
633 0.604858
518 -1.82129
623 0.639648
599 -3.42358
400 -3.37054
17 -68.3672
721 1.49377
721 0.749084
420 -2.03091
171 -9.97714
889 4.69855
633 0.604797
329 -10.3633
523 -0.829651
653 0.547791
485 -1.78772
177 -19.1028
760 7.38275
720 0.754578
485 -1.70538
381 -3.51474
44 -24.7453
244 -7.16032
326 -37.4787
75 -18.4305
901 5.05774
76 -30.1081
229 -10.6159
919 3.78735
737 2.60364
603 -0.0448608
61 -24.2728
867 2.59442
220 -13.9665
633 0.604858
124 -18.5658
29 -51.6091
76 -30.112
186 -14.3858
429 -8.40738
689 5.53687
518 -1.81921
26 -75.5417
349 -4.2048
378 -6.38266
310 -5.48334
325 -37.6053
518 -1.82697
919 3.78748
846 2.51624
725 11.1985
91 -19.7404
187 -17.1948
821 3.45111
472 -1.83926
225 -10.2413
722 10.6761
371 -3.64105
295 -8.22104
745 1.16119
204 -13.5773
861 2.60834
24 -69.9711
378 -6.38385
500 -9.39856
681 0.726196
906 4.98853
307 -6.93356
160 -10.6887
472 -1.83978
865 2.58038
518 -1.8252
237 -9.14177
919 3.78735
248 -7.22151
887 4.43488
326 -5.18622
79 -21.205
689 0.987305
571 0.0337524
902 4.95514
227 -11.2953
861 2.50153
484 -1.83893
428 -8.55664
656 2.50183
518 -0.75354
635 0.399231
36 -15.1203
632 0.821716
866 18.0128
10 -54.7198
541 -0.49762
334 -4.5816
865 2.59076
99 -21.5444
471 -1.77853
83 -29.4744
626 0.603455
727 3.42487
244 -7.16045
689 1.91443
327 -37.734
881 3.22064
846 2.51483
688 1.7453
866 4.15735
178 -14.2979
309 -5.30634
656 2.50134
228 -10.2398
878 4.41473
501 -1.61429
99 -21.5547
494 -1.46295
983 4.29059
333 -5.04306
339 -6.32639
427 -1.80319
809 5.08191
232 -11.5775
316 -7.61365
116 -20.5212
283 -7.80582
518 -0.75354
30 -124.363
628 0.385864
63 -23.2979
398 -3.10162
447 -2.49783
861 2.60767
635 0.300781
516 -0.888489
461 -2.33099
79 -21.2039
502 -9.22678
414 -20.7573
299 -5.36423
668 0.619141
213 -8.76308
719 0.742188
760 7.38135
782 9.8476
743 2.1795
360 -3.87552
295 -8.22116
721 0.911316
83 -29.4749
471 -1.78464
741 1.60938
356 -4.20117
713 3.08807
714 1.46399
293 -5.98633
241 -11.0753
633 0.604858
269 -6.88678
515 -7.95099
172 -16.5838
263 -6.8678
482 -1.6969
736 2.94208
83 -29.4746
822 4.44727
630 0.354919
727 3.4198
406 -3.00058
381 -3.47379
647 0.478271
37 -60.8585
794 3.78845
397 -3.18491
714 2.4859
551 -0.572693
130 -17.105
359 -3.92853
24 -70.4213
40 -5.03437
753 4.84351
183 -17.9779
472 -1.83789
448 -2.47211
765 5.18994
206 -15.6591
28 -51.4433
916 19.0335
923 18.9639
635 0.408081
311 -40.7927
551 -0.563721
861 2.62238
662 1.46082
195 -13.5347
1222 63.1007
902 4.95526
84 -20.8779
685 1.78186
295 -8.22076
315 -39.7202
270 8.12216
846 2.51453
450 -2.5314
67 -30.9663
793 3.74438
901 5.05804
721 0.911255
518 -1.82031
423 -2.3912
765 8.11359
270 8.28952
212 -16.1059
311 -6.08771
846 2.51636
481 -1.79089
346 -4.24139
307 -6.91928
689 0.987244
385 -31.8256
634 0.635864
438 -8.90219
419 -1.79956
400 -3.10236
159 -10.6172
901 5.05798
79 -21.2037
20 -67.7387
244 -7.16039
296 -8.22186
235 -20.4352
689 0.987244
81 -21.4198
204 -13.5789
938 5.76331
719 0.74585
61 -22.815
817 2.71307
741 1.60858
427 -1.80298
429 -8.40781
241 -11.0545
839 3.53625
160 -20.4304
246 -7.47353
83 -22.2378
307 -6.92474
518 -1.8252
901 5.05786
474 -2.0105
686 1.06549
924 19.1874
491 -2.03995
10 -54.6874
407 -2.98578
108 -19.1338
836 16.0563
817 2.70984
387 -23.4481
284 -6.22327
516 -0.888367
392 -3.08072
737 2.60272
212 -16.1058
338 -4.49292
756 2.95349
902 4.95819
180 -14.6907
767 10.5914
246 -7.47392
599 -3.42365
778 3.41968
51 -17.3126
178 -14.2978
501 -9.34851
539 -0.617981
130 -17.1047
860 2.77423
855 4.12115
406 -19.962
91 -19.5549
180 -14.6919
474 -2.01053
744 10.0978
633 0.604797
696 0.895264
374 -26.6932
186 -14.3859
846 2.51599
919 3.78735
570 0.292603
886 17.1278
910 19.0228
501 -9.34879
394 -3.28763
733 1.42163
374 -25.0623
83 -22.2437
79 -21.2046
130 -19.8702
229 -14.6616
794 3.78748
130 -19.8577
846 17.3395
635 0.39679
463 -6.4101
904 4.41858
603 -0.0588989
177 -19.1029
284 -6.24655
99 -21.5215
860 17.3236
419 -8.72614
298 -8.2778
183 -17.9734
753 4.88995
59 -23.1222
241 -10.2366
919 3.78735
630 0.854858
861 2.62225
97 -12.9541
179 -19.0662
687 6.7486
794 3.78918
910 19.0224
633 0.717834
826 3.07178
572 -0.568298
898 4.6236
334 -4.59714
235 -8.31389
294 -6.009
338 -4.4931
427 -1.80325
266 -6.99713
307 -5.41043
321 -5.13089
767 10.5914
307 -41.3175
704 8.71277
782 12.6461
499 -8.99591
187 -14.0012
918 19.0497
733 20.9447
428 -8.55664
310 -5.5112
732 3.2959
518 -0.753601
689 0.986633
66 -20.6413
621 0.246338
97 -13.094
310 -5.48355
224 -9.68564
157 -18.4132
296 -5.96695
227 -11.2914
90 -21.9734
394 -3.38446
187 -17.6502
439 -2.44098
1101 45.4762
687 6.7514
857 41.8584
735 1.60858
714 1.46405
771 15.9333
810 11.8171
382 -3.41061
219 -15.3398
691 1.91809
513 -0.693848
66 -31.0442
685 1.74017
841 4.73639
354 -4.26575
264 -9.32915
737 2.60406
831 2.27173
881 3.22064
1039 32.9628
339 -4.58231
827 4.02838
40 -5.02937
83 -29.4797
496 -1.45975
390 -5.34329
235 -17.2926
253 -10.0442
124 -18.5654
120 -18.876
183 -17.9733
424 -4.1528
809 5.08221
373 -26.8721
504 -8.92224
833 2.28662
79 -21.205
49 -95.8662
26 -75.5846
256 -9.85568
150 -21.1361
181 -19.0143
83 -29.4747
329 -10.3537
633 0.604736
715 11.3604
171 -9.97745
405 -3.36279
10 -107.554
316 -7.61655
360 -3.87555
686 3.27875
762 4.86627
496 -1.20724
756 2.95422
496 -1.20734
756 0.96106
277 -9.08459
501 -1.61508
742 2.62659
11 -104.514
655 0.520264
685 1.62054
782 9.84821
389 -5.56192
299 -7.6723
337 -4.37802
471 -1.7843
229 -10.6162
105 -17.7982
266 -34.7554
512 -0.456207
404 -2.95923
1098 66.2346
496 -1.20697
905 36.3944
523 -0.829346
326 -37.5592
633 0.711243
124 -18.5654
705 0.788147
313 -40.0275
503 -8.63913
697 0.694702
330 -4.69714
212 -14.2444
1101 45.4762
793 5.57739
183 -17.9767
817 2.70972
127 -20.0752
145 -11.7164
17 -68.3714
484 -1.67648
671 4.42804
373 -26.872
861 2.62231
424 -4.15079
881 3.2207
311 -6.07916
684 1.03729
17 -68.3783
787 5.38605
881 3.2207
515 -0.854675
839 3.50635
518 -0.753113
24 -69.995
811 6.62585
83 -29.475
227 -11.2922
783 5.2724
919 4.30389
600 0.474121
736 2.95593
864 2.55396
448 -6.94672
261 -9.03804
705 0.788086
10 -54.7288
858 3.79315
354 -4.12567
220 -13.9686
10 -107.593
186 -14.3859
485 -1.78558
668 0.617859
751 6.47314
472 -1.83817
10 -54.7171
237 -9.21616
326 -37.5593
729 15.3645
481 -1.79028
518 -1.81915
235 -11.8014
509 -3.58994
881 3.22058
471 -1.77927
405 -3.36288
178 -14.2977
99 -12.8785
753 6.7149
214 -14.3976
780 3.51166
843 4.9566
793 3.74432
10 -107.595
99 -21.4194
495 -1.29492
722 1.75342
796 11.2291
685 1.67828
1138 56.6752
795 6.15967
376 -5.90128
797 11.4257
341 -35.0355
777 11.1761
739 5.83514
407 -9.37186
245 -10.1939
853 17.4897
309 -5.3064
708 0.806702
387 -23.4473
61 -24.2729
816 5.7934
471 -1.78339
905 4.55334
633 0.717468
76 -30.1112
902 4.95782
400 -3.14917
753 4.84241
816 5.79327
1050 51.3257
227 -11.2934
118 -21.1407
843 4.91742
751 6.47382
822 4.44922
881 3.2204
448 -2.52188
756 1.03003
234 -7.70668
237 -9.21597
773 10.9436
45 13.7981
218 -12.5018
1090 46.5499
227 -11.2938
656 2.50171
744 2.66223
214 -13.0199
904 5.01288
843 5.16174
809 6.27319
653 0.547729
894 18.2278
309 -5.30624
919 3.78754
714 1.46399
299 -7.67264
571 0.0324707
793 3.74445
97 -14.0724
772 5.21588
919 3.78735
796 18.2087
748 4.5636
1050 51.3507
86 -20.5034
171 -9.97708
397 -3.18088
749 4.60913
196 -13.2037
500 -1.12274
36 -15.1203
307 -41.2029
474 -2.01031
778 11.583
817 2.71252
424 -4.15079
809 5.08411
896 2.67102
748 4.56531
502 -9.52515
261 -9.6624
501 -1.61417
816 5.79419
131 -19.1514
231 -10.6745
692 0.828857
761 6.39532
128 -20.0755
269 7.73734
661 0.778503
94 -15.2572
131 -16.939
274 -9.23883
79 -21.2046
516 -0.888611
309 -5.30649
146 -21.2846
316 -7.59888
621 0.328796
131 -19.1523
912 4.14215
387 -23.4454
220 -13.9718
55 -23.0739
161 -18.1996
801 8.49506
467 -11.6748
656 0.690857
557 -0.500305
954 32.6396
848 3.37311
136 -14.7704
474 -2.01035
902 4.95789
197 -53.8673
686 3.27942
871 17.7767
723 5.60425
387 -23.4472
857 17.4309
817 2.71228
844 16.8057
424 -3.10901
848 3.19244
263 -6.836
633 0.604492
241 -10.2334
795 6.16028
768 3.15967
681 0.725586
620 0.264282
275 -6.13818
1204 26.4414
204 -13.5774
420 -4.00159
965 5.61511
861 2.62231
403 -3.26685
633 0.717712
360 -4.00476
84 -20.9021
741 8.07697
275 -6.40695
741 1.60742
392 -3.27521
633 0.356018
893 4.99463
83 -29.4796
843 5.1745
227 -1.20184
501 -1.60278
173 -43.827
925 19.1977
429 -1.64771
381 -3.92917
453 -2.50027
244 -7.1604
315 -5.17087
816 5.79297
406 -20.1545
501 -9.34866
757 2.9707
907 3.25592
140 -17.0745
685 1.81696
279 -6.54474
171 -9.97812
256 -9.85561
264 -9.84363
423 -2.56586
381 -20.6791
675 1.60614
791 3.7323
76 -30.1043
289 -6.98486
901 5.05786
319 -38.5107
1098 66.2343
795 6.15887
688 1.74634
5 -70.8155
131 -19.1515
31 -15.5533
102 -12.7991
843 5.13385
310 -5.48331
237 -9.11359
566 -0.256531
961 27.801
213 -8.76251
500 -2.12033
249 -42.4174
376 -5.90244
96 -24.7891
803 13.8868
438 -12.0385
177 -19.1028
501 0.0250244
635 0.600891
159 -20.5179
159 -18.1282
347 -4.33405
808 4.1062
685 1.72278
277 -9.08408
1141 57.1344
184 -14.0188
186 -14.3859
708 0.831299
501 0.0207825
737 1.21484
402 -20.5895
442 -2.41229
99 -21.4186
460 -2.24243
427 -1.80331
668 1.05249
459 -2.28018
920 19.041
808 4.36182
329 -10.3547
809 4.16089
238 -9.10837
689 0.987305
689 0.985291
919 3.78729
442 -2.65894
246 -50.5285
772 5.39124
383 -3.58633
689 0.987488
133 -16.6231
676 4.57776
838 5.03381
346 -4.24155
881 3.22046
326 -37.5599
551 -0.574585
329 -10.3629
772 5.21661
157 -20.3165
489 -1.54846
682 1.10968
770 3.19104
176 -12.0034
239 -21.5424
305 -33.9597
111 -17.3359
329 -10.3562
757 5.13434
740 4.10291
656 2.50171
376 -5.89789
1067 48.0325
844 2.45184
799 4.88092
360 -4.02188
418 -1.7832
309 -5.30643
206 -15.6573
851 4.35529
904 4.87677
844 16.8054
753 6.7149
668 2.58521
229 -7.93712
518 -0.753296
846 2.51605
829 5.91022
225 -8.92451
79 -21.2043
1132 33.1102
557 -0.457092
767 10.5917
891 18.2346
328 -4.78265
452 -2.41339
487 -1.59146
256 -9.71356
741 1.60846
284 -6.24393
518 -0.753235
374 -25.0659
161 -18.0273
10 -54.685
175 -10.4006
958 4.62524
473 -6.97876
737 1.10858
692 3.59753
490 -5.5498
485 -1.78888
650 0.979065
954 32.6388
841 4.74066
214 -13.0211
693 0.932556
748 2.99542
843 5.06555
309 -5.30649
212 -16.1058
239 -49.3135
552 -0.601868
49 -2.05025
570 0.292542
712 9.43463
783 5.26245
737 2.76965
251 -10.1093
248 -27.8692
96 -24.7682
773 5.09436
182 -18.4213
733 14.1136
811 6.62598
572 -0.56842
339 -6.32654
786 3.92938
419 -3.84644
121 -19.0865
109 -19.1342
118 -21.1414
444 -2.91766
1039 32.8707
99 -21.5562
772 5.21582
718 1.43488
241 -10.2336
264 -9.32919
781 11.1779
413 -2.4346
199 -13.7205
360 -3.94803
376 -5.89743
775 5.41113
485 -1.78781
315 -5.17056
794 3.78876
754 1.91052
727 2.38287
904 36.3307
877 2.54919
853 17.4838
793 5.5824
496 -1.20728
436 -3.05893
919 18.1657
728 2.94922
66 -31.037
270 8.28888
47 -19.1825
572 -1.39441
202 -13.5688
90 -21.9734
501 -1.80774
241 -10.2335
325 -4.78024
514 -0.778198
515 -7.94699
220 -13.9721
171 -9.97719
614 0.13092
501 -9.34854
424 -4.06778
204 -13.5785
309 -5.45996
843 5.06622
471 -1.78336
241 -10.229
227 -11.2947
843 5.05896
471 -1.77875
515 -7.95126
638 0.466492
320 -5.13611
892 4.87421
398 -21.3873
900 4.69775
811 6.6239
685 1.76825
886 4.00275
575 -0.112976
658 2.21161
1195 -20.6539
403 -8.06824
419 -8.72607
724 2.354
915 30.8866
144 -19.2023
915 4.8598
299 -7.23618
578 -0.034668
241 -10.2337
655 0.534546
220 -13.9714
770 4.46051
334 -4.60803
808 4.12604
420 -8.20459
860 2.53503
964 5.28674
518 -1.82532
400 -19.6736
801 6.14441
383 -20.4908
503 -0.572968
153 -21.2534
843 5.03772
438 -11.8657
914 5.55243
178 -11.2967
359 -4.02194
180 -14.6905
439 -11.643
376 -21.0628
338 -4.4931
551 -0.561584
403 -8.07257
350 -4.13983
204 -15.6597
464 -2.23898
309 -5.3064
732 18.2014
273 -46.3374
677 1.03973
148 -11.3433
789 5.4118
348 -4.90216
214 -8.54219
246 -7.60304
782 5.61658
430 -8.96695
510 -0.842407
807 6.25549
746 15.9276
1204 26.4355
689 0.985413
460 -2.25568
798 6.0636
783 5.68884
630 0.352234
509 -4.17014
241 -10.2359
685 1.78229
283 -7.80573
345 -4.37387
206 -15.6577
463 -2.14517
448 -7.16791
368 -3.76767
10 -54.6932
550 -0.567078
689 5.53632
796 5.93048
817 2.71045
424 -4.14948
159 -20.517
156 -21.0798
879 17.9952
820 6.22241
780 3.62085
295 -5.69589
214 -8.54205
215 -12.5662
200 -54.1855
846 2.51453
1132 33.1724
206 -15.6626
804 9.34875
805 3.90039
68 -21.24
656 0.500793
600 0.47406
817 2.71252
1098 66.2343
90 -22.7538
466 -2.30634
235 -20.259
863 17.7932
861 2.62244
792 10.9688
743 3.54535
769 3.01233
777 3.40027
756 4.59753
772 5.22119
501 -1.60153
484 -1.66083
760 6.61713
729 1.17084
186 -13.8744
971 4.59082
1085 46.4237
580 -0.0100098
509 -3.58981
783 5.44263
353 -27.8694
500 -1.12811
917 36.2856
584 0.4552
798 6.07043
1101 45.4762
841 4.7373
481 -6.93777
756 0.970947
751 2.87677
552 -0.593689
298 -8.29059
340 -17.8269
391 -3.45505
901 5.05798
119 -21.1935
124 -18.565
901 21.6496
1138 56.6735
438 -8.90225
443 -2.56821
481 -1.79297
509 -3.59018
850 4.3725
668 3.02979
746 2.8064
485 -1.78784
306 -6.97757
350 -4.13995
424 -4.0672
515 -7.95062
400 -3.1434
494 -5.95129
836 16.0559
333 -3.13611
570 0.292786
501 -1.60312
444 -2.49246
815 5.43622
580 -0.0103149
344 -4.4585
165 -15.756
472 -6.30295
113 -20.8785
548 -0.0822754
844 16.803
758 6.30908
756 0.967712
1063 47.9004
621 0.246399
803 13.8831
691 3.64514
810 4.03223
358 -4.13812
235 -9.15259
858 3.79327
744 4.55927
163 -14.3903
102 -20.6188
213 -8.76215
917 5.18091
832 5.70709
272 -9.08673
671 0.750977
826 4.07507
570 0.292603
688 1.8269
960 5.78503
652 0.867615
794 3.78857
329 -10.3562
822 4.44904
739 5.84125
414 -1.68948
378 -6.3829
677 1.039
35 -15.9352
809 6.31433
675 0.74176
739 12.4631
180 -14.3232
706 9.79761
65 -20.7056
810 5.76685
437 -2.75128
202 -13.8674
441 -12.4498
1132 33.1586
851 18.2568
459 -2.28723
449 -10.4008
311 -5.12988
228 -8.90038
459 -2.28455
885 46.6554
771 5.28009
458 -8.4877
782 12.6433
450 -2.55011
724 2.35333
155 -46.168
437 -12.9492
187 -15.8666
217 -13.9454
280 -6.57495
595 0.0293579
434 -2.68732
392 -3.35245
480 -1.69946
531 -0.783997
799 4.6687
830 6.31641
515 -0.415039
333 -3.14331
901 21.6483
739 3.1076
266 -34.7543
748 4.56531
754 4.81
548 -0.0895386
144 -19.1368
595 0.029541
876 3.79596
397 -3.24725
718 5.05566
1063 47.9009
811 6.03741
552 -0.532471
485 -3.3569
795 6.15332
479 -5.9133
40 -5.03009
841 4.73779
118 -21.1407
822 4.44879
311 -5.12946
254 -9.96524
229 -14.6617
165 -44.8065
821 4.02393
903 18.6696
378 -20.9384
115 -19.3536
773 5.30719
905 4.93744
174 -15.15
836 5.41577
137 -19.1422
767 5.87439
449 -2.48611
560 -0.686829
668 0.565979
738 3.0647
376 -5.90067
880 2.66052
352 -4.27994
920 30.7243
1150 18.4734
256 -9.85577
354 -4.10287
805 6.01825
381 -3.47388
1064 43.0007
119 -19.3714
502 -1.0368
413 -2.4231
227 -11.2962
788 5.45099
775 15.7385
428 -8.55655
670 0.802307
661 0.905334
103 -13.8583
311 -5.12946
1030 55.3872
821 -14.5394
383 -3.5433
881 3.22058
273 -46.3427
844 16.8061
687 6.75146
187 -17.6502
1206 21.8073
489 -1.55096
975 6.85474
479 -1.88031
214 -8.54218
244 -7.16049
501 -1.60205
121 -20.6493
773 5.09979
784 12.2875
200 -53.9034
850 4.84998
766 10.8329
843 4.95721
672 1.12665
748 4.56506
867 4.15948
600 0.474243
339 -6.32623
156 -14.161
421 -3.95477
805 10.5189
502 -1.01828
879 2.56854
795 5.9903
145 -13.7836
171 -9.97751
334 -4.57812
811 6.62567
17 -68.3771
677 1.03522
809 6.45447
714 1.46436
645 1.28925
518 -0.753235
947 5.01367
183 -17.9734
795 4.96729
368 -3.83902
729 2.32745
857 41.8615
599 -3.42383
557 -0.456787
737 2.60345
1151 18.38
365 -3.76416
271 -9.24451
1030 54.8431
748 4.56525
348 -4.88159
784 3.67975
816 5.79285
795 6.15936
430 -5.10632
90 -21.9726
741 12.6064
931 3.9588
739 5.83521
227 -11.2966
789 5.41254
782 5.31122
299 -7.13095
771 5.28003
823 3.39948
786 3.6535
443 -2.71161
823 6.71729
793 6.05853
325 -4.86826
699 3.74817
772 5.22986
750 6.07373
570 0.292542
725 1.81897
154 -21.1437
452 -2.40945
951 4.74786
749 2.84357
532 -0.697449
951 22.9866
212 -48.9677
227 -11.2938
278 -9.12659
859 2.74884
632 0.801208
111 -20.428
796 5.93085
11 -110.162
1194 -18.922
784 12.2871
96 -24.7889
860 2.78967
41 -15.7636
647 2.05872
428 -8.55664
256 -9.85567
826 3.2915
352 -4.27869
369 -20.4025
501 -0.0172729
569 -0.161865
722 1.87665
795 6.1593
100 -26.067
187 -14.3042
295 -8.22083
284 -6.22314
714 0.83075
161 -14.6536
742 4.37158
715 11.3585
677 1.03986
739 7.16327
846 2.51599
121 -19.1461
570 -1.31335
227 -11.2968
395 -3.42474
548 -0.0888062
531 -0.772766
811 6.20575
757 4.85999
691 5.44696
30 -124.295
55 -25.7809
642 0.383972
410 -2.69907
795 9.12531
306 -34.4373
809 5.08411
277 -1.97177
559 -0.29126
893 4.57019
808 6.4671
686 3.27863
245 -14.3599
1185 21.303
490 -5.54987
382 -20.6095
757 10.3878
411 -10.9041
773 5.30774
1051 60.0773
889 4.09991
423 -2.56601
816 5.79309
383 -3.53305
518 -0.408813
647 1.39771
792 5.89789
827 4.09027
53 -23.2425
318 5.60211
794 3.7887
435 -2.85095
241 -11.0568
495 -0.195068
291 -5.79858
749 2.70447
392 -3.27588
937 132.887
850 4.33594
423 -2.56604
155 -46.1707
237 -9.21591
858 3.79303
724 10.8947
394 -3.21442
337 -7.66931
475 -6.87714
847 -5.60797
961 27.801
241 -12.11
329 -10.3611
490 -8.67392
798 6.07361
797 9.49152
811 6.62439
817 2.71051
743 3.276
856 2.5177
897 18.3093
772 5.2207
633 0.717285
620 0.361389
770 5.04572
873 2.73059
438 -2.41504
580 -0.0102539
780 3.77155
229 -14.6616
244 -7.16045
403 -2.95773
541 -0.533875
408 -16.5573
567 -0.222107
307 -6.92166
805 11.735
490 -5.55005
1064 42.9713
517 -0.850769
915 4.86542
214 -8.54208
83 -29.4798
715 11.2455
134 -15.9605
780 5.44104
765 5.19031
392 -3.27512
866 4.15729
773 5.30603
672 2.41223
353 -27.8594
673 0.967102
737 2.60406
29 -74.4353
1145 31.1425
783 5.74646
494 -5.95126
816 5.79291
218 -15.4132
83 -29.4798
794 3.65594
282 -33.4298
241 -10.2338
790 5.80011
963 22.8442
244 -7.16048
595 0.029541
737 2.60413
595 0.0294189
825 15.563
877 28.4186
688 1.65027
96 -24.7897
780 5.42047
447 -2.59827
379 -20.9386
264 -9.32913
900 4.7193
504 -1.04187
80 -23.2792
259 -10.2757
73 -21.5118
776 5.30603
326 -31.628
761 9.01056
310 -6.89212
752 4.45844
259 -9.71251
374 -25.0676
739 3.05243
295 -8.22131
628 0.437988
214 -8.54195
438 -8.90094
881 6.79047
80 -23.2863
481 -1.79282
637 0.439331
283 -7.80603
783 5.71887
873 17.8348
778 5.05328
810 5.02765
901 21.6516
737 2.6449
466 -8.63837
915 18.9063
263 -6.86826
810 5.00684
365 -3.76453
793 5.4245
987 48.4707
227 -11.2944
407 -3.03705
236 -17.3309
706 9.99921
677 1.03967
775 5.19794
811 6.62592
124 -18.5655
48 -32.2357
795 6.15857
17 -68.3782
474 -1.88757
557 -0.456787
1084 66.0155
252 -13.8926
956 5.40302
819 15.3444
839 3.53009
826 3.29144
872 3.50427
395 -3.87726
241 -11.0549
357 -3.99072
600 0.473999
279 -4.99045
90 -22.7476
843 4.88696
1011 36.3207
424 -3.74991
1091 46.4573
804 5.91492
880 3.34082
724 10.8495
780 3.43231
188 -18.6759
611 0.210999
886 4.00287
801 6.14465
130 -19.8554
879 18.035
40 -5.03053
795 10.9586
580 -0.0100098
74 -22.326
353 -27.8673
822 15.439
870 2.59039
217 -13.9701
879 21.6191
919 3.78748
917 18.9769
757 2.97076
26 -75.2761
658 1.68048
278 -9.14484
350 -4.13977
329 -10.3549
638 0.466431
113 -21.3078
381 -3.47379
801 3.83496
880 3.39044
474 -6.0322
873 3.77295
448 -2.47055
811 6.62158
858 3.79449
275 -6.13818
557 -0.457153
234 -12.1051
265 -9.5163
376 -20.9367
518 -0.753174
171 -9.97726
430 -3.5321
838 5.03894
766 4.97302
867 4.15887
268 -7.8045
570 0.292725
232 -11.8188
757 2.97076
910 19.0225
804 11.606
471 -1.7785
448 -2.61005
918 19.0172
901 5.0578
445 -7.88098
341 -4.5361
244 -10.7139
841 4.73669
803 13.8831
229 -14.6616
373 -26.872
283 -7.80615
839 3.50903
424 -4.06744
557 -2.62976
484 -1.71481
179 -9.4726
1052 47.9697
944 34.4091
101 -22.6776
814 3.14398
910 30.5104
766 2.94562
772 5.39197
808 5.54138
1055 17.2881
805 10.3771
97 -25.1815
113 -17.1955
460 -2.24274
50 -2.1102
853 17.5522
387 -23.4456
717 1.48621
143 -19.0738
829 5.35419
381 -3.47412
96 -24.7906
509 -1.02036
843 16.6151
17 -68.3633
283 -7.13477
354 -17.1794
687 6.75055
434 -1.9971
705 0.788086
363 -3.89426
61 -24.273
285 -8.75409
859 2.51453
669 2.75513
149 -20.9814
220 -13.031
1206 21.8181
203 -13.78
471 -1.77866
670 1.15375
812 6.33075
811 6.62372
677 1.05225
283 -8.91629
772 5.39215
841 4.74097
98 -59.1004
224 -12.7191
283 -7.80569
933 23.1803
749 2.68799
265 -9.75861
1204 26.4321
595 0.029541
329 -10.3544
817 2.71014
325 -4.86798
58 -3.70787
108 -19.143
227 -9.82587
374 -25.0658
346 -4.24139
796 5.93085
397 -3.55734
655 0.534302
771 5.28027
557 -0.457092
352 -17.8791
327 -37.5366
514 -0.824829
311 -5.10324
429 -8.40747
194 -13.9573
1082 46.4733
839 3.51147
843 5.14612
416 -1.67105
756 4.22266
753 4.84735
816 5.79297
295 -7.79614
409 -4.91345
708 9.02173
438 -2.83951
879 21.6228
192 -14.0255
40 -5.03074
192 -18.5119
49 -2.0507
852 4.62134
827 4.09003
244 -7.16048
605 0.381409
11 -110.182
263 -6.83569
119 -21.1741
789 5.41217
438 -8.90192
917 18.9832
489 -1.55078
400 -19.6729
780 3.46735
98 -59.0992
518 -0.753235
371 -3.67084
793 5.58252
459 -2.31451
190 -13.5272
282 -6.9418
901 21.6497
758 4.79236
40 -5.0345
833 5.02435
436 -8.44446
545 -2.45795
781 4.1944
826 4.07501
843 4.94196
1176 -6.45276
763 1.81378
548 -0.566833
1198 21.8517
230 -43.2357
796 5.94122
814 11.9358
484 -1.67331
76 -30.11
686 3.27844
350 -4.3439
744 4.52936
1204 26.438
972 4.58301
339 -6.32681
490 -5.5499
518 -0.753174
737 2.60199
754 4.78455
557 -0.45697
447 -10.6344
853 17.4844
248 -7.22151
279 -9.10495
348 -4.89865
937 132.824
312 -30.0994
82 -15.181
858 2.51764
797 5.80145
1086 37.4689
1199 20.8783
185 -14.3864
387 -3.37799
689 0.930847
236 -17.329
137 -19.1415
902 20.3873
476 -5.88599
760 4.53589
794 6.12866
496 -9.61218
214 -8.54082
759 6.40845
954 32.6389
915 30.885
352 -4.28253
241 -10.2357
29 -75.4644
723 10.9168
913 4.59058
283 -7.80606
399 -3.27664
703 8.68646
885 2.63782
725 2.33838
410 -19.8143
372 -21.2517
149 -21.2036
705 9.26166
844 16.8063
793 5.58252
752 3.49695
793 5.63123
848 17.6774
51 -32.4235
1150 18.3767
298 -8.27673
444 -7.26389
83 -29.4804
717 4.88055
858 3.79437
323 -5.44412
416 -3.52786
432 -16.7558
348 -4.89453
1067 48.0316
917 4.5816
782 5.68146
241 -10.2369
49 -2.04776
794 5.92841
354 -7.74118
283 -7.80597
1098 66.2347
339 -6.32663
846 17.3384
763 5.11981
630 0.85498
385 -24.0412
689 1.14563
728 13.4692
1084 66.0391
757 13.5933
674 1.15857
1064 42.9716
870 2.84601
1014 36.1135
570 0.292664
751 6.47394
914 4.87103
404 -15.5863
17 -68.3637
633 0.355957
394 -3.19037
351 -4.24039
815 3.74408
822 6.75476
901 5.05804
748 4.56445
772 5.39185
1063 47.901
736 12.199
1067 48.0326
841 4.73767
50 -2.11091
239 -12.1405
687 0.98938
229 -14.6616
1086 37.4341
490 -1.49893
724 13.506
613 0.438293
822 4.44702
614 0.130066
983 4.29016
600 0.474121
397 -3.24734
871 3.34454
793 5.83881
880 17.3107
283 -7.80597
385 -22.4202
699 8.99774
633 0.475952
504 -9.0256
758 4.85901
477 -7.26266
265 -9.69014
985 57.0459
836 2.47913
736 2.9408
56 -23.2719
213 -13.2433
1084 46.3969
681 0.719788
796 5.92993
646 0.791443
260 -6.5244
755 1.6861
805 12.4567
227 -11.2942
857 17.4309
50 -2.11069
424 -13.7705
757 6.50018
277 -9.08844
142 -12.8527
767 4.97577
965 5.61517
1052 16.5997
457 -2.76404
432 -3.1196
688 1.08203
400 -19.6734
920 30.7645
843 2.48785
439 -1.86185
68 -29.9354
424 -4.15207
901 18.5904
290 -8.63196
548 -0.0806885
509 -3.58994
429 -8.40613
876 2.76788
615 0.773438
803 4.26379
804 14.1057
196 -13.2046
560 -0.421143
853 17.4832
826 4.07843
644 0.719666
315 -5.17096
793 5.58124
794 5.62793
843 5.12933
1238 62.9434
824 5.901
346 -4.24091
322 -5.21039
620 0.599243
838 5.03937
708 0.831238
838 4.73895
793 5.5816
214 -8.54192
703 9.27124
1124 54.6509
736 2.57135
1193 19.5311
437 -2.75705
952 5.19238
488 -2.04413
221 -12.3735
653 1.36853
357 -4.11603
374 -25.0673
677 1.03821
229 -14.6616
731 1.34338
879 17.9078
300 -7.36798
17 -68.3708
759 -12.769
241 -10.2289
778 5.05536
391 -3.38248
124 -18.5679
796 5.93146
771 5.27985
880 3.39044
448 -2.60098
816 5.79297
1018 47.8879
432 -2.9624
1150 18.3743
255 -9.63539
29 -51.6735
423 -2.56601
230 -12.6173
762 3.0415
130 -19.8565
440 -2.69806
514 -0.432983
822 5.18146
294 -33.3064
246 -7.47391
146 -21.3622
567 -0.348206
1200 20.816
737 3.7663
792 5.36218
820 19.2885
396 -3.30771
715 11.3587
378 -3.52948
950 37.5698
348 -4.89938
420 -13.6204
703 4.22321
39 -88.1783
541 -0.593628
281 -6.84335
767 5.31055
202 -53.885
439 -2.75674
689 1.14783
187 -13.9485
1119 71.5892
811 9.31622
824 6.05292
548 -0.0880737
787 5.74591
1050 51.4347
816 25.6218
603 0.381042
796 5.93933
378 -6.38251
455 -8.591
389 -5.08853
443 -2.57986
393 -3.38074
238 -7.39639
801 6.14441
424 -3.73297
128 -20.076
907 19.8208
816 6.1676
175 -19.1707
326 -37.5597
749 4.66882
547 -0.465637
760 14.7943
1039 32.8104
315 -5.17084
795 5.8551
881 2.64996
825 5.93909
307 -5.40906
353 -27.8625
764 5.15967
236 -17.3387
786 3.59393
922 5.36597
319 -5.01764
855 3.68451
47 -19.1841
808 6.20593
940 25.6851
997 32.0239
185 -14.2092
789 5.40662
389 -4.60263
966 43.9977
518 -0.753296
210 -13.2487
348 -4.23318
448 -2.46988
227 7.39598
570 0.292542
366 -3.88651
124 -18.5669
798 5.88019
179 -14.7093
78 -23.707
505 -1.0098
972 4.67633
197 -17.9793
264 -9.32933
732 2.32422
179 -14.7084
683 0.829773
428 -8.55661
458 -9.88617
421 -3.8949
816 5.79285
329 -4.78513
682 6.70428
879 21.6226
910 30.5068
910 34.3411
1088 46.3551
794 6.0827
476 -6.19363
727 3.42444
248 -27.8711
882 32.8876
872 2.78693
263 -6.84567
1182 19.6562
515 -0.313049
816 5.79425
489 -1.7301
121 -19.1994
164 -14.6706
614 0.130188
455 -9.77814
741 3.25635
848 20.3155
939 41.2438
824 5.90833
756 2.90161
786 5.37805
143 -19.0732
614 0.131409
760 1.31476
392 -3.27515
237 -9.13734
966 74.5902
39 1.78625
501 -1.16931
316 -30.8848
325 -4.86804
822 4.44965
496 -1.20731
1159 66.6562
858 3.79333
793 6.00354
727 2.8363
333 -37.0934
121 -20.6541
702 4.31512
285 -8.77432
433 -14.6158
374 -13.7862
595 0.0294189
124 -21.1616
953 32.4982
803 13.8865
856 17.2029
572 -0.567993
430 -12.5534
838 4.94757
825 5.66748
432 -16.7555
702 4.31567
164 -14.8902
401 -15.3877
753 4.84601
524 -0.76825
633 0.354065
374 -26.6935
143 -19.0713
901 5.05762
840 3.05176
880 18.1895
935 5.71277
124 -18.5641
909 2.76349
283 -7.80569
333 -3.13733
20 -113.562
702 4.31494
757 2.97064
1128 55.2526
893 37.1046
841 4.72937
939 38.0067
531 -0.783997
791 6.05536
445 -2.49744
833 2.70624
557 -0.457153
244 -13.4729
455 -2.47736
864 17.387
459 -8.86591
820 12.2462
122 -20.2205
803 13.8867
852 44.6483
548 -0.0818481
823 6.76117
804 6.0675
209 -13.389
936 5.67511
784 12.2873
490 -5.55005
255 -6.97549
478 -5.90741
919 36.5456
1026 61.4264
623 0.361572
772 5.07281
334 -4.59195
816 5.79309
76 -21.39
872 3.8139
802 5.79651
839 4.54388
364 -3.79568
867 4.15906
864 28.2893
820 5.1933
557 -0.457153
942 95.1019
792 4.88293
432 -16.7549
965 5.61511
218 -43.192
244 -7.16043
452 -2.4093
431 -8.67807
281 -6.84357
83 -22.569
232 -14.627
0 -32.5349
752 4.78888
504 -1.05835
567 -0.222229
709 6.46631
816 5.79291
823 6.58789
879 17.9956
26 -75.6516
229 -10.6146
953 32.499
159 -14.9167
782 5.56616
282 -8.81531
816 5.79291
423 -1.94907
1050 51.4491
771 5.28015
1141 57.1343
1052 48.2356
864 28.1711
6 0.774215
192 -14.3003
373 -26.8722
921 19.9778
721 0.862549
950 37.5892
92 -20.0604
298 -8.01633
419 -14.2063
983 8.92224
1062 47.3372
227 -11.2952
719 12.452
471 -1.78424
861 17.7164
567 -0.0932007
229 -10.6158
910 19.0226
80 -61.6781
125 -20.7935
400 -19.6779
961 27.7983
359 -3.9285
460 -2.27557
782 5.6142
969 5.0863
746 3.44922
1039 32.8174
211 -35.406
658 0.581421
558 -0.41217
731 2.72485
596 0.443909
846 17.3391
434 -2.05496
782 9.8371
781 3.83044
772 5.22528
139 -17.1754
452 -2.40961
281 -33.4384
114 -20.6143
1039 58.7972
389 -3.41293
736 15.6006
645 0.96582
828 6.26093
730 13.4942
61 -43.046
1050 51.4337
336 -4.71518
826 4.07495
746 15.9325
547 -0.578613
222 -13.1925
915 18.8779
708 4.5412
843 5.17981
84 -22.7041
997 32.0082
253 -13.2006
901 21.6478
772 5.22498
771 5.27991
773 5.30579
695 0.874756
674 6.64404
838 4.7616
300 -7.91025
242 -10.972
336 -4.66464
124 -19.9904
106 -18.1596
447 -2.50031
937 7.59283
816 5.79291
782 9.83545
522 -0.78479
307 -6.91684
801 5.04102
241 -11.1256
803 13.8865
255 -10.7633
753 4.84845
284 -6.80289
264 -9.84361
780 5.54547
458 -2.25739
201 -14.0813
426 -3.80746
458 -2.24307
614 0.130859
823 6.59009
50 -2.10984
248 -9.935
1039 32.8335
1051 60.0601
880 3.39111
816 5.79321
866 18.0131
1000 23.5391
231 -49.2475
159 -20.517
1063 47.884
97 -19.2392
278 -8.72858
1050 51.3938
734 5.71545
702 4.31506
473 -1.94193
68 -29.9339
696 7.01538
824 5.92761
246 -7.47391
817 2.71228
207 -13.4011
686 3.27838
501 -1.18427
633 0.604736
936 5.65643
149 -19.1642
50 -2.10988
719 2.4549
387 -23.4456
566 -0.261841
952 43.9789
203 -13.9118
205 -13.6337
716 11.0115
593 0.498779
241 -11.0553
876 28.375
200 -13.8881
614 0.131348
943 33.6362
472 -6.23096
861 2.76953
243 -10.7697
801 4.49884
130 -19.8551
451 -7.05859
830 3.98737
714 1.46368
886 4.00244
877 3.55084
428 -3.7634
199 -13.1171
102 -14.8982
142 -12.4666
210 -13.2262
861 2.61969
826 12.9901
366 -3.88293
523 -0.823608
803 3.8689
958 4.62518
1051 60.0647
456 -9.20221
251 -8.32024
98 -59.0991
766 5.21606
795 6.14539
62 -20.2105
168 -14.7457
227 -8.9158
448 -2.47122
452 -2.41019
876 3.7984
844 16.8053
241 -11.0736
1106 58.6002
803 13.8866
329 -10.3554
90 -22.7475
827 5.68134
674 0.844299
390 -19.7392
816 5.79388
140 -22.6738
832 5.26288
252 -7.78606
96 -18.2077
801 6.23511
926 35.6886
102 -21.6846
821 -14.548
806 6.21545
898 4.63293
896 2.67139
901 21.6481
882 32.8883
374 -25.0672
816 6.3125
121 -20.6494
823 6.31775
217 -13.2242
812 16.8273
985 47.2599
757 2.97076
28 -5.93444
573 -0.223206
229 -14.6618
278 -8.62146
410 -3.59866
472 -2.06552
538 -0.606628
710 4.44745
218 -7.31023
47 -19.1856
436 -8.56689
810 6.46667
243 -11.862
518 -1.82025
467 -2.05048
793 5.6366
559 -0.290955
1225 109.589
1150 18.3955
195 -40.8767
325 -4.78018
59 -29.4782
236 -9.15651
424 -4.14996
838 4.7113
524 -0.780273
470 -7.21982
74 -22.9385
787 5.36401
247 -11.0167
340 -28.8729
424 -4.14871
784 12.2867
518 -0.753174
792 14.6964
446 -2.6041
697 0.972229
212 -13.0647
424 -4.14493
841 4.73743
910 30.5115
853 3.68408
76 -30.1042
871 36.5676
700 1.21478
852 44.6359
553 -0.438171
794 6.11938
106 -18.1609
374 -25.0604
808 4.11359
772 5.22913
215 -12.6479
881 17.8976
474 -1.81311
732 2.32056
986 60.0795
773 5.39178
613 0.264343
520 -0.806274
515 -0.312866
836 16.0565
844 16.8037
822 4.44733
472 -1.96252
687 3.17596
614 0.74884
567 -0.222229
812 16.8431
1085 65.6527
1072 65.4233
350 -4.13986
770 3.37933
228 -12.9925
264 -6.92505
815 6.28406
75 -23.9803
886 4.00287
511 -0.830963
773 5.30676
201 -14.13
1168 21.8517
423 -2.39029
424 -4.06726
858 3.7934
361 -25.8836
774 11.5236
1045 50.6898
974 67.7655
901 47.0468
652 1.15521
813 11.1344
459 -2.31335
241 -11.0554
798 6.11877
688 1.04382
791 12.6058
233 -12.2975
780 3.83539
433 -4.18915
474 -2.01028
947 5.01385
631 0.284973
294 -7.74484
793 5.63721
553 -0.430908
1050 51.3605
225 -12.7641
145 -17.2851
705 5.78125
970 4.80243
844 16.8053
1068 10.2295
910 30.511
808 6.29199
767 4.99023
793 5.58167
352 -4.32291
1238 69.4435
485 -1.78561
887 24.571
0 -32.535
473 -7.74936
421 -13.6708
230 -43.1903
421 -3.43384
866 18.0129
118 -20.5141
838 2.50488
454 -9.31213
750 3.1333
946 5.55615
424 -4.06747
98 -22.6944
1039 37.5288
822 4.44714
230 -43.3191
759 4.89709
756 4.80145
443 -2.50574
839 3.53064
248 -8.3131
275 -6.13818
923 19.7939
222 -12.8842
911 30.1911
844 9.44287
952 43.9772
904 4.96039
952 43.9755
167 -14.0939
731 8.09052
244 -7.16037
311 -6.08624
459 -2.31345
248 -11.4155
539 -2.49579
1039 51.4799
264 -9.32913
867 4.159
380 -3.38498
285 -8.68167
827 4.02783
263 -7.58734
1136 15.6368
386 -20.7681
374 -25.0663
947 5.01355
1039 52.1805
811 16.965
299 -7.67249
888 35.7327
264 -9.83855
829 6.18939
296 -7.59174
553 -0.439087
353 -27.8448
1067 48.0326
692 0.709839
137 -19.1375
816 5.79309
405 -17.2902
61 -24.2727
588 0.0142822
186 -14.3863
159 -16.4406
241 -11.074
85 -22.2477
1124 54.6505
501 -0.0172424
472 -1.97226
339 -6.32642
466 -6.48758
633 0.605286
486 -10.6428
462 -2.15228
366 -3.85315
117 -20.9203
90 -21.9724
417 -13.7134
485 -1.78558
461 -8.46671
351 -4.33325
766 5.23627
440 -2.8674
523 -0.82489
771 5.28003
966 32.3646
206 -48.0201
420 -3.83234
328 -5.20065
169 -15.3657
226 -12.5104
965 5.61499
795 6.13696
901 5.05786
90 -22.7533
841 4.74109
1069 55.6938
679 0.821838
815 5.62921
496 -1.20776
399 -21.6736
536 -0.744507
1077 55.6305
177 -19.1029
822 3.448
188 -13.9483
256 -9.25829
378 -6.38208
722 12.2374
333 -3.14447
886 29.6781
241 -10.2299
222 -10.4742
824 5.92737
432 -12.6518
715 0.703613
1018 30.7397
866 4.15753
306 -5.61487
244 -11.8075
392 -3.27585
951 37.3309
340 -25.3341
284 -35.9464
638 2.54919
780 3.97748
811 6.60156
775 5.28864
443 -2.71051
432 -16.7553
509 -0.864136
873 3.69928
744 3.06641
412 -1.63824
954 5.14557
179 -14.6665
816 5.79327
879 2.51495
1112 67.9681
411 -2.23041
824 5.89807
436 -8.43396
229 -10.6161
783 5.33191
99 -17.9715
122 -20.1919
782 5.65985
780 3.50989
198 -14.003
986 47.2579
928 35.4995
31 -78.0079
788 5.62714
32 -33.4248
283 -7.80673
17 -115.73
187 -17.65
702 4.315
836 4.89362
99 -21.4233
795 6.15924
999 40.6565
858 15.2464
265 -9.55296
193 -38.5603
440 -2.6987
803 6.04449
296 -8.03766
549 -0.449219
851 1.51929
442 -11.5355
51 -32.4238
822 4.44708
838 5.11017
360 -3.99133
121 -20.6542
876 3.84308
411 -2.04453
361 -26.3443
904 36.33
557 -9.11725
338 -4.62286
861 2.77002
805 25.0302
784 5.74701
121 -20.649
369 -3.74805
727 2.38757
248 -14.5113
1229 23.177
281 -33.4368
822 4.4472
784 12.2875
1055 50.2869
447 -2.63577
461 -11.9334
938 27.5928
240 -10.7312
1084 66.0155
595 0.0292969
633 0.605286
253 -9.7621
496 -1.20697
161 -15.1025
381 -3.51535
882 18.5399
109 -22.4685
447 -8.42435
160 -10.6886
73 -24.3377
834 2.47491
824 6.4903
384 -5.44418
239 -11.8198
447 -2.51883
779 3.87927
904 36.3482
882 32.8873
68 -29.9342
548 -0.0869751
307 -41.316
496 -1.20807
381 -20.5465
99 -21.4232
342 -18.2257
475 -3.32748
1014 48.0398
258 -10.0468
919 36.5468
952 43.9753
745 2.81732
832 5.19348
241 -11.1684
974 4.71533
918 5.03314
1161 61.8833
294 -7.71741
706 6.35284
423 -8.63251
166 -14.9525
974 66.902
841 30.918
242 -15.1765
1131 83.8998
777 5.34943
264 -9.32907
752 2.90448
206 -15.6566
808 4.10461
49 -23.9933
242 -11.1662
796 33.5328
885 3.95483
1028 38.1069
483 -1.86374
264 -9.32913
219 -12.5039
127 -20.1088
901 5.05792
839 3.508
780 5.31244
1051 60.0588
794 6.1261
444 -11.273
759 4.83258
1000 41.3991
263 -26.8137
400 -3.15958
76 -30.1112
816 5.79285
779 3.69769
144 -12.1851
214 -13.0197
550 -0.45105
118 -54.8012
250 -7.75493
369 -3.74316
901 21.6484
759 14.529
761 10.356
28 -69.4057
728 0.942139
283 -7.80554
241 -11.0759
826 7.01868
824 6.0528
839 25.4748
770 10.7731
216 -13.9103
809 6.25342
756 0.968079
351 -4.24048
360 -21.7231
817 2.70935
824 5.92017
467 -2.1131
564 -0.418579
646 4.03516
162 -14.9554
744 4.25708
99 -21.4232
1119 71.5894
792 26.252
1064 42.8945
447 -8.38766
99 -18.0018
914 19.006
937 5.66455
402 -17.8
817 2.71021
133 -20.6683
841 4.74084
339 -6.32657
1159 68.2814
760 4.82214
275 -6.13806
376 -5.90744
801 6.2052
794 6.01031
727 3.41992
128 -20.0758
410 -2.75143
910 19.0231
509 -3.58978
836 4.56854
1239 95.8353
751 4.77551
715 0.682861
468 -2.1673
338 -35.7563
826 2.86945
17 -68.3788
333 -3.12717
465 -9.01447
119 -19.1931
687 0.98938
161 -15.2021
952 43.9755
263 -9.76909
545 -0.452759
520 -2.46088
241 -11.0554
443 -2.47485
48 -95.5193
124 -21.1788
986 47.2567
421 -2.66638
766 5.18518
780 5.11884
252 -7.66335
806 6.25842
816 5.79291
90 -21.9726
953 32.4989
821 -14.6122
436 -2.08325
428 -13.0811
241 -11.0764
761 7.12164
241 -11.0737
429 -8.4072
66 -25.2208
348 -4.88419
218 -43.1956
919 3.78735
448 -2.47269
596 0.0388184
1000 23.8821
666 0.60968
828 5.48456
757 3.62195
565 -0.325317
261 -9.8795
463 -2.08701
468 -7.40878
667 6.80737
72 -28.9006
824 6.06
51 -32.4236
268 -9.43945
492 -1.59592
241 -11.073
551 -0.433777
820 13.6612
739 3.12775
164 -14.9655
277 -9.08398
822 5.48279
841 4.74072
461 -2.15182
553 -0.482422
1143 72.3555
241 -10.2358
264 -9.32913
811 6.62555
297 -41.7013
1182 19.6559
551 -0.398254
1218 41.2949
985 47.2585
250 -8.78709
948 6.45868
246 -10.0547
459 -2.31357
756 4.83154
485 -1.7854
424 -4.14899
947 5.0072
913 30.6804
76 -24.1842
1096 56.7899
404 -21.1999
621 2.09003
614 0.130188
846 17.3391
319 -30.7043
423 -13.6035
474 -2.01038
208 -13.3829
812 6.34912
163 -15.7199
866 18.0129
241 -11.0573
464 -2.11008
366 -3.80771
668 0.654419
314 -34.2987
1101 45.4762
1051 60.0717
145 -12.2469
885 30.3151
782 9.83643
840 42.7432
837 4.33527
615 0.53595
472 -7.7944
559 -4.23535
775 5.18201
796 5.94
49 -2.04924
229 -9.60388
440 -2.79462
255 -27.4772
272 -45.5597
816 5.79291
209 -16.0978
961 27.8008
737 2.60327
899 18.4924
374 -25.0661
36 -15.1201
49 -15.2354
127 -20.0915
478 -6.0809
84 -22.5063
226 -11.9882
128 -20.0764
1038 37.5269
37 -83.5075
423 -2.56601
229 -10.6147
698 1.09973
846 17.3354
452 -2.41354
1191 -18.5524
297 -41.8452
278 -8.61792
901 5.05792
780 5.3399
95 -22.8164
264 -9.32915
669 0.781128
1155 71.877
782 12.6412
557 -0.457031
1051 60.0516
791 5.67792
160 -10.6886
759 6.54626
758 14.6358
822 6.77551
1127 55.0321
1177 13.1738
674 0.981995
918 19.5013
109 -19.1331
228 -12.6812
1140 73.464
1064 42.9716
814 6.3667
798 6.13977
876 28.1597
772 5.39197
19 -15.0972
824 5.73621
928 27.9512
838 5.03949
877 48.4808
26 -75.5445
961 27.798
841 4.71222
919 21.7035
972 4.23553
826 6.98163
45 -89.8127
879 17.9952
816 5.79291
420 -4.3136
798 6.11554
73 -24.0256
160 -10.6887
642 0.837891
78 -23.6103
368 -4.98282
298 -8.27615
378 -3.52921
256 -10.615
658 0.58136
266 -34.7547
919 5.27496
1125 69.8561
474 -2.01038
1046 40.4039
835 16.9092
400 -19.6788
235 -50.075
717 1.06445
342 -29.1104
901 5.11255
946 4.98779
264 -9.3291
99 -21.4197
1036 49.6356
156 -14.1673
209 -13.1242
263 -6.38715
768 5.25909
241 -11.0546
211 -35.4053
910 19.0226
620 0.310425
644 -0.540283
580 -0.0101929
118 -20.0673
437 -2.7634
211 -35.4032
1067 63.254
94 -18.9143
130 -20.0978
436 -8.85892
214 -13.0405
952 5.60565
458 -2.24527
919 2.81067
580 -0.0102539
879 17.9955
757 5.10773
877 28.4303
1026 61.196
998 40.6085
401 -15.6398
490 -5.54959
873 29.487
794 6.08063
311 -6.08685
737 2.60419
419 -3.74698
779 5.40906
816 5.79285
352 -32.7477
282 -6.94171
782 5.29095
788 20.9894
43 -32.3242
452 -2.41321
137 -19.1391
934 27.8975
881 2.50677
758 4.46674
877 28.4202
261 -6.49005
300 -8.08676
388 -23.6816
130 -19.8552
47 -19.1799
809 3.8988
540 -0.472412
266 -9.18005
811 11.9739
919 3.78735
919 5.11304
613 0.25415
144 -19.1983
199 -13.8824
255 -9.63681
292 -42.5648
494 -5.95117
458 -2.35446
782 5.19104
687 0.989685
1098 66.2338
355 0.734467
203 -13.6286
564 -0.400879
444 -2.69308
564 -0.40094
485 -1.78558
687 6.7514
509 -3.58978
264 -9.83485
688 3.36011
108 -19.1429
870 45.129
284 -8.56073
595 0.0294189
505 -1.30331
406 -3.02286
944 5.86755
455 -2.33008
61 -22.9075
215 -8.61601
886 4.00281
676 5.16364
1119 71.5894
429 -8.40732
826 5.56561
936 5.6571
759 4.93848
986 60.0807
412 -14.0778
782 5.09717
459 -2.35413
934 23.6852
470 -2.26517
1222 63.0934
311 -6.07812
779 5.54962
543 -0.55011
902 37.9291
208 -13.3974
777 30.9177
256 -40.1839
880 3.36597
100 -21.8211
264 -47.609
784 12.2872
934 31.6523
230 -43.3427
823 16.2048
265 -6.61459
761 4.87109
828 5.30914
389 -20.242
557 -0.457153
681 0.851868
812 2.98621
352 -27.5254
6 -50.6481
367 -3.75095
788 14.4944
928 2.9848
302 -6.51712
942 31.7177
882 37.1577
35 -4.27492
763 10.5987
131 -19.1523
737 12.9353
281 -33.4202
374 -25.0661
104 -23.1794
264 -6.92447
344 -11.1571
456 -2.41321
846 17.3141
279 -33.0125
804 11.6079
1084 66.0143
822 4.44714
99 -21.4225
913 2.88794
258 -10.3873
284 -30.2425
656 2.50189
1136 15.6373
374 -20.7053
757 8.42139
149 -19.0095
124 -18.628
478 -1.80038
354 -3.4859
839 3.50714
472 -11.9284
1111 53.7766
417 -20.3463
79 -62.1788
1086 37.4456
168 -14.4826
394 -3.27737
275 -9.04831
793 5.57758
1059 49.2809
455 -2.50211
442 -2.58353
277 -9.34756
152 -18.1398
755 14.0526
166 -10.3707
339 -6.32568
817 2.71204
25 -71.7841
555 -2.05231
564 -0.400879
442 -2.75153
870 45.1189
485 -1.78543
802 4.82562
595 -0.344421
350 -25.6395
452 -2.41388
725 12.4021
794 3.7887
423 -1.94861
874 3.64624
129 -19.9863
801 6.14081
414 -8.9808
452 -2.41391
1068 10.2437
458 -2.30655
242 -11.0979
241 -11.0539
1238 69.4426
297 -5.66995
501 -0.0172424
1182 20.744
515 -0.312866
1064 42.9102
803 13.3771
106 -18.1604
972 4.33569
474 -2.01047
866 2.54071
528 -0.597595
156 -14.161
793 5.56635
910 34.4767
469 -7.85287
191 -13.5175
983 8.92255
706 0.788879
782 12.6433
1051 60.0634
181 -14.4247
911 2.96545
367 -3.72858
884 25.6406
501 -1.61163
774 5.26434
741 2.93744
470 -14.062
814 4.7345
533 -0.72467
913 24.052
137 -19.1372
559 -0.291138
879 28.6841
444 -2.66202
817 2.70929
459 -2.31433
882 41.2049
113 -20.8778
518 -0.753662
806 6.11804
876 2.68024
883 2.49512
566 -0.260071
796 5.93988
353 -27.8569
741 1.60852
218 -12.5014
824 5.93506
557 -0.457153
720 2.59607
116 -21.9357
538 -0.63678
214 -13.0191
284 -8.43176
220 -13.9727
841 2.45947
244 -37.1369
374 -25.0616
731 1.04156
831 6.08997
89 -21.9776
373 -25.184
852 44.6261
262 -9.66103
690 0.841003
668 4.78302
401 -21.6049
1104 47.8339
157 -20.3154
496 -1.20789
725 5.1073
45 -24.7483
765 5.19
350 -4.13986
218 -12.5002
770 5.31555
885 18.1818
1124 54.6508
131 -19.152
1175 13.0227
219 -12.4247
723 10.8248
837 5.13257
77 -23.1273
89 -23.0569
187 -17.6501
334 -4.61316
256 -12.909
90 -22.7544
231 -12.1395
544 -0.535034
294 -7.81461
619 0.423523
187 -17.65
1202 13.6284
946 6.39349
358 -4.09222
214 -8.54213
1056 48.9714
614 0.13031
873 3.34406
236 -17.3222
966 44.3492
94 -21.8428
379 -20.2018
612 0.154907
782 12.6446
1159 67.5286
178 -14.2979
1206 21.8193
843 5.1297
871 3.64471
561 -0.33197
1020 57.223
873 29.4034
99 -21.4221
919 18.1663
360 -3.87564
671 0.7052
534 -0.784912
831 5.18219
186 -14.2873
396 -16.0254
910 30.5102
174 -15.1903
826 3.2915
785 5.31415
409 -3.29602
144 -19.1366
485 -1.78574
958 4.62537
224 -12.4601
1058 49.4233
919 36.5464
128 -20.076
551 -0.56366
557 -0.457886
621 0.66925
857 3.79559
210 -13.2155
937 5.49634
282 -6.94083
1185 21.3008
1057 56.4075
109 -22.6395
201 -14.2009
836 2.39282
1199 20.8275
750 4.75323
1159 21.4319
265 -9.81442
986 47.2571
463 -2.36441
157 -20.3172
774 23.5972
224 -13.0578
444 -2.51004
767 5.31799
295 -8.2204
255 -12.7727
772 5.11261
759 5.37823
452 -2.42471
1103 48.8228
923 4.47614
1160 60.225
667 6.8064
412 8.11563
779 3.57239
838 29.9899
56 -51.6524
838 3.31311
1136 15.6366
143 -19.0644
805 6.23492
178 -10.3837
910 30.5038
787 5.625
435 -2.85498
361 -26.3444
284 -30.2375
1188 -28.4164
704 0.842407
360 -3.95929
196 -39.1407
819 6.11664
791 12.6058
937 7.59473
426 -4.12299
802 21.6528
754 2.61365
1067 48.0308
241 -11.075
339 -6.327
460 -9.17163
759 4.74701
418 -14.148
824 5.91583
413 0.401886
482 -1.69159
952 43.9762
1141 72.9308
1152 69.7249
1184 -0.510132
1124 54.6512
0 -32.5367
154 -18.6049
1088 46.6852
217 -13.2033
881 3.82336
197 -40.8318
613 0.486084
936 26.9729
782 5.6153
784 12.2871
930 37.1889
481 -1.79279
212 -16.1059
745 3.409
1121 53.8773
435 -12.3607
915 30.8875
392 -3.08075
1039 37.5353
782 9.83344
936 37.626
880 3.37225
856 41.2253
784 12.2872
481 -1.73215
714 1.4621
936 5.68671
423 -1.94675
882 25.7088
438 -2.57544
264 -9.83653
570 0.292603
75 -20.8421
789 5.24005
157 -15.1959
776 4.45251
796 5.9856
414 -13.6911
800 13.7109
819 6.09113
134 -20.5693
105 -22.3727
923 31.089
217 -13.2334
99 -22.8808
360 -3.87555
901 19.738
439 -2.59921
359 -18.6501
130 -19.8552
797 6.02716
213 -12.7143
439 -11.4475
832 6.37128
141 -19.2884
241 -11.0758
518 -0.75354
981 74.642
144 -19.2054
79 -23.8287
263 -6.84354
248 -9.21924
407 -16.6361
104 -26.0303
232 -10.6174
668 4.78271
752 2.8501
560 -0.422302
214 -13.0196
452 -2.41406
401 -3.67615
375 -3.63617
1039 32.8401
433 -4.38229
376 -5.89804
254 -9.97501
1169 -10.1781
836 16.0439
898 30.4319
848 2.43335
424 -4.14999
516 -0.888367
140 -19.9776
325 -4.86813
407 -9.37186
392 -3.08075
741 1.60748
57 -51.5379
886 4.00287
937 133.626
936 5.65997
867 2.70502
915 30.8877
784 12.2872
801 6.14496
466 -13.62
424 -3.67111
264 -9.84868
704 1.01746
10 -107.547
329 -10.3542
821 -6.88544
452 -2.41016
370 -4.4942
899 22.7153
159 -16.4411
601 0.456177
715 4.8775
113 -21.7137
391 -21.8394
801 21.2359
806 6.20032
473 -2.06601
801 6.14124
803 13.8831
901 21.6528
431 -8.63852
726 19.1435
945 33.9812
87 5.23852
118 -21.1406
288 -8.59692
795 5.5481
196 -13.2043
562 -0.335632
867 4.15887
761 5.01038
602 0.0716553
269 -48.7345
985 47.2576
161 -46.4692
1101 45.4762
803 13.8831
810 5.05731
438 -8.90549
1000 23.6847
148 -53.2724
411 -10.9043
801 6.1405
334 -4.58286
776 5.46936
161 -16.0838
787 5.09698
374 -25.0798
548 -0.0820312
1120 56.4979
80 -22.8029
938 28.3465
329 -5.45233
230 -43.1892
417 -19.9138
1064 42.9114
782 5.57996
307 -41.3169
833 4.55298
499 -3.77026
748 3.42358
1030 56.7739
398 -15.6923
715 0.723633
151 -18.809
858 3.79474
248 -8.99619
255 -10.4005
612 0.155212
229 -14.6617
340 -25.3258
1052 43.0985
213 -13.2719
253 -8.96834
824 5.93549
458 -2.39536
747 3.51367
764 4.92499
793 5.60529
824 6.05334
839 3.53076
449 -2.45953
573 -0.117065
435 -12.4198
808 6.21533
900 18.6515
646 0.959961
73 -23.9693
212 -16.1059
393 -22.7343
257 -50.4488
940 5.43555
951 37.3318
278 -8.62122
381 -3.47369
501 -9.34863
256 -9.85527
731 1.03522
83 -22.7662
286 -8.50323
208 -12.3806
454 -2.35156
783 5.53918
198 -14.0228
1191 -23.217
907 22.2956
805 6.17413
455 -2.41925
1217 6.22705
241 -11.0568
1039 32.8385
660 1.34088
930 32.5894
453 -2.4509
193 -13.477
285 -32.2907
92 -22.6226
356 -2.76181
300 -5.52896
21 -14.5709
464 -2.26065
1098 66.2343
999 54.6787
405 -17.2075
458 -2.35751
261 -9.65732
195 -14.1464
1124 54.6521
432 -16.7559
284 -5.98257
83 -29.4754
423 -2.3916
597 0.0880737
1095 67.4332
824 6.66022
869 38.6853
261 -48.3227
879 21.6213
810 2.96161
148 -17.4196
236 -9.15976
437 -2.74911
889 2.92615
663 2.92493
153 -18.4178
450 -2.37189
827 6.94116
201 38.9583
242 -6.88033
419 -8.69235
232 -12.1342
118 -27.904
807 34.3756
241 -11.0747
358 -4.08417
407 -9.36908
795 5.69238
1222 63.1117
754 6.10962
441 -11.1736
131 -19.1523
1171 20.1815
392 -2.71298
236 -17.3293
732 3.29553
311 -30.0608
907 35.2628
912 30.3658
319 -30.5587
821 -14.5721
742 2.80017
1028 39.5718
568 -0.192261
1065 47.2986
180 -43.1465
784 8.68109
432 -16.7555
846 2.51483
570 0.292786
1150 18.3782
460 -2.24454
384 -16.0749
1104 53.1179
729 2.36438
171 -9.97829
452 -2.41394
20 -113.597
886 4.00281
255 -9.53319
211 -8.48795
803 13.887
435 -8.57675
458 -2.39398
424 -4.14844
844 8.4386
843 4.92767
764 4.97998
156 -14.1612
957 87.2623
821 6.19641
954 32.6364
720 14.4436
765 15.7979
229 -10.6179
1023 46.5334
656 0.494751
1035 54.1954
538 -0.573486
219 -13.141
47 -19.1752
861 27.3619
860 2.78973
368 -3.76758
689 9.58978
237 -11.8756
1213 -12.7267
901 18.756
465 -7.92673
826 4.07446
947 5.01343
368 -20.8046
307 -41.3171
557 -0.489441
592 0.485107
244 -13.489
286 -6.6312
1067 48.0327
801 21.2303
800 5.69073
559 -0.290405
249 -11.2862
470 -2.23102
264 -9.33881
655 0.520569
124 -18.4852
124 -18.4434
658 0.477295
838 4.73859
96 -23.0412
265 -9.81119
983 36.7062
811 6.62549
684 0.662659
325 -4.7804
1074 48.7203
924 31.3214
910 34.2379
1237 174.119
1032 36.8301
423 -14.0668
461 -2.18991
727 2.8963
927 23.3162
900 32.3344
627 -5.41571
188 -13.9488
36 -77.8843
296 -8.22171
99 -19.0448
423 -8.59616
782 12.6434
98 -59.1009
311 -5.12939
797 19.5806
868 20.9379
106 -18.1606
893 20.822
859 46.0522
1119 71.5894
710 10.2253
423 -1.94751
171 -9.97748
767 17.9393
986 5.37744
90 -22.7548
765 14.0174
49 -2.04947
1148 62.5773
79 -22.1975
459 -2.31329
369 -22.7963
423 -8.6326
825 4.80957
857 2.45422
1051 60.0662
928 31.7162
732 1.03174
1059 51.4058
371 -8.23453
693 3.80908
831 34.4761
723 14.4124
533 -0.772034
130 -19.8557
1157 76.8478
753 4.552
912 38.2015
505 -1.60797
1153 60.8092
127 -20.0903
296 -8.29446
858 3.79321
144 -19.8034
78 -22.3111
255 -10.5779
833 4.4754
696 8.76428
1017 11.0032
1012 10.3689
1185 21.3
66 -3.60917
744 3.68774
865 2.65503
254 -9.64359
250 -14.3684
863 17.7712
115 -21.5657
349 -24.0094
264 -9.84256
757 14.5776
730 6.02338
751 8.58026
967 5.22333
899 5.09235
255 -27.4784
360 -3.87564
804 11.606
170 -44.5634
1124 54.6514
187 -14.4253
8 -62.1999
873 2.68292
1000 23.74
887 19.4592
711 10.4202
214 -13.0198
920 21.1035
772 5.39203
376 -5.90036
538 -0.595215
132 -20.2734
269 7.73865
290 -8.42999
899 18.6689
648 0.92572
105 -22.7031
385 -31.8242
1158 61.5913
1017 11.0034
557 -0.457031
235 -50.0727
781 5.46783
276 -9.34378
1145 72.682
35 -62.007
429 -8.40707
767 7.23706
772 5.33252
144 -19.1366
365 -20.4879
921 20.7399
745 3.55896
548 -0.490295
1123 54.5861
1153 58.187
130 -19.8568
250 -10.8064
1157 69.681
789 5.43915
1119 71.5896
852 26.442
914 23.2658
174 -43.5367
828 2.36829
875 27.5939
1039 32.8096
791 3.73236
284 -30.2033
782 13.3998
130 -19.8571
835 4.45294
888 18.7886
452 -2.41391
156 -14.1606
652 0.48877
429 -1.8501
826 6.73853
1151 71.5199
987 34.4006
275 -6.13815
212 -12.7397
45 -24.7479
264 -6.92444
346 -4.24124
202 -13.5885
1124 54.6509
836 16.0578
841 4.74091
986 59.3569
1025 61.4409
230 -43.187
409 -14.6976
130 -19.8556
151 -19.0011
283 -7.80524
835 29.2468
169 -9.43364
219 -12.4363
152 -18.7701
115 -21.4918
746 15.9323
285 -32.5672
621 0.559387
931 27.4708
1144 63.5299
928 27.3184
185 -14.3981
844 16.8065
757 14.2989
1163 60.5114
343 -4.27814
69 -25.0992
824 5.93341
780 5.43103
1140 17.4915
736 2.94189
283 -7.80664
437 -12.2474
776 5.1806
1183 18.9575
412 -1.15424
157 -14.9626
45 -80.2085
374 -25.0621
1021 46.714
423 -2.39081
875 29.3697
784 5.61133
298 -8.29297
575 -0.113037
801 6.14099
801 6.14105
786 20.7064
265 -6.73364
903 36.3643
403 -3.56757
175 -19.1743
178 -14.2978
1222 63.0968
917 23.9365
116 -55.9603
967 34.3514
986 60.0892
871 2.72754
874 3.59058
352 -4.27914
833 2.34216
1040 41.7178
284 -6.22321
1106 68.6533
175 -19.1745
938 5.95026
825 6.06677
935 4.95978
913 4.35602
824 6.05298
608 0.367004
880 17.2449
39 -26.8754
832 2.39899
1104 66.9413
304 -5.69147
73 -24.0355
655 0.52063
1184 -0.516357
753 4.85339
329 -10.3541
882 32.8858
469 -2.06427
287 -8.66605
811 6.6261
975 29.1125
360 -3.87567
861 28.1305
743 8.86035
907 35.251
80 -22.257
211 -35.4045
660 4.82587
417 -8.78726
298 -8.27533
359 -3.92841
1076 47.578
120 -54.2021
139 -19.6951
713 15.9962
126 -19.1072
204 -13.3455
948 101.642
220 -13.6571
250 -27.6012
318 -7.73077
879 21.6201
792 5.54364
909 31.1879
790 5.12891
30 -124.363
460 -2.3616
175 -19.1706
850 2.42273
877 3.58136
692 0.738525
429 -8.40756
116 -21.8151
246 -30.9397
104 -62.9109
977 29.4935
572 -0.16687
148 -19.4374
206 -13.8766
830 22.3663
236 -11.8785
229 -12.6496
909 20.8989
523 -0.82373
797 6.03864
867 20.8391
211 -12.9152
135 -15.06
937 5.69855
325 -4.8678
933 5.91675
270 -9.17783
306 -5.38541
561 -0.363159
783 5.48285
481 -1.79028
865 17.3476
861 2.76984
808 6.32898
73 -24.0369
71 -24.9081
803 13.8864
344 -4.2446
884 24.6526
173 -15.2236
499 -0.618256
644 -0.516418
210 -13.5612
387 -2.74857
558 -0.460571
330 -32.3883
429 -8.40683
922 4.41876
1038 54.0492
344 -4.47137
77 -21.0184
767 10.5914
1144 68.8881
430 -4.48663
822 6.70599
633 0.604553
541 -0.475708
953 32.6536
858 3.79346
351 -4.41254
391 -20.2639
127 -20.0917
266 -42.0733
464 -8.62769
715 11.3599
252 -27.7875
159 -16.4405
887 17.2344
163 -14.5762
655 0.534363
256 -9.67586
305 -33.7976
839 16.5182
157 -15.9182
9 -72.245
452 -2.41391
665 0.600342
812 6.32928
968 34.1385
782 19.499
231 -12.2693
1143 71.7692
112 -20.8569
557 -0.464172
947 26.5874
875 2.71356
1073 13.8866
260 -50.8679
886 4.00287
254 -19.4039
14 -71.476
879 25.5205
791 5.6131
459 -6.9072
452 -2.40894
284 -9.24725
779 5.38544
423 -8.63254
424 -4.14883
398 -4.4903
543 -0.515137
238 -11.51
940 31.9
81 -22.4644
780 3.83386
780 16.6987
1083 54.7898
256 -10.2878
858 3.79333
312 -30.0988
804 11.6422
919 36.5458
114 -22.1976
867 28.3377
461 -2.34592
282 -37.6086
777 5.41132
423 -8.59637
244 -37.1373
559 -0.291687
458 -2.40173
348 -18.1056
121 -21.5143
131 -19.1519
1099 57.8666
1159 21.4301
838 29.2547
302 -7.92654
342 -34.1223
1151 18.3988
987 59.2115
193 -14.3048
34 -62.6836
965 4.72607
220 -49.2579
284 -30.2258
870 45.1308
424 -4.14471
950 37.4355
171 -15.3094
133 -55.7845
436 -8.48538
209 -13.2309
25 -71.8041
121 -20.6539
1118 61.1107
147 -18.4559
312 -30.0994
277 -9.19846
249 -7.5089
501 0.0250244
130 -22.0373
159 -20.5167
892 18.5848
54 -25.672
707 0.705383
461 -12.0146
364 -3.83875
767 0.945312
580 -0.0098877
496 -0.883118
771 15.9331
1012 41.818
559 -0.407043
646 0.463318
266 -37.2132
733 13.9654
879 21.6221
142 -19.5189
846 2.54236
782 9.49933
288 -6.53192
852 9.05176
75 -9.47174
413 1.04349
914 30.8642
243 -7.02585
237 -9.216
368 -4.21613
948 17.9268
501 -1.61273
756 2.95361
599 0.017395
947 6.47101
368 -21.7962
1138 64.006
1182 19.6532
407 -9.36917
935 28.2886
1048 38.6279
667 4.79321
580 -0.0100708
252 -49.6662
61 -25.8605
177 -19.1028
728 2.95789
363 -3.85797
254 -8.02647
871 2.72522
923 19.9756
757 2.97095
559 -0.29187
1002 36.0828
212 -48.9693
458 -2.31348
1101 68.7336
283 -7.80551
171 -15.568
858 3.79449
628 0.310486
798 6.07495
331 -4.76532
257 -6.53275
156 -14.1603
839 3.53064
798 14.5853
852 44.6409
197 -14.0633
198 -27.0387
159 -16.1471
816 5.79449
311 -5.12958
192 -14.8249
767 15.7382
1022 11.0154
854 18.6703
518 -1.81824
745 11.1607
208 -13.7361
792 5.7049
829 16.9106
352 -19.8465
277 -9.08762
953 32.6499
910 19.0222
898 35.9763
1098 66.2346
573 -0.117065
1239 93.4719
1067 63.2576
879 20.2927
251 -6.86766
407 -9.37106
110 -20.8844
801 21.2501
329 -10.3586
536 -0.712524
457 -2.44489
476 -1.87772
840 9.82391
805 6.29828
820 19.29
1101 66.7804
1128 55.2512
237 -12.042
183 -41.2456
269 -46.2277
736 2.9422
1066 60.4492
389 -33.9564
1204 15.8759
1064 42.8735
688 1.04431
471 -2.13309
1124 54.6522
423 -2.56598
557 -0.457214
427 -1.80045
209 -13.3715
919 24.3449
455 -2.42239
462 -7.86542
573 -0.15332
751 4.14111
417 -8.5528
13 -101.108
376 -3.51126
772 5.39203
189 -38.8677
847 2.4649
722 17.167
925 19.6569
159 -16.4408
879 39.1696
227 -11.2964
464 -7.86719
854 3.7981
230 -43.1864
1067 63.2542
1083 65.8042
1139 70.1055
961 27.8013
1076 53.047
316 -7.99585
822 6.67554
281 -8.74185
429 -8.4072
364 7.09918
509 -3.58987
298 -8.2756
936 5.65961
353 -16.8833
719 15.2969
734 11.7491
667 4.79266
387 -23.4448
685 7.28979
157 -10.7984
771 10.221
1182 19.6525
139 -18.4533
473 -7.44916
822 4.44977
968 34.1365
76 -23.7412
838 16.6786
741 1.60864
481 -1.79272
333 -3.13907
927 20.9987
722 10.6351
166 -15.6315
452 -2.41422
681 0.726257
953 32.4983
926 5.57935
866 20.7541
947 5.0061
132 -57.703
942 5.98224
369 -3.82004
987 59.2034
809 17.2748
475 -11.23
840 5.36932
229 -10.616
753 9.99097
727 3.42383
170 -15.4106
412 -2.81396
284 -6.22229
266 -9.75851
340 -25.3233
46 -92.0007
718 1.49896
470 -2.13547
985 57.0378
559 -0.291687
952 32.4543
368 -21.0721
905 4.03381
419 -8.72617
986 60.0898
947 4.99908
677 0.813904
144 -19.1359
365 -3.7612
1129 71.6116
1000 23.5604
880 3.36487
154 -18.7115
328 -25.4934
861 19.8243
43 -75.6962
1050 57.6456
10 -34.7064
744 6.92267
540 -0.524841
127 -20.0895
218 -11.9296
824 6.05438
1015 42.0371
487 -1.35196
792 5.66046
831 5.33386
672 0.791382
822 -6.01746
1017 11.0027
415 -4.77957
559 -4.23438
915 30.8864
741 1.60864
777 5.29352
374 -25.0759
74 -22.8267
694 1.07812
739 2.67352
253 -6.28055
562 -0.512939
1084 66.0402
694 0.781921
933 18.9783
1146 66.7684
981 8.80322
232 -10.6543
981 55.3191
1084 71.5594
145 -14.9474
621 2.0946
237 -9.21599
703 0.869629
1096 44.798
357 -35.9277
953 32.4988
458 -2.3136
773 5.30682
889 24.8929
899 32.3258
930 32.8275
162 -16.0263
355 -22.3629
1123 7.49841
229 -10.6146
679 0.611633
892 24.2026
791 5.65668
701 0.868896
547 26.2738
265 -35.9107
188 -14.6762
448 -15.3073
212 -48.9696
368 -46.2052
1119 71.5895
811 6.60974
10 -34.7027
571 -0.301025
248 -7.22174
1047 38.3994
1147 68.642
159 -16.4408
423 -8.63254
264 -9.84375
228 -12.5832
820 6.76361
891 30.8061
866 4.15729
230 -43.3277
821 -14.5486
901 21.6515
614 0.130493
830 2.50891
1154 68.249
174 -15.1594
185 -14.3996
557 -0.457031
69 -25.1012
430 -12.3697
861 19.8287
208 -13.379
907 35.2455
197 -13.943
285 -30.1236
724 1.22064
201 -11.3145
482 -12.1732
711 5.65723
85 -61.0378
837 3.8429
940 23.8967
559 -4.23553
907 18.6874
839 25.7481
490 -1.58694
784 22.9959
188 -46.2817
365 -3.76447
237 -12.2272
98 -59.1011
363 -3.88974
1097 46.3206
1048 50.5138
949 29.3987
204 -13.4008
658 0.581665
38 -25.8851
107 -23.5551
368 -3.76758
898 20.139
961 27.7995
1067 63.2537
951 37.3203
848 2.48193
783 5.25684
947 5.01263
83 -21.8027
230 -11.4778
876 3.6582
255 -10.2744
1063 47.9
229 -14.6616
767 10.5915
812 16.8835
819 6.09137
35 -66.1229
155 -18.4598
266 -34.7543
538 -0.570129
936 5.65826
135 -51.1502
722 1.59393
164 -14.7972
753 4.37854
989 56.2062
333 -3.12979
997 9.68457
808 14.6456
853 2.77283
890 18.7457
82 -22.8356
1017 11.0032
214 -8.54219
106 -18.1609
942 29.1628
162 -16.0043
533 -0.546692
915 30.8878
1023 42.3068
804 6.09686
471 -1.91614
937 5.69501
160 -53.5209
214 -13.0174
595 0.0296021
829 5.21039
879 21.6197
237 -12.3206
761 7.12463
181 -41.7721
808 14.6453
371 -3.54556
200 -40.0238
252 -7.55037
96 -62.7153
826 6.83289
77 -22.1266
425 -14.7437
738 9.27972
540 -0.509705
917 4.41217
802 2.60315
265 -41.4292
283 -35.8594
296 -8.21811
123 -21.3305
318 -30.5553
796 5.53436
919 4.64996
744 8.12384
1119 71.5894
481 -1.79285
577 -2.83795
910 30.5066
144 -19.1361
677 1.03845
822 6.64929
852 44.6245
655 0.534302
376 -5.90131
542 -21.3596
234 -12.3758
90 -21.9727
1152 73.0924
73 -24.0416
281 -8.43805
714 1.46179
418 -8.96268
612 0.155212
839 17.5443
525 74.1777
162 -15.8564
1103 53.1962
134 -51.1891
878 28.56
1222 188.014
965 33.7905
957 5.66858
425 -2.94333
892 30.4745
546 -0.539246
523 -0.823914
498 -9.69751
720 1.16467
757 4.91486
956 5.53583
539 -0.496948
1088 53.9146
811 6.60645
660 2.65063
49 -96.1276
174 -15.1603
607 0.36554
352 -3.43784
895 40.1072
411 -10.9032
167 -15.3629
327 -36.8881
93 -20.8349
617 0.348572
788 25.9171
498 -3.83984
1013 10.3616
94 -64.0332
288 -8.57718
96 -24.7885
1000 41.7587
423 -8.76254
329 -10.3547
1000 23.595
795 6.15674
339 -6.32587
209 -49.2428
141 -19.9239
452 -2.41364
196 -14.6118
630 0.355591
154 -15.6301
390 -23.2642
1101 45.4763
866 20.6259
747 8.16241
431 -13.374
277 -9.08423
464 -2.21289
369 -25.9896
277 -9.08817
876 28.3567
741 1.60876
445 -2.62149
440 -2.29626
726 1.04132
47 -84.6003
953 28.2155
621 2.09375
795 6.04999
747 3.84515
692 3.64948
353 -27.8624
219 -42.5417
1156 61.7316
348 -14.7543
820 19.2886
1065 51.9067
619 2.862
334 -4.51178
1039 32.9651
1124 54.6523
749 4.19312
67 -25.0381
284 -6.22226
126 -18.767
175 -19.1706
211 -13.2505
229 -10.6162
485 -1.78577
174 -15.18
1029 49.0638
224 -50.6584
372 -3.38226
1122 16.4364
311 -5.1297
234 -49.9201
197 -13.9345
73 -24.1962
374 -25.067
1000 23.9659
858 3.79327
848 18.8552
864 16.7881
761 7.12634
921 20.1634
284 -30.2444
927 5.60718
1098 45.7386
874 20.851
766 5.23822
839 3.53412
898 4.64343
933 28.0522
1153 61.4506
333 -3.12839
455 -2.48083
397 -3.24728
931 43.8512
839 25.4755
154 -18.1952
1008 38.4591
98 -59.099
437 -8.53659
209 -49.2436
60 -22.9394
336 -3.59073
1118 54.6841
90 -21.9734
808 14.6442
440 -2.61523
1112 53.2654
176 -10.0467
986 37.0846
852 44.6288
44 -24.74
187 -44.9135
747 8.20636
574 -3.24329
503 -0.560272
996 53.7203
803 6.06598
214 -8.54085
26 -75.7056
325 -4.78043
463 -2.06586
247 -36.2977
1143 75.0342
85 -21.3897
234 -49.9528
171 -15.4673
1162 72.6873
121 -20.6494
828 16.8054
1164 68.4833
794 21.1718
772 5.39343
121 -20.6542
997 32.0083
787 5.65167
923 31.0721
668 4.78485
1017 11.0035
60 -22.8727
1150 72.2031
758 15.9407
125 -20.0499
861 2.77026
979 30.3847
787 5.7536
1119 71.5896
1000 23.5131
9 -72.343
343 -24.3934
99 -21.5541
572 -0.567383
736 2.9411
148 -22.4725
427 -2.07605
979 31.9035
85 -22.3493
559 -4.23535
943 5.29077
442 -2.61435
260 -9.52786
879 18.3432
986 47.2571
774 5.3963
471 -2.01016
348 -4.89316
353 -27.8694
532 -0.638794
753 6.71631
801 21.2155
363 -18.3161
1131 66.8943
968 5.1026
749 3.5542
325 -4.86816
1063 47.9006
458 -2.31281
99 -21.4218
873 3.73334
746 15.9322
396 -4.99783
818 27.0473
248 -7.22183
1086 55.4271
472 -2.05359
882 32.886
822 6.51331
1067 47.0464
13 -102.05
778 5.61145
937 28.4116
166 -14.1759
78 -23.7093
105 -22.6871
780 3.81366
550 -0.493347
99 -22.786
938 24.0455
1159 67.5067
420 -1.86447
858 3.79376
168 -14.3258
718 4.66022
139 -18.1224
400 -19.6785
461 -12.0151
243 -10.9499
863 17.261
25 -72.0321
44 -24.7466
983 4.29034
340 -25.4329
791 3.66577
1123 58.3881
808 20.9568
362 -18.7366
90 -22.7503
739 13.222
407 -9.37207
415 -8.86572
202 -39.4326
9 -72.4116
212 -48.9725
449 -15.2292
72 -24.7822
822 4.44928
916 4.63379
338 -18.4008
311 -5.12912
715 11.3611
262 -9.411
206 -13.3559
1164 63.0416
802 24.4583
631 2.47766
1061 49.2628
997 32.0038
280 -8.68082
557 -0.457153
379 -20.3632
841 17.7362
1058 48.7874
215 -10.3548
851 17.6465
218 -12.5011
919 18.1661
1016 62.3917
7 -62.828
229 -11.3232
1064 49.1108
332 -4.64688
883 22.2004
1139 74.479
1198 20.4683
888 18.6793
688 1.08374
106 -18.1599
315 -5.17084
952 43.9828
175 -19.1705
264 -47.6047
543 -0.512024
414 -20.757
204 -13.6281
182 -52.7081
705 0.768555
204 -13.6485
989 5.23505
318 -30.5559
259 -6.53482
1090 56.0721
959 5.74066
1172 -1.20386
1022 56.7446
350 -19.3078
379 -25.2238
359 -3.92841
879 21.6194
173 -15.2565
741 1.60864
373 -26.871
975 34.3821
711 11.5033
1099 46.2664
557 -9.12311
953 27.7591
459 -2.28348
296 -8.22098
439 -8.29282
70 -23.5031
1009 10.0866
433 -9.66379
255 -10.2781
835 3.0069
743 10.5279
212 -13.4596
170 -15.3452
839 25.5049
526 -8.49066
899 38.3226
979 8.729
44 -24.7446
547 25.8569
265 -42.132
559 -0.291138
1199 -12.2385
460 -2.26666
761 7.12354
179 -18.7337
928 19.5423
322 -32.8612
339 -6.32605
424 -4.06775
276 -9.3497
879 21.6199
460 -2.14413
213 -12.6108
496 -1.20795
638 0.466614
746 15.9307
1117 49.6108
1085 45.3716
240 -14.1519
1143 74.6096
685 1.6615
529 -1.34308
360 -3.87555
304 1.22681
877 28.3745
501 -0.0178833
1081 55.0083
531 -0.782532
311 -30.0605
848 39.9733
188 -13.9484
530 -0.462769
1089 46.3026
466 -2.19421
316 -23.7784
913 4.44421
638 2.68298
801 21.2646
383 -3.16354
946 28.1143
718 11.8923
832 14.3583
841 4.74097
187 -44.9082
746 15.931
793 18.9151
381 -3.33624
904 36.3285
102 -62.1275
99 -22.0302
773 5.30872
853 7.60626
106 -20.641
369 -3.83948
273 -31.7477
51 -24.1127
1067 63.2576
792 5.55139
914 5.05811
884 2.45129
947 5.01276
48 -96.0306
358 -28.0904
537 -0.604004
658 2.21161
877 28.3735
225 -35.9813
914 5.55304
319 -30.6916
159 -14.8038
113 -20.8782
1071 13.6392
121 -20.654
879 21.6198
1151 72.0874
214 -8.54077
127 -17.4129
406 -3.79803
244 -37.2113
599 -3.42303
828 16.2395
1185 21.3005
216 -11.1464
1057 12.8336
418 -8.71277
98 -59.1009
59 -22.8756
227 -11.2964
413 -17.7648
139 -19.8384
69 -25.0943
284 -8.42667
602 0.103638
481 -1.79034
562 -0.735229
207 -13.5953
257 -6.58379
879 21.6219
411 -10.9031
545 -0.524231
212 -48.9694
314 -22.1999
29 -51.6537
839 25.5016
936 5.65668
199 -13.7963
310 -32.041
870 40.4915
176 -14.1452
469 -2.03006
1222 63.1135
935 34.8569
181 -47.3945
1185 21.3004
1215 114.191
702 0.751648
1078 45.7896
301 -31.7023
555 -0.560974
490 -5.55005
75 -23.5919
428 -3.48239
507 -3.76724
182 -14.3409
598 0.0684204
644 0.421936
725 11.2213
144 -19.1368
1164 65.4962
871 17.6406
597 0.0166016
957 30.6118
588 -0.616028
99 -21.5528
1182 5.64783
448 -8.92703
255 -8.7419
528 -0.437744
1033 43.8782
968 36.5513
1185 0.177979
527 -7.68103
860 17.2617
75 -23.2222
826 4.07556
780 5.46594
89 -22.32
941 5.3208
31 -75.9968
400 -19.679
1124 54.6503
224 -49.4731
985 47.2575
782 9.8418
901 21.6517
721 15.5459
340 -25.3373
63 -23.2977
801 21.2474
1180 -4.10913
879 21.6232
890 41.8104
472 -2.00461
227 -11.1677
900 22.7785
783 5.57684
896 18.4545
824 6.45563
954 32.64
391 -21.8315
1147 69.5316
491 -3.48416
518 -1.82379
880 3.3866
702 0.717346
1027 36.5228
372 -3.38229
214 -12.5294
831 6.3028
69 -25.0995
104 -21.008
1155 65.3192
1234 -55.3939
60 -25.734
749 16.7543
749 11.3318
313 -21.5332
295 -8.22162
243 -7.42581
409 -14.5678
160 -13.829
1145 79.3643
954 32.6398
121 -62.5537
349 -21.7918
863 28.1238
34 -25.4444
147 -17.4816
458 -2.34015
933 19.8068
399 -15.4778
1013 10.3699
968 34.1384
820 19.2885
479 -6.7999
866 3.28882
29 -65.298
310 -5.5162
204 -11.5128
294 -7.05975
187 -14.5658
216 -34.9516
894 18.3959
953 5.58844
968 34.1387
449 -2.48962
90 -21.9726
809 6.32013
360 -26.5105
839 4.9588
1133 15.0889
445 -7.87793
631 0.19281
712 6.56226
720 6.71411
230 -43.3264
838 2.75177
24 -13.012
1141 57.1342
174 -15.1502
822 6.80829
1151 63.7448
189 -13.9443
159 -16.4406
833 46.9087
658 0.581604
1141 57.1342
784 5.72577
274 -9.36203
181 -14.2676
966 5.50977
515 -7.95096
985 47.2592
531 -0.771606
534 -2.84735
282 -9.05975
881 25.7194
1159 21.4318
848 20.3167
203 -40.7269
813 6.3266
204 -13.5719
354 -4.09467
267 -37.085
872 20.9393
193 -14.742
1075 39.3492
368 -3.76767
1094 46.4486
907 23.702
414 -19.0644
828 16.863
151 -19.2027
459 -2.2854
827 3.98657
67 -3.44683
159 -16.4408
917 36.2888
214 -13.3731
423 -2.39102
794 6.13361
220 -13.532
1185 21.3005
1127 71.3754
893 41.5034
840 9.01764
899 18.6185
841 4.73895
284 -30.2375
244 -7.16039
1119 71.5895
806 4.90515
1165 69.347
613 0.154785
754 9.56763
298 -8.28967
846 16.7792
1191 20.9633
453 -2.37445
12 -24.9084
788 20.5761
1002 52.5217
438 -8.90204
710 0.791809
400 -19.6781
275 -6.13818
78 -23.6797
389 -33.9518
529 -0.405579
413 -1.53925
991 37.5127
177 -19.1029
626 -3.28143
951 31.1429
644 -0.539124
178 -14.0965
359 -30.1377
758 4.95068
788 5.77936
928 21.2687
600 0.0682983
901 21.648
220 -38.4276
1239 69.7415
289 -8.31644
431 -11.9742
632 5.59589
557 -5.10822
280 -46.3302
150 -10.1715
476 -2.04474
1135 70.7556
762 13.4556
1050 51.3542
745 8.10474
130 -19.8554
65 -24.9348
997 32.0082
1067 48.0363
500 -0.561615
90 -21.9734
1222 63.0997
422 -3.25259
868 20.8369
1139 70.0234
465 -8.16498
937 31.9301
997 32.0095
135 -51.1495
960 74.8854
307 -5.40897
334 -4.59344
200 -49.7776
939 5.34979
515 -0.313477
767 10.5915
400 -19.6794
365 -15.2062
827 4.02826
219 -46.8997
76 -30.1124
485 -10.3405
263 -6.86801
583 -0.086853
1098 66.2339
493 -3.41092
678 2.61743
458 -2.37332
771 15.9333
199 -11.6495
1164 69.4459
860 2.74518
197 -13.4579
411 -15.6021
611 0.3573
156 -16.2927
269 -9.55133
704 7.60956
108 -19.1452
901 21.649
645 0.436768
154 -15.7765
879 3.97656
835 19.5691
9 -71.6669
1010 44.4646
855 11.8143
71 -22.4918
937 133.854
653 0.547546
1064 49.3833
509 -3.58978
870 45.1243
1159 67.5022
946 4.97949
686 3.27863
444 -8.14389
865 17.7448
1236 18.3741
1199 20.879
868 40.4855
589 -0.0412598
1073 46.2051
820 19.2902
701 0.958008
285 -30.1782
525 -6.56
1042 12.1931
159 -16.4413
874 17.717
175 -17.0254
101 -20.9227
151 -16.9951
348 -4.98993
1159 67.5281
589 0.0316162
886 2.35931
25 -71.8302
20 -113.621
904 48.0682
30 -124.363
1026 61.2462
484 -2.21234
364 -21.9167
189 -38.8558
263 -26.819
1032 43.1707
1097 56.4148
438 -8.9054
433 -11.722
311 -5.12949
354 -24.7586
210 -13.5387
879 21.6194
143 -15.7476
856 18.2073
205 -13.54
423 -1.94897
913 30.665
850 2.521
1025 61.4371
110 -22.525
370 -3.74341
1039 32.8092
472 -1.97284
135 -19.7286
45 -24.7485
1215 37.6641
690 3.95483
1000 23.8143
1064 42.9701
459 -2.31406
278 -8.61868
837 46.7303
810 6.35162
1159 70.6576
892 18.5308
1137 15.1349
663 3.16632
749 4.46771
290 -8.30435
715 11.3079
912 27.3928
132 -57.7102
1109 68.1082
485 -1.78787
47 -27.3363
365 -8.11484
936 24.2408
1172 3.94995
851 2.47455
258 -38.5617
741 15.5316
10 -34.7065
995 48.7905
1073 81.0728
1141 57.1343
897 25.7255
133 -20.2626
1191 -21.3668
423 -2.56589
108 -20.9995
899 30.841
840 8.95514
284 -6.24622
198 -49.7553
203 -13.0361
802 8.12915
56 -24.9386
901 21.6506
848 20.3141
1163 68.2998
425 -13.5214
880 3.39783
1102 45.6237
784 5.35858
156 -16.4245
208 -13.3642
849 5.87244
305 -33.9495
960 84.71
405 -3.70135
1238 69.769
1141 70.3015
861 2.77014
263 -9.84685
1136 18.13
183 -17.9768
274 -7.47238
163 -53.5972
284 -30.2284
373 -26.8711
959 5.71802
391 -21.8335
463 -2.2189
134 -51.189
667 2.55597
339 -6.32678
728 11.4486
782 12.6449
122 -20.4965
289 -8.06485
357 -25.8161
599 -3.42365
232 -35.8872
559 -4.23499
981 8.80328
358 -24.9526
90 -22.7548
955 5.29559
1198 45.7733
1021 10.9164
870 45.1237
761 7.12689
830 13.6433
496 -1.20819
567 -3.34735
143 -19.0561
241 -40.862
1009 38.6257
460 -7.0531
354 -27.35
700 0.809692
177 -43.2402
205 -13.7248
335 -32.6603
285 -21.0696
559 -4.2345
773 30.2667
849 9.63177
999 44.9092
211 -35.4067
866 19.6848
349 -29.0527
526 -0.482788
808 14.6459
378 -16.1208
676 1.86816
702 1.11609
340 -25.3251
836 16.0566
748 8.71979
580 -0.0101318
435 -2.11044
980 25.6771
99 -21.5587
848 20.3165
131 -19.1515
1064 48.9834
790 5.66376
65 -51.3866
696 13.5345
913 2.44733
1083 44.7496
350 -4.13998
25 -70.219
736 2.94122
772 5.2356
338 -35.7414
1143 69.1621
122 -20.2808
10 -103.068
700 0.733887
979 25.5785
711 4.95441
958 4.62518
312 -28.351
1051 60.1216
1022 11.016
1236 97.4489
210 -13.4747
1084 45.1522
311 -5.12943
811 6.62213
1157 61.0332
235 -15.9998
680 9.23914
141 -19.1177
202 -12.3914
171 -15.2142
415 -23.2508
1084 66.0143
209 -13.57
284 -30.2268
360 -3.87589
973 44.4219
699 11.1115
843 4.93921
188 -14.1556
9 -72.3755
378 -6.38284
899 4.71918
225 -11.2997
514 -0.977905
848 20.3142
120 -20.1818
770 19.601
572 -3.32947
889 19.8774
346 -24.8925
753 9.5423
1124 58.0751
121 -62.1417
927 5.53833
374 -26.6935
867 4.15881
795 6.16388
907 2.70081
773 5.30676
1008 10.074
80 -23.2896
889 43.9377
904 5.565
383 -20.0164
227 -37.6432
961 27.7979
655 7.3811
347 -30.5799
1020 56.5695
390 -10.6363
396 -3.30887
481 -1.79279
559 -0.291626
821 -14.5856
585 -0.644653
412 -13.6768
776 5.41083
413 -14.3244
266 -34.7539
1096 57.4799
754 4.52051
1090 45.8428
1222 63.1007
28 -33.5876
945 26.9001
311 -30.0613
148 -17.7412
822 4.4491
847 2.48041
219 -46.5891
427 -1.81598
655 0.534607
836 2.84436
758 11.7315
904 31.7311
496 -0.47757
892 19.291
1104 15.7429
347 -24.7955
216 -11.5031
133 -17.9848
483 -10.66
1030 47.2122
1019 38.1615
1137 74.1431
1035 33.2976
1131 15.0553
447 -2.58847
578 -0.588562
476 -18.2567
1150 62.7434
107 -48.3612
920 24.9521
474 -1.90726
147 -19.1273
746 10.4321
349 -24.0178
676 0.814514
327 -36.8896
704 1.04114
160 -16.6176
1051 48.4136
861 2.76971
875 28.0355
331 -23.3016
908 34.4582
329 -4.77319
559 -0.291748
730 1.0824
847 10.5059
1142 59.8854
750 3.73248
703 5.87244
1116 54.6107
543 -0.548828
397 -3.28506
366 -26.5391
18 -29.235
832 29.8145
772 5.39404
1037 54.292
821 -14.6234
739 3.44611
944 30.5552
888 25.916
164 -15.6752
811 11.9928
736 2.9408
891 24.8504
529 -0.563538
770 5.25751
696 0.878845
771 15.9324
235 -12.3626
270 -36.9121
960 88.8363
155 -46.1803
616 0.234985
264 -9.84831
1175 20.1492
1067 48.0332
820 19.2886
1098 66.2345
692 3.6358
452 -7.30316
96 -13.3496
839 25.4762
960 22.561
814 33.0871
921 5.3028
938 24.0642
860 17.9147
341 -33.6109
935 5.48767
134 -20.9188
4 1.3287
557 -9.12384
113 -20.7129
895 22.5969
681 0.719727
130 -19.8558
12 -104.365
1021 37.4818
73 -23.0824
570 0.292786
1205 -70.0033
1091 45.6808
189 -38.8567
1164 70.7833
805 6.19543
1075 39.9799
282 -9.05029
845 29.7632
1170 21.1221
72 -46.1952
557 -0.457092
1023 33.5819
573 -0.117126
746 3.57263
619 -9.84283
485 -9.5112
233 -12.4454
780 25.1939
766 5.21936
110 -24.8605
572 -0.567871
143 -19.1363
186 -14.6777
570 0.292542
812 16.8388
1050 49.5664
26 -75.5679
423 -8.59653
398 -13.8562
762 4.85364
906 36.2758
246 -52.1584
721 0.911194
311 -40.5465
706 0.72998
128 -17.2573
153 -46.5105
490 -5.54968
814 11.9933
333 -3.13928
12 -34.1358
673 0.797913
910 30.5667
710 12.9433
401 -3.79953
1184 -58.5493
674 0.84729
1143 74.0226
856 19.2983
801 21.2697
1185 -0.0390625
135 -51.1526
262 -49.2259
879 18.1932
333 -2.61362
452 -2.35281
784 5.63068
1181 20.355
483 -1.79053
244 -37.1382
861 22.4997
548 -0.0812378
96 -24.7889
819 34.8949
599 -0.279663
267 -37.4184
249 -14.6742
967 22.3749
188 -46.3267
405 -3.36536
221 -37.4051
394 -3.2774
955 27.402
447 -2.4588
393 -16.1668
1038 37.5503
392 -3.08084
931 84.5561
1185 21.3004
946 33.3103
25 -71.9478
113 -20.8724
940 29.3333
599 -3.42316
325 -4.7803
288 -31.8415
1026 61.4374
1218 22.1936
459 -2.31354
559 -0.290955
157 -20.3014
325 -4.78036
872 46.6287
461 -9.38208
1184 20.3171
604 -0.562134
501 -0.475647
761 7.09766
557 -0.403076
850 3.30316
410 -2.728
1143 58.111
102 -20.7905
472 -10.6907
740 10.5244
874 46.4609
444 -9.25861
227 -12.6353
1217 1.63733
828 12.3631
506 -12.4023
265 -32.6918
180 -14.3398
540 -0.558044
837 16.4225
1119 71.5894
432 -16.7553
503 -0.515594
687 3.29163
790 14.9572
875 27.9924
972 63.7068
952 23.054
457 -13.4211
474 -2.02292
597 -0.288635
60 -23.6104
45 -24.748
548 -0.483948
723 7.42535
1014 31.8715
1050 51.3258
1080 55.1001
188 -46.3041
946 18.4533
26 -75.7257
1179 -70.3641
267 -37.3058
76 -23.807
816 5.79449
294 -42.3926
481 -1.79303
206 -40.7084
873 17.8312
415 -15.603
423 -8.59598
737 2.6037
253 -27.7327
696 9.39722
156 -14.1604
817 12.1375
738 7.4079
481 -1.79282
1032 36.8296
1021 61.5585
319 -30.7064
720 7.09027
833 32.3987
828 16.8055
896 2.67163
876 2.90082
117 -54.9197
249 -11.4707
1119 71.5892
428 -8.55667
115 -20.4555
137 -16.1122
364 -23.6035
1141 57.4221
485 -1.78775
613 0.157776
576 -2.93689
474 -6.22891
93 -22.7085
823 6.57648
29 -51.4916
1084 66.0162
329 -10.3542
311 -5.12973
970 8.27844
263 -9.81511
380 -16.2714
1119 71.5894
837 3.06403
780 27.4286
894 33.3497
256 -9.77051
943 33.6293
727 1.40442
1002 36.0282
174 -15.1522
455 -8.17432
444 -2.49817
764 17.082
798 6.06116
1013 10.3685
377 -3.77209
961 27.7959
263 -6.86774
153 -16.2027
1185 21.3007
204 -15.6656
983 4.29065
952 32.5112
284 -12.7828
98 -59.0993
61 -24.273
932 19.2528
912 32.19
196 -40.1836
61 -24.2728
201 -11.7572
954 31.4993
162 -15.3684
1079 65.6661
742 11.0773
486 -3.27377
210 -12.9042
413 -15.4166
73 -24.0876
509 -3.58984
66 -24.7189
545 -0.542297
882 18.5397
801 6.1402
1186 -57.0399
310 -32.0371
705 11.6244
236 -9.15874
305 -33.7823
327 -36.8936
102 -20.564
148 -17.396
1101 45.4763
867 4.15936
725 2.33673
1106 58.6035
531 -9.5293
689 8.69238
162 -45.7834
852 44.6319
152 -54.0474
241 -11.0728
132 -57.7159
296 -8.22095
219 -34.478
216 -38.494
969 61.6499
69 -25.1027
899 30.9407
140 -17.4376
470 -13.5051
546 -0.544922
224 -37.5208
782 12.6423
999 42.6874
768 5.26697
720 4.94983
156 -14.1615
1185 21.301
440 -2.64008
258 -32.9417
62 -23.1317
828 5.18256
882 32.8864
189 -38.8556
572 -0.568481
391 -19.6588
1159 70.9175
575 -8.14984
363 -3.96295
156 -14.1671
1085 46.9172
1237 173.66
422 -3.31616
861 2.62274
327 -36.8936
467 -2.08572
761 7.12396
883 18.318
208 -13.2082
382 -15.5562
98 -59.1008
283 -35.8608
930 39.7303
1034 47.1117
586 -1.43372
961 5.22321
1024 11.0275
177 -19.1024
786 5.66693
1228 103.815
37 -53.5203
560 -0.425598
235 -50.0728
750 13.2555
715 6.88452
129 -20.8654
961 27.798
743 6.55951
198 -7.80144
686 3.27856
310 -7.89767
207 -13.5503
557 -2.60529
146 -14.2779
595 0.0293579
99 -21.4217
961 27.7982
6 0.771645
327 -36.8936
15 -74.0849
202 -13.4222
861 19.832
415 -20.7416
458 -2.40067
937 132.814
709 8.27502
104 -21.8496
1074 65.0985
60 -22.9391
430 -11.9505
318 5.59534
86 -59.2562
965 35.7681
970 23.6425
605 0.375854
187 -44.5965
413 -15.7377
653 0.549194
159 -16.4413
269 -9.44934
91 -22.6119
936 5.30042
557 -9.091
801 5.9328
835 10.6734
774 12.5227
174 -15.1588
653 0.54718
591 0.0112305
961 27.8005
1006 10.0981
948 23.1333
146 -17.7143
979 61.1147
682 3.83649
433 -8.4512
404 -14.8989
460 -8.23743
599 -3.42291
1176 -20.1499
839 25.6921
997 32.0199
254 -9.27417
427 -8.78198
458 -2.31284
858 3.79297
694 0.990906
1032 36.83
835 3.81439
1134 31.9325
653 0.550049
1120 16.1458
189 -38.8553
44 -24.0267
202 -13.4662
213 -11.6916
426 -13.8018
473 -2.03134
676 0.766174
913 20.9247
858 3.79431
102 -21.6352
963 35.5153
608 0.37262
853 44.8641
1069 52.3236
702 1.99091
443 -8.01349
798 5.83582
961 27.8012
439 -8.31876
213 -8.76302
78 -22.4149
474 -2.01651
1234 3.34961
937 133.858
249 -11.2654
943 5.34668
781 11.1773
438 -18.6725
159 -16.4406
738 10.4713
781 4.00659
557 -0.457153
1080 55.0883
846 16.6886
142 -19.4968
608 0.367981
664 1.38837
1207 22.6868
288 -8.37851
118 -27.4457
773 10.7282
408 -13.4703
937 134.755
760 4.69049
1119 71.5892
886 25.8968
836 16.2952
200 -11.5111
232 -12.4145
412 -3.11707
939 30.707
1064 42.9106
917 36.3168
873 3.87183
360 -3.98096
654 10.1564
214 -13.0208
1046 33.8364
152 -15.2202
913 30.6775
838 -18.3421
245 -10.6607
220 -13.9723
1003 46.1815
867 4.15918
78 -0.52066
325 -4.78024
947 5.71075
125 -18.2514
1031 38.36
1133 56.462
884 2.29102
187 -44.9143
873 29.4731
1183 -59.9124
657 2.1416
779 5.36279
452 -2.54437
329 -31.5948
325 -4.78043
955 27.3995
793 5.96985
1078 48.6431
797 18.5762
805 16.7988
1008 32.6411
850 2.72449
255 -27.4875
151 -16.9871
235 -50.0724
283 -35.8529
919 5.27466
1078 52.4625
817 2.70972
374 -19.5735
1113 57.0909
358 -8.59647
779 18.6813
732 2.72668
151 -17.2679
525 -6.63
1102 45.4576
1138 17.5686
981 34.3531
564 -0.400818
884 43.312
572 -0.568665
812 12.1091
528 -2.23267
154 -16.5467
210 -52.7184
515 -0.313599
1208 17.6833
340 -36.9838
81 -22.1901
689 5.53656
229 -12.4048
573 -0.117065
839 2.68842
638 0.466553
1026 61.2257
258 -33.7308
752 13.5291
854 3.06409
692 3.99512
1165 77.736
375 -19.8755
313 -33.7869
879 21.62
263 -26.8181
272 -8.84488
219 -47.1526
336 -3.59204
530 -0.739929
121 -20.6492
993 52.8552
70 -25.0839
414 -3.96619
201 -13.2088
658 0.581421
708 9.27759
849 4.24475
771 15.9333
1098 43.3036
121 -62.2972
904 36.3268
97 -22.2025
701 1.09253
905 36.3976
932 4.91937
318 -32.9285
573 -0.117126
359 -73.7492
326 -37.0598
515 -0.312927
1185 19.7676
534 -0.538269
174 -15.1626
799 34.2808
926 5.20886
1067 63.2559
557 -9.11304
861 27.1744
739 6.62714
804 11.6063
771 5.29633
271 -9.37097
309 -8.10352
593 -1.58105
452 -2.40933
159 -16.3794
358 -26.2483
394 -15.9544
940 23.7789
340 -4.63162
846 2.51501
227 -12.6117
372 -38.3418
164 -15.4229
1020 41.6926
717 6.8244
948 27.254
945 5.40051
608 0.112549
425 -14.2429
459 -14.4156
218 -43.1773
415 -22.7167
732 12.507
884 6.72919
915 30.8866
600 0.47406
839 25.504
447 -2.4418
745 3.52478
786 14.2479
35 -32.8878
962 7.94537
1044 33.8485
485 -10.4037
838 5.03888
904 36.3395
567 -0.222229
286 -9.19312
144 -19.5217
434 -8.70465
854 17.5196
1078 64.5359
200 -13.7374
836 2.3667
667 6.80927
897 18.7448
731 2.49719
467 -2.07016
1119 58.8453
86 -15.7692
250 -8.68867
295 -5.82434
340 -25.3257
284 -30.2255
143 -19.7662
258 -9.63269
452 -2.41
1051 40.7959
525 -0.822632
735 9.11206
256 -8.19116
414 -1.56995
1115 49.5126
337 -31.6754
411 -10.9043
91 -22.9457
1067 63.2561
593 -1.59711
831 2.35663
573 -0.135376
494 -3.66937
348 3.19617
458 -2.33905
234 -47.6244
1180 -32.9442
968 34.1392
342 -23.3654
296 -8.22015
319 -30.7039
142 -18.1614
503 -0.541412
219 -42.2326
124 -18.5655
944 40.4105
446 -17.965
578 -8.38635
1206 21.8181
391 -16.5315
1091 42.972
557 -9.11505
387 -3.17093
362 -22.1931
803 6.12329
827 4.07507
783 32.7108
679 0.806519
408 -15.9479
687 24.4553
926 40.2297
509 -3.59
783 33.0729
397 -3.24677
439 -10.4223
92 -22.531
40 -5.03169
655 2.3844
688 0.798401
17 -68.3742
702 2.80603
1041 63.1128
1083 70.2791
1082 45.1276
1071 13.6403
980 25.6772
621 2.0932
42 -1.7279
397 -2.63763
348 3.52753
332 -31.4351
919 36.5459
413 -14.5446
1021 43.2826
1134 60.5171
993 32.9706
936 5.66003
357 -15.2974
340 -25.3614
1240 66.037
1045 51.8558
856 46.0402
548 -0.0809326
919 36.5456
993 4.43829
434 -9.84384
274 -71.2601
389 -22.2031
226 -12.7132
967 5.1496
979 58.5319
907 3.83179
137 -17.6151
236 -17.3307
986 47.2569
845 2.47852
412 13.4929
547 26.488
611 0.394897
919 3.78741
836 34.7067
372 -19.5859
725 1.73816
902 4.95795
1068 10.2437
658 0.581421
292 -42.6761
362 -3.91388
382 -16.2845
536 -0.746948
1088 55.7349
663 1.91437
348 -4.3692
877 28.4198
412 -13.3434
230 -49.2463
963 22.8445
25 -71.8272
620 -3.00861
137 -19.1418
373 -20.3211
213 -11.2601
341 -33.6233
145 -19.3307
229 -12.5667
1078 67.869
1013 10.5748
942 23.6952
1148 74.3746
255 -10.3848
764 5.06128
771 15.933
241 -32.6207
1220 21.2654
886 40.9876
863 18.1292
106 -22.5231
168 -14.8157
130 -22.7153
1191 19.8922
106 -21.0801
997 32.0056
478 -10.4824
85 -22.501
777 32.3314
767 10.5916
137 -55.6405
237 -7.94839
675 1.20935
202 -13.5965
1156 59.9117
930 21.5728
133 -20.1597
839 25.5021
1135 60.932
277 -9.04718
1141 57.1343
1138 16.6838
714 15.8799
485 -1.78793
532 -2.65887
67 -23.6502
1018 30.697
183 -17.9739
931 5.54114
1021 46.4279
698 1.18524
414 -2.71484
61 -24.2728
234 -49.9498
339 -23.7733
377 -3.7128
203 -13.7564
213 -11.0646
427 -9.61234
375 -15.984
1199 20.8795
204 -13.6881
667 6.80682
287 -8.62836
71 -51.1671
122 -56.4403
987 31.7458
547 -0.473572
550 -6.13831
852 44.6622
847 28.9655
353 1.56958
195 -14.5068
423 -3.04379
90 -22.7539
532 -0.617737
172 -15.0525
61 -22.9087
366 -4.8725
212 -48.9664
931 19.8802
337 -28.1422
823 6.51117
886 4.0025
945 6.37531
188 -14.1553
838 19.1612
914 4.82104
948 5.70142
63 -23.2979
787 14.1865
75 -24.462
1042 43.5463
64 -24.4939
366 -24.9711
273 -9.30469
1093 43.6732
452 -2.41385
766 27.2652
1026 61.4257
461 -2.35092
1025 56.5486
616 0.209961
484 -3.22723
75 -22.2102
477 -2.0455
744 3.41486
1071 42.1859
226 -12.702
355 -23.141
873 29.4681
835 10.4888
45 -79.5127
997 32.0262
1113 68.0891
997 32.0087
759 4.62524
693 1.02539
766 5.23169
438 -2.57748
1201 -23.7493
178 -48.663
90 -22.7545
789 5.08429
742 2.86896
1071 52.2858
318 -32.8943
373 -26.8713
346 -14.1481
889 2.68671
1157 72.6368
1189 -43.9059
905 30.9736
509 -3.58972
1140 66.9203
459 -2.31439
962 30.3323
951 37.3323
715 11.3621
1135 16.4498
688 1.07666
983 8.92993
552 -0.471924
720 14.7672
654 9.78461
227 -12.6553
234 -48.5863
1026 61.2362
96 -12.8654
208 -40.6315
76 -18.1548
280 -45.6733
485 -10.611
823 6.58618
100 -26.5129
1115 48.5873
74 -4.43364
296 -8.22061
541 -0.542603
596 -0.430115
857 41.2939
1119 71.5896
285 -30.1371
1064 42.8909
1152 51.1224
230 -43.1888
657 5.07983
1204 26.4456
1018 30.6976
432 -16.7552
644 -0.547363
340 -25.3255
1201 -23.5857
857 2.43567
531 -0.442688
788 5.15198
927 23.5737
244 -7.16034
839 2.78821
1006 40.5884
1170 63.2213
99 -22.4994
725 7.87299
887 39.9521
193 -16.4622
69 -21.8775
919 36.5463
418 -19.232
383 -3.08929
368 -3.7049
703 7.16681
360 9.06302
188 -14.6337
553 -0.486145
753 10.6118
231 -49.8795
1135 70.5448
738 7.29309
326 -19.2553
1159 21.4346
937 132.782
823 6.57471
346 -4.24124
25 -71.9945
354 -26.8262
832 27.5939
925 21.6321
773 5.43188
254 -9.77174
962 7.94476
867 20.832
209 -39.5975
744 3.86853
448 -2.42114
1011 41.7891
1021 10.9985
1135 16.4485
984 30.6625
928 31.4896
99 -21.4184
292 -32.6418
335 -32.8882
680 3.01776
51 -32.4238
32 -60.7886
549 -4.72565
311 -30.0608
1068 10.243
461 -12.015
142 -18.5713
1198 -16.0566
475 -2.10052
271 -9.29379
452 -2.41367
490 -1.73737
1101 60.0441
66 -48.34
628 1.96149
841 4.82611
888 37.4709
813 5.27527
753 2.82635
797 5.71326
125 -59.6442
340 -25.3214
447 -2.49304
133 -53.3838
804 14.5887
487 -12.5955
619 0.55835
314 -26.5573
922 5.23895
41 -129.084
310 -32.0338
146 -54.4696
245 -13.6154
407 -9.36966
303 -10.694
122 -53.4038
783 20.0313
101 -21.9211
1201 -23.5653
347 -23.0174
305 -33.9659
689 1.13629
459 -2.27771
1119 71.5896
108 -19.1439
786 5.51172
555 -2.05194
1239 61.0801
402 -3.41101
441 -10.1131
748 10.774
1167 -2.3418
449 -2.83133
389 -15.2263
515 -7.95065
87 -60.3499
363 -24.5034
305 -32.7742
952 86.6096
399 -4.62411
515 -0.313599
189 -14.543
929 5.75055
203 -13.9706
857 41.8615
471 -2.13489
1206 67.3534
907 35.1943
387 -23.4471
472 -11.7476
370 -21.4247
936 5.65936
2 -68.9045
355 -4.04337
271 -9.40686
1159 59.3228
539 -6.4408
770 16.0496
179 -14.6468
856 40.9007
747 10.4196
988 37.2646
936 5.66168
159 -16.4405
141 -19.2132
784 20.2809
1227 104.44
1106 58.6029
331 -32.7524
903 37.1538
178 -14.2736
687 8.34406
997 32.009
1098 66.2341
728 0.941162
882 18.5398
1212 28.9902
256 -42.2656
667 5.76807
861 19.8314
443 -7.97702
434 -10.9485
939 83.0704
229 -10.6178
340 -25.3215
69 -64.4044
906 36.2755
871 24.2114
1104 67.3341
295 27.8032
863 36.8305
415 -13.9078
527 -0.692505
424 -4.06558
327 -36.8896
382 -26.466
602 0.0289917
1113 68.0933
627 1.58844
599 -0.286987
740 7.74945
930 31.6326
653 0.547363
837 30.1155
974 28.4855
826 13.4626
979 61.377
247 -11.7355
