608 -7.91217
229 -30.5845
741 -6.54437
975 4.92285
660 -7.15259
725 -6.46497
743 -5.99377
741 -6.54437
926 -10.4146
274 -14.6306
512 -9.34116
725 -6.46503
661 -7.2431
431 -9.45221
512 -9.37692
651 -7.51404
908 -10.4783
718 -6.43811
608 -7.91315
661 -7.2594
908 -10.4783
743 -5.99438
718 -6.43628
725 -6.46497
621 -7.71057
405 -10.4303
908 -10.4766
547 -8.06726
384 -10.9125
551 -8.09015
131 -34.6102
743 -5.99396
548 -8.01422
602 -7.91272
332 -11.8068
584 -7.9245
641 -7.63043
660 -7.1521
338 -11.4425
526 -9.22998
725 -6.50385
479 -8.84784
683 -6.8454
628 -7.60199
548 -8.0141
500 -9.30704
535 -8.55164
720 -6.42627
274 -14.6287
572 -7.8847
561 -7.97772
1176 -6.1355
716 -6.44684
529 -8.36542
651 -7.54688
1014 2.14697
333 -11.6518
1048 0.429321
683 -6.88159
660 -7.15601
512 -9.37796
500 -9.31006
587 -7.90118
328 -11.8746
630 -7.61993
651 -7.54718
499 -9.58093
683 -7.02368
547 -8.06726
743 -5.99432
218 -15.2116
547 -8.06714
529 -8.37012
167 -32.1765
571 -8.0448
480 -8.94974
500 -9.30856
653 -7.29572
725 -6.50415
365 -9.95718
660 -7.13495
743 -5.99438
518 -8.5177
630 -7.61609
1022 2.13049
1216 -1.68066
653 -7.2074
501 -9.32977
921 -10.4503
547 -8.06714
513 -9.44235
1017 2.20917
328 -11.8832
569 -8.01672
909 -10.4771
561 -8.04797
718 -6.43744
741 -6.54608
716 -6.44678
661 -7.25287
1017 2.20911
600 -7.8985
660 -7.1524
529 -8.3703
1176 -6.13562
526 -9.03381
131 -34.6106
798 -4.91718
716 -6.44751
334 -11.6782
411 -9.89969
304 -12.795
744 -5.98914
663 -7.15149
562 -8.03979
653 -7.19824
672 -7.34912
653 -7.18732
646 -7.37482
564 -8.01147
562 -8.03979
630 -7.61047
741 -6.54523
503 -8.90436
553 -8.09271
660 -7.13501
581 -7.95282
660 -7.15173
744 -5.98914
744 -5.98914
725 -6.46497
492 -8.78812
1050 0.598389
975 4.9234
763 -6.84308
624 -7.71417
558 -8.03473
1006 1.70355
636 -7.54047
798 -4.91711
489 -9.41321
539 -8.56128
608 -7.91241
562 -8.03979
558 -8.06726
790 -5.02832
601 -7.91351
666 -7.26428
547 -8.0672
571 -8.04486
1022 2.13092
394 -10.683
574 -7.88715
613 -7.67719
202 -14.6815
267 -14.0206
663 -7.14978
583 -7.94977
733 -6.43164
573 -7.89374
547 -8.06714
624 -7.71484
725 -6.50397
908 -10.4763
660 -7.14996
661 -7.24323
606 -7.83868
496 -9.5412
548 -8.01422
583 -7.94391
725 -6.50385
772 -6.66205
518 -8.5177
592 -7.86096
651 -7.54437
763 -6.79102
719 -6.47101
1023 2.17487
559 -7.97235
798 -4.91711
744 -5.98926
571 -8.04474
798 -4.88647
409 -9.57056
560 -8.03949
651 -7.54437
661 -7.25037
512 -9.34116
480 -8.9498
581 -7.91241
660 -7.15228
411 -9.90918
718 -6.43719
653 -7.19299
480 -8.94965
518 -8.50858
422 -9.42917
700 -7.03485
346 -11.6302
663 -7.15033
385 -9.71722
779 -6.39771
501 -9.28629
764 -6.13275
559 -8.07349
798 -4.88647
651 -7.31317
716 -6.44763
572 -7.8844
547 -8.0672
741 -6.54608
663 -7.15222
512 -9.34116
380 -10.9147
269 -14.0028
589 -7.90625
1176 -6.13513
547 -8.10303
1139 -7.94922
763 -6.78967
683 -6.88153
663 -7.15405
585 -7.86884
718 -6.4649
547 -8.10333
490 -9.0239
798 -4.88647
907 13.4537
739 -6.6571
1216 -1.68054
573 -7.89209
430 -9.22122
591 -7.85925
761 -6.58496
547 -8.06726
795 -4.92725
907 13.4543
798 -4.88647
628 -7.60211
681 -7.17102
741 -6.54608
663 -7.15125
167 -32.1762
229 -30.5843
518 -8.50928
1067 6.52161
501 -9.32953
653 -7.18689
1044 -9.01917
636 -7.51825
572 -7.8996
628 -7.60211
621 -7.70184
663 -7.15009
316 -12.093
1063 -4.27356
1176 -4.14282
572 -7.88507
407 -9.62326
559 -7.96558
547 -8.10321
280 -12.5655
405 -10.4305
512 -9.45581
663 -7.414
1139 -7.94922
562 -7.93402
608 -7.91254
624 -7.62604
636 -7.60876
518 -8.50903
934 -6.54578
621 -7.71069
618 -7.7879
596 -7.81866
608 -7.91235
450 -9.16284
621 -7.66418
592 -7.8739
624 -7.68085
601 -7.8092
400 -10.0059
1215 -7.86255
874 -6.11511
621 -7.65869
548 -8.01416
678 -7.2666
584 -8.27216
280 -12.6244
587 -7.84509
390 -10.8431
548 -8.01416
422 -9.42853
587 -7.82538
426 -9.59995
610 -7.80994
431 -9.45224
547 -8.10315
490 -9.02374
764 -6.13257
365 -9.95688
764 -6.13263
548 -8.01422
663 -7.15125
550 -8.0517
564 -7.93066
255 -14.2614
628 -7.60205
1094 7.81323
914 -5.73785
1176 -6.1355
674 -7.14606
675 -7.26105
547 -8.10327
621 -7.70154
635 -7.62213
666 -7.27417
560 -7.95789
586 -7.93628
601 -7.80933
663 -7.14929
621 -7.7016
365 -9.95731
693 -7.12714
547 -8.0672
1166 -8.27441
335 -11.5648
651 -7.24908
525 -8.88324
1023 2.17505
663 -7.16248
321 -16.8185
684 -7.17749
1004 23.4543
1138 -7.26477
571 -71.2803
431 -9.45212
772 -6.66199
518 -8.51773
269 -14.0028
518 -8.50937
1029 2.12329
548 -8.0141
717 -6.54785
1200 13.2236
616 -7.8042
660 -7.15228
647 -7.28497
1192 -2.90613
512 -9.45203
581 -7.89618
1215 -7.86292
278 -12.8622
641 -7.57562
591 -7.8573
798 -4.88654
766 -6.04126
739 -6.6571
1139 -7.94922
592 -7.8623
629 -7.65173
998 1.91241
584 -7.92407
660 -7.15234
798 -4.88647
1139 -7.94922
557 -8.07465
592 -7.85919
518 -8.51761
1044 -9.02039
608 -7.91229
798 -4.88647
523 -9.28247
798 -4.88654
1066 -8.1958
282 -12.4749
705 -7.02039
627 -7.62024
663 -7.15125
500 -9.30914
678 -7.26642
179 -15.2895
630 -7.62042
592 -7.87781
717 -6.54742
1165 -8.29333
518 -8.50894
674 -7.25006
613 -7.67792
335 -11.5653
621 -7.73541
589 -7.8996
700 -7.03857
647 -7.55066
490 -9.02448
431 -9.45218
608 -7.76324
744 -5.98914
450 -9.16843
621 -7.70166
675 -7.26581
578 -7.9541
860 -6.57465
422 -9.43088
704 -7.01959
608 -7.91248
311 -12.4281
1159 -8.57971
584 -7.92407
374 -10.9434
376 -10.9192
749 -6.71075
1139 -7.94934
664 -7.27197
762 -7.00586
693 -7.13354
416 -10.2945
636 -7.51654
1066 -8.19519
560 -8.43811
715 -6.94019
668 -7.39777
1190 -2.42419
739 -6.6571
548 -8.01416
717 -6.54999
798 -4.91705
739 -6.71844
1063 -4.25623
1145 -7.81519
796 0.768066
775 -6.99158
391 -10.7751
547 -8.0672
1176 -6.1355
666 -7.41425
512 -9.3775
414 -11.275
616 -7.70404
1192 -1.62573
490 -9.02393
624 -7.65778
764 -6.12018
600 -7.88916
547 -8.10309
334 -11.6845
657 -5.65308
649 -7.26666
660 -7.15753
1044 -9.02039
584 -7.92395
715 -6.94135
639 -7.58203
548 -8.01404
704 -7.07428
376 -10.9193
539 -8.56293
635 -7.54626
609 -7.78381
571 -7.8996
334 -11.6853
678 -7.26685
480 -8.94983
1010 1.5816
571 -8.04462
548 -8.0141
374 -10.9517
1185 -2.28064
365 -10.9085
683 -6.88153
651 -7.54498
574 -7.88629
662 -7.14679
591 -7.85889
596 -7.84747
1008 1.60425
860 -6.54169
990 -4.62067
600 -7.82562
752 -6.30121
745 -5.9892
636 -7.51697
490 -9.02457
559 -7.9704
717 -6.50488
1140 -7.9043
606 -7.83875
391 -11.3169
1023 2.17499
753 0.443481
976 8.51324
916 17.1021
1173 -6.93042
675 -7.26447
675 -7.26624
255 -14.2613
558 -8.06311
638 -7.42706
787 -5.19592
571 -7.98114
513 -9.44193
636 -7.5155
714 -6.43695
625 -7.68866
675 -7.26379
310 -12.4631
1096 7.79932
591 -7.8606
601 -7.80847
766 -6.0412
1047 -9.00549
180 -15.2114
599 -7.82697
764 -6.13318
596 -7.83301
860 -6.54449
500 -9.30933
985 6.41443
640 -7.60364
412 -9.55649
500 -9.3085
572 -7.90778
375 -10.9113
620 -7.74207
1172 -4.19043
764 -6.13275
950 -6.47241
629 -7.66541
370 -10.8802
718 -6.46429
974 7.06873
917 10.5154
1083 6.61682
763 -6.84271
606 -7.83875
698 -7.07544
479 -9.99133
1047 -9.00464
589 -7.81714
336 -11.5092
1002 25.3575
657 -7.26947
582 -7.8739
716 -6.44714
627 -7.68152
636 -7.51941
1044 -9.01929
411 -9.91293
548 -8.01416
321 -16.8199
571 -8.04474
629 -7.66602
976 0.274719
510 -8.9679
651 -7.54541
1024 1.89392
490 -9.02444
716 -6.44745
608 -7.91321
741 -6.54626
1205 -4.29321
636 -7.51434
608 -7.85425
571 -7.9093
663 -7.16583
261 -14.3867
565 -8.01184
741 -6.54413
780 -6.57861
723 -7.02374
970 5.72998
908 -10.4764
394 -10.7308
653 -7.18958
675 -7.26379
683 -7.0235
574 -7.88611
628 -7.60217
916 17.1025
1145 -7.81604
518 -8.517
674 -7.25702
1044 -9.01917
681 -7.17114
513 -9.44565
263 -14.5433
571 -7.89417
490 -9.02383
649 -7.42438
916 17.1006
1058 -4.12585
715 -6.43762
550 -8.05164
544 -8.03082
602 -7.84814
408 -10.3398
523 -9.30981
1028 -4.71399
742 -6.18298
408 -10.3397
1185 -2.27954
1199 13.3973
646 -7.36035
633 -7.56036
613 -7.67761
1199 13.3969
648 -7.26605
756 -6.11731
613 -7.83392
624 -7.63403
633 -7.55817
490 -9.02374
548 -8.01416
894 -5.57312
613 -7.72595
758 -6.35846
1003 23.4719
547 -8.10339
650 -7.29211
1029 2.24353
548 -8.0141
974 7.06873
217 -15.2067
529 -8.37006
479 -9.9913
621 -7.70142
547 -8.0672
675 -7.26294
1139 -7.94922
678 -7.26685
775 -7.11334
523 -9.28027
281 -12.6323
369 -10.5444
525 -8.88336
715 -6.94824
857 3.21204
651 -7.54413
1022 2.13086
1044 -9.01929
431 -9.45212
1184 -4.23181
613 -7.81964
1022 2.13049
333 -11.7081
1130 8.38403
563 -7.95642
717 -6.50323
560 -8.05035
678 -7.26709
1139 -7.94922
772 -6.66199
624 -7.70459
621 -7.70154
400 -10.0058
1049 15.864
660 -7.15204
524 -8.7326
717 -6.55511
336 -11.4558
675 -7.26569
764 -6.13275
411 -9.89825
752 -6.53821
655 -7.2713
565 -7.94501
681 -7.16595
490 -9.02451
79 -18.1986
653 -7.26318
681 -7.17114
907 13.4535
376 -10.9191
645 -7.3559
263 -14.5444
529 -8.37018
1017 2.20923
733 -6.46759
928 19.7878
335 -11.719
550 -8.05096
239 -14.0717
334 -11.6858
1033 2.0708
681 -7.17108
606 -7.83875
411 -9.89816
985 22.347
212 -14.0839
717 -6.54718
337 -11.5482
179 -15.289
591 -7.85931
525 -8.883
1235 -1.1261
1169 -8.29163
592 -7.87775
400 -10.0059
608 -7.91321
1028 -4.71362
797 -6.93567
1022 2.13062
681 -7.17114
1196 17.6753
908 -10.4768
986 6.21106
648 -7.26819
268 -13.9507
1006 18.6223
613 -7.76392
423 -9.68256
249 -29.296
229 -14.3868
660 -7.13507
1058 -4.12683
304 -12.7946
550 -8.05164
1045 2.02637
684 -7.1524
540 -8.13116
1006 18.6217
411 -9.90115
1170 -8.0658
601 -7.80914
524 -9.08264
1004 23.4543
627 -7.69952
490 -9.02393
512 -9.45181
550 -8.05164
717 -6.55817
920 4.6452
400 -10.0059
571 -8.04486
715 -6.94818
492 -8.78836
79 -18.1986
606 -7.8606
482 -8.82483
426 -9.60022
881 1.8175
387 -10.8762
663 -7.15106
584 -7.92413
1003 23.4724
261 -14.4762
591 -7.86133
490 -9.02451
622 -7.70056
574 -7.88721
333 -11.7842
1138 -7.26526
775 -6.63922
267 -14.0288
945 8.49463
683 -6.84357
989 17.326
454 -9.06924
374 -10.9511
1176 -6.1355
625 -7.68103
1235 -1.12573
308 -12.4636
376 -9.8555
1077 30.1622
732 -6.58765
328 -11.8808
1068 7.17188
842 -6.61578
985 4.8111
741 -6.13275
1006 18.6309
959 -7.56714
321 -16.8383
623 -7.66461
512 -9.457
1185 -2.2804
681 -7.17108
982 2.41382
982 22.9814
550 -8.05151
321 -16.8186
1190 -2.82544
512 -9.45322
591 -7.85815
548 -8.0141
261 -14.3867
617 -7.76624
976 8.51666
498 -9.42026
894 -5.57458
959 -7.56689
21 -67.9613
772 -6.66199
646 -7.28094
181 -15.0438
337 -11.5492
309 -12.4612
571 -8.04486
900 -4.9585
217 -15.207
573 -7.97784
636 -7.54474
668 -7.3446
548 -8.01422
497 -9.41159
606 -7.789
780 -6.55927
647 -7.42194
924 3.35242
985 22.3456
924 3.35248
601 -7.8092
637 -7.55499
955 -5.08972
1109 8.79309
1163 -8.87488
310 -12.4259
1032 -4.20544
547 -8.06726
513 -9.36868
955 -5.08746
916 17.1033
285 -18.6898
717 -6.56152
877 -6.59589
398 -10.6595
584 -7.92371
714 -6.94806
512 -9.45346
266 -14.2082
1042 22.8059
974 7.0694
267 -14.0279
511 -9.44461
613 -7.67749
1184 -4.2323
591 -7.90125
584 -7.92413
180 -15.2113
602 -7.91168
659 -7.42065
636 -7.52124
1166 -6.59534
601 -7.80914
621 -7.72699
1024 1.89417
1028 -4.71423
665 -7.38367
513 -9.44186
601 -7.80914
741 -6.54413
974 7.06891
610 -7.8139
636 -7.59613
977 14.1562
79 -18.1984
663 -7.15118
673 -7.07324
1190 -2.47046
1005 1.88562
209 -14.5031
1213 -3.55518
337 -11.5482
263 -14.5444
500 -9.57285
990 -4.62653
986 14.0964
1045 2.02539
1185 -2.27991
661 -7.25232
636 -7.51489
605 -7.86578
524 -8.73254
341 -11.6871
867 -6.54932
255 -14.2622
762 -7.00739
584 -7.92365
261 -14.4766
638 -7.6261
1042 22.8064
624 -7.66528
337 -11.5483
584 -7.88739
661 -7.25293
713 -6.97577
537 -8.14172
613 -7.80322
321 -16.835
620 -7.7049
1023 2.17493
603 -7.89514
1006 18.6288
217 -15.2069
1024 1.89124
1009 1.89819
603 -7.89594
208 -14.4116
1015 25.5353
1082 2.38159
621 -7.66235
611 -7.71252
976 8.52753
663 -7.15143
243 -14.1522
678 -7.26636
715 -6.93951
271 -13.1154
1036 1.52612
1049 15.8636
1131 -3.04895
581 -7.90033
1024 1.89099
454 -9.069
1012 14.3085
683 -6.84338
636 -7.51843
955 -5.08801
932 6.53552
644 -7.57379
400 -10.0059
1027 13.0852
649 -7.34534
1006 18.6217
405 -10.4327
348 -11.0957
914 5.32141
1078 10.0164
1042 -0.125732
717 -6.5567
261 -14.4765
426 -9.60022
717 -6.56415
1003 11.461
606 -7.83856
1036 21.8014
608 -7.91315
660 -7.15533
81 -18.0512
608 -7.91309
297 -23.4736
512 -9.38095
1078 10.0172
81 -18.051
1023 2.17468
786 -6.67908
591 -7.8584
1103 8.63
1070 7.02637
976 8.52454
715 -6.93945
1132 -3.36353
1010 24.7281
263 -14.5444
266 -14.1993
842 -6.61682
1184 -4.23059
941 -8.49609
636 -7.5094
1196 17.6744
694 -7.11328
411 -9.90002
608 -7.91235
789 -5.14868
179 -15.2894
83 -17.9694
281 -12.4948
283 -17.8569
1042 22.683
249 -29.2968
337 -11.5489
762 -6.59576
1024 1.89172
661 -7.25262
1190 -2.32971
584 -7.9245
372 -9.95789
970 14.3727
1003 -4.66058
907 13.4546
79 -18.1986
1049 15.8632
933 6.55463
591 -7.81421
755 -6.59442
916 17.1036
653 -7.18481
1233 -1.71265
21 -67.9458
630 -7.6936
548 -8.01422
548 -8.0141
603 -7.80872
1046 -0.00634766
633 -7.59906
609 -7.75519
525 -8.88336
717 -6.55695
490 -9.02438
744 -5.98926
1028 -4.71338
562 -8.07635
660 -7.15607
1176 -6.13562
246 -13.451
81 -17.9179
1005 10.0269
613 -7.82593
374 -10.9515
980 1.87781
1066 -8.19507
281 -12.6323
974 7.06836
910 13.1446
1180 -4.27991
658 -7.4071
547 -8.10327
634 -7.5661
682 -7.23407
1205 -6.50208
489 -9.8291
675 -7.24371
715 -6.94623
1191 -2.67761
406 -10.7753
798 -4.91705
1009 1.89392
1083 6.61206
211 -14.2052
1115 8.81873
550 -8.05151
601 -7.80878
1169 -8.10547
523 -8.51636
490 -9.02451
1195 -6.14209
338 -11.4413
376 -10.9191
490 -9.02396
528 -8.38263
255 -14.2616
1055 -3.33655
369 -10.5452
673 -7.14349
766 -6.04126
717 -6.50488
907 13.455
1191 -2.91858
249 -29.2979
642 -7.42651
176 -15.3095
196 -14.7244
1176 -6.13538
352 -10.7029
210 -14.2429
601 -7.80927
211 -14.2063
658 -7.26099
933 6.50793
605 -7.80444
916 17.1031
1109 8.63831
547 -8.0672
653 -7.19983
1040 20.2238
1023 17.8671
1234 -1.12976
390 -10.8512
500 -9.30768
1178 -3.59399
319 -11.9062
1033 1.95117
923 5.47345
1068 7.17017
298 -23.2994
431 -9.45215
1040 20.5833
1185 -2.27808
1163 -8.09924
591 -7.92505
1067 6.52283
636 -7.55243
589 -7.82611
385 -9.71716
249 -29.2975
992 -4.65839
741 -6.54407
681 -7.16638
1083 6.61414
660 -7.15723
501 -9.33008
431 -9.45212
623 -7.71008
448 -12.1155
574 -7.88593
439 -9.28699
955 -5.08813
260 -14.0651
307 -12.4685
1025 22.0974
249 -29.2974
937 18.5277
574 -7.88708
579 -7.88733
712 -6.43488
81 -17.9169
1103 7.62012
623 -7.67499
1002 25.3536
1002 25.3676
193 -14.8976
385 -9.71719
916 17.0989
269 -14.0029
678 -7.2666
916 17.1123
410 -9.60114
405 -10.4299
621 -7.72675
514 -9.17331
998 -1.95709
621 -7.65845
644 -7.40112
1024 22.217
242 -13.5889
1184 -4.23218
1066 -3.23511
422 -9.4288
512 -9.34125
208 -14.4115
1029 2.24341
572 -7.90857
579 -7.97125
305 -12.1925
608 -7.71277
959 -7.56702
1021 22.0862
708 -6.50244
1040 0.805054
1098 8.84998
539 -8.56256
955 16.4669
1184 -4.23181
817 -6.72662
910 -10.5974
872 -1.70868
845 -6.66956
766 -6.0412
1213 -3.37756
1023 2.17462
1185 -2.2804
1083 6.61426
610 -7.81458
571 -8.01984
1024 1.89124
1196 -6.20801
274 -12.8277
661 -7.25555
946 5.65747
1083 6.61682
606 -7.83856
1173 -4.6925
431 -9.45212
935 -10.3992
640 -7.36426
633 -7.57214
1138 -7.26477
681 -7.1712
1172 -5.03113
974 7.06873
1024 22.1903
236 -29.1861
762 -6.59387
992 -4.65948
685 -7.15045
957 9.66364
940 5.47943
625 -7.65131
934 -6.54559
1026 23.5115
632 -7.65289
977 14.1562
277 -12.6775
547 -8.10327
242 -14.8924
1215 -7.86316
1032 1.8252
1029 2.24353
772 -6.66193
897 -6.29224
1157 -8.01636
142 -16.0773
335 -11.5663
1015 22.2554
298 -23.2706
593 -7.80853
574 -7.88623
243 -13.6099
997 5.4411
1072 11.354
1138 -7.26526
921 5.19232
601 -7.80902
246 -13.4512
447 -12.4496
1062 21.4015
1024 22.205
209 -14.5032
1138 -7.26477
700 -7.03406
1185 -2.28027
775 -6.63708
1023 2.17499
298 -23.2403
1023 2.17468
1199 13.3981
950 6.07098
961 -5.47284
970 14.4561
1138 -7.26501
1002 25.3707
431 -9.45209
1174 -6.94702
660 -7.15497
907 -9.2442
955 16.4642
264 -14.381
657 -7.3158
1184 -4.23035
955 16.5017
242 -13.589
955 -5.08704
763 -6.79053
1033 -4.8031
775 -6.63721
1197 -2.15381
547 -8.10309
159 -15.7005
1110 8.79761
361 -10.088
81 -17.9164
945 8.49506
196 -14.7244
772 -6.66199
1041 20.4336
196 -14.7244
217 -15.2069
1195 -6.03271
955 16.4643
1113 8.76428
945 8.4942
618 -7.69177
961 -5.47028
1067 6.55688
1109 8.79285
945 8.49268
945 8.49438
1076 -4.76465
602 -7.84912
982 22.9803
335 -11.5651
1042 22.8102
324 -12.0813
842 -6.61584
314 -20.9282
1176 -6.1355
1001 23.5383
1064 22.4336
561 -8.04755
955 16.5015
982 22.9787
327 -11.9548
1142 8.57458
946 5.68567
573 -8.00684
1109 8.79297
181 -15.0438
951 6.09052
192 -14.9509
933 6.55353
594 -7.85193
436 -9.26126
1196 17.6752
653 -7.18683
375 -10.0513
943 -5.25031
1024 1.89404
294 -15.2904
1215 -7.8634
745 -6.71472
236 -29.1882
1015 23.5614
1094 8.29724
1076 -3.12488
990 -4.59778
992 -4.6593
195 -14.8315
1096 8.0603
970 13.8113
945 8.49457
611 -7.83411
539 -8.55884
1004 24.3894
653 -7.18683
1233 -1.71204
1068 20.9221
243 -13.6103
1068 -8.14709
970 14.8271
739 -6.6571
314 -11.9679
955 16.5016
480 -8.94971
653 -7.18689
1109 8.79297
982 22.9777
713 -6.50586
350 -10.7518
796 -6.96582
941 -8.48773
961 -5.47052
1185 -2.28052
660 -7.13483
717 -6.61182
512 -9.4549
772 -6.66199
950 6.04492
209 -14.5031
663 -7.15118
157 -15.7013
338 -11.4412
1024 1.89136
1168 -8.31079
908 13.0293
950 6.04254
618 -7.72577
538 -8.0426
982 22.9796
479 -8.84769
528 -8.38257
373 -10.9313
663 -7.14923
1113 8.80945
479 -9.9913
1002 25.3574
1217 -3.60547
600 -7.91077
683 -6.84357
1057 20.0151
1073 6.84717
1050 -0.447266
1062 23.1918
946 5.66589
81 -17.9166
930 14.2207
894 -5.57422
81 -17.9172
1003 -0.366699
842 -6.61542
1004 23.4557
778 -5.92523
450 -11.1616
621 -7.6593
757 -6.58063
854 -2.57452
1027 13.0848
1179 -4.93164
1191 -3.98376
907 13.4545
362 -10.9486
1036 23.3695
955 16.5015
498 -9.51248
520 -8.67099
469 -10.4669
392 -10.7831
1083 6.61438
195 -14.8313
1185 -2.28076
1185 -2.2804
1066 -8.19556
625 -7.64923
1199 13.3971
1182 -3.29199
914 -6.43481
1028 -4.71436
813 0.923157
266 -14.2106
255 -14.2613
1049 15.7914
634 -7.66418
974 -4.75513
6 -99.4429
1185 -2.28064
606 -7.83881
1070 7.02673
894 -5.57758
973 -4.70428
501 -9.32825
193 -14.8977
1185 -2.31128
336 -11.5095
1012 14.309
528 -8.38629
305 -12.1926
942 8.31311
930 14.2191
976 8.51379
427 -9.73587
916 17.1132
977 14.1562
1011 -4.79114
916 17.1136
955 16.5012
905 -6.51849
1031 27.295
142 -16.077
974 7.06915
1032 -4.20728
968 15.4695
1183 -3.17639
196 -15.1562
916 17.1143
916 17.1011
210 -14.2429
918 5.30103
336 -11.5094
1059 -8.07593
328 -11.8703
961 -5.47034
654 -7.53778
961 10.2489
991 14.1259
676 -7.28644
941 -8.48615
871 -1.70544
1013 4.35217
684 -7.14893
912 3.61719
229 -30.5844
955 -4.89612
954 -5.09668
510 -9.30472
1233 -1.7124
984 14.1705
1070 -8.1366
217 -15.2069
1033 25.9203
1003 23.4723
255 -14.2621
513 -9.27228
860 -6.54425
620 -7.7066
950 14.489
1083 6.61377
83 -17.9695
452 -11.6863
304 -12.7947
1023 2.17468
154 -15.8599
1042 22.8105
371 -10.009
849 -6.63239
1061 -8.05676
913 11.3348
933 6.79596
929 14.1323
591 -7.87756
625 -7.67505
798 -4.91718
1006 24.515
944 -6.7572
972 22.3662
931 -4.81561
998 13.9291
916 17.1028
826 -3.74237
955 16.4641
1234 -1.13049
176 -15.3114
229 -30.5844
83 -17.9694
977 14.1562
992 -4.6601
741 -6.14014
937 18.5232
983 -4.9007
594 -7.85645
639 -7.42206
980 1.87775
700 -7.04309
969 15.3638
1229 -1.69556
195 -14.8315
260 -14.065
1001 13.9638
1041 31.6373
766 -6.04132
964 19.098
860 -6.58002
908 -10.4789
974 7.06854
1067 6.55835
716 -6.44708
79 -18.2853
317 -11.9033
246 -13.4509
179 -15.2896
860 -6.54175
480 -8.94983
977 14.1562
994 24.6575
243 -13.6103
1016 25.5574
454 -9.06894
1022 24.5952
1115 8.83484
660 -7.15271
500 -9.30963
264 -14.3811
1109 8.79285
1112 -4.43005
1084 1.46301
584 -7.92389
796 -6.95502
1050 -0.533203
524 -8.7323
199 -14.7238
264 -14.3809
955 16.5015
955 16.4642
570 -8.03107
611 -7.84375
1112 -4.42969
1083 6.61511
539 -8.5625
932 6.54492
860 -6.57458
974 7.06873
390 -10.8444
1233 -1.71301
1188 -3.12744
780 -6.56653
854 -2.57361
553 -53.3453
997 13.9115
949 6.04761
1213 -3.3783
1195 14.7625
1049 15.8638
1185 -2.27905
636 -7.46228
336 -11.5093
501 -9.32962
480 -10.4504
717 -6.505
376 -9.98325
645 -7.40082
1027 13.085
1205 4.74146
1182 -3.17175
937 18.8438
333 -11.5481
131 -34.6107
982 22.9779
908 -6.57062
558 -8.06799
826 -3.73993
698 -7.12927
178 -15.2562
1037 2.23438
539 -8.55994
958 13.1735
904 12.2314
971 -5.74237
261 -14.3866
959 9.83813
1203 -6.48572
584 -7.92365
1176 -6.1355
192 -14.929
969 14.8552
255 -14.2616
1187 -5.04175
374 -10.4258
192 -14.9513
331 -11.5716
579 -7.89563
621 -7.65881
972 -4.66272
866 -6.58771
1049 15.7922
449 -12.9798
921 -6.52045
512 -9.34131
600 -7.91046
352 -10.703
793 -6.13794
584 -7.92474
193 -14.8978
1098 -2.75122
1048 -9.00085
1023 2.17499
307 -12.4651
299 -12.3196
328 -11.8815
607 -7.82849
998 1.91559
860 -6.58002
683 -7.02362
298 -23.2493
8 -49.3944
329 -11.9188
1083 6.61633
648 -7.39569
781 -6.19061
1006 12.1005
1049 15.8645
1075 -0.259033
1009 24.563
958 21.3494
674 -7.25989
1231 10.6528
321 -16.8403
1142 8.58289
1040 20.6641
155 -16.0332
156 -32.186
583 -7.94983
955 16.5013
704 -7.01959
1182 -3.17175
305 -12.1923
1055 19.6816
196 -14.7387
1002 25.37
997 13.912
916 17.1131
1027 13.0858
1152 -8.74292
955 -5.09283
899 -6.29639
375 -10.9758
1004 23.4538
79 -18.2863
1060 22.713
1035 26.0026
428 -9.73273
958 21.3484
1182 -2.15198
933 6.79456
945 8.49457
600 -7.87488
1099 25.9415
211 -14.2059
680 -7.25006
278 -12.8623
683 -6.88171
1162 -9.86255
1184 -4.23083
951 6.08923
566 -8.02618
977 14.1562
524 -8.73267
570 -8.01538
646 -7.4444
321 -16.8249
266 -14.2074
627 -7.6405
661 -7.25549
917 3.74896
793 -6.13641
954 -5.12134
35 -26.0575
673 -7.07111
907 13.4549
907 13.4548
955 -5.08789
780 -6.56012
1180 -4.52649
600 -7.82251
742 -6.18323
1062 15.0929
563 -7.92743
914 -5.73743
1034 -4.7926
357 -10.1625
157 -15.746
192 -14.9511
621 -7.65845
621 -7.65851
1086 1.88635
1023 2.17474
618 -7.72235
1004 -0.098999
934 4.54736
1015 21.6676
512 -9.45627
1014 25.3643
823 -6.60675
1049 15.6794
1041 31.6344
1006 -4.67865
958 21.348
954 -5.09619
762 -6.59045
972 -4.75977
643 -7.27057
1027 2.02844
1182 -3.17175
643 -7.57861
1027 26.4642
1179 -3.17517
973 -4.72577
1019 -4.48328
933 6.79413
244 -13.6276
908 -6.5675
1066 -8.19543
584 -7.92395
1124 -2.83899
574 -7.88623
914 -5.73773
319 -11.913
966 13.8586
1063 -4.25623
157 -15.7457
575 -7.9848
922 7.96106
1042 22.8069
798 -4.91718
1072 -4.31665
1012 -4.65625
1018 22.3909
1030 1.77368
1141 -3.39868
796 -6.96112
965 -5.401
946 5.66992
976 8.52887
579 -7.95148
973 -4.74335
969 15.3582
678 -7.09235
941 -5.43353
717 -6.50433
1078 7.45776
772 -6.66193
1014 24.2596
812 -3.81354
990 -4.62738
244 -13.6471
1054 22.7938
157 -15.7997
569 -8.021
990 -4.62543
637 -7.56726
1066 20.5023
991 -4.64343
24 -72.36
1182 -3.17175
934 -6.54565
1098 -2.76575
516 -56.4555
924 8.32843
948 -6.82385
1021 22.4004
1027 2.02869
1083 6.61438
646 -7.41534
990 4.77563
1049 15.6791
679 -7.15985
955 16.4722
23 -73.299
683 -7.02356
1047 -9.00623
1083 6.61487
669 -7.18317
1060 13.6859
950 -6.47162
962 4.29291
16 -107.384
647 -7.57318
946 5.66522
584 -7.92383
1102 -4.5874
817 -6.63464
571 -7.98865
1036 26.0983
915 -4.96667
944 18.6714
1059 12.6846
141 -16.184
989 17.3312
1043 19.9395
238 -14.2175
1159 -2.46814
994 3.83405
982 22.9768
431 -9.45218
964 13.5867
367 -9.96921
1076 -3.12415
683 -7.02356
977 6.07672
610 -7.81488
1154 -5.77368
610 -7.815
798 -6.78296
424 -9.81918
1063 -4.25598
579 -7.96655
1199 13.3975
610 -7.81873
717 -6.50488
930 14.219
703 -3.60864
717 1.18756
680 -7.23016
547 -48.9941
1084 2.52222
614 -7.77576
511 -9.35168
683 -7.02356
1031 20.2112
933 6.79431
1228 -1.72754
1064 -8.27197
374 -10.423
1188 -5.01074
1024 22.1576
962 -7.0401
1041 24.824
590 -7.85449
943 1.0885
1049 22.7954
425 -9.80435
952 -5.36035
1182 -3.17175
1063 -4.2561
672 -7.15839
793 -6.13525
179 -15.2459
933 6.79474
211 -14.3152
958 21.3506
943 1.0882
335 -11.5138
937 18.5232
512 -9.13214
471 -45.916
154 -15.8595
785 -4.61475
139 -16.3819
1013 14.2271
229 -30.5847
473 -10.4788
786 -6.82336
1055 19.8386
974 7.06866
586 -7.93469
308 -21.4001
914 -5.73792
1090 -4.28613
969 13.4586
643 -7.58142
584 -7.92407
1200 13.2244
775 -6.63684
614 -7.77258
733 -6.50488
621 -7.74243
1016 22.7841
1017 4.29651
358 -10.1476
139 -16.3819
971 -4.78271
930 14.2206
286 -26.5643
591 -7.85846
998 13.9322
716 -6.44745
1185 -2.28003
716 -6.4469
745 -6.72791
1029 1.56274
653 -7.18793
683 -6.88165
982 -5.89453
584 -7.92419
958 21.3483
308 -12.0578
352 -10.6533
961 -5.47034
1187 -2.53772
964 20.8492
1017 22.5593
941 8.23291
641 -7.53662
1095 0.811646
810 -5.47095
1236 -2.87134
633 -7.60828
1028 -4.71423
944 -6.7608
1098 8.76465
923 7.22058
1213 -3.55347
512 -9.34106
960 -4.98541
973 -4.74268
984 14.3273
991 -4.64197
950 6.05432
137 -16.4919
772 -6.66187
1056 19.9904
602 -7.91595
946 -5.89392
290 -12.5504
945 8.49432
623 -7.66345
1027 13.0853
282 -12.4742
1199 13.3976
621 -8.85168
46 -91.8259
1184 -4.23193
944 18.6704
742 -6.62506
1082 25.7815
365 -9.95749
408 -10.3402
962 14.3776
242 -13.5889
1158 -3.71973
1004 23.454
598 -7.94318
501 -9.32959
1049 15.6775
569 -8.02332
501 -9.55212
1109 8.79309
958 21.3477
1016 24.3208
142 -16.0798
989 -7.19604
24 -26.3142
925 -6.55627
405 -10.4289
336 -11.5093
643 -7.51257
350 -10.7195
1048 15.7976
982 22.9793
997 -4.63965
971 21.9969
1032 26.6084
1109 8.79297
243 -14.2009
948 -6.70532
1076 -3.12354
860 -6.57465
975 15.423
971 21.0604
461 -11.5121
798 -6.28314
81 -17.9169
826 -3.74237
297 -23.4767
524 -8.73108
363 -10.0636
1063 22.0743
1023 22.3691
896 -6.48743
982 14.1041
565 -8.06476
539 -8.56366
933 6.79004
428 -9.65826
931 -2.23877
937 18.5229
907 10.5462
298 -24.2933
944 -6.51178
965 -5.10498
913 -9.77832
351 -11.6183
1231 -1.83276
914 -5.73883
938 4.8266
21 -67.9678
719 -6.79462
961 -5.47046
1044 -9.0199
907 -6.50244
660 -7.15613
1183 -3.21558
926 8.28351
916 17.1152
887 -1.2226
962 12.8013
997 13.9114
969 20.5845
969 14.955
192 -14.9509
304 -12.7949
813 -3.8454
1194 15.5834
494 -9.5563
374 -10.4229
955 -5.08813
1198 15.6057
997 13.9909
1025 1.57544
990 -4.62549
536 -8.08862
61 -18.7962
1159 -8.70532
351 -11.0968
584 -7.92462
1030 26.4841
1103 -4.60657
895 1.77155
950 6.03253
1041 31.5726
1234 -1.60815
1073 -3.24915
775 -6.60193
957 -4.91357
982 22.9756
811 -6.72577
1158 -5.14233
995 14.3227
376 -10.1244
1209 18.1536
982 22.9793
584 -7.92462
1107 -2.85437
1215 -3.18176
241 -14.0559
931 4.39996
1185 -2.28149
982 22.981
475 -10.4608
481 -8.91788
576 -7.97357
1080 7.5
562 -8.03973
35 -26.0577
479 -8.84766
910 10.9089
261 -14.4762
966 8.87793
282 -12.5266
914 -5.73798
341 -11.5848
650 -7.21118
703 -7.05701
592 -7.85651
850 -6.61224
45 -91.8619
1018 8.59766
592 -7.86517
1002 25.3716
1056 19.5399
896 -6.47668
683 -7.28375
894 -5.57709
1079 25.7091
936 17.6318
511 -9.4549
635 -7.24048
709 -6.53992
590 -7.92169
947 -5.25873
1213 -3.55701
328 -11.8702
479 -9.99191
1074 -5.40002
1203 -6.52649
608 -7.91278
1049 15.864
887 -6.7381
840 -3.18524
671 -7.1532
587 -7.88861
24 -26.5523
784 -6.95862
24 -26.5396
1167 -8.23303
958 21.5212
456 -11.6731
950 -6.47131
780 -6.56049
1011 -4.96954
977 14.1562
511 -9.36679
1213 -3.55237
194 -14.8356
741 -6.54431
424 -9.81931
1035 16.6904
598 -7.91632
998 17.7346
977 14.1563
976 8.52441
1104 -3.08362
1146 -4.09631
139 -16.3819
497 -8.70642
644 -7.31281
596 -7.93103
887 -1.22241
747 -6.57367
917 10.5015
349 -11.6447
673 -7.14343
976 -7.75354
608 -7.91315
993 24.9385
1027 13.0862
894 -5.5744
958 21.3493
982 22.981
895 -6.53119
1025 22.1238
595 -7.93652
951 6.25598
1149 21.4834
955 16.4645
328 -11.8832
1003 23.4721
992 -4.62628
933 6.79456
678 -7.26624
973 -4.74335
683 -6.88159
863 -6.76923
734 -6.73596
1006 18.6296
356 -10.2961
863 -6.74744
1160 -3.46399
956 13.8773
1154 26.9636
846 -6.69116
1027 13.0861
374 -10.9512
942 -6.604
661 -7.2431
1014 -4.72821
981 22.9429
874 -6.11389
646 -7.38568
586 -7.88745
930 9.3468
1010 -4.60632
955 -5.08789
1036 2.41492
1182 -3.17188
904 -0.749146
18 -29.1691
1083 6.61646
1016 21.7881
1002 -4.58197
910 7.1925
364 -10.9393
1098 -2.7489
961 -5.4704
960 12.5503
977 14.1563
638 -7.539
845 -6.67017
970 -4.72528
912 5.41211
1196 17.6747
676 -5.20648
905 -2.76123
193 -14.9243
1017 23.9115
964 8.94263
914 -6.44476
1042 22.8058
698 -7.0675
1049 15.7916
1169 -3.32422
925 15.0669
244 -14.0808
1236 -2.87207
796 -6.93219
1159 -3.4873
1102 -4.58728
741 -6.54572
1196 17.6748
633 -7.61951
637 -7.54791
1176 -6.13538
934 -6.54559
1027 13.085
1126 8.44238
705 -6.60425
719 -2.20624
982 14.1379
799 -4.10583
208 -14.4888
1163 19.8246
1134 -3.62646
623 -7.68994
694 -7.09326
983 -4.55652
479 -9.99176
874 -6.11414
784 -6.74261
21 -67.9643
1233 -1.71252
798 -6.78247
24 -26.3097
1042 22.8108
687 -7.16107
311 -21.3748
697 -7.01135
1199 13.3973
1027 13.0856
1162 -2.63208
683 -6.84344
986 14.1853
842 -6.61493
717 -6.60101
992 -4.62634
1235 -1.12622
1067 21.7518
1104 -3.07959
1162 20.119
927 15.1941
532 -8.16095
933 -6.42749
1229 -1.87207
971 19.9421
1013 24.9331
941 -5.55359
1029 2.24365
562 -8.03979
933 6.79388
628 -7.60211
1111 8.17529
963 -4.86157
732 -6.74896
279 -12.8961
1085 7.61816
628 -7.60205
424 -9.81912
892 -6.88867
1127 21.7635
1066 -4.42468
1069 20.3063
660 -7.15332
938 -6.8009
943 -5.35645
1029 2.24353
988 -4.55981
264 -14.3817
700 -7.03436
808 -6.86884
1200 -6.13623
950 -6.4715
780 -6.57312
962 -7.43982
965 20.3044
141 -16.184
794 -6.29492
961 -5.47015
535 -8.15515
492 -9.64078
1063 -3.27527
1132 -3.36987
156 -15.797
956 22.4079
849 -6.80878
798 -6.78284
261 -14.3866
421 -9.36243
933 6.79462
1025 22.1339
317 -11.9977
46 -26.2146
948 17.4362
1138 -3.63428
1188 -3.1178
916 17.1002
953 7.35364
1145 -3.36475
904 -0.750488
24 -26.5332
969 21.7352
1224 -3.47888
837 -6.79004
681 -7.04834
242 -13.6051
1181 -3.64636
1016 5.85577
781 -6.19073
14 -27.8697
1092 29.7677
61 -18.7955
927 -6.67798
1066 -3.26379
967 21.9247
1023 29.8431
1004 23.457
944 18.6714
1055 1.25732
194 -14.8356
680 -7.26208
1182 -3.17175
917 10.5043
580 -7.92279
963 19.1404
1003 23.4721
683 -7.02356
797 -6.80127
1024 1.89404
562 -8.06598
0 -30.0343
777 -6.61908
1167 -3.69519
882 -6.60535
1037 2.45776
1029 2.24353
664 -7.46832
972 -4.6543
944 18.6712
647 -7.59131
1045 2.02588
137 -16.4919
874 -6.11389
232 -13.8847
677 -7.18359
778 -6.55762
512 -9.34134
288 -12.4547
303 -24.8432
612 -7.80243
1196 17.6746
1027 13.085
961 -5.47021
157 -15.8008
875 -3.72913
930 14.2214
701 -6.95605
844 -6.7099
1050 -0.437256
1019 -4.45306
1205 0.92395
274 -14.6301
684 -7.15265
739 -6.65704
1070 7.02405
1200 13.2238
1041 31.6532
583 -7.94629
557 -8.06097
480 -8.9498
770 4.2204
948 -7.0863
925 0.443909
1187 18.6953
972 22.4269
818 -6.1554
985 5.99847
914 -6.44421
979 22.789
880 -6.67407
142 -16.1888
944 18.6716
645 -7.51312
1002 -4.61908
1104 -3.07996
941 19.4765
992 -4.65771
1025 22.129
428 -9.689
780 -6.57007
194 -14.8355
974 -4.75195
1154 26.9712
702 -7.04431
974 7.06873
230 -13.797
1027 13.0848
1021 22.9508
405 -10.4312
678 -7.26648
1114 -5.11682
985 4.80658
796 -6.95673
1089 3.14929
990 -4.62842
599 -7.82965
798 -6.28229
1067 6.53333
903 -6.53699
1009 5.22046
718 -6.46515
990 -4.62384
180 -15.2114
1070 -3.26147
28 -25.966
1124 -5.87561
1005 1.7182
539 -8.5625
797 -6.93469
1151 21.5132
972 -5.29102
598 -7.86884
854 -6.67023
955 -5.08997
742 -6.18298
687 -7.12964
956 13.3514
1003 23.4724
775 -6.63855
1023 2.17456
823 -5.56091
958 21.3499
698 -7.13995
665 -7.19806
930 14.221
772 -6.66235
1153 27.2338
1049 15.8641
772 -6.66199
1160 -2.54004
837 -6.79108
492 -8.79263
512 -9.34119
696 -6.97192
681 -7.17126
766 -6.04138
1175 -7.2937
1194 -3.04565
780 -6.56854
780 -6.57172
1076 7.26172
214 -14.893
990 -4.62738
807 -6.93121
818 1.16553
1098 -2.76514
23 -72.4872
998 1.9165
643 -7.42065
757 -6.5802
1180 -4.82947
1037 14.6681
197 -14.8476
636 -7.52014
930 -10.5565
512 -9.45496
962 8.78143
762 -7.00488
998 13.9323
1196 17.6744
823 -6.74969
297 -23.4706
636 -7.56769
621 -7.70135
666 -7.41803
586 -7.94226
731 -6.49084
1012 14.3084
683 -6.88159
1105 8.09485
914 -6.43512
587 -7.95544
872 -6.42694
907 13.4548
967 15.4086
961 -5.47314
739 -6.71838
1098 7.50867
739 -6.6571
974 14.9133
1115 8.81909
1041 20.2445
951 6.09521
945 -6.38635
369 -9.99954
318 -13.2655
979 22.7917
931 -2.23938
269 -14.0027
672 -7.22174
614 -7.77795
674 -7.25037
714 -6.80432
1024 22.1925
1049 15.6793
487 -8.82184
949 5.91608
985 22.3444
1095 8.07544
661 -7.2431
906 15.0535
837 -6.80084
1024 1.8916
606 -7.83862
276 -12.6684
142 -16.1884
716 -6.44763
902 -6.71002
414 -11.2748
827 -6.30426
990 22.9762
1112 -4.42957
628 -7.63953
673 -7.46423
6 -50.1284
1049 15.7917
1084 7.59802
179 -15.2894
1074 16.7568
578 -7.96143
750 -6.3609
739 -5.90002
1006 18.6311
613 -7.67725
1233 -1.71228
267 -16.3292
739 -6.6571
179 -15.2894
933 -10.3683
1049 -4.37122
716 -6.44678
641 -7.68719
977 -7.76819
823 -6.60767
156 -15.797
1008 7.88788
958 21.3524
591 -7.9729
880 -6.71118
571 -8.0899
479 -9.9913
1213 -3.37805
621 -7.65863
1156 27.5979
1003 23.4714
1149 26.8416
1104 -3.07996
956 -5.80524
1002 25.3629
1112 -4.42957
623 -7.66846
984 -5.16241
587 -8.052
896 -6.48846
1098 8.45288
650 -7.36554
798 -4.88641
959 -5.73108
821 4.82715
717 -6.60541
512 -9.45651
137 -16.4921
1002 25.3708
573 -8.03241
23 -39.2142
1092 29.7703
1004 -4.60156
874 -6.11182
914 -5.73798
1144 -3.3031
23 -67.922
621 -8.8479
1190 -3.15234
717 -6.61145
766 -6.0412
990 14.1946
1196 17.6744
555 -60.1971
1004 1.92316
256 -13.6727
291 -20.8068
79 -18.1986
703 -6.57495
1025 22.0491
142 -16.0771
885 -6.6532
863 -6.78705
701 -6.89685
1031 38.9783
944 18.6705
628 -7.60211
917 10.504
837 -6.79407
552 -9.92908
12 -56.5872
286 -26.695
933 6.55609
1046 2.02075
955 16.5015
179 -15.2467
1163 19.8953
1091 1.97717
715 -6.44507
966 22.8855
1067 6.53101
739 -6.71826
1061 14.3193
700 -7.00604
727 0.15332
748 -6.58185
1083 6.61365
944 -5.17365
973 -5.62769
758 -6.61346
1231 10.6472
982 14.1955
906 11.2842
632 -8.19128
1063 -4.25623
772 -6.66199
424 -9.81943
319 -21.034
661 -7.25848
975 4.92255
745 -6.57227
792 -6.29211
1063 -4.25623
240 -30.4575
1000 13.9369
544 -59.0304
717 -6.60413
405 -10.4287
616 -7.77545
798 -6.78259
513 -9.27466
1110 8.78101
982 -5.27112
844 -6.70978
61 -18.7956
745 -6.73059
1023 17.1732
1023 -4.78223
989 23.5483
822 -6.73175
858 -6.54559
683 -7.02344
955 -5.33765
975 4.92261
1087 -3.02649
621 -7.65918
989 17.3759
974 14.913
640 -7.65875
584 -7.98096
975 4.92285
1169 -3.36511
641 -7.29999
622 -7.68097
930 14.2213
704 -7.0174
454 -11.6601
1005 1.71759
1003 23.4726
1177 -3.2085
621 -7.66046
989 17.3799
261 -14.3867
1019 22.715
928 -6.70135
732 0.479614
902 10.5518
595 -7.88971
997 13.9114
799 -4.1167
955 -5.08972
646 -5.83728
1215 -7.86328
1076 7.46375
705 -6.56592
261 -14.3867
574 -8.39026
998 13.9399
998 21.9366
1083 -3.9845
1024 1.89111
1014 22.5404
777 -6.62048
757 -6.6557
1079 25.0189
141 -16.1845
9 -54.9645
891 -3.57245
1040 13.2961
711 -6.86243
1110 8.03894
712 -6.81104
1075 14.6973
650 -7.33264
642 -7.50104
998 1.91376
1046 -4.44495
990 -4.62714
512 -9.33136
950 -6.47107
352 -10.7031
909 -2.70844
977 14.1562
644 -7.41138
425 -8.89612
1049 -3.79077
820 1.42706
1027 13.0861
700 -6.91467
759 -6.67987
308 -21.3443
762 -7.00568
804 5.05212
211 -14.3156
1046 -3.98816
335 -11.6776
908 -10.4789
953 7.61639
837 -6.79071
997 13.9117
639 -7.33148
654 -7.30475
888 -3.51221
745 -6.7099
308 -12.0182
896 -6.47687
992 21.262
1108 -2.20984
930 14.2192
621 -7.65729
998 1.91327
1028 1.58276
977 14.1562
1099 25.9435
696 -6.97137
535 -8.453
647 -7.51044
915 5.46692
181 -15.0438
753 -5.55286
894 -5.57721
628 -7.60199
1099 25.9451
608 -7.91248
1192 -3.5459
477 -10.6283
399 -10.0243
35 -26.0589
323 -11.6639
944 18.6712
987 22.9526
798 -4.88654
914 -5.7384
825 -6.75696
965 14.1323
1171 -3.26013
717 -6.61041
958 21.3493
887 -5.62329
636 -7.41156
818 -6.14038
948 5.82056
693 -7.15302
687 -7.16376
1046 -4.15625
914 -5.73816
914 -6.44775
1163 20.0806
960 -5.68988
855 -5.75452
1109 -5.2605
943 20.1256
1033 -4.797
762 -6.58875
1030 1.76501
791 -6.36285
1165 12.1511
927 15.5932
971 19.3254
518 -8.72885
242 -13.6053
1041 31.5657
824 -6.74847
1058 -4.12598
1208 -1.32141
1203 -6.48401
1083 7.52832
1018 25.8806
1058 -4.1261
698 -6.93939
729 -6.46698
907 13.4545
335 -11.6776
926 3.94092
1109 7.46631
950 -6.47247
996 19.521
1172 -4.96094
1001 22.1865
1051 -3.91797
958 21.3497
590 -7.94678
972 -4.74414
950 -6.47144
159 -15.6986
261 -14.4763
837 -6.79114
908 -10.4764
776 0.293701
757 -6.58038
336 -11.5095
753 0.443176
684 -7.16486
1045 2.02563
591 -7.87018
407 -10.4563
1219 -3.23474
577 -7.9494
982 22.9764
860 -6.58014
1089 -2.88232
189 -14.937
728 -6.72809
1060 9.39807
1024 1.89148
973 15.3508
35 -26.0586
582 -7.96375
1224 -3.4502
1033 2.14807
1043 -3.59387
768 -2.81396
1038 13.936
946 -6.6424
819 -6.26746
1065 20.494
640 -6.30627
24 -26.5361
1051 -3.34509
1028 -4.71411
762 -1.96594
975 -5.19879
602 -7.82202
793 -6.13647
647 -7.54071
945 8.49512
819 -6.81702
942 -6.4397
794 5.98517
1215 -4.60864
684 -7.30872
282 -12.4748
811 -6.26471
860 -6.54462
972 -4.74225
914 -6.43372
1098 -2.76514
1177 -3.19763
1154 -8.73975
1096 8.37341
530 -8.20728
522 -8.8562
987 23.3679
683 -6.84723
1111 -2.84924
142 -16.0799
803 -6.26917
768 -2.81396
1176 -6.13489
0 -26.8136
993 14.4244
1027 13.0847
713 -6.87427
1059 20.673
989 17.382
1112 8.56042
820 -6.2951
991 14.1246
674 -7.42596
1167 -8.25525
959 8.63324
929 14.1326
933 6.79431
1007 -4.69824
1216 -1.68115
1159 -2.48914
1180 -6.16785
547 -51.4967
798 -6.78259
1076 -3.1228
424 -9.8194
192 -14.9487
949 -6.82556
930 14.2216
992 -4.6261
768 -6.09534
618 -7.73553
1044 18.6946
1041 25.6815
732 -6.51428
993 24.5958
7 -29.3405
338 -11.4429
1017 18.5376
1004 23.4539
1215 -3.50574
699 -2.16827
621 -8.85321
1080 -4.0564
1201 -4.06995
155 -32.272
717 1.16998
1104 -3.08435
1004 11.619
519 -10.5728
977 14.1562
987 22.7143
743 -5.99396
1026 22.6729
479 -8.84769
282 -25.9129
651 -7.54938
999 -7.46954
933 6.55286
1021 -4.80511
745 -6.73059
949 5.88434
852 -6.7287
346 -11.578
642 -7.45898
202 -14.6814
896 -6.48907
780 -6.56177
1077 -4.79114
25 -71.088
670 -7.31293
945 8.49414
805 5.13831
1063 11.85
1151 -2.58142
860 -6.57544
1081 7.06165
1168 -7.17883
972 21.8116
351 -10.536
307 -12.1935
1024 1.89136
46 -91.8334
988 22.6697
337 -11.549
661 -7.25891
606 -7.83862
1018 9.34631
23 -72.7947
949 13.3753
768 -6.80219
681 -7.17108
208 -14.489
709 -6.86749
947 -1.88538
683 -6.8454
229 -30.5847
914 -6.43427
24 -68.334
998 1.91272
738 0.312561
1010 4.3974
621 -8.85291
1082 7.5719
1098 -2.76501
667 -7.29285
238 -14.5461
19 -83.5654
1054 -4.17786
705 -6.5799
1017 -4.90417
958 14.3058
1017 25.7512
511 -9.43497
525 -8.88312
1098 -2.76477
1139 -7.90234
281 -12.4975
1019 23.3549
805 5.13843
892 13.2565
890 -6.02228
5 -49.9702
794 6.13599
742 -6.55988
718 -6.46423
552 -9.92706
46 -26.2044
797 -6.93921
982 22.9797
535 -8.19916
24 -26.307
944 18.6756
958 21.3492
1215 -7.86133
917 10.528
717 -6.60205
695 -2.39294
863 -6.74756
993 23.8463
444 -9.51581
895 -6.6731
910 -2.71924
718 -6.79272
1076 7.79297
1006 8.17188
14 -59.3095
59 -25.7109
1114 -2.90491
1009 10.0185
834 8.22211
854 -2.57355
1015 26.0835
169 -16.1711
591 -7.8587
21 -67.9758
9 -102.042
977 14.1562
683 -7.02362
1070 -3.26306
933 4.6344
904 5.45447
1152 -7.62976
1020 -4.43549
207 -15.9028
761 -5.29718
791 -6.92303
1012 14.3099
943 12.623
971 15.0208
336 -11.5093
968 15.4694
916 6.9201
1107 -4.23657
917 10.5074
646 -5.83826
717 1.16357
720 -0.716431
927 -6.67877
432 -8.95264
583 -7.94354
798 -6.28552
45 -20.6858
756 -6.60083
739 -6.65704
351 -10.5508
1225 -3.42212
1009 22.5709
837 -6.79004
844 -6.71277
1097 7.85083
966 -4.83411
782 -5.0094
647 -7.4632
874 -6.11395
582 -7.95825
985 13.8825
1196 17.6752
1165 -6.67834
780 -6.57324
863 -6.78711
57 -25.8171
24 -26.5568
1232 -1.80981
1038 13.1403
213 -15.0324
1068 7.172
777 -6.6192
935 10.1732
885 -6.56274
842 -6.61981
948 17.7901
811 -6.7218
1033 16.2632
1182 -3.17188
985 17.2797
10 -57.1954
1004 11.6205
985 22.3467
46 -26.2171
863 -6.77576
783 -6.50604
797 -6.93872
716 -6.44769
608 -7.91248
968 14.8987
1078 7.48169
1020 1.79535
24 -26.5384
673 -7.11304
894 -5.57733
981 -5.30566
1130 -2.9917
1188 15.278
1042 12.2001
955 16.4689
207 -14.5048
781 -6.19159
939 8.11176
766 -6.0412
782 -5.29028
722 -6.46539
976 18.4236
961 8.09332
660 -7.51727
990 14.2579
991 -4.64062
683 -7.02362
903 -6.50055
990 -4.62781
306 -12.0024
914 -5.73712
596 -7.89648
282 -12.4761
1004 11.6188
608 -7.91309
1005 14.3292
908 12.2063
308 -21.4515
528 -8.61462
908 -10.4778
570 -8.0387
888 -6.13818
955 16.4993
791 -4.40906
420 -9.76337
230 -13.8937
1032 14.0024
965 13.849
683 -6.88159
1025 22.0514
573 -7.89978
990 14.4606
1096 8.59717
842 -6.61548
1051 -0.501953
564 -8.05225
698 -6.96423
45 -91.8525
1076 8.52051
928 -6.57544
958 21.3489
1103 -2.90637
944 18.6773
797 -6.32068
733 -6.63397
24 -26.5388
707 -6.96265
968 -4.64258
944 18.6764
930 14.2517
1129 -2.93542
281 -12.6323
282 -12.475
767 -3.07025
872 -6.30603
1041 31.5657
79 -18.2853
1066 -8.19568
1025 22.1415
723 -6.90485
717 0.96991
796 -6.93213
261 -27.7733
1110 8.7478
1004 11.6188
775 -6.60077
35 -26.0578
896 -6.48553
1003 23.4721
885 -5.79016
963 -5.48126
1015 26.0073
914 -6.43799
699 -6.93079
976 13.7499
695 -7.03448
876 -6.6955
867 -6.54968
1048 1.41455
48 -26.0222
1066 -3.23706
955 16.5015
699 -6.93384
1228 -3.25244
1033 23.7797
719 0.132019
400 -10.006
772 -6.60657
510 -9.23141
717 -6.50494
1079 18.4651
639 -7.33081
1006 18.6223
179 -15.3255
958 21.352
78 -18.7166
1225 -3.40833
1072 -3.25208
287 -26.6155
797 -6.94989
1096 -3.4176
1028 9.15796
972 -4.74597
867 -5.8725
725 -0.814209
369 -10.5501
716 -6.44684
769 4.20447
890 13.226
26 -82.0075
1074 7.38635
424 -9.81912
716 -6.44769
46 -91.7766
479 -9.99136
980 -4.65851
963 -5.45837
352 -10.7033
769 4.0495
717 -6.80975
972 -4.7597
628 -7.60199
966 9.00049
963 18.4932
1099 7.86597
958 21.349
26 -25.5791
988 14.5336
966 9.01691
1098 -2.76514
1030 18.089
930 14.2211
762 -1.96008
714 -6.43634
228 -13.8167
964 18.2089
845 -4.71753
652 -7.28638
965 -5.56689
202 -14.6815
958 21.3483
1160 -3.53137
1001 -7.95978
939 -10.2944
1048 -9.00073
1035 2.34155
510 -8.98434
931 14.5481
829 -0.3703
962 14.2523
664 -4.49512
1199 13.3975
1065 -3.28601
837 -6.79321
1195 -3.00183
1138 -7.26538
780 -6.5733
1027 13.0859
780 -6.56573
1167 -3.38745
1058 11.1771
904 11.0287
1232 -1.86536
691 -7.16156
992 14.3712
825 -6.73669
810 -6.29779
1081 -3.18042
1176 -6.13538
1213 -3.55249
281 -12.6328
768 4.13092
1225 -3.42236
86 -17.8839
1149 -2.94543
696 -7.16321
1097 8.54065
814 -6.84924
944 -6.77106
1163 -3.58069
753 0.443237
1065 -3.1709
933 18.4654
676 -5.37988
1058 -4.12634
323 -20.9417
784 4.39221
977 14.1564
696 -6.95129
1065 11.3588
274 -12.7263
914 -6.08905
1116 -2.73657
624 -7.5434
510 -8.97522
1087 -2.92285
598 -7.93719
1049 15.679
1234 -1.13098
1045 21.1642
1061 16.1152
1159 -2.49194
736 -4.88434
385 -9.71722
1077 -4.27344
809 -4.89514
742 -6.55585
1133 -3.6073
704 17.2096
906 -6.55884
701 -6.96539
695 -6.80103
648 -6.04462
698 -6.9809
1085 7.70129
896 -6.47656
928 16.0114
706 -6.92657
793 4.14978
1111 -2.83557
1056 -4.11938
707 -6.97675
860 -6.54431
277 -13.0055
780 -6.56866
255 -13.3338
762 -6.59393
941 8.23022
607 -7.85553
1051 -3.2821
726 -6.90686
490 -8.87009
685 -1.547
885 -5.80743
963 13.5308
852 -5.69135
634 -7.60779
1177 -3.1908
1102 7.93066
930 14.2191
722 -6.42395
923 3.7439
1106 -2.75195
728 -7.01196
951 -5.87262
667 -7.44073
1002 25.3619
776 0.295471
61 -18.7956
252 -13.2609
1161 -8.22876
1025 1.62341
274 -14.6305
898 10.3957
981 15.1917
966 15.5927
813 -6.82239
1006 18.629
519 -9.25388
1017 -4.49664
597 -7.94385
747 -11.6838
933 7.98718
1180 -6.30432
712 -6.45447
1058 -8.29846
1236 -2.87354
575 -7.93994
682 -7.24225
160 -15.6575
697 -6.93469
969 -4.75061
697 -2.34436
1103 -2.90515
701 -6.96722
15 -27.6014
812 -6.86353
865 -3.82135
1094 -4.12317
1140 -7.37659
984 -5.16248
1101 8.64026
840 -6.66162
859 -6.30975
955 -5.08978
1071 12.5106
938 -6.57452
585 -8.05261
625 -7.65479
10 -54.9774
951 13.56
959 -7.56702
1130 -3.32239
1017 49.6293
549 -60.4538
598 -7.83276
59 -25.6299
1127 8.91504
894 -5.57434
708 -2.5777
307 -12.1935
640 -7.57568
503 -9.54617
894 -5.6792
646 -5.83929
426 -9.59958
697 -6.96857
905 -5.62317
770 -6.59003
732 -6.17053
704 -6.48938
1046 -4.27063
1071 -3.27222
997 13.911
456 -11.6698
860 -6.67584
479 -8.84772
998 1.91425
730 -6.72235
977 19.6583
885 -5.79358
1048 -4.30713
21 -29.4902
1183 -3.17627
698 -6.93506
5 -34.7489
950 -6.46881
1022 2.13055
1065 -3.28503
908 -6.55212
1117 -2.92859
952 21.0281
665 -2.42126
1066 -8.19568
735 -6.92114
1138 -2.64429
94 -18.0026
796 -6.96277
1178 -6.16833
1083 9.24817
944 18.6761
982 22.9781
596 -7.82172
767 -3.08453
935 -6.26703
961 -5.5733
719 -2.20605
1192 -3.11194
945 6.83801
123 -16.7931
1073 12.9878
713 -6.79877
1103 -2.90503
1040 10.559
917 10.5236
896 -6.6709
726 -6.38727
29 -75.7548
697 -7.02222
1185 -2.28076
1212 -7.1499
23 -39.2664
682 -7.23187
955 16.4639
181 -15.2119
952 -6.8147
217 -15.2067
42 -19.3035
1080 7.52222
719 0.129578
839 -6.21954
998 1.91473
899 8.24915
1069 15.7954
879 -3.60901
914 -5.73804
896 -6.47681
948 -6.67523
21 -67.9644
739 -6.56952
762 -2.64691
274 -14.629
1073 6.59265
24 -26.3092
713 -6.81091
1068 7.17151
23 -39.2474
745 -6.72974
282 -12.4763
232 -29.0011
1166 -3.40051
1164 17.9507
1028 -4.71399
402 -14.8707
728 -6.71912
697 -6.96521
45 -20.6861
937 -5.93616
966 13.7278
962 -7.43945
1004 11.6191
490 -8.9458
965 -6.01276
1029 -4.65942
925 -6.5567
689 -7.15814
571 -71.28
1003 23.4741
1157 -6.45178
691 -7.16266
1078 10.0168
798 -6.27911
1084 11.2555
989 17.3784
1159 -3.49622
835 -4.89374
1107 -2.87085
1032 2.36255
737 -6.59064
79 -18.2863
813 6.6626
159 -15.6978
687 -7.2298
1101 9.02161
815 -6.85083
936 9.55347
717 1.17377
674 -7.40704
943 15.6182
769 -6.70654
876 -6.60016
883 -6.61993
780 -6.57373
797 -6.79407
769 4.03735
3 -49.5971
790 2.16376
938 -5.90717
703 -6.69104
912 3.4873
65 -21.2976
757 -6.58044
732 -6.24213
726 -7.0174
1012 1.85205
659 -7.52155
914 -6.43146
518 -8.50964
1057 9.14075
744 -6.08228
705 -7.06189
683 -6.84344
261 -14.4762
730 -6.25195
24 -26.5292
731 -0.0586548
746 -2.48315
958 17.9021
704 -6.89465
833 -6.18518
817 -6.75006
987 5.1012
1104 8.65466
377 -10.8775
550 -8.05145
1012 12.2126
723 -3.09839
684 -7.31842
683 -6.88153
1024 1.89172
815 -6.85126
977 22.7407
834 -6.1665
945 8.49469
698 -7.073
45 -20.6856
951 -5.61072
282 -12.5233
70 -19.3133
1153 -4.91785
990 14.9278
567 -8.01031
1030 1.76208
872 -6.57294
584 -7.90149
798 -4.88666
581 -7.92102
791 -6.92621
717 -6.505
962 14.4137
1165 -3.62317
402 -14.8712
725 -6.99683
529 -8.18115
971 -5.43451
1099 -2.97021
931 -10.3304
907 -5.91974
1202 -6.50488
717 1.17297
715 -6.79572
777 -6.62207
964 -4.94336
589 -7.84308
701 -6.86163
327 -21.2073
1004 -5.13849
1042 -4.33154
1029 2.24365
982 22.9813
989 17.3776
818 -6.14197
775 -6.63916
1095 8.15332
717 -6.60974
1130 -3.29675
1132 -3.37012
263 9.03772
22 -26.8103
917 -5.76208
1020 18.5334
308 -12.2215
955 16.4644
688 -7.1936
608 -7.91241
479 -8.8476
930 -6.80444
941 15.1244
646 -5.83978
968 -4.65106
781 -6.19086
1012 14.3087
995 -6.60046
989 17.3757
762 -6.58948
702 -7.1192
743 -5.99365
1165 -3.44202
492 -8.79218
1083 9.12549
950 -6.4726
261 -14.3868
1040 10.1565
23 -72.8685
798 -6.27637
798 -6.27667
1098 -2.76489
1041 2.61487
1015 1.90247
603 -102.758
929 14.2112
1148 -3.06384
684 -2.77142
687 -3.3844
1050 -0.436768
17 -67.245
1159 -8.70105
1050 -0.447144
582 -7.987
999 22.3407
695 -7.14777
739 -6.65704
1183 -3.17639
636 -7.61353
860 -6.54437
1067 17.9104
993 4.62781
261 -14.3866
977 13.6745
962 -7.43988
1096 -3.4375
955 -5.08984
950 -6.47284
274 -14.6298
1107 -2.86548
986 22.477
1028 -4.71411
799 -6.96826
958 -5.73688
956 4.18243
1101 -3.22302
1072 18.0088
971 13.4056
917 8.71063
157 -32.1993
917 10.5041
988 14.3853
955 -5.0896
307 -21.7334
1051 -4.07031
674 -3.23926
976 8.51447
753 0.44342
942 13.8352
823 -6.73608
217 -15.2068
813 -6.67859
1154 -3.80835
751 -5.85175
19 -83.5847
1154 -3.80701
1029 20.8452
950 -6.4715
1142 -4.00208
944 17.1875
961 -5.47046
1050 -0.449829
24 -26.541
260 -14.0644
1210 0.122437
1041 31.6538
958 21.3519
989 5.49823
896 -6.47668
571 -70.8414
321 -16.8366
750 -6.05878
1165 12.1512
260 -14.5104
281 -12.6329
679 -7.30927
480 -87.5391
914 -5.73822
769 4.03815
272 -13.6729
1063 19.4636
775 -6.84448
874 -6.11548
703 -6.95898
769 4.03467
35 -26.0583
1130 -3.30969
583 -7.89941
779 -6.54254
1049 11.9036
1052 -4.30957
593 -7.94122
1003 -4.61383
947 -5.67706
169 -15.3399
1006 18.6218
136 1.58421
695 -6.78473
717 -6.55493
955 -5.08594
23 -39.2394
1154 -3.90112
1035 2.38245
1165 -2.91016
878 -5.87122
522 -8.29913
841 3.41174
1223 -1.75244
932 16.213
22 -24.8971
694 -2.59253
226 -35.5924
229 -30.5845
1086 -3.96472
728 -6.5495
716 -6.44739
797 -6.9342
594 -7.91663
261 -14.3867
510 -8.96982
1089 7.99951
995 12.4504
1106 -3.16675
70 -24.8893
682 -7.19019
969 22.0911
815 -6.84924
837 -6.79364
874 -6.11554
704 -6.50293
1169 17.9912
440 -8.85217
4 -26.247
711 -6.98907
1117 8.76562
1085 -3.39709
968 18.7455
717 -6.6051
1128 -2.7511
955 -5.09003
1064 14.6277
959 -7.56708
1078 -3.12268
1110 8.76636
698 -7.05145
606 -7.83868
706 -6.50787
894 -6.0213
821 -6.77185
923 -6.44714
547 -8.0672
795 -5.96826
947 -5.56952
891 -6.56952
1139 -3.16602
1237 -1.58252
986 22.4806
1098 -2.75146
691 -7.15649
613 -7.80621
600 -7.89575
935 -6.18903
1017 -4.44342
976 14.2776
261 -14.4765
958 21.3491
785 5.06653
686 -7.1806
739 -6.6571
1048 -9.01074
813 -6.85413
9 -98.0148
1098 8.66394
573 -7.89948
1101 8.60803
86 -17.9273
1187 -2.53711
152 -15.9081
890 -6.58221
317 -12.2115
809 -6.84973
1095 9.52893
207 -14.5049
1082 -4.60559
955 -5.08899
1034 26.5836
537 -8.06207
955 -5.0882
966 19.1948
955 -5.08783
879 -6.30542
683 -6.84314
818 -6.15662
277 -12.7547
761 -6.9751
802 -6.36151
490 -10.8462
1012 14.3087
812 -6.25806
1143 -4.02979
929 18.4511
664 -4.4928
1199 -3.06836
754 -6.53735
974 15.2315
608 -7.91235
936 -6.29785
815 -6.8985
942 -2.04907
1084 -3.38208
1029 39.6879
984 -5.16217
1076 -3.12378
815 -6.2818
888 -6.53607
529 -8.19415
890 -6.53809
950 -6.47296
923 16.8768
603 -102.803
974 17.6441
735 -6.46326
1107 -2.86768
621 -8.85107
759 -6.6236
985 -4.52185
717 1.2757
933 6.55585
622 -7.73346
867 -6.54962
989 17.3873
945 15.928
977 14.1569
717 1.17523
6 -98.6879
958 21.3484
894 -5.57733
22 -69.8212
1070 7.0249
1101 -2.75244
708 -2.59479
263 -14.543
1076 -3.12476
1094 -2.82874
970 22.9427
1072 14.1735
1231 10.6539
1050 14.1893
816 1.09613
852 -6.65515
828 6.85699
689 -7.14868
720 -6.80359
258 -14.5122
970 13.985
925 -6.0401
752 -6.67688
1086 -3.06689
796 0.767761
979 15.9524
718 0.842468
954 14.7237
1003 11.4601
524 -8.73334
1147 -3.63428
541 -9.96704
976 14.2013
1051 -2.45728
944 -6.76031
1028 -4.71411
1006 18.6202
124 -16.6378
507 -9.03198
671 -5.60394
1089 -3.03992
844 -6.71313
842 -4.98669
986 14.0783
837 -6.63812
837 -6.79181
858 -6.3432
5 -47.7148
981 -5.30304
1228 -1.94275
989 14.174
297 -12.5467
538 -8.13135
24 -26.3096
972 -4.7597
261 -14.3867
661 -7.25995
1038 2.32617
932 15.0159
1117 -2.84692
797 -6.93439
918 -6.76282
755 -6.07074
683 -7.02356
1069 -3.12085
962 -7.43988
731 -6.36926
671 -7.47888
1036 24.8141
1158 27.0006
844 -6.71295
715 -6.93945
914 -6.43585
1154 27.3004
1099 -2.78967
863 -6.78717
892 -6.88861
804 5.07648
697 -7.01599
350 -10.9746
1034 -4.79224
518 -9.25061
1223 -1.73706
676 -7.22369
1143 -3.46863
703 -6.54834
1034 -4.7926
1049 15.6119
781 -6.77496
1033 18.1995
991 14.3381
957 2.56683
1024 22.1989
810 -6.24933
968 -7.18225
935 -6.49133
1013 14.2275
733 0.639221
1013 14.2274
718 -0.563354
1098 -2.94751
276 -12.6934
798 -6.78265
840 -6.63385
1061 -8.2002
887 -6.01593
722 -6.75
1067 -4.37158
702 -6.6748
793 5.62476
784 4.86755
736 -6.02667
292 -12.4358
1017 13.1233
322 -11.5534
999 13.8523
886 -6.29846
1069 -3.12036
944 18.6711
780 -6.57349
586 -8.00134
798 -6.27747
809 -6.19299
589 -58.1556
637 -7.57452
738 0.47821
1213 14.0371
899 -6.56183
42 -19.3041
894 -5.57721
962 -5.68787
1020 18.8102
853 -4.25891
844 -6.71277
1038 10.9481
801 6.21667
1225 -3.42261
1167 -6.04895
266 -12.9874
837 -6.79059
837 -6.78906
1048 10.1997
916 17.1182
794 -6.4588
1114 -2.90515
788 -6.48346
2 -92.1583
718 -6.46423
798 -4.88672
1034 -4.7926
705 -6.94592
769 4.03833
292 -12.657
986 -7.09619
493 -8.54745
1066 -3.23071
769 4.04486
880 -6.1369
1050 1.28052
391 -11.3171
1033 33.8795
601 -93.6804
842 -6.61462
1076 -3.12329
1130 -3.32214
884 -6.27185
621 -8.86707
1213 -3.37854
338 -11.4428
840 -6.63055
729 -6.39093
689 -3.18439
972 -5.25476
981 -5.26477
1068 11.7439
746 -6.59015
950 -6.47089
1034 2.34729
945 5.64563
923 16.6884
1074 10.2098
702 -7.08209
46 -26.2113
817 -6.70001
773 -6.56061
918 14.7366
46 -26.2118
704 -7.00214
1076 -3.12476
517 -9.24548
891 -6.71472
695 -7.03088
773 -6.02051
894 -6.55011
796 -6.97278
972 22.3611
16 -27.6163
728 -6.73456
42 -19.3034
321 -11.5286
959 11.4312
1069 22.9752
124 -16.7521
855 -5.61847
716 -6.44696
1200 -6.29492
79 -18.2862
1014 1.8833
729 -6.67267
1085 -3.77417
785 -6.53522
928 17.1545
1053 -3.73193
1051 -3.84302
730 -6.33252
529 -8.19952
984 14.5826
1013 24.933
1136 -3.60107
813 -6.82233
669 -7.35083
1145 22.6284
797 -6.43512
997 -5.04688
782 -6.36243
824 -6.68896
964 -7.15723
944 18.6767
1018 25.8685
414 -11.2748
1119 -2.81921
1196 -1.67346
825 -6.75745
959 -4.90674
825 13.4506
934 -6.3783
1130 -3.32336
1003 23.4724
896 10.4595
124 -16.7522
308 -12.1953
65 -21.299
1028 -4.71399
1070 10.129
886 -6.29742
642 -7.56732
894 -5.57831
687 -3.26648
962 -7.43964
704 -4.97125
583 -7.88159
731 -6.41083
708 -2.59106
1109 8.79297
957 -5.67426
896 -6.47791
945 -6.62994
811 -6.83496
1041 31.5698
717 -6.50494
1066 31.6852
837 -6.79004
1213 -3.37805
683 -7.02356
955 22.2383
962 -7.43921
17 -67.0942
1111 -2.84937
780 -6.5589
796 -6.96863
835 -6.69556
805 5.15601
1044 23.7047
480 -10.4809
86 -17.939
1140 -2.92444
23 -39.2176
1048 11.2739
738 -6.58142
779 -5.74817
749 -2.5202
766 0.1875
1093 31.994
739 -6.65704
777 -5.97552
714 -6.78607
888 -6.54059
815 5.21136
929 17.1552
933 6.55304
1053 21.149
875 -6.63055
1154 26.4642
284 -25.7754
1079 -3.09558
1017 25.7127
745 -6.71277
1122 -2.93872
762 -6.71643
857 -3.98676
24 -72.6691
1150 -8.55066
891 -6.71106
696 -7.1637
657 -5.65314
905 3.54785
539 -56.4212
1153 -3.14917
1034 19.816
694 -6.81476
1090 -3.55542
970 22.0831
944 10.1864
607 -7.82214
896 -6.47791
92 -17.914
691 -1.23492
807 -6.28748
5 -50.2536
571 -70.9494
1230 -7.10486
715 -6.79382
258 -13.2408
781 -6.19092
717 -0.924133
1104 -2.75085
44 -26.0115
958 5.44208
818 -6.15643
835 -6.20343
607 -7.82135
867 -6.54968
660 0.0117798
717 -6.61487
728 -6.28949
1084 -3.07593
1006 24.2015
1134 -3.62634
591 -86.0516
762 -6.58893
1006 18.6226
728 -6.53162
798 -4.94049
1017 2.20947
950 -6.47095
818 -6.14197
645 -7.59283
972 15.0968
1014 28.2903
1101 -3.18616
827 -6.29718
750 -6.04297
901 -6.48267
958 21.3514
661 -7.25836
1224 -3.40027
1028 -4.71387
548 -80.3291
1182 -3.17188
818 -6.15631
707 -6.49701
541 -42.7139
683 -6.8432
771 -6.70251
895 9.94745
13 -35.153
739 -6.6571
901 -6.65216
289 -12.6115
1104 -3.08423
750 -6.02576
1212 14.0625
844 -6.71271
90 -18.0354
877 -6.61176
1052 -4.17285
1225 -3.42175
818 -6.15607
762 -6.58868
1134 -3.62451
708 -6.49567
958 4.83032
718 -6.46454
637 -6.51666
1063 11.536
747 -6.60046
348 -11.5909
1050 -0.569702
692 -2.59174
490 -8.96075
79 -18.1985
1096 -3.68335
1 -32.3782
1223 -3.40686
968 15.4695
972 -4.66565
829 -0.371887
703 -6.65674
537 -8.07672
798 -6.78278
963 8.76477
1093 -4.28906
739 0.287537
1065 11.5226
1162 20.1067
1024 21.3311
800 -5.84589
1066 9.85364
1110 -3.1886
1165 -2.9093
1002 2.11536
1028 13.9147
739 -6.6571
596 -7.87152
344 -11.5919
677 -7.05029
494 24.6247
798 -6.78198
816 -6.19391
593 -7.89557
829 -0.368286
811 -6.79602
997 13.1284
965 14.6602
1096 8.37341
269 -13.4996
139 -16.3458
955 -5.08826
717 -6.61255
938 19.1985
925 -6.55652
1047 -9.00574
852 -6.6593
863 -6.78809
1047 -3.42578
846 -6.58777
601 -93.6554
856 -6.69641
985 22.3459
717 -6.61066
931 17.5156
768 4.12384
992 -4.65948
936 -10.3622
829 -0.371704
6 -31.054
811 -6.33038
875 -6.26044
307 -12.0586
1049 15.8638
686 -7.18176
932 18.331
814 -6.2179
1179 -3.13159
784 -6.96667
177 -15.2954
526 -8.23718
139 -16.3458
818 -6.14081
1186 19.9692
1022 2.06055
923 14.5125
748 -6.69763
1104 -3.08069
290 -12.5469
975 21.2953
679 -4.93701
1047 -3.90552
16 -62.5598
61 -18.7959
1024 15.9633
1042 22.8107
26 -82.0075
917 10.5155
155 -15.8138
1042 22.8108
708 -2.59045
925 0.44458
998 1.91382
231 -13.6699
23 -39.2934
906 10.7909
1200 -3.19641
647 -5.83936
944 18.6766
834 -6.68884
762 -1.95746
1055 -8.42883
945 8.49408
516 -56.9244
492 -8.78748
661 -7.24323
998 14.0486
683 -6.84314
931 17.6298
23 -72.9748
943 -5.46411
1055 -8.41321
431 -9.45218
658 -7.52783
908 -6.56635
1169 -5.17798
530 -8.20715
127 -16.5129
731 -6.40942
717 -6.60504
844 -6.71021
716 -6.44739
1102 -4.58704
1045 -3.88477
892 -6.54828
261 -14.3867
442 -9.0751
1000 14.1144
1158 -5.13916
844 -6.71027
742 -6.13629
1123 -5.04285
683 -4.58148
982 22.9803
1079 20.3986
1027 2.02844
934 8.88684
1012 12.5154
437 -9.44846
626 -7.53253
258 -13.2345
573 -7.89954
796 -6.97101
1089 25.7772
210 -14.3262
1042 22.8069
813 4.34052
131 -34.6107
1083 6.61536
917 10.5042
1234 -3.13208
1067 11.4569
1024 1.89148
669 -7.3208
1192 13.7419
8 -53.1419
555 -51.0149
914 -5.73822
46 -26.2095
46 -26.2123
499 -10.389
821 -6.71979
1114 -2.90503
729 -6.43701
1063 -8.18494
1225 -3.42236
1199 -2.90356
726 -6.90131
897 -6.55219
896 -6.63672
1053 -3.75513
501 -9.01889
794 6.05054
805 6.40179
1024 2.0979
730 -2.12585
664 -7.39661
807 6.12756
1057 14.4746
350 -16.6741
914 -5.73785
787 -6.78076
716 -6.44739
349 -11.0819
1026 -4.73724
739 -6.6571
1045 2.24231
858 -6.66998
1066 -3.24414
1003 23.4724
1197 -3.08215
954 -5.11633
1114 -2.90515
783 -6.88733
736 0.87262
810 3.74329
826 -6.69055
684 -7.18903
1067 12.778
775 -6.63208
780 -6.56879
1003 11.4612
729 -6.38458
1101 -3.71667
1098 -2.76697
479 -9.99164
966 14.9711
927 -6.67804
928 -6.54376
717 1.16589
748 -6.06555
916 7.86713
740 -6.07928
1003 11.4614
1107 -5.16296
523 -9.18359
1058 21.4457
494 24.6055
136 1.58415
782 3.47363
711 -7.00903
524 -8.73334
528 -59.8153
1053 19.5035
1 -49.5186
757 -6.58014
1130 -3.32129
646 -5.83771
311 -21.2454
899 7.64642
1115 -3.18384
269 -14.0029
828 6.85675
1102 -4.58716
1187 18.6947
1209 18.1534
19 78.792
61 -18.7887
729 -6.32013
750 -6.00171
938 -6.79803
995 14.5025
930 14.2216
839 8.93903
80 -18.0186
700 -6.74841
1048 -4.13293
1078 10.0172
1184 -4.23047
1067 10.6979
798 -6.78326
1074 10.2106
1051 10.203
1152 -3.53796
1006 18.6289
740 -6.58191
1066 14.6561
844 -6.71277
1010 1.74493
651 -7.54407
1110 -2.66943
816 -5.5094
776 0.286194
930 -6.80511
1032 -4.20618
712 -6.77136
1011 8.47784
782 -5.00452
734 -11.4693
863 -6.78699
818 -6.15643
1125 -4.4801
1006 18.6205
689 -7.11719
940 -6.7619
1006 18.6241
762 -2.59692
699 -6.96857
936 -6.742
1097 -2.7981
982 22.9755
1035 2.36243
729 -6.36182
1067 -3.27771
180 -15.0986
639 -7.6073
1063 -4.27478
925 -6.62469
733 -6.85132
651 -7.54437
1112 -4.43005
776 0.314514
296 -12.5182
522 -8.36462
737 1.06677
805 5.13861
888 -6.74951
1169 27.5905
1005 -4.7442
717 -6.61444
722 -6.43854
479 -10.8411
985 14.1691
1067 6.56238
700 -6.80371
863 -6.78864
685 -2.4682
642 -7.54315
736 -6.52539
1159 -3.49084
693 -7.1322
731 -0.148315
1069 -3.12085
968 -7.2149
975 4.92261
798 -4.88672
179 -15.2465
782 4.68463
742 -6.7337
960 8.54547
808 4.65234
516 -56.9133
20 -27.4319
569 -8.07159
1046 1.18042
1032 -4.20679
621 -7.66144
324 -11.6425
1114 -2.90491
968 21.3497
964 -6.47418
1091 -2.91724
1147 -3.35645
282 -12.5237
271 -16.002
176 -15.347
708 -2.59253
761 4.2196
495 -8.93594
1049 15.677
330 -11.5202
524 -49.644
1050 -0.440308
762 -2.28198
842 -6.60767
729 -6.43396
684 -4.52338
699 60.0062
763 -6.84277
805 5.13873
721 -6.45544
699 -6.98547
733 -0.00323486
707 -1.40051
720 -6.90454
325 -11.5495
508 -9.21307
328 -11.504
892 -6.61334
827 -6.71448
717 -6.60431
570 -8.0708
988 14.4211
264 -14.3814
739 -6.65704
1114 -2.92017
527 -8.21387
704 -6.55042
715 -6.79626
90 -18.2191
1181 -4.75757
877 -6.68976
607 -7.82208
649 -7.41217
431 -9.45206
742 -4.84381
1026 -4.47882
405 -10.6224
1199 -2.84839
601 -93.3225
1103 -2.90515
698 0.32019
961 -5.45514
431 -9.45224
958 20.6069
1103 -2.90601
335 -11.4017
1239 -1.70496
1142 -3.10657
934 18.3071
936 -6.14801
264 -14.3816
705 -6.66077
700 -7.01819
1063 -4.25647
446 -11.9619
1096 -3.43762
1029 2.24353
628 -7.60211
365 -9.95718
1087 -3.90942
590 -65.9401
915 -6.78845
962 -7.43945
1216 -1.68042
410 -9.70605
1000 5.76337
1157 -9.10571
930 -6.80444
1204 -3.2168
454 -9.06927
717 1.27722
1015 1.60645
884 -6.72955
566 -9.41632
762 -2.32214
1173 -3.23645
603 -9.11523
790 2.16351
46 -26.2077
961 -4.96002
124 -16.8284
798 -0.16748
1051 -3.82751
966 20.1871
493 -9.25116
222 -30.5992
1116 -2.92383
292 -12.6524
1117 8.76379
557 -55.1073
1046 -3.01636
255 -14.2621
1033 -4.78381
720 -6.92993
968 16.6716
78 -18.7177
35 -26.0576
1049 15.792
756 1.7525
798 -4.8866
767 -3.08337
1104 8.99756
643 -7.39624
1030 -4.32202
1154 -3.55396
928 18.0266
1158 -5.14209
6 -99.11
1145 -3.40466
1100 -3.24731
1071 13.5856
1070 7.02454
502 -59.0724
974 -6.12006
553 -59.0452
748 -6.69952
466 -11.1004
959 -7.56708
711 -6.54016
1032 -4.20557
927 -6.6795
997 -5.11298
820 7.87543
700 -7.01892
979 15.2889
1168 -3.42261
778 -5.98291
45 -20.6849
766 -6.04138
1090 -3.56323
1153 28.4816
443 -9.31009
1194 -3.11328
688 -1.99969
882 -6.521
965 20.0433
321 -16.8382
408 -10.6017
747 -2.63672
745 -6.72296
881 -6.63135
352 -10.7027
2 -95.8044
753 -5.98383
634 -7.60345
937 18.6346
775 -0.28302
934 9.14856
676 -7.07715
729 -6.54761
930 -6.80237
7 -83.3037
982 22.9794
993 14.4005
228 -13.8166
1208 -3.2345
405 -10.4296
774 -6.92517
1082 11.4683
432 60.1804
958 21.3525
754 -6.31592
621 -7.70251
813 -6.67944
529 -8.17682
989 17.3769
661 -7.24963
35 -26.0586
176 -15.3467
908 -6.56635
1058 -8.12341
725 -7.01825
355 -10.5314
1080 16.6604
1167 -3.4176
1015 1.45117
892 -6.88916
703 -6.59875
698 -6.9906
707 -6.57843
541 -8.10291
562 -8.03979
705 -6.57349
1044 -3.91785
1187 -2.35242
543 -81.0281
926 -10.5009
603 -102.764
748 -6.67346
859 -6.30981
42 -19.3041
661 -7.2431
1076 -4.08325
516 -56.3242
301 -12.1459
590 -65.9398
948 10.1305
955 -5.08673
602 -102.622
1114 -2.90601
746 -6.53381
860 -6.57465
6 -29.4921
11 -28.3754
692 -7.10455
651 -7.33838
1127 21.7688
730 -6.33771
798 -6.85474
1059 -3.38635
789 -6.37415
783 4.73413
337 -11.5487
730 -6.85736
1216 -1.68066
701 -6.61383
703 -6.54498
990 2.37103
667 -0.926697
741 -6.00525
210 -14.3264
282 -12.4747
922 5.61346
24 -26.5377
222 -30.6538
1019 4.39478
784 -6.7804
957 -5.67395
786 4.95892
1236 -2.87256
1097 9.2019
1087 -4.43445
242 -30.8871
651 -7.3208
824 -6.71802
46 -91.7573
692 -1.2373
548 -8.01416
830 11.806
924 -6.64832
998 13.8755
749 -6.74054
962 -7.43927
1046 13.5503
207 -14.5049
844 -6.71259
739 -6.68457
766 -6.04132
646 -5.84668
1002 5.74432
666 -7.3844
733 -6.53711
682 -3.26581
746 -6.70996
1076 10.0946
798 -6.82452
880 -6.61707
1155 -3.52136
1115 -3.24744
374 -10.4251
745 -6.67725
896 -6.48779
803 -5.41064
930 -6.672
830 -6.66089
1104 -3.07996
196 -15.1562
1168 -6.65393
1091 -3.43701
1066 -3.25256
739 -6.71851
664 -4.49353
716 -6.73193
1028 25.2314
694 -2.41888
510 -10.3503
949 6.09564
1109 8.79285
943 -6.7204
211 -14.3152
790 2.16357
1054 21.5306
875 -6.69421
1066 -3.25635
805 5.13861
955 -5.08807
1150 -3.54761
820 -5.48138
471 -45.916
639 -6.51855
1076 10.092
734 -6.84259
774 -6.60028
1020 27.8071
661 -7.45978
1043 1.24487
993 4.58777
762 -6.58899
896 -6.48352
1182 -3.17175
1038 14.4906
479 -9.99142
702 25.7236
776 0.29364
702 -6.85358
917 10.5169
511 -9.28339
1197 17.9912
848 -5.76324
1028 -4.71436
601 -9.04395
762 -6.59546
793 4.2807
155 -16.0323
729 -6.37659
1147 -2.67493
71 -24.1623
762 -6.5896
764 0.527283
508 -9.28973
831 -5.28851
717 -6.61047
929 10.8165
863 -6.78778
83 -17.9694
1088 -2.97913
984 -5.16223
83 -17.9696
826 -6.72668
664 -4.49609
1215 14.5736
1103 -2.90503
826 -6.71143
1118 8.76184
827 -6.74792
828 6.85266
938 -6.78137
1124 -4.7616
68 -24.9418
581 -50.3458
826 -5.31329
822 -5.26593
785 5.07202
720 -0.380432
1103 -2.90662
752 -5.99719
1011 16.1066
990 -4.62732
1038 21.256
832 -6.67383
1049 15.7916
1098 -2.75952
742 -6.88782
155 -15.8133
491 -86.5174
202 -14.6818
26 -30.0263
947 4.41711
1137 -3.60657
873 -6.16223
591 -85.3157
756 -7.01239
777 -6.62042
732 -0.249939
933 12.3419
758 -6.53491
941 -8.48016
763 -6.84271
492 -8.79095
1158 -3.7196
1075 12.8127
668 -5.04913
518 -8.50897
177 -15.4239
727 0.452881
694 -6.89575
737 -6.6391
1069 -3.12036
863 -6.78845
825 -6.3111
762 -2.59448
672 -3.54059
949 -5.90894
1114 -3.13135
896 -6.4765
531 -56.3454
86 -17.9263
210 -14.3262
945 -6.64423
602 -102.431
1010 7.95844
700 -6.89923
335 -11.5658
217 -24.6442
622 -7.78693
500 -70.9132
661 -7.24316
935 -6.13165
301 -12.1364
657 -7.51593
702 -6.84753
1076 23.731
547 -83.6294
798 -6.27838
820 -6.43909
925 0.444519
2 -92.8631
867 -6.5495
757 -6.56189
1003 11.46
296 -12.482
598 -96.6285
959 -7.56714
600 -9.31805
307 -12.0604
1004 21.3154
624 -7.65948
945 8.495
294 -12.6129
1006 18.6296
982 22.9799
959 -7.56714
1168 -3.39062
990 1.07941
985 14.4345
1076 -3.12415
935 -6.66119
549 -62.3647
837 -6.79004
1029 -4.70776
662 -7.41211
985 22.3457
914 -5.73822
850 -6.33282
584 -8.27289
1175 -7.08948
753 0.443237
946 10.2838
873 -6.30212
933 -6.20605
1142 -3.04736
753 0.443359
691 -1.38464
1121 -3.32263
1107 -4.76062
1045 -4.39368
745 -3.60846
621 -8.84937
259 -14.052
917 10.516
874 -6.49066
965 -5.69147
853 -6.67072
828 6.85797
1066 -3.24805
1154 -3.80603
684 -7.29919
1233 -3.30518
934 13.6277
572 -88.5138
789 0.874084
1144 -7.63098
614 -45.5082
524 -8.54065
23 -39.2483
6 -98.7361
683 -6.84314
1066 -3.245
516 -8.43097
69 -18.2458
970 14.9152
732 -7.02362
820 -6.30103
995 13.825
1003 11.4628
1094 -2.90491
620 -7.85596
1031 2.32544
1023 2.1748
1101 -4.12378
1171 -3.27686
998 5.45703
841 -6.67413
715 -6.77026
937 18.5216
798 -6.27728
153 -15.8914
1029 2.24365
418 -9.53503
663 -4.6012
659 -3.9491
1076 -3.12451
274 -13.2481
973 13.6194
300 -15.6603
906 -6.48669
889 -6.53558
692 -1.26117
309 -12.0251
731 -6.56451
450 -9.16888
1076 11.5918
729 -1.50757
941 8.229
852 -6.63898
886 -6.5946
805 3.22443
719 0.129089
232 -14.5497
797 -6.94006
798 -6.7832
992 4.54126
1114 -2.90344
23 -72.9343
1121 -2.66431
1023 17.8603
944 16.0468
313 -21.5657
29 -75.961
9 -54.5731
735 -0.137024
513 -9.28238
796 -6.96783
706 -6.95172
46 -91.7792
914 -6.43134
1014 2.05249
754 1.41003
642 -6.39661
936 -6.68665
332 -11.5146
1130 -2.94543
664 0.586853
955 -6.83752
972 17.8565
1136 -3.61877
943 -5.96277
929 -6.57458
682 -4.57141
1045 2.02783
756 -6.13483
1184 8.75684
12 -28.0445
945 8.5058
811 -6.85706
1066 -3.26917
805 5.13849
809 -6.25104
869 -6.15613
482 -90.2058
805 5.13873
704 -6.58575
863 -6.78717
1213 -3.37842
705 -6.58173
1163 19.9224
682 -7.26886
758 -5.29358
677 -7.0719
941 -6.14948
775 -6.63916
1046 -4.19556
829 7.54816
924 -6.58459
914 -5.73767
624 -7.63385
832 -6.68585
818 -6.15668
1182 -3.17175
860 -6.54175
775 -6.63855
717 -6.55444
386 -10.8858
235 -30.2522
908 -6.56628
542 -70.2527
841 5.06427
1081 -3.32727
699 -6.93689
941 14.1211
984 -5.16266
537 -73.4221
571 -71.2235
435 590.93
790 2.1637
1017 -4.44366
1085 -3.03296
1141 -2.71265
1035 38.8698
1066 -3.25562
571 -82.871
830 -6.68646
692 -2.82623
762 -2.31396
730 -6.77374
1003 11.4607
768 -2.81299
1010 -8.02606
734 -0.699585
839 5.73022
1133 -3.01379
695 -6.83978
1028 28.0641
269 -13.0137
707 -6.50543
511 -9.41998
708 -2.59106
744 -5.61719
1035 1.62561
721 -1.74445
808 -6.27783
1051 12.5244
1047 9.7644
745 -6.73779
748 -6.58447
1118 30.9581
1088 -3.52869
1085 13.5242
759 4.40607
1159 -2.46582
42 -19.3033
691 -7.00433
219 -30.5049
769 4.04059
1008 -0.676758
683 -7.0235
806 -5.93011
494 -29.9973
944 13.3253
1132 -3.57483
755 -6.12073
1018 21.0251
1136 -3.61414
1033 2.14148
777 -6.62097
307 -12.0597
969 -5.521
744 -5.98914
671 -7.12335
1055 -3.39368
634 -6.6615
901 -3.30652
786 -6.79462
745 0.667969
984 -5.16229
1012 3.87677
622 -7.61957
1058 -3.42664
427 -9.73074
809 -6.1778
1132 -2.77429
716 -6.43915
710 -6.82147
580 -82.1926
1096 8.37341
601 -9.16418
14 -31.3424
715 -6.94769
321 -16.8352
682 -4.48584
93 -17.9736
1003 6.81042
612 -7.78888
260 -13.228
784 4.75372
708 -2.59784
1132 -3.09375
824 -6.68469
935 -5.95184
702 -7.05255
704 -7.03259
451 175.828
818 -6.15674
764 -1.92969
1071 -3.24963
1002 -7.9433
307 -12.0605
725 -6.46515
752 -0.700134
511 -9.45187
317 -21.0717
717 -6.50562
1035 2.28821
1119 -2.86328
86 -17.8838
988 14.5702
573 -65.1095
519 -84.1425
131 -34.6106
653 -5.63916
1141 -2.92688
717 -6.55103
663 -7.42261
834 5.42987
344 -11.371
753 0.443176
1172 8.9801
673 -1.88605
1141 -3.48206
335 -11.5658
1062 11.4086
572 -89.2445
1076 14.0896
768 -2.81464
1051 18.1118
931 -10.3396
917 10.503
122 -16.8172
813 2.31427
1127 -2.90308
768 -2.81256
930 -6.80536
771 -4.9704
726 -7.00159
621 -8.85358
1083 -4.18909
895 -6.54907
698 -7.09052
794 6.13373
1023 2.05029
955 -5.08868
794 6.12311
527 -8.2478
844 -6.71039
1032 -4.33325
902 6.29095
1014 8.5708
779 1.46252
721 -6.76459
1159 -3.48926
559 -54.39
738 0.280884
1181 -4.6803
627 -7.93872
1096 -3.43872
646 -5.78564
832 5.26575
79 -18.1986
692 -7.12274
838 -6.55988
61 -18.789
739 -6.71832
976 8.52545
1016 10.2988
735 -6.68524
1010 -0.48468
521 -8.34607
725 0.268311
399 -10.0246
776 -7.026
1003 11.4621
1049 5.93335
442 -9.366
974 14.7598
914 -5.73877
716 -6.80969
1090 9.86853
1013 -4.89172
1060 7.05249
450 -9.16895
824 -6.68414
597 -79.2608
690 -2.091
894 -5.57324
117 -16.9329
787 -6.75922
704 -6.95349
735 0.319702
7 -33.0178
914 -5.73785
776 0.293457
990 2.12347
1199 13.3975
867 -6.54968
837 -6.79224
1122 -4.82263
12 -34.6107
765 -5.30927
717 1.17651
1196 17.6748
1050 -0.436401
762 -2.27173
892 -6.88916
716 -6.44769
312 -21.1746
908 -4.96594
754 -6.51587
45 -26.2564
739 -6.6571
1096 -3.4165
707 -6.53473
724 -6.42432
1033 12.4858
1083 6.61694
543 -81.0256
776 0.312439
1113 8.75879
723 -0.398499
399 16.2723
1082 13.5629
45 -20.686
516 -56.8633
691 -2.73822
638 -6.76331
360 -10.9427
726 -7.00421
859 -6.30927
1111 -6.16333
859 -6.30969
800 5.58392
823 3.21356
832 -6.65839
726 -6.94427
1199 13.3975
229 -30.5844
621 -8.84216
35 -26.0588
1112 -4.43018
571 -70.8149
228 -13.8512
1024 2.08582
903 2.61169
724 -6.9397
612 -138.717
1066 10.2703
661 -7.2431
717 -6.56201
722 -1.68475
1058 -3.90039
833 -6.42627
694 -2.35089
828 6.85236
25 -69.2819
1046 2.02673
543 -81.016
1100 8.55481
710 -6.81873
798 -4.91705
1147 -2.64636
1023 2.17456
1110 -5.91809
794 6.13367
1145 -7.81335
516 -57.0952
1006 18.6312
350 -10.8824
269 -14.0028
781 -6.9502
825 7.14038
547 -55.2291
230 -13.8097
152 -15.9079
642 -6.47498
1104 -4.04749
343 -11.6094
493 -8.7821
647 -5.83911
1095 -2.98755
707 62.924
845 -6.56561
826 8.83838
1001 -7.95929
670 -5.57538
825 -6.19867
739 -6.71844
766 -6.65448
591 -85.7787
789 -0.288208
769 4.03394
307 -12.0593
643 -6.28802
761 -6.55334
871 -6.10394
826 -6.72241
1051 -4.26758
549 -54.8284
269 -14.0028
1105 -3.01123
343 -11.5784
708 -2.58026
967 13.7146
1023 2.03833
1109 -4.27454
1187 18.694
78 -18.7205
787 5.32581
636 -5.95587
762 -2.22369
762 -6.59467
1129 -3.4093
735 -6.15332
1132 -2.72839
689 -2.86456
591 -85.2564
1001 -7.95966
742 -6.24609
995 18.31
685 -7.20312
944 -7.2085
554 -13.514
793 6.01733
925 -5.88123
311 -21.3809
950 -6.30389
1076 20.9673
903 -6.50671
914 -6.43359
884 -6.66119
1069 9.32263
814 4.41083
1076 16.4078
646 -5.8385
747 -2.14478
337 -11.549
1208 -3.29761
684 -7.15576
776 0.288025
1124 -5.72217
180 -15.0991
823 -6.60754
1093 -2.9209
83 -18.4469
638 -6.34143
717 0.969177
1001 21.1249
721 -6.55151
79 -18.1987
917 10.5143
467 -7.95923
989 17.3788
729 -6.67865
1032 -4.20361
635 -6.8172
126 -16.5607
1110 -3.07043
708 -2.59369
1103 -2.90588
681 -6.98602
536 -10.2433
930 -6.8045
136 1.5844
936 -6.75635
762 -2.16205
1006 18.6219
918 -6.84894
753 0.443604
666 -7.29895
1141 -3.55261
735 0.739441
399 16.3173
764 -6.58588
978 13.5672
980 -4.59827
896 -3.40814
740 -6.41296
857 3.21198
34 -20.5596
1028 -4.71411
763 -6.5592
764 -6.13324
697 -7.00018
828 6.85767
785 5.08411
780 -6.57361
1040 2.09741
296 -12.6115
757 -6.52081
526 -8.26807
536 -70.8101
386 -10.8957
703 -7.00061
1093 -2.93823
863 -6.7865
525 -8.88336
792 3.78943
664 -4.50238
1180 13.9132
1179 27.3835
643 -7.58459
1139 -2.62415
56 -41.6489
531 -8.19733
213 -19.5522
560 -83.1641
624 -7.5592
702 -6.96332
698 -7.09326
652 -4.66846
313 -21.576
863 -6.28278
475 -50.4443
1203 18.5875
1042 22.8099
444 -8.84283
722 -6.48523
647 -6.42578
730 0.368164
834 4.35437
928 -10.3717
1217 15.4254
663 -7.15094
915 -6.48236
656 -4.74133
732 -5.33405
827 4.09821
389 -10.8225
1041 31.58
1052 -3.7843
1099 25.9407
492 -8.79315
586 -7.91034
776 0.314758
937 13.4064
780 -6.74158
335 -11.6775
742 -6.19214
950 21.3173
886 -6.29858
295 -12.5502
471 -45.916
647 -5.83936
277 -12.9803
780 4.47046
933 -6.65753
1236 -2.87231
702 -6.89417
931 12.3425
740 -6.59375
972 -5.25159
49 -20.7021
555 -62.2978
730 0.638062
478 176.681
1148 27.062
298 -12.5878
1134 -6.59204
860 -6.54175
823 -6.70685
886 -6.68579
661 -7.25769
269 -13.3393
929 14.1575
1076 -3.12488
640 -6.60394
719 0.13147
609 -23.7013
1066 -3.28442
768 -2.8114
944 18.6696
650 -3.95276
543 -79.3304
624 -7.67719
1033 9.72534
875 -6.63068
777 -6.61951
999 13.1235
1148 27.2076
341 -11.6877
1122 -2.97314
955 16.464
361 -10.9144
982 22.9816
688 -7.15924
1132 -3.57239
426 -9.59961
753 0.443298
1214 -3.45618
937 11.6509
641 -3.03943
1076 -3.12402
589 -7.96307
936 -6.62689
758 -6.63416
1041 31.5822
848 5.82025
1022 9.17773
1060 20.0969
707 -6.55719
1186 -5.11987
823 -6.60699
657 -5.65259
742 -1.4375
929 -6.6637
790 2.16406
713 -6.81744
809 6.5871
745 -6.68671
945 5.6377
231 -30.0923
1046 1.84265
1069 -3.12036
81 -17.9167
1126 -6.88196
998 -0.0273438
186 -30.2334
1084 -3.01721
925 -6.56348
989 -7.28491
1034 10.9546
519 -84.2465
962 -7.4397
790 2.16364
762 -2.33313
1098 -2.75378
649 -5.8764
801 -0.187439
1184 8.20483
762 -2.07806
454 -9.06921
24 -26.5378
1132 -3.36975
680 -7.07666
1015 25.5304
797 -6.9342
753 -6.73578
907 -6.54828
776 -6.50842
591 -85.2142
471 -45.916
645 -2.62341
159 6.83479
706 -6.98523
762 -6.58887
897 1.8067
558 -60.9795
1189 -5.18152
715 -6.75916
997 13.9137
1078 10.0171
863 -6.76385
1130 -3.30017
1236 -2.87231
695 -6.95825
1024 9.10107
1117 -2.90747
641 -6.28076
684 -5.07288
450 -9.1626
1098 -2.76599
461 -9.12457
686 -1.92407
164 -15.667
1160 -3.5304
753 0.443237
727 -6.98749
814 -6.25726
311 -11.8988
874 -6.11621
742 -6.18311
743 -6.69965
410 -10.5604
1006 18.6306
970 17.2357
785 -6.67358
1139 -7.9491
1113 -2.93994
958 -6.8573
469 -8.79041
828 -6.47302
336 -11.5092
863 -6.74725
734 -6.84167
785 -6.90253
1012 -0.515198
1173 -3.25073
1037 26.9061
676 -4.25739
746 -4.91589
648 -4.45917
1049 15.6764
1078 -3.12146
702 -7.01385
1050 9.84119
1041 19.5573
641 -6.71039
781 1.58594
644 -7.56433
1070 28.7902
837 -6.789
737 -6.31628
546 -89.6039
507 -9.11197
750 -6.65802
750 0.179993
989 17.3757
981 -5.30518
668 -5.04846
962 -7.4397
816 -6.43213
1090 -3.04993
805 5.13843
1046 -4.21875
825 -6.68384
744 -5.98914
602 -9.04346
458 112.758
798 5.61993
1160 -3.53125
519 -10.5746
1014 1.88538
794 6.13336
79 -18.2468
683 -6.88165
1048 22.8878
931 16.8071
181 -15.1571
708 -6.5141
179 -15.2278
689 -7.14734
708 -7.07227
863 -6.77692
1151 -3.57397
686 -2.92419
1056 13.9778
1081 -3.31738
621 -8.85095
278 -12.8622
1067 23.2139
662 0.244995
1017 11.9272
1024 9.21362
196 -15.156
1032 -4.20642
591 -85.2588
734 -6.73938
564 -9.65839
738 -6.58398
950 -5.98773
1104 8.7168
803 -6.28284
949 10.3898
762 -7.00586
770 0.834473
1092 -2.82507
338 -11.4414
829 -6.71283
817 -6.72107
1144 -4.02502
793 6.04626
831 7.76605
1150 -3.6062
1104 -3.08472
733 -6.71753
769 4.03851
1048 0.784424
769 -1.15778
144 -30.4296
729 -6.44757
803 -6.30255
1055 -3.52344
790 -6.4472
21 -67.9627
1125 -2.8678
1135 -3.6156
767 -6.61816
720 0.414246
1005 3.98804
1213 -3.37744
727 -6.68256
591 -85.3728
639 -6.22485
681 -7.30133
986 -4.53094
776 0.314575
661 -7.25568
1011 -5.23132
721 -0.15271
908 -10.4765
777 -0.263855
1016 10.8621
801 -6.40186
705 63.8646
646 -7.54108
757 -6.58014
911 -6.36761
304 -12.7949
745 -6.52679
601 -7.89801
1152 -3.86548
1114 -2.90588
920 -10.3166
528 -15.3346
500 -9.30768
1159 -2.4884
659 -7.41541
590 -66.0098
995 -5.11713
737 0.796021
597 -9.32513
81 -17.9167
1088 -3.58789
1093 -3.46875
661 -7.24316
657 -5.65302
61 -18.7888
637 -6.54681
1046 1.18103
968 17.1442
760 -6.52283
823 -6.60712
837 -6.78998
837 -6.79156
1029 2.24365
1035 2.35083
925 -6.56219
665 -5.2251
790 4.9173
766 -6.78412
281 -12.5004
899 1.83508
749 -6.68671
1126 -5.27637
492 -8.79108
811 -4.84442
677 -7.35638
967 13.9335
886 -6.47369
742 -6.69141
808 6.08661
1114 -2.90552
870 -6.20471
1092 -2.91211
835 5.87994
799 -5.54401
153 -15.8909
113 -20.8994
895 -6.6123
19 -83.5797
323 -11.6152
519 -83.8853
1088 -3.59839
727 -6.65485
693 -2.32904
31 -117.706
879 -6.24829
272 -13.6569
1066 16.8043
798 -6.78198
1165 -3.59705
1097 -2.78662
818 -6.14093
701 56.0281
1148 27.295
1072 20.8336
614 -14.8604
1053 -4.49036
1137 -3.42896
753 0.442932
1102 8.65881
648 -5.62671
1083 6.61694
673 -5.2796
724 -6.78192
811 3.7821
714 -6.8446
536 -85.2407
817 -6.53925
1026 -4.64728
539 -43.0035
478 -9.10678
208 -14.4889
161 -28.8972
725 -1.32471
812 -6.26886
1017 2.20978
734 -6.44513
1152 27.9803
299 -12.3614
1066 -3.71167
1078 -3.13391
763 -6.84106
744 -6.5434
571 -70.94
860 -6.54193
777 -6.50537
659 -7.41589
742 -6.18298
795 -0.255188
1084 -3.38281
652 -4.66638
692 -7.14362
647 -5.84003
847 7.95892
1083 9.12463
1022 17.6432
683 -6.88165
1135 -2.92444
651 -5.36951
318 -21.287
719 -6.4942
762 -6.58911
684 -4.52991
730 -6.25415
571 -71.2714
781 4.57751
588 -75.542
1142 -3.18652
571 -70.8718
817 -6.69879
938 -6.79706
901 1.93475
706 0.541687
1103 30.6581
1130 -3.28967
528 -74.2878
691 -1.23523
785 4.95795
1160 -2.53613
723 -6.90277
1085 -3.39758
1063 -4.27441
1176 -6.1355
776 0.293335
11 -28.0514
374 -10.4228
602 -106.59
735 -6.70801
