405 -0.743774
382 -0.209137
382 -0.19223
442 -0.28479
273 -1.72287
519 0.146484
457 -0.0871277
378 -0.247406
358 -0.358612
474 -0.00341797
718 0.598083
507 0.153168
558 0.0385742
358 -0.359741
638 0.426758
461 -0.678986
745 0.90155
345 -2.00974
767 1.50256
461 -0.680786
732 0.835022
767 1.50043
443 -0.303162
455 -0.712311
748 0.885071
750 1.78406
190 -115.62
732 0.800049
514 -2.74091
522 0.0930176
821 2.76996
472 -0.0231934
457 -0.0870667
507 0.153412
712 0.831421
591 0.317505
572 0.0949707
715 0.818665
287 -2.74274
324 -2.32397
507 0.153351
377 -1.0878
133 -2.86238
733 0.725342
572 0.0977173
288 -2.79633
376 -1.09967
273 -1.72296
712 0.832581
444 -0.825714
461 -0.678925
686 0.664429
439 -0.863708
99 -6.58646
745 1.04901
780 2.35431
733 0.774719
378 -0.238251
519 0.147034
394 -0.482697
507 0.153473
443 -0.318604
461 -0.680908
461 -0.680237
620 0.326477
405 -0.743408
617 0.340637
830 2.49762
378 -0.241943
527 0.177063
519 0.14679
825 2.65448
760 1.15021
395 -1.44571
572 0.0977173
369 -1.46503
360 -0.543274
719 0.61731
222 1.38493
665 0.469543
507 0.153351
527 -3.16797
736 0.90509
519 0.146912
507 0.153015
669 0.453369
556 0.229614
630 0.329773
190 -115.62
796 1.47357
377 -1.0867
696 0.738403
686 0.594482
328 -2.10342
457 -0.0871277
457 -0.0864563
749 0.886841
668 0.469727
592 0.194397
487 -0.279236
167 -4.44304
694 0.782959
669 0.453979
630 0.31897
109 -22.5719
170 -4.3994
153 -127.283
507 0.153412
551 -1.82239
382 -0.192078
712 0.832275
732 0.835022
228 -27.1639
627 0.299133
124 -19.5731
698 0.471924
773 1.53094
771 1.36096
259 -0.205933
753 1.13715
501 -0.147034
330 -2.27686
690 0.655579
351 -2.15295
592 0.207947
591 0.326172
759 1.14038
360 -0.543365
459 -6.37189
109 -22.5589
328 -2.30048
109 -22.5628
444 -0.0295715
630 0.318665
630 0.33551
394 -0.483246
227 -6.29744
522 0.0930176
609 0.250488
225 -35.6225
719 0.612244
592 0.207153
341 -2.1174
691 0.482666
730 0.784729
576 0.395081
710 0.606018
669 0.453552
457 -0.0864258
592 0.3078
473 -0.547089
259 -2.71179
739 0.781555
222 1.38463
572 0.0941162
666 0.499512
572 0.0981445
592 0.206482
378 -0.237274
418 -4.60492
395 -1.44614
792 1.71179
326 -2.26727
461 -0.678833
736 0.951416
627 0.299011
314 -2.25394
467 -0.119568
638 0.426636
106 -37.224
609 0.246094
259 -62.548
412 -1.20822
733 0.885742
487 -0.408386
457 -0.0865479
109 -22.7203
558 0.0377808
454 -0.244232
759 1.14203
394 -0.483826
630 0.317261
588 0.315857
537 -2.76031
592 0.208191
745 1.06915
778 2.36316
686 0.59314
447 -0.813538
592 0.208923
690 0.716187
442 -0.286499
439 -0.910522
753 1.13684
487 -0.282013
753 1.17194
238 -0.546204
439 -0.936005
733 0.890198
342 -2.17599
333 -2.15665
166 -4.5098
316 -6.65262
646 0.356812
801 2.61133
792 1.65485
353 -1.58054
707 0.758057
733 0.774536
150 -8.63023
273 -1.72192
358 -0.358643
480 -0.268158
359 -1.59201
314 -2.28885
766 1.24774
422 -6.01831
730 0.780457
750 1.78516
166 -4.51041
630 0.330872
766 1.25311
348 -2.17767
138 -5.48459
715 0.818542
305 -2.01572
572 0.0975342
630 0.330017
699 0.521851
166 -4.37622
423 -1.03351
328 -2.30539
766 1.25299
686 0.664429
535 0.15033
638 0.426941
541 0.340881
200 -116.841
375 -1.52402
745 1.07983
378 -0.248596
735 0.883972
341 -2.2114
443 -0.300293
638 0.415833
535 0.150391
686 0.594116
796 1.47064
517 -0.529785
771 1.32996
457 -0.0865173
757 1.9292
391 -0.980072
109 -22.7109
405 -0.709747
533 -0.0762329
273 -1.72159
627 0.299072
423 -1.03561
37 -137.663
328 -2.10339
542 0.243896
331 -2.06323
395 -1.44608
342 -2.17609
366 -1.47464
620 0.310425
780 1.90167
770 1.36304
556 0.229858
415 -0.534363
342 -2.17603
801 2.61127
332 -2.18225
514 -2.73715
757 1.93182
760 1.1767
314 -2.02234
821 2.7699
534 0.180969
712 0.832825
420 -1.05481
146 -5.83923
353 -1.58078
467 -0.699371
592 0.2948
238 -29.713
315 -2.33466
780 1.90521
781 1.29816
257 -6.56731
432 -0.882904
533 0.165039
724 0.780884
572 0.0942383
103 -137.958
672 0.440735
384 -1.45889
507 0.152893
170 -4.37534
287 -2.7579
507 0.153412
540 0.238586
42 -121.081
753 1.13733
733 0.725403
373 -1.13431
780 1.90485
757 1.92877
369 -1.47189
780 1.87512
192 -110.893
487 -0.279358
638 0.416992
231 -88.304
360 -0.543182
337 -2.01404
238 -0.545609
730 0.781799
730 0.782898
519 0.146912
536 -2.88586
493 -0.271576
770 1.26971
394 -0.483398
392 -1.36035
592 0.30542
627 0.298889
953 4.10834
723 0.590942
167 -4.44275
425 -0.916077
572 -1.02252
130 -118.977
329 -4.14221
737 0.919556
801 2.61096
723 0.60022
732 0.835022
651 0.530579
344 -2.16238
273 -1.72284
127 -131.466
288 -2.70215
346 -2.17908
719 0.721985
683 3.20441
733 0.725403
574 0.410706
558 0.0385132
412 -1.38745
356 -1.63052
487 -0.408386
732 0.799011
445 -0.908112
395 -1.44601
313 -2.04874
170 -4.39943
716 2.26849
536 -0.35321
753 1.13733
689 0.663391
711 0.591614
530 -0.552185
690 1.82397
314 -2.28845
105 -139.777
733 0.725281
461 -0.681366
619 0.345581
275 -4.88934
126 -116.718
273 -2.2713
506 -0.0949402
689 0.66394
544 0.22583
500 -1.25015
778 2.36316
750 1.78461
170 -4.39943
487 -1.97354
530 -3.09558
437 -0.871429
778 2.36334
613 0.304871
444 -0.936615
109 -22.5496
558 0.0383911
620 0.336487
332 -2.22025
653 0.493835
312 -2.1185
345 -2.01126
487 -0.408447
347 -2.1799
167 -4.44221
444 -0.948669
442 -0.285004
330 -2.28415
1020 6.96692
37 -137.66
788 1.57794
329 -2.22922
394 -1.43695
467 -0.114899
234 -2.26308
327 -2.26315
558 0.039917
167 -4.44221
487 -0.407867
557 0.305176
347 -2.15656
345 -2.00928
514 -2.74075
341 -2.20224
332 -2.22458
286 -2.72055
326 -32.493
369 -1.45959
379 -1.57727
548 0.257629
327 -2.26303
734 0.879395
796 1.47015
338 -1.71152
345 -2.00912
346 -2.64493
233 -2.17871
487 -0.279205
379 -1.48917
537 -0.375854
254 -2.46938
705 0.689697
360 -0.543091
314 -2.01947
378 -0.237396
345 -2.0097
457 -0.0863953
328 -2.10345
821 2.7699
170 -4.42801
391 -0.980072
412 -1.2016
258 -60.8252
487 -0.408478
345 -2.00977
467 -0.718048
345 -2.1929
651 0.53949
314 -2.25381
395 -0.495575
528 -2.4679
169 -4.35576
333 -2.16864
430 -0.958038
634 1.4223
574 0.393738
339 -1.74228
369 -1.45901
538 -2.74927
534 0.162109
328 -2.10361
560 0.167175
719 0.722595
326 -32.4948
592 0.211121
183 -2.29778
487 -0.279846
732 0.799622
390 -1.62027
386 -1.36417
547 0.257507
556 0.230347
592 0.292358
329 -2.27591
748 0.88501
329 -2.2518
437 -0.865845
737 0.933411
698 0.528625
991 9.73584
399 -1.24625
545 0.259216
592 0.193909
592 0.293579
266 -2.3219
780 1.90546
780 1.90454
109 -22.7111
592 0.203857
391 -1.39471
371 -2.09055
519 0.146423
514 -2.74033
354 -1.50473
439 -0.864716
808 2.02856
442 -0.977448
437 -0.897705
37 -137.664
245 -2.3149
266 -2.32159
406 -1.26706
246 -2.38348
37 -137.684
464 -0.695679
373 -1.14508
810 2.10321
633 1.35303
313 -2.05917
178 -4.4095
314 -2.01913
592 0.208252
443 -0.028717
672 0.440918
360 -0.542572
179 -4.3559
436 -0.85376
348 -0.632599
170 -4.42749
455 -0.855438
312 -2.16434
98 -2.80447
364 -1.50165
745 0.938721
487 -0.407928
705 0.690247
773 1.53088
518 0.0609741
715 0.818787
369 -2.37918
619 0.355896
250 -2.37755
558 0.0400391
807 1.9635
715 0.818542
372 -1.46375
268 -2.20312
482 -0.100769
450 -0.886597
367 -1.50345
638 0.430115
314 -2.25366
266 -2.31555
384 -1.36685
598 0.293457
230 -88.32
341 -2.11734
353 -1.58005
314 -2.01865
360 -0.543121
544 0.328491
237 -2.32631
345 -2.00943
241 -2.35466
233 -2.21082
338 -1.77847
339 -1.74142
654 0.343323
462 -0.717651
230 -88.3204
249 -0.189209
358 -0.359833
677 0.93866
730 0.781616
724 0.805054
423 -1.03641
830 2.4975
536 -1.01801
446 -0.892639
770 1.36279
724 0.71698
110 -117.446
778 2.36334
796 1.46985
330 -32.9627
234 -2.21991
327 -2.26309
794 1.72083
393 -1.65039
733 0.725891
266 -2.31534
574 0.391968
338 -1.7756
412 -1.20209
385 -1.45297
732 0.796509
353 -2.099
650 0.507202
109 -22.7122
672 0.442017
457 -0.0870667
465 -0.677612
338 -1.78223
423 -1.03574
494 -0.121735
358 -0.380981
345 -2.00897
377 -1.08676
359 -0.464539
654 0.346497
384 -1.37872
654 0.322632
314 -2.02203
360 -0.543335
-2 -110.304
334 -1.80768
665 0.413879
336 -1.75311
1045 -1.54053
90 -139.548
592 0.208252
37 -137.686
279 -1.26288
372 -0.235901
241 -2.35419
488 -0.260345
672 0.44165
592 0.294067
556 0.230347
219 -2.22279
779 1.77386
171 -118.751
445 -0.915161
517 -0.546692
314 -2.01907
166 -4.5103
345 -2.00928
876 2.96143
358 -0.35965
522 0.0933838
452 -0.458923
167 -4.44193
778 2.36359
422 -1.05045
258 -2.30965
757 1.92828
318 -15.0837
131 -132.81
105 -139.822
652 0.488037
326 -1.81403
128 -5.74629
518 0.0604858
634 0.306335
113 -2.62408
447 -3.50104
25 -116.673
261 -0.958893
604 0.299377
437 -0.887878
572 0.0949707
514 0.0332642
378 -0.249542
394 -0.482727
305 -2.01599
569 0.313477
463 -0.72467
653 0.505981
281 -2.29684
458 -0.655731
445 -0.908417
757 1.93146
638 0.463501
506 -0.0948792
712 0.831726
796 1.47021
597 0.309631
378 -1.50644
344 -1.55154
399 -1.34985
339 -1.76917
592 0.193848
533 -0.472778
574 0.412659
681 0.529114
445 -0.910461
487 -0.279114
437 -0.897766
384 -1.44769
192 -2.33716
236 -2.32167
234 -2.21979
522 0.0933228
133 -2.86343
395 -1.44604
170 -4.39943
346 -1.68204
282 -2.31509
732 0.798096
619 0.431641
170 -4.39943
519 0.0470581
275 -2.51474
455 -0.815338
223 -2.24402
719 0.722534
351 -1.5701
358 -1.61063
516 -0.784241
292 -2.14215
519 0.0473022
652 0.543274
337 -2.35846
473 -0.642242
255 -1.98546
651 0.50885
484 -0.482147
578 0.384277
506 -0.0947571
313 -2.05383
602 0.166626
333 -2.17834
320 -2.00256
324 -1.93588
233 -2.21072
286 -2.22833
661 0.733276
766 1.25311
654 0.322693
170 -4.42624
724 0.747253
766 1.25299
325 -2.27686
550 0.31897
437 -0.895874
305 -2.16696
558 0.0410767
519 0.147278
733 0.725464
710 1.86115
270 -2.21765
465 -0.741486
639 0.303894
394 -1.32828
327 -1.83829
280 -2.23318
339 -1.7413
266 -2.31589
572 0.0942993
494 -0.196381
443 -0.318756
345 -2.00986
338 -1.78195
408 -1.4957
138 -2.59836
99 -2.84369
456 -0.624298
561 -0.298035
667 0.855957
353 -1.59195
447 -0.845947
353 -1.59027
749 0.928345
259 -62.5583
792 1.71179
153 -127.283
354 -1.61102
730 0.78064
471 -2.30106
468 -0.706268
810 2.10321
37 -137.686
369 -2.38132
326 -32.4872
483 -0.521454
728 0.873779
193 -2.27654
572 0.0979614
378 -1.51898
519 0.0477905
319 -1.99893
653 0.349304
437 -0.881805
321 -1.99335
482 -0.539062
517 -0.424988
334 -2.08661
514 -2.72546
689 0.49884
227 -6.29974
59 -3.29889
687 4.5448
313 -29.613
167 -4.44293
617 0.30542
133 -2.86273
467 -0.755157
380 -1.55801
424 -0.900543
376 -1.09906
188 -4.2316
241 -2.25575
235 -2.2724
131 -2.78732
279 -1.26157
338 -1.78534
364 -1.50058
574 0.410828
259 -2.71152
423 -1.03574
342 -1.97525
522 0.0932007
466 -0.686951
519 0.0477905
241 -2.34863
189 -4.10365
630 0.337158
354 -1.61121
467 -0.115295
638 0.409851
320 -2.01709
467 -0.761139
37 -137.675
613 0.302246
424 -0.902405
455 -0.815033
266 -2.31519
646 0.355103
160 -123.493
337 -2.36099
234 -2.22034
793 1.73383
504 -0.139374
455 -0.808136
768 1.23511
615 0.304504
369 -1.50568
389 -1.61487
345 -2.0094
384 -1.44656
643 0.665588
255 -2.27939
469 -0.485718
374 -0.254913
290 -1.84933
495 -0.125244
487 -0.279175
517 -0.425476
396 -1.56082
102 -2.99969
507 0.152771
380 -1.45316
519 0.0592041
270 -2.22845
667 0.409607
518 0.0603027
439 -0.924194
443 -0.914459
392 -1.31815
214 -2.13992
437 -0.897705
32 -62.4207
455 -0.667633
574 0.412842
320 -2.00003
821 2.76996
434 -0.807343
292 -1.82529
378 -0.247528
479 -0.4646
437 -0.915192
345 -2.0097
445 -0.907135
276 -2.25739
131 -2.77071
333 -2.22418
705 0.690247
658 0.471252
268 -2.21405
712 0.603638
651 0.517029
739 0.781372
265 -2.31097
362 -1.52643
519 0.0479126
259 -2.38062
308 -2.10461
705 0.690063
274 -2.31726
514 -2.74036
320 -2.01721
250 -2.31593
380 -1.43866
334 -1.87872
487 -0.2789
455 -0.811554
365 -1.50626
361 -1.55685
270 -2.33914
365 -1.4957
495 -0.272522
383 -1.37698
698 0.914124
441 -0.0597229
461 -0.68103
481 -0.247131
369 -1.46027
474 -0.630859
698 0.509338
378 -0.237671
533 0.121887
369 -1.49149
233 -2.21095
171 -118.751
368 -1.42508
153 -3.47263
230 -88.3209
234 -2.22018
349 -1.7211
394 -1.44748
434 -0.807343
340 -1.73047
392 -1.39835
602 0.167664
279 -1.26642
398 -1.54428
724 0.762268
391 -1.38754
592 0.292175
480 -0.251495
345 -2.00928
364 -1.51318
177 -4.38048
748 0.88501
202 -4.06229
259 -2.3483
705 0.690186
327 -2.26315
289 -2.32697
577 -0.652344
627 0.298889
300 -18.224
316 -2.28146
266 -2.31537
497 0.0414429
208 -0.460983
395 -1.44595
778 2.36328
288 -2.23624
354 -1.50552
506 -0.100342
313 -2.06577
244 -2.21017
360 -1.57501
345 -2.00943
257 -2.31625
123 -2.82248
127 -2.71717
227 -6.315
466 -0.696045
766 1.25317
233 -2.21059
288 -2.26782
299 -1.77997
329 -2.22705
345 -2.00958
122 -2.81291
733 0.725708
745 0.822205
234 -2.22073
327 -2.30536
689 0.497009
254 -2.40794
433 -0.774384
273 -1.72238
630 0.335693
669 0.454468
391 -1.38815
418 -1.4791
460 -0.479492
401 -1.34821
251 -2.4399
237 -2.31783
393 -1.45883
329 -1.83875
299 -2.03149
506 -0.0949402
378 -1.51712
253 -2.13612
448 -0.671967
558 0.0408325
141 -3.25952
341 -2.11737
654 0.323547
627 0.298889
592 0.293701
535 0.150208
109 -22.7319
290 -1.84906
170 -4.42612
244 -2.36053
339 -1.77493
364 -2.03238
324 -2.33307
538 -0.155029
765 1.19696
218 -2.20255
412 -1.2944
4 -2.69962
286 -2.72055
331 -1.81091
441 -0.95636
426 -0.941895
507 -0.274963
378 -1.51718
153 -127.283
338 -1.78241
794 1.72064
516 -0.784241
592 0.208374
293 -2.52429
740 5.16168
255 -2.37766
189 -4.10388
465 -0.748505
494 -0.0712585
560 0.167297
412 -1.23135
474 -0.582397
287 -2.23404
126 -2.90833
313 -2.06549
462 -0.713165
681 0.529541
137 -2.60764
574 0.393799
503 -0.0952759
478 -0.218567
233 -2.18204
251 -2.37201
710 1.86115
281 -2.26566
378 -0.251312
491 -0.14563
253 -2.21121
437 -0.897003
255 -2.41353
238 -2.29713
405 -0.709473
403 -0.642365
369 -1.46036
778 2.3634
178 -4.30917
252 -2.21443
808 2.51379
321 -1.98956
328 -2.10367
396 -1.36639
105 -139.818
353 -1.59451
445 -0.905762
794 1.72095
147 -2.84521
255 -2.46033
364 -1.55341
507 -0.0768127
424 -0.906372
437 -0.894043
519 0.0478516
535 -3.00012
323 -2.34418
202 -4.06221
730 0.768677
54 -100.408
690 0.556335
380 -1.44785
344 -2.18375
315 -2.03793
487 -0.278839
332 -2.13721
400 -1.22296
395 -1.44592
439 -0.795898
304 -2.03619
345 -1.79004
465 -0.755127
289 -2.23862
481 -0.23938
279 -1.26645
341 -2.11728
385 -1.39566
353 -1.58636
396 -1.32516
353 -1.60062
468 -0.682892
638 0.425476
368 -1.48495
354 -1.66467
321 -1.98758
388 -1.37231
548 0.290588
338 -1.70129
396 -1.3847
354 -1.61292
281 -2.28873
266 -2.31912
329 -4.1423
516 -0.784363
258 -2.35295
385 -1.44974
339 -1.74078
300 -2.151
940 7.26691
300 -18.2256
412 -1.20795
192 -2.33461
531 0.0957642
609 0.247559
507 -0.0762939
730 0.780396
274 -2.31744
424 -0.899567
672 0.440979
344 -2.1864
37 -137.668
750 1.78418
412 -1.20795
266 -2.3215
319 -1.97748
462 -0.721466
339 -1.73471
437 -0.884186
521 -0.00390625
302 -2.11383
821 2.76996
369 -1.46899
238 -2.30663
538 0.134155
372 -0.754181
405 -1.41162
260 -2.35583
251 -2.17163
807 1.95709
359 -1.57458
764 2.1167
734 0.878296
124 -2.66025
372 -1.51984
280 -2.29044
330 -1.77206
461 -0.46701
437 -0.895508
574 0.410889
445 -0.907837
437 -0.888092
514 -2.73401
425 -0.94162
477 -0.501984
531 0.0955811
720 0.602966
254 -2.45012
1118 17.2526
432 -0.717865
466 -0.718903
170 -4.42601
339 -2.10248
506 -0.0950623
437 -0.763763
641 0.341675
462 -0.722626
342 -2.19278
509 0.149567
424 -1.22589
105 -139.773
367 -1.4476
689 0.482117
345 -2.00974
686 0.595154
437 -0.87558
328 -2.10336
354 -1.50436
109 -22.7166
558 0.0380859
478 -0.556824
96 -141.967
406 -1.43793
551 -1.71881
426 -0.944733
888 5.33765
516 -0.78418
328 -2.10358
451 -0.787109
440 -0.659119
105 -139.842
441 -0.831055
392 -1.44241
385 -1.39352
274 -2.31854
242 -2.12375
267 -4.61914
391 -1.39072
180 -4.36412
893 5.63373
378 -1.34113
254 -2.2428
352 -1.6893
394 -0.739014
724 0.710754
169 -4.35498
255 -2.38078
443 -0.309204
434 -0.807465
859 4.14026
630 0.329895
218 -2.2164
748 0.88501
373 -1.14597
1 -96.9014
356 -1.9487
394 -0.482422
243 -2.31122
266 -73.8208
320 -2.0173
346 -2.64505
454 -0.656769
506 -0.0950623
369 -1.45898
467 -0.118561
577 0.354797
474 -0.582184
492 -0.184937
337 -2.35474
202 -4.06213
518 0.0609741
270 -3.22498
319 -2.30734
640 0.330505
329 -33.5123
281 -2.28088
58 -3.11168
379 -1.36057
187 -4.26849
128 -2.76383
558 0.0389404
289 -2.32349
287 -2.29108
531 0.0884399
265 -1.02533
289 -2.14127
348 -1.57199
332 -1.85211
444 -0.773865
669 0.510864
82 -31.3049
169 -4.35481
148 -2.90131
505 -0.326141
215 -2.1367
288 -1.74033
341 -1.68872
688 0.979126
215 -2.13684
610 0.269775
326 -32.4907
337 -1.76559
198 -2.27713
377 -1.44119
313 -2.05618
427 -0.949524
301 -1.64359
161 -104.362
379 -1.57156
336 -2.21674
854 4.10632
514 -2.72739
131 -2.80119
465 -0.734558
288 -2.25504
116 -3.06883
391 -1.39062
345 -2.00958
507 -0.076416
345 -1.37405
274 -2.31784
119 -2.98321
487 -0.408417
369 -1.46326
719 0.721802
372 -1.52313
476 -0.154053
780 1.91016
321 -1.99094
378 -0.245453
315 -2.03879
446 -0.771576
886 5.09131
630 0.329773
686 0.504333
522 0.0934448
206 -99.4192
320 -2.00247
458 -0.655762
332 -2.20779
405 -0.708649
455 -0.81073
438 -0.449249
215 -2.13681
383 -1.46078
395 -0.49527
250 -2.38226
755 2.56885
164 -2.64008
361 -1.56506
232 -2.31441
437 -0.887604
234 -2.22009
753 1.13733
435 -0.823822
241 -2.35455
554 0.173767
463 -0.618927
411 -1.26846
558 0.0389404
110 -24.67
364 -1.49908
354 -1.61246
472 -0.481903
602 0.309937
218 -2.2027
189 -4.31908
437 -0.897858
110 -117.443
149 -2.88684
376 -1.09845
320 -2.01721
447 -0.770599
162 -4.38324
489 -0.386536
382 -1.375
439 -0.167969
751 1.22913
481 -0.452911
265 -2.31384
770 1.36298
513 0.026001
442 -0.708954
748 0.88501
406 -1.23593
288 -2.24292
322 -46.7375
274 -2.31754
166 -4.5103
531 0.088562
672 0.441162
260 -27.961
248 -1.66907
198 -119.571
266 -2.31613
462 -0.717102
266 -2.3064
241 -2.35463
504 -0.139374
131 -2.80127
522 0.0933228
327 -2.26401
432 -0.339233
672 0.440979
229 -1.62209
133 -2.86259
281 -2.25769
976 9.0603
797 2.67432
351 -1.69675
251 -2.17818
605 0.337952
747 -22.6954
241 -2.31618
847 3.03748
166 -4.35497
370 -1.55829
347 -2.18427
780 2.35431
838 3.56323
666 0.407898
284 -23.6565
438 -0.761566
458 -0.655884
278 -2.35178
274 -2.31924
474 -0.633698
434 -0.80722
185 -2.3231
313 -2.12994
304 -2.03278
533 -0.151917
398 -1.39023
182 -4.38495
251 -2.40906
258 -2.35176
278 -2.35187
669 0.499634
109 -22.7125
504 -0.0662842
281 -2.26291
198 -2.27716
378 -0.238739
227 -6.31406
266 -2.349
336 -1.7688
519 -6.45453
256 -2.35555
445 -0.782318
192 -2.33344
354 -1.61221
314 -2.02103
630 0.240051
630 0.336548
250 -2.03564
300 -2.13885
131 -2.78377
443 -0.757019
299 -1.75406
672 0.440979
487 -0.279144
317 -2.01584
613 0.304077
466 -0.620026
286 -2.72061
519 0.0477295
348 -1.69235
359 -1.57755
52 -28.1424
458 -0.656494
358 -0.358734
531 0.0884399
555 0.342529
436 -0.749542
25 -116.676
434 -0.807281
512 -0.00784302
522 0.0932617
274 -2.31741
363 -1.54276
126 -2.61594
250 -2.37904
278 -2.30899
253 -2.23666
592 0.211182
514 -2.73795
489 -0.316589
218 -2.20271
438 -0.157837
257 -2.32466
561 -0.297607
230 -88.3202
105 -139.82
503 -0.00561523
646 0.402039
388 -1.23807
481 -0.249207
300 -18.2182
167 -4.44173
487 -0.407837
487 -0.407898
215 -2.13556
133 -2.7729
380 -1.561
706 0.632996
447 -0.822815
275 -55.486
705 0.690125
192 -2.33774
876 2.96143
320 -2.01514
456 -0.749573
308 -2.09467
519 0.0477295
512 0.0263672
131 -2.80138
279 -2.33038
561 -0.297974
476 -0.603485
980 9.32568
321 -2.00189
108 -3.05755
753 1.13684
748 1.68536
363 -1.57498
398 -1.3656
672 0.440796
533 -0.129761
247 -2.22455
391 -1.3902
259 -62.5246
342 -1.58676
743 0.826294
351 -1.36395
561 -0.297363
345 -2.00885
518 0.0605469
506 -0.0974426
37 -137.686
198 -2.28323
328 -3.98227
328 -2.10364
364 -1.49915
81 -3.22253
241 -2.33044
522 0.0929565
719 0.722534
733 0.885559
362 -1.63904
78 -2.84409
464 -0.718597
494 -0.0879211
291 -31.2807
940 7.2674
338 -1.78214
332 -1.87695
218 -2.20235
622 0.314026
753 1.13721
249 -2.2796
133 -2.86342
234 -2.28653
519 0.055481
574 0.394287
328 -2.10361
487 -0.366943
317 -1.99463
314 -2.01907
462 -0.735504
506 -0.0950012
583 0.331177
164 -4.394
654 0.322693
419 -1.30643
352 -2.06967
312 -1.87448
161 -2.54648
327 -1.86307
13 -3.40798
483 -0.489624
252 -2.21722
189 -4.10323
231 -35.1441
412 -1.20856
81 -3.22216
289 -2.24307
304 -2.03284
412 -1.24661
427 -0.917572
733 0.725891
379 -1.57819
824 3.26947
240 -2.33986
352 -1.7085
820 3.02252
487 -0.413879
379 -1.47156
412 -1.20895
314 -2.25443
429 -0.895721
111 -3.05045
434 -0.807312
455 -0.811462
510 0.0134888
101 -2.9137
482 -0.296692
672 0.44165
480 -0.105255
137 -2.60773
385 -1.00943
733 0.774902
290 -2.24982
290 -1.84906
114 -2.93343
507 -0.0762939
42 -121.191
110 -24.6932
314 -2.02231
307 -1.79257
109 -22.5656
504 -0.138733
299 -1.75558
504 -0.139008
516 0.0326538
92 -3.12054
137 -2.60794
477 -0.505554
193 -2.26886
166 -4.35408
307 -1.79218
487 -1.97195
441 -0.837616
256 -2.2979
467 -0.117737
265 -2.31104
439 -0.742584
424 -1.13699
153 -127.283
121 -2.63873
796 1.47333
467 -0.119476
382 -1.4064
364 -1.48962
278 -2.34729
345 -1.35498
311 -2.06314
585 0.0411987
37 -137.676
686 0.442139
481 -0.461304
214 -2.20612
259 -62.5688
506 -0.0949402
302 -2.1756
141 11.6767
467 -0.115631
514 -2.73004
560 0.166992
166 -4.51042
206 -10.4836
307 -1.79239
435 -0.801544
522 0.0931396
75 -3.08506
493 -0.245331
257 -2.31627
277 -2.30832
546 -0.307312
481 -0.240631
505 -0.169403
506 -0.00512695
143 -131.165
131 -2.76956
197 -2.27318
219 -93.9324
287 -1.59082
322 -46.7547
511 0.137207
363 -1.57446
360 -0.543121
326 -1.89053
255 -2.42288
292 -1.82462
426 -1.07745
419 -3.65866
700 0.615662
465 -0.711487
193 -2.26888
173 -4.35454
266 -2.31601
341 -1.60428
465 -0.748627
748 0.885071
265 -36.8208
134 -2.80655
670 0.416992
487 -0.279266
353 -1.59036
382 -1.48373
515 -3.64938
462 -0.719208
369 -1.45892
30 -126.269
352 -1.52267
418 -4.60504
434 -0.807617
723 0.908081
199 -0.734634
102 -2.78917
364 -1.55304
392 -1.38867
382 -0.207275
369 -1.45901
734 0.87854
487 -0.40799
197 -2.27319
467 -0.11496
253 -2.21439
144 -2.68208
220 -2.0442
383 -1.36194
487 -0.284027
251 -2.17091
519 0.0476074
753 1.13684
519 0.146667
369 -1.45935
317 -1.80698
740 1.38873
318 -2.00739
391 -1.39062
437 -0.897247
114 -2.99346
178 -4.39038
329 -33.5123
37 -137.687
266 -2.31573
307 -2.13385
364 -1.60892
216 -2.12627
134 -2.7646
487 -0.408447
507 0.15097
369 -1.45966
234 -2.27589
141 -2.63118
507 -0.0763245
270 -9.15228
795 2.66492
778 2.3631
457 -0.812195
237 -2.30449
307 -1.79242
366 -1.58948
180 -4.34447
462 -0.795532
458 -0.656464
231 -88.3019
458 -0.650879
617 0.324951
266 -2.31592
366 -1.47525
607 0.397095
440 -0.879883
796 1.47321
1118 17.2531
153 -127.283
396 -1.39508
471 -0.676392
354 -1.61182
531 0.0957031
734 0.878235
264 -2.29382
345 -1.37299
190 -115.62
627 0.29895
108 -3.06702
732 0.861938
291 -2.28305
691 0.672119
328 -2.10364
382 -1.46127
497 0.0648193
686 0.664429
116 -13.5076
314 -2.01868
170 -4.39955
188 -4.23154
494 -0.239563
254 -2.25519
681 0.522461
212 -2.19669
292 -1.8251
435 -0.664001
672 0.397339
353 -1.55814
455 -0.811523
427 -1.14014
277 -2.33847
489 -0.358124
237 -2.31758
573 0.139038
307 -1.79251
535 0.150452
412 -1.20166
613 0.303284
434 -0.807587
313 -2.00195
481 -0.277649
428 -0.916992
561 -0.297668
182 -4.29443
289 -2.25995
442 -0.852356
339 -1.79153
173 -4.37744
133 -2.7731
287 -2.75653
259 -62.5176
458 -0.661194
291 -5.60812
281 -2.28171
1079 15.2574
249 -2.34502
405 -0.626984
825 2.65454
490 -0.269104
414 -0.876251
518 0.0606079
302 -2.22202
237 -2.30385
329 -1.87363
260 -2.29688
377 -1.08734
339 -1.78131
794 2.63525
109 -22.7294
428 -1.09171
320 -2.00049
182 -4.2951
940 7.26703
126 -2.91108
109 -3.04394
535 0.132629
507 -0.0248413
801 2.61096
804 2.69568
205 -49.1766
140 -2.62666
286 -2.23367
753 1.13727
412 -1.20251
266 -2.31592
351 -1.52124
205 -2.258
296 -2.09549
339 -1.77969
319 -1.84399
266 -2.32294
812 1.5188
99 -2.83995
408 -0.707489
4 -2.6945
37 -137.682
455 -0.757019
759 1.14264
490 -0.2453
923 5.38904
474 -0.582733
137 -2.60794
69 -96.1749
690 0.588318
408 -0.706116
491 -0.237152
205 -2.25703
280 -2.27377
699 0.513428
53 -31.8028
380 -1.5546
273 -2.27945
715 0.818726
385 -1.42758
364 -2.03238
288 -2.23578
660 0.491699
251 -2.36275
352 -1.58942
395 -1.44608
517 0.0108643
492 -0.267761
422 -1.19684
4 -2.69499
464 -0.696014
42 -121.221
492 -0.272308
473 -0.27182
144 -2.69829
471 -0.485199
444 -0.945435
323 -1.96701
183 -4.23012
151 -88.0044
401 -1.30734
753 1.17242
382 -1.41074
312 -4.92181
301 -2.16272
345 -2.00964
439 -0.925476
707 0.756165
486 -0.223602
778 2.36182
439 -0.875641
273 -2.289
784 2.65979
458 -0.651947
274 -2.31906
254 -2.44516
199 -2.61142
549 0.328491
323 -1.98959
328 -2.10364
137 -2.60783
138 -131.559
321 -1.99011
734 0.680298
498 -0.177734
485 -0.446808
840 3.44379
314 -2.02216
357 -1.57956
292 -34.6387
733 0.882935
825 2.65454
627 0.29895
143 -2.68227
492 -0.234558
501 -0.044281
298 -2.19968
391 -1.3909
646 0.355103
307 -2.1351
465 -0.722931
118 -2.96591
201 -2.8073
123 -2.82262
289 -2.2803
32 -62.3697
369 -1.45908
241 -2.31918
286 -2.72058
268 -2.33762
712 0.832764
180 -4.36346
137 -2.60793
353 -1.59833
439 -0.926514
134 -2.76434
197 -2.27327
503 -0.0435181
202 -0.401566
462 -0.716278
231 -88.3159
325 -1.87125
169 -2.6277
751 1.79169
504 -0.138824
684 0.487976
133 -2.86349
144 -2.68456
126 -2.90826
363 -1.5719
793 1.72626
331 -1.82599
198 2.94708
557 0.000549316
253 -2.21217
281 -2.29672
110 -117.445
477 -0.473785
801 2.70007
424 -1.11636
160 -2.60272
638 0.426941
670 0.372009
388 -1.24933
710 1.86108
592 0.29248
457 -0.820984
216 -2.12645
624 0.321106
59 -3.30164
316 -2.02304
698 0.58374
727 0.842896
202 -3.9855
335 -2.0134
375 -1.48865
102 -3.00855
289 -30.4514
250 -2.15535
339 -1.76291
246 -1.03046
441 -0.852509
463 -0.724854
242 -2.36943
403 -1.03726
328 -2.10361
686 0.664124
439 -0.777863
549 0.329224
533 -0.119202
192 -2.33751
463 -0.724304
250 -2.00682
850 2.31213
733 0.758606
93 -3.09006
699 0.513367
349 -1.50693
463 -0.717041
458 -0.651459
218 -2.20251
126 -2.91062
412 -1.20889
455 -0.811584
489 -0.346588
412 -1.20721
320 -1.97873
236 -2.30927
202 -4.06218
288 -2.24524
424 -0.925568
219 -93.9322
117 -2.63741
538 0.295837
58 -107.224
412 -1.20898
134 -2.80675
286 -2.28818
81 -3.22268
217 -2.11626
753 1.13678
354 -1.64264
435 -0.823425
249 -2.35884
197 -2.27467
273 -1.72177
316 -3.47031
251 -2.17139
434 -0.83197
251 -2.18202
540 0.144897
293 -1.49548
412 -1.22903
308 -2.1557
207 -2.17227
285 -2.25198
25 -116.669
305 -2.15765
289 -2.24814
354 -1.64133
215 -2.13589
535 0.252808
491 -0.314789
167 -2.51372
345 -2.0094
440 -0.281952
1118 17.2527
507 -0.0372314
458 -0.655609
167 -4.40115
484 -0.431335
133 -2.86331
241 -2.32768
381 -1.19031
482 -0.296814
90 -139.558
342 -2.17587
346 -1.53656
456 -0.48645
317 -2.02228
371 -1.48175
245 -2.33757
274 -2.27264
462 -0.432007
463 -0.444031
135 -2.60861
382 -0.209625
198 -2.27768
458 -0.655731
482 -0.29007
320 -2.01196
237 -2.30414
237 -1.12431
379 -1.44916
489 -0.334442
50 -143.255
467 -0.747742
534 0.281799
161 -104.354
746 0.807495
474 -0.544373
297 -2.08191
240 -2.33447
360 -1.54825
345 -1.55719
385 -1.43481
439 -0.919983
592 0.194458
354 -1.50549
501 -0.0565186
437 -0.895264
504 -0.140076
389 -1.27344
727 0.847778
490 -0.244171
215 -2.18018
657 0.457275
739 0.781433
363 -1.57928
293 -2.2197
311 -2.09799
331 -1.79803
463 -0.524963
824 3.14539
35 -3.27432
341 -1.75534
244 -2.30301
166 -4.354
552 -1.40851
316 -2.02332
42 -121.199
430 -0.855988
289 -2.33258
415 -0.536255
464 -0.738342
440 -0.910675
108 -3.12365
399 -1.34091
227 -6.28996
3 -3.94612
142 -2.72313
119 -132.308
619 0.320679
382 -0.193848
804 2.46051
911 6.06708
435 -3.0509
123 -2.82265
526 -0.542175
162 -2.59848
974 8.90985
192 -4.12756
133 -2.86256
265 -2.34595
289 -2.27478
748 0.88501
288 -2.70258
458 -0.650635
441 -0.554474
333 -1.81464
182 -4.30766
314 -2.02304
339 -1.76636
715 0.818542
487 -0.407928
241 -1.09584
342 -1.44543
354 -1.6571
238 -2.32745
403 -1.42215
133 -2.86346
215 -13.9892
173 31.7911
506 -0.0940552
190 -115.62
1090 8.33105
307 -1.79272
133 -2.86275
250 -2.05725
314 -2.0206
315 -2.24936
216 -2.12802
162 -4.39525
592 0.194275
725 0.798279
405 -0.626312
276 -2.25378
493 -0.19281
457 -0.799164
405 -0.627228
328 -2.10358
341 -2.11731
471 -0.304657
4 -2.69604
471 -2.31363
328 -2.27292
391 -1.39072
286 -2.72052
481 -0.252594
360 -0.542725
522 0.0698242
851 2.81635
187 -4.20078
858 4.12268
299 -1.75531
509 0.0192261
715 0.818481
458 -0.65036
727 0.710266
669 0.430176
415 -0.535278
444 -0.933411
785 1.66217
301 -2.23166
47 -3.43825
288 -2.31577
130 -2.62735
495 -0.220245
139 -133.276
250 -2.06056
305 -2.17508
465 -0.761322
378 -1.33093
307 -1.78928
320 -2.0025
380 -1.46124
464 -0.684906
364 -1.55267
81 -3.22153
307 -1.79239
192 -4.1098
10 -3.847
359 -1.45874
264 -2.32098
254 -6.27586
249 -2.38066
447 -3.50839
458 -0.652008
686 0.507263
117 -132.986
487 -0.275818
307 -2.14481
453 -0.502075
733 0.77478
102 -3.00414
504 -0.13855
249 -2.38103
288 -2.24615
117 -131.811
278 -2.35199
77 -141.235
445 -0.907166
782 2.32001
1062 14.1097
138 -2.52022
236 -87.9036
465 -0.74176
379 -1.47275
474 -0.582275
241 -1.92282
123 -2.82309
247 -2.36082
236 -2.30917
160 -2.66721
215 -2.13678
665 0.432251
481 -0.278412
298 -2.43799
160 -2.66779
389 -1.19537
37 -137.666
117 -3.04934
501 -0.0845947
296 -1.54834
681 0.529602
733 0.725952
292 -1.50928
218 -2.2023
360 -0.542664
134 -2.80586
753 1.13721
259 -2.30219
322 -46.7521
254 -2.43819
393 -1.37778
504 -0.160828
207 -2.16978
250 -2.05344
329 -33.2298
276 -2.29868
471 -2.31293
293 -2.27429
22 -3.43258
137 -2.60796
15 -3.54975
318 -2.30801
133 -2.7549
461 -0.678925
442 -0.830017
886 5.44507
123 -2.82251
809 2.67725
64 -3.08843
81 -3.22176
314 -2.01883
354 -1.67111
289 -2.33264
160 -2.66765
573 0.0366821
160 -2.6678
305 -2.10956
166 -2.56595
385 -1.01437
151 -3.57443
233 -2.21048
683 0.542969
515 -0.072937
128 -2.90932
215 -2.18204
429 -0.870789
1025 6.7334
532 0.0870361
217 3.08881
318 -2.00827
257 -2.30624
179 -3.40536
294 -32.629
349 -0.756256
279 -2.33463
227 -6.29099
207 -11.378
603 0.34845
412 -1.20505
411 -1.07541
397 -1.33682
539 0.306335
412 -1.20233
326 -1.86249
482 -0.28653
614 0.295166
909 5.89435
412 -1.20786
457 -0.645874
303 -1.73343
131 -2.78897
270 -2.19589
139 -131.036
237 -1.65509
325 -1.86447
312 -2.12286
183 -3.53012
553 0.156006
215 -2.17107
373 -1.15173
391 -1.39084
341 -1.63
81 -3.22188
458 -0.66748
535 0.15094
678 0.422729
221 -2.19977
520 0.0644531
182 -4.34406
277 -2.3324
449 -0.838165
394 -0.641693
36 -3.3143
681 0.529114
160 -2.66766
67 -87.9195
211 -2.24886
243 -2.32939
269 -71.9824
200 -0.454163
477 -0.58963
317 -2.01578
691 0.482483
312 -2.07669
483 -0.104828
368 -1.46823
759 1.13989
305 -24.5569
481 -0.248016
395 -1.32468
458 -0.663757
276 -2.55066
281 -2.30215
343 -1.59567
197 -2.27075
441 -0.84436
250 -2.03508
794 1.72052
607 0.344666
448 -0.81781
743 0.979675
406 -11.985
519 -0.0228271
73 -3.10696
110 -117.42
122 -2.97596
651 0.483459
109 -22.5582
540 0.156189
654 0.448975
81 -3.22259
821 2.76996
316 -2.02267
675 0.54834
216 -19.8118
131 -2.75238
825 2.65454
246 -1.03281
288 -2.3157
132 -5.16975
333 -1.81125
449 -0.6362
359 -1.56705
313 -2.05917
76 -50.5099
504 -0.0269165
263 -2.28424
608 0.330383
822 3.23669
563 0.330505
497 -0.210388
251 -2.36467
451 -0.638641
246 -1.03279
351 -35.4627
238 -1.57709
266 -2.31552
424 -1.02151
244 -2.0714
250 -2.0574
359 -1.61252
149 -2.67555
450 -0.832977
661 0.405334
439 -0.93042
213 -2.23483
247 -5.8878
214 -2.19559
131 -2.75533
619 0.327637
750 1.78528
443 -0.119049
481 -0.278778
487 -0.356903
129 -2.89384
289 -2.33197
427 -0.967468
539 -2.67065
443 -0.821014
427 -1.01807
733 0.725281
313 -29.6069
109 -22.7468
81 -3.21748
749 1.13635
465 -0.736633
307 -6.09708
102 -2.99072
290 -1.6196
813 2.82434
451 -0.705536
76 -50.5026
288 -2.29559
753 1.17188
466 -0.715668
286 -16.7392
224 -2.0537
369 -1.45929
316 -2.02274
198 -2.27713
314 -2.25342
215 -2.1369
163 -2.60553
778 2.36255
730 2.13074
444 -0.854828
516 -0.784241
251 -2.38866
316 -2.02267
451 -0.506287
270 -2.29202
160 -2.66785
287 -2.18369
309 -2.1178
198 -2.27791
175 -4.37392
257 -2.34009
166 -2.63385
202 -3.98557
247 -2.09473
273 -2.34021
668 0.474731
272 -2.12643
469 -0.288086
113 -3.01658
691 0.482422
796 2.50562
37 -137.664
583 0.359436
281 -2.29672
121 -2.64247
560 0.167358
65 -3.22641
215 -2.12367
329 -33.5151
1079 15.2552
482 -0.512543
491 -0.204865
13 -3.41545
853 4.11847
939 5.4729
76 -50.5332
169 -4.36716
654 0.322693
166 -4.35397
131 -2.78639
345 -2.00894
592 0.194214
608 0.287231
385 -1.44107
328 -2.10342
455 -0.487457
170 -113.815
366 -1.3978
679 0.520386
522 0.0928345
305 -2.0159
1118 17.2522
294 -2.13525
123 -2.8224
75 -90.1403
806 1.81873
505 -0.0275574
302 -2.11249
232 -1.79111
696 0.911133
142 -128.773
146 -2.71396
370 -1.55414
230 -6.64059
121 -3.00191
448 -0.768951
171 -118.751
241 -1.96236
514 -2.74094
835 3.28717
455 -0.629242
257 -2.31139
492 -0.267181
615 0.313843
15 -3.5531
252 -2.20647
99 -2.84013
328 -3.98239
458 -0.652527
208 -2.08524
850 3.94836
727 0.824524
103 -137.976
95 -75.1244
25 -120.885
316 -2.34549
173 31.7892
441 -0.786346
210 -15.6032
553 0.156067
680 0.699707
481 -0.508606
662 0.459656
241 -2.03751
46 -70.3046
70 -3.2691
262 -2.29291
283 -2.28882
741 1.01678
521 0.0228271
125 -2.64606
354 -1.50604
592 0.292053
141 -2.69846
780 2.35437
241 -1.10928
372 -1.51941
697 0.593323
345 -1.37402
749 0.88678
675 0.412598
95 -3.05313
339 -1.77411
140 -2.50333
342 -1.97968
769 2.22998
592 0.194031
357 -1.50793
336 -1.7374
270 -43.7276
898 5.76685
753 1.17212
36 -3.331
711 0.673157
4 -3.33327
438 -0.915405
133 -2.86267
247 -2.07164
278 -2.22992
350 -1.56085
454 -0.471191
492 -0.269623
668 0.469482
778 2.36328
303 -2.1449
103 -2.96467
964 8.55304
237 -2.31734
172 -3.56636
311 -15.6972
779 1.77277
434 -0.80722
670 0.376953
514 -2.7438
119 -3.00288
279 -1.26193
434 -0.804504
70 -3.27201
371 -1.42554
490 -0.236847
250 -1.92632
531 0.088562
526 0.086792
406 -1.32446
435 -0.844666
275 -2.51736
127 -2.89536
678 0.44342
328 -3.98318
50 -143.288
1122 19.9216
253 -2.41629
513 0.0357666
834 2.23669
494 -0.188049
144 -2.68256
487 -0.42807
752 1.79059
79 -40.8286
196 -4.09975
67 -87.9168
197 -6.8096
274 -2.31482
246 -1.03258
72 -3.0983
183 -4.31154
811 1.24109
415 -0.536438
681 0.523865
336 -2.39673
262 -2.1875
462 -0.722076
469 -0.344482
350 -1.5224
269 -2.28674
251 -2.20108
208 -2.06946
98 -3.08668
391 -1.53738
250 -2.03946
278 -2.31912
97 -2.8985
331 -2.25314
116 -2.6342
507 -0.0764465
538 -2.51093
272 -2.18991
141 -2.6293
13 -3.39917
293 -2.13464
28 -3.75029
97 -3.12947
69 -84.9159
504 -0.139008
551 -1.32874
280 -41.9702
953 4.10864
265 -2.26358
740 1.58301
407 -1.31985
341 -1.54651
263 -1.51422
379 -1.49591
424 -1.1178
192 -2.33362
336 -1.84494
167 -4.44257
71 -94.1656
670 0.373108
320 -15.3675
480 -0.480255
492 -0.242157
527 0.0704346
699 0.634033
366 -1.59091
87 -3.11709
481 -0.241577
208 -11.205
333 -1.78094
206 -2.2691
369 -1.51788
458 -0.506042
288 -2.70181
705 0.690186
442 -0.682709
379 -1.34015
528 0.0462646
653 0.469116
401 -0.470276
448 -0.63205
167 -4.44191
183 -36.5172
70 -3.26913
128 -116.141
345 -1.37375
510 -2.11679
398 -1.37213
231 -1.68985
365 -1.52563
211 -0.458984
76 -71.6207
576 0.24469
249 -1.9052
144 -2.68466
405 -0.626099
504 -0.138519
362 -1.1976
183 -4.30125
583 0.163879
308 -20.0555
391 -1.3916
463 -0.458557
452 -0.799225
268 -2.31934
282 -5.31027
69 -3.1017
442 -0.613678
422 -0.384552
149 -2.62938
32 -62.3724
141 -2.65352
514 -2.72903
483 -0.307068
348 -7.34702
465 -0.737701
300 -2.03946
501 -0.0766296
250 -2.08717
57 -3.46379
511 -0.00515747
152 -109.033
288 -2.28314
397 -1.35495
97 -2.8867
629 0.51123
277 -2.34109
364 -1.50269
936 4.44379
289 -2.25613
1057 11.4545
359 -1.47543
465 -0.524353
198 -2.28343
358 -0.35965
144 -2.68463
340 -1.73178
477 -0.558197
653 0.463196
366 -1.55453
126 -2.9079
315 -2.2699
579 0.211182
321 -1.99066
54 -3.20635
707 0.64679
176 -2.36546
507 0.153412
492 -0.259003
732 0.80011
825 2.6546
246 -1.03226
455 -0.595825
302 -2.14737
364 -2.03244
284 -2.24402
532 0.0917969
322 -46.7528
66 -3.23277
109 -2.76751
381 -1.42334
251 -2.17445
119 -2.67747
532 0.086792
334 -1.79193
624 0.333801
288 -2.79642
412 -1.20734
527 0.0388184
558 0.0410767
59 -3.29882
452 -0.706238
278 -2.35184
256 -2.41008
489 -0.120972
749 0.886841
637 0.357605
384 -1.26044
509 -0.016449
304 -2.12781
134 -2.8098
17 -3.58715
121 -2.81694
183 -4.27605
286 -2.72064
695 0.59137
418 -4.60495
896 5.61749
940 7.26709
164 -2.63989
698 0.62616
314 -2.02365
532 0.219727
73 -3.0905
328 -3.98312
551 -1.81519
675 0.423645
551 -1.8222
344 -1.84262
141 -2.67044
538 0.135498
58 -3.2777
464 -0.482239
282 -2.33914
465 -0.731262
911 5.82751
188 -4.23146
250 -2.06129
801 1.65436
192 -110.895
196 -4.13966
424 -1.12646
116 -3.1107
520 0.0585938
913 6.13928
123 -2.82247
458 -0.652252
183 -2.32249
385 -1.00888
462 -0.723572
232 -1.69406
140 -2.63843
221 -25.6375
3 -95.0045
392 -1.32413
520 0.00762939
355 -1.61407
157 -2.60316
144 -2.67998
43 -3.44574
265 -2.31155
131 -2.78696
525 0.0765991
202 -135.771
848 3.85095
798 2.40112
801 1.62708
83 -94.816
232 -1.6602
443 -0.939911
704 0.639709
554 0.172974
146 -2.68616
166 -4.35411
66 -3.13556
540 0.155701
126 -2.90826
211 -2.2489
193 -2.27481
189 -4.10339
1079 15.2554
681 0.520447
141 -2.66064
469 -0.471802
171 -118.749
288 -2.31482
126 -2.87442
244 -1.72505
421 -1.19995
522 0.0928955
346 -2.64691
601 0.359192
709 0.654541
286 -2.72061
879 3.12463
52 -26.674
354 -1.50327
458 -0.656464
520 0.00622559
67 -3.19345
498 -0.183533
322 -46.7524
504 -0.138672
167 -4.43883
144 -2.68471
289 -2.33047
142 -2.78558
179 -4.35904
288 -2.3045
186 -4.22684
123 -2.8226
258 -2.23582
427 -0.828186
197 -2.26971
165 -124.609
140 -2.68491
236 -2.30936
391 -1.39072
801 2.53741
73 -3.10718
92 -3.1457
422 -1.2041
234 -1.77876
136 -2.71552
103 -138.038
105 -139.839
173 -2.46474
471 -2.31393
381 -1.3912
305 -2.01477
464 -0.724457
353 -1.58728
170 -4.39937
991 9.73468
189 -4.10333
940 7.26703
55 -3.34773
111 -2.81566
514 -2.7334
522 0.0929565
270 -2.11774
266 -2.2019
355 -1.2655
451 -0.400482
163 -2.61041
462 -0.431488
806 1.81897
336 -1.77505
133 -2.77121
305 -2.01584
255 -2.36139
436 -0.90686
822 3.11426
531 0.0993042
472 0.000396729
69 -3.28621
540 0.15564
521 0.0531006
515 0.15625
331 -1.79883
260 -2.24347
382 -0.193604
106 -2.72909
89 -3.12922
514 -0.0769653
329 -4.15005
476 -0.372742
679 0.487305
109 -3.06503
328 -2.10364
531 0.0993652
537 -0.368469
610 0.272278
803 2.51868
211 -2.25186
144 -2.68451
231 -1.67863
7 -3.20178
170 -4.39952
138 -2.65204
471 -0.462585
378 -0.237091
708 0.626465
250 -2.16087
114 -2.63393
419 -0.310638
531 0.0725098
125 -117.497
251 -2.17883
289 -2.33273
654 0.507935
875 3.21295
528 -2.46796
471 -2.30042
876 2.9613
140 -2.65572
440 -0.787994
160 -2.66765
137 -2.60793
507 -0.078125
32 -62.4247
175 -2.45662
173 -2.70706
351 -1.64212
424 -1.11465
670 0.372437
950 7.86572
123 -2.82254
160 -2.66748
385 -1.01578
112 -3.01268
279 -1.26663
729 0.75
899 5.77747
481 -0.243286
349 -1.535
153 -2.60532
553 -1.24622
183 -4.29964
329 -33.5491
123 -2.82265
316 -6.67645
253 -2.20068
188 -4.23198
369 -1.45932
102 -3.19982
279 -2.31824
99 -2.83984
250 -2.03334
115 -2.99544
855 4.08423
325 -2.284
251 -2.16814
97 -2.88716
246 -1.03259
192 -4.07394
940 7.26727
801 1.67719
499 -0.143005
160 -2.66737
507 0.15332
227 -6.2523
801 2.6106
693 0.668884
278 -2.3096
90 -2.96436
541 -0.287292
501 -0.051178
396 -1.21286
28 -3.75028
246 -1.03264
385 -1.01773
205 -2.24712
212 -2.23537
25 -116.654
526 0.18042
726 0.745178
504 -0.141785
540 0.155945
15 -3.55518
353 -1.57977
710 1.86139
299 -2.18997
302 -2.14136
281 -2.24976
669 0.453857
263 -2.16995
465 -0.749176
406 -1.10413
496 -0.231079
133 -2.60114
70 -3.27172
358 -0.359558
248 -2.362
246 -1.03238
188 -4.23134
227 -27.912
192 -2.33675
439 -0.931732
246 -1.03271
215 -2.12933
305 -2.01511
356 -1.5849
804 1.72015
1057 15.933
1045 -1.53918
424 -1.12509
423 -1.1232
406 -0.959259
114 -2.72751
488 -0.260406
854 2.69885
721 0.65979
214 -2.18854
472 -4.26459
66 -3.23293
552 -1.51685
454 -0.716156
198 -2.2773
393 -1.29669
193 -100.612
390 -1.44202
211 -2.24876
704 0.63031
319 -2.28824
282 -2.22891
829 2.34753
120 -2.83027
349 -1.5733
518 0.0610352
366 -1.5842
640 0.333313
300 -18.23
504 -0.139435
497 -0.207825
123 -2.8223
680 0.419067
81 -3.22173
216 -15.5147
133 -2.77145
353 -1.3302
333 -1.7861
90 -2.96675
408 -1.18607
369 -2.38251
126 -2.90823
231 -1.68721
705 0.663696
73 -3.1067
232 -1.15715
681 0.529114
126 -2.90818
16 -3.57289
239 -1.71448
118 -2.93528
178 -2.42958
668 0.469421
298 -2.23645
646 0.393372
439 -0.865295
167 -4.38301
429 -0.949585
72 -3.10581
108 -3.12509
264 -2.15561
886 4.97394
354 -1.50421
496 -0.175903
510 -0.0374146
507 -0.0441589
238 -1.70399
797 2.68018
522 -1.47375
287 -2.71204
22 -3.43397
102 -3.00353
646 0.355164
215 -2.13715
830 2.31146
843 3.75531
738 0.859741
482 -0.408447
217 -2.1165
680 0.417847
95 -3.08447
52 -3.3659
1058 13.5143
461 -0.315216
133 -2.86243
166 -4.35402
461 -0.681213
652 0.406677
498 -0.200256
155 -2.57683
260 -2.3233
354 -1.9939
609 0.24585
192 -2.33681
345 -1.52423
279 -1.26779
780 2.35437
821 2.13007
404 -0.677673
473 -0.514099
681 0.529053
504 -0.0301514
807 1.87689
202 -3.9856
557 0.305786
551 -1.82361
628 0.347656
167 -4.33394
165 -4.38786
52 -28.1441
363 -1.57471
675 0.504761
432 -0.865601
114 -3.01907
8 -109.827
730 0.836304
810 2.66705
214 -2.19579
499 -0.171417
78 -2.98434
123 -2.8226
522 0.0929565
59 -3.30001
825 2.65454
99 -2.8396
274 -71.4185
447 -0.715302
239 -2.30446
440 -0.621216
276 -35.778
328 -3.98199
80 -3.23837
249 -1.59702
95 -3.04884
694 0.864685
812 1.22125
681 0.529114
219 -93.9322
163 -2.60971
503 -0.037384
437 -0.749786
369 -1.45908
216 -2.18932
197 -2.27049
581 0.0361328
70 -3.27168
59 -89.6391
440 -0.353424
237 -1.59587
499 -0.196228
79 -3.0843
380 -1.25195
133 -2.53024
368 -1.56873
850 2.31146
111 -2.86334
215 -2.12914
308 -8.21777
362 -1.21008
338 -2.15857
385 -1.00928
329 -33.4454
634 0.364075
185 -2.30655
841 3.19421
157 -2.95761
266 -2.10376
436 -4.48282
646 0.390991
13 -3.44571
337 -2.15518
670 0.372681
360 -3.38647
921 6.60291
688 0.461487
531 0.0991821
93 -3.17226
392 -1.32129
44 -2.90365
551 -1.81549
134 -2.69939
160 -2.66742
332 -1.78696
878 3.11163
507 -0.0395813
981 5.70654
66 -91.3002
408 -0.707703
681 0.529297
516 -0.784363
250 -1.97212
65 -3.08839
220 -89.2535
487 -1.97147
314 -2.02539
426 -0.8591
809 1.25653
345 -1.37408
358 -0.358917
558 0.360596
488 -0.36972
496 -0.0748291
102 -3.00366
89 -3.05727
810 1.26276
257 -2.37296
735 2.38788
476 -0.539124
523 0.0698853
439 -0.913696
514 -2.74368
389 -1.39603
288 -31.8525
682 0.518005
397 -1.51602
175 -4.3564
171 -118.734
13 -3.42883
95 -3.05309
378 -0.23761
47 -3.37001
119 -2.62405
695 0.58783
410 -1.16269
231 -1.67615
1177 21.8168
70 -3.26852
80 -3.25507
489 -0.241364
404 -1.33145
219 -93.9328
249 -2.07104
1122 19.9213
522 0.0928955
412 -0.46759
408 -0.575836
110 -3.00529
36 -125.857
391 -0.980011
820 3.26178
438 -0.379272
447 -3.50699
13 -3.44358
443 -0.345612
439 -0.936676
45 -3.4535
328 -2.10336
889 3.49567
279 -2.33145
329 -2.23303
757 1.9314
1232 19.5712
491 -0.263306
287 -2.75659
95 -2.93768
348 -2.18433
670 0.400818
36 -3.38567
726 0.716003
246 -1.03256
104 -3.12132
553 0.155823
373 -1.13818
93 -3.17242
279 -1.26224
830 2.49738
103 -3.07758
431 -3.7822
150 -122.098
441 -0.79364
217 -2.11324
463 -0.476471
486 -0.447052
75 -3.22231
811 1.2229
195 -4.16617
177 -2.51726
198 -2.27731
204 -2.17444
94 -2.95135
315 -2.03867
471 -2.30093
152 -2.87547
279 -1.26245
358 -0.35907
102 -3.10031
222 1.38551
804 1.72083
592 0.194397
285 -23.0718
806 1.81866
102 -2.99962
518 0.0601196
472 -0.407257
203 -2.29199
940 7.26685
463 -0.462372
933 4.32025
740 1.39423
14 -3.09254
664 0.397522
357 -1.5997
446 -0.666382
462 -0.425812
160 -2.66768
13 -3.39679
84 -3.16862
641 0.435364
85 -2.9541
300 -18.2277
58 -3.2776
72 -3.09166
954 9.2796
907 5.83124
126 -2.90805
657 0.425659
394 -1.22122
10 -3.84704
17 -3.59546
311 -26.9411
143 -2.72702
314 -2.02054
138 -2.59955
353 -11.8448
817 2.93481
493 -0.220398
451 -0.456055
471 -2.29993
126 -2.90701
214 -19.0811
180 -4.38234
303 -1.72943
437 -0.756653
137 -2.608
286 -2.72055
4 -2.6994
409 -0.600098
546 0.167664
467 -0.473389
160 -2.66743
488 -0.417603
394 -0.482971
834 2.33435
352 -6.84497
290 -2.26443
71 -94.2413
98 -3.088
127 -16.8005
129 -132.34
64 -3.18767
664 0.342896
28 -3.74632
458 -0.651062
556 0.229614
391 -0.978973
26 -3.01716
216 -14.4666
167 -4.37996
555 0.340759
100 -3.09975
44 -2.9038
697 0.613403
492 -0.250244
981 5.68225
635 0.379089
126 -2.90875
230 -1.68315
302 -2.07877
450 -0.484894
172 -2.46701
13 -3.3989
228 -1.7769
251 -2.17287
465 -0.749542
526 0.088501
198 -2.17491
160 -2.66722
657 0.453857
217 -2.12729
487 -0.376343
1015 6.5
652 0.529175
129 -132.248
13 -3.40003
453 -0.487823
150 -2.63914
103 -3.14684
30 -3.45925
471 -2.3013
161 -104.355
318 -3.01532
130 -2.73982
364 -2.03247
627 0.298889
225 -1.91467
1146 12.1161
431 -0.371216
8 -109.828
395 -1.44611
329 -4.16193
561 -0.296265
198 -2.27719
265 -2.09921
117 -2.62487
59 -3.2982
112 -2.97437
510 -2.11612
578 0.0872803
120 -2.67265
724 2.04395
4 -3.9519
254 -1.97691
329 -4.15353
398 -1.20822
491 -0.276398
532 0.0878296
694 0.608643
113 -2.65174
152 -127.143
334 -2.23438
99 -3.11301
15 -3.56376
181 -2.26947
345 -1.35526
182 -2.3976
90 -2.97028
54 -3.20473
631 0.364807
918 6.11768
106 -3.10635
121 -2.94734
93 -3.17133
793 1.72888
1090 8.33057
276 -2.28311
231 -1.68513
347 -0.970856
406 -1.23996
251 -2.17346
366 -1.55945
274 -2.28683
15 -3.55748
42 -121.2
392 -0.975555
462 -0.313141
460 -3.96082
45 -3.45152
299 -2.49799
1177 21.8175
668 0.469666
66 -3.2332
344 -1.5986
265 -2.31119
724 2.04462
10 -3.81553
115 -2.68948
300 -18.2324
167 -4.38335
658 0.413879
52 -28.1876
1020 6.73633
448 -0.501465
405 -0.709625
447 -3.50745
97 -2.88545
264 -2.31
185 -4.24908
471 -2.31305
9 -3.17012
347 -0.98642
133 -2.77275
440 -0.812134
44 -3.33216
126 -2.90961
218 -2.20273
105 -3.14796
227 -6.2673
463 -0.441772
79 -48.1174
81 -3.21722
35 -3.39672
119 -3.07568
384 -1.45279
70 -3.13969
419 -3.87659
93 -3.10521
187 -4.13519
794 1.72064
792 1.71191
122 -2.65941
419 -1.20694
164 -2.64026
104 -3.2344
174 -3.80388
73 -3.09373
833 3.0199
813 2.85895
238 -1.75111
25 -116.653
346 -2.64465
59 -3.29963
105 -139.819
222 1.38602
556 0.230103
303 -2.16489
97 -2.88885
118 -2.96879
291 -2.57751
213 -2.2209
358 -0.358643
290 -32.3199
58 -3.28391
87 -3.12416
86 -3.06153
355 -1.5451
148 -2.61871
444 -0.347595
579 0.294556
481 -0.252258
303 -22.5312
321 -1.8472
329 -4.15689
314 -2.02335
18 -3.58773
98 -3.09453
239 -2.29599
256 -2.35252
228 -1.88847
70 -3.26871
90 -2.96346
473 -0.545135
881 3.19458
11 -3.17926
1085 9.42114
161 -104.364
59 -3.30019
292 -2.33249
426 -0.820892
107 -2.74419
495 -0.236145
25 -116.66
97 -2.88664
825 2.65454
104 -3.13531
473 -2.49927
480 -0.322174
84 -3.17227
458 -0.655762
807 1.87701
391 -0.980225
87 -3.12455
715 0.818726
27 -3.24509
501 -0.0522156
504 -0.139648
133 -2.66599
405 -0.62738
822 2.14197
243 -41.2228
626 0.305786
141 -2.74068
288 -2.79727
705 0.61853
332 -2.24423
97 -2.88438
670 0.401611
378 -1.51321
873 3.08435
402 -4.91388
973 8.69952
591 0.375488
83 -3.14532
128 -2.82796
162 -2.55661
709 0.63324
87 -3.14233
537 -0.373718
629 0.334534
259 -62.5231
271 -9.37787
118 -2.88863
188 -4.25296
70 -3.26865
163 -2.61005
233 -2.10042
90 -2.96478
230 -88.3209
402 -4.91467
482 -0.292847
173 -4.33902
479 -0.0110168
647 0.44812
924 6.49139
555 0.345337
1090 8.32764
817 2.00256
87 -2.88021
322 -46.7359
98 -3.13361
182 -2.38118
642 0.548157
847 2.5658
551 -1.33514
43 -3.44538
54 -3.20629
421 -0.820526
45 -2.91442
179 -4.02133
90 -2.96987
202 -4.06232
59 -3.3003
473 -0.610504
46 -69.5316
70 -3.26867
188 -4.16051
848 3.87543
563 0.332764
673 0.481995
249 -2.35995
440 -0.797668
1192 14.1888
99 -2.83994
403 -1.34695
357 -1.63425
97 -2.88523
743 0.825134
314 -2.25491
571 0.295105
161 -104.353
137 -2.60796
235 -1.15318
214 -99.1375
4 -2.69525
22 -3.44221
196 -4.15758
504 -0.0648499
17 -3.582
159 -3.29622
95 -3.05295
1090 8.33057
418 -1.16006
155 -2.65201
334 -3.0123
22 -3.43256
230 -2.00937
825 2.65454
393 -1.25833
40 -3.14296
28 -3.74658
733 0.774536
373 -1.13821
476 -0.348053
186 -4.06604
492 -0.105621
166 -4.35413
406 -1.34421
254 -1.14984
328 -2.10355
22 -3.44217
833 3.48438
821 2.76996
855 4.02124
838 2.2738
312 -3.82962
531 0.0955811
482 -2.22891
1085 9.42102
437 -2.76898
266 -2.15411
652 0.401978
286 -2.72055
886 3.3609
4 -2.6952
30 -3.25899
232 -1.62086
22 -3.44181
322 -46.7322
115 -132.505
229 -2.09167
734 0.87793
298 -2.16217
360 -0.543365
358 -1.59186
498 -0.169281
504 -0.13913
237 -2.02531
901 5.79822
504 -0.13559
97 -2.89388
202 -4.06186
825 2.65448
961 8.03198
714 0.604492
198 -2.27727
70 -3.14059
646 0.392517
346 -2.6449
518 0.179199
212 -1.95271
44 -2.90364
1164 20.9753
52 -28.1347
368 -5.55661
199 -4.71227
427 -1.21664
81 -3.22275
630 0.31897
374 -2.92993
425 -1.1853
449 -0.768097
300 -2.20795
28 -3.01508
673 0.474182
231 -2.09729
971 8.85565
803 2.52618
1177 21.8167
1177 21.8187
671 0.443298
57 -106.557
531 0.0991211
822 2.13525
29 -2.99958
185 -4.26877
356 -1.91638
120 -2.83434
838 2.41357
839 2.28241
637 0.413574
143 -2.68079
145 -2.65265
144 -2.68466
126 -2.9111
115 -2.98508
628 0.312622
166 -4.38631
519 0.146484
480 -1.52045
160 -2.66736
483 -2.30606
675 0.474182
14 -3.08632
681 0.517517
33 -3.48228
458 -0.656097
202 -4.0621
5 -3.87607
211 -2.24886
277 -2.35727
782 2.32367
81 -3.22626
406 -0.605011
238 -2.32816
773 1.53088
916 6.61401
173 31.7902
419 -0.910736
138 -2.59853
65 -3.22642
188 -4.23167
82 -3.05685
429 -0.6427
45 -2.89942
660 0.447815
28 -3.74907
632 0.313477
236 -1.50903
316 -6.75552
112 -3.00944
55 -3.46688
251 -0.559738
1019 6.69885
92 -2.97175
404 -1.32678
467 -0.735504
70 -3.27155
300 -18.2469
968 5.27417
25 -2.67012
656 0.516541
812 2.64246
427 -1.09769
60 -3.42617
307 -1.7926
133 -2.86337
87 -3.12318
508 -0.0166626
259 -62.5447
489 -0.260101
667 1.33801
163 -2.61046
164 -2.64011
447 -3.50775
262 -1.35751
428 -1.01459
15 -3.56192
1019 6.6991
290 -19.281
36 -3.27701
750 1.78406
126 -2.90338
261 -78.2796
922 6.21564
677 0.509521
30 -3.55366
28 -3.01403
681 0.518494
441 -0.846771
554 0.172974
301 -2.16574
30 -3.52179
205 -107.858
659 0.442871
428 -0.95929
239 -29.4251
1079 15.2574
199 -5.53606
741 0.791016
431 -0.613922
184 -3.98228
262 -1.35657
316 -6.67343
66 -3.23297
279 -1.26254
808 1.30774
227 -6.30252
44 -3.45609
566 0.34198
730 4.35498
808 2.78271
498 -0.0450439
64 -3.08796
691 0.482422
197 7.31517
807 1.87695
473 -0.530182
96 -3.08225
185 -105.927
167 -4.44218
184 -4.22421
670 0.372437
257 -1.51189
84 -3.22632
408 -0.708008
259 -62.5239
102 -2.99454
681 0.51825
464 -0.266296
446 -0.700714
402 -4.914
331 -1.81519
70 -3.27218
684 0.523315
467 -0.11496
547 -1.35846
153 -127.283
225 -21.9731
690 1.82874
681 0.517517
66 -3.13516
58 -3.28474
53 -3.3003
211 -2.25052
213 -19.1292
16 -3.5559
577 0.283386
377 -1.75949
200 -4.04755
506 -0.00289917
137 -135.334
560 0.167297
205 -3.89963
170 -4.42627
47 -70.7441
694 0.548462
181 -4.43262
877 5.05524
218 -2.21916
81 -3.21719
14 -102.887
1229 17.0894
454 -3.23682
434 -0.662933
734 1.31134
22 -3.00323
250 -2.38229
185 -4.23932
280 -1.47726
187 -4.21584
756 1.7666
192 -110.896
807 1.87689
186 -4.24004
325 -2.31046
175 -2.53174
55 -3.46723
1137 18.5475
750 1.784
67 -79.3908
488 -0.0643616
502 -0.12915
353 -1.59143
205 -3.97044
683 3.20441
91 -3.00477
442 -0.286835
322 -46.7331
545 0.363831
278 -1.5213
65 -3.227
126 -2.9081
661 0.396973
405 -1.40518
87 -2.89627
431 -0.430756
457 -3.11481
322 -1.95758
102 -3.00414
289 -2.33276
648 0.530151
276 -43.9026
627 0.29895
733 0.771362
639 0.343323
316 -2.02362
936 4.44385
90 -2.96587
673 0.410889
92 -3.14588
507 -0.0786743
430 -0.316742
405 -0.70816
1041 6.1897
197 -2.75089
202 -2.37437
506 0.142914
45 -3.43298
259 -62.5097
404 -1.33282
681 0.518433
526 0.0883789
535 0.150513
458 -0.651947
45 -93.4433
85 -3.05186
319 -34.622
454 -3.23679
482 -0.291901
140 -2.68552
211 -2.24837
187 -4.21425
189 -4.10387
66 -3.11863
913 5.86804
851 2.81647
135 -31.248
1085 9.42126
74 -3.1067
146 -2.68716
516 -3.44098
104 -3.21622
461 -0.678833
23 -120.167
755 1.23126
670 0.420105
991 9.73438
630 0.318848
45 -3.45499
125 -2.67175
15 -62.0289
118 -3.03534
669 0.500916
811 1.42682
259 -62.5196
373 -1.13815
218 -2.08958
504 -0.10376
90 -2.96533
163 -2.60786
176 -2.39421
155 -2.62309
28 -2.89047
1067 8.26953
107 -2.80758
280 -2.27182
144 -2.68454
346 -2.64502
791 2.57819
261 -2.70624
72 -3.0919
222 1.38535
56 -3.48691
360 -1.56277
70 -3.14845
1034 3.37927
88 -3.13406
110 -3.02356
170 -2.64163
676 1.44891
705 0.689758
16 -3.57072
290 -2.25412
408 -1.05826
262 -2.22778
109 -22.5651
90 -2.96672
442 -0.285004
501 -1.94821
157 -124.787
303 -2.05042
71 -94.1634
846 2.62927
457 -0.0864868
772 2.17328
391 -0.979706
794 1.72064
295 -2.04175
70 -3.26889
427 -0.886871
493 -0.246399
365 -1.556
400 -1.34589
95 -3.05316
246 -1.03052
627 0.298889
604 0.286621
502 -0.0222168
68 -3.13058
876 2.96143
346 -1.31415
124 -2.9595
131 -2.77527
358 -1.45636
126 -2.90892
410 -1.05316
22 -3.4419
481 -0.253143
806 1.81873
471 -0.355774
430 -0.26947
110 -3.03408
372 -1.43646
20 -2.62474
266 -2.32184
12 -3.70483
437 -2.77454
70 -3.27126
358 -0.359558
15 -3.56412
1212 -5.58508
82 -3.07587
28 -3.74899
367 -1.46249
654 0.40387
432 -0.388336
649 0.411255
958 5.5451
143 -2.69655
1177 21.8191
161 -104.36
154 -4.02805
750 1.78528
670 0.451477
131 -98.3558
163 -2.60985
103 -3.10136
835 2.36871
981 9.34277
935 4.40894
52 -3.2993
216 -23.7544
665 0.416565
391 -0.979889
429 -0.372192
15 -3.56357
10 -3.83395
658 0.357727
166 -4.50977
441 -0.801422
925 4.24091
308 -1.80618
54 -3.20533
686 0.592285
716 2.26575
217 -2.1256
44 -2.90384
378 -5.4931
55 -3.46795
259 -62.4941
753 0.7453
300 -2.15213
43 -3.33443
487 -1.97314
848 2.54382
458 -0.650726
65 -3.22686
41 -3.42091
750 1.78528
672 0.514648
518 0.0606079
510 -2.1156
163 -2.60971
251 -0.559998
650 0.505493
595 0.371948
476 -0.00146484
805 2.6167
848 2.56256
385 -1.00906
671 0.481873
528 -2.4679
670 0.372559
716 2.26636
188 -4.23219
84 -3.19402
28 -3.14756
17 -3.58029
259 -2.70975
739 0.781494
1007 10.1307
246 -1.02997
657 0.414551
30 -127.071
262 -24.4037
59 -3.29978
157 -4.30569
102 -3.00361
9 -3.1267
1033 7.09448
392 -1.3775
369 -1.41818
90 -2.96521
326 -32.4972
14 -3.56749
407 -1.30389
167 -4.44238
394 -1.42145
733 0.774658
413 -1.0285
574 0.411133
872 4.82721
102 -2.99628
28 -3.74945
756 2.44745
262 -1.35754
133 -2.77206
22 -3.4331
415 -0.535645
177 -4.31029
45 -3.44907
354 -1.54797
107 -2.71947
305 -2.17239
268 -2.1853
473 -0.546967
35 -3.50089
668 0.469421
156 -4.24144
554 0.172852
464 -3.15317
880 4.84894
401 -4.85245
807 1.87695
138 -10.067
82 -3.03456
402 -1.27954
1057 15.8438
491 -0.303955
389 -1.49844
680 0.589844
90 -2.965
664 0.421631
6 -3.2603
183 -4.34282
707 0.756226
823 2.15344
90 -2.96471
301 35.3596
1200 14.5647
1100 9.62866
958 7.74768
778 2.36328
1057 11.4547
934 5.47992
806 1.81873
807 1.87708
100 -2.93795
185 -105.916
1229 17.0901
82 -64.06
822 2.17914
186 -4.27232
48 -3.33173
240 -1.18529
909 5.80261
731 1.32489
515 -0.05896
110 -3.01575
90 -2.96824
782 2.32538
188 -2.26349
816 2.97998
16 -2.91962
45 -3.45098
54 -3.20655
313 -1.72333
140 -2.69896
153 -126.399
141 -2.4252
24 -3.15344
329 -4.15274
818 3.16321
70 -3.26904
680 0.587646
246 -1.03261
81 -65.2554
385 -1.01495
170 -4.42313
219 -24.2275
755 1.11554
17 -3.57979
96 -3.15845
274 -45.5842
966 8.22711
638 0.310791
143 -2.6815
10 -3.10561
195 -118.89
205 -3.97038
29 -3.01437
155 -4.49983
403 -0.70932
1083 9.54956
998 6.2196
347 -1.63947
840 2.4563
667 0.446411
1183 13.781
489 -0.191864
675 1.4574
460 -3.34393
539 0.393311
422 -6.01752
187 -2.22327
22 -3.43338
471 -2.30042
314 -2.25391
631 0.347412
95 -3.05318
314 -2.25565
218 -25.2557
246 -1.03265
32 -62.3863
386 -4.36813
427 -0.445679
65 -3.08699
738 1.53937
557 0.333618
70 -3.14795
664 0.344849
676 0.459229
474 -0.514862
479 -0.00820923
246 -1.03038
356 -1.91391
475 -0.127716
278 -5.70453
249 9.91788
632 0.38446
27 -3.29741
100 -3.12111
209 -15.6787
434 -0.704376
345 -1.29266
238 -2.32001
814 2.86768
28 -3.75751
92 -14.2745
539 -1.25061
1046 7.46301
116 -3.11686
1159 12.4303
144 -2.68431
875 4.49133
680 0.69928
630 0.318848
34 -3.50202
38 -3.48894
146 -127.681
848 2.54395
206 -3.87593
14 -3.1266
1187 13.9827
16 -3.56699
962 5.5733
11 -112.684
131 -134.413
20 -112.687
237 -1.92317
365 -1.50644
250 -2.01254
275 -2.3125
980 5.67114
329 -33.4925
23 -3.06271
589 0.359131
375 -5.50748
73 -3.22881
111 -2.72799
463 -0.442139
402 -4.91391
59 -3.29873
384 -0.962433
686 0.593445
6 -3.48297
687 4.54584
471 -2.3187
1093 16.1487
187 -2.24223
668 0.471558
830 2.49768
670 0.370056
106 -2.7852
952 4.48828
833 2.33826
47 -3.46662
122 -2.94868
208 -99.5194
1124 11.1403
359 -1.54779
325 -2.33353
546 0.0853271
327 -2.30493
996 6.23718
73 -3.1678
1019 6.69904
764 2.73169
981 5.68073
51 -3.48135
231 -1.69003
508 -1.72055
638 0.556885
952 7.56531
510 -2.11646
917 6.40833
215 -2.1337
884 3.31122
681 0.517517
479 -2.58124
78 -2.84386
629 0.329712
674 0.451965
959 5.03931
9 -101.334
860 2.6261
322 -46.7482
96 -3.13538
375 -1.13229
658 0.358643
376 -2.84732
133 -2.86269
408 -1.28845
449 -0.397095
1232 -3.07019
389 -0.432465
769 2.20239
70 -3.27123
32 -62.3881
321 -47.1247
443 -0.476227
328 -2.10352
691 0.482483
354 -1.50613
139 -2.78313
32 -62.3855
153 -3.56046
510 -2.1156
111 -2.99712
536 -1.01813
1177 21.8173
113 -3.1351
214 -2.21344
89 -3.07259
1171 13.1718
66 -3.32592
308 -13.4064
604 0.257385
453 -0.370697
727 0.787598
233 -2.21085
481 -2.51614
85 -2.95134
137 -2.65228
670 0.371704
30 -126.277
460 -3.34671
507 0.15329
394 -1.41974
125 -2.63205
1162 12.5225
312 -2.12326
471 -2.31549
126 -2.90976
1146 20.7227
59 -3.29934
205 -3.97032
554 0.174194
660 0.467224
680 0.699524
247 -1.11211
159 -2.60207
42 -3.30563
153 -2.69157
49 -3.42912
102 -3.00352
657 0.469543
138 -2.72092
919 6.51453
72 -3.08875
71 -3.07203
529 -2.91022
262 -1.35736
55 -3.46803
506 -1.91724
78 -3.00304
702 0.712036
66 -45.0695
163 -2.61005
675 0.52063
324 -1.80774
33 -3.03315
732 0.70874
70 -3.27228
683 0.512268
279 -1.26666
96 -2.99431
82 -3.02999
22 -3.43256
166 -4.51059
356 -1.52829
409 -0.597046
670 0.372437
874 3.09296
753 1.13721
11 -3.84032
337 -1.7074
336 -2.22583
473 -2.73596
67 -3.12862
506 -0.00408936
556 0.307007
282 -1.62659
651 0.409485
44 -2.90375
799 1.50366
52 -3.38411
262 -27.2493
327 -2.29755
9 -3.01908
522 -1.14386
305 -2.0159
15 -103.822
580 0.100037
789 2.50354
302 -2.87112
1093 16.1492
419 -3.65677
669 0.442444
188 -4.23216
52 -3.47752
90 -2.96641
755 1.11584
327 -2.2785
923 6.90088
157 -2.62216
140 -2.79794
102 -3.14047
65 -3.36777
435 -0.351227
739 0.781189
22 -3.44086
384 -0.608673
956 4.94336
232 -0.846466
593 0.150391
366 -1.47641
66 -3.3191
730 2.13086
185 -105.929
227 -6.30962
303 -2.20547
801 2.6109
131 -2.77153
4 -2.69992
716 1.02301
300 -18.2279
802 2.59052
1046 14.1166
73 -3.09163
133 -134.658
72 -83.5919
41 -3.32459
1155 20.2175
479 -0.429108
315 -56.3224
667 0.448975
369 -1.4621
467 -0.115631
95 -3.05308
509 -1.52484
41 -3.44765
978 5.74811
55 -3.35979
15 -3.55751
919 4.1535
237 -28.2264
447 -3.50754
102 -2.99969
1216 15.0406
110 -2.99043
184 -117.223
109 -22.7123
378 -1.39047
388 -1.51389
233 -2.17801
408 -0.52298
647 0.331177
328 -3.9812
42 -2.93319
464 -3.02774
10 -104.513
388 -1.21326
299 -18.1569
182 -4.42426
450 -0.834656
829 3.25745
313 -29.4134
375 -1.09183
212 -23.3324
1100 9.63098
24 -3.43864
38 -3.16326
471 -2.30063
102 -3.13387
657 0.430603
392 -1.37552
641 0.357422
1085 9.42017
59 -3.29865
314 -2.25351
249 0.230392
378 -1.35284
464 -3.12265
43 -3.44526
447 -3.50052
170 -113.814
750 1.78418
39 -3.2911
97 -2.8866
483 -0.127228
72 -3.09402
245 -40.7514
773 1.23859
870 4.83124
508 -0.0479126
388 -0.68866
433 -0.236389
865 2.97571
106 -2.77335
106 -3.03739
367 -7.88626
375 -1.44083
184 -117.223
401 -1.22348
202 -3.99152
780 2.35431
431 -0.346191
275 -2.20767
366 -1.49292
333 -2.25079
643 0.423462
313 -29.599
80 -3.28616
665 0.475037
371 -1.35651
99 -2.84057
463 -0.441162
1093 16.1489
464 -3.12225
83 -3.15142
32 -3.44811
105 -2.78349
30 -3.74255
1046 7.46338
480 -2.64215
131 -2.78218
28 -3.73497
572 -1.02106
178 -2.3819
341 -1.65094
510 -2.11621
520 -1.52606
532 0.197449
101 -3.10338
293 -2.30438
484 -0.111206
170 -113.815
331 -40.3481
666 0.406799
658 0.432861
851 2.81641
157 -4.37715
376 -1.33691
81 -3.1991
206 -99.419
138 -2.59827
144 -2.51628
148 -2.62029
803 2.52594
735 1.53992
1212 -5.58362
386 -4.36868
347 -1.59116
839 2.28979
83 -93.7103
503 -0.437408
449 -0.267059
1146 12.1158
90 -2.96371
142 -2.37111
915 6.58368
493 -0.0125427
285 -16.8522
557 0.325134
574 0.39386
659 0.466003
358 -1.59546
992 9.65973
626 0.325439
408 -0.707397
87 -2.69284
557 0.302429
650 0.341919
214 -2.19279
288 -2.70245
227 -6.31158
362 -1.46481
655 0.419556
211 -13.0567
85 -3.0265
1100 10.1471
691 0.482361
161 -104.361
455 -0.712402
762 1.99475
107 -2.71256
166 -4.50995
541 -2.2132
750 1.78601
309 -1.97662
364 -1.45612
658 0.394043
383 -1.27649
504 -0.139465
827 3.41992
98 -2.71701
847 2.56573
99 -2.84337
977 5.74426
759 1.14246
10 -3.84708
245 -1.56532
139 -2.83165
238 -2.31149
94 -7.85477
117 -3.04485
664 0.483643
386 -4.37033
101 -3.14652
760 1.19397
406 -11.9843
82 -3.20016
219 -89.0791
72 -2.95764
140 -2.64816
124 -120.144
54 -3.37603
797 1.72595
392 -2.27255
811 2.64209
1034 3.37927
373 -1.20496
592 0.194336
97 -2.89061
78 -2.84381
437 -3.00363
95 -2.62553
967 5.28326
631 1.3681
263 -28.0781
202 -4.06235
190 -115.62
16 -3.33695
284 -23.6557
147 -2.67694
831 3.46045
431 -0.504639
1079 15.2571
642 0.311646
1071 8.43494
819 8.40765
829 3.40369
864 2.60938
846 2.62585
43 -3.44577
504 0.0679016
603 0.348328
239 8.01733
145 -2.62347
997 12.1108
366 -5.54544
552 -1.31677
238 -2.29611
40 -3.09775
415 -2.24438
44 -2.90375
36 -3.31754
824 2.1629
806 1.88257
427 -0.438934
980 5.67108
435 -0.941101
406 -1.34616
560 0.24408
284 -23.6549
415 -0.534271
157 -3.44231
724 2.04431
267 -1.44232
1085 9.42004
389 -1.40643
794 1.72119
1034 2.00488
927 6.98328
659 0.457458
408 -0.706665
879 3.12476
399 -4.62415
322 -46.7355
733 1.28296
95 -3.15303
153 -2.67485
627 0.29895
391 -0.980164
16 -3.57653
940 7.26746
20 -3.04616
688 0.809509
684 1.48254
104 -2.75772
1100 9.6272
522 -1.47406
405 -0.742737
864 2.60699
929 7.28882
864 2.60693
300 -18.2447
506 -0.0950012
327 -2.26306
740 5.16156
660 0.463318
402 -1.2731
375 -1.40735
55 -3.46384
566 0.33197
409 -4.28159
412 -0.491455
407 -0.636353
47 -3.32448
45 -3.44925
206 -3.87613
16 -2.51698
96 -3.13129
190 -85.4797
463 -0.440033
1048 14.2308
646 0.400574
652 0.334534
34 -3.4103
147 -2.63075
557 0.332336
378 -0.239838
31 -2.58049
627 0.299133
205 -3.97026
28 -3.75187
1212 -5.58691
3 -4.02299
92 -3.15886
1183 13.7808
666 0.412842
613 0.302979
116 -3.12099
739 0.781494
1092 9.23987
35 -3.55545
386 -0.908569
27 -3.33956
464 -3.12433
807 1.93909
381 -0.405792
175 -4.37378
1199 14.3667
118 -2.81973
710 1.86163
779 1.78772
64 -3.14624
686 0.595093
419 -0.979431
426 -0.474792
70 -3.2716
733 0.714172
288 -2.70227
762 1.29065
940 7.2674
105 -3.09317
251 -0.559708
44 -3.45597
659 2.12085
150 -2.61896
753 1.172
411 -1.0383
931 4.28326
483 -0.2789
447 -3.50049
18 -2.48447
476 -0.549683
454 -3.23666
495 0.0027771
376 -1.40378
341 -1.77908
43 -3.44791
453 -0.348663
140 -2.63812
816 3.07642
6 -105.592
134 -6.15482
119 -2.64265
28 -3.74341
13 -3.41491
646 0.357178
651 0.406921
277 -2.57928
148 -3.39857
817 2.00262
76 -3.11082
402 -4.9137
238 -2.31422
467 -0.11911
393 -0.580139
807 1.96338
145 -2.66106
804 1.76984
1224 -5.60498
568 -0.136414
81 -3.08952
212 -22.0099
111 -2.89434
310 -1.94247
102 -3.00351
435 -2.99826
962 5.57269
22 -3.43355
4 -3.96752
461 -3.28613
47 -70.0815
99 -2.8438
454 -3.23743
935 4.33356
214 -2.20604
641 0.370544
742 0.790344
870 3.07141
677 1.48486
805 5.97107
432 -0.356476
807 1.93256
71 -3.1369
106 -2.72157
152 -100.086
45 -3.27746
627 0.29895
981 5.68048
980 5.67102
432 -0.897949
162 -3.07205
437 -0.55127
71 -3.1206
1122 11.0657
137 -2.65395
664 0.473999
233 -2.18242
457 -3.08939
93 -3.12107
78 -3.02761
669 0.50415
793 2.69696
97 -3.1571
954 11.1944
28 -3.01395
483 -2.26495
419 -3.65759
778 2.36359
312 -2.12167
164 -2.63948
335 -2.0824
804 2.64551
750 1.78571
546 0.0834351
368 -5.54318
794 1.72125
365 -1.6907
302 -29.4481
662 1.26129
103 -3.12505
681 0.714355
1100 9.63062
59 -3.31216
1019 6.69904
799 1.71631
189 -2.89606
467 -2.90408
285 -28.7607
897 3.3103
980 5.80157
694 0.704895
502 -1.69012
64 -3.08915
71 -3.0989
642 0.338135
762 1.23914
401 -4.85172
398 -4.58759
122 -2.64254
844 2.23749
4 -3.73201
152 -2.65588
373 -1.31802
704 0.620422
669 0.371338
465 -3.10449
864 2.60718
13 -3.44387
733 0.774719
506 -1.7984
12 -3.49572
213 -105.515
74 -2.98864
113 -2.83797
498 -1.88467
348 -35.3863
371 -1.44168
220 -2.04785
400 -1.51529
1100 10.1449
1084 9.09009
781 1.3277
640 0.380066
487 -0.110687
259 -2.71024
171 -118.748
639 0.5047
64 -149.962
206 -99.4192
394 -1.24646
415 -2.29239
353 -1.5553
357 -1.62372
429 -0.372772
742 0.788635
810 2.08063
480 -2.60626
467 -0.115692
746 2.39954
981 5.91821
161 -104.354
487 -2.21564
351 -2.18954
948 3.61774
430 -3.41742
1045 -1.55359
762 2.66058
96 -141.967
217 -1.92702
783 1.39648
1177 21.817
71 -3.17583
83 -3.13888
821 2.7699
981 5.70624
227 -1.80315
537 0.199524
464 -3.14774
1123 11.09
645 1.65961
91 -3.01347
757 1.92932
397 -2.72009
286 -2.72003
746 1.69196
208 -117.403
864 2.60938
432 -0.508881
289 -39.4996
953 4.10803
99 -2.84325
561 -0.297485
807 1.87695
686 0.704773
9 -3.94383
1132 11.5077
412 -1.21558
7 -3.99619
10 -99.9269
807 1.92786
809 1.9682
927 7.09436
981 5.92096
142 -2.85312
908 6.15143
804 1.78168
705 0.690247
454 -3.23694
1093 16.1492
1232 -3.21912
955 7.16931
487 -2.23065
367 -1.48059
782 2.3252
978 5.73053
430 -0.881317
115 -3.0735
696 0.704773
60 -3.15043
392 -1.28702
873 7.38477
651 0.451843
102 -3.00347
42 -3.30107
1039 6.08533
4 -2.69424
179 -118.521
782 2.32007
842 3.75439
774 2.67841
385 -1.01456
99 -2.84331
477 -0.0635071
247 -0.593216
822 2.17926
430 -0.355164
74 -3.12691
353 -1.55035
719 0.722046
341 -2.11694
437 -4.63693
547 -1.33148
520 -1.15527
676 0.534424
480 -2.83008
4 -3.96152
748 0.885071
520 -1.5307
65 -3.22702
991 9.73425
158 -4.32404
457 -0.0864258
506 0.0555115
439 -0.86438
181 -2.41083
408 -0.707642
12 -3.10035
373 -1.14175
152 -2.65753
1048 7.65137
806 1.85345
378 -2.85175
953 8.29614
486 -2.45081
604 0.311707
535 -2.99182
480 -2.51111
170 -3.05341
221 -2.15819
141 -2.67508
1012 6.40869
262 -1.35724
2 -3.90038
142 -2.87662
496 -0.153839
251 -7.55757
59 -3.29834
666 0.450012
981 5.91748
739 0.78125
1085 9.42004
700 0.668213
217 -94.4573
99 -2.83999
771 2.4906
373 -1.13812
540 0.345459
99 -2.8404
306 -2.03387
494 -2.18994
345 -1.67453
210 -13.8043
371 -2.05209
205 -4.02104
373 -1.83258
190 -4.15453
711 0.493958
444 -3.10077
360 -0.543457
1017 6.6225
99 -2.84002
70 -3.27174
1171 13.2067
917 4.02667
88 -70.4671
867 4.26337
362 -1.63733
202 -3.9847
809 2.70776
311 -1.83151
249 6.69902
92 -3.14205
946 4.5025
905 5.8252
82 -2.94185
358 -0.358887
1101 10.1484
968 5.30121
1101 9.81726
876 2.9613
1130 11.3855
66 -3.1252
444 -3.1756
1118 10.4519
28 -3.75547
1163 12.4987
408 -0.707672
68 -3.08276
962 5.5741
516 -0.784241
654 0.384949
892 3.53796
669 0.490479
480 -2.87601
70 -3.2722
427 -0.835907
2 -4.02382
70 -3.27026
812 2.7063
449 -0.427246
893 3.34558
172 -2.47789
43 -3.44543
415 -0.534119
879 3.12494
419 -3.65683
1155 20.2184
386 -4.37094
199 -2.74425
78 -2.84396
375 -1.2601
67 -3.44635
202 -4.55069
976 5.57953
658 0.444702
150 -2.62131
359 -1.55051
406 -3.60126
85 -3.00573
454 -2.83789
288 -20.6338
572 -1.02197
9 -99.6128
754 0.460083
513 -1.53357
193 -3.25067
732 0.834961
821 2.76996
548 -1.41113
463 -3.21173
733 0.774475
269 -1.41565
810 1.98322
503 -1.99484
341 -1.81583
962 5.57202
927 7.03412
1092 9.24011
485 -2.42206
26 -3.02224
45 -3.44796
220 -9.98924
838 2.25873
235 -34.2227
487 -1.97195
295 -20.499
689 0.555847
703 0.732666
824 2.16315
36 -3.45163
434 -3.63809
981 5.6803
644 0.365479
481 -0.252441
98 -2.67829
981 5.80005
345 -1.35501
367 -1.51587
413 -1.17987
152 -3.84474
101 -2.95081
1177 21.8171
1146 12.116
807 1.87689
144 -2.64687
310 -17.8303
326 -32.4915
68 -3.03471
805 1.77588
1100 9.63049
412 -2.53253
1100 9.62671
1101 10.1479
42 -3.2999
18 -3.71284
950 2.92505
98 -2.67163
373 -5.66251
773 1.53094
1100 9.63147
486 -0.0994263
483 -2.65552
54 -3.20645
382 -5.31946
859 2.61847
811 2.78223
31 -3.47499
422 -6.01767
367 -7.93259
669 0.47467
824 2.1629
108 -2.97595
1092 17.6571
878 3.31647
60 -83.8813
114 -2.63889
818 2.75458
1140 18.8046
779 1.7851
1126 11.2084
428 -3.71201
487 -2.18286
1097 9.67712
355 -13.1813
750 1.7854
361 -1.47733
948 3.86176
669 0.48291
21 -3.03164
483 -2.52777
121 -2.83977
731 1.55304
408 -0.706573
807 1.87701
917 4.02667
2 -3.72739
140 -2.6418
28 -3.01561
413 -0.313629
1192 23.8744
20 -3.30999
184 -117.223
49 -3.00922
847 2.56281
436 -3.57108
885 3.172
394 -0.484894
498 -2.15939
1123 11.0686
76 -3.40135
1199 23.429
53 -30.7883
485 -0.283844
766 1.3645
95 -3.0531
843 3.66992
753 1.172
821 8.46985
687 4.54449
518 -1.19434
848 2.54376
99 -2.84314
306 -52.001
429 -2.04477
716 -44.0865
525 -2.87439
369 -1.54745
167 -2.8156
917 4.01855
406 -3.62665
754 -2.67426
338 -2.14392
454 -3.23755
445 -1.78049
437 -2.78284
403 -1.15216
488 -0.141113
1198 18.4518
117 -2.66099
355 -1.94955
142 -2.68163
383 -1.41779
519 -6.45422
152 -99.5435
925 4.24243
358 -1.67651
205 -118.03
991 9.7359
687 0.591187
4 -2.69972
876 2.9613
487 -0.408386
882 -1.55579
102 -3.15009
1200 14.5659
296 -1.5437
456 -0.799866
1012 10.2457
821 2.76996
378 -1.65833
66 -91.2616
996 6.43805
980 5.8075
67 -3.19913
404 -1.23337
202 -3.98959
551 -1.81549
519 -1.24976
90 116.201
962 5.57233
184 -117.223
131 -2.61852
119 -2.83963
111 -2.8854
73 -3.03735
500 -1.78329
666 0.46167
30 -121.845
1087 17.5601
507 -1.61896
206 -3.93335
814 1.54456
205 -3.97044
27 -3.01896
65 -3.22751
883 5.54504
22 -3.43325
118 -2.85104
99 -2.84128
558 0.217102
28 -3.74681
753 1.17194
419 -3.65747
496 -2.2218
560 0.166443
853 2.73279
833 2.33667
517 -0.424683
185 -117.141
434 -0.540863
496 -2.15787
424 -0.44751
889 3.49646
955 7.58643
384 -5.43237
376 -1.13113
100 -2.71612
504 -1.81537
371 -5.62585
956 8.14972
711 1.87714
429 -2.04535
749 0.887634
644 0.3797
386 -4.37094
668 2.63251
712 0.831482
508 -1.72125
966 -2.43988
651 0.397339
369 -2.38428
472 -0.263641
765 1.30005
393 -4.88849
812 2.05298
152 -100.058
977 13.1796
152 -3.15689
4 -2.69995
819 8.38562
4 -3.95142
710 1.86017
376 -5.45007
989 11.0917
1093 16.149
84 -3.17322
410 -4.19119
660 2.17401
901 3.22418
13 -3.40913
351 16.7527
470 -0.353882
428 -0.545197
846 2.4068
825 2.65454
28 -3.74689
97 -2.89494
472 -4.26477
568 -0.136108
800 1.71167
694 0.77417
106 -2.88941
906 6.52026
290 -18.7827
801 1.77783
568 -0.136963
1029 11.0696
1095 17.7452
760 1.2099
479 -0.287201
940 7.26733
773 1.53088
1019 6.69891
112 -2.72218
483 -0.209106
807 1.87701
242 -28.4538
377 -5.55478
746 1.06818
710 1.86084
658 0.432251
60 -36.4923
662 1.26117
345 -1.0094
1200 23.1575
927 4.37836
385 -1.01767
843 9.19
1124 11.0413
141 -2.65726
70 -3.14539
66 -3.23327
982 5.90063
357 -5.81085
498 -1.82321
1048 7.65479
13 -3.44352
59 -3.29794
851 2.81726
963 8.09937
16 -2.71533
844 2.5625
951 4.49738
356 -1.26569
990 6.15845
557 0.311462
457 -0.0864258
251 -0.559921
1136 11.6819
394 -6.82135
979 5.85199
513 -2.44809
358 -1.27704
94 -3.10595
314 -50.8091
5 -3.15401
772 1.41119
20 -122.719
169 -2.93845
227 -6.31316
712 0.831543
584 0.0905762
155 -122.522
233 -1.29662
834 9.13342
466 -3.15912
1093 9.69946
464 -3.10895
782 2.32037
945 7.61926
33 -3.24371
228 -1.21523
1067 8.26978
337 -2.168
980 9.25873
522 -1.47363
405 -0.626984
286 -2.72076
284 -23.6553
551 -1.33557
411 -1.03922
44 -2.90393
962 5.5744
825 2.18463
611 0.355896
62 -70.2115
75 -3.08612
976 8.88361
55 -3.2962
389 -5.32758
3 -3.24809
419 -3.65768
69 -3.16214
385 -1.00964
516 -1.22046
443 -0.504242
89 -2.88667
552 -1.98499
386 -4.37091
89 -3.14947
349 -1.51364
837 2.39618
434 -0.486084
392 -4.90424
1197 22.9475
443 -3.25433
454 -3.23654
557 0.216736
799 1.70728
1133 11.5128
447 -3.50113
405 -0.625793
90 -2.96582
386 -4.36865
201 -2.43518
958 5.54742
99 -2.84315
364 -2.0325
263 -1.78003
422 -6.02054
219 -93.9322
1191 14.7852
340 4.31711
836 2.36499
796 1.47064
28 -3.00537
535 0.212524
190 -115.62
929 7.26074
951 7.70209
458 -0.33371
507 -1.70911
780 1.90338
879 2.95923
690 0.663025
8 -109.825
1093 16.1489
1212 -5.58337
402 -2.66229
489 -2.35559
313 -1.93118
724 1.33759
238 -0.546021
790 2.55493
936 4.40875
474 -0.524414
447 -3.50339
346 -2.64487
464 -3.14789
560 -0.904419
500 -1.95197
648 0.375061
419 -3.65707
1155 20.2189
1136 11.6519
272 -45.1619
1155 20.2181
462 -0.38446
408 -1.29471
185 -117.172
767 1.50952
329 -4.13757
889 3.31488
78 -3.05457
1200 14.5647
603 -0.0342407
75 -3.09123
28 -2.9984
490 -0.0372314
676 0.438477
464 -3.12057
248 -5.95613
111 -2.68151
93 -3.1169
935 4.33331
749 0.887573
969 11.2743
123 -33.0058
439 -0.534088
39 -101.441
830 2.77771
644 0.327576
520 -1.52917
226 -96.2686
281 2.69339
2 -3.63422
661 0.407898
982 5.9024
437 -2.76599
367 -7.88663
923 6.91815
459 -6.37225
760 2.31873
691 0.680664
234 -1.60194
99 -2.83965
922 4.21362
1053 7.77869
19 -30.9535
633 1.35327
699 0.757874
382 6.6347
59 -3.29966
844 2.56256
991 9.73529
116 -2.63575
1197 2.56616
750 1.78448
