259 -13.1639
732 3.4212
286 -11.1898
285 -37.865
732 3.42694
295 -11.39
941 29.8661
335 -10.2953
805 1.9873
941 29.8668
774 7.58319
663 0.588379
927 4.36121
760 5.73828
826 11.8071
763 5.58093
1099 67.5381
286 -11.2955
279 -12.4139
306 -10.9283
321 -9.94446
465 -3.5206
321 -10.1253
831 15.9311
941 29.8667
859 22.2401
805 2.05878
763 5.59027
819 11.3268
308 -10.86
866 23.8527
948 23.5309
824 11.6227
801 2.07593
695 2.02368
997 43.8199
588 -1.92035
483 -2.67017
824 11.6227
334 -10.2915
283 -12.1144
961 31.4587
881 1.15015
390 -7.19885
302 -11.0654
289 -11.7886
416 -4.28326
712 1.78369
805 1.98456
352 -9.58948
341 -9.87265
927 4.36047
338 -9.80011
588 -1.92126
763 5.58075
948 18.6367
299 -11.3107
837 13.7623
354 -8.50253
991 7.58734
1017 52.031
477 -3.3288
729 3.08856
335 -10.2599
949 14.6329
1051 21.399
586 -1.40692
483 -2.69357
782 1.09753
390 -7.22397
321 -10.1253
354 -8.50247
836 17.7275
695 2.02405
663 0.588257
433 -4.55658
298 -11.0764
633 -1.01776
760 5.73792
465 -3.52014
294 -11.8082
483 -2.67035
882 2.05798
390 -7.22522
285 -37.8652
941 29.8667
814 3.35223
961 31.4584
986 23.6284
335 -10.258
784 9.06836
1091 27.746
755 4.68555
598 -1.31952
873 23.9119
805 1.98523
882 2.05792
364 -9.10239
465 -3.52045
337 -9.80801
321 -10.1253
824 11.6227
1112 15.5477
805 1.98077
297 -11.3305
927 4.36163
694 2.19348
798 1.99695
966 31.6359
356 -9.46936
193 -18.3745
694 2.19397
364 -9.10196
1109 67.6168
997 43.8218
298 -11.0766
335 -10.2543
321 -10.1208
732 6.53717
732 3.42358
364 -9.10083
512 -2.1662
777 8.45862
1062 56.7892
966 12.6957
338 -10.0669
1087 66.3412
843 21.2666
337 -9.80798
633 -1.01514
831 15.8985
805 1.98706
835 13.1779
822 -0.155457
364 -9.10062
831 15.9279
847 1.27185
1018 18.7554
673 -0.774536
760 5.73822
949 4.88312
336 -10.2706
1050 65.875
616 -1.31079
1060 42.3506
1051 21.3992
734 3.50647
829 1.44238
119 -23.1646
826 11.8071
732 3.42017
799 4.13391
925 2.05859
838 13.8475
390 -7.17877
348 -9.70502
344 -9.81274
865 2.81091
335 -10.257
960 10.037
1005 15.3973
713 1.83398
780 2.28198
216 -17.3801
1007 8.9165
483 -2.69345
976 8.42859
859 22.2342
734 3.51099
1002 17.0738
760 5.7334
308 -10.8566
279 -12.4138
200 -18.6394
310 -10.6954
321 -10.1253
255 -12.7207
859 22.2311
734 3.5188
835 13.1779
665 -0.786255
777 8.45801
100 -23.9613
633 -1.01831
762 5.56116
777 8.45831
936 3.11371
512 -2.16595
694 2.19397
338 -10.1609
282 -12.3636
948 23.5294
324 -10.1781
377 -8.37149
733 3.50122
483 -2.6937
780 0.329895
1045 39.2537
889 4.20404
797 1.37207
837 14.1002
819 11.3267
805 1.98169
483 -2.6936
364 -9.10052
732 3.4198
705 1.93597
338 -9.80054
1005 15.3869
341 -9.87283
986 23.0374
805 1.96234
390 -7.19949
1081 37.7241
302 -13.6641
997 43.8198
760 5.73828
866 23.8527
364 -9.10272
61 -27.543
988 7.72357
964 10.8807
183 -19.0376
694 2.19391
935 21.2223
729 3.0918
289 -11.7731
755 4.92047
819 11.3248
1186 41.2736
1099 67.5386
465 -3.52023
1001 45.949
785 9.07745
594 -1.57574
335 -10.2448
318 -10.7727
835 17.6063
855 2.90186
285 -12.5331
732 3.42877
147 -21.614
364 -9.10245
695 2.02319
874 24.0154
759 0.730713
62 -27.4911
193 -18.3745
874 24.02
846 3.49426
763 5.57208
500 -3.00421
783 8.95416
410 -5.31216
871 25.7039
285 -37.8652
805 3.73578
748 4.61981
713 1.83398
865 2.72754
1081 37.7247
733 3.5011
805 1.98529
831 15.9319
732 3.32886
733 3.50085
586 -1.40692
926 1.18982
760 6.21698
633 -1.01831
102 -23.8985
1032 36.8094
222 -16.312
882 2.05798
898 3.68372
695 2.02368
760 6.10394
733 3.5014
883 2.05701
614 -0.916809
1071 28.5256
966 12.8804
712 1.86145
1034 66.2072
341 -9.87268
969 9.22913
995 9.25592
285 -37.8649
753 4.85919
734 3.51105
483 -2.67001
279 -27.947
820 -0.1745
1049 40.4135
920 28.4254
780 0.32782
110 -23.7947
961 31.4578
1052 22.0728
211 -17.5527
1007 8.91644
1087 66.3391
730 3.08734
961 31.4483
1112 15.5479
344 -9.79102
827 5.59796
766 6.63763
285 -12.1703
780 0.325562
1032 36.8157
296 -11.662
340 -9.86194
321 -10.1253
865 2.8111
364 -9.10056
981 14.634
840 2.97925
355 -9.41278
975 32.2566
789 0.742493
747 4.51062
612 -0.122314
279 -12.4142
1109 67.6185
364 -9.10236
806 10.6795
970 21.7877
344 -7.2775
255 -12.7174
941 29.8665
732 3.41931
860 21.4728
966 12.9407
926 1.48541
193 -18.3743
323 -10.3184
966 12.7159
695 2.02417
286 -12.5587
948 18.629
340 -9.86127
695 2.02374
797 1.37201
843 21.2656
944 4.32861
311 -10.4954
976 8.8313
302 -13.6495
102 -23.8991
337 -9.80807
795 0.458008
986 23.6031
695 2.0238
927 4.36121
1041 38.67
1062 56.796
1016 62.0094
252 -12.6113
966 12.6633
926 1.43164
1099 67.538
321 -10.1203
348 -9.7471
1060 42.3311
848 20.2067
1051 21.3989
848 20.3619
796 1.21735
1025 71.4823
226 -15.3998
1081 37.7246
502 -2.0304
936 3.10785
756 5.11542
949 14.6319
866 2.52081
119 -23.1642
309 -10.743
225 -15.7723
1109 67.6185
865 2.81177
866 23.853
758 5.76617
818 4.66846
961 31.4483
390 -7.22415
805 1.98456
378 -8.36441
1021 8.56793
882 2.05762
866 23.7731
1091 27.7396
147 -21.6138
605 -1.57373
1062 56.7899
193 -18.3744
972 32.1086
1017 9.38934
826 11.8072
433 -4.55695
712 1.82623
1052 22.0789
66 -27.1976
227 -14.8753
819 11.3267
364 -9.10257
747 4.4613
325 -10.4378
820 4.82648
733 3.41052
819 11.3242
729 3.09174
433 -4.55676
805 10.5065
1006 9.0318
1017 9.38892
734 3.50916
817 4.66931
763 5.55261
615 -0.568604
840 1.43689
1007 9.18201
757 5.55823
788 5.10785
826 11.8077
961 31.4599
1033 68.6207
695 2.02222
1071 28.5215
926 2.09094
410 -5.31186
1034 66.2122
352 -7.33521
762 5.49194
824 11.6225
344 -7.27075
831 15.9277
1040 10.2054
951 5.68011
483 -2.66956
357 -7.47617
669 0.046936
866 23.8523
100 -23.9622
345 -7.27112
350 -7.77487
193 -18.3743
337 -9.80829
777 8.45892
1017 9.38898
777 8.45837
483 -2.66937
759 1.02356
985 20.3557
389 -7.35211
779 1.69244
182 -19.9337
964 10.8835
829 1.44086
989 12.0764
955 12.3136
321 -10.1248
935 4.04395
936 3.05603
477 -3.32407
354 -8.50153
809 10.8879
1076 53.4995
791 0.359558
936 3.05963
720 2.26141
898 3.68408
967 13.113
335 -10.2579
669 0.046936
819 11.3268
843 13.9537
347 -7.32217
779 0.381775
777 8.45831
163 -18.5914
824 11.6228
964 10.8837
337 -9.81775
279 -12.5313
827 11.6074
548 -1.81598
961 31.4574
926 1.17676
1036 -2.69116
433 -4.56345
304 -11.0305
780 0.324585
954 14.1815
829 1.44177
1021 8.56781
997 43.8199
936 3.10944
961 31.4597
9 -6.29738
835 13.1779
364 -9.10236
336 -10.2702
712 1.86133
795 1.08179
346 -9.73334
936 3.06287
1034 66.1969
380 -8.55261
341 -9.87277
829 1.43805
483 -2.66913
841 14.0541
1005 15.388
289 -11.7847
762 5.56409
465 -3.52039
760 5.73822
762 5.56183
335 -10.2571
136 -22.3387
840 1.44629
866 25.7232
239 -12.7916
883 26.0148
906 4.29279
669 0.0460815
964 8.27472
882 2.05792
927 4.36127
1084 27.2716
410 -5.29694
652 7.33185
465 -3.52036
991 7.85248
779 1.69269
1051 57.2812
985 20.2681
777 8.45929
601 -1.44995
780 0.324524
1062 26.897
889 4.19312
49 -43.1335
829 1.44122
883 26.0176
986 23.0336
60 -27.5921
665 -0.786743
621 -0.933777
962 34.6737
818 4.70459
818 4.66559
903 3.96875
961 31.4493
909 3.87604
185 -18.9431
767 6.77844
865 2.81097
933 4.17719
294 -11.8118
989 12.1627
936 3.05084
290 -11.7354
913 3.16913
341 -9.87271
926 1.44641
909 28.6356
1005 15.3873
188 -19.031
936 3.05591
843 3.44281
732 6.55182
837 4.71521
825 6.45483
335 -10.2574
898 3.68463
1023 8.83405
1087 49.1813
282 -12.352
1109 67.6176
761 1.08472
410 -5.29984
851 21.2205
1000 12.6862
865 2.8103
1023 8.83386
882 25.2542
1020 8.62805
819 11.3263
295 -11.7575
300 -11.3254
224 -15.9603
953 7.27563
325 -10.6138
380 -8.1095
358 -9.29959
779 0.40094
866 2.5163
966 12.9054
350 -7.79745
831 15.9283
305 -10.9514
967 13.036
600 -0.649963
193 -18.3745
763 6.52692
1062 56.7859
410 -5.31485
601 -1.45178
184 -19.0217
818 4.66724
851 21.2205
1043 38.9955
1084 27.2716
926 1.17139
205 -17.1814
1062 56.8005
773 7.47314
597 -1.02252
713 1.83405
433 -4.56314
882 2.05768
661 0.846497
410 -5.29968
851 21.2202
935 21.2195
882 2.90973
354 -8.5025
335 -10.2555
980 8.362
781 0.427917
819 11.3242
188 -19.033
1043 67.7806
936 3.11444
943 4.09814
222 -16.411
818 4.69501
1052 22.0743
835 13.1722
824 11.6228
364 -9.10062
889 4.20605
1017 9.3891
669 0.0458374
889 4.1958
335 -10.254
298 -11.0773
1180 12.38
801 10.3403
483 -2.66949
147 -22.0228
294 -11.8123
979 10.8659
652 -0.968567
936 3.06342
290 -11.7392
1031 8.83179
556 -1.62311
252 -12.6663
364 -9.10062
988 7.71802
536 -1.7655
907 3.94879
1003 12.7908
340 -9.86139
390 -7.19345
985 20.356
843 21.2686
829 1.44019
802 3.18475
279 -28.1136
655 5.21423
947 10.6757
712 1.51526
1071 28.5239
633 -1.01776
926 1.20361
928 29.8909
779 1.68567
912 4.3847
633 -1.01483
732 6.53711
948 18.6309
818 7.30029
866 2.51764
831 4.94055
101 -24.7914
865 2.72845
1109 67.619
779 1.6991
346 -7.24326
859 23.1658
887 16.5032
760 1.20642
70 -26.8869
866 2.52142
841 13.87
1099 67.5385
202 -18.2872
858 22.1149
285 -37.8651
212 -17.4795
879 3.78656
330 -10.0581
818 4.67041
889 4.20526
980 7.91907
871 23.606
780 0.780212
806 12.8969
410 -5.31342
779 1.71588
978 10.8985
536 -1.76562
286 -12.5587
760 5.73822
390 -7.22409
926 1.20111
321 -10.1253
936 3.05176
882 2.05798
1035 68.636
818 4.69604
744 6.84399
909 28.6368
818 4.69507
410 -5.29971
189 -18.5325
751 4.77753
354 -8.5014
114 -22.826
732 6.55182
351 -9.61844
990 10.0411
147 -22.0235
354 -9.35138
321 -10.1253
760 5.73792
1112 15.5464
779 1.69385
1016 52.3265
761 1.10217
1066 50.1173
211 -17.4965
325 -10.5249
321 -10.1254
866 2.51764
188 -19.034
831 4.42725
633 -1.01471
586 -1.40686
70 -26.887
338 -9.8002
906 4.2312
477 -3.32422
321 -10.1253
748 5.6496
575 -1.4151
580 -1.33167
474 -20.6241
305 -11.5399
779 0.381592
222 -16.4107
719 2.02319
733 3.5014
929 4.87653
927 4.36713
826 5.49695
335 -10.2551
926 1.57745
693 2.17651
321 -9.94449
974 34.2708
6 11.9417
575 -1.4151
866 23.853
780 0.324463
926 1.22894
390 -7.22528
936 3.05914
774 7.54749
760 1.20599
224 -15.9953
281 -26.4821
910 4.0155
579 -1.0094
851 4.12848
780 0.312622
746 4.56616
705 1.93506
321 -10.1209
865 2.81097
964 10.8839
927 4.36139
889 4.20325
321 -10.1217
865 2.72552
1021 8.56775
338 -6.48657
379 -8.20267
818 7.20612
995 8.28864
882 25.253
712 1.86127
929 4.94604
927 4.36151
511 -2.20355
147 -21.6118
115 -22.6646
835 13.1785
200 -16.3493
223 -16.0618
635 1.75745
162 -18.6472
294 -11.8125
327 -10.1766
822 -0.613403
306 -11.0471
705 1.93506
354 -8.50229
769 0.654297
841 4.20929
1021 8.56757
980 10.2482
433 -4.56409
777 8.45911
530 -7.42004
188 -19.0532
689 1.44855
795 0.671326
677 0.407959
1001 45.9493
831 15.931
889 4.20526
986 11.6126
808 5.98071
1001 45.9484
1043 69.2152
805 1.94739
222 -16.309
1023 8.83386
865 2.81104
882 25.2512
928 31.858
338 -9.81131
732 6.53876
303 -11.236
188 -19.0327
732 6.55078
835 13.1784
763 5.56348
958 31.7548
500 -13.9955
173 -19.7468
379 -8.18835
948 18.634
222 -16.2773
961 31.46
330 -10.0379
985 20.2668
865 2.74243
985 20.2686
847 3.44983
1023 8.83398
185 -18.9426
1021 8.85699
901 30.0129
187 -18.8439
1017 52.0302
354 -9.32004
1160 47.613
882 25.253
239 -10.878
705 1.93512
328 -10.4229
729 3.0899
1007 9.18207
761 1.16492
337 -9.80829
529 -1.8548
302 -13.4702
873 23.9001
298 -11.0773
760 1.20599
948 18.5814
861 22.4171
375 -8.67685
213 -17.5598
993 9.79639
763 5.57434
857 22.8266
514 -10.05
1062 56.7869
926 1.28326
740 4.17761
967 13.3104
147 -21.6118
1007 8.91663
193 -18.3744
848 20.2772
300 -11.4436
792 9.99548
89 -25.7484
1021 8.56799
760 1.20844
947 4.93231
919 4.27728
340 -9.86169
1007 8.91638
1052 11.4912
880 25.5363
779 1.68695
335 -10.266
939 3.8584
222 -16.3141
338 -6.4866
739 6.65076
209 -17.632
222 -16.4107
908 16.239
787 9.00397
1077 13.0208
1051 21.3967
981 10.4149
280 -12.2939
729 3.09186
865 2.74194
911 3.91681
887 3.13019
286 -12.5588
182 -19.9354
926 1.26019
929 3.83929
310 -10.574
322 -10.2868
390 -7.17517
60 -27.5724
1046 70.5792
818 4.69641
887 16.501
889 4.21313
305 -11.5403
630 0.667969
789 9.14343
865 2.72742
302 -13.638
978 10.8076
871 25.7037
762 5.56122
799 4.13373
733 6.59113
856 22.5847
883 26.0154
936 3.11438
705 1.9361
964 10.8842
903 3.96582
685 0.994019
1062 56.8054
1082 19.6328
706 2.03485
800 4.26605
255 -12.7171
793 1.60828
163 -18.5912
321 -9.94455
848 2.76172
882 2.05792
1019 62.142
586 -1.40698
353 -8.6124
190 -18.4635
733 3.50037
1020 8.62219
750 4.83209
835 13.178
336 -10.2727
911 1.29584
1001 45.9467
211 -18.0972
575 -1.41504
780 0.32428
364 -9.10077
665 -0.785828
779 1.35791
1075 53.5435
704 1.91382
335 -10.0757
866 2.52148
844 3.10388
188 -19.0548
760 5.73804
125 -22.5612
897 3.76562
1087 66.3402
1023 8.83405
799 4.13379
835 13.1782
594 -1.49329
779 1.70056
889 4.20496
302 -13.6361
562 -1.52686
914 4.00281
780 0.3255
188 -19.0342
915 3.71082
889 4.18048
882 2.05774
364 -9.10068
948 18.5693
865 2.74139
305 -11.5404
760 5.73779
136 -22.3386
941 29.8668
866 23.853
1020 8.62805
669 0.0459595
749 4.79987
321 -10.1253
883 26.0151
986 23.0399
802 5.27441
882 25.2533
799 4.13409
783 1.60773
1017 52.0302
884 3.21979
865 2.81207
732 6.55133
799 4.13403
926 1.71973
704 1.91388
961 31.4484
830 4.37311
606 -1.49829
1046 57.1074
335 -10.3066
834 4.13867
304 -10.9394
874 24.0114
865 2.81146
335 -10.2776
966 12.8061
630 0.668823
193 -18.3745
799 4.13373
66 -27.1976
887 16.6297
805 10.5065
422 -5.05243
824 11.5354
682 0.757324
777 8.45831
837 13.8018
936 3.11664
120 -22.4968
927 4.36127
624 -0.353149
926 1.3103
124 -22.4826
531 -7.37225
301 -11.9659
1049 58.0522
918 3.63324
343 -9.8681
318 -10.2569
964 10.8837
889 4.16895
755 4.82654
335 -10.3057
920 28.4258
833 4.33667
831 4.42731
377 -8.67587
936 3.11481
270 -27.2069
136 -22.3387
298 -11.3956
646 -1.08459
732 6.53674
966 12.6913
834 3.47064
626 -0.0455933
1186 41.2728
818 4.69824
337 -9.80835
889 4.20428
927 4.36151
785 9.09131
807 10.9555
1023 61.8097
324 -10.1411
854 21.1703
364 -9.10251
829 12.3489
631 -0.0221558
882 3.33502
985 20.271
286 -12.5588
725 6.57581
255 -12.7169
865 2.81226
1087 66.342
1048 66.2489
835 3.41669
986 23.04
344 -9.7681
665 -0.787109
304 -10.9229
588 -1.92114
824 5.67181
851 3.13898
616 -1.31018
1062 56.7899
636 -0.262878
866 25.723
337 -9.80823
799 10.5668
750 4.81305
636 -0.355469
669 0.046875
819 11.3243
1051 21.3975
633 -1.0174
779 1.70032
1000 -33.1635
777 8.45831
147 -21.6117
1021 8.85693
379 -8.51166
720 1.96582
381 -8.48636
858 22.1149
844 3.33594
337 -9.80862
779 1.69434
729 3.09174
829 1.4422
985 20.356
296 -37.0018
1062 56.8046
9 -6.35678
160 -20.4079
976 10.447
799 4.13385
818 4.66577
296 -11.4861
575 -1.4151
136 -22.3388
586 -1.40692
882 2.05786
763 5.55573
801 10.4844
1112 15.5464
964 10.8845
851 21.2202
163 -18.5916
964 10.8837
852 20.8881
985 20.356
760 1.20618
997 43.8341
665 -0.786255
866 23.8527
1007 8.91663
923 4.76233
298 -11.3891
858 22.1149
1001 45.949
381 -8.50888
1112 15.5463
465 -3.52039
882 2.05792
951 10.8308
889 4.20422
988 9.08246
421 -3.21326
633 -1.01477
898 27.3331
380 -8.10803
887 16.5056
954 14.3239
882 25.2516
294 -11.8118
859 22.2399
1005 15.3868
1035 68.324
433 -4.56235
796 9.70148
799 4.13373
964 10.8837
216 -17.3933
364 -9.10059
959 11.0182
341 -9.87274
905 4.02405
704 1.91364
202 -18.2852
780 0.339844
841 14.1451
872 19.0206
1112 15.5463
866 23.8524
1082 19.6403
207 -18.1701
341 -9.87271
976 8.82404
775 8.12341
1079 81.3319
993 12.551
237 -13.8556
1112 15.5464
1002 19.7441
982 10.9885
362 -7.31592
803 10.4057
1013 33.3918
958 11.2563
798 10.0627
964 10.8809
843 21.2629
922 60.7903
505 -2.5166
239 -13.8188
48 -42.1674
219 -16.0722
136 -22.3378
281 -26.496
136 -22.3387
433 -4.5636
338 -6.48666
829 1.44196
1084 27.2714
831 4.1571
982 32.606
1145 17.7263
991 7.89996
308 -11.29
818 1.46667
877 3.93335
973 22.3298
665 -0.786804
618 -1.08771
876 2.79321
661 0.846497
669 0.0460815
745 6.05579
255 -12.7208
799 4.13373
866 2.51727
336 -10.2727
9 -6.27916
626 -0.0447388
954 14.1891
934 29.4627
169 -19.9719
498 -2.51285
219 -16.0708
889 4.19403
985 20.2682
838 3.2486
871 24.3752
562 -1.5368
621 -0.568115
818 7.15381
410 -5.31375
255 -12.7212
907 4.36176
713 1.83313
985 20.3557
819 1.53851
303 -12.3004
961 31.449
638 -1.17542
286 -12.5589
832 13.4191
665 -0.785706
879 24.518
921 33.2399
222 -16.2734
631 -0.719055
726 6.55133
222 -16.4105
799 2.90698
713 1.83386
850 20.6815
812 3.6004
807 10.8448
364 -9.10059
222 -16.3074
829 1.44116
222 -16.4107
193 -18.3745
1018 8.7218
792 2.87708
962 34.6675
937 3.79486
746 6.11652
673 -0.476257
1188 43.9674
851 21.2202
598 -1.49347
926 3.76752
748 4.88
1112 15.5465
1070 31.0524
818 7.64655
1005 15.3876
903 5.32568
842 1.36322
877 24.9722
1091 27.7394
1007 9.18207
761 1.09857
773 7.93524
865 2.61157
760 1.20654
810 10.9693
761 1.05981
874 24.025
853 4.05347
779 1.70142
70 -26.887
822 -0.377747
1003 12.8397
936 3.12073
689 1.44678
779 8.37769
163 -18.6533
910 33.2914
410 -5.31412
202 -18.2857
847 20.165
770 7.39978
222 -16.3427
693 2.14771
477 -3.32974
760 1.20636
953 7.03131
782 8.67383
901 5.30273
335 -10.2575
851 1.42084
851 21.2202
819 11.3242
565 -1.62048
539 -5.74854
560 -1.54083
193 -18.3743
879 25.6133
907 4.40851
865 2.74146
1021 8.85718
1087 66.3405
91 -25.449
507 -2.24335
1081 78.6974
337 -9.76556
775 8.27087
871 19.7234
182 -19.9352
779 1.68726
341 -9.77298
342 -9.90372
866 2.51733
799 4.13379
222 -16.2585
760 1.20618
778 5.96777
881 25.6808
819 11.3242
859 22.2401
969 9.53082
1081 37.7246
779 1.69379
705 1.93561
1087 66.3376
619 -0.778198
984 10.4943
732 6.55219
252 -12.6655
764 0.640503
760 1.20648
729 6.64655
904 3.92188
889 4.32306
281 -28.1289
9 -6.35547
949 14.6427
1021 8.56757
802 4.57513
673 -0.476562
820 4.81689
999 12.7816
935 4.21509
737 6.59717
669 0.0459595
321 -10.1252
1001 45.9474
163 -18.591
865 2.74188
605 -1.34485
829 1.44116
819 11.3242
88 -25.1155
196 -18.7142
570 -1.60864
805 1.94659
1091 14.3083
692 21.2136
858 2.55865
924 4.64728
926 1.26276
1007 8.9162
889 4.20514
881 1.15002
312 -11.0636
1051 21.3986
162 -18.6392
162 -18.6373
744 6.02704
777 2.11108
353 -7.50314
780 0.339417
536 -1.76611
1024 49.2289
380 -8.10614
990 9.16797
882 25.2526
874 25.2354
119 -23.1646
851 2.96198
548 -1.81616
932 33.8868
305 -11.5458
829 1.44208
780 0.324402
712 1.82623
340 -9.86301
1001 12.825
784 8.90778
1112 15.5476
692 1.79645
298 -11.0763
866 2.52051
1034 66.2062
1062 56.8021
60 -27.596
557 -1.59778
887 16.6287
1007 9.18219
837 4.66968
313 -16.1813
102 -23.8958
620 -0.609802
818 4.72534
872 1.52063
806 10.8113
985 9.37469
922 4.18481
922 31.0462
731 6.65344
783 8.70947
1051 21.3982
563 -1.4975
327 -10.0886
938 10.2396
410 -5.31479
1007 9.18201
797 2.02618
1018 18.7528
893 3.98737
922 60.7907
975 34.6617
1073 54.4346
669 0.046936
100 -23.974
1091 27.7394
321 -10.1212
780 0.339478
975 34.8131
812 11.0847
889 4.16724
898 3.68555
787 1.90662
901 30.0033
775 8.11469
910 33.2567
775 8.46729
347 -9.79611
882 25.906
805 10.5066
968 65.822
789 1.78125
281 -26.4787
932 33.9372
1063 11.6079
794 2.78082
858 22.3279
1036 -2.63318
986 10.3568
669 0.0470581
730 6.66089
866 2.51642
9 -6.26001
805 4.09241
548 -1.81604
643 4.21289
866 23.853
281 -26.4415
859 22.2454
689 1.44708
216 -17.4173
691 1.42084
760 1.2052
548 -1.60901
279 -28.2192
689 1.44891
787 1.90649
1023 8.83398
805 1.94495
829 1.44135
1190 17.4525
961 31.4593
1012 -6.58997
664 12.5101
1013 59.3472
712 1.82629
941 29.8666
947 3.47717
964 10.8835
690 1.58246
877 19.3906
973 23.5416
812 3.92017
807 10.898
818 4.55365
995 11.4128
704 1.91382
605 -1.57196
291 -11.7285
930 32.4567
274 -13.1387
976 8.83362
1007 9.18188
624 -1.25677
852 15.1113
684 0.812622
807 3.39087
851 21.2201
818 4.7561
353 -9.39725
799 4.13373
907 27.0005
858 21.2242
338 -9.80011
289 -11.5457
672 0.335449
616 -1.31024
829 1.44165
120 -22.5673
952 8.66595
410 -5.31049
928 4.29504
1145 17.7273
690 1.61688
857 22.7907
901 5.21021
267 -13.2437
549 -4.66919
974 27.4747
798 10.1888
304 -11.1912
954 7.74701
673 -0.476257
1176 18.8943
221 -16.8016
789 4.05249
123 -22.5923
1186 41.2753
187 -18.8415
960 7.23657
846 2.72003
881 2.95868
959 18.7122
795 1.88678
1091 27.7461
768 6.83069
807 3.38318
830 22.6053
1019 8.67761
341 -9.8728
618 -0.786865
1091 27.7413
433 -4.55673
704 1.91364
618 -0.786926
769 0.523315
355 -9.48615
947 9.30127
1091 14.2775
877 2.94434
803 10.575
915 3.87347
818 1.80597
832 12.7845
587 -1.44165
363 -9.15451
830 1.14441
780 0.339478
650 -0.537537
789 1.59998
586 -1.40747
1091 14.2775
760 1.20587
791 9.55231
1160 47.9192
926 1.21997
910 33.2797
669 0.36792
1002 5.96454
862 2.33795
873 23.907
188 -19.0334
859 22.2302
863 20.9976
327 -10.3187
338 -9.79977
969 76.8099
1062 56.8059
961 31.4495
989 42.9465
9 -6.30042
279 -28.096
805 10.5063
353 -9.53445
1047 21.9016
673 -0.774536
785 9.07782
448 -3.89035
601 -1.45172
554 -3.83215
644 -0.702881
850 3.27972
825 11.6226
1109 67.6171
1021 9.41968
690 1.4754
865 2.74243
172 -20.1263
738 3.49054
630 0.667969
998 43.8315
865 2.74225
286 -15.1332
829 1.44177
208 -17.8101
1066 67.1149
719 4.78436
805 1.96252
410 -5.43436
601 -1.45245
970 9.43561
1180 12.3718
882 3.1535
755 4.89575
818 4.61121
769 7.6759
983 34.6166
858 22.1148
495 -2.51929
255 -12.7175
280 -29.8736
452 -3.66354
287 -14.3455
903 5.32867
866 23.1328
726 6.71741
601 -1.4516
864 22.4152
311 -10.9231
805 10.5067
1051 21.3975
1112 15.5476
281 -26.4791
821 11.5663
871 24.246
866 2.51678
723 6.9173
693 1.73523
222 -16.2749
983 11.8314
839 3.61597
1164 21.2039
872 24.242
1081 37.7247
949 20.9234
66 -27.1975
777 8.45758
669 0.046936
358 -9.37039
1009 11.312
922 60.7927
875 26.319
781 8.60706
495 -2.51938
593 -1.88226
325 -10.1282
953 32.3198
876 24.3292
1145 17.7449
410 -5.3103
805 1.98499
1047 57.5455
898 25.5114
879 2.95605
1160 47.832
309 -11.0773
883 26.017
567 -2.93213
182 -19.9339
958 7.27161
390 -7.22446
712 1.81232
888 3.82104
728 6.70728
1054 6.34192
779 0.402954
868 3.71472
829 1.44141
1049 -27.1046
882 2.05792
1052 22.0792
673 -0.476013
958 18.9293
1202 14.0275
664 12.5091
1021 8.85687
905 3.94971
1015 33.9062
1091 14.3102
626 -0.0445557
768 0.598145
1007 9.18207
1023 8.83405
188 -19.0537
669 0.046875
851 21.2202
1012 -6.58325
1081 37.7239
941 29.8668
903 5.32458
586 -1.40735
340 -9.86145
1091 27.7454
285 -37.865
858 22.1147
940 18.9988
305 -11.5498
1084 27.2712
930 29.7518
310 -10.9224
1021 8.85693
873 23.8121
1082 19.6339
353 -9.53629
618 -0.787964
338 -9.79965
1002 8.88086
297 -11.0232
848 20.0579
1036 -2.64624
839 13.5598
986 15.3971
330 -10.0956
1160 47.7545
844 1.29755
732 3.41968
1081 37.7247
889 4.1806
889 4.20447
499 -2.56317
877 3.04974
1040 23.8948
203 -17.8685
866 2.51752
495 -2.51926
932 33.8877
159 -20.5952
937 7.87531
755 4.81677
843 21.2618
857 22.835
339 -6.58337
648 -0.671875
767 0.609558
860 22.9011
922 60.8011
327 -10.248
785 9.07959
829 0.929565
1001 45.9491
790 8.98596
188 -19.055
698 1.91907
720 2.46716
1109 67.6168
865 2.56989
1030 68.5404
882 25.2493
616 -1.31049
512 -2.16611
991 10.5487
548 -1.60883
841 26.799
631 -0.539673
858 22.1148
865 23.5301
903 32.606
325 -41.0259
818 4.66522
930 32.4547
870 1.67023
806 10.7728
438 -4.1189
410 -5.30017
779 1.69366
805 1.98785
1034 66.209
872 24.2335
302 -13.5391
1099 67.5381
851 20.6912
1109 67.6168
962 9.98792
834 4.87708
954 14.1755
855 1.46582
642 -1.21826
686 0.976318
188 -18.9765
483 -2.6937
796 1.21686
655 -0.891235
498 -2.51376
954 14.1826
1081 50.0452
1099 67.5382
880 24.9777
869 1.14819
271 -29.4361
692 21.2152
85 -25.8711
367 -8.89966
692 1.79559
1052 11.4912
869 23.4902
1214 36.3434
1091 14.3077
837 1.21503
1091 14.2809
997 8.52753
529 -1.85474
826 0.651062
889 4.20435
900 25.9231
732 6.53583
259 -13.1623
976 8.83167
859 22.2421
967 31.7849
704 1.91394
504 -2.4151
193 -18.8849
969 76.7994
689 1.44733
333 -9.94931
663 0.588379
427 -4.62134
669 0.0458984
472 -2.97974
615 -0.908386
1021 8.85706
960 33.871
675 0.385864
752 4.97186
903 32.614
393 -6.54913
958 7.16003
876 24.8943
567 -2.9317
826 0.919617
616 -1.31018
948 18.6321
328 -10.1369
536 -1.76581
618 -0.787659
979 64.02
900 29.8853
393 -6.53528
1078 14.639
1077 13.0717
984 8.19067
534 -1.8493
764 0.648926
869 1.38007
193 -18.3743
1186 41.2762
880 2.88623
606 -1.50232
605 -1.57446
190 -18.7539
495 -2.51865
776 5.40009
1066 70.3041
791 9.05658
922 60.8046
835 17.4158
328 -10.1183
1104 69.615
831 0.825317
896 25.2656
1084 27.2715
818 4.67065
178 -19.177
631 -0.022644
1153 32.7107
969 76.8074
281 -26.4821
874 23.9358
699 2.01807
1062 56.8043
123 -22.4859
305 -11.5487
951 7.4364
606 -1.28693
344 -7.28342
596 -1.49072
567 -2.93213
100 -23.9702
1026 50.0803
279 -27.9935
178 -16.9321
1186 41.2758
787 9.3194
650 -1.00214
960 8.27637
646 2.36755
438 -4.1192
803 10.5948
529 -1.8551
1037 65.5056
873 23.9023
909 28.635
281 -26.4937
755 3.79065
180 -19.125
846 5.26672
1007 8.91638
954 21.7649
606 -1.5025
903 5.32849
607 -1.31519
781 8.62988
1009 20.3411
723 2.29156
818 4.71515
779 1.69446
103 -24.1467
960 11.0774
1019 8.92358
1071 70.176
364 -9.10251
446 -4.07892
933 32.5422
1021 8.85693
963 12.7493
476 -3.31351
985 20.3651
733 3.50146
216 -17.9214
1009 58.1802
809 10.8273
994 41.804
1049 -27.1113
349 -9.54492
270 -30.2572
871 1.16577
243 -15.5144
934 32.7171
932 33.8441
508 -2.27698
859 22.2426
665 -0.785889
966 9.73395
356 -9.50378
155 -20.8783
202 -18.2855
728 6.71045
933 32.6715
856 1.46619
920 30.6087
857 2.1156
786 8.84564
174 -19.6351
760 7.12891
1015 28.3734
1038 74.7268
900 29.8942
916 21.0812
776 0.950195
222 -16.3124
269 -13.1165
155 -20.8796
847 15.0909
882 25.2538
315 -34.1567
1142 65.8311
338 -9.79999
934 21.5019
801 10.4976
945 30.8107
1077 13.0197
296 -11.097
436 -3.8075
791 0.349365
1049 33.9852
321 -9.94446
1153 32.698
669 0.046875
147 -22.0235
1031 67.4504
147 -21.6139
969 76.797
841 14.7126
878 24.5735
859 22.2383
281 -26.4889
867 22.7631
36 -47.0417
798 10.1902
1091 14.3082
669 9.92651
805 10.5059
948 23.5284
890 26.6178
1051 21.3981
893 3.65558
651 -0.837463
819 11.2813
900 29.8644
876 24.9781
327 -5.22342
100 -24.2948
969 76.8082
548 -1.82434
286 -12.1397
275 -12.5336
652 -0.988953
779 0.399841
910 33.2983
302 -11.5594
390 -7.19833
712 1.81055
147 -21.6118
812 11.0322
754 13.1291
1179 18.5131
994 41.816
1020 47.49
358 -9.06927
1145 17.744
753 4.64471
600 -1.40936
994 7.87067
255 -12.7175
626 -0.0452271
995 8.1579
453 -3.68454
102 -23.8935
920 4.14514
712 1.82678
773 8.047
801 10.5469
601 -1.46906
997 43.8199
626 -0.660217
900 29.8845
869 1.00861
841 26.8051
259 -13.1643
618 -1.04077
838 3.3562
866 23.8531
985 29.3501
219 -16.0715
936 5.31702
273 -38.5581
1089 103.77
1005 20.2856
646 -0.702087
877 25.4811
416 -4.28342
907 26.9935
438 -4.11899
618 -0.78772
347 -9.81805
660 -0.57251
664 12.5118
997 11.7516
985 20.2678
788 8.98346
741 6.57745
1092 15.4794
918 21.1273
1230 44.7021
1037 65.4587
822 11.5309
91 -25.4493
1142 65.825
748 5.57501
851 20.9313
630 -1.17438
1045 11.7418
898 3.68945
654 -0.935181
670 0.377808
1036 -2.78345
633 -1.01831
943 30.9534
1091 27.7418
970 9.16895
888 24.3621
101 -23.9474
718 2.31738
285 -37.865
767 -87.7142
1075 80.7262
932 33.9092
695 2.02148
285 -37.678
1068 29.8945
941 29.8665
1063 11.7466
985 7.79907
997 8.78217
464 -3.55063
907 25.1968
855 21.6085
1190 17.4718
793 9.57446
1000 -16.5693
1036 -2.65417
946 102.612
302 -11.5511
859 22.232
859 22.2396
343 -3.09848
1036 -2.66406
667 0.352966
689 1.44495
1177 18.1929
818 4.67065
302 -13.6519
683 -0.0444336
920 31.7898
1003 8.85083
1099 67.5376
894 25.5671
614 -0.918457
1143 68.0204
1089 103.806
997 43.8372
193 -18.3743
954 14.491
2 -8.16904
797 2.7041
1017 46.7159
775 8.44092
289 -11.5449
947 32.6907
1190 17.4729
934 32.6801
900 29.8956
976 8.8396
520 -2.24866
966 9.47058
717 2.16406
712 6.24585
773 1.90192
780 0.338623
777 8.45886
903 5.32513
988 10.8342
922 60.8281
379 -7.9072
605 -1.57239
334 -9.76666
618 -0.733643
1012 -6.57159
828 12.3696
934 32.6636
999 18.6512
907 27.0736
807 13.4371
939 9.31573
861 1.84863
894 25.9164
976 53.5519
849 17.9063
1017 46.7148
779 19.7676
321 -9.94446
352 -6.86542
985 20.2679
1091 27.7411
903 5.32281
348 -9.72992
922 31.0406
272 -37.6663
1067 13.1859
318 -10.5716
1226 27.2852
633 -1.01813
593 -1.88013
1034 66.2145
946 32.3547
340 -9.86151
200 -18.0403
327 -5.25757
957 10.4785
632 -1.1604
246 -13.8868
913 32.3419
279 -28.4994
775 7.75439
451 -3.98474
530 -1.79376
1001 5.25641
990 11.0823
779 1.69385
772 6.3606
340 -9.8616
895 4.77856
897 28.1632
895 4.22845
1044 12.771
689 1.44745
502 -2.41049
795 9.59052
865 23.0737
969 76.7981
1021 8.85681
630 0.667908
1017 52.0322
1037 65.4576
202 -18.2855
901 34.1561
1001 5.24811
949 14.6301
631 -0.0150757
1004 23.1187
935 21.3531
297 -11.0323
983 30.9306
907 27.0024
1074 27.4861
269 -12.594
640 -1.12793
222 -16.3118
244 -14.6252
1077 13.1952
1134 16.271
1007 9.18201
997 8.15009
778 0.782715
331 -10.0302
1037 65.4496
980 34.9807
1232 3.4375
367 -8.728
1037 65.4613
861 21.4285
635 -1.13898
836 17.6724
286 -12.1392
283 -11.0237
1142 65.8154
900 29.8878
901 30.0258
998 43.7874
477 -3.33105
188 -18.7131
532 -2.10315
915 32.2257
633 -1.01764
882 25.2534
584 -1.48193
248 -14.7882
881 1.15021
1041 75.2281
743 6.20111
994 41.4513
311 -10.9756
944 18.291
1001 4.98022
913 26.1733
1051 21.3988
987 80.5149
673 -0.769531
882 3.52228
859 22.0221
1230 44.6943
889 25.8125
673 -0.476624
340 -9.86157
548 -1.83832
969 76.7998
937 19.0543
941 5.36316
1001 4.97565
416 -5.12714
958 8.79053
910 37.8248
1092 56.6252
1115 67.1511
858 22.1148
630 -1.18683
853 20.9956
775 8.37714
599 -1.47656
935 11.0018
780 8.46161
1202 26.0964
743 11.6254
1138 29.5193
202 -18.2853
548 -1.8269
1001 45.9473
916 32.9669
859 22.2385
281 -26.3075
882 25.9027
710 5.8916
932 33.8911
618 -0.786926
163 -18.5915
279 -12.4143
1031 61.986
454 -3.79413
903 5.32709
963 8.58685
968 9.55615
1054 75.5798
1045 36.2725
534 -1.77856
994 41.4537
904 5.3335
805 10.5067
1003 54.7834
1017 46.7142
774 5.0379
836 17.7166
605 -1.57373
283 -11.0243
1086 12.6793
920 30.6149
89 -25.6021
692 21.2146
875 24.2955
964 10.1769
424 -4.98032
449 -31.0662
854 16.4359
815 0.36377
635 -1.19385
966 12.7007
959 73.9352
712 1.82617
719 4.82709
1094 49.9498
914 32.3127
107 -24.3303
586 -1.4621
922 60.8029
1006 49.7771
964 33.2629
805 10.5071
663 7.80042
1164 21.2112
1026 24.0864
855 21.597
218 -18.1619
719 17.3293
20 17.954
883 26.0148
1076 15.8949
650 -0.47229
1000 8.84448
740 6.55457
740 6.51611
788 8.80121
890 24.393
22 -3.91644
1068 8.71838
840 18.2325
901 25.2115
1070 13.7777
1214 36.3745
320 -10.4763
1112 15.5464
289 -11.5577
721 6.90576
1077 13.1881
1077 78.4889
393 -6.54968
340 -9.86133
272 -11.4208
777 8.20728
662 1.013
1063 7.40295
785 9.08069
616 -1.3103
1081 21.1281
768 7.46436
706 1.81696
997 43.8209
1045 36.2733
918 31.628
779 1.69379
857 21.9752
623 -0.547668
1132 68.3386
327 -5.24231
396 -6.17624
695 2.02142
307 -36.0526
935 23.7713
835 14.4068
1034 66.2074
1124 14.3716
962 34.6689
725 3.18945
903 5.32513
1124 15.3079
896 27.1876
967 13.0109
338 -9.80423
743 6.76495
900 29.8743
957 10.5367
477 -3.32755
733 6.59033
1091 27.7394
934 32.6669
889 4.20569
1019 8.89685
1091 14.2809
13 -4.52764
801 10.4078
970 34.1904
331 -10.1223
876 24.2832
567 -2.9314
1072 75.203
1160 47.8857
1206 16.6584
1001 5.24683
1079 14.6836
948 23.5297
403 -5.37552
1066 8.77234
298 -11.0769
1068 13.765
913 26.3035
1115 15.5323
877 24.5074
1018 18.7474
1145 17.7452
617 -1.20374
221 -15.4667
313 -11.1779
919 31.1666
38 -33.3804
661 -0.51416
886 24.5447
187 -18.8422
913 26.1729
321 -10.4078
1072 14.3867
883 26.2662
988 32.6532
271 -34.8
995 9.12659
1186 41.2728
39 -41.5872
666 -0.538452
1045 11.7372
910 33.3076
835 13.1787
893 24.5637
935 21.2213
158 -21.5363
1002 33.2219
930 32.4663
1038 66.5356
266 -25.0508
375 -8.61862
886 24.1115
640 -0.106262
1034 66.2141
910 9.01617
1017 46.7141
290 -15.2164
611 -1.37067
1012 -6.58313
896 23.2654
1014 18.6406
495 -2.5191
455 -4.07889
912 23.517
307 -36.1695
303 -11.7851
763 7.22876
1122 15.5806
1232 3.42688
390 -7.20041
315 -34.1566
640 -0.132263
730 6.61975
962 60.3218
1080 62.6337
147 -22.0236
327 -5.15643
911 32.5062
1057 6.85107
972 31.9648
1001 5.2475
1143 68.0189
808 11.0985
693 1.73456
1091 14.3082
302 -13.6631
997 42.9993
170 -19.7725
994 41.8184
1012 -6.56329
906 19.3531
693 1.73462
1039 10.7023
775 8.44055
1019 15.915
606 -1.28571
902 25.5791
874 24.6838
985 51.2859
1003 -50.4893
1023 8.83405
1038 48.1508
999 24.1873
1012 -6.54846
495 -2.51877
883 26.0144
873 23.9699
895 24.2942
806 5.58978
252 -12.6176
1007 9.18219
509 -2.29626
1214 36.3446
755 18.9255
930 32.4572
689 1.91968
993 21.1889
887 16.5056
920 30.6098
1017 52.0312
13 -4.51771
692 1.79547
1045 46.3837
364 -9.0051
178 -17.6177
886 3.34125
685 1.00385
969 76.7997
1052 11.4911
967 13.8306
815 0.159546
775 0.74054
903 5.32428
859 -0.144104
1087 13.6981
1051 21.3993
464 -3.30792
773 8.06726
394 -6.0462
663 42.336
910 33.3096
639 -0.103882
884 24.1373
947 32.2786
865 23.0403
1079 14.9237
1000 -32.9153
1097 17.7705
279 -28.3487
1179 18.5125
322 -10.4728
286 -12.5587
948 23.5298
1168 39.6232
294 -11.8118
640 -0.10968
1132 14.9551
1101 16.2671
640 -0.131897
728 2.94952
101 -24.7586
910 23.7145
673 -0.477661
416 -4.28226
967 9.42523
791 16.5637
900 25.0797
1099 43.9689
948 23.5258
320 -10.2497
1007 9.18201
1038 47.5033
264 -12.8006
873 2.5495
188 -17.9559
974 26.3799
1173 42.1389
332 -9.82776
859 22.2299
664 12.5101
950 17.0895
539 -3.6524
1145 17.7439
884 24.4659
994 41.4517
1074 16.1753
1009 47.7489
666 58.8406
1091 14.2792
906 5.25201
866 23.8531
606 -1.29382
768 6.34216
745 4.56311
1036 -2.77795
282 -10.9267
280 -11.2497
645 -0.450012
1230 44.7028
290 -13.5341
900 29.8807
1160 48.0669
913 25.2855
834 2.52594
910 33.4639
315 -34.1565
727 3.24084
1179 12.2584
456 -3.66574
327 -5.21588
859 22.243
916 21.8734
856 22.7495
1123 68.6605
704 1.91388
880 26.1732
995 29.8264
344 -7.2897
729 10.9283
1167 37.054
1080 62.6331
935 21.2195
1046 11.8014
1037 69.6377
339 -6.57855
1096 46.4951
881 1.15021
1129 13.4102
1001 4.97198
714 1.82233
547 62.8167
1045 11.7115
176 -19.0717
873 23.8986
933 32.7084
922 60.7996
1079 17.1277
187 -18.8441
894 2.39288
1049 65.6365
278 -12.3109
70 -26.8887
627 47.4285
687 0.144714
639 -0.156433
973 11.9877
994 41.4495
285 -12.5327
922 60.8236
1230 44.6919
1062 56.8031
1113 15.469
1001 4.96704
1107 15.1813
899 23.6917
957 32.5403
956 8.4577
969 9.26886
452 -3.49637
994 41.447
1133 16.2852
1082 13.7812
969 76.8083
1112 10.6543
397 -6.65298
922 60.7922
639 55.1484
1123 15.5764
930 32.4553
1017 8.80371
882 2.05792
1142 65.8273
1164 21.2051
805 1.98688
760 5.73816
1132 68.3358
183 -18.8919
638 -0.464905
900 13.5452
1221 48.5398
821 9.4729
245 -15.1235
160 -20.8041
997 43.8198
667 40.3899
465 -3.52042
877 2.83942
896 24.0745
903 5.32544
882 25.2518
1066 7.70557
660 -0.654724
732 6.53833
725 7.16638
716 6.51721
303 -11.0347
663 0.588257
534 -3.88586
920 32.668
904 25.0886
904 5.36304
974 31.9239
844 4.94922
734 3.51105
1078 14.6389
508 -5.49811
655 -0.891968
416 -4.28366
294 -11.8116
272 -65.7675
893 25.7653
219 -16.0744
966 12.7006
895 4.74884
753 5.29382
950 17.2613
1021 14.9974
667 0.327942
930 32.4552
1214 36.3456
222 -16.4107
903 32.6243
923 32.2009
932 11.8605
660 -0.401489
697 24.2615
443 -4.06219
933 10.1779
1103 15.6338
775 8.44092
712 1.75537
950 17.0829
823 11.6681
932 32.2761
961 9.1355
1114 32.8838
1168 39.4493
1022 33.1669
567 -1.62994
215 -17.4859
960 16.1651
967 21.9143
1138 29.5199
629 -0.41925
890 24.235
854 1.6626
1091 14.2805
1045 36.2753
1080 82.718
494 -2.64871
994 41.8043
960 8.93817
889 26.7607
927 4.36694
748 4.69037
315 -34.1534
789 8.85217
677 16.9209
908 29.0618
1109 67.6167
13 -4.52709
1092 15.4595
1036 65.1506
612 44.4702
693 1.73462
150 -36.7599
667 42.5988
416 -4.28253
601 -1.45197
1146 18.4167
57 -42.0318
758 13.1332
558 -1.66388
881 25.0867
341 -9.87283
1131 69.1611
1066 54.7618
303 -11.4306
1186 41.2764
155 -20.8787
971 31.7499
1137 29.5078
937 32.7454
862 22.3854
1077 13.1879
856 22.752
1080 62.6375
1115 37.382
913 25.1235
700 1.96362
1004 8.97314
963 9.80804
1017 46.7153
863 1.2616
1069 39.0486
639 77.3007
693 1.73535
421 -5.07782
463 -3.38132
606 -1.50232
765 6.73901
1125 17.3978
324 -10.1068
327 -5.15594
1119 67.3556
858 21.1396
708 13.956
869 23.0708
1044 11.7054
935 21.1914
1207 45.076
160 -20.8217
1110 15.4972
1132 68.3621
1001 8.68707
548 -1.81616
606 -1.28552
867 12.3159
877 24.4426
779 0.396484
907 26.999
917 32.8014
339 -6.58502
208 -17.1709
779 19.7655
904 5.34204
444 -4.0274
999 45.4308
882 25.2537
1111 16.5481
798 10.1854
439 -6.09024
964 10.8846
654 -0.774353
970 10.2314
598 -1.65094
662 1.013
561 -1.68915
121 -22.7068
656 1.06873
904 5.34259
1002 19.8071
901 25.2675
9 -6.3009
1206 16.3003
519 -2.1131
100 -23.9644
1005 -18.7651
932 33.9203
910 26.0198
1143 68.0197
1072 14.8423
209 -17.3604
913 25.2895
666 67.4669
51 -49.6273
706 1.90308
1080 62.6382
994 41.4488
1000 20.0574
1001 5.85419
607 42.2958
969 76.8073
1052 11.4913
682 38.6749
651 36.0491
730 6.97687
969 76.7949
899 27.0856
990 12.6994
885 3.61145
830 22.6055
714 6.22943
1036 -2.78052
51 -49.7752
657 -0.095459
1081 37.7239
900 29.8934
252 -12.6147
1099 67.5386
1050 56.0721
900 29.9753
1143 15.3062
536 -1.89008
883 26.0171
887 24.1539
869 1.30627
1129 15.2893
1105 15.3885
20 -2.54575
1221 48.5382
279 -27.9644
1186 41.274
685 42.59
129 -24.0207
1172 71.1713
1186 17.0374
695 2.02405
637 56.9389
996 29.6325
255 -12.721
685 1.31055
905 34.0613
1034 40.0066
1157 17.1545
899 24.8871
315 -10.7743
839 15.6107
266 -29.6392
1192 42.306
1058 7.57849
567 -2.9317
1037 65.4788
712 1.82617
1017 15.8859
508 -5.50089
854 1.94989
708 13.9972
783 8.96082
357 -6.74222
967 13.2306
1033 13.5903
937 20.1199
319 -10.4907
818 11.1423
878 12.747
83 -26.0224
989 7.97107
696 24.8636
905 5.0528
337 -9.80704
830 22.6055
1001 5.82428
797 24.6315
782 8.99951
755 9.8067
1153 32.7091
854 0.558289
414 -24.2147
949 37.6592
806 5.38934
1047 65.9086
1039 69.3867
1149 16.4562
817 11.3576
1221 48.5435
13 -4.52556
719 17.3187
1125 15.6318
636 -1.16022
920 71.0978
343 -7.64465
1097 15.8457
1081 69.5634
633 -1.16504
1178 26.9944
882 26.6193
708 14.3993
644 -1.1134
162 -21.2045
1039 47.2119
953 80.644
300 -12.1034
1012 -6.58563
1221 48.5392
896 25.5729
920 30.606
701 4.78723
1091 14.3082
1124 14.3528
517 -2.1189
1045 11.7382
696 24.8583
904 27.6786
1111 15.9663
499 -3.41077
662 0.0689697
1124 14.7845
913 25.2888
664 12.5126
713 1.83398
1080 12.4349
1184 101.99
889 25.1559
1110 15.5825
187 -18.8415
1081 37.7246
1171 36.8687
708 14.3212
1190 38.6014
651 -0.782837
1001 4.98016
671 15.3839
994 41.4489
947 31.3478
890 11.7183
997 43.8207
1051 2.08521
126 -23.8237
681 31.5644
981 31.3211
732 6.53717
877 23.8927
774 -60.8627
172 -19.6445
300 -11.2312
653 46.0466
661 -0.471008
1011 -11.6792
866 23.8531
1025 14.6361
1082 12.7145
598 -1.42682
1004 41.6329
676 0.368469
923 32.4014
1198 47.6396
1102 15.1208
663 0.588501
1058 9.53345
755 5.06024
719 17.4911
1190 17.4639
1121 15.4758
1015 14.3696
1059 7.43933
433 -4.56302
681 19.3263
1052 11.4911
51 -49.7127
935 21.8754
647 -1.11084
957 8.76038
561 50.0115
1070 5.5592
126 -23.7198
1066 70.2583
701 4.62549
606 -1.50208
377 -6.64224
883 26.0319
164 -21.3711
869 1.15576
1172 71.2307
653 -0.408325
1160 47.8856
932 27.2523
1206 16.6875
614 -1.30231
239 -14.1624
1157 33.9247
1190 17.4668
696 24.861
339 -6.58215
763 -6.02545
1007 -17.3718
729 19.3337
1164 21.204
279 -43.2396
520 -2.06531
252 -12.6649
1132 65.6611
957 10.5319
910 33.3669
888 26.0688
1132 65.6265
312 -11.0478
255 -12.7176
1139 14.9075
688 0.959778
761 1.06982
1096 15.5765
759 0.968628
315 -34.1532
291 -36.73
667 42.4105
474 -20.6242
1137 68.5895
25 17.986
855 0.581299
564 -9.95618
181 -19.2467
264 -19.0858
882 26.8385
296 -11.155
860 22.0457
298 -11.8092
1077 13.0183
1017 46.7126
1038 47.4833
1208 13.4822
283 -28.2223
936 29.7624
1145 17.7261
1000 12.4338
680 33.4572
1104 15.433
1039 47.2377
1106 31.5398
879 13.0386
54 -27.7972
739 4.58655
51 -50.0442
708 15.1772
1127 14.6063
855 6.66565
1043 38.9177
741 11.1069
867 22.8945
305 -11.5449
1195 17.8118
948 23.5298
936 3.05731
606 34.0983
546 -1.68451
1186 17.1113
1064 11.7623
268 -12.3993
712 1.82623
1215 47.5508
1160 28.9213
327 -5.15649
877 28.0562
858 11.4768
318 -10.7236
808 23.1306
683 19.0517
923 33.4951
616 32.5142
898 27.9205
748 5.17426
767 -87.3521
1081 37.7246
954 20.7206
1110 15.5812
970 9.9527
879 24.4995
289 -11.5572
1176 71.3796
1095 14.687
688 1.65369
922 60.8009
1036 -2.77759
283 -10.9691
949 14.6332
465 -3.52017
786 -36.7996
710 2.18994
896 23.7542
645 -1.13531
579 -1.58282
744 5.81836
661 -0.560059
1056 6.22327
147 -22.0224
1235 96.5941
760 5.73822
1091 27.7395
866 9.37848
285 -12.5325
697 24.2585
612 -1.35474
693 1.73486
566 -2.14496
905 3.79791
147 -22.0233
858 11.4777
316 -10.5284
905 3.01538
510 -2.29037
1233 34.6248
517 -2.14258
948 28.2422
697 24.2522
172 -20.22
903 9.1297
266 -35.0091
583 -1.52893
763 6.38666
816 -24.6251
986 39.0933
1035 37.4177
823 22.5084
865 14.9983
1198 47.7406
1051 21.3989
547 -3.50238
361 -7.6102
346 -9.82877
895 12.664
1090 13.9745
786 -36.5046
882 24.8335
1007 9.18188
921 32.5863
969 76.7973
789 9.20789
575 -1.41602
476 -10.9396
265 -12.6424
56 -43.7308
882 24.946
499 -3.43469
667 42.6597
147 -22.0225
1190 17.4536
305 -11.5458
649 36.0222
13 -4.51835
994 -23.1194
1162 32.115
1132 68.332
679 10.0336
1034 11.0713
1007 8.9165
749 12.5323
640 -0.169373
1014 21.8588
283 -11.0241
618 36.52
1037 65.4648
954 27.3854
708 15.0639
831 15.9319
479 102.337
417 -30.0253
1230 44.7042
1071 42.5273
1125 16.7559
986 48.3534
1161 36.653
493 -6.72577
1080 62.6377
478 -8.72519
1129 73.9335
1036 -2.79639
1072 75.1906
691 1.42157
885 22.9921
1081 37.7239
697 24.2786
1091 27.7454
679 26.8297
601 -1.45074
1113 16.5764
1237 31.1882
1080 62.6382
212 -17.6313
688 27.2216
996 10.4171
162 -36.2911
528 5.65723
890 24.1652
695 2.02161
586 -1.40656
949 14.6447
332 -9.68762
734 3.56525
851 21.2202
1065 7.45947
1198 40.6211
468 71.8746
394 -6.47623
936 34.9392
667 42.6172
969 76.8087
669 0.046814
682 37.9184
1169 18.9717
344 -7.37161
901 26.7679
800 10.4216
767 -87.3817
777 -57.81
820 -8.80188
1183 40.2437
606 -1.50262
616 -1.31116
187 -18.8421
263 -23.2969
654 -0.444214
349 -7.22931
1091 14.3083
1202 14.0409
878 12.7904
920 30.6088
797 18.2394
732 5.19586
1078 17.6281
888 24.0486
976 21.9219
1078 14.6365
873 8.19788
930 48.8083
1076 13.6753
971 22.7975
1052 11.4912
881 1.1507
932 19.7871
928 66.8898
51 -49.534
495 -2.5181
400 -5.43469
760 13.3295
51 -49.7593
1140 18.9435
957 10.6603
1106 13.7697
1106 19.7374
1024 50.4176
652 -0.696838
663 45.0966
714 1.89709
933 31.5147
155 -20.879
1094 15.829
648 -0.726929
722 2.49969
1017 52.0301
708 13.9944
681 63.0701
606 -1.28638
1111 15.6953
954 27.3952
986 12.1262
269 -36.9968
923 85.8934
1003 -33.6905
1166 27.879
467 -2.96741
303 -11.6348
45 -41.7802
672 15.8876
1015 11.0809
1110 15.5947
967 63.0254
74 -28.905
976 31.8736
1238 93.3604
1110 15.6038
883 23.9669
910 9.04169
1195 45.1893
114 -22.8613
1022 14.5834
1077 14.871
843 21.2638
710 1.49207
634 -1.17511
1034 66.2085
891 24.0754
136 -35.6224
612 -1.48718
916 31.7096
675 16.2392
900 24.1338
353 -7.29477
1068 13.4739
830 22.6048
835 13.1706
727 2.88403
880 24.7144
669 -0.701599
393 -6.53458
639 -1.15039
1071 23.8976
197 -18.7669
339 -6.58557
1066 70.3073
283 -10.9687
1066 70.2211
318 -10.1787
1155 37.5176
1104 28.4585
729 30.7933
339 -20.2949
732 6.53833
1198 40.6416
977 48.5903
1161 38.7849
13 -4.51678
889 14.162
712 1.82623
633 66.4127
767 -87.7084
975 11.9445
656 -0.510681
913 25.2935
691 42.2883
1092 15.4631
1078 14.6056
315 -34.157
860 21.0803
1127 84.2081
696 24.9634
623 52.9415
293 -11.5809
734 3.53363
1004 42.6877
1066 70.0747
622 51.185
969 83.4038
968 20.4023
645 -1.13251
948 37.6628
1092 15.4827
1124 15.5875
1157 33.9247
1084 12.3551
497 -2.57135
763 -5.94373
1142 65.8152
442 17.5407
400 -5.44922
695 33.269
1198 40.6099
682 38.3058
36 -28.7379
708 14.3704
637 12.2608
607 33.5457
440 -6.12329
1140 13.5269
1155 14.9071
606 -1.2865
959 74.2427
537 78.4665
273 -13.1318
896 34.6678
878 27.7461
803 -26.4902
1091 27.7394
982 46.6709
866 23.7732
416 -4.28461
1070 5.56018
887 16.6289
639 77.3786
909 28.6381
751 4.90771
1206 57.635
470 -3.05496
894 24.6405
943 16.1985
304 -11.4005
898 14.1721
1001 4.98944
934 48.7634
1067 6.18713
641 -1.13
903 5.38171
885 26.69
318 -10.1739
696 24.8773
1062 11.6809
527 62.368
923 85.4633
903 5.44818
80 -25.5375
667 42.6514
879 13.0443
1145 17.7258
706 21.0615
701 19.143
212 -17.6233
1171 39.1208
712 1.80054
976 28.6178
573 -1.50732
536 103.038
997 43.8201
962 -11.6199
394 -6.51041
926 96.7605
762 -8.2691
887 24.6155
915 31.941
928 60.4483
654 11.5519
1118 15.3936
1050 9.98083
879 13.9676
1213 41.1686
653 21.724
884 24.713
903 32.6606
996 29.6335
13 -4.51474
1220 48.4254
919 3.4787
137 -24.4
1230 44.7063
910 9.02246
1091 27.7454
1190 17.4585
1127 15.5852
641 -1.13495
523 -2.01685
860 10.8306
935 21.2174
681 35.285
51 -49.7127
1138 29.5183
606 33.5824
1132 65.6329
890 24.9778
278 -35.0573
441 -4.32208
701 1.90558
1078 14.6316
662 -0.527466
118 -22.9664
283 -11.024
910 9.02771
889 24.3187
652 11.4775
967 21.8141
277 -42.6938
803 -39.9693
910 25.3988
997 10.6459
1029 67.6748
944 3.92999
1036 -2.66113
695 2.02386
430 -4.56091
438 -5.48672
717 2.02979
1112 15.5466
1059 10.6696
819 -12.6791
1145 17.7437
563 -1.86749
1133 15.2932
969 31.8797
1036 -2.77197
364 -30.0315
320 -10.2477
986 15.5095
623 -1.22791
1052 5.99353
1111 15.137
1239 30.2065
202 -18.2588
1214 36.3475
954 27.3806
890 17.0088
974 7.18805
481 -6.04065
975 83.5605
1054 6.85193
1018 18.753
958 10.5342
545 -3.56293
170 -20.2983
879 12.991
1045 36.2732
922 32.1073
618 -0.799561
1140 18.944
1078 88.5411
608 33.1247
1197 40.8971
731 21.4673
1092 15.4609
927 40.2947
823 7.1842
954 35.2086
1211 41.3905
1009 -5.45892
890 16.3823
641 -1.03711
145 -12.0966
13 -4.51612
868 1.15143
880 13.8788
752 4.6861
635 -1.14941
657 -0.535461
640 50.0533
607 54.744
1062 42.3016
1145 17.726
1123 15.021
553 -2.50146
652 -0.854858
1103 17.4674
615 -1.26941
853 21.1164
717 2.56525
440 -6.26318
918 34.241
966 13.0026
1140 18.9453
1036 -2.77881
1078 14.4203
581 -1.53308
1028 58.5283
650 -1.07623
805 10.506
740 19.1182
740 9.13422
1091 27.7455
1219 46.5022
816 -21.9047
729 11.6837
1087 66.3361
1190 17.4534
652 50.4602
933 34.1535
1021 8.85706
1033 7.03809
1140 18.9414
879 24.5289
70 -26.8888
186 -20.1792
709 2.18414
1223 47.3457
1071 11.141
804 10.5494
756 7.84302
1016 58.1317
1192 40.722
751 4.25116
909 9.1427
1000 -22.2018
859 7.23944
301 -36.2367
1207 13.3173
708 14.4396
1148 15.4484
1066 2.4115
894 24.8232
177 -19.7245
932 11.8777
641 -1.1319
30 -5.87295
1122 15.3857
358 -7.54449
1190 17.4589
301 -11.5619
36 -28.7392
1024 64.6154
641 55.895
1077 13.1891
830 7.38843
155 -20.879
882 25.2542
188 -19.0355
782 8.97528
739 27.7935
614 28.3038
953 27.425
953 72.3176
421 -3.2193
1070 5.5603
841 26.8008
643 54.6039
1018 18.7573
629 -1.19879
986 23.6302
486 -5.92828
1195 41.4785
444 -4.02478
933 10.2195
923 4.6571
819 22.2419
936 19.1151
734 -6.63605
1078 14.4529
13 -4.51983
1071 14.0673
869 1.12079
1128 34.6907
502 -6.11926
910 9.00739
873 22.347
814 23.3884
899 36.0143
881 24.1894
1132 15.6786
866 1.41559
1108 19.9707
245 -15.1239
647 12.035
1068 11.4457
1106 15.4358
639 54.765
924 32.7028
954 14.0543
993 -23.7851
803 10.7145
804 19.5299
534 52.2385
120 -23.9946
1092 15.4799
757 -44.2906
417 -28.9241
921 69.5221
714 1.53094
873 1.1427
879 13.97
921 21.2457
80 -25.4577
582 73.8058
1076 15.7894
483 -5.85211
31 -53.6354
887 16.4987
462 -10.9958
1127 33.434
911 11.5005
691 2.12573
691 1.42078
712 1.82593
948 31.4832
1161 38.7933
607 54.7367
351 -9.50455
896 26.9893
870 11.5219
949 14.629
1027 15.5663
969 76.7994
1029 12.6442
237 -14.2765
415 -31.4115
285 -37.865
875 23.6305
1018 18.7581
1086 47.2797
1012 -6.59589
311 -13.0305
1120 26.8887
1190 39.817
807 1.48676
477 -3.32883
684 0.815308
206 -17.7028
988 28.9025
926 96.3694
712 1.40259
929 16.4009
954 27.4178
604 -1.45721
821 11.5873
618 -1.29712
637 51.5271
252 -12.6601
1091 27.7395
966 16.5927
1066 70.3065
1214 36.3392
955 73.2051
758 1.52545
705 1.935
1161 38.7924
624 -1.26874
877 12.5811
886 26.6957
1212 42.1021
352 -6.91315
936 25.3955
818 -16.957
1099 29.9811
719 17.2797
718 44.8357
999 46.0372
1159 7.88525
913 25.2686
314 -7.41568
1212 50.1805
913 25.2905
801 -37.4727
918 33.488
795 -35.0478
971 19.2261
1091 27.7461
993 0.865723
883 24.544
1096 15.0159
969 76.809
222 -16.2763
327 -10.2743
612 -1.33014
757 3.16058
978 64.7415
393 -6.54605
1155 16.1139
614 40.97
144 -23.3167
444 -4.07971
1068 2.70459
358 -7.60181
517 68.3743
338 -6.48666
883 20.7462
750 4.76086
762 -8.35077
995 -24.9423
263 -13.6646
697 24.2864
449 -3.66586
818 -19.6106
521 -2.07367
1047 66.9191
1041 11.2325
376 -69.4109
767 -87.4983
106 -24.332
881 12.5502
723 6.82855
824 -3.74249
696 24.887
647 -1.06421
1204 34.6985
820 -8.8327
693 45.8362
510 -2.23282
986 15.4897
803 -26.9433
355 -6.74118
664 46.5724
665 24.9778
385 -6.53467
1157 33.9272
376 -69.4073
350 -9.6188
1036 -2.65698
428 -4.53613
1189 44.5338
1179 18.517
896 9.16742
337 -7.24292
991 3.5816
879 27.7042
363 -7.68878
527 50.193
147 -22.023
762 -8.3183
664 41.9911
1161 38.7859
659 58.3713
176 -20.0031
1123 15.0645
327 -5.15646
586 -1.40674
285 -37.6774
315 -34.1393
1017 52.0302
805 10.5068
1091 27.7455
1113 32.3573
885 24.0024
1190 17.4543
1203 49.5746
1202 14.0309
1052 11.4915
291 -36.7348
342 -3.09872
645 -1.15936
813 3.72668
843 21.2619
174 -19.8887
648 41.5517
97 -25.3196
1157 33.9269
1001 4.96759
1078 13.0557
737 10.3104
736 3.97559
913 8.5152
119 -23.6822
696 24.8583
1080 70.8328
903 1.63672
731 21.4284
719 17.278
883 27.1097
168 -20.4322
1214 36.3438
763 -5.95386
1191 44.1932
954 27.4163
515 -2.14124
356 -7.57388
899 35.2231
1060 42.3224
1061 9.18127
1087 64.9381
1239 91.3306
671 0.437683
621 51.582
1017 52.0293
976 5.15192
850 2.59796
881 1.15076
174 -19.3465
1079 59.3351
341 -7.51257
302 -11.0358
1214 36.3469
1176 65.1848
612 -1.39868
572 45.9056
775 0.104248
866 23.7036
1175 18.0057
390 -7.22586
927 4.07495
949 14.637
1070 5.56372
986 14.7635
1140 18.9453
694 26.5615
743 4.53522
930 12.919
901 36.3126
752 -32.7402
624 43.8701
720 2.68109
1000 -32.9153
288 -18.2
1204 58.9034
184 -18.6754
1018 18.7534
866 1.24561
310 -31.6391
360 -7.42676
1143 10.8815
517 68.3696
349 -7.35632
779 34.2591
925 34.7175
673 29.4678
1117 18.814
1145 17.7439
909 37.0286
962 60.3077
728 7.63928
718 2.50629
1020 15.9994
1085 58.9976
900 9.18152
986 15.4731
56 -43.5502
877 27.9789
900 25.1622
953 27.4317
1142 65.8219
646 -1.14209
990 -7.14258
1008 54.0419
1112 15.5476
427 -4.65213
56 -43.533
729 9.70349
707 2.09052
903 8.42523
855 15.4564
995 29.8311
938 13.5494
1080 62.6372
1109 31.9508
680 31.2117
950 17.2431
567 -2.9317
697 24.2458
1059 42.2064
838 8.62396
611 -1.51947
903 9.23889
902 9.13831
386 -6.54358
718 44.7976
22 -4.2269
1076 15.1414
488 1.55777
997 46.1216
680 28.4518
981 57.8558
866 9.30231
658 10.8637
729 11.4977
237 -14.0916
1129 78.6326
997 43.8208
990 12.5823
677 37.8054
1074 69.5271
1045 11.7102
949 3.44043
669 31.3286
1028 9.54541
1182 29.6499
976 10.0449
1145 17.7261
753 5.01184
338 -6.48669
1195 45.249
719 43.2126
813 -20.2846
998 25.65
961 10.5157
478 103.741
729 11.3808
216 -18.0694
848 2.49451
752 -32.4313
1213 49.3016
854 15.1835
976 21.9795
681 1.47369
1022 -20.1738
342 -3.1145
871 25.1681
646 -1.10883
879 13.0347
1079 14.9033
895 24.6713
1194 45.2477
719 17.4777
1089 13.9834
1106 31.599
967 20.881
479 102.331
640 56.0952
1101 15.1022
693 1.73468
1113 41.7355
1033 36.5902
654 -0.632019
899 33.8039
887 16.6206
346 -7.31992
1075 14.6404
864 22.7572
929 4.18335
1184 102.781
1077 13.1879
692 19.1331
585 53.7228
926 5.51892
858 11.4824
663 -0.652588
437 -3.81171
763 -5.94183
757 -17.275
394 -6.50937
698 10.3478
653 56.4952
856 1.18671
713 2.06262
708 13.3943
729 8.56281
624 39.8743
394 -6.47632
977 68.0145
858 11.4774
936 19.0436
720 39.5728
339 -9.31274
1221 43.0635
1199 35.3105
985 -42.0107
936 19.0159
1106 11.1055
861 10.2098
740 8.15802
909 28.6343
525 -1.88409
1165 38.7439
748 -37.2609
879 27.7275
903 25.4003
1198 38.1415
1110 15.6002
950 20.8058
1127 15.0568
1214 38.9927
859 22.2325
402 -5.76309
1198 40.6125
438 -4.11871
1220 46.7625
1099 17.0507
500 -3.24118
956 20.5315
1142 65.8093
816 -24.6187
729 -6.16595
953 27.4429
1010 53.9415
341 -9.87277
734 25.6039
1120 15.7618
941 29.8663
800 -39.2617
498 -2.06866
1022 15.0067
870 18.1082
681 36.431
283 -11.0239
752 -31.6993
94 -28.4551
609 -1.4198
878 12.6107
1037 65.5974
1198 40.651
946 30.929
1082 19.6361
719 17.4285
1216 -7.9812
1061 8.8418
929 4.60992
1077 14.7047
327 -5.16241
783 -26.1403
906 35.0022
583 -1.54889
779 19.7668
663 28.7008
264 -23.7827
988 28.903
994 41.4457
935 26.7746
341 -7.32214
1034 66.2096
634 -1.19116
1134 14.413
642 67.6394
905 4.09778
729 11.4466
438 -4.11884
708 13.7769
70 -26.887
640 74.6827
1196 13.524
1179 18.5156
664 46.8621
1068 12.4835
1198 15.1669
940 5.05872
797 24.5622
786 -37.0524
1059 7.51685
646 65.0663
799 10.3124
1214 36.36
1039 46.8475
900 23.5571
327 -5.16107
618 -1.1933
596 49.3791
1036 -2.64783
1127 42.058
286 -12.1392
1176 14.127
936 19.044
1052 11.4912
1114 32.8882
1191 44.7485
929 20.986
37 -41.5355
696 31.4283
908 36.5659
1187 38.5343
1054 70.0437
620 -1.34723
864 0.761108
932 11.8893
716 2.26215
838 7.16638
459 -14.4098
884 28.1453
922 8.96295
1162 19.3549
191 -18.8453
896 25.4769
107 -24.3379
49 -40.428
499 -3.43265
986 23.6299
697 24.3884
982 41.8532
950 17.2031
920 11.8326
872 24.2155
961 61.0362
858 28.793
1091 11.2565
1012 -6.586
936 19.1052
605 53.1552
805 10.5068
696 24.8464
905 8.862
851 20.9301
458 -15.5927
729 11.3533
641 -1.1958
855 7.5022
814 -24.1857
624 64.8732
977 25.2837
822 -7.26111
1127 14.6499
1092 15.4796
821 -7.86407
897 24.7915
353 -7.5379
804 -40.8864
339 -8.3674
905 25.0377
932 33.8874
233 -14.1635
791 16.5626
958 31.692
785 -36.1519
522 65.6606
212 -17.6294
1127 14.8341
819 -17.715
1173 31.7363
572 45.8953
60 -27.5801
629 43.1832
1224 48.15
1214 36.3461
904 34.5005
1052 11.4912
1081 37.7244
479 102.333
1106 13.74
632 51.4833
346 -7.38669
1161 15.1522
1190 17.4562
519 64.3143
757 -44.1346
890 29.0101
786 -36.583
394 -6.72958
1221 48.5381
22 -4.2269
888 14.4668
555 -2.10974
661 35.6448
737 17.6735
767 -21.043
950 82.3021
981 69.7244
606 -1.28455
1212 22.4391
912 19.1481
499 -3.51929
1012 50.9138
89 -25.6521
1114 32.8859
268 -36.9517
763 -5.96564
708 29.3191
340 -7.78796
858 11.4783
719 17.3122
879 27.7208
612 -1.32928
817 20.4221
468 -3.09534
838 7.1861
1079 19.5278
983 57.1731
308 -11.9919
934 67.3001
840 13.5201
920 71.1133
902 35.8246
653 -0.700623
1007 -21.1281
870 23.8309
911 47.212
1228 34.2985
1172 19.2878
399 -6.57797
705 21.157
935 21.2195
348 -7.39929
731 21.4625
881 1.14996
621 46.3054
708 22.9457
871 8.90137
507 -2.29517
1190 17.4515
996 12.8732
789 9.70569
864 0.869202
259 -13.1623
817 -21.1095
536 103.067
1118 15.4762
888 30.3332
1184 43.7474
813 22.8038
449 -3.59634
383 -23.6633
701 1.81946
342 -3.10867
906 33.1791
1145 17.7993
164 -21.1868
803 -26.4753
670 0.481323
134 -23.1949
1097 15.1547
441 16.8736
460 -70.9352
1156 -6.26953
887 16.6219
283 -11.0241
1002 33.2213
853 -13.9857
729 11.0063
430 -13.961
968 30.11
551 -12.3075
629 55.7844
525 68.2143
1161 38.7903
878 12.7449
880 13.5961
1208 54.8439
619 -1.3291
548 -1.61029
803 -39.9734
653 61.6235
655 30.1825
649 -1.11426
933 10.1072
726 7.15588
682 2.15875
1162 39.4587
853 7.57831
1208 54.6156
936 23.8271
920 70.7142
327 -5.15961
816 -24.6248
791 16.5638
170 -20.5779
1120 15.4584
760 5.73822
1196 44.724
762 -8.37488
812 -18.5628
403 11.2049
692 21.215
935 21.2194
859 14.9624
696 24.8555
1153 32.7086
644 -1.12988
25 -27.278
858 11.4741
854 12.9813
934 19.6707
651 24.3589
583 54.1969
471 -3.13623
716 2.30225
1127 42.1997
439 -6.14789
729 11.3909
433 -4.56232
900 8.52643
849 17.3402
452 -3.52859
1137 16.9972
1092 15.4602
1215 22.3396
1145 17.7261
714 5.54486
119 -23.6832
478 -2.74127
195 -17.9998
894 1.1474
790 0.338623
869 10.163
692 24.3599
1216 -7.92395
1092 15.4645
1172 24.5129
670 0.480957
587 48.7634
1099 15.3895
186 -19.0041
640 74.6748
212 -17.6311
953 27.4258
682 36.8932
499 -3.43179
849 11.3322
317 -10.3779
1021 8.85706
1050 69.8447
894 25.4451
1145 17.7269
950 17.2617
823 -4.79761
879 27.6913
181 -18.6456
976 22.8635
1038 7.83496
985 29.9136
719 41.7064
194 -18.289
746 4.5318
274 -18.0516
637 12.2773
1005 11.3444
449 -31.0673
962 60.8747
1189 42.1689
803 -40.0056
795 4.42975
967 20.8594
818 -18.7354
858 17.0777
415 -5.30753
1146 18.3668
804 -40.8909
478 103.909
971 36.9424
548 -1.60803
779 -35.2401
683 2.15704
353 -7.03238
936 19.0408
449 -31.0666
682 37.8685
846 0.849731
378 -7.59412
905 3.95044
914 9.83105
995 9.65094
882 25.2543
1051 21.3994
763 -5.91382
756 9.45215
1230 44.6969
600 -1.42572
1167 53.3817
338 -6.48688
956 32.1744
610 -1.38788
1001 25.2732
1157 33.9269
652 -0.934875
673 9.93365
881 12.5401
1079 72.4784
571 -2.31415
729 11.0223
879 13.9819
951 17.9483
561 50.0643
858 11.4735
708 14.8629
144 -23.3162
441 -16.684
708 13.9073
784 -28.904
933 10.0839
635 -1.15344
425 4.14456
578 -2.66522
1017 46.7155
87 -35.3318
1129 14.3079
1110 15.6003
837 1.34399
803 -29.9177
548 -1.8161
736 -0.206482
719 17.2331
644 -1.1416
192 -10.3678
435 -4.50888
280 -33.0782
519 64.3195
361 -6.85822
580 -2.4422
1170 -1.73132
932 11.8834
780 19.9261
1109 15.5338
1084 27.2714
652 -0.906311
1214 36.3468
1039 13.097
966 -19.3081
523 3.78595
757 -44.1335
904 4.81879
1070 5.53333
719 42.7977
880 13.7596
973 19.2746
727 6.63995
811 20.2224
71 -27.4005
361 -9.40799
728 19.7466
743 -9.90656
760 13.2855
864 23.0079
996 12.9006
890 27.7069
1036 -2.66748
446 -4.07706
768 -21.3929
417 -29.2143
283 -11.0237
843 0.577087
391 -66.2055
715 1.97528
879 27.7534
953 27.4858
1234 96.0719
1121 15.3883
307 -11.2725
994 41.4471
877 12.6154
830 21.8802
690 15.7603
696 47.6617
1067 6.35779
637 12.2737
664 12.512
326 -8.94977
803 -29.8658
801 -34.635
1082 69.2369
507 -2.27939
318 -10.437
298 -11.0768
1190 17.4718
1220 46.7607
639 77.3762
1001 4.98254
847 11.7275
875 19.9016
910 9.27765
962 20.2331
620 -0.79126
629 2.4295
879 13.9608
638 12.6492
910 33.282
878 24.2374
842 5.63397
74 -26.9441
912 6.55237
763 -5.95319
1140 18.9424
444 -14.8167
640 56.1808
779 19.7674
924 26.9584
816 -24.6348
655 -0.554871
1104 42.7439
757 -44.1368
934 10.6016
826 24.9444
479 -25.4765
661 -0.594666
144 -23.3167
598 33.7376
1127 42.1779
941 10.5206
1221 48.4934
646 -1.11414
1092 15.4609
841 27.0178
994 41.4477
478 -2.74066
305 -33.0525
795 18.1266
188 -19.0373
944 3.9328
824 -3.38873
1107 15.3112
1201 47.7548
964 27.6957
1170 -1.73254
758 17.2
682 17.8885
651 46.7466
616 -1.35168
639 77.4017
1153 32.7109
692 21.2137
1124 71.2238
756 8.11823
1194 45.2371
1096 26.7802
916 10.4666
781 22.0421
669 0.046875
544 127.591
799 -40.1832
738 1.91376
692 21.2141
688 36.6424
598 -1.45758
892 16.0441
570 -1.75861
752 -26.7582
1034 66.208
353 -28.2785
950 17.0938
966 9.66364
890 11.2398
608 28.821
818 -19.6078
188 -18.7244
1114 32.8845
561 50.0177
868 17.952
1104 4.22827
378 -6.66278
836 25.3174
660 32.2518
746 11.0441
616 -1.18256
193 -18.3744
1198 47.6407
379 -7.15836
970 -38.2964
1034 66.208
282 -10.9256
918 52.9091
1153 32.7064
240 -13.8572
627 40.2894
643 -1.20111
858 11.4703
830 22.6027
1145 35.0599
1135 33.9117
759 -15.9686
1034 47.3164
708 23.4666
1070 69.5757
936 19.1001
1061 68.6345
960 18.3544
663 43.7312
47 -41.5497
627 -1.19281
913 25.2676
395 -6.53116
1154 19.2159
615 -1.33221
833 10.8862
1157 33.926
767 -87.5634
639 77.3787
1064 11.0297
906 32.8934
931 3.35284
682 2.15881
784 -32.9451
477 4.0524
4 -6.2473
1128 89.0565
523 42.3393
967 20.8821
282 -10.9241
657 62.1292
1147 11.6084
1234 97.5734
1200 45.1477
967 8.68152
584 -1.96332
842 4.15485
447 -16.7643
613 -1.21228
739 1.159
417 -28.91
858 11.4736
1127 41.6952
478 103.849
803 10.6204
671 0.437622
773 -22.4332
1043 38.9043
337 -40.9791
986 15.4968
255 -12.7202
315 -10.1342
695 2.02356
850 2.40985
441 16.877
1041 44.2137
598 55.0577
235 -14.3087
794 -38.5193
499 -3.43558
9 -6.35666
1067 53.5902
1186 17.0862
1082 19.6324
1088 57.8944
1187 43.6138
438 -4.11914
783 -30.0646
338 -6.48703
690 41.5675
25 -48.5763
587 48.767
586 -1.40619
986 15.4878
370 173.842
575 -1.41498
618 28.4131
495 -2.51822
377 -6.63037
1032 8.03394
503 -20.2205
732 6.53925
1098 64.501
100 -23.9586
626 16.5963
985 3.28241
767 -21.2089
720 39.4398
796 -33.1567
827 12.0334
745 12.6359
997 43.8246
681 36.4668
757 -44.1523
936 19.0758
901 8.14642
977 21.5015
871 9.6416
803 -40.0583
730 2.97491
1162 50.7938
1110 15.5981
441 16.9101
436 -3.8103
1001 -14.6299
628 73.5583
1094 -9.26648
612 -1.37256
857 13.5084
607 33.5314
495 -2.51929
670 64.6578
1176 40.4464
1220 46.7607
87 -35.331
147 -22.0225
651 -0.796265
478 103.85
838 6.7019
50 -41.7924
1070 5.56042
1001 4.97211
864 29.6446
1216 42.1193
705 26.8942
697 24.2767
762 -35.868
756 7.70392
743 0.315796
784 -27.823
838 8.64508
1194 93.5419
741 11.0881
801 -34.0704
757 -44.1198
634 -1.185
670 0.481018
876 22.8953
1132 68.3496
551 116.032
729 11.0011
732 11.3638
729 10.9587
674 33.1736
473 3.57681
767 -87.6985
313 -9.89313
786 -37.1929
690 42.0644
933 10.1262
521 40.4394
1238 32.4211
1126 70.6285
692 21.2152
703 3.13544
857 28.6213
641 52.9614
965 11.7327
378 -6.6622
1145 11.1329
863 30.2938
821 21.7641
858 12.6498
887 24.6431
840 7.35065
830 14.0006
804 -40.5148
606 33.5963
763 -5.92194
1026 52.1665
70 -26.8869
879 13.9879
1087 23.7963
334 294.673
683 31.4188
560 -10.6955
604 33.5501
496 -2.62576
515 -2.14001
809 21.4263
759 0.973694
56 -43.7085
499 -3.43527
698 14.3536
1137 13.9324
1197 40.8512
762 -8.27515
398 -5.84293
877 7.20203
818 -19.4056
695 2.02356
804 -40.8951
906 35.6177
972 7.3548
344 -8.01154
906 24.9333
784 -36.1321
939 18.0344
986 15.4745
868 23.7179
881 1.15076
441 -4.34464
1036 9.66138
1109 15.5223
1177 36.2456
932 33.9255
1190 17.4587
565 -8.34576
988 -19.6
718 44.8307
477 -25.9834
449 -16.7743
398 -5.90744
767 -87.5541
342 -3.07941
733 3.95813
718 44.8325
101 -24.7911
719 17.4894
753 5.56012
676 57.9209
837 6.51556
674 30.4407
956 31.2768
1230 44.703
874 10.9737
704 2.10681
1104 28.0238
390 48.4019
731 21.4364
983 14.9661
763 -5.92542
1106 31.6023
843 13.2305
786 -36.6961
1004 42.6699
495 -2.51932
806 -36.4041
1083 56.8723
981 67.3685
1122 61.2241
858 11.4734
824 13.4745
913 25.2656
648 63.5656
900 23.6263
986 15.4986
687 31.4773
1157 33.9247
729 11.0701
467 -14.1984
906 25.0541
1117 12.9788
816 -24.6246
578 -1.56244
51 -50.1194
907 10.3627
256 -14.5093
305 -11.5494
548 -1.8161
895 25.9305
341 -40.3104
881 1.15009
824 -8.37982
988 -27.8024
114 -22.9573
325 -41.0266
1190 27.1511
953 27.2133
781 8.72455
777 -58.3317
772 -31.5939
786 -36.4319
646 0.00323486
947 20.0504
751 -1.22528
966 18.9792
961 2.29218
519 64.3228
731 -3.68451
757 -44.1301
1024 14.7983
540 53.6631
1105 10.5922
797 -34.2614
667 42.5827
1218 47.1831
621 10.4075
896 25.3848
1198 40.6022
335 -7.38913
336 -7.15521
1191 72.2631
913 25.2674
858 12.6871
936 19.024
1116 15.3873
1238 -0.606934
608 32.609
1066 7.65393
879 13.979
1201 47.9622
101 -24.7918
931 3.68256
631 56.556
335 -9.53366
53 -42.1582
986 15.4764
626 70.5328
850 25.7726
1004 46.0238
342 -3.10938
536 103.027
967 20.8791
638 2.91943
922 60.8037
858 12.7341
1114 32.8857
818 -19.6237
615 28.2101
990 -27.5179
510 -5.44543
342 -3.11151
1234 47.4448
1041 11.2605
967 19.6295
815 -22.6592
306 -10.8496
473 -10.7401
1114 32.8846
1142 18.3018
1186 41.2764
720 39.5396
212 -17.631
1171 39.1193
1207 55.6014
880 13.7645
1235 96.5647
1082 19.6328
721 24.3429
410 -17.6768
342 -3.09515
637 12.2512
932 20.6657
786 -35.4297
718 44.8389
797 24.6249
441 16.9039
1140 18.9425
1070 5.56641
896 9.16577
882 21.1843
1023 11.5912
530 -9.54352
729 8.59308
678 34.9413
754 9.25183
886 19.1064
669 37.9148
1198 47.7616
783 -30.4056
618 -1.28827
747 4.50763
413 -6.43124
943 4.34259
513 -2.23624
592 54.5439
936 19.043
208 -16.6222
639 77.4026
821 11.5173
836 13.877
848 9.58563
865 9.33691
899 23.7087
22 -4.22651
393 -22.9748
802 10.5227
614 -1.27319
403 -5.19565
1099 29.995
738 -8.88184
1126 15.577
1228 -0.543457
606 33.58
957 14.6453
1000 -32.9046
685 64.9396
992 -29.0601
1120 27.0634
945 -19.7184
1038 47.4548
1038 48.1433
339 -6.57889
816 -24.6232
733 10.3953
188 -19.0328
901 6.11151
968 10.5132
530 -4.14386
752 -23.3421
968 8.39856
950 17.2271
1072 75.1906
803 -26.4955
417 -5.23941
36 -28.7386
862 0.907532
817 24.1506
897 25.2109
817 0.47998
840 11.3497
368 -7.68008
752 -25.664
882 25.9065
40 -40.1873
1220 46.7615
891 15.0914
885 24.9428
310 -10.4151
981 9.8916
628 2.34863
880 13.7773
878 12.2887
1177 18.1958
803 -33.0981
880 13.7752
607 33.5657
729 3.0918
856 22.5654
904 8.44916
1142 65.8221
567 -1.60706
321 -9.94449
294 -11.382
719 17.2339
555 62.8986
202 -18.2877
997 43.8197
471 -10.9718
951 5.71362
1201 47.7922
627 35.8148
786 -36.7963
1186 41.2794
721 -2.61932
1021 8.85712
438 -4.1189
317 -10.5913
639 77.3737
897 33.5602
948 8.71826
1094 49.7556
893 25.7809
896 7.90125
881 24.937
1126 29.0736
1012 -6.56616
990 12.439
891 26.6229
417 -29.162
700 15.241
377 -6.6416
804 -39.4495
1205 59.6051
731 20.9615
656 -0.721863
879 13.003
403 -5.21954
1107 66.5574
708 30.6232
981 64.468
932 11.8536
704 2.00293
630 37.3749
1240 1.32385
1186 41.272
931 14.6559
855 27.9475
165 -20.1289
112 -23.8835
731 21.4053
967 -18.4403
745 1.41888
378 -6.66229
1052 11.4913
731 21.399
1007 12.4915
360 -7.36874
893 8.78241
656 26.5375
119 -23.6825
314 -8.62845
688 17.9341
147 -22.0238
1205 46.7471
1175 39.8944
1120 26.8792
871 1.21918
436 -3.8085
639 77.3993
850 -5.7616
767 -20.9515
3 -5.62744
549 -13.0529
648 -1.12946
1061 9.27014
693 1.84021
536 103.038
646 -0.0088501
900 23.6395
637 -1.18036
454 -3.50308
851 21.2202
1136 13.7046
734 25.956
571 59.8727
1073 11.3408
479 4.28894
469 108.502
1142 65.818
1070 5.55933
692 21.2211
915 10.2946
754 -48.2488
733 20.6238
640 75.4028
400 -5.51541
393 -6.54642
1158 39.093
685 45.2421
626 61.9406
259 -13.1626
1220 46.7578
1066 70.3098
702 20.7081
882 24.3949
427 -3.80887
619 -1.32874
752 -32.6101
1109 46.9706
1092 15.4589
60 -28.7303
342 -3.1022
905 23.9844
574 60.4203
910 9.03876
911 28.7549
920 70.6804
621 -1.30078
610 -1.39886
816 -24.6318
559 -2.12347
940 20.3986
339 -6.58218
839 0.11792
651 32.5057
1145 17.7262
575 -1.63867
879 13.0383
1084 27.2712
1235 96.5756
786 -36.913
334 -8.79807
586 55.0936
1206 16.3229
644 -0.0788574
818 -21.4785
779 -36.2909
608 32.1736
731 21.2219
837 27.2309
562 66.9136
661 -0.510925
893 14.4644
844 16.4814
285 -11.0399
477 -2.74802
541 -9.28638
617 40.6736
1140 18.944
421 -3.21918
167 -36.3312
970 11.7281
933 10.1305
712 42.667
1015 59.7981
283 -12.5714
639 -1.1662
1234 14.103
733 18.686
923 34.6251
972 14.4941
348 -7.63806
9 -6.29953
940 16.8425
913 25.2883
1121 15.6254
561 50.0632
529 -1.85486
640 3.55176
756 -43.4464
416 -4.28494
598 -1.44385
661 0.0817871
696 24.8538
620 41.9314
477 -26.114
870 7.37018
862 22.6445
565 -8.33502
769 -21.8021
421 -3.21936
901 14.2884
477 -2.79819
1093 36.2936
1157 33.9243
607 -1.44763
165 -21.5341
1009 -21.7308
328 -10.1188
1159 37.0458
964 11.9658
916 35.5579
1039 47.1084
1235 96.5848
781 22.4171
188 -19.0365
344 306.039
338 -6.48663
617 46.5453
649 0.353333
860 1.16559
864 9.21631
994 41.8134
991 43.7767
211 -17.5508
344 -17.7115
766 -21.286
1129 33.7921
910 9.03955
932 34.3066
692 21.2137
371 176.285
477 -2.7984
607 -1.43335
510 -5.44864
748 4.58417
674 33.8604
719 17.4946
767 18.2538
661 78.6628
416 -4.28293
837 12.9956
492 -1.99677
270 -14.6328
572 52.4927
858 11.4834
510 -5.4451
393 -6.54639
1126 15.6235
853 22.0013
954 27.4199
881 12.526
315 -34.1535
951 -13.9577
420 14.1588
651 0.483032
879 13.9852
1028 -4.26318
1236 94.6357
690 23.0701
657 -0.634644
584 -1.58179
554 57.1871
713 2.30145
74 -28.9075
1025 19.7346
416 -4.28406
560 64.8824
722 -27.0371
730 33.64
719 17.3121
858 11.4737
905 10.5212
788 -37.1896
692 21.2209
885 19.6588
783 -30.301
1037 7.96948
803 -40.3005
804 -41.3141
857 15.108
839 10.8784
708 13.9445
1078 14.6067
841 26.8062
1114 32.8915
708 13.7802
341 -40.5966
637 64.9852
380 -6.83243
881 13.2985
1065 65.8263
1127 15.6033
819 -21.9463
926 13.0797
85 -25.7415
729 10.9767
757 -44.1766
460 128.234
359 -7.24463
953 27.4216
862 1.61829
567 58.8278
1180 42.6893
978 -9.57855
841 26.8057
913 25.2577
910 8.99896
1083 27.1812
345 -9.06256
613 -1.35687
94 -28.4545
430 4.45789
838 13.5155
1016 58.4122
639 -1.18091
652 7.33179
580 -1.52997
929 18.0607
1012 58.3932
692 21.214
801 -35.5569
718 44.8365
802 -40.0268
680 27.9607
1159 37.0444
901 36.3685
932 14.3726
960 8.21381
712 54.7192
1181 44.1141
462 94.1901
846 2.61481
667 42.3359
908 27.9774
621 -1.27417
969 76.8099
914 29.9272
575 40.4106
464 -3.24338
316 -9.16614
717 5.48346
729 11.4788
763 -6.10394
522 -12.666
666 51.2246
378 -24.1682
1066 9.4126
878 26.6971
734 25.9498
483 -2.69357
818 -19.6372
729 11.3013
697 24.2549
1206 57.6204
548 -1.81604
1092 15.4811
953 24.7435
1077 13.1884
1194 45.2281
920 67.076
589 76.0934
975 28.6163
298 -11.077
56 -43.5811
880 13.6791
950 17.2468
1064 9.95227
1001 -14.6212
798 -36.4031
168 -21.3909
1188 44.2462
625 5.76807
913 25.2995
342 -3.10828
749 -1.16345
26 -30.0024
657 -0.551514
686 44.4875
55 -29.8339
859 29.5912
636 3.56299
415 -11.7053
1082 19.6383
186 -19.0041
686 24.8352
744 12.6587
521 -12.717
206 -17.1343
577 55.468
677 9.99817
613 6.38464
803 -26.4868
426 -14.0017
982 15.8577
879 13.036
590 60.3254
345 4.40082
1176 39.9183
783 -34.6041
879 13.9806
681 9.83673
801 -37.2816
1197 44.6215
495 -2.51913
119 -23.6826
954 27.3913
528 74.3839
858 11.4701
587 52.6896
441 -4.44153
763 -37.0421
1160 6.82483
649 12.0073
1088 27.0121
586 -1.40723
616 -1.31189
858 11.4818
855 15.4893
753 12.7189
1126 15.4261
848 11.5843
747 -34.9358
1182 9.11804
288 -11.1644
648 54.562
440 -6.04205
838 8.39069
900 8.15332
671 0.438354
1113 34.1238
311 -10.7762
933 32.6931
625 6.45111
36 -28.7393
819 -16.9598
743 5.61249
940 35.3613
805 10.6794
983 -34.7726
953 18.0026
730 3.19672
1181 42.787
757 -44.1579
821 -8.71313
166 -21.3841
686 43.9471
763 -5.94525
869 12.2883
803 -26.8597
779 19.7672
955 10.6145
777 -26.3499
606 -0.138428
422 -7.42944
643 -0.147888
854 29.2491
315 -34.0679
510 -2.38101
703 2.2793
633 -1.18933
801 -34.6362
721 -0.260498
856 15.4945
1112 15.5476
410 10.2361
736 26.0482
1114 32.8856
754 -40.2172
1161 38.7961
80 -25.7602
55 -29.8343
471 15.3005
997 10.158
976 -14.0303
607 54.7388
815 24.504
751 -45.9917
980 15.8367
858 21.803
763 -5.95178
305 -11.5401
521 -12.7164
779 -29.2197
282 -31.9512
683 0.757141
672 14.4683
1001 -14.6243
730 3.48932
709 1.84821
639 -1.16357
505 16.9437
954 27.4385
1111 28.5048
920 67.0036
51 -49.8614
1089 47.526
1016 58.1285
211 -17.1212
718 2.42682
854 15.2495
944 5.91998
877 12.6172
830 22.6037
390 48.4099
875 6.40466
1009 16.77
549 -13.0527
791 -11.6292
384 181.19
1197 54.7345
421 -3.21933
640 56.1002
954 27.4127
965 11.3062
607 42.2999
729 8.61682
1153 32.6979
1001 -15.1049
1221 48.5359
1071 1.89038
1066 11.8497
645 8.05731
799 -37.014
818 -21.9922
935 31.6248
833 11.4276
885 20.0843
920 71.1131
110 -24.4313
935 21.1967
899 23.6793
725 -9.72266
859 9.23541
487 -2.66623
403 -6.15384
1112 15.3468
1048 49.3639
898 23.4321
642 -0.148865
849 17.5637
165 -20.4403
885 28.1729
752 -39.9107
612 -1.32941
785 -33.1829
498 -2.51343
963 -28.1437
783 -26.1725
731 21.4371
953 27.2613
536 103.025
761 -17.6995
1230 44.6997
883 24.5389
813 23.975
313 -10.1294
1185 43.776
1063 10.9108
771 8.34576
797 19.8849
838 7.18719
1094 67.3584
1032 -2.77954
981 11.6237
451 -16.8172
1114 32.8861
718 44.7806
423 -27.9537
879 13.0309
1180 42.6591
732 3.20105
828 -5.37402
36 -28.7271
983 12.0546
565 -8.34387
785 -32.2821
754 -41.3979
786 -36.978
303 -26.3346
394 -34.8468
817 -8.56335
342 -3.08609
876 19.8875
1129 14.5388
871 12.6823
936 30.7181
767 -87.801
450 -3.54529
1220 47.1735
1203 61.0962
1156 17.5929
582 -2.35669
903 27.8817
790 -37.2637
1239 90.5227
995 10.9135
13 -4.52078
746 4.547
101 -24.7896
1137 33.9005
823 -4.11377
467 -3.12888
1203 43.6533
692 21.2144
442 17.5504
665 -0.786865
680 32.6986
719 17.4776
949 4.58325
1122 15.5046
855 5.0639
920 71.1615
826 -16.1476
1105 15.2148
472 -26.9705
587 48.7264
1200 44.8413
397 -33.2483
489 27.2825
1015 59.9341
1127 42.0571
355 -7.23669
1221 48.521
393 -6.5463
578 41.3872
964 10.8802
892 13.57
607 33.5228
719 41.7527
823 14.5387
1016 58.1205
986 15.4477
932 26.7213
921 33.8922
417 -28.8904
309 -10.8231
465 -3.25821
512 -2.16605
752 -32.5405
910 8.9823
1171 39.121
720 6.81079
363 -6.89966
606 -0.192566
858 11.4693
1107 27.9288
902 8.36407
995 29.652
677 9.91455
847 7.55469
1177 18.1956
1240 25.9432
618 -0.787415
572 45.8995
1174 39.808
667 42.5853
673 9.93262
514 28.5193
928 60.9319
607 54.7433
825 -4.83234
746 11.3755
91 -25.6816
734 19.7319
878 19.9242
607 54.7362
479 90.8315
979 47.9133
622 -1.30963
1114 32.3129
470 -28.5609
608 32.1818
841 22.4159
1184 102.082
352 -7.39636
648 -1.10938
529 -1.85504
995 17.5905
721 -2.43597
861 29.8757
818 -44.9648
1128 34.5469
512 -2.26474
949 4.44287
1223 46.8281
388 -26.6848
684 17.0794
903 5.38794
349 -7.1795
305 -11.4883
874 14.5235
1189 74.1139
339 -6.58243
756 -43.4083
857 15.5377
844 10.6043
1038 10.683
910 9.00415
538 55.7936
972 2.60089
854 8.73535
899 8.80438
485 7.61591
993 10.1184
756 -54.0292
963 23.6745
913 25.2888
693 1.73486
850 -4.98645
1092 47.9675
1044 46.0718
937 40.1244
569 -1.70978
815 22.5726
890 16.0737
719 17.4926
571 46.038
784 -25.7633
1159 38.3301
894 14.184
393 -6.53473
708 13.9339
416 -13.7754
851 1.51996
978 67.5261
842 0.939758
378 -6.66165
948 17.8459
756 19.5149
881 1.15021
879 13.9812
255 -13.0838
858 11.4846
1173 25.3069
1130 16.5847
65 -27.5242
455 25.1637
1001 4.96503
1151 35.8124
390 -66.152
1232 3.42407
683 2.15753
1210 52.1365
480 -2.66867
849 4.526
321 -9.9444
445 -5.88507
1039 47.2119
907 32.7243
572 57.6349
921 11.8297
380 -6.57758
1011 -3.92792
940 15.7058
858 11.4705
405 -6.22519
660 0.0141602
896 33.4415
1116 12.2311
1170 -1.7417
638 -1.1499
357 -7.26407
478 -2.741
918 31.1177
828 0.0750122
421 -3.52341
351 -7.31573
944 20.6622
717 15.5496
718 44.8487
632 -1.18781
689 19.2278
1205 59.6287
855 23.4073
464 95.4567
478 103.857
49 -38.1514
210 -17.1759
686 46.3351
864 17.5536
819 -18.0529
1150 30.4961
867 12.3189
25 -29.5815
670 41.6016
795 -33.9279
644 -1.1203
1134 15.4203
1230 44.705
669 26.0392
1130 34.7063
936 19.0582
971 -30.0661
1143 68.0204
587 -1.46564
628 3.10455
1177 40.2588
802 -26.2318
821 -8.69696
841 8.07556
439 -6.19672
321 -9.94452
615 -1.2782
471 105.781
419 -5.16373
802 -34.3155
378 -6.66141
119 -23.1645
733 10.8797
1220 46.7599
818 -19.606
1237 -1.98596
372 -8.18277
343 -40.0396
1126 15.6233
842 4.0144
986 14.7081
1210 52.1534
734 33.9719
1230 44.6937
801 -34.582
1159 38.6047
913 25.2867
606 53.2444
857 21.3855
869 23.4887
897 13.6985
1128 34.688
976 23.4085
659 -0.592896
479 102.334
603 50.5089
368 -5.99026
79 -25.3936
791 23.5008
1034 66.2091
988 10.6757
418 -3.6662
553 -6.86432
502 95.1344
897 22.0354
1085 -4.90698
452 -4.47821
751 -39.551
822 -8.49268
36 -28.727
837 12.1716
699 19.1838
1124 34.0682
1214 48.1254
874 19.3279
725 -2.73444
938 38.7299
606 33.5801
719 41.9753
397 -5.65439
765 15.8785
1114 32.8857
931 30.9387
1133 34.23
931 29.6389
1087 65.8325
829 -7.69525
1152 20.9236
758 -43.4639
1157 33.9247
370 -29.2255
402 -5.39893
927 4.36688
13 -36.1814
879 27.5102
690 36.9338
983 -19.2742
858 11.4785
557 62.3571
820 -18.352
384 -7.55826
1229 -2.18237
708 14.9461
440 -3.81812
1127 33.157
1201 45.6262
1180 40.1514
548 -1.8161
977 12.1507
776 -23.993
136 -22.3387
392 -66.1235
638 12.3126
926 95.5202
1111 16.0516
1199 39.5245
997 43.8219
854 25.4806
91 -25.4519
839 0.16217
717 21.779
676 10.0735
1221 48.5482
799 -0.0410156
381 -8.1731
119 -23.6818
1007 9.1817
1135 16.8135
645 -1.12549
789 22.2979
776 16.9249
1114 31.8873
773 -22.4216
500 107.141
657 42.5824
952 46.9144
1106 31.5432
664 12.5091
1171 68.3176
647 50.9932
609 -1.44354
731 21.4348
422 -25.6951
415 -31.0981
860 12.5369
1172 39.495
681 31.49
753 12.7285
714 28.4932
608 -1.3653
1000 12.5111
1161 38.7764
1152 19.1754
668 -0.682678
309 -11.5089
420 -3.95566
550 117.281
478 103.844
818 -19.6111
642 -0.155518
954 12.0957
844 13.4072
1199 87.8577
478 13.5539
569 -1.58167
729 10.9744
802 20.3942
813 24.6745
1214 36.343
303 -11.2924
1050 48.9364
571 46.0346
367 -6.94684
56 -43.5545
823 -3.9906
1122 33.8618
1193 41.2183
908 30.383
389 53.8209
586 -1.40527
1153 19.8583
827 18.6862
589 -1.4436
640 56.1562
799 18.9006
388 -6.41168
1118 15.2854
977 -2.77698
667 29.0873
1082 19.6349
1156 33.5121
1109 31.2777
972 22.7261
1224 48.1456
1122 33.825
1092 15.4586
1161 38.6439
786 19.8476
797 0.11084
1082 19.63
652 7.33185
906 24.9536
997 11.78
813 11.0939
745 -21.3932
136 -23.4589
858 16.0685
355 -42.2101
428 -4.62726
430 -11.6719
1026 0.93103
1082 19.6367
823 -4.30609
674 14.6151
74 -28.905
688 32.7192
1214 42.8069
620 -1.31097
1134 14.8567
621 -1.28491
299 -22.5926
1123 16.2765
934 10.4423
867 12.3143
1233 55.9438
637 12.6278
1001 4.96283
1162 51.2976
943 7.67615
373 111.991
1189 45.0635
1044 11.6932
1238 51.8361
1235 96.6221
893 3.10236
518 -10.3023
980 14.9171
814 -44.833
824 -8.8183
358 -6.74512
619 -1.29932
1150 18.0465
364 -7.45447
933 10.1868
394 -34.8581
933 18.7681
858 12.4893
953 27.4408
927 4.36157
399 -5.64328
976 4.07886
1206 57.6028
783 -25.5724
818 -19.5056
1001 39.8961
953 15.1432
783 -30.3222
1195 12.3645
837 6.94531
305 -11.5174
378 -6.6619
783 -26.0563
741 -2.35388
724 20.8875
1142 65.8304
1210 52.1614
619 58.6018
1049 39.3717
522 -12.6729
941 4.29071
309 -33.0822
1172 39.5706
652 0.716003
816 -24.9591
1163 21.1991
1225 48.42
832 12.2416
670 62.2095
716 2.18835
804 -41.2576
655 5.21399
574 -1.52893
734 26.1245
667 60.1302
858 0.707092
803 -26.9429
700 19.952
909 30.4399
902 8.78754
383 -6.56821
1159 16.2988
1082 19.6337
1236 95.3185
728 20.7874
916 12.2611
799 19.6613
740 -13.2362
923 11.8014
1002 33.2222
321 -9.94443
950 17.2363
652 7.33173
1047 -6.37012
60 -28.9196
203 -17.2574
22 -4.34215
571 -9.9353
858 16.9194
1235 94.7019
805 11.3962
1117 -1.22742
824 11.6227
718 44.8505
908 11.3781
905 9.89166
607 42.2968
914 26.7175
301 -22.9543
1009 -51.2521
1112 31.9496
196 -9.18875
1180 41.4811
373 110.737
310 -38.2329
784 6.34387
756 -45.6359
1119 33.5865
202 -18.2882
606 -0.524292
1199 43.178
366 -7.12341
389 -6.85623
441 -2.90479
716 8.23944
512 -2.16623
700 20.4652
969 76.7991
782 -23.6442
45 -41.543
1105 27.8893
1106 31.5542
380 -6.6041
907 -1.04987
640 -0.132141
879 27.7209
45 -32.5222
842 11.2206
1205 59.6201
881 13.3732
700 15.246
257 269.8
816 21.5321
372 -7.30396
797 23.4045
505 94.2023
70 -26.8873
460 -20.5874
801 -38.0173
733 6.59534
1140 18.9457
1190 17.4608
1221 48.5333
903 24.8077
1134 35.3361
747 -24.0853
83 -25.6096
1045 11.7097
378 -6.66217
1143 68.021
1210 52.1545
729 8.58209
652 7.33179
946 -23.2715
1044 8.08472
608 42.0522
1164 21.1993
837 11.2634
632 2.47839
865 23.4868
1111 34.2487
644 49.4799
478 103.844
306 -11.4146
367 -25.5448
815 22.6411
419 -4.88293
913 25.2918
672 5.91486
978 14.7933
1051 21.399
1052 11.4911
813 21.2694
879 27.728
1086 -0.612671
453 -17.1521
785 -24.333
131 -24.2105
797 24.6262
1047 -10.6787
910 28.1148
530 -11.9838
1070 5.56067
505 -16.2867
42 -41.5903
147 -22.0166
485 -2.54703
871 0.958191
642 -1.16156
345 -7.26782
932 11.8397
859 16.6559
825 -4.73779
517 68.3937
630 9.53278
536 50.8035
854 12.0187
951 9.43433
1070 5.54968
771 0.630005
395 -6.32465
851 11.5268
405 25.3596
891 11.4568
741 0.985352
1064 11.3937
532 62.2545
565 -8.33044
878 27.7301
572 45.8719
56 -43.5416
933 10.1085
867 12.351
797 0.68219
74 -27.0364
413 -5.76852
814 -33.8946
769 5.42596
816 -24.6518
837 4.82147
497 93.4802
441 -4.25656
603 31.8256
437 -6.23712
36 -28.7271
591 33.1548
1047 -5.37549
672 44.2842
858 12.7323
843 11.9563
804 -39.5745
692 17.6265
1207 45.079
313 -17.9724
723 -6.97321
1004 42.6158
827 14.6353
571 46.0415
796 23.3921
548 -10.5892
971 -30.0765
538 -3.64661
783 22.7855
277 -36.6113
696 24.8936
910 25.6905
374 -6.79886
373 116.166
579 -5.31976
757 -44.1367
901 8.23004
622 -1.28607
1127 33.1797
801 -38.0038
1216 41.9305
1128 15.1066
995 29.8306
932 21.171
