533 -1.4845
714 1.09338
610 0.199707
607 0.514038
607 0.513733
699 1.08417
548 -1.12726
607 0.514038
563 -0.153931
842 7.31421
607 0.513489
915 18.4293
1046 31.629
1023 13.9947
916 18.4339
922 18.2571
1049 14.8969
617 0.667175
454 -2.68317
595 0.323792
1146 57.1925
1146 57.192
555 -0.0720825
863 6.88464
922 18.2573
562 -0.167603
548 -1.08594
629 0.985413
618 0.200317
842 7.31421
585 -0.389526
863 6.8847
647 0.463501
555 -0.0712891
1023 13.9945
922 18.2572
624 0.261963
635 0.357849
863 6.88483
633 0.35083
915 18.4294
916 18.4339
687 4.87744
618 0.198669
595 0.325806
607 0.514038
732 1.08496
501 -14.3903
676 0.807129
745 1.89594
699 1.08392
563 -0.153931
676 0.807373
687 4.87775
624 0.63385
877 7.27765
927 12.9456
687 4.87787
863 6.8847
575 -4.20483
607 0.513367
699 1.08398
700 12.0268
447 -22.7934
863 6.88458
639 4.2666
586 -0.44989
926 18.8063
653 5.66931
624 0.261292
932 13.0245
629 0.986877
622 0.668213
629 0.986633
793 9.02612
563 -0.153992
621 0.663452
548 -1.08539
638 0.400696
649 0.532227
410 -0.963104
647 0.46405
394 -1.57904
1079 27.1305
618 0.239624
676 0.804932
1049 15.0619
950 9.54883
607 0.513977
843 7.25275
653 0.562622
555 -0.0136108
629 0.986633
922 18.2572
1181 -32.588
923 12.8575
620 0.750671
936 12.6514
616 0.761292
975 10.2645
474 -2.15231
646 0.268494
923 12.8651
410 -0.963928
618 0.238464
1030 14.2996
572 0.112915
1079 26.5166
576 0.153381
1095 28.7708
638 0.417542
770 19.4914
875 7.25031
714 13.4282
1140 31.3011
576 0.152588
524 -1.45526
975 10.2643
623 0.318481
621 0.699036
563 -0.153931
636 0.201599
593 0.384521
630 0.309143
546 -0.180481
555 -0.0719604
936 19.96
618 0.536865
577 0.12793
618 0.239868
950 9.54852
882 7.39917
916 18.4335
926 18.8082
916 25.869
461 -1.63083
1054 15.6826
751 3.65515
586 -0.449646
483 -1.59613
706 1.46735
863 6.88458
915 18.4297
706 1.46753
1179 -5.21777
636 0.200745
607 0.513977
870 6.67676
595 0.325256
816 25.3222
585 -0.514343
951 32.2858
373 -34.6059
355 50.3199
915 18.4301
924 36.7169
548 -1.08612
937 11.8238
1023 48.5861
576 0.155945
687 4.87677
877 31.577
590 -2.76306
561 0.000488281
634 0.311401
827 26.0873
926 18.8066
1077 31.907
562 -0.137878
614 0.757812
921 27.0541
1183 -8.79077
1080 1.5332
636 0.201721
295 43.981
461 -1.6311
846 7.26196
620 0.652344
533 -1.49707
512 -1.58829
774 4.62164
546 -0.20752
1107 29.9781
520 -0.941528
1061 31.1486
877 31.5765
870 6.77814
636 0.201904
621 0.369812
1116 36.7125
881 7.30841
548 -1.08594
483 -1.59604
746 2.08313
714 1.09344
1077 31.9067
617 0.667236
636 0.200684
576 0.152405
1077 23.7723
926 12.9713
271 -107.02
503 -3.15152
745 1.87201
846 7.2619
513 -1.4967
915 18.4294
863 6.88458
621 0.702087
1080 1.53369
619 0.672424
619 0.834534
629 0.985352
1096 11.9474
546 -0.207764
715 3.14911
950 9.56219
687 4.87762
637 0.189819
576 0.151428
1096 11.1088
636 0.200806
807 10.1158
483 -1.59616
503 -1.32568
876 19.2794
629 0.985474
926 18.8074
863 6.88477
528 -0.861267
923 12.8574
593 0.384277
526 -0.910889
876 19.2792
519 -0.97876
647 0.463623
1061 -25.0394
1060 23.1924
1079 2.77368
647 0.463684
430 -25.0894
746 2.08539
1038 63.582
622 0.384094
1079 26.5209
646 0.480591
1115 -52.7101
634 0.136963
915 18.4294
926 18.8066
607 0.513672
897 7.92126
461 -1.63101
483 -1.59616
546 -0.197937
1139 76.532
624 0.260376
952 33.3116
971 36.8232
841 7.23175
1120 32.0447
640 0.234192
503 -3.13
916 25.869
807 10.11
721 2.2926
1116 36.7607
624 0.260071
796 9.05566
923 12.8662
514 -1.10413
461 -1.63101
607 0.514038
1097 27.6273
707 6.4245
530 -1.21246
923 12.8594
633 0.112488
610 0.199463
721 2.29559
593 0.374817
1096 11.1283
555 -0.0718994
975 10.2632
751 3.65558
749 2.21497
1079 2.77771
879 7.27704
546 -0.197632
518 -1.39856
1097 14.2811
533 -1.49701
585 -0.514587
630 0.177002
504 -1.27457
1033 14.2262
461 -1.63113
585 -0.515015
1225 -36.0194
555 -0.0720215
617 0.667297
1083 70.7208
609 0.645752
152 -18.1268
826 12.5138
461 -1.63101
576 0.153381
587 -0.488159
636 0.200317
721 1.06555
1115 -52.7399
712 1.00391
545 -0.225159
772 4.48669
764 4.29004
1079 48.0282
923 12.8577
557 -0.0876465
503 -1.32065
921 27.054
629 0.985596
779 7.33838
1179 -27.9662
647 0.397095
763 3.96161
636 0.201965
647 0.499023
375 19.1964
576 0.152649
889 7.76544
1082 71.7162
1181 -32.5894
564 -0.140808
636 0.201782
921 27.054
585 -0.516663
1054 15.6824
591 0.379272
1183 -8.79077
1096 10.9738
576 0.15332
897 7.92151
707 6.43079
706 1.4679
676 1.72321
842 7.31451
1181 -32.5885
926 12.9747
1225 -36.0162
618 0.238403
207 40.1899
503 -3.13428
593 0.375122
732 1.08484
595 0.00177002
636 0.202148
16 -61.2644
889 7.76501
929 12.9832
1096 11.936
483 -1.59616
893 21.434
732 1.0849
1043 15.088
576 0.15332
1088 22.068
593 0.378784
749 2.20868
749 2.20679
926 18.808
916 18.4294
1179 -7.24878
658 1.22748
731 15.8541
503 -3.12903
922 18.2573
576 0.152161
726 2.30322
938 10.7922
593 0.374329
1046 29.5752
562 0.00494385
503 -3.12936
424 -4.17163
724 1.17206
807 10.1172
923 12.8575
732 1.08496
1037 68.613
764 4.25696
633 0.112427
589 0.341553
915 18.4293
647 0.463623
845 14.7651
781 3.36664
1179 -7.24927
593 0.379333
570 0.0236206
1114 29.8557
556 -0.113403
975 10.2633
1045 14.6783
1181 -32.589
528 -1.27313
645 3.28131
613 -0.602173
546 -0.197083
926 18.8066
520 -1.06128
607 0.514038
573 -0.0348511
931 19.9885
1072 44.4321
1049 14.859
638 0.207458
474 -2.15237
957 9.59625
430 -25.0891
647 0.491028
1079 27.942
1169 -4.09778
987 17.8754
727 4.57312
706 1.46808
1065 57.8618
611 0.665344
1169 -4.099
628 0.156799
629 0.985046
1150 -7.79248
613 -0.598267
629 0.985413
593 0.378967
1091 -20.6887
1096 11.0339
647 0.463684
778 4.20392
746 2.08313
593 0.374634
1140 31.3073
975 10.2631
614 -0.168213
629 0.985535
1151 -11.3452
926 18.8064
149 48.6499
1139 76.524
863 6.88458
915 18.4292
606 -0.140442
546 -0.973694
842 7.31421
97 -86.2253
813 5.12238
1116 39.7742
128 -3.54344
171 -23.6326
653 0.562317
329 -19.2263
842 7.31421
1179 -27.968
633 0.108948
720 2.34686
503 -1.32037
1139 76.5249
375 18.7522
559 -0.00372314
954 9.57043
763 3.68671
457 -8.48645
255 -25.3303
550 -0.307861
439 -2.99002
706 1.46802
707 6.42224
574 -0.0134888
461 -1.63101
631 0.186646
496 -1.23444
483 -1.5961
1079 26.5215
538 -0.369385
483 -1.59607
1235 27.3318
1169 -7.56262
552 -0.435059
923 18.7346
1201 -3.95374
863 6.88458
870 6.67609
714 1.09351
1083 70.72
765 4.38025
719 2.4118
554 -0.0691528
676 0.73761
930 20.3539
764 3.73822
643 0.636353
510 -1.15204
610 0.199463
396 -12.7343
643 0.636475
813 5.16339
483 -1.59607
779 4.11353
664 0.744751
633 0.351257
922 12.9708
510 -1.61932
728 1.99817
1179 -27.9678
1083 71.4518
540 -0.282471
658 1.24988
550 -0.721741
1225 -36.022
1053 45.3949
1140 31.3068
746 2.08478
751 3.65479
1201 -3.9519
643 0.636475
929 12.953
728 1.91949
717 2.1142
633 0.351257
1079 26.5204
1140 31.3074
163 -37.3155
1023 13.9946
648 0.824646
152 -14.7598
775 3.85065
633 0.11084
474 -2.15674
646 0.437683
774 4.27734
647 0.35553
1060 42.2716
860 17.4359
749 2.21246
676 0.807007
1182 -8.7522
926 18.8066
822 11.1627
975 44.0331
16 -61.3752
533 -1.49677
1116 36.7065
878 7.27594
664 0.743347
1042 -30.2151
613 -0.600403
686 0.918396
779 7.341
548 -1.02393
865 7.28369
435 -3.73517
676 1.72394
763 3.68646
593 0.384766
813 5.12268
923 12.865
1179 -7.25073
1096 10.9857
622 0.632263
1163 -23.1561
845 14.7642
650 0.263428
607 0.513733
619 0.828369
764 3.73907
1177 -28.1787
1182 -8.75208
798 4.46405
546 -0.208862
648 0.248718
1181 -32.5883
749 2.2074
1036 59.4086
681 0.885132
1183 -8.79114
546 -0.207214
774 4.62128
664 0.745056
633 0.351257
826 12.5139
167 -39.9766
531 -11.5102
676 1.72388
1107 29.9781
636 0.201721
619 0.0168457
922 18.2573
114 287.892
503 -1.32211
617 0.811951
128 -3.45498
1179 -27.9663
646 0.450439
629 0.985596
740 2.28564
775 4.49915
568 -0.25415
649 0.970093
510 -1.15152
749 2.52618
555 -0.0720825
531 -11.5101
763 3.68481
643 0.638123
804 3.59625
463 -2.74924
1034 59.3026
643 0.623169
951 9.52277
774 4.62128
752 3.40155
764 4.24915
1115 -52.7439
813 5.12238
676 1.72443
1075 59.9329
774 4.58862
628 0.245117
594 0.346436
1072 45.3798
680 0.918213
1116 36.7145
588 -0.0751343
923 12.8651
492 -3.27805
98 15.9768
1235 26.8336
639 0.437439
892 7.03015
1086 27.4001
645 0.745239
561 -0.0383911
749 2.21436
483 -1.59613
510 -1.61935
764 3.73883
674 0.71521
764 4.25403
649 0.30426
582 0.245178
643 0.638672
629 0.985474
639 0.324524
512 -1.17227
666 0.705811
633 0.350952
1079 26.5253
1038 69.087
660 1.30927
1153 6.96667
985 56.3788
549 -0.0636597
893 7.22681
1023 48.586
793 9.02167
510 -1.62637
1140 31.3083
744 2.20667
595 0.323914
750 3.4917
822 11.1592
1055 66.2189
748 3.03522
474 -2.15253
1060 42.2902
892 7.03021
687 1.40155
568 -0.498352
1179 -27.9679
955 47.9688
923 12.8651
1042 -30.1824
621 0.377014
511 -1.17929
636 0.201599
1097 -0.219238
520 -1.11237
923 12.865
613 -0.59967
1012 23.8862
629 0.985168
461 -1.63104
563 -0.153931
398 -4.44714
585 -0.515015
475 -7.28143
642 0.427734
1005 23.495
1157 42.6687
981 32.8092
886 7.08844
1150 -7.79211
925 20.5266
749 2.21466
751 3.65552
1055 59.4777
1092 -9.08093
893 7.22772
681 0.886414
1079 2.77881
754 3.28217
751 3.65491
843 7.24561
546 -0.198669
607 0.512573
754 3.28284
1034 14.364
862 17.7217
152 -14.7701
550 -0.720398
511 -1.17535
1114 29.8622
66 16.3179
664 0.794006
365 -8.93982
893 7.22778
610 0.199524
714 13.433
1086 27.4059
1037 55.0164
629 0.20166
1088 22.068
843 7.24554
574 -0.0131836
586 -0.474426
461 -1.63107
545 -0.594849
779 4.13055
524 -1.11145
582 -0.154419
919 7.20538
394 -1.58081
434 -1.85864
764 3.73834
582 -0.150208
1152 8.06311
513 -1.12726
589 -0.462463
548 -1.02124
721 1.04041
1041 61.423
510 -1.61194
509 -4.18353
891 7.15918
1064 57.7332
1042 -30.1945
513 -1.49451
846 7.2619
769 3.95453
881 7.14325
1181 -32.5885
919 7.20557
764 3.39886
1229 -42.5481
922 18.2573
635 0.108826
549 -0.792603
763 3.68677
853 7.34027
897 7.92078
862 7.32629
666 0.697083
1034 62.1495
1042 14.6476
643 0.636658
155 19.0934
749 2.55548
512 -1.17169
601 -0.190674
892 7.03021
563 -0.153992
923 12.8575
1179 -7.24829
763 3.68713
1181 -32.5883
1024 11.682
684 0.901001
562 -0.137207
893 7.22717
687 0.927917
701 4.63025
1079 27.1344
1080 1.53308
903 11.1462
578 0.026123
650 0.421448
633 0.350708
648 0.287476
574 -0.316711
513 -1.5202
742 1.4906
981 32.7995
1120 -44.3563
1023 13.9944
727 1.1109
819 11.304
101 40.617
563 -0.15387
582 0.303894
52 -3.1459
642 0.46814
1064 71.5416
971 36.8234
161 -11.4538
749 2.21344
903 11.1469
738 1.45337
533 -1.48334
483 -2.79663
982 21.0237
1079 2.77588
34 -64.9941
601 0.49823
595 0.325195
1000 135.925
1082 71.7158
1064 50.7604
1139 76.5334
643 0.420715
1061 -25.0436
1074 9.72302
559 -0.677429
503 -1.3208
482 -2.65131
750 2.94647
510 -1.62134
1065 17.1569
893 7.22729
594 -0.166504
621 0.356689
751 3.65558
283 -7.29651
918 7.26233
1116 36.7079
486 -2.90363
1139 76.5272
733 1.11218
421 -1.73218
752 4.01105
555 -0.590332
144 -11.5678
1088 22.075
651 1.0462
613 -0.601807
1179 -27.9684
594 -0.166504
500 -1.58438
774 4.62128
883 5.69189
1072 29.848
826 12.5137
1139 76.5248
152 36.6717
309 -5.06064
1127 39.6107
66 16.4634
463 -4.108
1061 75.7206
676 1.68372
752 3.79553
870 6.6759
645 0.76416
546 -0.198303
893 7.22699
555 -0.649353
676 1.72437
945 16.1731
546 -0.207947
1080 1.52551
736 1.43311
854 7.54926
1046 31.5188
16 -61.4313
870 6.67627
1046 31.839
676 1.66278
924 12.8948
974 21.1763
1140 31.309
677 4.93597
627 0.246582
398 -4.4473
1066 51.6505
163 -35.2388
684 0.824402
886 7.01093
693 1.16321
483 -1.59607
889 6.45923
1079 27.1293
882 7.2959
1024 11.6826
665 0.690002
568 -0.498169
927 18.2478
746 2.0849
19 92.246
771 4.55774
883 5.69202
492 -3.26053
892 7.03021
643 0.63623
867 7.25226
771 4.55804
852 7.21753
523 -1.00543
667 0.772095
610 0.199768
1072 28.9478
606 -0.127014
1079 26.5204
639 0.404907
678 0.78363
981 33.9885
751 3.65497
782 3.37311
695 1.5058
779 4.12714
676 1.7243
721 1.06555
1209 -45.6011
715 3.33228
1191 -12.4028
533 -1.49744
1118 -9.37207
665 1.50983
427 -2.11923
887 7.08502
389 -4.74887
659 1.09698
749 2.20789
1018 40.8596
585 -0.514954
462 -4.19861
982 44.5878
1140 31.307
511 -1.13168
758 4.06531
515 -1.47833
394 -1.58011
1169 -4.09863
617 0.667175
643 0.638367
804 3.59534
610 0.199585
1054 15.6826
845 14.7636
676 0.8573
810 4.65009
1086 27.4053
883 5.69244
837 13.4803
926 18.8083
1038 88.1405
992 14.7318
750 3.41626
550 -0.64447
838 7.25067
918 7.26184
16 -61.3781
778 4.13593
494 -1.74084
479 -2.81305
804 3.59534
843 7.24554
748 3.03406
1182 -8.75195
889 6.45996
883 5.69257
733 1.43091
1182 -8.75159
870 6.77826
990 45.7718
675 1.65295
752 4.01099
95 9.63928
219 -9.15501
982 44.5886
684 1.56573
715 1.92108
936 38.7657
580 -0.311035
1140 31.3071
1076 71.2805
1054 15.6836
1115 -52.7222
685 0.940552
975 10.2642
728 1.11157
989 81.3441
779 4.1272
775 4.44055
746 2.08282
883 5.69348
1074 6.89014
277 -6.18033
481 -3.58676
637 0.376465
752 3.40021
533 -1.49695
953 9.64172
95 9.83884
955 47.9702
663 0.76001
522 -1.20105
1182 -8.7522
1038 88.8132
687 0.88147
33 45.9765
705 2.91431
1007 11.0627
1088 35.0487
527 -5.72607
763 3.68683
981 33.9958
689 1.79669
1120 32.0481
1037 55.0177
749 3.71796
695 1.71143
904 7.07489
783 4.29333
854 7.5556
1083 71.453
863 7.01843
503 -3.1496
841 7.63049
1114 31.1807
527 -1.39618
664 0.793335
584 -0.102478
1074 57.7009
748 3.03357
576 -0.137817
1063 1.39258
1116 86.1549
593 0.384277
643 0.638367
496 -3.23071
774 4.62109
985 14.6279
365 37.4949
664 0.791931
512 -1.58826
1144 -42.2561
1116 36.7084
922 13.4374
1063 -19.1669
561 -0.349976
589 0.250305
555 -0.0719604
1119 29.9725
613 -0.590393
796 9.05573
982 44.5767
511 -1.13223
766 3.88965
771 4.5575
1049 14.8723
1107 29.9769
573 -0.0349121
625 0.151855
954 45.5185
936 38.7667
729 1.17908
457 -8.51495
669 4.80023
667 4.92279
841 7.7171
671 4.66492
697 1.60345
977 50.2084
1116 36.7596
752 4.01099
643 0.638245
837 7.24066
95 9.63822
1046 30.2231
639 0.331604
883 5.69202
546 -0.207703
648 0.878357
675 4.92603
942 16.8336
664 0.791992
881 6.89893
774 4.27747
523 -1.81458
761 3.10913
660 1.08057
695 1.50977
379 -15.1223
1072 36.5081
1049 15.0154
421 -1.73242
283 -7.29642
691 1.41534
966 19.591
902 35.8954
407 -2.68063
1060 42.2672
1094 11.728
1022 24.5337
593 0.384766
980 10.2579
1042 14.6606
751 2.99329
706 1.4679
719 2.52521
784 3.42926
626 0.173523
600 0.610596
652 0.30835
939 17.7395
883 5.69196
985 56.3566
705 1.00604
689 0.971375
688 1.36603
863 6.88458
485 -2.98749
1051 66.994
922 18.2573
639 0.436279
1073 71.1842
544 -1.17261
689 1.37036
871 7.24969
1002 35.7791
503 -3.1265
1088 35.0017
474 -2.15253
431 -2.92233
667 0.774719
586 -0.449585
574 -0.200745
734 1.14215
784 4.24579
924 13.4164
734 1.17468
753 5.81366
620 0.034729
990 25.6716
624 0.262085
1035 97.2357
779 4.11346
1041 63.7999
552 -0.773438
747 2.55591
1041 41.6648
676 1.67737
420 -2.47116
896 7.61395
976 8.8042
527 -1.28058
980 8.33252
772 4.48602
483 -1.59613
779 4.13086
975 10.2642
1049 15.0696
693 1.71857
938 28.8338
569 -0.274475
1074 4.17212
763 3.68695
918 7.26245
705 3.10809
943 13.9973
772 4.48663
672 0.765686
901 18.4131
754 4.04663
971 52.0092
775 4.49823
696 1.57898
978 10.2938
289 -6.27142
666 0.680664
666 1.58875
305 -5.74051
454 -2.68259
731 1.40045
440 -4.45554
675 1.65283
591 -0.490967
29 28.4549
652 0.58606
1060 30.4818
511 -1.12149
891 7.21844
489 -3.15268
655 1.03925
1107 29.9762
633 0.351257
647 0.463562
511 -1.12125
1042 14.9833
664 0.791504
755 3.33008
410 -0.963684
1180 -29.2737
889 6.45978
1067 66.9332
1061 36.6835
950 9.51971
1148 -49.1097
592 0.300476
494 -1.62592
782 4.29749
510 -1.61649
1042 14.6564
633 0.350342
771 4.55743
238 -10.0294
789 5.06067
1096 95.418
752 4.01099
881 7.16461
752 4.01099
1080 1.52698
931 13.5932
575 -0.545532
568 -0.49823
749 2.21393
752 4.01105
1079 2.7865
904 7.07214
739 1.63562
778 4.20636
752 4.01086
901 17.7402
959 18.0441
753 3.33026
398 -4.4469
998 54.7083
774 4.62122
1034 49.7455
1088 34.8541
1115 -52.741
1074 70.5383
713 1.06952
969 50.577
420 -1.97708
752 3.39978
922 20.0228
692 1.3927
714 0.988098
1149 -299.917
576 -0.364197
946 9.61902
1082 71.7164
407 -2.68076
891 7.09497
880 7.23474
751 3.45282
683 0.84613
789 5.08246
846 7.24231
751 3.66101
454 -2.68292
984 36.9783
46 -30.1287
52 -3.08264
697 1.42255
751 3.45508
893 7.22723
1010 11.0486
435 -3.73505
223 -10.316
276 -6.17358
405 -1.68866
749 3.6582
1092 -16.9934
880 7.35596
750 3.53998
1079 2.78027
1081 20.2563
923 12.8651
653 1.07324
407 -3.81711
786 3.57263
257 -6.27441
930 13.7361
863 6.56116
772 4.48657
1042 14.6724
236 -9.83723
984 36.0051
1118 -21.3049
398 -4.43604
288 -6.09064
924 13.5052
975 10.4747
689 1.37897
442 -4.44348
151 -11.2307
948 15.9162
737 1.58417
639 0.331726
779 4.12695
278 -6.13022
900 7.02954
703 1.57245
981 32.8104
1076 71.2135
276 -6.1702
763 3.85431
499 -1.81805
1099 22.0115
304 -5.14148
320 -4.47449
406 -2.41266
435 -3.73434
694 1.4115
283 -7.30731
639 0.3302
764 3.7381
964 18.5051
424 -4.17145
1045 49.1199
643 0.62323
749 3.80695
546 -0.208862
1120 -39.6284
1096 -9.71667
764 3.73871
536 -1.27545
1061 41.5106
841 7.63171
1023 13.9947
149 48.645
747 16.9026
765 4.06689
694 1.68414
863 6.56049
643 0.63855
142 -8.98463
1088 34.88
438 -4.14301
415 -1.10767
751 3.45312
752 4.01105
595 0.322937
752 3.40015
689 1.37036
1061 41.5157
312 -4.9808
728 1.29797
646 0.568848
452 -4.1911
906 7.52203
379 -2.68063
1078 29.4399
511 -1.12952
435 -3.73444
752 4.01093
889 7.18445
1122 30.7109
742 2.21423
1074 71.1974
702 1.35248
651 0.320312
511 -1.12973
635 0.14209
1080 1.53381
331 -4.2963
424 -4.17197
841 7.63153
236 -9.83669
443 -1.61996
278 -6.13339
1060 49.9575
1070 54.62
1083 71.4534
222 -9.4807
1120 32.0437
1115 -52.816
1121 -2.98425
1069 49.3016
715 1.03571
257 -6.27914
1074 5.96948
664 0.793213
841 7.63104
595 0.323853
1053 -40.4506
586 -0.449951
889 6.45923
1182 -8.75159
734 1.42859
695 1.59772
764 3.73901
948 41.7185
780 4.22333
945 39.5722
733 2.20001
1083 70.7203
1115 -52.8341
574 -0.197754
949 39.664
511 -1.12192
151 -11.2346
1204 -52.85
435 -3.7348
883 6.97034
1189 -9.25464
495 -1.47748
1078 23.7322
883 5.6922
527 -1.58374
698 1.48547
752 4.01099
1114 22.1927
841 7.71704
582 -0.130493
335 -4.07861
906 7.52277
1080 1.5354
676 1.72394
946 7.95203
340 -4.05246
774 4.27734
1018 24.3207
882 6.98065
635 0.139526
633 0.35083
1196 -34.5698
378 -5.31403
1183 -29.02
1062 76.6163
659 1.25378
1208 -2.39819
563 -0.15387
1115 -52.8535
407 -3.81693
841 7.7171
439 -4.1265
410 -0.963531
758 4.0885
635 0.130859
500 -1.83197
1174 -23.8712
886 5.85565
531 -11.5099
748 3.54468
990 45.6573
922 12.9171
933 18.6033
858 7.32416
613 0.00262451
884 7.0166
371 11.6652
574 -0.0134277
751 3.45319
774 3.80792
712 0.971863
775 4.44263
688 1.42511
901 7.45251
275 -6.2348
279 -6.21417
593 0.0370483
1082 25.485
7 -56.2745
435 -3.73505
764 4.29083
864 6.6842
527 -5.72742
220 -9.77776
887 7.38904
643 0.639282
982 44.5642
898 7.04578
337 -4.64542
1078 71.4796
331 -4.29755
936 38.7667
580 -0.172119
536 -1.25208
904 7.07227
1044 14.8942
774 4.2774
1056 31.1895
706 1.46808
511 -1.12143
623 0.135986
841 7.7171
1086 20.6277
1007 11.0508
586 -0.449829
1179 -5.30359
845 7.60712
173 -10.3272
1092 26.3512
7 -56.3508
554 -0.75415
522 -1.46729
1037 -153.455
483 -1.59616
466 -1.37784
1127 41.7627
728 2.15118
685 1.02325
690 3.4375
378 -5.31381
841 7.61334
566 -0.340637
780 4.28326
683 1.28168
1060 42.2867
920 19.7324
454 -2.68314
283 -7.29639
947 9.11469
1058 50.6797
1086 27.4061
745 2.55957
926 18.8063
1082 56.4915
139 1.00461
903 18.0314
955 47.9686
521 -2.04425
480 -2.76562
247 -7.86346
522 -1.85938
314 -4.85504
694 1.73621
775 4.44257
801 5.40485
1121 -2.98743
476 -7.24356
778 4.21533
780 4.20062
667 0.765076
1069 45.8885
685 1.38647
721 1.08105
752 3.3999
962 18.0983
1082 71.7163
407 -3.8168
26 -48.686
1000 135.95
943 31.7728
1161 -9.75293
443 -1.67499
1156 2.96521
748 3.07721
265 -6.99438
985 50.8142
694 1.70868
613 -0.591797
690 1.41211
174 -10.9788
533 -1.4834
276 -6.17038
356 -3.31512
378 -5.29181
639 0.33374
955 47.9686
208 -10.6184
533 -1.48566
1191 -2.23486
955 47.968
151 -10.9639
145 -11.308
665 0.768433
276 -6.16888
1104 -9.89185
899 7.34644
1078 23.0114
1114 18.4563
482 -2.67484
151 -10.9636
664 0.792969
975 44.033
688 1.33319
696 1.75494
552 -0.301758
1042 -30.2155
1193 -13.6815
945 39.4738
1027 11.3042
1037 17.7804
1113 -3.651
1042 -30.2015
750 3.41071
777 4.27026
152 -14.7465
1082 24.3422
1079 34.973
1046 81.39
643 0.623352
989 14.2878
741 2.15228
306 -5.01941
1237 -54.616
407 -4.09958
1121 -36.8389
772 4.48682
125 -11.8327
1121 -2.97119
985 56.3766
764 3.73907
739 3.14343
188 -10.0801
1117 -3.34082
865 31.3654
130 -12.2014
279 -6.21317
981 10.2396
899 7.58698
1069 47.2837
808 4.70288
1083 17.0693
1207 -33.0365
751 3.65509
1088 22.0682
1068 37.2841
689 1.37
1060 42.2192
808 4.70264
407 -3.81665
395 -4.56793
777 4.58923
889 6.45911
1067 1.47009
774 4.2774
1001 22.9473
732 1.71417
908 14.1106
1105 -25.8677
887 16.662
151 -11.2308
130 -12.2009
1131 22.2609
608 0.252686
669 0.766418
683 0.980042
775 4.34686
1116 36.707
870 6.67896
533 -1.48358
574 -0.201355
734 1.58502
717 2.41669
826 6.55121
679 0.985413
811 5.33142
630 0.295105
580 -0.481201
320 -4.47681
849 7.63293
870 6.67651
320 -4.47372
622 0.0946655
889 6.45929
424 -4.17151
778 4.27258
479 -2.94321
578 -0.106018
1115 -52.8171
923 18.7239
432 -3.33154
889 6.45911
118 85.5637
1160 -29.657
681 1.00616
1160 -29.6488
511 -1.12152
420 -1.65564
643 0.638611
475 -9.84183
511 -1.12265
484 -3.43607
1071 -21.1285
689 1.36987
402 -3.94501
468 -3.62338
1067 41.7506
758 3.46069
193 -25.9641
321 -4.76944
7 -56.3213
483 -2.79358
1104 7.22375
816 25.3223
1106 13.951
588 0.227173
197 -9.85207
932 14.1315
152 40.5574
1062 51.0133
1042 14.6719
443 -1.62021
276 -6.17032
1115 -52.8361
1003 45.9417
1023 14.2069
0 5.04183
111 -13.8086
935 12.2781
715 3.14917
121 -11.9431
257 -6.27448
774 4.62158
916 18.4332
1179 -18.2893
985 56.376
988 10.7118
1121 -36.8567
1034 67.9663
761 3.77301
975 54.526
858 7.2323
478 -2.92667
689 1.78729
340 -4.06406
950 9.54865
1051 50.0939
1090 36.3368
1011 29.8224
389 -4.7688
484 -3.43637
478 -2.87549
689 1.36981
749 2.21222
238 -10.0305
1055 66.2208
552 -0.599487
129 -12.1921
926 18.8068
992 46.4691
804 4.46747
607 -0.832336
1063 24.9526
423 -1.93738
331 -4.29523
312 -4.96454
882 7.59369
257 -6.2793
775 4.44727
428 -4.18991
918 7.26227
410 -2.27051
916 18.4335
841 7.62952
749 2.2132
915 18.4293
903 7.18158
1062 31.6514
276 -6.17099
877 6.81415
785 4.24408
340 -4.06754
889 7.90015
137 -11.8304
1156 3.00171
129 -12.1951
1082 -0.30835
746 2.08539
1082 71.7157
353 -9.31705
304 -5.14877
1033 -292.013
378 -5.28986
539 -0.688965
420 -1.65549
487 -1.94592
209 -7.95909
772 4.01044
930 13.4529
774 4.6217
664 0.791382
1055 66.2201
704 1.53229
688 1.11755
7 -56.2944
764 3.73816
1017 45.6782
1006 46.6809
289 -6.27026
690 1.16864
772 4.48553
765 4.10553
1064 71.8082
925 18.8076
366 -9.02249
452 -4.1944
684 1.5661
1010 11.8909
441 -1.85452
409 -2.12823
652 0.416748
1017 24.78
115 -13.1182
279 -6.21292
639 0.333252
920 7.51202
1086 27.3998
973 48.8865
664 0.792297
796 4.33234
1077 71.2111
1078 71.4796
773 4.10938
576 0.0302734
1127 41.3838
404 -4.31512
1080 1.526
838 26.499
524 -1.45502
511 -1.12115
889 6.4599
749 2.34937
407 -3.81711
392 -4.67688
257 -6.27876
1131 50.1897
522 -1.82043
1055 66.2172
1208 -2.39148
775 4.49841
975 10.242
558 -0.405457
1080 1.53357
209 -7.96097
1083 70.7191
775 4.44727
718 3.30957
979 8.5473
958 35.6157
335 -4.09167
1082 6.08374
982 10.3777
151 -11.2345
846 7.26196
331 -4.30426
903 26.2403
608 0.236328
1027 11.3248
1121 -36.8154
1115 -52.729
173 -10.3273
1042 -30.2077
969 10.2036
1020 15.1584
715 3.15759
657 1.20587
676 1.12775
1031 13.8146
562 -0.556885
1080 1.52686
699 1.08423
618 -0.108032
1115 -52.8464
1051 66.1234
320 -4.47836
687 1.02771
982 44.5894
1072 76.3893
586 -0.449707
1242 30.1633
824 5.6123
1120 32.0452
985 56.3681
1024 22.2524
651 0.49762
889 6.45959
770 4.18182
984 49.3013
917 12.9347
172 -11.1028
331 -4.29672
815 4.37549
394 -4.27576
143 -12.3515
690 1.22565
231 -8.90237
166 -16.9518
494 -1.36957
167 -39.9903
824 5.56299
676 1.72369
1024 14.3655
1185 -32.6737
472 89.581
353 -4.35574
804 3.59631
1177 -28.1792
48 -14.0209
1079 2.77722
995 37.6313
735 2.2973
219 -9.15446
582 0.181519
353 12.8064
1146 45.722
972 48.4741
776 4.27338
998 9.3125
696 1.35938
751 2.44806
130 -12.2014
369 -9.17795
1229 -70.2159
915 18.4293
1011 20.4131
751 3.65558
1065 34.5111
975 44.0334
689 1.3703
955 47.9686
807 4.69
1088 34.8424
492 -1.34906
535 -0.975647
1059 -22.0334
521 -1.93231
1219 -17.2166
188 -9.59937
146 -11.0592
1107 48.0441
1116 86.1548
546 -0.20752
197 -9.85194
685 1.26581
1115 32.1405
1006 0.653381
235 -10.2568
738 1.91534
1167 -27.5576
665 0.753052
938 13.1694
951 11.578
151 -11.2337
1179 -18.28
846 7.24237
1099 21.9915
938 29.0828
1088 34.9961
865 5.93774
420 -1.98053
963 8.77954
1130 16.74
1096 14.6375
948 39.9144
379 -15.1204
1038 38.6195
965 11.7238
774 4.27734
690 1.0329
576 -0.194031
1182 -8.75195
828 5.25122
1197 -34.7839
422 -1.9382
692 1.0564
320 -4.47726
364 -3.13437
1154 -41.5288
472 89.6204
936 28.5406
149 48.6412
1092 -6.1842
777 3.90271
524 -1.45374
407 -2.68051
895 7.37885
910 7.36377
712 1.07721
236 -9.83965
676 0.803833
581 0.790833
687 1.36237
1069 40.024
1121 -36.8464
1230 -55.7306
775 4.49921
971 36.8235
79 21.112
746 2.08466
262 -6.23993
955 47.9691
743 2.56592
734 1.58154
540 -0.695435
435 -3.7341
1238 -63.2886
1092 72.4618
1061 -23.2146
643 0.622986
1126 40.6816
940 9.32556
729 1.1759
331 -4.30447
748 3.03381
1150 -7.79224
405 -1.94589
782 3.42822
475 -3.17065
542 -11.115
734 1.40057
687 1.46338
24 -71.2797
727 4.57294
404 -1.97195
1198 -34.9574
922 18.2571
1067 -56.4478
764 3.73877
535 -1.11377
125 -11.8328
715 3.14941
889 7.76544
138 9.05779
878 7.39972
209 -7.96143
345 -3.92477
858 7.26556
419 -3.49655
1232 -9.05908
413 -2.40921
738 1.4649
512 -1.82892
331 -4.30597
1097 27.644
1073 71.6141
686 1.74225
752 3.39905
689 1.2486
608 0.248108
715 3.14893
410 -0.963135
877 6.81042
920 7.51697
650 0.482422
664 0.794189
749 2.21301
578 -0.615723
511 -1.1214
378 -5.31439
282 -6.44046
365 -8.93915
1072 17.1256
511 -1.13129
1061 41.5204
906 7.52289
752 3.39496
1045 67.9026
407 -2.67999
685 1.10736
151 -11.2332
609 -0.00262451
320 -4.47867
956 9.52069
83 -12.6137
650 0.386108
948 8.28339
367 -3.09854
689 1.41412
705 2.69922
1078 71.4797
568 -0.498413
977 49.641
1092 71.7632
149 -11.411
1186 -12.3036
903 7.07306
337 -4.64548
1013 17.6473
940 13.2048
689 1.77747
1096 49.6997
883 5.69403
964 52.1759
889 6.45929
779 4.13055
1100 0.65686
395 -3.01019
405 -2.19403
1097 28.0084
1135 49.3689
1000 35.5254
160 -10.8979
979 46.3064
732 1.08484
774 4.2774
1060 28.7039
700 1.25171
746 2.08453
84 -12.7954
1160 -29.6538
940 48.9473
371 -2.97504
347 -3.85138
772 4.48596
494 -1.3248
680 1.16827
1078 71.4794
492 -0.964996
48 -15.1744
982 50.991
933 17.4639
1064 51.6107
746 2.08484
68 -13.423
809 5.02863
816 25.3224
753 3.56122
1058 -21.236
676 1.48328
846 7.2619
993 8.82379
533 -1.49695
1049 0.678833
594 -0.166199
1055 66.2189
1098 -0.720947
985 56.3713
1057 55.6547
922 18.2573
933 17.6495
845 7.6192
883 8.29047
301 -5.16211
415 -2.01141
998 26.829
1169 -30.082
114 -14.9244
763 3.76404
1078 25.0371
1046 30.095
535 -1.34583
715 3.14948
217 -8.8427
1003 46.5244
1122 37.7894
976 8.3266
730 1.14392
752 3.40314
1079 27.3313
427 -2.28427
1222 -44.1281
316 -4.79126
1082 71.9297
1179 -5.2179
530 -7.75677
191 -9.6068
934 15.4907
689 1.7959
922 18.2572
1194 -18.1648
419 -1.81802
1027 11.3004
1092 -10.6399
693 1.21661
149 48.65
394 -1.58072
748 3.03314
906 7.52264
1243 -62.8309
435 -3.73453
689 1.79675
1099 21.9803
7 -56.3343
922 18.2573
1005 9.46674
731 15.851
526 -1.77039
580 -0.168274
771 4.10638
950 9.54889
997 46.6455
772 3.95215
192 -9.82761
964 11.7084
1145 2.69568
463 -4.10764
752 3.39978
841 7.7171
191 -10.0704
1144 -41.7396
936 38.7658
1055 66.2198
841 7.7171
737 2.33313
554 20.2063
1054 15.6825
997 54.7568
774 4.2774
160 -10.897
1122 40.4189
1104 9.4126
1237 14.535
882 6.74475
187 -11.3044
342 -4.01093
858 7.41669
1048 42.7903
395 -4.71652
1087 2.89209
299 -5.30319
238 -10.0269
1083 3.82837
1064 27.3846
679 1.18317
443 -1.6188
1056 -19.0956
491 -3.11539
968 48.0822
1160 59.8654
463 -4.10812
1156 3.1377
738 1.62067
764 3.73816
733 1.14496
1082 10.4608
543 -0.709412
1158 -10.0232
664 0.794067
586 -0.449829
299 -5.20612
438 -3.39316
527 -5.72723
770 4.60834
719 3.30072
1002 16.7195
435 -3.73456
1156 3.16089
303 -5.3009
487 -3.15457
519 -2.4588
613 -0.587524
779 4.12714
742 2.37616
420 -1.98077
1065 64.0404
151 -10.9638
1080 1.52649
702 1.07874
530 -1.32941
958 12.5919
412 -2.30927
1029 14.4752
1099 4.32141
257 -6.28018
1075 71.1901
378 -5.29037
522 -1.73877
764 3.73853
185 -10.3597
774 4.2774
975 10.2642
912 7.95172
72 -14.1688
1080 1.52832
1067 64.4843
955 37.6795
1207 -60.8541
392 -2.27682
1231 -106.737
439 -2.9899
1054 15.6825
779 4.1134
1218 -46.5094
374 -3.07272
1090 -14.8364
521 -1.90576
701 1.54254
1114 28.9164
788 4.672
454 -2.6821
1079 2.78992
1164 -146.446
1070 69.5685
706 1.46777
1146 57.1876
855 7.42664
279 -6.21353
307 -5.7728
242 -10.0083
556 -0.53064
857 7.34808
1115 -52.853
349 -3.64023
109 -15.3207
748 3.03473
951 38.6765
1004 14.736
948 8.2843
717 1.38367
967 48.2571
548 -1.12714
863 6.88446
659 0.615967
1219 -22.4858
1082 71.7156
1034 32.7336
729 1.18915
735 1.57489
573 -0.0351562
695 1.93738
413 -2.41071
1004 25.1121
128 -3.45627
1022 17.4315
187 -11.3015
918 36.632
383 -3.03134
406 -4.38922
66 16.3826
247 -7.8631
1049 -7.12146
294 -5.92429
704 1.55475
1123 29.6332
1213 -56.4579
1213 -36.8273
746 2.08557
483 -1.59604
1099 22.0127
826 -5.63336
764 3.73816
952 12.2608
595 -0.0932007
238 -10.0301
410 -2.33444
238 -10.0291
1231 -20.5388
938 7.33801
1232 -27.9026
421 -1.72787
220 -9.77809
652 0.585571
892 7.80365
174 -10.9094
554 -0.563782
747 2.30103
298 -5.397
978 11.5379
774 4.62164
420 -1.98065
1032 15.1296
898 8.02606
1021 38.8034
948 8.28333
578 -0.11908
1022 21.8733
1063 72.9774
698 1.00885
1164 -2.00464
337 -4.64539
775 4.44226
354 -3.82175
1071 70.6251
982 37.3832
1225 -50.9323
999 47.6449
1055 66.2203
809 4.53998
724 2.46667
715 3.14886
171 -23.6681
315 -4.8844
998 54.6959
1154 9.99731
714 1.09357
1030 -9.36151
273 -6.40137
1091 18.5342
676 1.59741
458 -4.75693
575 -4.20477
1077 51.4014
172 -11.1028
1104 9.57312
362 -3.17282
774 4.62164
561 -0.76593
163 -35.2392
933 13.4432
410 -0.963409
237 -8.48705
146 -11.128
1087 17.6941
405 -1.94424
130 -12.2013
279 -6.21353
714 1.07068
1057 -34.1932
955 47.9682
1177 -28.1781
902 33.0919
372 -2.73462
1107 29.9797
1091 71.853
578 -0.187378
430 -2.58395
663 1.27942
1033 5.72949
1055 66.2185
253 -7.7648
151 -10.9634
958 46.025
774 4.62164
885 7.33472
965 8.82025
885 7.73413
975 44.0331
1209 -41.2659
121 -11.9438
543 -5.23419
167 -39.9923
97 -86.2299
421 -2.66428
596 -0.00457764
407 -3.81726
407 -3.81769
504 -1.06207
1142 24.1904
1116 36.7605
1167 -57.198
266 -7.46725
811 5.1947
308 -5.29382
533 -1.4834
1034 32.7267
1000 29.0994
115 -13.0841
421 -0.860809
883 7.04749
749 2.21381
1050 40.5107
766 4.50433
1116 -20.8535
424 -4.17145
1079 27.3221
424 -4.17133
151 -10.9638
694 1.68457
889 7.76715
568 -0.498291
1026 9.9187
209 -7.96156
143 -11.3854
278 -6.78745
1005 28.0955
1147 -39.2684
1227 -15.5693
824 6.23639
956 11.6777
257 -6.27431
683 4.72931
1130 24.6476
1098 138.92
912 7.54456
542 -0.624756
937 17.9069
1225 -36.0197
655 1.14539
1114 30.8163
323 -5.10492
411 -2.43488
1086 27.4053
473 -3.41458
410 -2.32407
1131 -86.075
846 7.26202
981 10.2465
568 -0.49823
771 4.55768
714 1.30756
895 8.00201
1068 69.9917
779 4.12701
1099 22.01
1119 12.9219
1048 57.1165
950 38.1607
603 0.00518799
947 9.32147
750 2.78644
754 3.50287
1177 -28.1777
607 0.352234
192 -10.0482
251 -7.91533
223 -10.3146
787 3.42682
503 -3.15329
804 3.59619
1079 48.04
933 12.3343
595 0.0319214
728 1.29791
1225 -19.6201
998 42.5016
790 3.7793
1060 42.2429
1215 -46.1233
700 1.06226
900 7.49481
881 7.07239
841 7.23706
50 -14.1032
938 13.1639
858 7.25092
374 -3.07248
975 8.3797
129 -12.1925
156 -11.3293
1076 23.8933
85 -12.9355
759 3.69568
238 -9.92006
665 0.745789
1032 -22.3082
793 9.02649
1080 -19.63
1007 24.9644
482 -2.10849
1080 1.52625
749 2.21283
841 7.62952
7 -56.3067
394 -1.5799
792 16.7875
391 -4.30392
276 -6.17117
994 76.1701
375 -2.89688
1156 -24.6689
85 -13.3009
302 -5.09171
1002 37.9122
661 0.559448
765 3.8233
1042 -30.1931
1077 23.7766
805 4.72089
116 1.05541
494 -1.36771
410 -0.963135
1165 13.6888
1062 32.9845
7 -56.2826
1095 20.7296
380 -3.34607
301 -5.66489
689 1.37952
753 4.04022
1195 -32.4886
1156 55.516
365 -8.93979
714 3.11584
1054 15.6825
920 7.61951
504 -0.880585
248 -8.64337
788 4.64594
1236 -50.8531
1082 23.9396
729 2.31195
900 7.49506
991 38.1805
261 -6.25748
473 -3.42584
675 1.08014
302 -5.06778
405 -1.94342
772 4.48608
251 -7.91483
1149 18.7965
167 -39.9896
378 -5.31461
893 7.22791
772 4.48602
906 7.52362
443 -1.61777
846 7.2619
295 -5.92953
375 -2.82166
352 -3.89053
914 11.7347
582 -0.102295
595 0.268188
903 11.0216
965 46.2158
793 9.02515
553 -0.787354
998 54.6011
961 37.2563
993 89.4403
262 -7.04913
1002 37.9038
930 13.4116
689 1.67468
1194 -32.0392
1034 32.7446
1013 42.4736
893 7.96698
877 6.80975
449 -4.05536
652 0.557861
919 7.20447
744 2.66406
190 -9.93188
236 -8.64786
4 -30.1307
1214 -27.5118
765 4.56818
1231 -14.983
816 25.3223
507 -1.58017
721 3.06787
935 7.42529
795 4.29028
749 2.20734
883 5.69366
554 -0.617554
1198 -44.9417
495 -1.35681
643 0.623108
301 -5.67245
715 3.14886
1078 71.4796
543 -5.23395
594 -0.166565
778 4.20642
1042 -30.1995
948 39.9469
1237 -93.7871
115 -13.1155
404 -2.97375
1047 49.8864
757 3.42633
89 64.9529
889 10.8613
846 7.2619
130 -12.2014
514 -1.91638
1024 10.0181
328 -4.26144
778 4.20825
512 -1.90347
752 3.38715
405 -1.94525
775 4.4411
151 -10.9638
452 -4.19254
706 1.46759
575 -4.2049
1129 -60.7745
1211 -18.3849
875 6.98773
331 -4.29675
1094 72.1765
24 -71.2838
841 7.71704
407 -3.81735
1099 22.0117
145 -11.3525
461 -1.63104
356 -13.8572
1130 25.7826
804 3.59558
320 -4.47833
262 -7.04913
1209 -55.5375
404 -4.31445
1098 38.3591
342 -2.41476
854 34.0604
1231 -15.9341
754 2.86896
205 -9.69209
755 3.52423
1049 63.2081
1179 -18.2764
1200 -49.1154
1100 20.7882
677 1.13263
238 -10.0299
749 2.21436
762 3.71167
372 -3.38489
1064 -8.41785
439 -2.99167
197 -9.851
129 -12.1917
365 -8.93823
1137 -62.5729
1006 48.9647
435 -3.73462
1068 65.9572
1182 -28.6011
391 -2.71924
774 4.62164
1215 -20.1847
768 4.52942
1083 50.2726
349 -3.93692
1050 14.9744
343 -3.99017
1048 42.791
1132 27.7377
305 -26.3124
1208 -48.7936
458 -4.75623
1079 27.3285
757 3.5683
678 1.25397
705 1.02856
1034 -12.2839
891 10.919
975 44.0331
111 -13.8061
397 -14.6283
433 -1.97626
502 -3.38028
1196 -41.7771
937 7.72241
64 -13.8881
1075 -51.1291
821 4.85834
1146 57.1863
981 44.6804
377 -4.31012
1021 38.8012
937 11.8616
1023 13.9945
774 4.62164
582 -0.486694
919 7.2522
330 -4.67642
950 9.54865
1052 56.6866
952 9.77985
294 -5.92136
998 42.4253
900 7.49475
695 1.92865
548 -1.12726
395 -2.11984
222 -10.1875
434 -2.06589
808 4.69611
994 76.1833
324 -4.5979
151 -11.2302
1197 -33.5989
324 -4.49753
238 -10.0301
495 -7.5032
931 43.3478
146 -11.098
435 -0.986328
1113 -32.1458
775 4.32263
1047 14.496
257 -6.27841
958 9.49158
689 1.77679
416 -2.40057
1022 39.1235
1141 6.40027
128 -3.44943
1077 -42.7487
1138 26.3328
265 -6.9938
149 48.6453
226 -8.82732
205 -9.114
376 -3.40372
302 -5.24741
1015 49.4689
684 1.56598
356 -3.31552
993 54.4332
676 1.17566
1233 -21.5836
750 4.03113
985 56.3855
168 -10.8509
618 0.240112
53 37.4524
1183 -24.6089
969 48.6052
390 -2.76077
709 1.01227
51 -58.6516
941 8.07349
651 0.268616
675 1.09235
912 7.5249
870 6.67871
1196 -34.6265
1219 -46.9985
108 -13.3455
168 -10.853
961 36.4692
805 4.47223
323 -5.09848
446 -1.57101
407 -3.81757
727 2.98114
752 3.4035
916 36.6209
752 3.40112
1026 9.91846
1053 28.8964
115 -13.0839
407 -3.81671
900 7.49487
310 -5.6839
543 -0.642944
1079 48.032
1177 -28.1785
973 8.79742
880 7.78418
1084 39.307
1226 -42.7655
1156 94.8081
387 -2.36761
883 5.69366
156 -10.8686
369 -4.21979
224 -10.4591
902 32.832
614 -0.0669556
676 1.68347
1074 13.4388
367 -4.78821
55 44.2372
745 2.35486
251 -7.9147
1032 51.0348
549 -0.657654
410 -0.963196
1101 41.994
1081 20.4565
771 4.55774
425 -1.6611
407 -2.52356
1066 -23.6135
1153 7.58545
976 8.8042
1009 49.5912
676 1.72363
1003 47.0194
405 -1.94409
97 -86.2298
651 0.384521
111 -13.8094
327 -4.51361
1213 -70.7668
853 7.56512
932 14.7263
918 7.26251
943 31.5988
883 5.69379
1055 66.2262
938 13.0056
1232 -24.3539
374 -3.04971
343 -3.99036
759 3.60547
512 -1.68924
1034 93.3687
748 2.41772
172 -11.1026
1015 65.0021
1232 -58.7759
688 1.7998
247 -7.86388
315 -4.94086
527 -1.61841
1229 -47.1427
1014 45.3739
1016 37.2081
1218 -19.6176
1082 32.6603
318 -4.83148
297 -5.84271
1197 -17.5215
1064 21.8464
1125 80.9762
862 7.12244
519 -2.24585
1082 24.98
197 -10.8432
945 9.54834
764 3.7381
193 -25.9607
1235 -49.8623
756 3.56775
145 -11.3526
1079 48.0332
475 -9.70374
677 18.0527
1042 14.645
1079 48.0276
804 3.59491
420 -1.97678
767 3.50677
323 -5.09827
1223 -46.6146
346 -4.4144
754 3.28125
1027 11.3285
901 10.9853
643 0.638489
409 -2.50735
774 4.27747
1204 -53.5411
1207 -60.8425
1031 8.02344
729 2.39142
47 -30.0658
174 -10.9094
580 -0.461121
1110 -23.4117
893 7.22754
440 -4.30191
424 -4.1716
194 -10.3293
511 -1.12189
1127 32.0283
1160 -29.6492
407 -3.8168
300 -5.27469
222 -10.1263
1127 23.5535
1162 -42.2906
737 1.52698
276 -6.17053
757 2.80786
495 -7.50293
225 153.777
343 -3.99033
374 -3.03601
432 -2.08853
921 12.8732
772 4.54004
1210 -57.7655
1065 24.5634
877 6.97882
354 -4.04114
956 9.49231
53 37.4484
1084 -28.4369
1070 67.8134
352 -4.19012
426 -1.85086
145 -11.3088
1190 -53.0997
881 7.08929
407 -2.78302
1013 49.3328
222 -9.47957
1023 13.9945
265 -6.9953
208 -10.6215
733 2.3855
1027 14.408
155 -10.8696
1107 26.3082
800 22.733
164 7.06717
580 -0.108582
554 -0.566895
148 -10.914
773 4.19073
1061 -17.2107
1129 16.9058
343 -3.82196
774 4.62164
262 -7.28827
353 -4.35562
316 -4.8566
874 7.82617
996 71.2952
247 -7.8638
258 -7.49855
17 -14.3487
998 9.31146
1137 19.2529
503 -3.12616
13 -35.9083
1159 30.8292
1210 -60.182
1084 31.6147
320 -4.47751
702 1.52606
971 36.8234
721 1.07617
452 -4.19138
981 50.1962
676 1.09613
142 -11.6371
945 13.0356
113 -15.5582
405 -2.66806
933 12.984
955 47.9681
1163 -55.7623
1183 -25.6689
522 -1.46649
452 -4.1911
239 -34.8523
979 49.6071
1237 16.0878
1068 70.0778
1179 -7.24976
71 -13.2896
1143 25.4923
424 -4.17105
236 -9.83685
323 -5.10458
13 16.0354
1106 24.3584
715 3.14948
540 -0.678833
955 47.968
1130 16.7253
1159 -32.4723
764 4.26672
1047 87.302
824 29.4253
89 -13.305
877 7.65759
457 -3.76239
1048 -5.0199
309 -5.082
432 -1.68781
772 4.48663
1010 11.2193
970 37.8234
695 19.2114
591 -0.387817
694 1.27887
533 -1.34381
942 8.95667
204 -9.94382
112 -14.8443
247 -7.86404
1017 53.703
1112 -57.7731
423 -2.91602
740 2.10895
782 19.5901
407 -2.68042
824 5.23492
1034 32.6555
