631 -3.01416
366 -8.60229
631 -3.01343
662 -2.39258
292 -9.91357
698 -2.41162
630 -3.01349
470 -5.01218
292 -9.91199
660 -2.42175
290 -9.96265
290 -9.96262
686 -2.22803
495 -4.44476
512 -4.35095
660 -2.42181
568 -4.62799
211 -9.43175
735 -1.86536
396 -9.74615
786 -0.0491333
800 0.316589
371 -9.21335
698 -2.4115
537 -3.31415
606 -3.28741
415 -6.52591
662 -2.39343
662 -2.39886
773 -0.595825
557 -6.35522
642 -2.83984
312 -10.3195
739 -1.22614
709 -2.39429
559 -3.72839
560 -3.6167
770 -0.910278
986 14.3521
560 -3.63416
454 -5.50357
696 -1.90594
649 -2.80121
532 -4.10327
696 -1.90564
747 -1.6402
713 -2.26831
686 -2.22327
662 -2.39246
372 -11.905
630 -3.01392
558 -5.49353
381 -7.80643
302 -11.2912
773 -0.595825
736 -1.86871
660 -2.42206
372 -11.9031
722 -2.17303
565 -5.40399
558 -5.49365
537 -3.31366
662 -2.39307
531 -4.08124
366 -8.60236
620 -3.25427
821 1.29047
631 -3.01514
444 -5.64075
606 -3.28784
559 -3.59717
687 -2.237
312 -10.3192
750 -1.26013
706 -0.309448
527 -4.08899
662 -2.39868
277 -12.0574
717 -1.41479
396 -9.74625
560 -3.61676
441 -5.86591
629 -3.27179
579 -5.16034
722 -2.1745
248 -8.01073
495 -4.54514
821 1.29108
630 -3.01385
717 -1.41461
684 -2.90173
653 -2.69745
402 -6.92743
662 -2.3927
631 -3.01514
811 1.11292
812 0.979492
304 -10.8913
674 -3.03046
696 -1.90582
575 -5.13556
632 -3.05316
535 -3.96973
470 -5.01508
512 -4.3454
395 -10.4714
441 -6.15518
568 -4.62811
262 -12.9007
695 -2.14838
619 -3.23505
662 -2.39856
290 -11.5568
560 -3.61768
583 -3.44226
713 -2.26825
837 4.67285
516 -8.832
471 -5.0174
449 -5.45801
154 -20.6908
675 -3.08649
705 -2.56421
695 -1.62415
709 -2.42505
551 -3.75732
730 -2.09149
441 -6.16272
717 -1.41467
970 5.90814
148 -21.1314
523 -4.2478
706 -0.309814
537 -3.31287
574 -5.34448
609 -3.43719
662 -2.39899
684 -2.90033
277 -12.0562
705 -2.56403
632 -3.05664
698 -2.03546
438 -5.88651
455 -5.67902
422 -6.37119
432 -6.03833
436 -6.94305
699 -2.43097
559 -3.604
710 -2.47137
495 -4.54233
311 -9.88806
681 -3.08289
551 -3.59711
803 0.461121
582 -3.60236
311 -10.6635
696 -1.94104
684 -2.90149
706 -0.309143
232 -13.4325
396 -9.74628
245 -8.43338
675 -3.08679
529 -3.92865
544 -3.88599
712 -2.495
423 -6.62967
416 -6.42905
582 -3.5965
585 -3.53027
606 -3.28473
559 -3.59717
698 -2.41193
311 -10.6638
660 -2.74084
549 -3.88214
658 -2.38287
696 -1.90656
316 -10.2143
698 -2.41223
448 -5.37238
655 -2.75641
456 -6.5574
182 -14.097
526 -4.21027
502 -4.37115
591 -3.3761
595 -3.39435
559 -3.72754
739 -1.22644
182 -14.0972
459 -5.18192
680 -2.21887
537 -3.31366
372 -11.9032
662 -2.39343
675 -3.08667
636 -3.04327
630 -3.01392
675 -3.0871
187 -13.6443
372 -11.9045
532 -4.10535
682 -3.01965
984 8.61053
559 -3.72852
658 -2.56812
529 -3.9278
454 -5.50366
582 -5.18878
678 -2.24323
583 -3.47449
279 -10.9737
713 -2.26825
574 -5.34686
544 -3.88104
574 -5.34668
641 -2.96838
312 -10.6116
337 -9.56458
551 -3.76953
452 -7.08673
803 0.461121
271 -14.2928
606 -3.2876
631 -3.01434
421 -6.69092
627 -3.36591
666 -2.36267
393 -7.31226
660 -2.42181
698 -2.42267
688 -2.80255
1002 21.4694
416 -6.49033
542 -3.89978
696 -1.90558
311 -10.6638
389 -10.7249
568 -4.60956
671 -2.76971
299 -11.3599
559 -3.59711
681 -3.08289
187 -13.6443
626 -3.07288
154 -20.6948
688 -2.97321
515 -8.83148
304 -10.8914
425 -6.8176
662 -3.36761
283 -11.9373
821 1.2915
681 -3.08264
705 -0.14917
447 -5.41367
658 -2.56445
338 -9.33466
384 -6.49081
471 -5.01651
416 -6.42911
316 -10.2147
311 -10.6648
407 -9.02634
751 0.459045
705 -2.56458
706 -0.309326
559 -3.73071
290 -11.5562
557 -6.35413
641 -2.96948
632 -3.05621
311 -10.664
543 -3.90466
396 -9.74609
773 -0.595947
630 -3.01392
290 -11.6631
443 -5.54437
482 -4.86343
645 -3.38062
568 -4.59711
613 -3.26672
475 -4.92117
555 -3.72028
560 -3.61566
501 -4.36169
617 -3.23688
596 -3.38391
367 -8.32092
559 -3.73071
552 -4.78723
312 -10.3194
420 -7.79721
568 -4.60773
516 -8.83347
518 -4.00208
595 -3.39441
458 -5.3295
182 -14.0969
660 -2.42218
289 -11.9109
311 -10.6638
420 -7.7984
277 -12.0562
680 -2.89673
371 -8.04736
443 -5.86914
371 -11.9012
622 -3.26514
302 -11.0652
653 -2.77417
416 -6.49045
684 -2.90094
410 -6.62085
153 -20.6953
261 -13.2169
621 -3.26208
311 -10.6639
537 -3.31366
629 -3.1991
568 -4.60767
574 -3.47339
316 -10.215
290 -11.6608
559 -3.73071
449 -5.46616
469 -5.03748
277 -14.2176
803 0.423767
370 -7.95386
265 -13.0293
773 -0.595886
443 -6.05585
418 -6.50101
420 -7.797
420 -7.79938
820 1.26013
630 -3.01373
265 -13.0244
414 -6.52551
448 -7.17694
534 -4.04602
706 -0.309021
631 -3.01501
396 -9.74603
297 -11.0674
415 -6.52585
414 -6.52597
629 -3.27417
311 -10.663
389 -10.2661
1003 21.47
800 0.316589
682 -3.06677
441 -6.1611
449 -5.63882
396 -9.74597
559 -3.72894
609 -3.44617
466 -5.05429
154 -20.6911
452 -7.08749
31 -20.7182
595 -3.39435
605 -3.34009
595 -3.39435
304 -11.2238
416 -6.48953
371 -8.03821
49 -28.3184
311 -9.89185
449 -5.46661
529 -3.92804
630 -3.01392
421 -6.69116
516 -4.05969
398 -9.65198
660 -2.74084
552 -3.77039
399 -9.54184
401 -9.28552
211 -9.43076
552 -3.65662
579 -3.46375
559 -3.64929
501 -4.38901
688 -2.80249
682 -3.07776
65 -27.16
542 -7.20544
568 -4.60895
803 0.423889
659 -2.35516
755 -0.0999146
593 -3.40222
416 -6.42908
572 -3.49854
335 -12.5945
516 -8.83234
52 -26.1923
439 -6.10181
574 -5.34448
698 -2.41193
609 -3.44647
614 -3.27832
279 -12.7636
396 -9.74597
682 -3.03741
515 -8.82983
456 -6.55933
688 -2.97284
552 -5.31421
529 -3.92871
285 -12.0935
662 -2.39777
231 -14.5506
504 -4.37903
736 -1.86676
456 -6.55951
558 -3.64172
681 -3.0824
36 -28.4601
811 0.775574
421 -6.69199
393 -10.1133
682 -2.1499
606 -3.28699
631 -3.01526
399 -9.604
452 -7.08862
609 -3.44629
154 -20.6911
157 -20.3141
311 -9.88867
269 -12.7646
452 -7.08301
449 -5.46701
428 -7.86014
454 -5.50363
574 -5.09436
696 -1.90649
698 -2.41553
456 -6.50009
581 -3.45636
1004 10.8474
618 -3.22571
820 1.25842
282 -12.0222
803 0.536865
672 -3.17603
609 -3.44641
557 -6.3537
4 -5.46728
475 -4.92093
678 -3.13208
682 -3.0603
712 -1.9754
730 -2.09143
800 0.316528
449 -5.4584
420 -7.79871
660 -2.42181
609 -3.44623
717 -0.573669
574 -5.34448
335 -12.5947
762 -1.15674
609 -3.43652
371 -8.03827
696 -1.9057
450 -7.09833
529 -3.92725
543 -3.84888
449 -5.45782
682 -3.05664
574 -5.34448
576 -3.4671
563 -5.05164
454 -5.66556
52 -26.1912
514 -4.16031
595 -3.39435
574 -5.34662
820 1.25922
658 -2.58319
545 -3.84955
489 -4.65225
627 -3.3609
448 -7.18872
803 0.46106
712 -2.49847
688 -2.22015
688 -2.80249
420 -6.67441
16 -8.17042
577 -3.52484
316 -10.2147
752 -1.16626
635 -3.05212
456 -6.55923
264 -13.0342
420 -7.79727
585 -3.54999
456 -6.55762
821 1.2915
803 0.423584
136 -21.266
416 -6.48965
36 -29.5545
821 1.29132
372 -11.7176
662 -3.36804
693 -2.33569
444 -5.64026
590 -3.37115
622 -3.28387
232 -13.7764
515 -4.15005
660 -2.74072
439 -6.01782
489 -4.59756
540 -7.44507
509 -4.27234
443 -5.54071
803 0.423828
515 -4.33987
396 -9.74609
447 -6.61172
999 9.89795
340 -9.3511
182 -14.0968
340 -9.35046
990 -0.225891
159 -20.1752
52 -26.1928
36 -28.4621
296 -10.9557
421 -7.83884
371 -9.21307
529 -3.92816
576 -3.48853
751 -1.2713
402 -6.93338
410 -8.43829
574 -5.34442
487 -4.68945
601 -3.44971
368 -8.12967
576 -3.46686
396 -9.74609
452 -7.08539
452 -7.06979
480 -4.93365
803 0.535156
566 -5.66602
544 -3.8847
456 -6.5589
491 -4.64838
698 -2.41919
607 -3.35168
606 -3.34351
622 -3.35626
951 9.87518
692 -2.82159
244 -14.9571
338 -9.33463
383 -7.48605
516 -8.83374
532 -4.10333
688 -2.80243
523 -8.36041
456 -6.41016
55 -27.7949
415 -6.52579
469 -5.03745
557 -6.35382
421 -7.83887
662 -3.36798
601 -3.43591
373 -11.6489
585 -3.52991
457 -5.42581
515 -4.15396
739 -1.22699
231 -14.3484
616 -3.22723
429 -6.70944
607 -3.35437
312 -10.3189
171 -12.5998
396 -9.746
565 -3.64807
454 -5.50366
574 -5.34674
698 -2.42072
427 -6.67499
709 -2.39417
983 9.67114
591 -3.37109
803 0.535278
688 -2.80249
449 -5.46628
236 -14.6305
207 -16.5744
416 -6.49033
368 -8.12982
420 -7.79675
371 -11.901
989 7.64215
595 -3.38348
236 -14.6311
158 -20.3371
451 -5.57376
371 -9.2131
340 -9.34949
717 -1.40454
439 -5.57782
709 -2.39417
420 -7.79688
632 -3.08533
187 -13.6462
283 -11.9464
575 -5.37402
952 18.7812
680 -2.19147
560 -3.62347
459 -5.5199
512 -4.35086
603 -3.29956
517 -4.1687
452 -7.08929
290 -11.6683
803 0.535522
312 -10.3188
456 -5.31329
660 -2.74078
336 -13.5043
662 -2.39819
311 -9.88882
442 -6.36792
543 -3.82965
466 -5.05463
669 -2.63007
682 -3.01514
635 -3.07257
504 -4.37927
444 -5.6402
265 -13.034
232 -13.4325
688 -2.80249
495 -4.69101
378 -8.05203
298 -11.1266
603 -3.29944
667 -2.64178
421 -7.83862
706 -0.308594
395 -10.4712
278 -12.0073
266 -12.3397
371 -11.9012
629 -3.27155
456 -6.56049
595 -3.39423
819 1.21167
574 -5.34442
158 -20.3371
34 -29.2798
660 -2.74084
477 -4.92087
449 -5.45773
739 -1.22693
660 -2.74072
575 -3.5401
296 -10.953
498 -4.47235
277 -13.2226
371 -11.9012
187 -13.6469
74 -26.4969
773 -0.595825
689 -2.84564
618 -3.20074
739 -1.22693
428 -5.88278
566 -3.62158
660 -2.42181
688 -2.23083
515 -4.04657
576 -3.46692
415 -8.31305
884 4.43646
325 -9.56885
709 -2.39423
443 -5.53546
885 4.64282
198 -13.2234
559 -3.59711
537 -3.31372
574 -5.34442
800 0.390442
505 -4.40091
819 1.2171
812 0.979309
310 -10.8098
532 -4.10516
434 -7.60141
480 -4.93353
401 -6.93341
557 -6.35413
437 -5.91315
441 -5.81482
607 -3.35596
631 -3.01453
336 -13.5045
518 -4.16205
236 -14.6307
456 -6.55963
762 -1.15674
449 -7.05261
452 -7.11655
22 -12.8888
441 -6.15976
296 -10.9568
157 -20.3174
1044 22.2244
516 -8.84738
372 -11.7315
617 -3.21552
444 -5.64023
425 -8.16614
489 -4.76279
263 -13.1126
66 -26.1365
136 -21.4505
348 -13.1914
755 -1.30249
469 -5.06949
681 -3.0827
699 -2.43103
318 -9.90161
529 -3.9278
16 -8.16911
410 -8.28705
9 -5.11017
16 -8.17068
884 4.43713
271 -14.2928
469 -5.03741
504 -4.37909
282 -12.3603
1000 21.1542
585 -3.55865
560 -3.61536
207 -16.5718
371 -8.03827
454 -5.55161
283 -11.9272
287 -11.9502
658 -2.38098
483 -4.8176
420 -7.79712
58 -27.3193
590 -3.47192
261 -13.2631
421 -7.83859
24 -20.3068
574 -5.34448
277 -12.0562
316 -10.2142
475 -4.92102
370 -7.9538
456 -7.03317
135 -21.5976
730 -2.09143
568 -4.6084
458 -6.51181
480 -4.93112
536 -3.9162
283 -11.7996
698 -2.41156
648 -2.73846
159 -20.1743
232 -13.4282
372 -11.7182
298 -11.0564
513 -4.33469
396 -9.746
660 -2.42224
570 -3.54938
730 -2.09137
25 -20.9272
627 -3.35974
709 -2.38684
400 -8.84933
154 -20.6912
660 -2.74084
884 4.43695
282 -11.9747
416 -6.52271
316 -9.8858
297 -11.5721
412 -6.52899
395 -7.20459
615 -3.26404
628 -3.36084
9 -5.30847
596 -3.38379
602 -3.27637
797 0.244324
290 -11.5562
529 -3.9281
494 -4.66943
396 -9.74597
27 -21.741
739 -1.2262
62 -27.2113
236 -14.631
418 -6.48724
430 -7.81372
548 -3.797
351 -13.0175
5 -43.5174
404 -9.40543
335 -12.5947
278 -14.363
537 -3.31427
232 -13.7762
395 -7.21494
402 -6.93005
469 -5.06973
416 -6.29181
544 -3.85748
778 -0.976868
489 -4.69778
50 -28.2489
262 -13.1625
158 -20.7941
420 -7.79694
84 -25.1824
412 -8.45584
34 -29.2782
609 -3.44641
1003 21.47
450 -5.94913
495 -4.55392
401 -6.93402
609 -3.36633
502 -4.32639
486 -4.92065
546 -3.77533
371 -11.9012
598 -3.38885
681 -3.0827
484 -4.71783
426 -8.20599
244 -14.957
512 -4.15472
609 -3.44635
920 7.10144
157 -20.317
421 -7.83893
669 -2.5304
159 -20.1746
466 -6.51358
709 -2.40106
36 -28.462
404 -6.81473
278 -12.0071
537 -3.31409
450 -6.52457
630 -3.01349
717 -1.41156
595 -3.39429
530 -4.04889
681 -3.08289
559 -3.72888
414 -6.52689
463 -5.0882
232 -13.7761
1002 21.4705
800 0.316589
312 -10.3184
396 -9.74612
296 -10.9517
593 -3.35522
676 -2.35248
516 -8.83282
609 -3.44647
533 -3.8653
54 -27.9529
756 -1.36975
367 -8.32111
456 -6.55658
154 -20.6913
248 -8.06718
454 -6.31519
634 -3.05865
173 -13.7944
416 -6.48975
420 -7.79828
821 1.29156
373 -9.79013
263 -13.1127
505 -4.40079
440 -5.57944
576 -3.48297
696 -1.90656
391 -10.1292
384 -6.23132
682 -3.01483
884 4.43719
302 -10.9577
529 -3.92767
1003 51.4762
660 -2.74078
717 -1.41333
521 -8.15222
400 -7.05359
968 2.9137
451 -7.00998
64 -27.1596
606 -3.28674
599 -3.3457
51 -26.8722
557 -6.35468
182 -14.097
578 -3.56079
512 -4.23169
511 -4.18243
588 -3.64203
620 -3.35327
398 -7.13513
611 -3.37878
262 -13.1122
523 -8.17566
207 -16.5744
630 -3.01385
597 -3.35083
709 -2.39423
596 -3.38361
605 -3.37726
593 -3.35645
134 -21.6673
482 -4.82376
682 -3.013
611 -3.38519
690 -2.23468
263 -13.1127
528 -3.95142
209 -16.3946
22 -12.7429
884 4.43762
295 -10.9949
340 -9.34961
564 -3.63513
494 -4.67789
414 -6.52689
595 -3.336
770 -1.05927
236 -14.6304
662 -2.73602
599 -3.33826
372 -11.718
316 -10.2146
784 2.89642
609 -3.44611
262 -13.112
799 1.08008
441 -7.54816
649 -2.80774
908 6.58136
952 18.781
542 -7.27509
674 -3.10034
244 -14.9562
815 1.19916
431 -5.99414
244 -14.7056
860 2.8205
446 -5.86761
432 -7.47314
420 -7.79852
670 -2.61279
632 -3.05634
28 -20.3451
572 -3.50397
436 -7.49164
588 -3.3667
302 -11.0669
232 -13.7761
488 -4.7717
55 -27.7742
27 -22.6391
444 -5.64026
262 -13.0845
35 -29.3204
590 -3.47449
920 7.19409
404 -9.31259
335 -12.5945
263 -13.1127
952 18.7809
548 -3.82037
682 -2.91077
398 -7.13467
368 -8.33575
372 -11.9048
305 -10.1829
578 -3.54486
36 -28.091
158 -20.3371
672 -2.71881
482 -5.28271
642 -2.9129
432 -6.728
402 -6.93295
420 -7.7984
460 -5.18954
416 -6.48978
773 -0.595825
144 -21.0778
530 -3.91028
304 -10.8913
397 -7.23505
699 -0.0351562
359 -10.3573
751 0.450745
557 -3.65466
482 -4.86215
502 -4.32651
458 -5.21423
444 -6.87036
207 -16.5742
799 1.08008
559 -3.73157
34 -25.1772
737 -1.79205
517 -9.1777
35 -24.4077
593 -3.36859
396 -9.74597
671 -2.83453
469 -5.06863
278 -12.0074
483 -4.73859
487 -4.86023
16 -8.17202
278 -12.0067
821 1.2915
799 1.08051
596 -3.36249
158 -20.3371
607 -3.36627
432 -6.10587
677 -2.92535
395 -7.29639
30 -20.2797
510 -4.58905
420 -7.79855
52 -26.1918
454 -5.5036
574 -3.51831
629 -3.2749
209 -16.3942
599 -3.3645
608 -3.36469
451 -5.58179
618 -3.36694
52 -26.1939
452 -7.07413
575 -3.53192
484 -4.69913
595 -3.396
435 -5.85187
686 -2.2196
606 -3.34216
317 -10.1093
529 -3.92822
529 -3.92908
188 -14.7272
635 -3.06616
607 -3.35181
211 -14.7987
493 -4.55914
232 -13.7759
661 -2.4621
548 -3.68848
296 -10.9537
26 -26.7199
510 -4.58807
608 -3.20673
559 -3.7309
368 -8.33566
153 -20.6951
373 -11.7841
226 -14.9052
986 14.1696
574 -5.34698
999 9.89795
231 -15.035
188 -14.7262
1002 21.4694
602 -3.36176
469 -5.03729
388 -7.38901
153 -20.695
279 -11.99
371 -11.9012
597 -3.38403
480 -4.93353
771 -0.629333
662 -2.39337
158 -20.3372
520 -8.26575
262 -13.1116
920 7.19373
456 -5.46359
974 11.7449
443 -5.65228
630 -3.01379
529 -3.91284
60 -27.2432
452 -6.59985
396 -9.74612
821 1.2912
400 -7.74927
16 -8.27576
54 -27.5714
275 -12.098
494 -4.62314
296 -10.9557
441 -5.56152
253 -13.1557
302 -11.123
286 -11.5646
585 -3.52948
510 -4.32632
285 -11.6158
311 -9.88824
488 -4.77194
1044 22.2213
606 -3.28809
709 -2.39417
629 -3.19855
335 -12.5945
384 -11.2087
46 -28.3995
395 -7.2059
799 1.08014
622 -3.37976
430 -5.84775
37 -27.881
495 -4.66525
624 -3.133
452 -7.07144
558 -3.58289
593 -3.35699
1008 10.9049
263 -13.1127
515 -9.05783
672 -2.59113
282 -11.9748
1028 17.7983
672 -2.84534
884 4.43726
983 6.53143
920 7.19373
485 -4.68082
609 -3.44611
678 -2.92053
537 -3.31366
448 -7.21887
821 1.29144
697 -0.186096
559 -3.72827
282 -11.8339
480 -4.93207
16 -8.17267
601 -3.44745
920 7.1936
129 -21.8017
494 -4.69083
241 -14.4577
396 -7.21469
542 -3.85101
435 -7.76105
463 -5.09396
629 -3.19745
393 -7.31879
133 -21.8533
607 -3.34772
232 -13.7762
524 -4.7561
57 -27.7034
409 -6.49341
372 -11.9047
277 -12.058
368 -8.33588
510 -4.59015
311 -9.88773
211 -9.43077
841 4.68573
430 -5.86197
762 -1.15485
575 -5.38904
469 -5.03732
677 -2.97803
296 -10.9539
335 -13.2768
241 -14.4577
20 -12.2681
431 -6.16388
573 -3.4931
684 -2.90009
652 -2.43707
609 -3.44635
433 -5.87769
658 -2.63824
630 -3.01373
157 -20.3169
772 -0.840271
568 -4.60748
611 -3.26947
645 -3.38043
421 -6.69189
448 -5.40863
559 -3.604
154 -20.6912
22 -12.8269
546 -3.65363
398 -7.13327
557 -6.35413
295 -10.9948
706 -2.43231
43 -29.1388
410 -6.5563
529 -3.92932
596 -3.35596
598 -3.38635
477 -4.92072
632 -3.05688
423 -8.21268
244 -14.9572
662 -2.39819
595 -3.39728
373 -11.854
762 -0.952026
580 -5.41254
34 -25.1398
894 5.2038
452 -5.33444
537 -4.00391
751 0.4599
416 -6.48981
421 -8.2276
420 -6.26514
659 -3.32397
284 -11.8615
578 -3.48352
493 -4.70721
311 -9.88925
398 -7.13461
398 -7.13419
290 -11.6844
583 -4.29266
761 -0.0388184
378 -8.25839
568 -4.60852
510 -4.21066
654 -2.43341
529 -4.09009
590 -3.47662
658 -2.69562
798 -8.13452
4 -42.1208
899 5.36987
16 -27.8894
543 -3.9328
983 8.41956
1003 21.47
296 -10.952
406 -6.5184
232 -14.3636
575 -5.37708
158 -20.3372
26 -26.7117
237 -14.5649
158 -20.3371
811 1.11121
788 -0.0318604
549 -6.34918
970 5.90747
455 -5.27814
686 -2.22339
513 -4.32523
567 -3.54584
896 4.93402
812 0.97937
407 -8.92938
174 -15.3736
574 -5.3446
158 -20.3371
709 -2.39417
547 -3.79736
557 -6.35504
382 -7.60468
260 -12.6098
389 -7.36548
397 -7.1879
494 -4.75391
538 -7.50232
494 -4.70334
301 -11.2094
969 -0.295288
159 -20.1762
701 0.198975
920 7.10126
428 -8.03464
662 -2.39575
386 -9.09479
739 -1.22632
509 -4.40643
583 -4.12189
157 -20.3172
736 -1.86884
448 -5.85867
433 -6.20889
660 -2.40869
751 0.450623
236 -14.6306
52 -26.3644
345 -13.0606
240 -14.6271
534 -3.94763
526 -4.28491
262 -13.1117
564 -5.862
774 -0.682556
36 -28.4618
418 -6.43607
241 -14.4573
282 -11.9748
585 -3.72662
467 -5.05917
421 -7.83893
304 -10.8914
551 -6.69824
371 -11.9011
302 -11.0661
402 -6.92764
991 -0.103027
264 -12.4461
55 -27.7917
712 -2.38501
643 -2.92334
454 -5.81937
240 -15.4485
9 -5.2989
885 4.64288
713 -2.26825
509 -4.25677
344 -13.2091
730 -2.09143
768 -0.529297
455 -5.41226
241 -14.4575
415 -6.52576
480 -4.93243
469 -5.03751
427 -6.27304
508 -4.27933
688 -2.80237
158 -20.3372
564 -3.66345
421 -8.28604
238 -14.7945
236 -14.6311
987 14.1984
304 -10.8914
674 -2.30444
431 -6.18497
312 -10.318
469 -5.03741
49 -26.2279
744 -1.52979
658 -2.4472
510 -4.5892
437 -5.81226
773 -0.595947
705 0.0457764
544 -3.86938
452 -7.07071
312 -10.3221
497 -4.71576
159 -20.1741
698 -2.41187
30 -20.4283
36 -28.46
335 -13.2792
241 -14.4576
357 -12.5174
9 -5.10386
601 -3.3562
559 -3.72839
456 -5.25848
800 0.316589
34 -29.2811
244 -14.9571
574 -5.34448
685 -2.91211
443 -5.54456
382 -7.74036
689 -2.22784
390 -7.35919
37 -29.529
578 -3.48425
649 -2.77728
456 -6.55695
263 -13.0084
388 -7.42694
382 -7.62228
739 -1.22687
585 -3.53015
709 -2.39423
663 -2.27081
607 -3.36011
772 -0.84021
629 -3.19794
644 -2.97064
803 0.423706
515 -8.82697
427 -6.28851
485 -4.61401
398 -7.1348
265 -12.9097
591 -3.41449
9 -5.13165
502 -4.3266
60 -26.3909
611 -3.38739
462 -6.49982
604 -3.34174
463 -5.13199
920 7.19385
157 -20.0762
296 -10.9553
398 -7.13544
232 -13.7761
772 -0.840271
263 -13.1126
533 -4.28003
495 -4.54437
393 -8.91003
430 -6.13849
591 -3.37323
278 -13.8107
388 -7.38614
301 -11.1445
55 -27.7991
263 -13.1127
524 -4.79956
36 -28.4621
304 -10.8913
614 -3.37732
978 6.27014
8 -32.5515
516 -8.83188
529 -3.92682
812 1.1344
158 -20.3371
864 2.68195
515 -4.24869
588 -3.43927
236 -14.631
676 -3.03992
269 -12.8203
407 -6.57187
146 -21.0209
537 -4.00543
386 -9.37494
230 -15.0446
609 -3.36841
649 -2.76825
141 -20.891
534 -7.97235
370 -7.95389
739 -1.83734
395 -8.8248
232 -13.433
601 -3.3642
999 9.89801
803 0.5354
502 -4.33725
282 -11.9747
574 -5.3468
471 -5.0174
426 -5.92252
36 -24.8285
445 -5.38239
421 -7.83865
416 -6.4895
54 -25.1856
739 -1.22754
465 -5.12329
129 -21.8005
509 -4.40936
523 -5.39752
591 -3.37512
663 -2.63708
448 -5.41745
448 -5.39191
304 -10.8913
466 -5.0535
411 -6.4791
588 -3.49438
282 -11.9749
663 -2.66827
717 -1.4115
717 -1.41473
925 7.57117
592 -3.32892
693 -0.679504
585 -3.5296
671 -2.3139
574 -5.34662
281 -11.8344
16 -7.91917
16 -8.17518
611 -3.38593
256 -11.8161
516 -8.83353
586 -3.48944
449 -5.33246
34 -29.2815
233 -14.8805
24 -28.7928
431 -5.94583
384 -6.18216
138 -21.3981
244 -15.4243
632 -3.05322
698 0.122803
1000 9.56879
390 -7.39069
778 -1.14655
920 7.19415
398 -7.13467
23 -21.8246
9 -5.31571
232 -13.7758
557 -6.35437
794 0.559631
485 -4.84079
495 -4.54559
421 -6.69189
983 7.00378
431 -6.133
385 -7.42282
920 7.19421
480 -4.93091
557 -6.35382
532 -4.10364
800 0.889343
510 -4.58969
273 -12.6252
629 -3.19873
698 -1.203
32 -28.1066
592 -3.42981
373 -11.8548
799 1.08032
533 -8.01227
697 0.184509
335 -13.2868
65 -27.7229
601 -3.34875
784 2.89587
286 -11.6092
471 -5.01736
157 -20.0762
502 -4.34738
54 -27.688
572 -3.46521
737 -1.88293
295 -11.258
590 -3.4765
784 1.31409
436 -6.05515
773 -0.595825
448 -5.36111
171 -12.5999
564 -5.94543
421 -6.2049
630 -3.01392
464 -6.60162
429 -5.98087
338 -9.33469
311 -10.6631
699 -2.41138
35 -27.9456
650 -2.49664
41 -29.1119
405 -6.68365
401 -7.0159
52 -26.1931
310 -10.1748
432 -6.61041
402 -6.93076
590 -3.47675
501 -4.46524
16 -8.16743
699 -1.15411
48 -28.3209
254 -12.8886
335 -13.2769
405 -6.68912
48 -28.558
16 -8.16854
691 -0.183472
263 -13.1126
398 -7.13467
920 7.19379
784 2.89642
516 -4.04681
9 -5.1104
256 -11.8158
685 -1.95197
353 -12.8284
697 -1.20752
772 -0.84021
773 -0.595764
159 -20.1747
907 5.95374
685 -2.92029
782 -0.782593
512 -4.35101
415 -6.52582
207 -16.5737
304 -10.8913
773 -0.595703
591 -3.43396
696 -1.90582
159 -20.1472
9 -5.16563
35 -27.9897
500 -4.38394
415 -6.43457
3 -30.2067
732 -1.79901
593 -3.3717
585 -3.5296
603 -3.21503
893 19.0236
421 -6.69186
415 -6.52582
22 -12.9552
188 -14.7262
74 -25.373
699 -2.44708
491 -4.66812
612 -3.27808
581 -4.37762
663 -2.271
231 -14.9768
233 -14.4104
563 -3.68054
432 -5.95288
188 -14.7273
547 -3.56549
523 -8.36005
433 -7.64957
397 -10.3525
480 -4.93088
285 -11.9686
35 -27.9457
29 -28.166
675 -3.08899
421 -6.69269
357 -12.4506
48 -28.3153
368 -8.33588
9 -5.34828
247 -14.3324
382 -7.71536
337 -12.9134
676 -2.29175
2 -5.72659
159 -20.1758
618 -3.35754
951 9.87573
85 -25.8405
894 5.20837
970 5.90833
987 14.1984
452 -5.33414
48 -28.1383
432 -7.64145
691 -0.183838
511 -4.17703
658 -2.58148
367 -8.32101
837 4.67285
582 -3.60925
45 -24.8023
885 4.64258
497 -4.68723
371 -8.33984
438 -5.87729
369 -8.14728
627 -3.36633
696 -0.686035
396 -9.746
63 -27.5057
414 -6.52652
66 -26.134
970 5.90741
390 -7.40967
232 -15.0607
386 -10.4554
523 -4.21094
531 -3.95636
262 -13.1118
983 9.67188
739 -1.22699
443 -5.67398
488 -4.68689
861 2.60095
675 -3.08649
296 -10.9561
820 1.25897
611 -3.37506
404 -6.8685
395 -7.30939
885 4.64288
243 -14.6709
381 -7.69208
920 7.10126
34 -25.0522
198 -13.1641
380 -7.75909
1004 10.8507
393 -7.29291
5 -43.4649
60 -26.3912
990 -0.195435
520 -4.33704
142 -21.0002
420 -6.21832
52 -26.1863
449 -5.46619
736 -1.88092
448 -7.18069
407 -6.64178
439 -6.60904
962 11.9679
773 -0.595886
434 -5.85675
1009 21.7529
675 -3.08875
698 -1.15936
1004 10.8474
606 -3.28821
688 -2.9729
530 -3.901
573 -3.55994
532 -4.10376
705 -2.56396
34 -29.2809
420 -6.67505
262 -13.1114
674 -3.08649
555 -3.72998
153 -20.6954
33 -21.0786
233 -15.0618
157 -20.3142
415 -6.52576
514 -4.15433
662 -3.3678
252 -13.5425
21 -32.8278
277 -12.0574
282 -11.9746
173 -13.4736
434 -5.88599
104 -24.1265
493 -4.68512
9 -5.3048
70 -26.3771
67 -28.128
232 -13.7754
344 -13.209
268 -12.9848
104 -24.1264
429 -6.31308
277 -13.5588
211 -9.43076
373 -11.6491
272 -12.7565
967 11.5352
421 -6.39005
738 -1.80804
407 -6.56998
737 -1.80206
230 -15.1224
885 4.35925
537 -4.00293
572 -3.49304
760 -0.057251
377 -8.33923
983 8.64648
589 -3.34955
448 -7.18036
568 -3.6087
207 -16.5776
373 -11.6491
1027 11.1808
509 -4.40652
572 -3.45001
519 -4.13824
632 -3.0567
496 -4.68384
236 -14.631
421 -8.25189
36 -28.4618
50 -28.1415
69 -27.6256
426 -6.18799
34 -29.2814
697 -2.31171
542 -7.24152
158 -20.3372
232 -13.4259
391 -7.35355
446 -6.36041
9 -5.10127
389 -9.62704
709 -2.39417
1000 21.1341
768 -0.596252
282 -11.9002
296 -10.9534
881 4.18445
262 -13.0225
951 9.87604
693 -0.915039
249 -13.5692
336 -13.5046
262 -13.1116
168 -20.1636
398 -7.13504
861 2.60114
438 -7.55185
454 -5.50363
368 -8.33575
409 -8.89313
447 -7.19757
448 -5.43237
511 -4.24008
262 -13.1116
207 -16.5745
663 -2.27087
244 -14.9572
970 5.90723
660 -2.42224
630 -3.07336
246 -14.2042
395 -9.21469
970 5.90399
242 -14.6053
982 8.71533
663 -2.27197
244 -14.9571
403 -7.03168
208 -14.8155
282 -11.9757
675 -3.08868
469 -5.07294
58 -27.6073
734 -1.87561
242 -15.4189
658 -2.57819
426 -6.32266
877 4.63171
579 -5.15021
396 -9.74597
159 -20.1481
408 -6.60333
188 -14.7263
262 -13.1131
244 -14.9571
679 -2.24554
398 -7.13434
384 -11.3112
366 -8.85968
139 -21.3821
267 -13.0918
236 -14.6303
241 -14.4577
336 -13.5044
46 -28.4481
688 -2.80255
937 8.49603
607 -3.34668
398 -7.13446
282 -11.8992
516 -8.83221
439 -5.80228
509 -4.40616
271 -12.7482
511 -4.37253
379 -8.18167
674 -2.43866
293 -11.38
611 -3.27203
705 0.431396
381 -10.5492
586 -4.04205
197 -14.913
970 5.90686
594 -3.30896
383 -7.55249
60 -26.1603
885 4.64215
153 -20.6965
403 -7.39075
696 -2.29456
66 -26.1317
646 -2.82373
600 -3.25769
495 -4.44537
35 -27.4972
983 8.51642
416 -6.41391
209 -16.3944
536 -7.53888
663 -2.27081
209 -16.3943
40 -28.3579
74 -25.3605
415 -6.52579
50 -25.3846
456 -6.5578
424 -6.21085
401 -6.9794
446 -5.34885
241 -14.4571
371 -9.21307
418 -6.40182
401 -7.03796
490 -4.71759
951 9.87109
92 -24.8762
238 -14.7046
396 -10.3488
305 -12.2046
784 2.89594
466 -5.28662
440 -5.77771
533 -4.28131
85 -25.84
779 -0.498291
593 -3.35614
452 -6.62259
708 0.460571
734 -1.67383
906 6.38269
481 -4.87717
416 -6.18188
512 -4.34531
626 -3.31921
1004 10.8515
349 -13.1555
296 -11.4586
421 -6.4743
234 -15.0894
673 -2.30566
304 -10.8913
238 -15.4911
910 6.49988
658 -2.5791
256 -12.298
662 -3.36743
209 -16.3943
416 -6.42902
504 -4.45499
234 -15.0892
471 -4.93982
400 -6.97568
400 -7.18488
545 -7.02106
446 -7.29749
774 -0.347046
182 -14.097
441 -6.15314
157 -20.3141
820 1.25903
686 -2.22333
21 -22.8855
241 -14.4582
523 -4.65344
804 0.66156
356 -12.8883
414 -6.52417
111 -23.3963
5 -43.4624
511 -4.34827
405 -6.72192
416 -6.48975
509 -4.39774
774 0.868408
109 -23.4708
516 -8.2175
794 0.557007
683 -2.01654
9 -5.30826
437 -5.85883
899 5.43402
357 -8.35773
980 7.27173
600 -3.22028
595 -3.39655
631 -3.10962
487 -4.86063
68 -27.7385
559 -5.35608
627 -3.34186
262 -13.1115
235 -14.8352
373 -11.6489
228 -15.3605
335 -13.5286
611 -3.38489
585 -3.53015
261 -13.3017
925 7.57135
541 -7.3277
421 -6.69272
195 -17.4172
606 -3.19653
515 -4.14084
539 -3.91406
456 -6.5585
71 -27.3027
898 5.17853
387 -7.65015
608 -3.41132
373 -8.03204
529 -3.90021
409 -6.5751
130 -21.9132
352 -12.8991
262 -13.1113
409 -6.61307
699 -2.51324
505 -4.37314
595 -3.33179
894 5.20746
64 -26.9497
261 -13.3014
316 -10.2436
450 -6.61496
393 -7.31183
690 -1.68231
532 -4.10327
908 4.05243
24 -20.7035
421 -6.69223
129 -21.7999
983 8.25391
675 -3.26483
406 -6.72678
509 -4.35968
375 -8.31097
886 4.82587
527 -4.16681
430 -5.99149
577 -3.45111
423 -6.45856
613 -3.37512
416 -6.42905
383 -11.4705
51 -28.0143
596 -3.27716
18 -30.3947
262 -13.1121
652 -2.58441
427 -6.37592
238 -14.7059
478 -4.85123
728 -0.311707
470 -5.01245
431 -5.97168
109 -23.4707
74 -25.3663
404 -6.85791
415 -6.52585
614 -3.37927
18 -30.3928
129 -21.8003
447 -5.98969
55 -27.4653
1015 9.25153
454 -5.5036
776 1.00183
781 4.21521
104 -24.1265
209 -14.7921
909 6.5426
885 5.08997
680 -2.2334
20 -19.6337
371 -8.0383
414 -6.5253
256 -11.8159
768 0.493835
386 -10.7068
53 -27.7319
338 -9.33447
172 -19.2883
522 -4.70654
694 -2.28369
655 -2.50415
766 0.105164
389 -7.46805
35 -27.9457
681 -2.13043
951 9.87567
755 -0.0999756
240 -14.7551
416 -6.42923
662 -3.36768
429 -6.32593
123 -22.3796
262 -13.1119
388 -7.39496
875 4.30072
988 7.62219
346 -13.3305
593 -3.37225
243 -15.2575
264 -12.4954
290 -11.6689
798 -8.1723
278 -12.0076
410 -8.74225
1044 22.2281
1004 10.8478
585 -3.53027
986 14.3518
909 6.5426
999 9.89801
471 -5.01746
241 -14.4576
889 4.87311
230 -15.0332
541 -3.91498
441 -6.15775
550 -3.74384
760 -0.0571289
418 -8.33548
920 7.10138
406 -6.72064
220 -15.2971
509 -4.40576
172 -17.6473
40 -27.8883
383 -6.93423
254 -13.2633
444 -5.64041
533 -8.00671
585 -3.52948
497 -4.49014
910 3.59406
510 -4.21127
449 -6.19626
681 -3.09839
64 -26.1234
688 -2.97339
544 -6.86792
529 -4.09241
511 -4.31787
472 -4.99194
270 -12.8774
92 -24.8768
412 -6.45551
989 -0.192017
1029 8.80273
371 -8.0383
617 -3.34827
393 -7.24722
894 5.20526
370 -7.95383
578 -5.45312
997 14.1891
673 -3.04144
252 -13.9733
899 5.43652
40 -28.3527
234 -15.0893
631 -3.11041
437 -6.61365
379 -7.51813
644 -3.35614
64 -26.9473
382 -7.66721
451 -5.37274
132 -21.8374
510 -4.5907
219 -15.3926
700 -2.43829
679 -2.91528
404 -6.66763
294 -11.2248
372 -9.47189
399 -8.24005
218 -15.4142
236 -15.5022
737 -1.78082
1004 10.8485
214 -6.42722
488 -4.75082
438 -7.48331
573 -3.53546
560 -3.61615
441 -7.02621
658 -2.56818
509 -4.40582
369 -8.14816
963 11.1002
263 -12.8278
615 -3.3418
261 -13.3598
369 -8.1481
65 -42.6864
673 -3.04846
583 -3.49982
531 -3.92432
432 -6.60275
885 4.64282
371 -8.03824
406 -8.91025
522 -4.21265
414 -6.52692
773 -0.595947
410 -6.53946
455 -5.34891
417 -6.16574
148 -20.6597
385 -7.25336
658 -2.57983
519 -3.99927
732 -1.92096
807 0.904907
491 -4.6908
717 -1.41473
1008 10.9047
552 -3.755
912 3.32709
240 -14.7303
732 -1.9361
244 -15.3552
533 -4.19489
881 4.18622
44 -28.5846
340 -9.35074
386 -9.79962
595 -3.39594
395 -7.21048
62 -28.2991
207 -16.5744
595 -3.39581
187 -13.6432
236 -14.6312
952 5.91113
999 9.89795
774 -0.347107
881 4.18518
927 7.7934
659 -2.77136
519 -4.00696
774 -0.347046
577 -5.48846
674 -3.09973
595 -3.39612
52 -26.3639
729 -0.425781
658 -2.56775
658 -2.5802
996 9.86969
520 -4.09167
422 -8.15854
641 -3.34222
277 -12.0561
235 -14.7955
236 -14.631
55 -27.7922
290 -11.5562
910 6.49988
16 -27.8879
230 -15.1675
517 -4.63879
1031 9.58008
914 6.57654
371 -11.9012
861 2.62811
762 -1.15442
952 5.86298
146 -21.0208
732 -1.90948
877 4.4845
393 -7.31213
709 -2.39417
647 -2.80841
625 -3.17157
395 -10.4716
699 -2.46545
1003 51.4751
955 11.1415
441 -6.15039
447 -7.15631
304 -10.8914
945 27.0659
275 -12.7397
529 -3.92792
907 6.16412
451 -7.07336
910 6.49969
1028 17.796
255 -11.6982
627 -3.36633
501 -4.4566
367 -8.32114
371 -8.03836
200 -13.8173
812 0.97937
820 1.25879
935 7.63647
271 -14.2928
384 -11.4387
62 -28.2904
671 -2.396
387 -9.34363
565 -5.46283
298 -11.0577
910 6.49963
241 -14.4577
113 -23.3072
335 -9.66293
556 -3.53497
1009 10.5641
208 -14.8166
1028 17.7954
683 -2.07111
597 -3.28436
537 -3.31427
663 -2.27081
986 14.3522
51 -26.8702
983 9.67102
983 9.67212
883 4.95026
660 -3.32892
660 -2.74072
37 -27.8809
537 -3.31372
481 -5.77197
675 -2.04974
70 -26.3346
434 -7.70734
262 -13.1124
49 -28.1627
396 -7.20569
732 -1.90314
387 -7.44263
885 4.64294
414 -6.52542
574 -5.34796
241 -14.4577
782 1.15466
423 -8.23019
627 -3.36597
290 -11.507
885 4.76691
480 -4.93262
396 -9.90988
502 -4.34976
784 2.89618
595 -3.39532
774 -0.347168
242 -15.8162
76 -25.6427
773 -0.595947
861 2.60126
209 -14.7366
72 -25.1735
389 -7.41632
157 -20.0756
875 4.19922
495 -4.55991
383 -11.4779
451 -5.36536
153 -20.6964
18 -30.3841
409 -6.63556
873 13.1707
327 -9.55692
601 -3.38116
335 -13.5354
264 -13.0343
241 -14.4577
234 -15.0894
265 -13.0186
885 4.40601
108 -23.6701
298 -11.061
658 -2.57916
434 -6.672
1020 11.0396
416 -6.21594
625 -3.37164
986 14.3519
708 0.455505
85 -25.8402
456 -6.55762
1028 17.7959
639 -3.22723
495 -4.44528
240 -14.7032
532 -4.10388
510 -4.59058
794 0.556946
1003 21.8352
304 -10.8914
198 -13.2187
5 -29.3697
901 6.77136
951 9.87665
50 -27.2249
384 -7.7352
776 8.58252
627 -3.36615
559 -3.6051
681 -2.92987
396 -9.74591
849 13.3693
456 -6.55716
232 -14.6331
366 -8.60229
416 -6.49048
986 14.352
935 7.63708
522 -4.20142
156 -24.492
328 -9.31024
238 -14.7365
370 -7.95389
969 12.3371
559 -3.60291
838 -1.82373
292 -9.91339
386 -10.501
578 -5.12476
238 -14.7185
104 -24.1265
157 -20.0749
591 -3.30853
483 -4.82251
512 -4.35168
375 -9.78018
568 -4.62781
635 -2.9353
420 -6.65109
899 5.43207
892 5.16895
52 -26.3634
787 -0.113953
935 7.63788
369 -8.14734
1017 19.7579
998 20.9865
787 11.3124
334 -12.9192
475 -4.92059
723 0.812866
396 -9.90991
43 -29.9377
495 -4.44757
883 4.71906
1009 9.77338
774 -1.13403
311 -9.88818
937 8.4978
927 7.79309
481 -4.79208
220 -16.0811
1003 51.4744
904 3.30615
476 -4.96313
68 -26.7664
428 -5.88489
960 17.3546
208 -14.8168
456 -6.5575
915 1.78998
830 4.3847
456 -6.5575
144 -21.0778
1003 21.4697
899 5.43396
762 -1.15485
910 6.49963
999 9.89807
520 -4.18561
261 -13.2714
493 -4.62729
414 -8.60272
693 -2.31006
874 13.5045
425 -6.4119
234 -15.0894
409 -8.81833
532 -4.10364
436 -5.9812
456 -6.55759
431 -5.96762
772 -0.469788
418 -6.41995
520 -4.24585
800 12.1523
477 -4.92035
371 -8.03821
495 -4.44562
442 -6.46091
911 2.87628
783 0.0750732
1043 10.9558
414 -6.52655
894 5.20544
211 -14.7986
106 -23.7683
369 -8.14813
296 -12.2321
416 -6.48965
307 -10.9366
883 5.09753
43 -29.9376
197 -17.0747
368 -8.33578
371 -9.21323
713 -2.26837
1003 21.761
907 6.1875
263 -13.1474
379 -8.18234
444 -5.36697
229 -15.145
315 -9.47873
52 -26.1908
591 -3.3269
367 -8.32104
464 -5.30536
416 -8.51425
462 -6.54196
681 -3.08282
496 -4.60477
405 -6.70126
71 -25.1972
818 14.4432
1015 9.25378
660 -2.42188
992 9.33844
787 0.629761
474 -5.01443
662 -2.39294
287 -11.3307
495 -4.43616
631 -3.01367
416 -6.42902
794 0.556824
774 -0.347046
603 -3.34967
419 -6.42163
236 -14.6311
637 -3.40137
244 -14.9574
776 -0.658997
917 23.262
396 -7.27527
794 0.557068
627 -3.36633
227 -8.08199
671 -2.73065
371 -8.03821
927 7.79303
288 -11.0507
823 1.01154
158 -20.3404
900 5.42865
937 8.49731
500 -4.46353
595 -3.39709
888 5.99475
157 -20.0754
456 -6.5563
114 -23.0183
301 -10.9856
236 -14.6305
894 5.20502
52 -26.1929
1027 11.181
358 -8.27646
151 -20.2767
1027 10.4294
340 -9.3504
377 -10.9758
785 3.93744
1007 11.2758
927 7.74072
512 -4.3512
187 -13.6447
211 -16.6362
735 -1.82635
936 18.4163
884 5.23175
666 -2.37964
452 -7.0849
209 -16.0787
986 8.70087
5 -43.4597
1029 10.3593
513 -8.99405
441 -6.1507
395 -7.19946
114 -23.251
909 2.23615
1012 0.527161
259 -13.1336
283 -20.687
344 -13.2097
441 -6.16058
861 2.60071
800 0.888855
937 8.4964
71 -27.3003
1003 21.4702
951 9.87494
49 -28.321
577 -5.31195
574 -5.34674
504 -4.45523
373 -11.6491
894 5.20557
402 -9.15887
241 -14.4579
259 -13.1241
886 5.0188
92 -24.8758
234 -15.0884
70 -26.3069
474 -5.01443
62 -28.3065
486 -4.92081
539 -3.90277
219 -15.3732
153 -20.6964
396 -9.90887
106 -23.7685
987 14.1971
999 9.89795
369 -8.51941
935 7.64093
234 -15.0894
997 9.54932
63 -27.7197
568 -3.51752
733 1.79034
350 -12.9137
159 -20.1757
495 -4.44772
219 -13.9248
688 -2.80243
232 -13.4264
968 2.08032
449 -7.14523
495 -4.54272
925 7.57147
541 -4.34485
850 18.0121
660 -2.42194
915 0.404541
871 3.70007
401 -9.25928
935 7.63831
236 -14.6304
43 -29.9376
409 -6.58798
504 -4.45023
786 10.79
696 -0.581116
129 -22.0673
617 -3.35699
262 -13.1122
2 -29.3553
945 27.0654
663 -2.27081
412 -8.50992
894 5.2049
299 -10.932
919 7.86798
300 -10.7766
72 -25.174
234 -15.0895
737 -1.80194
400 -6.91867
231 -15.0349
232 -14.5284
231 -15.0348
423 -6.34259
114 -23.2512
582 -3.59991
409 -6.52145
238 -14.7274
431 -5.98611
114 -23.0191
1028 10.4078
621 -3.3869
108 -23.6705
380 -7.93054
893 19.0242
5 -43.5192
482 -5.28271
16 -27.8898
678 -2.92017
68 -26.7664
41 -25.1644
475 -4.88297
421 -6.35474
64 -45.6427
227 -8.07326
910 6.49963
458 -5.17194
512 -4.35074
512 -4.3454
619 -3.17987
384 -11.3532
663 -2.27075
873 13.0259
634 -2.93103
693 -2.29767
209 -14.7902
547 -3.83386
909 2.45355
64 -41.8432
136 -21.3261
967 18.1756
222 -14.1169
909 6.53607
518 -4.07507
255 -12.0971
686 -2.22314
404 -9.30948
406 -9.10718
157 -20.0759
598 -3.40179
952 6.00177
899 5.44678
892 4.87054
588 -3.77148
37 -27.881
798 11.8608
514 -4.37253
708 0.455811
52 -26.1868
667 -1.38855
412 -8.72476
850 17.9294
20 -19.6341
898 5.18561
903 4.83771
636 -3.32477
780 3.68994
372 -11.9024
952 5.99579
212 -16.5835
672 0.039856
119 -22.9504
241 -14.4581
1013 0.359009
232 -14.6026
259 -13.1348
708 -0.0653687
999 9.45721
393 -7.30923
520 -7.77997
794 0.559631
884 5.65186
35 -27.498
270 -13.0152
182 -13.0913
402 -6.81805
393 -6.55896
708 0.460571
71 -25.1979
533 -4.02515
674 -2.92072
737 -1.80188
513 -8.99408
635 -3.05823
172 -17.781
1028 10.3838
248 -15.3288
440 -5.58902
230 -15.1235
441 -5.66031
241 -14.4583
846 2.5188
380 -7.65048
1029 10.3258
382 -7.60208
223 -16.0318
1026 11.2166
1028 10.3912
335 -13.5287
429 -6.36609
460 -5.14749
671 -1.18628
130 -21.7983
113 -23.3065
256 -11.8159
786 11.0067
416 -6.49033
192 -17.4604
823 1.01154
986 14.1717
26 -26.7171
460 -5.60434
1005 22.1086
232 -15.0608
334 -12.92
236 -14.6307
945 27.0661
215 -13.3732
766 -0.867493
452 -7.08557
416 -6.42917
550 -3.77887
475 -4.92065
671 -1.1842
906 6.34692
461 -5.26968
537 -3.31372
427 -6.34094
515 -8.82657
153 -20.6964
807 0.930542
481 -4.84409
937 8.49615
36 -28.4598
610 -3.37506
430 -5.93616
620 -3.35333
986 8.05664
199 -14.3093
307 -10.8493
506 -4.392
393 -9.53726
1027 11.1833
861 2.62347
227 -15.2346
912 6.82196
994 9.3645
18 -30.2416
33 -44.8011
366 -8.60233
159 -20.1758
371 -8.0383
527 -4.01556
920 7.19366
667 -1.43793
945 27.0659
755 -0.100037
472 -5.06262
179 -18.7035
231 -13.0758
335 -12.5945
444 -5.64032
899 6.88696
127 -22.2589
209 -16.3945
797 11.7574
815 0.706726
784 2.89594
560 -3.61554
737 -1.78778
232 -15.0601
612 -3.35779
866 3.35687
596 -3.39569
422 -6.49634
708 0.460022
245 -14.7072
509 -4.34961
81 -25.5748
604 -3.37952
501 -4.46237
676 -0.558411
219 -16.3494
738 -1.87463
652 -2.46014
903 6.01849
375 -9.50409
1236 25.6063
252 -13.5584
335 -13.528
581 -3.48987
899 5.44855
920 7.1933
450 -6.79178
392 -6.55118
942 8.56592
704 0.415771
548 -3.85168
797 0.244324
537 -3.31366
51 -26.8699
428 -6.37796
416 -6.67044
990 8.54205
870 3.21539
371 -9.21323
686 -2.22363
658 -2.57837
674 -2.21729
371 -8.0473
302 -11.5981
414 -6.52643
697 -2.38434
440 -6.65973
766 -0.356628
674 -3.08081
366 -8.60236
849 12.5808
1004 10.608
995 0.113037
1091 23.0552
899 5.34454
252 -13.6366
238 -14.6981
246 -14.3131
735 -1.87256
351 -12.8349
811 0.589539
230 -15.0588
482 -4.79449
595 -3.39636
315 -18.6842
971 -0.186523
405 -6.70477
814 0.481323
401 -6.74643
1043 10.7206
353 -12.8934
495 -4.44803
817 0.794556
335 -13.5286
463 -5.31055
480 -4.77847
371 -11.6552
706 0.539307
315 -18.6842
838 4.43414
239 -12.3082
826 2.20227
223 -15.3278
45 -27.1484
451 -7.01453
23 -26.6817
509 -4.40588
495 -4.5451
945 27.0646
587 -3.70709
416 -6.72443
455 -6.2533
641 -3.00995
509 -4.35782
349 -13.4936
988 7.6214
21 -33.0817
937 8.49628
1018 11.0183
861 2.58765
955 23.2676
535 -3.99719
644 -2.95892
1004 48
558 -3.58295
413 -8.62
20 -28.5072
861 2.8255
847 13.6257
923 7.4754
244 -8.93808
37 -27.8811
516 -7.54053
615 -3.36353
1027 11.1847
708 0.460083
945 27.0645
894 5.20581
129 -22.1366
468 -6.34799
633 -3.06995
662 -2.3927
277 -12.056
157 -20.0758
223 -15.3814
483 -4.80518
974 -41.9626
942 8.58356
445 -6.29105
695 -0.608765
394 -7.21539
698 -2.41974
970 -0.224731
888 7.02423
20 -19.634
639 -3.17474
495 -4.4487
159 -20.1525
159 -20.2277
401 -6.92151
983 9.67261
396 -9.74591
544 -6.94763
980 -0.159607
945 27.0643
244 -14.957
135 -21.5438
994 9.46252
240 -14.7303
201 -16.0367
402 -9.43521
627 -3.3476
20 -19.633
304 -10.8914
1004 10.8479
662 -2.39325
1029 10.3257
302 -19.1937
111 -23.3967
697 -2.40143
1005 10.5398
133 -21.8533
232 -15.1565
784 2.89587
77 -25.852
1023 10.7915
144 -21.0777
373 -7.97906
520 -4.05933
945 27.0661
1028 17.796
417 -6.21475
677 -3.16412
581 -3.49164
172 -17.6471
918 2.60797
330 -9.49374
671 -1.18329
509 -9.17542
917 23.2606
634 -3.32977
8 -32.5532
173 -17.7773
709 -2.39423
289 -11.7785
452 -7.08044
927 7.73944
699 -2.90503
72 -25.1741
686 -2.22333
1027 11.1847
1008 10.9048
2 -14.7097
128 -21.8794
886 4.83636
284 -12.064
220 -14.8425
65 -26.14
558 -3.58264
995 9.45569
638 -3.04425
355 -12.5375
945 27.0665
194 -17.2781
406 -9.08749
681 -2.05664
763 -1.15674
44 -23.3428
523 -8.35999
894 5.21021
737 -1.77319
225 -15.3885
957 27.1715
914 6.98071
159 -20.1757
529 -3.92871
40 -26.0008
507 -4.41748
436 -6.83133
800 0.889587
414 -8.39868
996 9.56097
784 2.89575
708 0.460327
560 -3.61719
113 -23.3043
198 -15.8145
162 -20.2061
630 -3.01367
441 -6.13474
813 0.742188
124 -22.2951
380 -11.2966
269 -12.7993
737 -1.77539
401 -9.50143
1029 10.3258
1036 11.0494
482 -4.86172
489 -4.59103
845 2.94342
171 -19.9464
1004 10.8497
445 -6.5058
369 -8.12857
953 14.5985
416 -8.42789
315 -18.682
558 -5.49353
404 -6.74536
920 7.19409
49 -13.6233
1021 10.6901
238 -14.7122
439 -5.77933
741 2.03632
372 -11.6934
393 -7.24951
232 -15.0605
159 -20.8463
66 -26.1325
899 5.64447
697 -2.33179
226 -15.9176
233 -15.7279
434 -5.96857
565 -3.64795
899 5.33984
798 11.86
248 -8.0108
446 -6.27905
986 14.1624
345 -13.0607
847 13.6621
226 -15.4007
232 -13.7762
480 -4.93121
1226 33.9453
371 -9.21313
800 0.889221
909 6.53632
951 18.694
1057 13.8707
211 -9.4308
1027 11.1846
259 -13.1122
52 -26.3632
249 -14.5022
113 -23.3048
670 -1.26117
403 -9.46347
282 -11.8997
382 -7.64288
388 -6.39542
34 -29.2791
355 -12.9146
113 -23.3039
900 5.64532
449 -5.45874
157 -20.0753
116 -23.0298
685 -1.89612
995 14.9686
144 -21.0779
319 -9.54135
849 3.97736
571 -3.57288
1009 10.2975
211 -9.43065
854 2.4057
133 -21.8532
811 0.711853
1011 10.705
438 -6.64456
409 -8.70117
1017 11.2847
1057 13.8722
544 -4.24634
162 -20.1369
855 2.24927
670 -1.24329
708 0.455322
429 -6.21475
874 4.28461
515 -7.83762
501 -4.4747
224 -14.1396
909 6.54272
62 -26.9012
477 -4.89056
537 -4.00671
378 -8.07397
472 -6.58902
262 -13.112
472 -5.13037
645 -3.38049
898 5.01959
955 13.7341
956 11.7495
371 -8.03854
373 -8.72092
862 2.3938
211 -9.43089
644 -2.95734
945 27.0641
411 -6.48834
676 -0.555115
420 -6.68536
513 -8.99393
389 -9.8555
894 5.20905
495 -4.44897
796 0.18512
385 -11.2547
974 6.19757
892 4.84283
224 -9.52432
513 -8.20538
1031 9.57947
639 -3.17926
945 27.0643
763 5.45355
358 -8.25067
482 -5.28192
776 8.57935
32 -26.9438
474 -4.92453
606 -3.36792
679 -2.11511
888 5.09149
708 0.51416
330 -9.50928
205 -16.1099
952 5.98474
886 4.40515
1015 10.7505
7 -38.7945
772 -0.46991
797 0.241211
52 -26.191
277 -12.0557
371 -8.04742
987 8.40527
195 -13.262
786 10.916
818 3.21594
106 -23.7682
950 13.1641
218 -15.536
558 -3.58282
482 -5.28214
755 -0.0999756
740 2.0423
104 -26.8563
335 -13.2794
516 -4.80957
842 1.9425
223 -15.419
935 23.9525
517 -4.22021
71 -25.2009
225 -15.1524
309 -10.7353
458 -5.68582
926 9.19165
1028 17.7961
894 5.20844
157 -20.0753
492 -4.60501
170 -19.4014
356 -12.4957
393 -9.27524
910 6.49976
414 -8.46057
925 7.98926
237 -15.8269
468 -6.59167
995 9.4693
1012 22.2665
899 5.43341
223 -15.4683
959 16.5352
20 -19.634
782 7.22321
815 6.96948
510 -4.20273
177 -17.4565
659 -2.35773
899 5.43365
891 5.00391
62 -28.2921
1027 11.1844
157 -20.0747
180 -18.4763
877 4.69739
1013 11.5071
173 -18.9615
616 -3.37524
522 -4.22754
676 -0.557251
106 -23.7684
499 -4.39902
1005 22.1271
1029 10.3256
335 -13.537
817 14.4746
842 17.0871
353 -12.7965
899 5.43365
144 -21.0778
702 1.01538
772 -0.469666
221 -14.843
688 -0.0527954
861 2.60107
468 -6.1709
533 -4.21021
335 -13.2768
799 1.08002
815 14.3408
952 5.77527
449 -5.84573
1088 24.5616
667 -1.43713
683 -2.02966
867 19.5061
429 -5.8876
518 -4.22937
166 -20.1581
468 -6.53201
826 2.23279
849 12.5872
52 -26.3629
583 -5.17847
349 -13.0491
1003 21.6271
352 -12.9273
533 -4.04285
315 -18.6823
369 -8.14804
899 5.43347
123 -22.8325
259 -13.1745
159 -20.9461
708 0.455322
482 -4.77451
477 -4.92133
919 23.7264
909 6.5426
1005 9.63751
158 -20.8126
1020 11.0396
476 -4.97546
420 -7.79843
654 -2.38739
10 -24.679
350 -13.0256
899 5.43353
344 -8.81461
399 -7.18604
479 -4.87183
259 -14.5063
987 7.39429
108 -23.6701
663 -2.27191
383 -11.3728
495 -4.44815
954 11.9193
613 -3.35577
361 -12.1606
926 7.56671
253 -11.6931
669 -2.37128
220 -14.9651
533 -7.87982
417 -6.3165
244 -14.6048
780 9.96838
900 5.63983
951 9.86865
673 -2.27356
1015 11.3367
675 -2.10425
842 17.0864
17 -40.9556
510 -9.1507
560 -3.60748
776 8.57898
691 -0.183472
402 -6.92789
437 -5.79782
837 4.67279
74 -25.3782
440 -6.70218
787 11.322
861 2.8255
236 -14.6306
368 -8.33569
642 -2.88013
678 -2.19012
825 1.84991
1008 10.9043
892 5.14777
705 0.43103
53 -12.2896
735 -1.74884
303 -10.7693
357 -12.5265
225 -15.4409
786 10.7921
52 -26.1906
945 27.0651
812 6.83325
58 -26.132
877 4.91199
687 0.471008
1002 9.50305
128 -22.2213
656 -2.32336
771 6.31488
514 -7.14465
430 -5.86572
344 -13.2092
5 -29.4472
378 -11.6939
874 4.38385
395 -10.4714
884 4.43719
750 -1.2605
811 13.7519
467 -5.05927
989 8.30475
236 -15.3805
1002 9.48138
113 -23.3047
309 -10.6121
799 1.08002
209 -14.7354
952 5.92725
818 14.4421
1044 9.91003
126 -22.2953
896 4.69849
996 10.0174
776 8.58325
965 23.1862
448 -6.85559
951 9.87579
114 -23.2511
1052 12.202
218 -15.3839
395 -10.1042
217 -14.8071
141 -21.1143
469 -5.06863
1057 13.8781
257 -13.1834
373 -11.6489
692 -0.632751
708 0.455078
234 -15.0894
671 -1.18011
731 1.61176
660 -2.42188
511 -8.57141
703 1.9502
792 10.1802
823 1.00452
773 -0.770691
350 -9.01089
398 -9.42007
111 -23.3966
383 -7.58701
232 -15.06
173 -17.7263
108 -23.6696
800 0.888916
583 -3.37
1057 13.8599
404 -6.73227
692 -0.773499
755 -0.0998535
495 -4.69394
784 2.89563
144 -21.0778
226 -15.3138
894 6.35321
225 -15.1478
749 -1.39417
234 -15.0893
210 -15.1553
159 -20.1481
121 -22.9429
52 -26.3633
676 -0.562744
9 -24.6896
996 9.32397
209 -14.7355
51 -13.4867
739 -1.22644
278 -12.0072
378 -11.7081
951 11.6394
322 -9.70703
788 11.3
886 4.79858
51 -26.872
986 14.3519
10 -32.4568
647 -2.81757
244 -14.9564
853 2.42621
2 -29.4679
464 -8.96631
671 -1.18365
924 7.62823
849 17.7601
691 -0.183655
252 -13.6159
1011 22.8788
146 -21.0209
1040 12.0294
875 4.45538
1013 11.4724
985 -0.196289
636 -3.37134
26 -26.7169
1027 11.1812
955 23.2799
305 -11.0347
894 5.2063
420 -6.68268
384 -11.32
399 -9.51031
952 5.88177
1210 21.5614
1027 11.1844
381 -7.89697
952 20.1233
1020 11.0397
748 -1.67352
581 -3.48444
226 -15.2518
1008 10.9047
394 -9.74118
823 1.01709
860 2.41296
699 -2.9635
175 -19.1071
823 1.00226
619 -3.2038
114 -23.019
244 -14.956
181 -18.8523
683 -0.874695
1027 11.1846
298 -11.0586
765 5.86072
221 -16.302
651 -3.42999
846 17.5919
997 9.9361
133 -21.8532
250 -13.5935
861 2.60114
458 -5.37836
336 -13.5591
476 -4.90851
516 -4.49127
797 0.244324
30 -41.7559
390 -6.67502
770 -0.910339
335 -13.2782
510 -4.45514
1210 21.5658
719 2.40289
10 -24.6794
909 6.54578
906 -1.3067
905 6.41339
708 1.49512
525 -4.23914
786 -0.0490723
427 -6.07742
135 -21.2706
464 -5.20587
485 -4.88123
786 10.8473
32 -20.8572
406 -9.16058
869 3.59692
776 8.58099
974 -0.167603
691 -0.183655
952 11.1911
673 -2.31842
697 -0.510376
703 1.94995
250 -13.4009
234 -15.0895
168 -23.4067
678 -1.62738
390 -9.72351
209 -16.3947
834 1.19867
773 -0.81311
881 4.18475
695 -2.35889
871 3.6684
86 -29.8841
144 -21.0779
232 -13.4326
307 -10.7737
5 -30.8624
696 0.626587
401 -6.99612
691 -0.18335
795 12.3508
837 16.1882
676 -0.56073
319 -8.62695
670 -1.24231
690 -0.693909
157 -20.2249
791 0.692688
676 -0.555359
924 7.61609
828 15.1906
640 -3.034
994 9.27319
238 -14.7047
974 -0.170471
710 0.679443
667 -1.43726
450 -5.86124
197 -16.7321
1012 22.4917
888 21.4885
789 10.8263
106 -23.7682
116 -22.9643
1029 10.3256
881 21.4231
899 5.55731
522 -4.05408
794 0.996582
872 3.48621
696 1.03314
786 -0.0484619
906 6.29553
28 -27.2954
890 5.20056
421 -6.69183
250 -12.1499
416 -6.42917
1029 10.3257
416 -8.6279
794 0.601196
140 -24.9644
232 -15.0239
220 -16.2534
516 -4.46072
676 -0.562622
44 -27.1634
1005 10.0351
826 2.22156
38 -27.3484
892 4.80231
474 -5.01398
244 -14.558
113 -23.3069
802 12.0579
904 6.75116
391 -9.68903
352 -9.03897
248 -13.8111
792 0.711853
151 -20.2184
1005 10.1972
810 13.7332
60 -26.3904
234 -15.0894
207 -14.631
945 27.0657
187 -13.6466
769 5.6275
800 12.1533
147 -20.3289
505 -4.39838
964 5.67719
703 1.95032
1028 10.4143
781 3.99707
65 -27.8859
736 -1.84888
854 2.40649
505 -4.39938
776 8.53149
477 -4.90936
894 5.20587
66 -25.5433
178 -19.0009
710 0.680603
682 -0.856201
604 -3.3819
909 6.5426
743 4.46857
184 -13.7099
776 -0.650513
208 -10.6823
241 -14.4577
519 -4.2262
37 -27.881
396 -9.90878
223 -15.5044
704 0.549744
384 -7.50385
179 -18.4271
696 0.745056
435 -7.81024
148 -21.1314
114 -23.0184
786 10.8121
847 17.2907
21 -33.1155
910 6.49481
486 -4.72977
26 -27.9985
1043 11.536
123 -22.3837
262 -13.1118
841 4.7016
823 1.0116
172 -18.6833
875 16.2056
889 21.5911
816 2.21124
402 -6.71255
713 0.109314
71 -25.1976
144 -21.0779
219 -15.35
955 23.2694
72 -25.1734
387 -7.42773
680 -0.0473022
1029 10.3258
655 -2.18353
290 -11.6695
250 -13.698
824 14.792
612 -3.18921
1008 10.9047
1057 13.8749
872 3.73962
354 -8.65717
371 -9.2132
909 6.54266
116 -23.0289
738 -1.86725
506 -4.44818
125 -22.3186
874 13.4948
849 17.4823
896 6.51874
478 -4.85596
989 8.81183
874 13.5073
436 -7.62454
691 0.325195
308 -9.62488
76 -26.5879
514 -4.16449
610 -3.36108
7 -38.8338
387 -10.0924
298 -11.0567
1020 11.0394
853 18.069
899 5.60205
861 2.60107
849 17.4817
991 -0.102783
861 2.55249
864 22.5141
740 3.17743
312 -10.3192
168 -19.6902
414 -8.72559
687 -0.523865
695 -0.498352
159 -20.151
172 -17.647
644 -2.88531
396 -9.74603
430 -7.85095
992 3.96173
449 -5.46841
248 -13.5274
671 -2.18042
860 2.82031
414 -8.63593
979 -0.0635986
884 4.43732
691 -0.183777
159 -20.1455
718 2.54596
696 1.0321
787 11.3173
169 -19.5112
135 -21.6541
451 -7.16815
1194 33.7003
688 -0.00311279
805 12.5046
942 8.55719
776 8.57703
786 10.7879
857 3.55573
676 -0.560974
185 -14.8594
48 -27.1058
298 -11.1259
1027 11.2559
290 -11.5562
18 -42.1356
188 -12.3273
922 12.2647
1018 11.0269
740 2.06897
920 25.1698
1073 20.989
881 20.8494
804 12.5101
911 23.353
831 15.8673
813 0.287659
262 -12.9025
1028 17.7968
1026 11.2242
1112 -2.9718
852 3.49579
818 14.4421
703 1.94958
680 -0.0683594
996 -4.69318
823 1.0127
874 13.4206
368 -11.6641
1029 10.3257
1043 10.5294
5 -43.5265
1005 22.1089
849 17.7659
371 -9.21307
678 -2.13696
732 -1.76019
53 34.7879
782 4.21777
190 -17.841
1025 11.2411
789 4.065
837 0.954102
647 -2.88068
670 -1.18311
776 8.57745
300 -9.62805
166 -19.8922
881 20.848
895 4.98767
312 -9.39117
109 -23.4709
215 -12.7491
1011 10.1362
264 -13.0342
886 4.37457
300 -9.62958
811 1.14172
1008 10.905
1017 9.95728
1222 27.7317
183 -18.0701
989 8.61017
955 23.2809
381 -7.47925
368 -8.33594
159 -20.1536
52 -26.1911
799 1.07977
262 -13.1114
368 -8.33566
740 3.17889
704 0.417847
800 0.889465
369 -8.14728
366 -11.6779
687 -0.192688
446 -6.59491
43 -27.7333
780 9.96777
144 -21.0778
114 -23.251
285 -13.1561
491 -4.55783
770 6.45447
874 13.577
842 17.0997
846 2.50171
279 -11.9902
903 23.8964
1131 4.67603
760 5.54767
220 -14.9792
230 -15.0802
927 7.79303
174 -19.0273
177 -18.637
35 -27.4985
241 -14.4575
172 -19.9949
113 -23.3047
754 2.63104
688 -0.418945
750 3.66571
298 -11.057
820 1.23523
207 -16.5744
265 -13.0343
371 -9.2131
691 -0.843689
303 -10.6374
64 -25.8669
207 -16.5744
851 17.6187
309 -10.3175
696 1.03198
733 0.544006
223 -14.9621
921 2.02271
800 4.03162
230 -15.1067
670 -1.22784
133 -21.8532
784 5.38898
1005 10.4258
1091 24.9124
92 -24.8756
126 -22.0298
1029 10.3259
356 -12.8538
50 -28.1935
348 -8.7851
777 9.83539
840 3.27942
817 14.4758
671 -1.18402
691 -0.183411
