648 6.49579
861 15.7785
552 5.38562
429 5.18216
618 6.22632
618 6.22607
548 5.28479
588 5.68591
341 1.40598
739 7.90289
575 5.52399
616 6.1524
305 -0.535309
575 5.52307
429 5.18207
575 5.52301
618 6.22638
552 5.38574
220 3.91835
537 5.12463
695 7.04791
709 7.5365
643 6.41779
599 5.742
695 7.03656
876 20.3406
575 5.52057
535 5.09857
363 2.21045
652 6.44702
454 4.71442
429 5.18234
695 7.03662
618 6.32806
260 -2.73166
618 6.2262
575 5.52466
598 5.77026
582 5.51666
643 6.41779
601 5.83643
863 15.1365
649 6.48315
575 5.52319
332 2.22815
695 7.05029
341 1.40646
598 5.73621
552 5.37842
575 5.52313
548 5.28473
967 34.9459
552 5.37854
616 6.1524
666 6.7113
354 2.15222
598 5.77631
548 5.28467
643 6.41766
655 6.43311
774 11.1823
284 -2.79276
341 1.40613
898 22.8287
552 5.38867
552 5.3786
523 5.17371
652 6.46771
575 5.52441
477 4.99481
287 4.40802
546 5.12665
575 5.52313
557 5.41565
739 7.90479
643 6.41724
456 5.50754
23 -3.08216
396 3.27237
864 14.9806
649 6.49365
618 6.32739
508 5.32028
549 5.39398
523 5.17169
652 6.43549
563 5.45099
264 -2.47418
395 3.28107
523 5.17023
618 6.22583
508 4.4628
652 6.44653
652 6.46753
220 3.91803
601 5.83636
560 5.44031
588 5.65613
652 6.44849
738 7.97028
695 7.05029
718 10.5342
601 5.83636
509 5.27039
23 -3.08231
278 -0.671906
454 4.71432
588 5.65851
171 -8.24506
601 5.83643
323 1.00073
774 11.182
475 5.29294
557 5.35742
368 4.3577
588 5.65167
559 5.43512
601 5.83643
523 5.17029
538 5.30579
598 5.86945
643 6.41766
618 6.22546
796 22.033
455 4.67386
537 5.05017
598 5.776
649 6.48248
861 15.0744
618 6.22626
475 5.29297
523 5.17059
220 3.92075
606 6.02826
821 14.0214
474 4.88803
638 6.1095
509 5.26776
413 4.38654
654 6.42175
805 12.7753
623 6.36554
616 6.15253
837 29.3451
794 12.3611
601 5.83643
563 5.49585
967 34.9424
618 6.3277
454 4.7142
557 5.45428
615 6.16003
563 5.43561
643 6.41791
557 5.42255
485 4.46585
557 5.4115
665 6.71985
617 6.4303
341 1.40588
215 0.529617
597 5.7655
861 15.7791
643 6.41772
731 12.9833
475 4.7074
475 4.71136
716 9.8205
523 5.17273
618 6.32764
666 6.7403
486 4.34338
249 -1.37729
455 4.67377
298 4.60132
552 5.37891
443 2.15207
288 -2.0368
641 6.15668
237 -0.995773
437 5.53677
323 0.998993
543 5.11902
855 16.6367
548 5.28424
772 11.0811
294 4.43466
552 5.37872
443 2.15091
492 5.11722
751 10.0282
455 4.67343
510 5.3136
171 -8.2459
230 4.2798
571 5.36218
354 2.17081
454 5.44
855 16.6367
772 11.0805
565 5.46869
456 5.50751
598 5.76666
618 6.22632
496 4.96243
523 5.24512
284 -2.7926
654 6.48627
332 2.22769
474 4.8895
657 6.46051
602 5.88049
454 4.71411
456 5.50742
592 5.76501
674 6.69189
292 -1.34625
771 11.0511
550 5.34253
864 30.4404
239 -3.69733
180 -3.76965
284 -2.79242
508 5.31897
455 4.67337
46 -2.80347
261 -3.57425
249 -1.37727
557 5.42261
284 -2.79272
628 6.55377
486 4.40814
278 -0.671417
363 2.55374
474 4.88837
552 5.38074
538 5.32147
556 5.36591
616 6.1524
456 5.50757
652 6.46753
341 1.39465
821 14.0216
320 0.840607
713 11.355
220 3.92058
456 5.50739
564 5.51617
516 4.51868
601 5.9245
453 2.42307
1146 46.6082
649 6.48584
354 2.16766
385 3.03998
792 12.2386
565 5.28711
836 14.9324
565 5.46686
598 5.77625
292 -1.34622
652 6.45105
718 10.5363
323 0.998993
729 8.82721
994 36.9075
548 5.28442
877 16.2635
323 0.998871
478 4.99448
453 2.42294
821 14.0214
417 4.48199
456 5.50714
455 4.67358
640 6.78522
508 5.30676
864 30.4317
496 4.96259
599 5.88672
652 6.44629
876 20.3382
548 5.28473
771 11.0511
666 6.71039
443 2.15039
222 -1.91283
592 5.75128
475 4.71152
363 2.21161
563 5.51471
541 5.05347
739 7.86475
456 5.50748
518 1.61572
508 5.31888
198 -3.85373
592 5.75366
645 6.39056
761 18.0523
606 6.02838
523 5.17261
772 11.0811
292 -1.37192
538 5.28699
607 6.16962
476 5.33347
739 7.87799
719 9.638
311 1.27295
751 10.0294
488 5.36874
652 6.44525
967 34.9409
663 6.78943
591 5.71814
467 -1.70569
475 4.71252
618 6.32764
279 -2.87274
455 4.67386
474 4.88803
256 -0.813736
557 5.42261
442 2.05426
508 5.32001
236 -0.893967
179 -3.76747
731 8.26251
475 5.29318
509 5.31989
646 6.41119
751 9.96759
247 0.219086
426 4.96304
453 2.04114
552 5.37939
520 5.31024
617 6.43738
598 5.77618
639 7.3302
222 -1.99864
759 10.5052
453 2.0134
475 4.70679
354 2.17175
568 5.33679
476 5.33356
668 6.86047
249 -1.3773
695 7.04987
548 5.28436
474 4.88812
575 5.50897
284 -2.79288
220 3.92046
347 1.65704
363 2.67831
552 5.38513
666 6.71063
955 23.8816
713 11.3574
736 9.38977
643 6.27856
467 -1.70572
618 6.32745
729 8.82574
641 6.15472
528 5.16345
509 5.26776
618 6.22552
548 5.28339
323 1.00076
509 5.26663
518 5.37579
246 -1.18823
589 5.72388
463 5.39301
861 15.7792
523 5.18207
406 -11.5929
602 5.88086
335 1.29514
806 12.9207
634 6.08063
599 5.89014
718 10.5366
508 5.31778
220 3.92014
864 30.4405
367 2.68109
557 5.45233
601 5.9375
453 2.42313
262 -2.11987
535 5.23785
731 12.9833
474 4.52869
239 -3.69727
458 3.51788
278 -2.87692
311 -11.2574
506 4.53653
751 10.0292
856 16.4881
367 2.6806
445 5.71106
262 -2.12076
967 34.9445
423 -9.62375
615 6.16034
836 12.421
751 10.0294
747 9.87012
695 7.05365
278 -2.88611
684 9.2359
718 10.5352
531 4.98645
508 5.31964
475 4.71262
640 7.47321
460 5.42676
456 5.50745
695 7.05353
561 4.44928
618 6.32825
215 0.527374
278 -0.671387
429 5.1824
509 5.26678
652 6.44232
196 -0.499252
967 34.944
607 5.92108
292 -1.37155
475 5.29288
303 5.00778
961 26.4474
278 -0.671539
496 4.96243
499 4.49335
352 3.28049
443 2.15036
634 6.0799
222 -1.99867
632 5.86334
711 10.5229
261 -2.33115
716 10.0767
475 4.71161
548 5.13757
443 2.15231
467 4.7374
961 26.5077
409 -4.85486
574 5.51874
239 -3.69743
222 -1.9124
766 11.0151
395 3.28201
443 2.15042
294 4.4332
255 0.124023
641 6.15552
516 4.54578
475 5.35886
718 10.5375
575 5.52295
474 4.88803
228 3.35588
526 5.30713
602 5.76892
278 -0.671661
605 5.71313
773 15.2842
496 4.96259
587 5.64648
956 24.3993
968 37.5541
617 6.42926
431 -7.54355
736 9.39014
674 6.69208
578 5.12329
344 1.60971
467 -1.70612
586 5.34247
634 6.00909
543 5.29755
278 -0.6716
598 5.73639
736 9.3902
602 5.87592
277 -2.89737
618 6.22638
311 -11.2572
961 26.8745
599 5.75293
222 -1.99857
618 6.32806
618 6.22632
455 2.03925
282 -1.13916
528 5.18207
431 -7.53415
278 -0.671417
260 -2.22122
331 1.9455
641 6.23602
968 37.5534
455 3.36136
605 5.97552
768 10.8538
475 5.33615
679 6.29565
641 6.15808
618 6.22638
289 -1.80844
415 -11.39
575 5.5235
337 1.26889
590 5.75372
557 5.42145
731 12.9838
606 6.11658
463 1.33139
256 -0.90712
222 3.40004
546 4.75702
148 -11.748
455 4.67383
239 -3.69734
476 5.33347
289 -0.560577
367 2.68198
120 -11.4543
211 3.20116
488 4.43323
761 18.0523
341 1.40549
548 5.28461
641 6.15344
567 5.44812
718 10.5361
542 5.2785
736 9.39069
254 -18.2368
222 -1.99878
767 11.1469
339 1.30304
244 -1.1367
510 5.23563
608 5.94293
236 -0.905899
541 5.29199
603 5.97943
550 5.33929
490 5.32431
475 5.29346
516 4.51855
595 5.75446
279 -2.27878
521 5.40161
747 13.5602
641 6.1524
965 24.7149
641 6.68774
641 6.15302
277 -15.4422
230 4.27975
761 18.0524
444 5.7059
220 3.91757
536 5.24292
479 5.21988
277 -15.4423
411 4.33038
940 26.0244
277 -2.87433
428 4.96939
677 9.75037
309 4.73441
608 5.9024
776 19.6636
368 4.35907
474 4.888
215 0.52887
729 8.82581
295 -12.299
360 2.54233
222 -1.9989
508 5.31863
692 10.7878
618 6.22546
40 -2.90786
288 -2.03687
693 6.51465
485 4.38593
589 5.61572
827 12.9991
465 5.34744
759 10.5016
474 4.8884
278 -0.671448
713 10.6354
559 5.01288
295 -12.2999
274 -0.901581
486 5.40591
968 25.1371
238 -3.85995
292 -1.34601
279 -2.27856
399 5.0094
666 6.74725
354 2.16837
287 4.40829
292 -1.34604
967 34.9363
836 17.7966
416 4.39267
509 5.26752
617 6.43427
253 -0.73558
278 -0.671448
573 5.3985
287 4.40811
836 14.9327
485 4.46582
476 5.3335
610 6.03387
341 1.4054
618 6.22583
288 -2.03677
345 4.73804
331 1.94495
715 10.176
443 2.15103
415 -11.3837
307 0.543488
443 2.15039
341 1.41223
666 6.72107
456 5.50757
631 5.91205
475 4.71194
693 10.7963
736 9.21625
354 2.1463
578 5.06427
967 34.9424
354 2.17056
405 4.77283
582 4.91235
731 12.9849
720 9.47748
582 5.30963
967 34.9407
510 5.2616
508 5.31851
455 4.67358
220 3.92102
565 5.28717
222 -1.91281
945 26.1913
254 -18.2426
541 5.22784
611 5.78589
735 9.30426
736 9.39001
578 5.1214
755 10.3008
618 6.22565
443 2.15039
968 37.5524
535 5.03693
751 9.96765
531 4.63708
761 10.9862
708 7.56586
531 4.63812
611 5.76483
861 15.7786
455 4.6734
1145 46.6124
387 3.20306
456 5.50751
249 -1.37685
274 -0.901794
718 10.0709
431 -7.53662
792 12.2382
208 -5.63811
773 15.2845
618 6.32837
736 9.39008
222 -1.99875
731 12.9837
454 5.19614
247 -1.51167
764 10.9344
540 5.23779
287 4.40823
284 -2.79279
337 1.30219
249 -1.37685
559 5.01221
734 11.2141
803 24.3064
454 5.26224
1122 44.9091
716 10.0849
565 5.28723
624 6.01477
642 6.24091
736 9.39062
582 5.30823
758 10.6453
565 5.28717
621 5.85291
967 34.9388
773 11.0313
759 16.8964
588 5.75116
655 6.16272
441 -5.27493
35 -2.1668
590 5.72864
758 10.561
876 20.3324
668 7.37299
609 5.948
347 3.99683
607 5.90479
531 4.63678
663 6.25177
475 5.29312
477 4.99728
222 -1.99875
240 -0.974731
565 4.96332
486 4.40195
611 5.7757
666 6.71167
665 6.7757
580 5.54852
423 -9.61246
475 4.71497
668 6.86047
390 3.4838
881 39.1644
618 6.32831
475 4.7117
578 5.06696
486 5.39243
457 1.67496
456 3.45358
148 -11.7482
360 2.04364
509 5.31412
347 1.86545
759 16.9604
1024 76.4919
429 5.18237
479 5.22104
967 34.939
481 4.3306
437 -6.60764
309 4.82483
759 10.5017
966 25.5984
508 5.30228
463 5.43185
341 1.40591
648 6.40619
693 10.7996
597 5.65759
961 26.4482
561 4.96063
443 2.15045
642 6.36597
1098 12.1056
716 10.0867
764 11.0085
230 4.27979
228 4.59328
485 2.92352
340 -7.23257
402 4.34183
317 -0.0606079
382 2.88809
859 16.6292
282 -1.42108
280 4.69962
465 5.41537
345 1.90848
766 10.9493
307 4.84631
960 25.4119
561 4.4494
461 3.67258
650 6.50977
952 55.6682
562 4.90466
437 -6.60791
326 -9.05542
964 25.5738
634 6.00922
596 5.47791
726 9.46759
596 5.50806
962 27.1277
508 5.31863
774 11.1822
1136 45.5297
642 6.29596
461 3.65289
731 12.9851
363 2.18634
208 -5.63768
481 4.10336
560 4.87158
431 -7.5448
888 40.7099
222 -1.90898
411 4.46899
570 5.10675
222 -1.9127
693 10.8402
217 3.5481
618 6.22565
560 4.83167
594 5.41986
475 5.29321
543 5.04095
758 10.5626
757 10.4914
226 3.53996
751 9.96857
1161 2.20081
758 10.4002
626 6.20825
618 6.32825
443 2.15039
679 9.00916
249 -1.3766
629 6.46417
773 15.2847
759 16.9719
735 9.30426
648 6.12848
528 5.16254
655 6.29834
531 4.63629
260 -2.29272
868 15.2614
345 4.66324
235 -0.978607
472 4.70813
1120 45.4506
392 3.20642
211 3.4711
437 -6.60925
340 -7.24945
1120 45.4506
518 1.61566
646 6.31573
610 6.06635
1145 46.613
301 -2.7428
461 3.67432
575 5.02124
443 2.15115
621 5.94159
652 6.46765
967 34.9442
759 10.5029
960 25.412
710 8.77118
215 4.17708
305 4.87964
678 6.53815
609 6.00653
298 4.60141
215 0.528458
321 0.810089
292 3.47498
464 5.1059
499 4.4942
623 5.9693
632 6.59906
602 5.88843
603 5.72351
617 6.42944
406 -11.6276
509 5.26675
968 25.1371
249 -1.37682
293 3.47632
257 -0.837128
668 6.86053
567 5.43256
625 6.02148
539 4.73035
747 13.5314
812 13.1148
716 10.084
570 5.11102
340 -7.23279
587 5.57819
691 6.45215
618 6.32812
509 5.26736
441 -5.27475
445 -4.14236
610 6.06635
608 6.10785
940 26.0236
457 5.2309
478 4.02417
851 20.6882
582 5.30157
120 -11.4511
311 4.64609
903 38.0021
866 20.236
896 21.2424
644 6.13867
475 4.71146
520 4.61041
665 6.72308
586 5.34375
741 9.63843
762 14.6647
570 5.11407
486 4.23544
176 -10.3052
443 2.15073
865 19.9492
266 -1.95456
220 3.92021
618 6.22565
761 10.9132
645 6.43109
587 5.58289
46 -0.0116425
646 6.21991
347 3.6088
854 31.3674
618 5.94702
386 3.21338
222 -1.91231
502 4.62701
287 4.40869
548 5.28442
36 -0.0964127
478 5.01343
561 4.96246
351 2.57166
588 5.36737
249 -1.37685
562 4.88586
317 -0.0605774
598 5.77496
249 -1.37802
537 4.60767
445 -4.14218
492 5.34598
604 5.57776
716 10.0849
716 10.0759
499 4.49557
518 4.44092
908 45.4321
508 5.31863
973 43.1719
516 4.54718
231 -1.03764
496 5.29318
474 4.88803
632 5.93854
618 6.32837
819 25.3192
662 6.53058
260 -3.77814
319 0.783417
836 14.9324
875 24.5419
349 2.20877
516 4.51849
960 25.4118
836 17.791
395 3.28125
718 10.5338
561 4.99786
652 7.78894
474 4.88812
285 -1.34604
453 2.42291
652 6.4411
596 5.75378
759 16.8964
278 -2.87625
354 2.20532
617 5.90765
960 25.4121
952 55.6608
565 5.28717
608 5.93799
582 4.91705
861 14.9314
561 4.96143
653 6.19073
538 5.25427
448 2.00122
736 9.39069
279 -2.27893
644 6.32025
718 8.93396
558 5.00372
232 3.93788
571 5.25757
677 9.75861
648 6.41107
257 -1.94875
144 -11.9863
631 5.9115
570 5.11432
666 6.70605
638 7.30292
537 4.60699
324 -9.33133
499 4.49313
363 2.21182
736 9.39001
211 3.84392
448 2.70331
961 26.8775
422 3.12228
608 5.94
741 12.8166
608 5.90253
461 3.6597
614 5.85797
63 0.0719299
879 15.0386
591 5.20862
341 1.40512
641 6.12708
316 0.58786
960 25.4119
144 -11.9862
720 9.29944
476 5.33179
685 10.1204
461 3.67578
461 3.673
465 4.23459
474 4.88812
586 5.79004
433 1.88226
718 8.98792
341 -7.23944
152 -13.5932
882 34.9205
593 5.42126
454 3.26779
761 11.0045
656 6.47559
651 6.47681
317 -0.0627136
600 5.81293
294 4.43457
508 5.31863
441 -5.29254
139 -12.0199
644 6.41388
303 0.529205
287 4.40817
417 4.55927
679 6.29565
201 3.33026
479 5.21979
641 6.23596
531 4.63702
285 -1.40308
500 5.39801
384 4.10666
922 46.6934
537 4.78912
593 5.77753
454 3.33646
443 2.15085
441 -5.27493
490 5.31528
966 24.7669
646 6.39172
609 6.03424
597 5.68549
541 4.63007
540 4.9718
492 4.99323
655 6.59467
217 -3.59317
461 3.67596
198 -3.8524
711 8.69305
606 5.84399
692 6.50885
961 26.4476
516 4.51843
772 11.0338
836 11.1701
546 4.86896
529 4.53955
634 6.08063
548 4.75836
312 1.56976
657 6.19299
589 5.24121
864 30.4348
307 -0.215454
449 3.34619
566 5.45148
426 4.96307
348 -6.1095
478 4.13962
561 4.96222
718 10.534
505 4.65543
500 4.56564
604 5.99567
716 10.0792
298 4.60132
406 4.35501
595 5.87775
445 -4.15927
437 -6.60922
967 28.5798
968 37.5551
518 4.44104
288 -2.0368
455 4.67349
449 -3.24677
323 1.00104
262 -2.12067
647 6.45203
648 6.50507
220 3.91948
611 5.77502
429 5.18237
642 6.23932
528 5.16187
561 4.44977
1141 46.4169
570 5.1134
592 5.737
493 4.68906
971 25.1703
445 -4.14392
643 6.64746
833 27.5927
2 -2.64747
561 4.96082
561 4.96228
641 6.15637
513 2.46826
510 5.34186
601 5.89758
289 -1.81927
759 10.5018
239 -3.69737
705 7.88538
639 7.33051
309 4.69775
598 5.703
561 4.44806
585 5.33759
582 4.91638
537 4.60944
248 4.52815
760 10.5002
518 1.61572
252 0.300674
764 11.0329
610 6.06641
570 5.11414
711 8.69281
409 -4.85483
695 7.05103
293 3.48309
552 4.83624
812 13.1152
546 4.76501
607 5.98492
222 -1.91222
516 4.54681
645 6.43176
252 0.290771
582 5.30511
1124 45.1768
357 2.16083
955 24.3749
570 5.11407
279 -2.27936
610 6.06647
908 45.4126
894 42.5303
741 12.8132
920 46.4941
454 3.30096
516 4.54767
342 4.35294
486 4.40216
331 1.94565
292 3.47586
582 5.49591
710 8.99445
475 5.40225
655 6.59717
601 5.92242
485 2.39337
537 4.5838
317 -0.0623779
585 5.33728
848 31.0681
606 5.84399
655 6.55835
550 4.76221
402 4.60895
246 -0.85701
1121 -17.0491
664 6.60779
451 -2.89706
456 5.50748
624 6.01239
987 34.6068
516 4.52118
294 4.43469
384 3.92526
239 -0.928192
893 33.6219
461 3.66968
1146 -84.0217
711 7.92303
467 -1.70645
509 5.26617
649 6.47644
618 6.22565
530 4.69373
593 5.3028
620 5.97632
71 1.03738
317 -0.0627136
582 5.29974
618 5.91882
409 4.48291
367 2.68082
729 8.82568
648 6.38678
876 20.3354
739 7.86981
1098 12.1135
255 0.121902
609 6.01807
592 5.73865
567 5.15833
861 15.7792
747 13.5975
561 4.96252
634 6.00891
590 5.67261
446 2.54871
509 5.26785
944 54.0055
537 4.78912
497 5.34915
607 5.90466
641 6.11719
293 3.48169
559 5.00977
610 6.06628
434 1.80118
645 6.40918
554 4.79663
773 15.2847
439 1.66965
617 5.96948
719 9.67151
594 5.84698
293 -0.0135803
608 5.94006
298 4.60138
686 9.79132
790 12.0516
428 4.94098
508 5.30588
607 5.89447
611 5.75812
215 0.534317
968 25.1341
572 5.13074
586 5.25629
651 6.50085
341 1.4064
332 2.22757
541 4.65802
640 7.47314
848 31.0682
477 4.42743
641 6.23645
46 -0.017971
549 4.70166
698 10.597
776 19.6651
278 -2.87778
561 4.96118
578 5.1178
542 4.70581
711 10.5016
587 5.58167
765 11.0574
641 6.15192
694 6.62024
460 5.22238
676 9.20605
570 5.04993
1161 2.17737
641 6.23645
709 8.07544
570 5.11951
914 47.7687
904 38.1632
610 6.06641
657 8.01172
262 -2.11984
427 4.74774
710 8.48059
664 5.86987
294 -1.44345
587 5.58374
175 2.69383
578 5.11926
298 4.60138
148 -11.4613
876 20.334
531 4.63721
606 5.84393
289 -1.79581
908 45.3935
548 4.77454
608 5.90247
332 2.22821
779 19.2314
486 4.4017
499 5.38889
539 4.30627
508 4.46289
1146 -84.0217
639 7.32935
904 38.151
762 14.4298
968 25.1383
368 4.35751
499 5.31467
201 -8.83022
561 4.44788
256 -1.15688
452 -4.22592
877 25.4881
624 6.01495
644 6.34625
559 4.91827
900 37.2576
561 4.99487
364 1.90704
230 4.27971
861 34.1562
675 9.4411
148 -11.4621
509 5.26663
671 6.52502
536 4.64038
664 8.30383
653 7.8299
1120 45.4512
621 5.93311
552 4.94855
510 5.31393
545 4.66101
582 5.30829
764 11.0753
572 5.18475
991 39.8813
293 3.48178
573 5.49774
531 4.63727
378 -10.6469
576 5.20013
937 51.9348
371 2.28674
693 10.8471
559 5.01227
475 4.7081
255 0.124161
521 5.19922
643 6.27856
774 11.1824
761 18.0522
467 -1.70612
548 4.77875
876 20.3385
690 10.6788
294 4.43448
582 5.30768
614 5.83704
606 5.84399
586 5.34467
431 1.73163
741 8.44
75 1.14719
240 -0.656326
452 -4.21109
897 24.404
486 4.40121
607 5.90021
860 32.0497
747 13.597
652 6.23059
560 4.92212
640 6.37177
552 4.82214
955 24.3593
622 6.01007
577 5.13843
557 4.79608
881 39.1686
869 21.4636
644 6.24078
769 11.2562
255 0.123993
274 -0.900604
731 12.9852
821 14.0214
206 3.672
594 5.25189
415 4.38455
607 5.90051
230 4.27969
897 24.3985
611 5.77991
377 2.75082
578 5.12323
518 4.4411
536 4.6416
611 5.77997
769 11.199
1145 46.6133
693 10.8475
362 2.31085
292 3.4744
870 26.308
478 4.436
364 1.90698
668 6.86108
565 5.3382
667 6.81207
718 10.5352
496 5.3465
481 4.54248
794 12.3599
310 -0.675507
558 5.0033
491 5.33188
1161 2.20239
713 7.86078
608 5.94293
1011 76.024
292 3.47861
461 3.67105
664 5.86957
225 4.71428
1009 75.2046
249 -1.37698
855 16.6367
936 28.367
510 5.31381
35 -0.515999
774 11.1823
542 4.69891
298 4.6012
578 5.12354
995 36.8927
481 4.90414
531 4.63702
599 5.89557
608 5.94403
253 -0.754272
696 10.491
776 19.6651
651 6.44714
298 4.98611
718 10.5372
257 -0.934845
764 10.4969
570 5.11481
1146 7.79504
378 -10.6479
652 6.0675
323 1.00058
909 45.7364
362 2.31531
482 4.44577
582 4.91724
561 5.39563
242 -2.49252
508 4.46277
453 3.439
958 29.8175
569 5.12286
461 3.6626
233 -1.0788
585 5.29016
772 11.0811
454 3.34219
71 1.03808
716 10.076
512 4.47589
611 5.76678
958 43.8547
537 4.67737
668 6.86218
908 45.3918
572 5.15863
63 0.0726929
643 6.27863
279 -2.27875
317 2.54074
344 4.45407
1037 79.3116
582 4.91669
334 -0.583008
598 5.77527
367 2.68039
1151 52.3164
587 5.58356
296 -1.00922
654 6.1319
592 5.42139
230 4.27975
585 5.50195
553 4.8374
552 4.74927
585 5.35571
413 4.37567
585 5.33722
751 10.0249
537 4.79266
557 4.8941
640 6.30634
587 5.5827
762 10.9677
624 6.0155
293 3.48068
283 -2.72263
848 31.068
960 25.4113
724 9.51837
1174 57.7
928 50.9036
849 30.8134
508 4.46295
527 4.52875
908 45.3932
827 26.7328
718 9.30884
526 5.29962
278 -0.6716
719 -15.6619
293 3.48303
747 13.5968
405 4.0426
531 4.55536
826 28.0679
527 5.23608
475 4.70731
548 4.77753
711 8.69452
46 -0.0178642
888 40.71
641 6.15283
582 5.31689
864 30.4317
582 5.31409
655 6.58459
578 5.12311
148 -11.4611
667 6.65723
772 11.172
574 5.4743
590 5.72192
630 6.28064
645 6.47882
578 5.16425
570 5.11395
606 5.99921
579 5.25433
547 4.80939
737 13.1047
570 5.11316
773 15.2843
968 37.5466
968 37.5467
601 5.88586
693 10.8439
747 13.5972
625 5.8418
971 44.4353
346 4.3584
666 6.71179
303 -0.710327
671 6.46741
952 57.4099
561 4.44806
644 6.41351
588 5.21222
618 5.95972
508 5.30505
516 4.54834
836 12.4368
606 5.85101
604 5.57819
908 45.3917
449 -3.33881
46 -0.0227089
760 10.5175
819 26.3528
475 3.99725
862 19.1197
548 4.80762
553 4.78827
655 6.59888
562 4.89673
939 52.4355
899 42.7061
639 6.12598
476 5.38098
249 -1.37744
508 4.46317
179 -3.76755
582 5.30835
246 -1.24182
148 -11.7482
994 40.9218
342 5.01328
837 12.3869
936 28.366
656 6.41895
323 1.00076
319 1.11078
346 -1.41016
710 8.58209
598 5.81232
1007 41.2841
211 2.47116
598 5.89185
292 3.47546
995 36.8698
606 5.83655
961 26.5106
290 -1.30042
536 4.65466
211 3.48384
594 5.62238
452 -4.22263
559 5.01202
641 6.15356
968 25.137
466 3.86346
518 1.61572
1011 75.9396
892 42.0746
317 -0.0624084
664 5.86945
848 31.0679
607 5.90063
760 10.6343
649 6.49402
217 -3.59305
537 4.78973
678 6.53815
551 4.82043
643 6.41779
96 -24.0182
757 10.5239
629 6.27423
582 5.20062
568 5.14484
458 1.62637
542 4.74469
568 5.0694
261 -3.57434
444 4.63727
260 -1.58063
587 5.58374
830 27.0953
619 6.01654
574 5.16931
458 3.5303
742 20.2589
572 5.18909
861 15.1504
634 6.07983
618 5.86804
634 6.08051
443 2.15091
328 -0.0832825
618 6.32843
1034 81.5127
570 5.11328
513 2.46808
332 2.22812
535 4.63196
676 9.20477
796 22.033
561 4.96118
896 21.1971
549 4.9621
668 6.86078
638 6.37634
608 5.94391
645 6.47943
951 56.8755
363 2.19391
789 21.8969
881 39.1772
577 5.23718
953 56.0643
628 6.16138
668 6.86053
606 6.00781
735 8.45111
941 52.5981
475 4.71216
838 11.5029
763 11.0397
997 69.359
253 -0.754929
595 5.59637
950 25.6378
46 -0.0165558
1011 75.9497
508 4.46277
567 5.15118
848 31.0681
472 5.01767
819 26.3198
759 16.9079
611 5.77557
1033 79.0078
557 5.4162
469 3.98886
692 10.2283
516 4.521
91 -24.2506
262 -1.79828
896 19.4743
641 7.32532
570 5.12421
657 6.14709
550 4.80188
578 5.12323
645 6.41101
548 4.7713
720 10.9301
228 4.474
561 4.9613
415 -11.3895
257 -0.900146
303 2.88849
768 11.1619
362 2.31479
761 18.0522
924 79.751
502 4.57407
496 4.30817
236 -1.00848
926 23.734
531 4.63593
584 5.54547
908 45.3927
864 30.4316
651 6.45593
677 9.61407
586 5.34302
729 8.82727
310 -0.675018
611 5.77509
570 5.11359
366 -4.54297
789 21.8989
954 31.4222
610 6.06628
668 6.85999
574 5.48669
582 5.29187
226 4.72992
583 5.2373
808 12.8929
588 5.60742
528 5.32147
610 6.06653
586 5.3432
406 -11.597
743 9.71808
724 9.14026
558 5.0011
396 3.27457
900 37.2609
994 40.836
908 45.3937
795 12.4749
1012 73.5696
1097 27.5996
623 8.46167
479 5.21985
558 5.0036
646 6.4054
956 57.9482
518 4.44116
255 0.124023
582 5.30621
475 4.70676
840 14.6085
358 2.57507
1120 45.4497
908 45.4044
228 4.42865
1024 4.86841
941 53.6143
587 5.58307
2 -2.67392
969 27.1196
596 5.70038
148 -11.4618
334 -0.583099
587 5.578
460 3.9303
951 56.8771
547 4.94458
748 10.2037
262 -2.12085
467 -1.70612
274 -2.69464
580 5.47705
448 2.05045
558 5.00214
610 6.03375
558 5.00043
552 4.80383
542 4.8078
120 -11.4546
570 5.11359
563 5.03003
652 6.53009
643 6.27899
587 5.38214
495 4.29147
766 11.0486
832 27.2322
548 4.7688
297 -0.471527
591 5.75378
1010 75.6926
379 -10.6926
606 5.84399
537 4.79095
294 4.49316
510 5.31384
538 4.76294
547 -1.71887
898 22.826
693 10.8472
567 5.16187
967 34.9464
1066 89.4268
1025 79.8292
524 4.67365
316 0.583008
586 5.28381
620 5.82196
553 4.79333
570 5.11407
994 42.2777
711 11.7405
310 -0.672699
499 5.38498
698 10.5998
625 5.9502
879 16.9952
447 -3.62491
326 0.881378
454 3.34158
598 5.86292
426 4.96362
1048 -22.9518
409 -4.85461
216 3.81709
685 10.1204
518 4.44104
451 3.34216
1121 -17.0232
904 38.156
552 4.73505
685 10.1202
566 5.12836
741 12.8164
585 5.33722
654 6.55341
565 5.09387
253 -1.21149
837 29.3453
718 10.5341
303 5.00793
454 3.33612
466 3.87009
607 5.92175
725 9.23981
914 48.1036
548 4.78143
568 5.00525
568 5.07361
530 4.48596
892 25.3238
619 6.00421
738 -11.6931
608 5.94293
279 -2.27859
679 9.60583
991 16.2626
497 5.31946
794 12.444
848 31.0683
537 4.79553
688 10.0466
941 53.2594
479 5.21994
279 -2.27829
966 29.5
819 26.3196
695 7.05084
112 -17.3919
600 5.78802
561 4.95587
776 19.6648
454 3.29605
499 4.49326
870 -13.0378
368 4.35724
230 3.40834
634 6.00934
475 4.70819
499 4.49338
758 14.3038
648 6.42957
946 54.509
718 10.5378
129 -12.1096
508 4.46286
294 -0.755005
334 -0.582764
525 4.68127
694 10.347
836 14.9323
994 41.0208
1015 76.8201
586 5.22601
561 4.96112
589 5.1319
431 1.77844
578 5.06824
1147 81.1492
467 -1.70712
531 4.63629
803 24.3055
524 4.65576
386 3.21255
230 4.93401
358 2.43695
591 5.40973
354 2.20532
594 5.48779
253 -0.754547
891 20.1643
819 26.3299
931 20.0104
656 6.33313
751 10.2555
529 4.67609
452 -4.22205
724 9.27264
664 5.86963
570 5.1131
69 0.582954
531 4.63623
293 3.48196
861 19.9265
960 25.4122
736 9.39069
537 4.59723
415 -11.3857
682 10.2682
537 4.79083
946 32.861
667 6.80933
695 10.5411
148 -11.4612
573 5.18658
480 4.49747
908 45.3908
952 55.662
537 4.79169
874 24.9752
637 6.22888
531 4.63635
701 8.79529
570 5.11292
539 4.57666
655 6.59814
708 8.13788
537 4.76599
595 5.61005
628 6.21448
177 -2.78476
715 7.7348
1230 -117.705
688 9.96991
335 0.873352
729 8.82562
908 45.3928
911 45.7299
1033 79.0255
475 4.12946
690 10.6786
508 4.46289
819 26.3585
687 10.0333
452 -4.22217
539 4.56934
693 10.8471
480 4.49747
660 6.50665
561 4.91205
496 5.36972
606 5.84387
1122 44.9091
939 48.9536
727 9.19507
46 -0.0173492
654 6.5238
381 4.8316
640 6.40662
700 8.4342
217 -3.59306
704 11.2714
590 5.37946
198 -3.8524
674 8.97516
1090 -46.4323
418 -12.7709
384 4.10638
561 4.89233
1097 27.7751
288 -1.78983
597 5.80798
899 37.202
776 19.9238
628 6.16425
570 5.11334
908 45.3915
789 21.8994
693 10.8442
819 26.3287
306 0.0628052
958 43.8772
685 10.1202
645 6.41614
656 8.0307
559 5.01233
463 4.20465
753 10.3833
71 -58.6954
226 3.53963
641 6.15338
819 26.3198
700 9.67816
823 26.6017
611 5.76471
570 5.11346
508 4.46289
535 4.58514
652 6.47369
780 20.1168
547 4.86615
196 -0.49968
283 -2.36597
558 5.00067
548 5.2843
69 0.582436
194 0.184601
473 -0.391998
479 5.21985
536 4.60327
239 0.106064
561 4.96228
737 9.30493
596 5.9118
544 4.81879
656 6.45862
656 6.31226
587 5.33099
344 2.53635
46 -2.80354
714 12.0151
281 -2.70837
881 39.1763
251 -2.2908
413 3.79065
736 9.39008
571 4.72656
1033 79.0167
992 13.4811
650 7.6933
947 54.4633
553 5.30109
547 4.80298
1145 46.6123
671 7.60895
951 56.8761
537 4.79132
389 -8.34583
551 4.77417
499 5.2998
618 5.98315
851 30.9737
819 26.3198
591 5.20056
717 11.3524
1231 -117.932
928 50.9025
566 5.07581
502 4.6011
552 4.83899
441 -5.27408
572 5.17529
288 -1.41464
1092 107.168
466 3.86526
1073 80.5197
638 6.55737
333 0.842133
861 34.1557
888 40.7099
423 -9.62302
496 5.39786
697 10.6619
462 5.3436
431 -7.53772
1121 -17.0288
639 6.41296
1042 -16.3783
625 5.98492
859 20.4003
542 4.69385
947 54.7988
274 -0.901001
354 -1.28275
510 4.50586
193 -3.04347
664 5.86981
378 -10.6479
297 -0.490479
1008 8.15491
708 9.62921
537 4.79187
314 4.49597
144 -11.9864
717 -15.7625
634 6.08057
971 44.4352
253 -0.735413
354 2.13895
578 5.1236
429 1.65726
1005 48.1317
1035 80.1982
1011 75.9383
582 5.3194
693 10.8471
582 5.30823
517 4.50415
731 12.9838
1183 35.4297
1006 24.9844
933 31.0174
881 39.1757
994 41.0416
753 13.6423
461 3.67554
540 4.72821
561 4.4491
606 5.84399
713 11.3559
668 6.86078
455 3.45227
537 4.79431
812 13.1152
228 4.66342
609 5.94873
93 0.775154
526 4.64325
11 -9.58118
239 4.18549
600 5.92902
644 6.37805
509 4.81104
956 37.7679
738 -11.7248
803 24.3054
658 6.46576
870 26.4658
522 4.62097
729 12.0616
639 6.25476
454 3.29782
631 6.5484
847 14.9432
112 -17.4476
686 6.35168
217 -3.59299
805 -27.8534
308 0.185242
379 4.78101
529 5.28259
466 3.86423
523 5.17297
994 41.0236
679 9.53156
537 4.79095
951 56.8777
446 -2.61917
877 34.1848
255 -1.93437
620 5.99048
561 4.96069
772 15.2607
548 4.78387
513 5.18372
508 4.46268
561 4.44861
292 -1.59079
995 40.6744
1007 47.438
713 11.3571
368 4.3577
558 4.99988
671 7.58173
1032 80.1432
985 33.7657
477 -0.153259
760 14.3965
881 39.176
362 2.31525
570 5.11389
208 -5.63681
621 5.98108
331 2.72491
973 43.1815
137 -13.1538
882 16.3584
696 10.5026
2 -2.66456
355 1.94791
460 3.60452
683 9.7818
598 5.86694
900 37.2783
461 3.66904
561 4.9953
695 10.4921
729 8.82721
477 4.25854
374 2.4512
773 15.2843
626 6.09332
577 5.20721
542 4.62396
1173 54.1495
728 11.5436
713 11.3564
1072 -3.42798
861 34.1562
461 3.66913
861 34.1558
245 -2.54019
333 1.66107
449 3.34894
948 55.7675
946 54.5065
534 4.96857
864 30.4349
968 44.2089
813 23.4388
334 -0.583466
522 3.45056
611 5.75201
570 5.11902
586 5.34222
735 9.30426
1036 82.8009
551 4.83099
904 38.1519
923 47.7958
676 8.77795
585 5.30322
736 9.39087
538 4.74774
561 4.96228
690 10.1844
534 4.67358
570 5.11346
928 50.8981
1025 0.12085
458 3.92767
917 47.405
255 -0.866714
642 6.40247
635 6.54205
523 4.44763
657 6.24463
234 4.72154
846 30.6947
686 9.94049
1193 53.5516
1008 -1.15546
527 4.68317
594 5.73114
513 2.46802
568 5.052
794 12.4438
951 56.876
666 6.72253
747 13.597
466 3.86426
933 31.019
453 2.42273
303 5.00818
659 6.37915
558 5.00073
857 18.3766
619 5.99292
1136 45.5298
566 4.99677
1121 -16.8777
611 5.7851
789 21.9035
812 13.1149
538 -0.771179
624 6.03973
530 4.6178
443 2.15341
316 0.58194
246 0.00430298
531 4.63641
284 -2.79291
280 -1.40707
666 6.70575
576 5.20459
1091 -57.5323
609 6.01813
1045 81.6775
637 6.41022
300 4.28937
294 4.43475
904 38.1627
323 0.755219
474 -0.244904
1034 79.057
713 11.3599
578 5.1145
880 38.0763
636 6.70105
270 -2.1181
908 45.3912
298 3.83685
582 5.30823
716 11.3252
362 2.31305
656 6.40582
819 26.3281
630 6.26385
896 19.4753
499 4.49496
950 55.4205
716 10.0776
786 -12.8951
832 27.7728
1093 92.431
848 31.0681
384 4.10571
968 29.2689
1083 101.981
980 25.3779
928 50.9036
544 -1.56409
741 12.8165
606 5.84393
481 4.44824
459 -3.75974
576 5.20764
586 5.34308
496 4.96231
848 30.8118
547 5.0094
951 56.8839
478 4.53784
716 9.77136
491 4.3689
683 9.73889
880 14.9146
837 12.4501
997 41.6285
496 4.96262
543 5.36414
570 5.11279
553 4.7326
709 11.6208
854 31.2509
928 50.9067
565 5.08862
618 6.22546
848 32.3973
1012 75.8939
354 2.20386
586 5.34332
1067 75.3387
466 3.86426
24 -36.2774
852 31.1212
896 24.9059
596 5.73236
817 26.186
885 21.7908
497 4.38007
626 6.14508
662 6.65448
870 26.2311
537 4.60828
725 9.58191
1151 52.325
942 53.7082
685 10.1202
708 11.1252
537 4.60809
971 44.4443
612 6.66046
592 5.42316
222 -1.91232
551 5.2757
1023 76.3613
713 10.8277
803 24.3052
623 5.93176
379 -10.6928
1030 80.7635
594 5.48346
615 6.01648
508 4.83203
971 44.3399
954 37.0763
538 -0.770874
362 0.110199
391 -6.84213
363 -4.79321
942 53.7492
615 6.08105
1000 70.6515
565 4.97052
737 -15.6016
728 11.8339
762 14.5849
813 23.7668
612 6.77637
861 15.7786
548 4.8576
1193 53.507
596 5.62463
444 -4.64182
570 5.11469
522 3.45013
693 10.8472
928 50.9268
600 5.88489
963 57.73
1164 5.85779
634 6.00928
707 11.4819
867 33.4166
2 -2.67228
167 -10.1332
596 5.7179
645 6.4834
635 6.61865
769 -12.2798
237 0.165192
870 26.4697
604 5.57849
316 0.486298
562 4.87701
357 2.84561
904 38.1574
874 1.02704
848 31.0677
904 38.1627
1120 -13.3948
560 4.91638
427 1.7981
587 5.66992
914 48.389
617 -5.94415
516 4.51843
559 5.01215
1033 78.9871
437 -6.60938
1012 69.8167
706 11.2946
548 4.90759
1033 79.0267
545 4.77991
837 12.386
856 31.402
508 4.46271
265 -1.61011
582 4.9162
381 4.68637
881 39.1779
648 6.46252
999 2.62518
896 19.4772
524 4.68658
1049 82.5729
1030 80.9309
861 20.388
900 37.2796
813 23.7513
1048 -22.9415
416 4.4361
594 5.21973
1093 81.1685
209 -2.74144
898 22.8285
629 6.27301
647 2.03278
675 8.87097
926 23.5465
624 6.065
655 6.59851
567 5.10968
602 5.797
674 6.69305
693 6.64758
582 5.3078
407 -13.3988
667 6.81244
559 5.01233
578 5.11719
1184 -11.8766
231 3.96265
930 30.048
992 13.3718
928 47.1654
1096 7.91382
662 6.65961
597 5.72375
951 56.8747
685 10.1198
1142 94.0103
931 20.0104
994 41.0613
452 -4.22244
719 9.388
637 6.45813
632 6.32581
677 9.46497
1006 24.9861
635 6.34467
625 6.1366
751 9.96838
557 4.98169
638 6.10974
156 -11.2285
881 39.1636
544 4.67535
588 5.69519
559 4.92456
971 44.4505
220 3.93846
904 38.1562
582 4.91718
776 19.6651
743 9.52753
888 40.7099
658 6.56744
1146 93.286
713 11.3554
313 -0.0831299
278 -2.8627
559 4.89032
225 4.18088
1194 42.399
708 8.7627
450 -2.5481
946 26.0792
984 31.8344
649 6.49011
922 91.7787
509 5.30801
587 5.58362
704 10.8196
321 0.755463
440 5.66595
558 5.11615
833 -1.01654
876 20.3369
621 5.94971
620 5.97974
635 6.78467
561 4.99567
459 3.62115
46 -0.0217857
667 6.7016
386 4.67798
927 -17.2642
148 -11.4618
1122 44.9091
554 4.8493
304 -2.68671
354 3.53256
704 10.5767
910 38.2193
971 44.4398
617 6.42969
412 3.97726
985 26.7474
717 -15.7586
679 6.29602
1068 87.1152
992 13.0828
666 6.74231
624 6.01239
407 3.84247
936 28.3661
487 5.26263
151 -11.3348
1099 106.875
260 -2.42419
552 4.79437
657 6.11438
929 51.1443
1049 82.5719
279 -2.27832
607 5.90509
541 4.65729
1121 -8.92786
596 5.72894
719 9.10809
1083 101.981
819 26.3199
368 2.37674
293 3.48181
423 -9.61151
454 3.27313
982 49.0837
541 4.59094
876 20.3365
640 7.11987
925 39.5063
864 30.4338
952 25.6028
460 3.69641
531 4.63684
585 5.34412
663 6.80438
1012 75.8855
540 4.5769
662 6.65607
590 5.13861
538 4.69464
1018 76.9744
527 5.27588
928 50.909
921 22.756
590 5.69055
980 25.6691
994 41.0582
1034 81.8834
429 5.18234
515 4.89514
676 9.77155
888 40.7099
1121 -17.1881
1043 83.9673
380 2.82538
466 3.86478
836 12.4307
972 45.1206
437 -6.61038
904 38.1513
1033 79.0061
994 42.2796
577 5.35864
994 42.2731
836 17.7538
390 3.46127
365 2.10818
904 44.6277
476 4.32428
848 31.0682
876 20.3317
458 3.92258
967 29.5026
473 4.42188
534 5.3382
1004 36.0785
1033 78.9352
1099 106.828
280 -1.4747
1012 75.8609
286 -1.57169
634 6.00922
661 6.5791
837 12.3857
459 3.5665
884 20.3875
634 6.00836
927 -17.2357
1121 -16.8232
896 21.2438
175 2.69456
915 38.7346
610 6.03381
1093 81.1608
537 4.78448
521 4.60242
537 4.59369
982 26.5183
609 5.96698
645 6.42035
876 20.3359
819 26.3297
617 5.93634
716 12.0377
292 -0.93045
1094 105.096
668 6.86224
1111 94.45
789 21.9037
713 11.3566
991 39.7022
2 -2.66708
642 6.2417
1096 8.06836
968 25.1342
904 38.1494
608 5.94403
286 -2.17572
331 -1.08054
985 34.0372
1083 101.982
984 17.8445
331 1.94543
530 4.68774
621 5.93524
310 -0.67215
695 10.4766
578 5.12341
554 4.88049
803 24.3057
837 12.4499
1012 73.5701
913 38.621
934 52.2642
624 6.01514
120 -11.4551
658 6.53772
148 -11.4622
1065 77.2955
1083 101.982
951 56.8696
939 52.8506
275 -3.45682
211 3.48459
994 41.0507
570 5.11389
589 5.35889
618 6.22559
976 44.2758
152 -13.5926
1033 78.9031
1014 70.9122
974 40.7363
1121 -17.2439
918 38.9437
607 5.90784
1012 75.8981
944 36.6478
761 18.0524
1012 71.0616
658 6.60956
559 5.01233
332 2.22775
528 4.69946
544 -1.56384
225 -3.325
537 4.8009
604 5.57251
243 -0.955093
461 4.3421
180 -3.76984
508 4.46277
1063 88.4185
660 12.4683
247 0.238556
713 11.356
247 0.242569
890 36.3567
908 45.3932
966 29.4105
1067 75.3384
674 6.46509
638 6.1095
656 7.96173
1099 106.824
674 8.50702
1063 76.3025
928 50.9202
678 9.47272
836 17.7964
962 27.5757
776 19.4119
947 54.3195
1043 81.2534
735 9.30426
555 4.85883
611 6.64404
204 3.7751
604 5.57233
496 5.30783
443 1.85455
635 6.94739
747 13.5614
896 21.2061
542 4.64264
572 5.08325
1145 46.6125
679 9.53168
570 5.11304
680 13.2166
317 2.67038
423 -9.62692
1161 101.009
485 2.9227
738 9.12897
1121 -17.2239
857 21.1229
629 6.66016
643 6.41797
973 25.7103
731 9.24451
1005 32.4098
665 8.21075
460 3.62027
849 15.2367
575 5.18256
507 5.04993
1011 46.004
497 5.29053
1134 3.50256
552 4.80786
716 10.0848
922 47.1609
466 3.86465
540 4.59686
1220 32.0763
961 26.5126
893 42.0139
936 28.3657
991 39.6895
895 42.113
718 10.5336
848 31.0681
962 41.6979
623 6.16138
967 34.944
553 -2.22736
634 6.08087
551 4.81689
580 5.44141
537 5.34863
1027 80.3027
955 23.8816
261 -2.58649
337 0.0067749
947 54.4645
575 5.27466
693 10.844
690 10.6799
947 54.4643
294 -0.884918
942 27.9307
175 2.69125
548 4.78314
761 10.9834
633 6.3894
226 -3.36589
900 37.2788
697 10.5475
561 4.4502
969 29.7861
951 56.8757
624 6.01508
356 -0.749023
303 5.00778
982 29.5745
623 5.91479
452 -4.22318
934 47.9603
1023 3.06543
926 23.7938
881 39.1696
968 25.1332
1032 79.7272
914 38.6124
895 42.4946
475 4.71167
458 3.64984
1120 -13.4026
1207 10.2875
228 4.18529
908 45.3785
1098 12.1107
940 26.0259
553 -2.22522
876 20.3329
219 4.01772
311 4.55716
879 15.0392
662 6.60608
1146 93.28
669 6.44989
934 52.0578
658 6.56354
1012 38.8916
1121 -17.0304
106 -10.8116
303 5.008
452 -4.22171
23 -2.85973
492 5.33829
472 4.34122
527 4.53687
303 5.00793
932 23.7742
690 10.6797
972 44.6526
926 23.7297
1121 -17.1873
597 5.8421
1014 76.4819
537 4.79059
842 29.1571
526 4.41101
951 60.7473
587 5.58228
1049 82.3088
582 4.91211
932 47.522
995 68.5509
1067 75.3384
411 4.48111
600 5.87787
944 54.356
640 7.47314
484 4.41089
940 26.028
452 -4.22211
152 -13.5934
848 31.0682
676 5.8775
967 29.3239
858 31.6671
397 -7.88943
992 13.0477
870 -13.0681
965 40.7025
881 39.1755
984 24.9465
484 5.33762
547 -1.79047
690 9.74756
347 3.52957
951 56.8706
553 -2.22552
847 30.8384
676 9.77148
441 5.74799
520 4.63562
282 -1.13928
933 31.0099
986 23.5807
851 16.7739
729 8.82709
967 40.8354
255 0.12381
429 1.66739
582 5.3114
466 3.86411
881 17.0311
493 4.45486
531 4.63647
390 3.4841
384 4.10675
300 3.96835
645 6.33228
970 61.2017
706 10.3143
1083 101.982
585 5.33716
888 40.7098
581 5.28265
177 -2.78476
967 29.4906
693 10.3732
994 41.0363
427 1.78653
876 20.3405
137 -13.1533
713 11.3387
914 -17.4749
997 69.7247
914 38.5855
618 6.22656
961 26.509
914 38.6799
636 6.59344
944 53.9775
968 37.5517
731 12.9838
540 4.75739
255 0.123627
214 3.16946
1096 8.0697
485 4.43762
817 14.4559
459 3.66455
286 -1.37482
354 2.2049
656 6.54871
742 20.2606
558 5.00061
643 6.27881
876 20.3361
928 50.9005
904 38.1519
618 5.97577
847 12.1964
247 -1.51146
643 6.41724
858 16.0035
738 9.59949
543 4.78278
449 3.32535
997 20.3762
295 -12.2986
582 4.91553
931 47.4079
975 35.0974
518 4.4411
817 14.4532
848 14.5105
1054 -25.1084
586 5.34271
516 -6.18939
940 26.0281
701 10.6558
805 -27.8487
1006 25.0291
817 14.4289
928 50.5657
855 18.739
879 15.0383
949 42.674
463 3.69534
100 -6.3673
994 40.9792
526 4.6579
628 6.18878
509 5.35495
331 -1.08224
636 6.72125
890 41.5796
441 2.70093
951 33.9348
888 40.71
879 15.0386
88 -24.0384
40 0.0120811
112 -17.3918
426 4.96301
810 20.9241
819 26.3196
928 50.9542
176 -10.3216
921 39.0852
735 9.30402
40 -26.1321
1097 27.6478
514 4.75787
630 6.8252
875 22.5791
991 37.5159
1035 70.4471
926 23.731
1012 75.8718
319 0.782806
484 4.43326
991 39.8804
516 4.51843
830 27.2144
969 61.7808
936 28.3749
508 4.4628
537 4.79047
801 12.7073
487 4.42435
926 23.7332
730 11.4816
647 2.00452
837 12.3861
466 3.86496
475 4.70953
1007 20.6721
384 4.10971
843 13.8795
1012 75.8966
549 4.59363
1024 4.98572
574 5.47937
1099 106.823
568 5.31274
1015 67.3546
700 10.5723
544 -1.56396
1010 30.8035
622 6.13916
1043 81.5767
809 13.027
589 5.19556
230 4.27985
1124 -10.9615
992 13.1032
716 12.0079
836 17.7905
1012 29.3676
558 4.9314
510 4.80481
426 4.96454
379 -10.6934
776 19.6648
536 4.63977
863 15.1359
708 8.13757
479 5.21991
677 9.78796
362 2.31494
1172 38.1835
112 -17.3919
582 5.29907
611 5.77582
678 9.49146
281 -1.02551
686 9.93152
615 6.16016
968 38.4076
921 22.772
1176 53.5288
952 25.6728
267 -3.72519
919 48.9641
540 4.62323
1120 -14.2167
717 -15.7403
869 26.926
84 -6.54366
848 31.0681
603 5.78101
632 6.7699
735 9.3042
980 41.2079
904 38.1415
617 -5.94135
148 -11.6386
893 36.7769
679 9.43628
541 4.64453
1231 -118.077
544 4.67523
1105 -18.6221
453 1.80182
281 -1.01086
604 5.96027
951 36.5577
724 8.97546
883 20.2185
571 5.08881
1142 119.509
819 26.3403
1198 48.0529
953 37.8204
762 5.88007
262 -2.36731
1028 80.1409
508 4.46335
612 7.07806
904 38.1514
1011 75.9507
247 0.243027
518 4.41467
896 24.9144
462 3.67206
622 6.09894
558 5.0022
900 37.2632
664 5.86975
485 4.20239
299 -0.766205
720 12.3705
793 23.5046
564 4.91638
796 25.1403
401 2.69943
559 5.01245
261 -3.57446
676 9.77173
685 10.1203
876 17.3563
888 40.7098
252 0.301147
443 2.93784
1143 4.92615
555 5.35291
678 9.37646
460 -2.71411
1033 78.9341
837 12.3873
933 31.0077
239 -3.69733
323 -2.97147
637 6.20386
902 43.9548
681 9.67822
920 46.4279
1135 5.66833
941 53.2253
226 3.53976
933 31.0143
374 -21.0418
120 -11.4465
276 4.65231
697 10.5071
628 6.2652
2 -2.66895
242 -0.852509
1174 57.8647
993 15.1209
953 36.7616
227 3.40707
947 69.2454
485 4.46631
294 4.43469
1163 -15.0905
730 -11.2153
643 6.27856
405 4.70062
1144 118.235
508 4.46347
691 10.236
1035 31.2202
255 -2.52995
615 6.16016
771 18.9324
496 4.96265
942 54.631
738 9.39789
540 4.59637
879 15.0181
714 -7.50012
1141 124.05
354 2.20441
681 9.66949
759 16.9595
331 1.94507
618 6.22552
803 24.3055
553 -2.22723
523 -2.57367
582 4.91107
861 15.7792
15 -2.60526
650 7.65961
475 4.04611
1012 75.9697
1080 80.3416
633 6.92615
596 5.70825
531 4.63611
582 4.91272
879 15.0437
317 -12.7886
194 0.184494
932 23.1887
557 4.72833
248 -0.282196
1174 53.218
561 4.82367
341 1.40585
968 37.5454
976 62.212
1212 -82.9341
893 36.502
103 -8.18008
837 28.0767
678 9.54999
654 6.37781
429 5.18237
927 22.3338
762 5.85565
491 5.3746
713 11.3567
539 3.74542
278 -1.55194
624 6.05664
1093 81.1606
679 6.29559
789 21.8989
261 -3.75879
632 6.60706
735 9.30426
949 51.8366
693 10.8478
1177 53.3778
655 6.59131
211 3.66069
859 20.6545
679 9.53339
316 0.877686
702 -2.58002
943 50.284
926 22.4139
836 16.5262
312 0.340271
882 25.3251
634 6.07996
819 26.3469
4 -26.6099
1180 13.0201
980 41.3805
751 10.0253
1170 29.1511
257 -2.28526
315 0.64447
561 4.96198
518 4.44073
289 -1.79669
914 38.5973
257 -0.887146
406 -11.6324
87 -57.0571
998 49.7595
575 5.22034
894 41.8395
508 4.46289
287 4.40802
131 -20.9991
211 3.47127
747 13.5974
975 24.2856
445 3.60538
614 7.22998
864 19.5485
875 16.1616
1054 -25.1091
952 36.1715
720 12.3265
940 26.0269
345 0.35965
751 10.025
904 38.1566
951 56.877
479 5.22086
628 6.24292
761 18.0524
4 -26.64
677 9.73669
527 4.73822
789 21.8964
787 21.2856
341 1.40619
215 3.72917
654 6.45111
553 -2.22571
735 9.30414
817 14.4035
648 6.50012
1180 22.5507
832 -6.5434
878 16.4114
322 -0.377808
764 10.5482
1169 -0.776611
933 31.0129
1015 77.5391
426 4.96307
559 4.98981
664 5.86987
641 6.23657
711 10.5025
955 32.7819
668 6.86023
888 40.7098
986 35.0801
674 8.27667
24 -35.4315
1032 81.0878
928 50.9178
319 0.716766
964 58.3533
628 6.26544
904 38.1627
676 9.20282
1049 82.573
908 45.3932
863 15.1365
500 2.18369
1033 79.0007
928 50.9078
813 23.7526
629 6.66138
702 10.6497
466 3.86429
424 -3.01108
1054 -25.1141
776 11.0959
886 25.1184
992 13.4073
634 6.94061
888 40.7098
1032 80.047
926 23.7682
1123 -10.8994
608 5.93994
704 10.8082
629 6.26648
971 61.5904
1141 124.318
516 4.20325
59 -26.8525
1025 30.9308
518 4.44092
379 2.75412
1021 76.5216
702 10.8449
724 9.36096
933 31.012
703 10.773
727 12.3528
827 15.2477
574 5.20355
216 4.00372
359 -0.791656
888 40.71
702 10.9821
995 41.056
512 5.20435
310 0.413239
171 -12.6837
776 19.6655
876 16.2557
974 42.2944
632 6.90454
967 29.6015
169 -2.91447
731 9.23267
89 -24.2772
741 12.8166
1142 89.2102
739 -11.7841
806 -13.3359
759 16.9814
834 38.2225
1073 80.5203
639 6.40192
396 3.27277
1097 27.6097
538 -0.773254
542 4.71667
479 5.22101
373 -20.7534
1000 73.6096
1106 -18.7015
516 4.21942
215 0.529144
539 4.56604
888 40.7098
464 3.75146
730 -11.208
951 56.876
1054 -25.1123
548 -1.70886
570 5.11023
485 2.92642
1099 106.831
220 3.91811
1008 -12.7595
226 3.53972
461 3.66467
467 -1.70569
423 4.84506
485 4.20218
877 16.6954
655 6.59906
663 6.80829
933 31.0051
904 38.1627
310 0.457397
648 -12.3312
928 50.9203
1223 32.2925
553 -2.22522
461 3.67407
540 4.62347
311 -11.2578
1006 25.0029
668 9.44659
520 4.4231
878 34.1672
951 56.8752
531 4.63641
895 42.0433
275 -1.91019
968 37.5508
874 17.1552
1073 80.6614
480 4.34433
531 4.62433
781 20.3251
508 4.46375
648 6.49805
601 5.83643
933 31.0118
896 21.2607
1181 -90.3729
1022 78.5332
827 12.9999
1032 81.4746
1006 28.9856
718 18.8037
208 -5.63623
528 4.69238
914 48.412
1119 44.5188
1207 8.7417
1083 101.982
861 15.7794
661 8.21893
1009 75.0952
439 2.16534
1006 24.9894
333 0.091095
980 28.2134
854 32.0387
1175 -20.8818
1120 40.7086
1049 29.8895
568 5.03381
430 1.86081
937 28.3384
509 5.36356
1025 80.3027
1208 49.6593
545 16.4318
699 10.5577
462 4.28381
957 57.2277
490 5.33423
1024 76.4918
311 0.580383
1136 45.5295
385 4.08676
24 -35.4829
532 4.54681
789 24.326
848 31.0682
461 4.19217
618 5.98328
1181 -90.3959
972 44.6544
954 36.6682
759 16.962
529 4.64612
430 1.83621
1193 53.5642
972 44.6456
991 40.108
990 26.948
378 -10.6476
1054 -25.1141
1051 84.6294
1138 46.1914
899 42.9195
860 31.9113
873 15.52
531 4.63623
947 54.4621
904 44.303
904 45.2287
713 11.356
580 5.20905
641 6.23688
785 20.2584
667 9.40277
834 38.0653
485 4.46719
808 19.2105
960 25.4122
658 6.60876
926 23.731
796 22.0333
1226 27.0181
664 5.86938
675 9.26624
247 -1.50801
623 5.99915
1176 28.1354
304 3.92389
1124 45.1768
1034 79.0686
864 30.4333
350 0.200562
936 28.3666
1135 5.85559
837 29.3447
951 56.8755
692 10.3085
593 5.7204
700 10.6347
71 1.03918
508 4.46289
946 75.8021
904 38.1625
317 1.51312
260 -2.53787
531 4.63617
926 23.7314
725 9.25555
789 21.7285
908 45.2033
633 6.69678
812 13.1152
6 -4.16122
849 15.3616
1011 75.9673
409 -4.85486
360 2.32434
112 -17.396
398 4.78748
505 4.88553
557 -15.6691
212 -3.51373
655 6.58685
414 4.00934
83 -6.53338
515 4.79883
944 54.0399
985 28.0646
891 36.1648
624 6.1803
1025 1.1405
588 5.68231
879 15.0403
915 38.7567
789 21.9018
617 6.43744
901 43.3668
616 7.20819
591 5.47083
583 5.26947
735 9.30426
886 19.0015
873 16.4507
117 -9.82191
1097 27.772
303 -0.539459
467 -1.70618
454 3.26956
729 8.82721
297 -3.01016
827 13.0013
248 -1.56461
866 33.5828
730 11.4784
792 21.8853
850 33.1441
1051 86.2236
1023 72.4291
515 4.73584
582 5.30933
796 22.033
661 8.21155
929 51.1472
1121 -17.0187
928 50.9199
487 5.14334
612 6.00543
888 23.4896
968 25.1335
637 6.97028
861 19.7029
655 6.59918
940 53.5231
789 21.9039
1083 101.981
702 11.0229
977 25.65
606 5.83679
781 19.6158
1083 101.982
1050 84.6104
946 54.5083
738 -11.7177
1120 -13.4028
515 4.51331
796 22.033
870 26.4622
561 4.44922
836 17.7974
653 6.2182
1019 73.4788
264 -3.16589
1121 -17.2107
1017 77.3644
1146 93.5201
1230 -85.0057
713 11.3541
630 6.5567
124 -15.5524
815 13.2186
1012 29.3676
508 4.55182
637 6.31781
879 15.0355
601 6.04529
716 10.7405
1005 28.7585
936 28.3681
388 4.53006
592 5.41022
281 -1.01434
820 26.4034
367 1.38879
1054 -24.969
537 4.79449
339 -7.36142
971 44.4427
295 -12.3007
984 31.8376
304 -0.303223
71 1.03693
261 -3.57437
639 6.22485
1124 -7.93359
899 42.9309
634 6.0799
785 20.6411
729 8.82593
397 -5.64124
669 8.49524
971 44.4404
1056 75.2817
655 6.55359
461 -2.55496
219 -2.63332
339 -7.3692
331 -1.08047
1146 93.2787
332 0.0274353
900 37.2589
861 34.1419
1102 -7.73059
1012 75.8945
657 8.06464
576 5.23633
689 10.1554
837 29.3411
994 42.2751
824 16.0573
676 8.86884
714 -7.47369
866 15.1902
927 47.364
899 42.8566
812 13.1149
963 38.434
851 15.1041
1231 -118.046
974 40.9426
104 -10.88
1146 93.3997
537 4.61334
1023 1.6239
1230 -85.0513
633 6.60669
324 -7.72308
175 2.68559
1047 30.0497
919 48.9269
837 12.3889
848 31.0681
1141 121.416
278 -2.88535
476 4.06372
971 44.4347
467 3.87207
561 4.96222
527 5.0083
926 23.7328
882 24.3113
972 45.1001
253 -0.735733
959 38.1904
1012 29.3683
971 40.22
992 13.0557
1121 -17.0232
1143 5.29688
1030 80.7083
1049 82.5732
946 54.5071
1231 -117.974
851 30.8141
686 9.97357
303 5.00806
921 22.8544
838 -12.8807
938 51.886
509 4.79358
516 4.6366
960 25.4118
303 4.18854
323 0.999054
904 38.1578
274 -0.901062
797 12.5654
1147 78.4242
1145 93.5835
534 4.67975
239 -3.6973
656 8.02435
457 5.50226
221 -3.30525
624 6.02234
895 24.5545
676 9.2464
468 3.82718
1015 66.1807
718 10.5338
365 -5.46799
348 -6.10953
834 28.4402
334 -0.583313
960 28.352
933 31.0049
824 26.8175
906 25.0461
739 7.87616
994 42.2673
978 42.1093
699 -4.86456
549 4.39117
447 3.35632
1146 31.1061
119 -21.2515
954 33.5226
326 0.669617
997 42.473
730 11.224
944 54.0941
595 5.63068
82 -24.2937
929 48.5039
1008 -12.7877
362 2.31531
772 11.0338
198 -3.85248
842 32.0544
704 10.8517
655 6.58984
1193 53.6041
926 22.4088
299 -14.045
261 -3.57431
918 48.7667
866 20.1724
932 47.718
1018 78.3243
971 42.5383
985 33.3071
622 6.47272
466 3.86371
274 -0.901215
211 3.66156
880 28.3381
693 10.3616
486 4.40085
879 15.0383
776 19.6652
331 -1.08029
1220 -113.413
1121 -17.017
485 4.18588
776 19.6635
362 2.25522
1141 123.979
685 9.9035
420 -4.03467
372 2.77484
965 40.8038
826 28.0273
137 -13.1607
485 4.20578
274 -0.901093
659 12.4713
578 5.06592
677 7.7937
983 19.2695
921 49.2444
1012 75.8967
790 22.545
857 20.3287
307 -0.749695
595 5.6073
847 14.953
564 4.91919
465 -2.63205
1016 70.7545
597 4.79932
282 -1.13898
75 1.14189
718 10.5343
485 2.38785
478 5.00781
557 4.97662
817 -11.8405
6 -50.5438
796 25.298
713 10.5848
493 5.36172
257 -1.95357
121 -12.2392
926 23.7408
211 3.6539
131 -21.0999
485 4.46579
1129 88.464
421 -3.54532
374 -21.0283
643 6.41638
299 -14.0621
902 44.0686
761 14.4989
607 5.91772
676 6.98981
457 -2.37103
664 -1.23993
42 0.0108986
945 71.8071
955 23.8817
211 3.66454
824 26.5815
966 29.4148
1049 29.8911
544 4.83643
175 2.68704
164 -4.32153
664 5.86926
693 10.8466
15 -2.56995
221 3.63898
891 41.7589
554 5.42078
1017 77.3051
848 31.0683
1033 78.9858
1169 -8.57788
838 -12.8864
479 5.21985
395 3.98727
311 0.559296
4 -26.597
987 26.7057
421 4.82257
929 51.1486
516 4.21991
349 4.2579
1098 9.9436
315 2.28842
112 -17.4476
851 30.9003
222 5.06096
221 -3.39352
677 9.78802
961 26.4474
700 11.1687
921 25.0574
1099 106.967
1028 80.813
928 50.9058
658 6.49475
950 25.7008
915 47.1249
675 9.27161
1049 29.8879
553 -2.22791
905 44.9894
1146 93.3362
939 48.8297
822 13.0358
294 -0.829163
516 4.21906
986 40.0459
926 48.603
253 -0.735382
837 12.4238
912 46.2086
1180 -6.14673
1096 8.06458
928 50.9091
901 43.6326
1146 93.2844
1019 79.2129
961 26.5066
311 0.37796
710 11.6296
630 6.30231
881 39.1765
649 6.27191
508 5.20148
643 6.41638
1099 106.831
855 16.6367
679 6.29602
455 -2.55234
812 13.1152
666 6.71985
618 6.22638
487 5.03552
680 9.47009
919 47.2748
940 26.0336
1011 75.9437
716 10.0757
688 7.77875
329 -0.291718
340 -7.23148
284 -2.79211
988 42.4363
465 -2.47281
311 -11.2571
908 38.1644
454 4.71442
848 31.0685
557 5.42249
217 -2.66139
245 1.37006
370 -5.18591
1011 75.9496
1136 43.4672
884 25.7659
5 -27.6796
831 27.2019
947 54.4638
385 4.09589
735 9.30408
1083 101.981
1174 57.329
936 28.3665
1113 115.342
724 11.629
1117 45.7019
922 48.218
956 58.3976
570 5.07227
496 4.96231
985 24.1882
168 -8.40012
1230 -84.8252
1141 46.4167
716 9.57928
665 6.26886
884 24.0828
908 45.2032
951 56.8774
278 -2.88544
468 4.90591
1067 89.5312
817 14.4603
942 58.0881
512 4.52686
533 -0.30249
846 14.1663
925 48.6273
584 5.26239
1046 30.0278
806 -13.3375
432 -3.95703
635 5.99359
334 -1.02835
879 15.0447
685 10.1306
169 -3.35738
137 -13.1628
934 52.0897
313 0.49881
508 4.46338
993 27.8088
561 4.44806
825 27.2482
940 26.0263
926 23.7311
441 5.74899
979 32.0692
926 22.4148
690 10.679
1038 80.6826
305 -0.563354
255 0.159317
93 0.774979
1044 83.459
1049 30.507
1051 33.8531
309 -0.270447
303 5.00787
1208 51.1858
608 5.93982
252 0.300461
627 8.06653
508 5.26392
638 8.49414
881 16.7433
352 2.42911
1212 45.3444
253 -0.735794
872 14.8448
687 9.97882
968 37.5522
317 -0.704712
971 44.4007
575 5.1402
215 0.527161
992 28.2888
686 7.47583
1073 80.5295
454 4.71448
676 9.23663
813 13.2686
937 25.3954
116 -21.3755
522 4.70172
384 2.27744
675 9.43896
983 17.8805
998 28.3276
697 10.5221
453 1.79532
1175 57.2999
612 6.66077
378 -10.6476
921 48.2194
616 6.15234
1051 33.8551
876 16.314
562 5.03552
353 2.6521
689 7.84332
1220 -72.1652
1024 -9.51215
687 8.0719
680 7.03192
819 25.5889
1045 29.8555
582 5.25568
1099 106.82
972 44.6537
610 6.03381
984 27.4449
925 23.6985
935 51.1593
292 -1.37195
516 4.71631
605 6.00452
512 4.7146
271 -3.35675
205 3.76088
1096 7.91089
968 37.5472
537 4.79205
287 -1.17505
949 36.8155
114 -21.4061
211 3.47096
1035 30.29
677 9.78778
509 5.26663
920 48.3323
968 25.1382
273 -2.96359
711 11.2178
1197 -90.9884
532 4.55518
623 6.34125
666 6.71912
179 -3.76736
5 -27.0176
906 45.4358
933 31.0022
554 4.89459
973 62.2482
244 -0.733841
991 39.7015
441 -2.58679
46 -2.80351
550 4.90381
928 50.9205
509 5.30811
926 23.7916
968 37.5476
475 5.38419
554 4.80365
607 5.91772
967 29.9994
787 21.4316
702 -2.53143
579 5.53455
1174 53.7113
303 5.00784
641 6.87421
864 14.9803
409 -4.85471
724 9.43311
387 3.20306
316 0.586975
888 40.7098
374 3.00439
343 4.50024
601 5.83636
853 24.0341
259 -3.73788
968 37.5479
261 -3.57452
460 5.55991
949 32.6826
677 9.78802
1230 -85.032
919 39.0075
1176 53.3715
520 4.62738
362 2.30923
914 -17.5306
676 8.86975
458 5.55298
974 62.2556
1083 101.982
1180 -6.15503
837 12.3864
983 25.8141
838 -12.8865
296 -1.07645
1121 -17.019
910 48.2912
947 54.3221
578 5.12354
287 4.40814
473 4.02115
914 -17.5013
622 6.10596
655 6.57715
960 37.9964
637 6.82959
901 43.5014
747 13.5652
261 -3.57489
856 22.1929
735 9.33496
311 0.556946
826 27.3078
576 5.4599
193 3.1911
293 3.48068
655 6.59741
653 6.56232
772 11.0338
1116 -18.8638
163 -3.95091
676 6.98895
334 0.330627
311 -0.0273132
400 3.86481
830 27.0269
640 7.47314
936 28.3674
274 -0.901154
1126 92.0796
1051 33.8521
414 3.86514
898 22.8254
277 -15.4422
692 -3.47144
1053 84.6757
627 8.02795
769 -12.322
1006 24.9926
1035 70.4532
655 6.58527
664 6.30988
516 4.21906
940 26.0256
680 9.46997
237 4.36972
1099 106.902
476 4.13693
1099 106.863
690 10.6798
553 -2.22687
148 -11.4612
535 4.69482
1033 79.0233
628 6.26404
727 10.2729
988 0.145447
675 9.44147
826 27.9619
420 1.45123
351 2.64099
278 -2.88544
864 14.9772
1028 80.6652
627 6.20294
595 5.63855
863 33.6904
813 33.0157
480 4.30936
896 19.9561
1096 91.5283
710 11.6282
971 44.3446
657 6.19647
986 35.4893
940 26.0261
960 25.4118
466 3.86401
1230 -117.967
675 9.26617
879 15.0391
979 27.688
919 47.253
987 6.85571
920 49.2422
1054 84.6461
568 4.96033
309 -0.696899
681 5.48883
385 4.20889
121 -21.1728
1185 -26.8997
1061 84.9551
1047 30.0835
315 2.74524
953 30.7476
226 -1.17706
864 30.4407
951 56.8751
1008 -12.7793
1174 53.031
147 -11.5132
1035 79.3837
910 38.1737
808 20.0668
836 17.7977
281 -1.02515
824 26.9246
725 11.4397
639 6.38031
619 5.82953
11 -9.5815
271 -2.06097
965 54.8661
1022 76.0745
843 29.7215
982 39.4045
1034 30.2571
309 -0.694122
338 1.55075
97 -5.37025
996 27.9462
528 0.412476
864 20.2286
45 -0.49358
317 0.497772
940 26.0269
908 45.2036
418 -12.7711
401 3.88733
1170 16.9985
921 23.0314
926 48.905
698 7.42041
725 11.5777
718 12.232
364 1.90741
894 21.2911
910 25.4874
644 6.41473
1029 80.5919
656 6.10938
485 2.39258
1097 27.7443
292 -0.745453
333 0.230957
1169 6.479
1143 46.3079
693 6.64758
1146 93.3362
622 6.12256
1004 29.1319
787 21.6365
889 19.117
953 37.9027
928 50.9203
854 14.4134
557 4.93549
1052 85.0884
785 20.1742
269 -2.17059
772 11.0339
441 2.30646
406 -11.6305
713 11.3595
879 15.0392
470 3.89536
851 16.4972
817 18.4608
1049 82.5701
1045 30.4905
1147 78.4972
921 23.0381
496 4.96252
968 37.5466
637 6.32654
940 26.0242
1188 -31.5521
335 0.873291
644 6.37579
914 48.4178
304 2.21579
538 5.32446
624 6.08087
1213 36.24
1240 -112.227
587 5.57776
936 28.3699
244 -0.664215
917 38.8104
832 27.3469
1194 48.1974
1161 2.15503
796 22.033
393 -3.11804
351 0.536469
440 5.58228
292 -1.37128
757 10.5367
850 14.9195
1120 -50.3534
899 42.9752
806 -13.3348
511 4.66382
625 6.35455
385 4.67209
479 -0.939148
862 34.9145
1230 -118.179
1147 78.335
668 7.61011
452 3.61014
485 0.297211
131 -21.1003
1029 79.4883
1161 2.21753
710 -10.8644
682 9.67926
1012 73.5697
582 4.91235
6 -50.5664
509 5.267
1067 75.3384
927 48.8948
302 -0.905945
912 25.3999
466 3.86304
960 26.148
328 0.557648
758 -10.2061
340 -7.2327
441 3.72839
415 -11.3836
566 4.65259
394 -6.17889
1005 29.1844
957 64.1691
485 2.92438
861 15.7795
848 31.0681
796 22.0328
1002 28.5745
1140 5.70349
1055 85.0674
443 5.66595
838 28.5421
991 39.877
820 26.4388
796 22.0332
822 26.468
302 -0.485077
683 8.39948
716 -15.7883
1197 -16.6066
1119 45.384
297 -3.0224
949 36.3198
883 24.0002
1188 -33.0638
1157 18.1505
279 -2.27887
235 -0.912537
596 5.59857
418 -12.773
735 9.22968
713 11.2258
963 42.3596
657 6.14825
711 11.0864
481 4.3306
668 7.36542
976 40.944
975 43.5406
837 12.3863
221 3.63437
211 3.19971
916 38.8585
468 3.8895
776 19.665
924 48.7841
1020 57.5642
489 5.0097
527 4.48077
956 68.0593
339 -7.36066
627 8.03314
603 6.23157
817 18.4418
923 47.5486
475 5.29309
432 1.96988
582 5.32855
845 15.3389
924 48.0629
735 9.30402
1010 75.7014
1156 24.822
869 38.1567
934 25.0916
338 1.77408
390 3.48236
225 4.45679
1031 81.0837
837 12.386
972 45.1022
660 12.4753
332 1.03207
208 -5.63622
984 30.2719
673 7.70044
251 2.32576
718 10.5344
710 8.27582
818 18.2982
938 37.1126
914 -17.46
1051 33.8558
741 9.64142
900 37.2405
272 -1.50809
949 33.3658
727 9.32208
131 -21.0631
1012 73.5697
1230 -118.225
1017 66.6516
805 -27.6512
1136 5.31531
812 13.115
332 2.22769
783 20.2901
936 28.3668
533 -0.302612
1207 10.3059
963 31.0546
1099 106.945
71 1.03903
813 23.7469
1049 82.3115
363 2.13968
1099 106.886
694 6.62024
1223 31.474
639 6.41205
1150 -9.36853
660 6.49359
371 4.42264
259 -3.73837
401 4.77664
355 3.7092
334 -0.583557
992 37.739
518 4.70374
1107 -14.4087
1121 -16.9044
853 19.1538
1006 25.0128
1023 -11.902
593 4.75665
807 20.6213
687 9.70258
962 31.2905
1035 70.4482
561 4.95697
175 2.68633
373 2.69189
817 14.4593
1206 12.818
967 34.9442
251 -1.54247
1066 87.8438
1207 10.5748
994 41.0323
1019 73.4293
387 3.20087
466 3.75278
997 41.9974
735 9.33508
6 -1.93595
532 5.31348
657 6.12598
1206 13.0536
952 55.6695
208 -5.63686
446 3.19742
960 25.412
690 10.6799
65 -0.721085
912 25.8577
1033 78.9811
754 -11.5477
1179 66.7488
1097 27.6038
361 -5.02948
467 3.9136
881 21.7782
792 12.2388
659 12.4704
676 6.99011
851 20.2328
735 9.33508
1054 -25.1243
24 -2.93256
364 1.90686
1041 80.1436
850 33.1857
709 11.1111
331 1.94525
807 18.8496
986 35.201
317 2.52756
561 4.96228
761 18.0522
882 15.926
294 -0.39151
711 8.69708
1135 5.85535
356 3.56293
335 0.992218
809 19.5958
863 15.135
981 26.0104
1120 -13.4049
587 5.45703
1121 -13.3385
841 15.1377
446 5.53787
1110 95.5793
692 10.3615
348 -6.10934
1192 40.0006
1083 88.4763
1174 53.3993
380 3.05655
1090 -4.97131
1018 30.2798
818 22.8098
794 12.3574
570 -12.3505
848 31.0682
927 48.6395
1231 -118.029
900 37.2618
843 14.3071
452 4.11435
981 41.6629
711 7.73511
813 23.7669
88 -2.33646
940 26.0288
812 13.1152
684 7.38904
267 -15.7859
1136 -6.69531
947 54.465
926 23.7328
218 3.60159
796 22.033
392 -6.69339
1146 93.3062
701 10.7175
376 3.11447
72 -24.8624
833 27.9916
1174 52.7253
936 28.3652
883 25.0742
1064 88.8264
684 9.92371
257 -1.13356
330 1.16074
1003 38.4895
45 -0.503212
863 22.3839
983 43.1313
899 36.4238
939 36.5291
1121 -17.0277
607 5.89148
259 -2.55688
390 3.48315
208 -5.63583
652 7.83966
875 39.5804
873 35.1548
1004 29.1317
1055 9.01428
292 -1.37173
1046 30.48
980 27.2582
681 9.51337
137 -13.1541
956 33.5741
357 2.66635
317 -0.0606079
961 26.4478
1029 31.377
69 0.975266
1008 -12.7888
863 16.2318
1006 25.0102
961 26.4481
637 7.39746
63 -0.0749321
982 43.5785
676 6.98315
472 3.9429
423 4.86542
1134 -3.20007
3 -30.0085
807 18.5873
120 -11.4513
839 14.161
884 23.9876
717 -15.7777
682 8.17731
255 0.124176
1001 41.8213
1036 70.5437
589 5.64252
101 -5.39636
881 39.1639
1021 75.0568
953 62.9124
897 24.9794
1137 3.90308
662 6.61316
384 4.10437
887 24.9097
700 6.66504
300 -1.21255
677 9.79004
997 28.0139
660 12.4725
1207 8.5387
282 -1.13892
1161 92.7955
677 9.87445
479 5.22116
292 -0.76886
1067 75.3394
397 -21.1887
869 34.2244
852 20.8666
1046 30.4766
1216 33.3354
676 9.2052
617 6.43781
1099 106.963
397 -5.80884
1060 34.4341
521 4.70209
288 -1.19177
589 5.52979
675 9.26135
827 13.0002
1116 25.5822
116 -17.3942
1097 27.7452
57 -26.793
1062 34.4142
784 11.7038
921 22.7811
413 3.79144
740 -16.7064
994 27.6595
881 34.5754
1145 46.3092
813 23.7474
1148 89.6501
367 3.58182
985 34.347
1063 86.1394
1230 0.909668
522 4.69183
1049 84.1122
734 9.19965
639 7.32928
911 22.8985
322 -0.580078
959 36.4622
846 32.1532
824 15.315
491 5.33435
952 55.6688
66 2.5706
426 4.96304
1075 -10.5737
131 -21.0995
488 5.258
1068 87.7976
886 -8.74329
826 27.9946
281 -1.01385
983 26.2184
675 8.81787
1033 79.0226
843 15.4599
451 -2.8963
1192 54.4476
617 6.4342
848 31.0681
983 71.0868
95 1.15608
964 41.5948
925 24.8391
955 32.9868
270 -1.53561
965 55.0744
639 6.38995
627 8.05646
253 -0.754898
468 3.92719
962 42.935
658 6.48633
927 -14.4769
1063 34.8898
316 0.582916
1056 31.0669
738 7.96454
1193 53.463
1146 93.3475
1100 -29.116
63 -0.916901
580 5.20721
1127 85.902
1161 93.0388
663 9.04742
565 4.89752
362 2.31204
467 -1.70563
355 -2.11359
1033 79.0242
1057 10.5618
890 18.168
658 8.27423
295 -12.2991
857 -17.34
848 31.0681
1044 83.8606
981 35.9694
807 19.6935
1099 106.96
284 -1.33914
743 9.63318
1133 -13.5526
1164 -4.20959
420 -4.13977
1146 46.459
134 -11.5365
1158 104.056
773 11.0345
461 3.67413
960 36.348
1173 53.3525
64 -8.31757
1140 -5.16394
1052 81.6017
871 37.3359
3 -30.2854
667 6.31903
925 -13.6876
288 -1.00607
1215 -71.324
418 -12.7727
952 61.4817
443 2.83887
467 -1.70618
1102 -19.0393
812 21.7026
742 9.58679
362 1.98804
593 5.4809
713 11.3544
676 6.99921
713 11.3544
816 -38.733
244 5.10773
678 9.37689
766 -18.2919
992 13.0485
1190 48.1509
1016 74.4608
666 5.00769
1150 0.342407
1017 75.7435
948 30.4136
973 62.4058
1067 75.3383
533 -0.304688
1054 -25.1136
802 19.4234
364 1.84384
722 11.6959
1018 78.204
180 -3.17622
713 11.3575
1049 82.3115
1067 75.2417
707 10.9517
1121 44.8474
960 25.4114
16 -2.87174
313 1.65436
940 26.0256
560 -11.2291
539 4.67847
933 31.0186
443 3.8403
538 5.33026
807 25.307
1036 82.5631
1151 52.3241
877 17.1163
155 -11.3637
888 39.6563
882 10.0262
1043 82.6017
1186 -21.6296
977 38.0334
870 26.4625
936 28.3656
982 40.9784
1096 8.06689
1075 -10.5782
1207 45.979
983 26.062
1149 17.6605
116 -17.3948
827 13.002
520 4.73096
675 9.27325
848 31.0681
466 3.86514
1198 8.7085
1230 -85.0138
93 -14.4515
247 -1.27945
731 12.9852
502 4.88638
972 44.6522
364 1.88202
495 5.30112
1093 81.1608
888 40.71
220 3.93504
896 24.8202
973 43.1749
713 11.3554
839 14.1973
210 3.8815
343 0.078064
1134 7.47278
898 22.8263
584 5.3728
252 0.298752
1063 82.2767
1150 34.1726
611 5.77728
1016 77.457
947 54.4613
549 5.14667
1221 10.2068
479 5.22006
824 26.6567
737 -15.5981
780 19.9754
701 -9.17969
340 -7.23163
142 -21.3744
269 -2.33084
650 7.711
627 8.02777
674 7.74158
427 -4.46521
660 8.42102
966 29.4551
785 20.736
808 21.5959
769 -12.2822
321 -0.449585
900 37.2716
715 8.67755
1135 5.85718
955 25.8582
1120 -13.4008
175 2.69081
926 48.9999
958 34.2339
696 10.4796
303 -0.489044
1189 23.3849
823 13.1037
806 -13.336
826 28.0692
751 9.96863
552 4.75256
189 -9.97606
973 43.1768
273 -3.67041
1196 41.2698
591 5.52917
1017 75.7469
1035 70.4473
11 -9.58135
63 -0.0944939
833 38.0959
1109 107.232
1049 82.5677
1048 84.5099
1122 44.9092
861 34.1414
194 0.194321
1164 41.8837
453 1.80249
806 16.9055
926 23.7305
924 49.2157
87 -24.7219
718 11.1513
1147 78.3699
1113 93.3652
313 0.627472
819 26.3294
817 18.4206
16 -38.2387
785 20.4214
734 9.69202
433 1.97818
308 -2.48309
796 22.0331
914 -17.4544
1044 29.9608
818 22.7997
982 40.0242
810 18.0745
920 39.356
585 5.33734
364 1.88095
1073 16.7891
983 25.3945
837 29.3439
213 3.8623
861 16.1998
691 -1.58734
854 15.0037
838 -12.9105
717 11.7016
1051 81.7657
533 -0.302246
870 26.2502
1073 80.6625
1195 47.9016
1071 -4.17114
935 48.2508
227 -1.60196
787 -4.98706
29 -34.606
641 6.23621
952 55.6627
751 10.0293
889 19.412
355 2.15634
396 3.2735
377 2.86615
823 23.8761
1026 80.3115
1186 -21.6342
806 21.202
830 -7.72711
801 12.6082
796 12.4816
211 3.66124
143 -11.4817
1111 110.671
1172 -7.29309
114 -18.3358
538 5.33179
129 -12.1097
930 26.2313
676 9.48975
139 -12.0198
1205 57.3308
1193 53.6575
414 4.04007
456 3.77774
755 -9.10852
814 33.2273
880 38.0771
572 5.41846
605 5.57684
152 -11.2884
769 -12.2709
1121 -17.0273
906 -20.9218
449 3.63458
812 13.1149
1021 79.3564
1144 46.3885
696 7.49707
935 50.7965
523 4.83032
978 28.0384
1112 -23.1174
386 3.38821
974 24.5791
471 4.28442
170 -8.16325
1143 54.5018
640 6.36371
716 -10.8874
855 20.0039
900 37.2344
533 -0.302856
443 -2.50537
812 13.1152
702 4.94775
665 9.16547
749 -14.7223
932 49.4725
808 22.1777
303 -0.728455
375 2.88501
426 -11.9932
244 -1.15204
814 22.6783
1135 5.85901
674 9.38141
414 3.88644
888 40.7099
859 16.0919
819 24.0157
922 48.2698
437 1.8017
330 1.18567
194 0.187332
582 4.91229
4 -26.5959
928 50.8978
16 -2.97368
538 -0.771057
1047 30.3662
88 -2.33576
1119 45.3853
976 43.0797
857 -17.2727
942 53.7473
984 64.3601
622 6.49371
208 -5.63541
1024 31.0035
1198 47.4241
662 6.21204
807 12.9304
1055 -25.0216
824 26.5359
713 11.3553
352 2.46832
712 -12.6036
1161 2.15442
1198 47.4232
796 22.0331
900 37.2787
961 27.1255
754 -11.5447
951 55.2979
890 18.3317
886 39.1441
678 9.37714
1207 61.5356
1195 52.6125
1035 70.4486
962 26.1261
1174 53.252
884 16.6774
855 -12.9856
897 9.92523
943 25.8889
268 -3.72501
519 4.47266
14 -36.6609
862 33.1078
812 13.115
330 -8.6947
1049 82.5732
371 2.05573
907 37.8231
950 30.6497
988 43.9706
1159 79.9956
188 -9.95776
331 -1.08051
1188 -16.8113
1033 79.0205
155 -11.2229
222 4.48422
145 -21.1148
393 -3.12454
608 6.41272
518 1.61597
490 5.25146
701 10.7694
863 15.1341
516 4.21924
980 32.9554
677 9.78778
935 25.4505
1189 6.51294
671 4.70605
334 -0.582947
769 -12.2824
248 0.748657
929 39.8855
1066 88.8341
367 2.68268
454 4.71402
1133 10.0767
886 -9.01245
1052 -21.3776
40 -2.90777
979 44.5964
1031 31.2672
467 -1.70569
303 5.0079
475 5.35474
667 4.93353
845 30.144
296 -0.580536
859 14.874
906 -20.7852
992 2.26428
879 15.0469
846 15.2326
1218 -113.088
718 -11.6818
675 9.26465
958 34.142
1133 -0.366089
827 -31.215
63 -0.916901
423 1.54831
1156 19.1743
100 -6.36699
938 40.0574
423 4.81714
808 21.8937
1016 65.5974
787 20.5034
683 4.07544
837 29.3411
396 3.27374
132 -12.09
813 23.7513
312 -0.848969
1120 -51.0681
893 33.5294
1210 47.1566
929 47.0345
838 -12.9124
1223 32.3002
481 -0.428619
977 25.8605
442 5.01572
988 43.251
754 -11.5183
615 6.16003
735 -11.1089
805 -27.8593
881 39.1639
1172 21.3351
521 5.04181
838 -12.9124
1146 93.3368
938 27.2203
593 5.70551
1035 70.4568
121 -9.53381
772 11.0475
307 -0.776703
780 -12.7219
210 -3.70349
255 -2.02446
1008 -12.7889
1121 44.8474
1006 25.0082
1083 101.981
218 -1.4019
437 -2.97574
957 45.7897
508 4.4628
83 -6.53365
729 -11.3068
316 2.17624
1209 32.8607
987 38.2358
612 6.66162
1012 29.3677
460 5.50259
350 2.72977
846 30.1437
675 9.43781
900 37.271
812 13.1148
642 6.13647
395 -6.26297
873 -18.8808
509 5.3085
880 18.286
925 48.343
738 -16.4579
619 -1.12286
957 35.1755
841 29.2172
886 -8.84406
1054 -25.1107
23 -3.0821
335 0.887756
1186 -21.6309
1193 53.475
820 23.1679
1009 75.1695
292 -1.37167
323 0.457306
35 -26.3818
349 -0.106842
695 10.3931
787 20.4644
845 14.1627
977 27.7661
169 -2.91393
288 -1.15936
1049 29.8912
366 2.68839
719 11.418
797 -17.7698
994 40.9348
782 11.5395
926 23.7327
308 -0.235504
466 4.0448
957 31.1995
1121 -17.0238
154 -11.2828
606 5.84393
1097 27.7389
946 60.8516
689 0.730835
1030 80.7338
930 47.3939
46 -2.80349
266 -2.28955
689 -0.998108
1067 75.2906
1193 58.1919
950 30.1043
1054 -24.9707
1006 24.9923
674 -1.34613
122 -12.239
912 26.0612
857 14.8297
462 5.37466
985 34.5236
1189 -15.3707
773 19.001
695 8.052
171 -8.24545
806 -13.3344
570 5.07336
568 4.95001
469 3.90604
1178 -51.0272
1096 8.07104
407 3.51389
891 41.7581
551 4.49683
83 -6.53355
309 0.765533
1173 54.1897
830 -7.55957
813 23.7465
204 -2.84531
738 9.32483
782 -13.1685
1146 93.3103
943 34.1579
1163 -14.7787
909 39.123
638 6.42773
660 12.4727
247 0.238159
842 12.6844
1203 46.423
827 -31.2117
1179 20.2168
957 57.2306
921 23.0399
523 4.44049
479 5.22
769 -12.2697
1049 82.3104
538 5.32867
827 -31.6531
170 -11.7053
179 -3.76765
453 1.79688
385 4.09705
83 -6.53375
162 -13.8097
737 -15.6032
967 59.8861
716 10.8507
526 5.08295
681 -0.368469
904 38.1625
338 3.84726
296 -1.45514
753 -12.061
837 12.3884
796 25.2283
231 -3.51511
296 3.81763
1171 73.0153
1163 98.4191
967 34.9448
642 6.39221
1058 7.90369
1054 -25.1099
1033 31.9094
1114 -53.3562
450 -6.39987
532 -2.27802
310 -2.38556
929 48.79
745 -12.5012
628 6.43054
479 0.1185
1049 82.5718
304 -0.0280457
741 9.64026
628 6.70093
796 22.0333
967 29.4634
957 31.8832
171 -10.3743
711 7.82867
905 45.3025
310 2.04196
612 6.70984
606 5.84399
617 6.42938
1080 71.8817
223 3.86891
745 -1.66748
805 20.8566
679 9.71942
224 5.03639
731 9.55042
643 6.4187
137 -13.1451
1174 57.4032
1079 -13.6407
843 29.7282
754 -11.5505
481 1.00543
1099 106.952
556 -1.96686
1021 78.6736
1027 31.1497
918 39.0204
120 -11.4501
1046 29.9575
848 31.6876
1221 -21.6442
1049 82.5739
456 3.45355
1037 32.4307
947 85.3779
826 27.9625
826 27.9854
621 5.97107
921 23.0381
1047 30.3743
915 38.7092
239 4.62886
6 -29.8983
957 57.2305
636 6.76105
641 6.15857
903 19.3096
46 -2.80349
908 45.2063
814 -16.8787
252 0.29808
186 3.25702
1173 85.8523
927 47.2288
926 23.78
451 3.33817
940 25.7378
895 36.3705
488 5.24606
1053 30.8401
854 15.0411
796 22.0331
319 0.576355
926 22.4042
1063 83.4092
1172 24.1146
88 -56.9809
960 25.4116
781 -11.7673
890 19.4893
139 -12.02
789 21.5599
689 2.76636
1104 -106.154
948 25.518
924 39.6072
1054 -25.1104
645 6.43011
247 -1.50883
920 39.2397
209 -2.60838
960 25.4371
680 10.1247
871 -32.3601
400 3.91653
148 -11.4622
677 9.78754
444 5.26511
712 -7.31464
698 6.57947
810 20.4998
396 3.27429
316 0.488525
848 31.0682
526 4.71289
838 -12.9159
617 -5.9375
362 -2.44986
1198 47.4242
1184 10.1317
1004 29.1525
837 12.3867
439 -3.93423
1143 94.3777
730 -13.4453
176 -10.316
175 2.68251
1055 84.9797
927 48.5341
675 9.25385
811 18.7866
636 6.41895
148 -11.6382
795 18.8903
703 7.99762
1193 53.4612
689 0.336792
1003 28.9045
944 75.0678
877 39.672
441 2.71542
888 40.7099
644 6.35706
490 5.2486
1172 50.9325
668 8.71069
121 -12.257
478 0.697235
1231 -118.161
431 -5.28247
738 7.97083
1012 29.3683
664 -1.22211
1012 27.6699
1230 -84.9122
673 9.33752
949 54.404
980 37.2639
1207 9.5957
769 -12.2831
873 37.1893
928 48.9127
991 -12.0121
940 26.0259
861 34.1408
366 2.61914
1064 34.3326
1127 124.22
1017 55.05
603 5.79919
813 23.7513
1087 -21.1837
1068 87.1882
261 -3.57443
1196 34.8157
659 3.5752
1012 29.3692
236 3.20174
314 2.55399
608 6.41333
1012 28.4569
1185 59.4456
814 33.1958
316 -1.31772
22 -45.0538
678 7.50592
1099 106.92
692 9.56097
1163 -14.9161
183 2.75665
1038 5.93738
95 1.15646
986 35.1106
1160 25.6593
844 33.1804
335 3.47183
973 43.1719
371 2.41467
871 34.4808
677 7.4209
1144 84.9053
217 3.63493
112 -17.3922
925 39.3065
11 -9.58154
664 6.54968
64 -8.32721
936 35.8499
751 -12.3607
689 -0.532166
960 25.4119
713 11.3568
876 20.3365
66 2.5704
837 31.5595
975 25.478
390 3.48456
695 7.71185
251 -1.30679
1172 -7.1571
819 13.2401
942 52.1804
605 6.22986
799 27.4441
444 3.50638
863 15.1341
1183 40.1637
137 -13.1606
1043 29.894
40 0.0122261
1048 83.7107
937 40.3564
985 31.9859
418 -12.7638
859 16.0543
754 -11.5121
532 5.30652
743 13.64
144 -11.9861
1208 43.7953
639 7.32971
847 14.903
1204 54.6941
1199 -91.8777
870 -17.6953
461 -8.01291
207 -2.87166
1012 73.5697
789 20.833
595 5.65735
914 -17.531
1229 -62.1781
561 4.45074
690 10.6788
406 4.82904
1040 -13.1299
861 34.1414
701 10.7993
159 -16.2716
892 -18.1515
662 6.66913
871 35.526
857 -17.3024
957 57.2311
827 -31.6522
1015 70.3451
247 -1.51122
517 5.10522
159 -11.3074
64 -27.1324
253 -0.268585
190 2.64496
928 48.2189
543 -1.79297
1192 30.7748
681 10.2229
872 34.0169
754 -11.5496
373 -20.7096
724 12.0523
238 -0.840012
179 -6.59615
452 3.76779
544 -1.56409
643 6.41785
537 4.79132
866 17.163
731 12.9837
612 6.77777
316 0.637421
600 5.9519
1228 14.8885
421 -12.1855
926 48.7984
1141 93.1887
1158 103.494
201 -8.82382
796 22.0331
1041 5.09436
853 17.8777
803 12.6577
538 5.32367
1096 8.07471
994 65.1793
533 -3.31952
852 -15.1592
1224 28.0184
849 15.027
247 -1.36934
1186 -22.9917
167 -10.1333
942 23.6515
447 -8.14746
449 -3.34015
988 6.45105
137 -13.161
704 -9.94623
444 3.1557
201 -8.60258
269 -3.56003
988 25.1027
835 13.7736
1096 8.07483
1073 80.5558
261 -1.29883
713 11.356
838 -12.8864
335 0.887695
188 -9.95912
619 5.97253
818 -31.1414
901 10.0932
544 -1.56433
1193 53.4427
670 6.65173
1039 30.5914
818 23.2331
980 27.2014
1162 89.3025
943 33.484
1207 8.59265
274 -0.901794
194 0.187164
1112 114.373
676 6.99261
112 -10.7765
789 21.902
1012 27.6334
968 26.379
1174 57.3928
341 1.2207
1067 75.3394
875 35.6147
854 15.8454
1174 53.0214
317 -1.44678
1008 -12.7643
134 -11.5378
1230 -84.973
725 11.6931
871 33.6431
313 -2.23712
1060 82.3977
137 -13.1609
669 5.53644
676 6.98969
650 6.44574
705 -6.06036
1036 82.141
643 9.59967
928 48.217
112 -17.3915
854 17.3654
734 -11.2958
930 48.2944
483 -6.91779
870 -13.0342
1214 -191.37
562 4.83734
961 26.4499
1042 30.3494
1189 11.7924
296 -0.989594
292 -1.37143
208 -5.63902
926 48.1059
213 3.49094
364 1.9068
176 -10.3062
927 48.9214
190 2.64525
783 -15.5875
750 -15.3188
670 8.35675
1161 2.20312
1049 29.8905
1184 8.73962
1178 58.474
1225 52.1412
912 47.0316
450 -2.0094
234 3.93391
1056 11.0936
909 38.1661
1093 81.1606
485 2.92514
824 12.978
509 5.31989
961 26.5007
293 -3.03555
45 -0.494537
898 22.8254
319 0.783539
306 -0.929474
337 1.46039
1167 -7.12915
926 23.7704
1174 78.0582
110 -12.9037
1052 33.6567
715 -8.8996
1000 28.3195
1012 47.2465
612 6.66071
884 37.8224
393 -3.1394
702 4.93201
315 -0.436829
612 6.65924
1227 32.131
982 35.7033
357 1.75403
1207 8.9104
761 -26.4747
390 3.49252
854 17.3569
1193 53.5367
1117 36.7047
357 -22.4221
693 10.233
1075 -26.6364
732 3.77856
933 39.7149
717 8.68903
965 24.6457
221 3.64835
1018 67.9438
112 -17.3917
973 43.1721
1031 -10.8722
909 38.5029
1012 27.6458
139 -12.0199
1227 32.1301
418 -12.7778
838 28.0079
589 5.66992
173 -10.8094
1037 83.4336
292 -1.37192
238 -1.63878
139 -12.02
1213 -106.371
491 -7.35764
512 4.87427
802 15.7781
865 16.5207
1081 -8.22876
691 -9.64014
1044 83.4657
253 -0.753983
641 6.40686
1065 -0.632446
415 -11.3836
819 26.319
600 6.01495
984 31.8369
1134 3.26929
553 -11.6953
955 23.8817
986 19.7486
293 -3.03583
467 5.42548
1034 30.2802
1163 98.7599
673 4.02765
707 -2.20612
1 11.4304
893 -13.233
315 -1.98029
896 43.5175
782 -11.8762
861 34.1413
1006 25.0065
1115 -47.8269
825 12.7723
6 -1.93649
907 -20.5953
331 1.94553
754 -11.5439
771 18.915
181 2.58875
988 1.99139
731 9.86603
880 7.32648
905 38.0928
390 3.47543
837 29.3452
948 57.4728
826 26.753
133 -12.0274
1177 56.7997
1035 70.4459
761 -11.7446
95 1.15584
871 -8.31525
915 38.9836
544 -1.56433
868 -17.2496
967 45.974
229 -3.51715
866 39.513
138 -11.8726
1114 -53.9055
1142 120.054
9 -32.6203
685 10.12
1213 -82.823
446 3.58267
772 11.0803
1144 118.178
148 -11.6476
524 4.75232
806 13.8241
24 -35.5427
1143 90.9769
505 5.25479
675 9.29187
171 -8.24559
838 -12.9117
183 -0.161942
1013 76.7474
1186 -13.5614
696 -7.01221
960 56.9267
1067 75.3385
750 -72.2753
734 8.08063
949 28.9177
216 -3.53682
641 5.89563
716 -15.7938
701 11.7955
1219 -71.0635
755 10.4943
974 62.5346
692 -21.4117
971 61.6943
1180 57.8506
805 -27.7436
71 -58.6957
443 3.27478
262 -2.12042
928 28.4946
538 -0.773987
896 42.163
546 4.20074
1033 78.9865
385 3.11292
1193 53.5507
779 13.8916
1151 52.3228
596 4.58612
9 -34.0868
713 8.95331
932 4.8573
827 -31.6475
1198 47.4318
515 4.82507
43 -0.116722
617 -5.93823
984 26.7432
908 45.2033
378 3.40604
1189 54.3341
1057 11.0187
943 53.205
605 5.80615
679 -5.08411
1014 38.4227
384 4.10623
725 -8.84167
517 -4.55627
704 7.58173
1175 57.6425
785 -13.8071
1048 -22.9412
1162 99.1366
747 13.5625
447 1.94995
830 -9.28088
1207 55.6406
921 22.835
861 34.1414
322 1.83194
933 50.5049
951 36.1662
555 5.15479
725 -12.82
953 37.0715
857 -17.2979
1173 54.3748
606 6.04932
1169 -10.0874
664 6.89984
769 -12.2843
729 8.82721
730 -12.5627
1018 64.8901
906 45.4669
694 7.5769
782 13.6631
928 49.1146
565 -3.33966
272 -3.33163
844 14.3068
1019 64.403
898 41.8105
932 49.2509
951 56.8724
836 17.7916
213 3.45006
827 -31.2094
122 -12.2337
966 29.5108
673 7.7478
453 2.42328
804 29.7131
1051 33.8535
1188 -30.4216
830 -7.81354
406 4.20032
335 0.873199
1008 -12.8038
700 10.6229
985 40.2263
676 6.99188
1135 5.67041
331 1.94586
1132 119.467
779 8.75861
1122 44.9092
225 -3.0627
518 1.61578
1207 8.55261
810 23.6178
1051 86.4645
823 13.0773
1184 8.83374
770 -9.40576
139 -12.02
1146 93.4448
326 0.916412
465 5.4418
893 33.419
749 14.3396
753 19.187
1122 44.9091
707 -10.0604
827 -31.6462
648 -12.3182
392 3.56741
396 3.27304
850 20.1541
972 26.4161
723 -13.3279
869 15.1545
509 3.04565
1161 2.20337
957 57.2309
409 3.71918
601 5.83636
971 44.3426
375 2.85309
785 -13.8051
485 4.44299
837 -41.3984
394 -10.0437
1223 32.2932
1198 47.4316
1075 -10.3387
687 -0.10907
1083 105.92
1049 29.8894
6 -8.53013
803 24.3061
736 4.27106
194 0.185226
150 -11.3589
741 0.0893555
730 -11.2062
785 -13.8085
704 -5.51678
825 27.4111
449 5.5994
737 -15.6012
1035 81.6499
1083 79.9113
942 24.2295
1093 81.1626
711 -10.134
690 10.6802
1006 24.9883
970 61.687
380 1.86426
781 -11.6467
966 58.8483
721 -16.8743
777 7.65411
958 43.9627
1100 -24.9441
422 3.1189
987 6.62677
917 46.9908
220 3.68248
63 -0.0964279
920 23.053
813 33.1337
427 -4.28748
761 -10.5324
649 8.89703
1207 61.5083
927 -17.1226
927 -17.1294
364 1.8812
292 3.47531
349 -0.106689
1021 64.7499
752 -8.87579
855 16.4954
163 -13.6478
1047 30.3738
1099 106.866
816 -35.3703
1193 -96.2468
837 31.3771
293 -3.04156
686 6.35162
692 9.80212
497 4.95517
813 23.7687
945 40.356
1160 94.2815
291 -2.36057
1174 53.9889
614 -8.33569
355 1.69952
561 4.4516
364 1.69916
877 37.373
317 -3.16086
824 26.7123
1049 29.8894
197 3.34129
311 -11.8581
716 -10.8521
144 -11.9863
1014 24.4149
782 20.1112
796 12.4782
879 -16.2642
54 -32.3317
630 8.56232
837 29.3443
728 11.4022
1186 -21.65
680 4.00378
761 18.0522
144 -11.9862
729 11.3409
529 4.94061
812 13.1151
645 5.52081
927 -17.1323
463 4.08948
664 3.75421
485 2.41455
877 37.113
731 -10.5824
699 10.645
68 0.861275
1229 -105.995
1033 79.0223
212 -3.56535
927 -17.1808
819 26.3201
479 5.21988
980 34.6723
806 -13.3348
1016 74.4609
884 38.229
754 -11.5404
533 -0.304504
295 -2.84933
120 -12.2697
952 60.9183
942 24.2549
807 15.1739
1207 61.5486
934 52.6292
647 2.00079
861 34.1428
114 -17.131
900 40.6334
864 14.9727
275 -2.26819
644 6.26801
1067 75.3385
493 5.14597
385 3.09103
877 -20.0514
909 38.2537
718 18.8056
649 9.1308
137 -13.1536
808 -12.6726
921 47.5423
823 13.0707
776 -5.82635
619 -1.12683
1040 -13.1324
904 44.2465
135 -12.0334
731 8.57983
713 11.3554
656 10.3893
1207 61.5201
978 66.5726
760 10.4308
116 -17.3945
331 0.0506897
943 52.4366
686 6.35156
541 4.8269
73 -25.8239
970 25.555
843 18.5944
1046 30.4772
409 -4.85464
254 -18.2388
297 -3.01038
1133 -45.2476
121 -12.2647
633 6.4505
433 5.21924
915 47.1202
194 0.194824
19 -42.4179
1 11.4354
730 11.4793
66 2.57001
957 28.7394
176 -10.3068
472 -9.77951
250 4.27873
1060 88.6149
416 4.21643
673 13.3983
738 -11.7346
232 3.45613
870 22.1559
962 23.6658
362 0.106964
832 27.6899
1162 99.4255
533 -0.305054
381 2.92862
297 -2.84058
1046 81.4487
309 4.99316
627 8.01801
517 -4.55786
893 33.4509
832 38.0933
939 22.939
387 3.20322
708 6.9093
83 -6.53374
1169 43.4834
469 -9.23917
446 3.34949
1117 44.8185
369 2.58798
648 6.74524
806 25.3115
1054 30.6891
1049 29.8882
716 5.3877
886 -9.01697
808 14.0191
969 42.182
820 -12.8629
805 -27.6622
1187 -34.6893
49 -28.3091
368 2.67654
340 1.36438
112 -11.3417
830 -9.24158
769 -12.2827
945 94.0983
737 -15.6019
1030 80.6958
943 54.0884
805 -27.7516
195 -9.02254
1046 30.4769
973 25.8063
418 -12.7755
210 3.94658
1127 46.0697
768 18.8538
381 2.2594
75 -24.3587
927 -17.1561
307 -12.0537
960 25.4117
868 33.3529
881 -18.8864
747 7.84491
1131 79.8942
1040 30.0323
1006 24.9905
367 -4.30231
83 -25.7485
663 5.47815
898 22.8244
290 -0.546875
488 5.24872
247 -1.50311
1049 82.618
690 10.679
488 -6.27444
693 13.8798
801 22.4856
1008 -12.8055
418 -12.7787
1099 106.828
999 43.093
1006 -0.64978
683 9.62061
491 0.532501
927 -17.1449
934 16.0169
1207 61.37
431 -10.1816
610 6.65521
1031 -10.9506
171 -9.93726
46 -26.8024
1041 79.9764
910 21.6957
879 2.80109
1061 85.3602
776 -12.1021
827 26.3776
666 6.75977
1197 0.00683594
496 4.96268
294 -3.00528
373 -20.7479
1146 93.5079
763 21.7993
942 24.2538
171 -11.7271
187 3.13942
1198 47.4232
723 11.4323
861 34.1421
101 -7.69231
186 3.25711
1208 43.478
811 28.554
1046 30.4771
827 -31.2123
557 5.42169
547 4.39813
45 -27.8431
338 -2.07593
536 -0.76001
812 32.9047
1067 -15.2661
1057 -12.8949
1048 -22.9429
1075 -10.3323
665 6.95685
995 69.7255
700 -8.17981
1012 27.6404
1050 -21.8263
508 4.46265
880 38.0796
714 10.5965
63 -0.0953636
905 36.7913
194 0.186188
915 47.154
864 30.4402
761 18.0522
838 -12.9189
1174 57.3904
399 5.01001
953 24.3398
1039 33.0168
236 -1.03966
713 7.89069
438 2.64157
933 48.1057
617 -5.94055
676 4.1051
1174 52.9448
641 6.41962
240 -16.9689
927 -17.1846
530 5.4057
1179 20.1394
112 -17.3921
994 65.1786
1001 42.2677
545 4.55341
838 -12.9092
926 48.8325
737 -15.603
314 -2.47678
107 -10.66
1047 30.0839
463 -8.03128
217 -2.57901
1174 57.3953
1173 53.3351
941 55.6992
954 54.5865
5 -3.58904
904 1.39142
1142 94.0538
1071 -19.385
901 44.2463
868 35.2039
1028 78.0991
886 38.864
1211 58.472
319 0.782501
93 -6.21569
1071 -19.3881
534 -3.77673
1132 28.1471
927 -17.1985
517 -4.46399
194 0.194305
888 40.7098
952 55.6683
218 3.7505
541 -2.08423
854 13.9324
765 21.8406
790 24.8591
1228 53.8651
831 38.1198
434 -8.4808
777 20.9263
1071 -21.3424
943 34.1088
844 14.5961
400 -20.162
741 10.1371
899 -12.2335
968 37.5463
418 -12.7783
316 0.58313
979 44.5755
479 5.22012
812 13.1147
627 8.07422
438 -9.95255
3 -1.14031
1153 -13.2904
967 29.4966
955 23.6862
700 7.52405
679 6.29565
146 -11.3681
955 33.8532
320 -1.25137
353 1.62555
884 39.8961
644 6.42902
950 31.4432
571 5.11597
1022 76.7217
627 8.07434
1117 44.7354
1020 30.4525
1016 74.4516
893 33.6255
861 34.1406
334 1.43008
640 7.47314
989 44.3306
393 -3.17331
781 -11.7557
737 -15.6042
1012 27.6335
22 -44.9466
796 25.1497
338 3.93192
755 12.3802
551 4.84686
62 -26.651
520 5.00916
979 45.0464
880 38.0777
940 -9.98523
647 1.99695
805 12.7552
843 13.9119
316 0.581848
886 -8.85547
364 1.88168
116 -17.3941
908 45.1818
723 -12.3505
217 -3.59296
741 9.63989
211 3.66083
442 3.23795
129 -12.1098
850 -13.3107
808 25.3926
695 7.05219
235 3.60788
928 50.9046
749 9.97986
730 -11.1854
964 37.3087
517 -4.55585
1067 75.2365
106 -7.67202
431 -7.54294
1148 44.1871
627 8.07275
656 6.09222
742 20.2574
180 -3.76959
848 33.8824
886 -8.80798
693 -8.03638
1209 59.9534
632 6.31958
702 -2.51959
678 -7.70917
433 2.11768
945 31.6746
1190 48.7438
1001 41.1195
181 2.77328
754 -11.5432
713 11.3606
929 23.0681
595 5.15265
615 6.15979
915 47.1285
946 53.7012
1226 31.9403
668 8.23627
927 48.5569
1067 75.3384
134 -11.1323
676 6.99121
948 77.0756
1008 -12.804
522 4.96271
427 -11.4374
557 -15.6715
714 5.47998
757 -12.2755
967 34.9436
1042 84.5886
1162 97.1135
980 25.5947
1021 75.0879
1046 30.4795
690 6.41718
850 20.181
198 -3.8533
1228 53.866
220 4.43445
850 32.5794
852 21.1083
148 -11.4622
907 -24.6935
796 25.9439
904 44.2415
188 -9.95744
291 -0.317352
859 16.0547
1167 25.2771
1205 86.3621
908 45.183
1135 5.854
779 11.2308
38 -32.7055
886 -8.94397
733 -15.6071
759 -10.2139
888 16.9501
893 33.5102
947 26.0901
527 -2.0249
473 4.1882
739 -10.6053
309 -0.456787
1174 52.7505
1010 21.8496
742 13.792
702 8.48016
938 35.1353
915 47.1193
978 28.4825
246 1.02438
874 -0.19519
894 41.9144
394 -6.07983
516 4.21985
30 -34.8284
703 6.82172
94 0.754822
730 11.4777
717 -15.754
880 38.0777
660 12.4731
1023 76.3624
560 5.2149
827 -31.6584
212 -2.40845
939 23.8128
668 8.89233
1230 -84.6819
718 -12.1878
525 -2.41705
653 7.90344
924 -19.5248
734 17.806
328 -1.06052
892 -18.2073
716 -9.52899
888 40.7097
303 -2.97867
1012 27.6877
874 15.7019
63 -0.0947456
961 40.7479
944 52.9758
1012 27.475
827 -31.2137
713 -10.4167
64 -8.32285
861 34.1417
597 -6.60815
1219 -72.1429
916 27.2261
871 33.9083
1107 49.0896
805 -27.5701
750 -9.09607
252 0.292313
847 14.9139
509 5.30844
941 40.2346
685 9.76782
910 44.99
221 4.12854
533 -0.305115
730 11.4788
394 -9.88831
1201 23.4224
835 18.037
1181 45.9331
64 -8.33564
429 3.07333
1188 28.7354
407 2.0072
1216 -135.002
334 -0.0957642
867 15.892
914 -17.5328
1207 9.07324
737 -15.6017
676 0.653442
833 1.48999
386 -5.93243
898 22.8286
943 33.225
534 -3.92224
1135 5.85693
890 30.506
491 5.2634
933 31.0233
215 -3.58624
436 3.17108
939 23.8149
813 -7.83917
695 7.03687
1067 -15.735
779 -10.5126
686 10.485
919 49.1144
104 -10.8423
395 -19.7192
524 -2.7464
455 3.82053
1054 -25.1091
1046 85.1229
837 29.3455
889 19.5917
915 47.1302
1119 45.3854
455 4.67349
1193 53.5233
115 -11.5489
958 43.9409
831 14.0019
255 0.00547791
886 -14.5749
186 3.25668
1173 60.7263
469 -9.28238
1209 46.3683
886 -16.358
674 3.63373
527 5.34137
848 31.7893
1176 57.9978
940 51.924
675 9.43732
929 49.5747
348 1.60361
987 -14.8168
1227 32.1244
461 -7.97778
238 4.46037
832 15.1129
826 27.9653
752 -11.5686
137 -13.1583
899 44.6827
1049 29.8918
915 47.1276
487 0.179688
803 -12.893
418 1.59976
120 -12.2713
671 9.6076
535 -2.39807
706 10.8713
679 -5.09259
984 64.2604
395 3.28192
905 -19.0826
805 -27.8646
632 6.2121
759 -10.217
677 9.78961
871 -8.4975
845 17.9888
999 43.1346
948 25.5242
692 -23.2399
349 2.85025
213 3.48807
6 -20.1669
1240 -112.184
1157 20.8403
1035 70.4456
677 9.68256
176 -10.3161
180 -7.52469
493 5.25714
123 -12.1031
339 -1.53564
706 -5.60925
235 -1.21317
482 -4.20282
528 4.88409
995 36.9141
758 7.39642
247 0.237488
1227 32.1267
144 -11.9864
686 9.86102
658 -0.908142
1031 -10.8658
754 -11.9178
486 -5.73871
1231 -118.017
315 -1.53268
1188 39.5027
6 -1.93582
785 -13.8085
384 3.07587
1184 8.76941
615 6.1601
621 2.94495
1063 -7.92908
1211 -64.2015
796 15.8535
907 -24.5289
1067 -15.2838
544 -1.56415
942 24.2318
855 -12.9788
1008 -12.7871
640 7.47308
999 43.1456
807 6.22449
928 48.3996
1135 5.67029
552 -10.9473
648 6.66766
1218 -116.407
380 -7.62991
533 -2.81256
684 13.377
774 12.6211
600 6.15479
819 26.3287
896 19.4777
805 -27.8538
980 39.114
36 -0.0408707
503 -7.16251
353 1.70135
155 -11.2227
950 25.7305
874 37.3718
948 29.2527
927 -17.1913
538 4.35614
707 -3.2962
568 -12.3954
311 -2.65622
651 9.11157
939 23.8181
1097 27.7469
1163 -14.9492
433 3.09329
1030 -12.6799
1186 -21.6356
929 52.6953
915 47.1304
887 39.8211
742 20.2599
974 62.6621
890 40.259
65 -0.721588
22 -45.0691
247 -1.36531
296 3.60394
1161 52.1566
724 -11.4696
247 -1.36531
718 18.805
535 -2.36609
888 17.0361
497 -6.81143
1023 79.297
445 5.65878
870 -2.73926
948 25.7168
85 -6.50303
1211 -71.1434
241 -2.48886
806 -13.3342
216 3.75659
948 29.7301
735 6.61475
657 3.21729
785 -13.8089
925 -14.5694
302 -1.45538
494 5.34296
909 -17.4928
164 41.6879
886 -8.84253
349 -0.113281
211 3.19742
697 10.5389
1124 -8.64258
646 8.56598
1145 92.374
326 -1.13016
226 3.83855
950 42.6672
1010 67.0219
1227 32.1316
456 -2.67938
741 10.4119
150 -11.7528
310 2.19604
1154 29.5284
27 -35.6165
754 -10.8276
904 18.7941
487 -6.26093
767 -10.5065
772 11.0811
502 -7.10068
235 -1.16013
947 25.8393
520 4.73438
915 47.1259
781 -11.761
742 -10.4628
942 24.2489
1064 34.2294
1227 32.1276
194 3.01541
67 -26.798
899 -12.619
528 0.412415
901 -12.3126
226 3.85585
540 -1.44507
939 23.7843
206 -2.49222
617 6.43011
429 -4.09174
927 -17.108
361 -6.10062
596 5.33875
446 3.06485
65 -26.0058
785 -13.8099
1008 -12.7925
148 -11.4622
977 63.0408
496 1.05084
176 -10.7819
1240 -112.277
654 6.61639
209 1.56898
707 10.941
639 5.68262
852 33.8215
817 13.2349
864 33.7529
314 4.80508
516 -6.1897
732 15.7578
543 4.59308
1171 21.9679
860 15.1976
1037 -11.1064
1008 -12.7834
1142 93.7825
544 -1.56415
333 -0.640442
908 45.3937
979 64.4353
902 40.6957
781 21.4955
931 20.0095
310 4.94803
1184 8.72168
827 13
885 -15.8652
836 17.7894
593 -4.71344
667 6.8302
812 13.1148
736 17.4774
256 -1.71048
172 -3.64062
1010 76.5701
812 13.1152
1037 80.4032
781 20.0941
883 -16.1375
794 18.9325
939 23.998
899 -12.2762
1121 44.9076
949 26.2428
845 14.2322
1175 57.4905
209 4.11028
1163 -14.9852
630 6.03821
1142 64.4377
717 17.5627
647 1.99957
827 17.4594
1048 -22.9503
1192 61.3193
855 -12.9872
660 12.4663
849 19.2104
108 -24.7192
730 -11.2072
886 -8.97357
881 42.6716
475 5.29312
193 2.01868
854 17.4516
948 25.5649
762 5.89581
140 -11.6115
839 -11.8448
442 -2.65805
829 38.5126
272 -3.28442
65 -0.721474
538 -1.65491
1137 32.4521
565 5.28723
926 48.8287
908 45.3931
708 11.4363
450 -2.27609
1163 -14.9115
939 40.12
863 -18.3845
605 -5.8233
911 23.8451
676 6.98895
861 34.1559
666 6.23712
1023 52.3684
871 -7.37933
697 12.2153
899 24.1023
880 5.40533
1043 82.1599
882 34.4795
979 63.3126
790 24.8635
521 4.69275
150 -11.3584
1047 30.0839
785 -13.8089
864 30.4396
848 16.5085
657 8.09802
711 -10.5629
53 -1.11849
1028 80.4619
848 31.0682
1054 -25.1112
554 -1.64569
296 -2.9783
256 0.584473
1066 -15.4535
971 61.5816
553 -2.22784
175 2.69214
813 28.1891
396 3.27481
289 -0.781097
549 -2.81232
8 -1.00462
880 34.4117
1021 30.5741
24 -35.4917
443 2.15063
779 19.87
889 -15.9472
1115 36.2795
44 -28.6375
861 34.1414
6 -1.93587
566 5.01666
813 23.7498
699 -6.74304
8 -1.00432
466 -4.58426
866 35.7129
43 -0.11652
646 9.92615
606 -5.24323
250 -3.75674
796 22.0332
144 -11.9864
958 43.9642
1097 27.5936
870 -2.09393
740 13.3682
885 37.6832
1188 7.7157
924 48.4562
63 -0.925575
743 13.3149
903 19.309
934 50.5396
1207 61.5149
283 -2.74759
960 56.9622
499 5.31033
990 -12.3261
988 8.95978
710 10.6828
956 55.126
886 -8.80182
795 -12.1227
920 23.0216
43 -0.116932
313 0.02948
252 0.29808
1201 -12.4708
681 3.26959
734 4.51715
351 -0.743927
888 -12.8605
827 -31.2186
697 17.6292
446 -2.79944
851 -15.6732
984 64.2738
1048 -22.9507
730 11.6414
472 -9.79834
893 33.5275
888 40.7098
407 2.00656
1163 -14.8939
229 -3.84738
927 -17.1059
925 -11.0489
198 -3.85298
171 -8.24596
888 40.7101
1178 55.0742
124 -9.69801
10 -8.89714
332 1.55933
898 22.826
171 -8.24554
469 -9.23804
1067 89.8733
716 -15.7919
789 20.6296
907 45.6077
846 31.2997
747 -16.4603
702 -10.9758
993 36.5745
736 15.5392
606 -5.19611
1016 28.611
668 9.55817
1200 42.7087
781 -11.7475
853 17.8432
765 -10.3142
729 -14.711
393 1.68256
572 -2.29163
806 16.0677
850 30.188
896 42.1561
692 -8.57922
656 3.7995
402 -8.42633
1134 102.226
712 17.1094
155 -2.24417
1080 79.0552
12 -34.7497
864 30.4415
835 27.9463
835 13.5882
1008 20.4866
829 33.3309
829 38.5051
528 0.400513
449 3.58005
810 12.9258
1153 21.9667
888 40.7098
1142 93.9247
567 4.99762
907 45.2642
1097 27.759
500 4.63504
647 2.00336
781 -11.7555
396 -5.64191
917 -18.7594
131 -11.6757
1145 90.396
485 2.92307
759 -10.214
530 -2.16376
965 55.1334
499 4.22565
1033 79.0042
362 0.113312
217 -3.59319
1184 -6.87305
1169 -3.03101
1018 68.2901
144 -11.9855
531 4.97162
991 39.8843
350 2.97699
417 -7.46313
890 35.4146
184 -4.3223
431 -3.65677
4 -26.6261
353 1.54388
1142 45.6829
829 38.5029
978 64.105
861 34.1562
971 61.3262
759 -10.2144
870 33.486
435 -12.6965
1230 -84.9951
1049 29.8904
994 6.58783
853 17.7876
899 40.3351
1124 45.1769
886 -9.01654
406 4.47723
872 -8.00037
854 17.5117
1107 29.0817
888 40.7097
40 -28.2341
1234 -9.07983
805 13.6248
638 8.40979
1140 -42.4255
888 16.7847
1044 64.6022
878 36.8618
713 11.3583
858 18.1188
605 -5.39734
527 4.55121
791 12.7703
60 0.389385
886 -8.86383
960 23.8773
908 46.4744
822 5.66223
381 -5.69464
23 -2.77204
498 4.95551
1194 46.1919
915 47.1249
100 -7.11347
631 7.24756
