383 -67.1604
397 -63.0633
523 -3.9339
397 -63.0657
766 1.58368
539 -0.518677
397 -63.0571
539 -0.517761
539 -0.518616
503 -9.58417
514 -6.82968
409 -56.3511
465 -22.6477
514 -6.82394
341 -79.7639
409 -56.5327
430 -39.5606
397 -63.0596
766 1.58417
526 -4.31812
713 8.00934
409 -56.5326
432 -40.3396
529 -3.76331
424 75.0314
481 -16.1016
608 1.36584
530 -3.73053
432 -40.3463
608 1.36694
432 -40.3807
713 8.00934
539 -0.517883
502 -5.51877
432 -40.3395
766 1.58746
766 1.58667
713 8.00934
654 5.49017
702 7.56573
855 1.82471
1009 -25.956
530 -3.73047
382 -3.52823
430 -39.561
478 -3.80338
608 1.36206
341 -79.7643
465 -1.71567
903 2.06458
817 4.25507
766 1.58685
722 9.80682
1026 2.62708
984 2.43286
393 -2.93314
480 -1.39331
713 8.00928
927 21.7137
430 -39.5804
1143 3.073
779 1.677
530 -3.73022
777 1.59698
695 6.11481
443 -2.26093
393 -2.93283
377 -4.27988
927 21.7179
766 1.58667
382 -3.52878
382 -3.52866
711 8.00586
341 -79.7658
397 -63.0534
793 3.89661
465 -1.71616
855 1.82483
734 9.63452
1036 2.59229
716 8.04388
673 2.90222
432 -39.596
530 -3.73029
393 -2.93311
680 4.86792
393 -2.93033
680 4.8703
884 2.05524
855 1.82446
793 3.89716
429 -2.12155
817 4.25525
443 -2.2514
927 21.7149
984 2.43268
465 -1.71573
375 -153.312
713 7.97931
722 9.80573
465 -1.71637
393 -2.93265
382 -3.52921
817 4.21814
443 -2.25967
443 -2.26096
397 -63.0646
948 2.20978
673 2.90082
487 -1.19101
404 -53.7188
1220 -76.8154
713 8.00934
737 13.0794
393 -2.93295
539 -0.517944
382 -3.52875
680 4.8692
503 -0.155212
235 -11.9528
680 4.86462
722 9.80664
498 -0.994202
595 0.971802
793 3.89691
645 4.88544
166 -15.3811
807 4.30792
712 8.05927
662 2.14673
62 -38.1377
884 2.05499
443 -2.25113
146 -28.3834
310 -6.48654
146 -28.3833
700 7.4516
371 -4.52676
498 -0.979248
381 -3.73413
375 -153.319
480 -1.39319
817 4.25549
430 -39.5605
712 8.07623
153 -15.9007
325 -6.31674
382 -3.52869
160 -16.0155
219 -13.026
310 -6.48788
793 3.89697
310 -6.48111
146 -28.383
855 1.82501
498 -0.980103
221 -13.1315
310 -6.48044
793 3.89716
702 7.62872
66 -39.8275
673 2.95575
498 -0.94632
310 -6.48047
413 -2.42957
522 0.408508
338 -5.63208
258 -10.7915
417 -2.34518
465 -1.71567
148 -24.1605
338 -5.63242
962 2.25342
409 -2.60907
1036 2.62988
408 -2.65268
1009 -25.976
1159 -0.402466
341 -79.7656
413 -41.9192
948 2.21228
258 -10.7875
411 -2.51474
736 12.0275
960 2.25482
722 9.80664
323 -6.37976
1026 2.62695
258 -10.7879
338 -5.63177
1026 2.62683
213 -13.6642
235 -11.9527
62 -38.136
149 -17.2453
363 -4.87009
338 -5.63229
66 -40.2651
503 -0.154907
907 17.9454
413 -41.9196
947 2.20599
429 -2.11749
258 -10.7895
839 1.9118
166 -15.3739
968 2.37726
81 -37.2989
935 3.46112
1159 -0.390259
241 -9.47327
1220 -76.7838
678 4.74841
219 -13.0502
645 4.98047
855 1.82446
429 -2.11786
782 2.65137
100 -22.2671
944 17.0607
164 -15.2229
241 -9.47292
1036 2.59277
138 -17.6166
722 9.8056
429 -2.11743
602 1.19537
258 -10.7889
1143 3.07312
1026 2.62683
397 -63.0586
166 -15.3654
146 -28.3825
934 4.85059
797 -1.30676
409 -2.61395
145 -10.3432
706 7.70844
258 -8.83099
529 -0.836609
139 -30.2453
234 -11.9726
802 -4.3537
133 -30.9533
430 -2.14642
258 -8.84612
465 -22.6477
177 -15.7191
948 2.21265
164 -15.2213
707 7.76776
310 -6.4866
132 -18.7828
261 -8.1127
644 4.8396
326 -6.19885
539 1.3042
166 -15.3816
170 -15.446
157 -16.1649
650 2.36603
884 2.05511
67 -37.4821
691 5.4577
217 -13.145
903 2.11499
604 1.35339
673 2.91473
650 3.05719
258 -10.7878
166 -15.3783
193 -14.4975
190 -14.8384
258 -10.7929
67 -39.2885
118 -31.9834
146 -19.1236
701 7.4201
763 -1.33911
430 -2.14642
258 -10.7877
480 -1.39349
387 -3.17917
661 1.94983
644 4.83887
176 -15.7054
539 1.30408
677 4.82056
522 0.409912
241 -9.47287
382 -3.52875
141 -30.1185
366 -4.75131
407 -2.71524
123 -31.2094
974 2.39758
159 -16.0962
258 -10.7919
202 -13.8891
350 -77.3664
395 -2.97382
118 -31.9389
501 -6.10144
1076 2.68103
706 7.51617
502 -5.51886
164 -15.2261
817 4.25549
294 -7.00845
713 8.00928
602 1.1958
911 2.13074
971 27.7908
261 -7.99605
108 -34.485
153 -16.0531
922 2.10834
328 -6.10983
882 13.4377
781 -1.59125
109 -33.4599
67 -39.0048
1001 2.51184
650 2.36578
411 -2.53931
338 -5.63208
67 -37.4821
296 -6.80804
1226 -5.33447
591 1.11163
174 -15.8043
129 -18.9295
102 -33.6082
698 7.37061
599 1.18695
948 2.21265
775 0.255798
133 -27.0981
241 -9.47285
72 -40.9861
165 -15.3837
1143 3.073
934 4.85278
1077 2.73169
775 0.180786
146 -28.3828
303 -6.66995
133 -30.9559
645 4.98053
341 -79.7639
338 -5.63309
986 2.38947
1204 -26.4503
165 -15.6796
213 -13.6196
707 7.52185
912 7.47528
1137 2.97412
159 -16.0963
944 17.0751
59 -36.3142
69 -39.9186
235 -11.9521
190 -14.8384
527 -3.45947
248 -11.1384
355 -5.14944
288 -7.1424
102 -33.6082
1154 3.09485
176 -15.6997
323 -79.8731
146 -28.3856
826 0.785889
1093 2.69556
678 4.78607
1185 -24.7706
382 -3.52866
137 -29.7911
140 -29.82
279 -7.3938
338 -5.63156
160 -16.4897
146 -23.159
338 -5.62991
775 0.242493
219 -13.0253
137 -29.7913
741 0.220581
164 -15.2211
258 -80.9169
770 -0.836426
339 -143.427
176 -15.7387
848 1.99463
645 4.86377
258 -10.7937
1036 2.62964
310 -6.48224
886 18.8649
669 2.79688
72 -37.572
1173 3.31348
106 -33.8773
1080 1.28918
143 -29.7204
751 1.58191
258 -10.7859
772 0.461243
159 -16.0963
420 -39.444
807 4.30859
533 1.29956
657 3.021
700 7.33215
903 2.11499
802 -4.35352
212 -13.578
366 -4.75638
584 1.28802
693 5.63239
134 -27.1005
166 -15.3751
1229 4.11914
377 -3.98059
1229 4.11841
146 -28.3836
261 -7.99623
137 -29.7935
781 -1.00507
159 -16.0963
428 -2.09518
147 -20.9893
713 8.00934
773 -1.45404
797 -2.71991
134 -27.1249
146 -28.3857
1076 2.68225
102 -33.6082
396 -2.89117
123 -31.2545
843 1.85858
192 -14.586
1203 3.52441
81 -37.2994
134 -27.1257
382 -3.52878
352 -5.40576
811 0.806946
92 -37.3842
424 75.0325
581 0.705872
740 1.05829
192 -14.586
820 -2.71234
1059 108.233
234 -11.9695
667 2.75403
261 -7.996
972 2.35992
675 4.79834
581 0.750488
38 12.2708
146 -28.3853
261 -7.99892
754 -1.96887
289 -59.3631
710 7.96588
235 -11.2824
137 -29.7944
72 -37.5711
349 -51.3199
134 -27.0837
134 -27.1262
172 -15.3015
293 -33.0444
455 -2.10025
146 -28.3834
722 9.80713
650 2.36639
528 -2.28271
159 -16.0964
175 -15.7181
781 -1.00696
360 -74.6975
72 -41.1354
994 71.8142
565 0.966248
968 2.3772
955 34.6809
105 -34.9813
956 55.5117
774 0.359924
62 -39.9351
430 -39.5686
122 -31.2452
566 1.15564
443 -2.28537
241 -9.47295
620 1.69427
858 18.5336
190 -14.8434
1137 2.974
347 -49.8547
134 -27.1255
968 72.3235
288 -7.16602
137 -29.7899
522 0.408203
581 0.781311
217 -13.1447
922 2.10852
341 -79.7643
146 -28.3851
773 0.438599
101 -25.9639
159 -16.0968
217 -13.1449
121 -31.9476
811 -4.35236
409 -56.5318
1202 -20.837
604 1.35358
133 -30.956
173 -15.7437
247 -11.1689
865 8.81433
146 -28.3828
772 0.462341
241 -9.47273
324 -83.5794
190 -14.8407
165 -15.3865
811 -4.34595
217 -13.1448
939 35.0503
28 -31.0586
300 -6.56421
448 -5.91107
134 -27.125
847 1.9209
734 2.95245
261 -102.555
438 -39.5724
1080 1.24292
1108 2.67078
502 -5.5192
140 -26.599
608 1.362
648 5.23126
217 -13.1449
258 -10.7899
713 8.00934
159 -15.101
604 1.35583
261 -7.99878
261 -7.99908
1052 90.4039
478 -3.80563
241 -9.47307
403 -53.7531
1159 -6.28906
38 12.2441
785 7.51605
522 0.409851
1057 101.945
246 -11.1744
1202 -20.861
66 -39.8317
749 -1.58612
382 -3.52911
783 -1.39886
1171 2.14209
217 -13.145
259 -49.7442
327 -6.00919
341 -79.7651
774 -1.78735
644 4.83954
650 3.05658
145 -20.8919
820 -2.70026
165 -15.3671
142 -29.6874
634 2.66925
1229 4.1189
261 -7.99539
258 -10.7894
553 1.19232
137 -29.7351
672 4.48462
83 -35.9436
133 -27.151
781 -1.00507
365 -4.81659
677 4.82111
827 0.426941
773 0.691589
157 -16.1868
631 1.89624
872 1.89862
235 -11.9522
1047 63.7037
100 -22.2659
133 -30.9534
849 2.88208
169 -15.4749
121 -31.948
235 -11.9518
107 -34.4371
83 -35.9437
974 67.5045
155 -15.2745
864 8.6134
428 -2.14047
38 12.4252
414 -2.51697
338 -5.63174
134 -27.1251
1221 -29.1261
341 -79.7637
1211 3.64343
258 -8.83078
659 3.47302
629 1.73346
70 -37.9406
878 21.6167
1074 42.1554
876 12.4025
160 -16.4894
107 -34.6166
587 0.961548
855 13.3619
1137 2.97412
907 18.331
152 -17.5226
137 -29.7926
604 1.35358
855 1.82458
1036 81.8783
133 -27.1473
864 8.88361
107 -34.562
773 0.543213
1185 -24.6864
133 -30.9555
783 -1.31042
259 -23.0821
754 0.671021
134 -27.1264
319 -6.20966
771 -1.7088
718 -1.37781
765 -4.12103
1102 2.55872
882 13.4337
382 -3.52881
361 -150.799
235 -11.9522
725 9.18475
403 -53.7424
787 -1.81921
170 -15.5094
587 1.32721
1016 92.4048
534 1.34875
540 0.988342
811 -4.34863
811 -4.34869
1211 3.64331
1122 65.3348
41 -28.3272
38 12.4317
522 0.408081
408 -2.63718
749 -0.100525
147 -18.89
287 -7.15533
258 -8.83037
252 -8.90381
72 -37.5814
687 5.12396
651 3.79004
338 -5.63248
811 4.24799
272 -7.61932
728 -0.579712
903 2.06549
829 1.73682
846 -0.152222
855 1.82446
1001 2.51172
166 -15.3668
241 -9.47304
793 6.16412
241 -9.47246
986 2.38971
261 -7.99622
747 -1.32153
164 -15.2203
107 -34.4372
708 7.30939
146 -21.2029
338 -5.6319
146 -28.3839
413 -41.9195
207 -13.8312
595 1.02472
142 -6.86465
710 7.40778
206 -13.7696
141 -29.8716
1145 3.20874
137 -29.7949
173 -15.7468
760 -1.22614
1037 87.7051
146 -28.3834
282 -7.28537
398 -57.5319
25 -20.8306
1007 3.84003
793 3.89679
66 -39.8276
528 -2.28662
583 1.2937
774 0.351685
102 -33.6081
1093 2.69568
256 -101.866
802 -4.3645
1145 3.17053
939 34.8739
432 -40.381
160 -16.4896
146 -28.3832
261 -7.99655
329 -139.938
644 4.83966
480 -1.38565
774 -11.4146
1212 -137.248
1036 81.88
947 2.20642
831 -0.795898
241 -9.4731
146 -28.3843
868 1.93585
261 -7.99911
903 2.34918
167 -15.8318
235 -11.9522
793 3.89691
503 -0.154755
754 1.5625
601 1.01025
243 -11.3343
164 -15.2209
159 -16.0967
846 -0.148682
1204 -26.449
846 -0.154907
152 -14.5843
424 75.0362
170 -15.6243
326 -83.1927
1211 3.64331
778 1.08325
146 -28.3851
933 30.6036
589 0.977539
169 -15.8669
1155 -6.2218
309 -6.57864
700 6.96741
620 1.53333
430 -39.5607
754 0.015686
1159 -6.29785
70 -37.9406
808 7.99969
672 4.47986
985 68.4144
795 4.77277
503 -0.154907
329 -140.265
1176 5.23035
99 -34.3102
152 -19.0621
367 -74.1483
872 3.83148
92 -37.3851
347 -81.5693
687 4.95691
67 -38.8124
424 75.0356
160 -16.4896
147 -7.77362
326 -81.7767
277 -7.4516
1173 3.31323
62 -38.137
759 -1.50623
648 2.25983
367 -74.1476
774 0.441772
152 -17.6108
867 11.7621
134 -27.1281
708 7.30945
971 27.7764
235 -11.9528
152 -17.5364
480 -1.39151
714 6.94403
645 4.98047
246 -11.1696
134 -27.124
919 21.273
889 13.2368
1173 3.31335
152 -17.5163
971 27.7889
515 1.23633
420 -39.4261
1005 -1.97894
772 0.4599
717 1.04645
744 2.70215
217 -13.1448
846 -0.16394
430 -39.563
375 -153.329
833 -2.66956
84 -35.9179
241 -9.47325
798 0.433167
1145 3.15259
206 -13.6127
1022 78.6481
167 -15.9791
253 -49.7638
579 0.764404
717 8.40448
166 -15.3753
608 1.36218
884 2.05487
922 2.10876
165 -15.6717
429 -2.11832
832 1.93701
401 -63.4609
100 -25.0103
137 -29.994
971 27.7765
735 4.10986
802 -4.34692
847 4.30231
134 -27.1264
1102 2.55774
502 -5.52045
285 -7.21539
971 27.7906
1229 -5.70801
598 1.21283
517 1.07104
101 -33.8781
338 -5.63174
1001 2.5119
72 -37.5766
903 2.34564
783 -2.28027
683 -1.45062
72 -37.5869
133 -18.5839
175 -15.5639
1211 3.64331
1212 -137.244
261 -7.9958
118 -33.0164
878 22.0161
550 1.32324
655 3.29779
789 -4.96582
917 2.1142
136 -15.3222
687 5.12415
597 0.960571
168 -15.8422
898 5.31042
783 -1.53973
244 -15.4927
527 0.283325
69 -39.9057
981 -13.4428
820 -2.69885
77 -36.9047
38 12.2568
865 8.81348
133 -30.9539
905 1.9306
672 4.48474
890 12.9502
205 -13.8569
645 4.88605
1153 18.082
364 -75.9905
747 5.63745
190 -14.8388
650 3.05621
747 5.63788
503 -0.154602
751 0.967407
922 2.10834
528 -2.26941
160 -16.4894
827 0.436462
890 21.2639
138 -29.5419
924 61.0187
159 -16.0965
805 -3.47186
848 4.50989
920 21.7026
238 -11.7225
89 -35.1118
662 -0.743225
217 -13.1448
712 2.30194
756 -0.365784
1006 3.9884
661 1.95245
196 -14.3759
133 -30.9555
159 -16.0961
903 3.18976
1057 85.0824
159 -16.0961
357 -5.09607
1216 -30.5902
432 -40.38
818 6.18524
262 -66.1883
147 -9.58545
159 -16.0964
802 -4.35211
42 -28.3304
870 4.99664
927 21.7141
850 5.55353
961 51.0483
889 18.5935
1203 3.5127
725 9.18506
747 -0.123535
621 1.69354
115 -32.6442
137 -29.9431
96 -34.9824
201 -14.5293
106 -34.8781
1083 57.1875
521 1.21771
650 2.35236
901 20.3115
624 1.24194
773 0.440002
502 -5.51947
133 -27.1576
428 -2.14844
650 3.05719
393 -2.93024
1075 167.119
722 9.80676
932 30.9794
709 7.92682
591 1.05066
667 3.72125
907 18.3221
1071 108.157
190 -14.8385
722 9.8067
1161 -9.11096
143 -20.3365
141 -29.921
827 7.27069
710 7.49384
258 -8.83102
83 -35.9438
140 -30.133
737 -1.76624
1048 2.54163
593 1.06488
911 19.8956
703 -0.175293
159 -16.0962
876 12.3114
722 9.80676
133 -30.9557
689 -2.58368
150 -25.8023
160 -15.2134
677 4.8197
406 -2.68362
1057 101.951
99 -34.2975
947 2.20587
783 -1.36694
135 -30.0596
1074 42.1827
152 -17.5913
933 30.8412
864 7.66248
277 -7.43637
883 21.1893
684 -0.582092
726 -0.65918
142 -12.7799
272 -7.69366
159 -16.0962
788 -1.98425
773 0.686646
81 -36.3046
995 71.8718
598 1.21429
899 5.50983
233 -11.9785
995 26.9715
848 2.52209
776 3.10663
793 1.63196
240 -8.47697
1009 25.0051
70 -37.9406
24 -47.7336
803 9.35828
621 1.72394
916 19.8445
67 -39.1371
705 7.63702
903 2.06396
844 -3.71771
644 4.83911
721 8.67737
722 9.8067
650 3.0564
308 -33.3936
802 -4.34515
72 -40.4913
67 -37.482
877 15.8725
370 -3.93716
783 -1.50513
672 4.48285
151 -16.379
1036 89.1267
909 3.28546
861 3.34485
936 21.1942
846 -0.154846
355 -75.8865
1108 2.67078
632 2.29529
819 -4.38147
925 2.88171
1204 -25.3708
191 -14.543
52 -4.12125
802 -4.36798
1108 2.6709
882 13.4088
621 1.71765
38 12.4429
705 7.68915
846 -0.153503
1204 -26.4331
981 -13.4528
67 -37.4821
38 12.437
956 56.0884
1052 90.3781
826 0.795166
241 -9.47284
133 -27.1451
877 15.8724
174 -14.9738
539 -0.517822
868 2.72137
981 -13.4425
664 0.0488892
844 -5.32849
111 -33.6497
134 -30.3306
802 8.07166
1220 -76.8245
958 52.1378
365 -153.279
862 4.98193
920 16.6102
254 -8.664
636 1.43573
842 3.97668
502 -5.52002
884 2.05566
70 -37.9405
659 -2.10413
650 3.05719
234 -12.1426
853 5.36548
256 -8.30806
795 -5.16467
883 21.2297
912 7.51837
954 62.5374
982 -11.8411
115 -32.2924
901 20.306
430 -39.5697
754 -0.684204
176 -15.2113
898 16.5226
680 4.86456
261 -7.99628
802 -4.36597
136 -30.0207
847 4.32141
1008 16.1599
814 4.60486
882 13.3772
326 -81.4879
845 5.10388
1229 4.11926
902 1.99066
200 -13.7258
722 -0.970337
269 -6.49304
687 5.12433
151 -16.3906
911 19.3459
67 -39.5383
100 -35.2994
682 -1.2088
430 -39.5686
133 -30.9535
765 -1.91876
1135 43.656
857 3.81555
817 -6.73853
235 -11.952
712 8.08411
910 18.8829
1159 11.8634
842 8.41321
783 8.61816
58 -36.3419
232 -12.0326
234 -11.9044
402 -2.69833
190 -14.8387
1056 85.0177
981 -13.4438
148 -16.7476
656 3.50354
787 -2.71777
720 -0.966431
638 2.34894
76 -37.0704
67 -38.9461
632 2.11005
608 1.36322
841 0.545837
762 -1.05359
382 -3.52811
811 -4.35077
826 -4.26093
307 -6.51801
957 21.14
1049 7.78491
947 2.20605
459 -4.01065
147 -5.95351
814 -9.24835
876 20.1417
929 25.7771
730 -0.963196
66 -39.8271
723 8.32806
631 1.39154
744 3.5368
920 21.7025
159 -16.0964
730 2.04767
891 2.05841
956 56.0859
382 -3.52863
766 -1.73773
939 34.7401
1122 65.3696
872 3.52539
952 56.7912
811 -4.37958
901 25.7798
1044 11.9655
831 -0.793396
155 -16.2465
907 18.3434
672 4.48413
747 7.69586
1198 -26.0699
168 -15.7941
768 7.20197
1220 -76.8633
1218 -30.1454
620 1.69403
786 -8.19562
888 19.1426
183 -15.2357
583 1.29395
341 -79.7638
744 0.24707
769 -1.18176
261 -74.7127
279 -7.35464
1062 50.3064
290 -7.06494
133 -30.9542
1036 81.8779
633 1.34222
105 -34.9753
725 5.84692
409 -60.7167
438 -39.5056
636 2.30859
1132 55.4148
105 -34.9806
118 -13.8598
1145 3.19934
83 -35.9434
811 -4.34534
306 -6.4895
164 -15.7206
805 -5.7829
261 -7.99895
956 79.9796
954 63.1454
907 21.6693
845 4.77588
319 -82.5411
411 -60.8024
1056 121.984
808 7.97229
931 31.2825
809 -5.47412
947 23.6179
489 -5.28467
811 0.961243
772 0.46759
66 -40.0161
763 1.4389
325 -6.27908
113 -34.4653
650 3.05658
144 -5.67793
137 -29.951
802 -4.34863
1057 101.937
814 4.604
814 -7.94684
623 1.38214
1115 63.7803
147 -1.98325
637 1.35736
865 7.54358
863 7.67352
758 -2.13538
743 0.116638
756 -2.0155
164 -15.2209
724 8.82477
982 60.9957
1195 3.36902
598 1.21326
883 21.2422
48 -33.1606
802 -4.36981
245 -11.0988
795 4.79865
923 23.7375
111 -33.5262
1138 13.0818
971 27.7885
785 1.69562
1027 7.55945
896 5.58899
960 22.6806
310 -6.48666
982 -11.8369
931 31.3052
1116 56.8611
583 1.29358
723 5.76031
344 -67.6814
633 1.99615
111 -33.6602
862 3.80518
1084 55.9417
1027 7.55896
878 21.6158
188 -15.1992
728 1.01923
802 -4.36804
72 -37.5797
930 22.1927
111 -33.6493
103 -35.2448
602 1.19519
952 21.3082
807 -6.86841
974 -12.3972
38 12.26
802 -4.34869
756 -7.38837
559 1.28033
751 -6.81873
824 -2.82904
725 2.5957
243 -11.2174
927 1.19989
134 -27.1246
180 -14.999
241 -9.4734
407 -61.6974
1132 55.4893
903 2.34821
102 -33.608
110 -34.3176
811 -4.35272
902 -1.96802
134 -27.1046
1138 13.2896
903 2.75671
159 -16.0961
310 -6.48096
108 -34.4849
241 -9.47321
291 -32.8166
844 11.9014
243 -11.3497
811 -4.35938
645 4.9093
392 -63.3398
656 3.5022
802 -4.36926
712 8.07721
656 1.17059
1173 3.31299
781 -1.60504
808 -5.61401
808 7.98389
962 65.8074
1107 44.0802
877 15.8708
878 21.6058
846 -0.152954
157 -19.9359
995 71.9787
92 -37.631
533 0.799988
716 0.310242
816 -0.349426
824 -3.87451
865 8.81213
760 -1.71832
157 -16.2542
502 -5.51959
293 -7.03229
164 -15.2224
234 -11.9729
1161 -3.42139
234 -11.9721
1108 2.66882
798 -6.40662
1155 -6.24646
367 -74.1502
193 -14.5019
857 6.60321
941 26.7926
674 2.96027
790 -8.52856
883 19.0108
744 2.71429
677 4.81927
134 -27.1256
524 1.33698
727 6.62555
372 -74.9483
252 -8.42274
717 -1.96436
90 -36.2768
1103 70.6658
880 5.57648
162 -15.9668
55 -34.4571
785 -3.16925
701 -0.733215
347 -5.50528
826 -3.87195
161 -16.1529
399 -2.64392
834 2.88367
419 -2.41415
687 5.12402
872 12.1202
151 -16.5226
1185 -24.7734
774 0.275818
666 3.73633
744 3.53851
1192 -21.4269
133 -30.954
310 -6.48666
332 -83.6284
644 -0.53595
706 -0.537476
333 -5.82977
14 -21.6416
110 -34.3201
889 21.6538
420 -39.4596
831 -0.793091
429 -2.12134
107 -34.437
159 -16.0962
160 -16.4895
42 -35.1364
1036 89.0338
831 -0.790649
848 9.64142
820 -2.71533
296 -6.73093
1070 83.3604
911 19.9243
793 1.62878
1083 57.1797
710 7.50757
897 -0.136658
962 29.2764
1005 -3.31158
205 -13.8653
821 -3.5564
280 -98.0823
197 -14.7784
844 4.2168
99 -34.3145
781 -10.2925
781 -1.50354
28 -21.3782
1002 32.903
92 -37.6266
883 21.1952
1052 90.4022
820 -2.7146
67 -37.4822
656 -0.513306
296 -99.661
1168 -52.4271
863 4.03046
1212 -137.238
952 21.3
952 56.2985
883 21.2412
952 56.8108
42 -35.1359
111 -33.6603
922 26.0962
692 5.42371
40 -31.4286
263 -26.3486
149 -8.0376
62 -38.1284
667 4.2464
773 -1.13354
88 -35.375
347 -5.50128
791 -1.22809
747 5.63739
995 26.957
834 8.33093
1036 89.0408
645 4.88507
1005 -2.18512
38 12.4263
766 -3.06189
420 -39.4291
882 13.4494
940 31.9443
111 -33.6602
974 67.7597
963 42.983
947 23.6227
730 0.449341
771 1.71472
804 0.540527
154 -15.7451
763 -0.689575
955 32.5537
861 4.2713
716 8.60901
950 20.9308
750 -0.408936
100 -25.0106
875 14.2317
930 31.1205
811 -4.38684
901 20.3152
67 -38.9202
981 -13.4438
146 -28.3823
616 1.33344
566 1.15564
767 -1.11975
797 -5.37085
717 -2.00848
1131 24.9282
25 -20.7684
731 -1.38031
1005 -3.15723
912 8.14966
1017 93.1223
947 23.6463
933 -5.1875
44 -4.98991
882 13.4127
774 -1.11096
995 30.1191
795 4.78741
898 5.36438
820 -2.71936
102 -33.6087
882 13.4108
747 5.6377
251 -17.5412
38 12.2608
795 4.7854
413 -60.2221
751 5.38354
740 -0.347229
138 -13.8489
725 4.56348
731 -1.73682
1037 88.9878
697 -1.46808
718 -1.97534
76 -37.3427
785 1.81873
657 1.11591
248 -14.2421
1219 -30.9597
969 66.3823
799 -5.0697
1007 3.84851
855 18.9424
94 -36.1292
424 -39.2177
421 -2.31375
934 2.82947
656 1.61121
689 -2.58698
657 3.51556
234 -12.0892
598 1.21368
1238 26.9275
1100 56.5417
689 -2.58612
204 -12.9678
367 -74.1513
526 1.32874
1030 17.7208
534 0.780518
283 -7.24365
904 1.89044
687 5.12439
1084 56.1598
846 -0.163269
888 19.1464
811 -1.13452
796 -11.4562
820 -2.70282
930 22.1934
712 8.07355
478 -3.80414
971 27.7908
1016 46.6602
46 -33.4698
1004 65.9744
241 -9.47321
356 -5.22562
907 24.2104
712 8.07074
1155 -8.23083
225 -13.723
67 -38.9198
736 7.96777
919 2.4967
766 -0.513855
1207 -54.2544
831 -0.79187
853 4.38251
310 -6.44223
328 -81.3741
1132 55.4576
230 -12.6573
266 -47.6345
1006 71.6805
775 0.269348
883 21.1805
229 -12.3646
41 -28.6142
783 -2.24719
706 8.0061
620 1.69403
632 2.08649
697 7.51324
1049 7.7854
125 -32.1781
192 -14.5858
97 -33.9644
866 19.7457
831 2.55872
905 18.671
763 -1.39862
919 16.5679
897 17.9533
932 3.6272
116 -32.6387
883 21.1967
865 8.81464
111 -33.6606
710 7.52936
932 16.8832
987 28.8903
717 8.56464
990 -7.89618
413 -41.9197
760 -2.23022
714 8.45081
749 -1.7301
786 -11.7438
411 -61.329
108 -34.4917
889 18.8149
971 27.7908
478 -3.8063
123 -31.2012
690 4.5199
982 -11.8345
348 -57.8159
627 2.08173
888 16.1317
1032 111.299
997 2.48755
743 4.06427
159 -16.0963
982 -11.8412
1185 -24.7756
745 2.60638
911 19.921
162 -16.0265
762 6.31757
1064 46.2933
954 31.8721
620 1.82043
699 0.697693
855 1.82465
468 -4.27588
802 8.06787
107 -34.4373
869 13.1437
183 -15.3523
995 71.9543
747 5.63501
1057 85.2833
866 3.73199
952 18.2965
802 -4.36823
67 -37.4822
773 -1.11938
166 -25.6046
955 32.2133
766 -3.11462
1052 2.5686
152 -9.90771
72 -37.575
883 21.188
1091 56.8331
873 12.8575
626 1.29547
969 77.1926
335 -83.2438
886 18.7302
956 24.3436
689 -2.58673
775 0.263733
47 -31.5122
598 1.21368
719 8.70312
725 9.0224
134 -27.1251
650 3.05658
722 -2.83118
478 -3.80374
103 -34.5856
932 30.814
81 -39.8413
150 -26.9422
847 5.01801
981 68.3365
813 0.0473022
840 4.72144
722 9.8067
513 -4.33096
1045 101.906
864 9.00073
816 4.72882
747 5.63715
646 0.702637
276 -7.44739
241 -9.47264
911 19.8961
357 -5.19574
846 -0.163208
689 -2.58716
907 18.3378
308 -6.47452
996 30.1085
304 -72.547
239 -62.9672
977 18.898
44 -4.98588
1231 -8.39917
689 -2.58636
747 3.77271
826 10.8208
902 4.08643
971 27.7905
122 -31.3828
758 -1.19879
811 0.961304
186 -15.1429
838 2.49921
1052 90.3682
154 -16.4648
356 -5.22604
1083 57.1619
956 21.2864
105 -34.9792
355 -5.19922
914 8.29865
940 31.9435
657 1.54053
797 0.556641
727 4.54169
865 6.95819
727 1.3197
797 -2.55371
827 0.439026
1064 2.42053
716 -0.888916
1009 -26.2255
329 -140.197
974 73.14
913 19.5433
107 -34.5091
865 23.7537
100 -22.2626
222 -12.6296
783 -2.88019
136 -30.2608
1080 48.5621
716 -0.101257
1115 62.5283
970 67.947
722 -2.81586
775 -0.5672
651 2.68066
707 0.991089
1069 71.0553
1153 0.674316
872 3.26099
817 -1.83447
718 -2.0556
103 -35.0152
1013 61.6943
742 0.887512
416 -2.53317
677 4.81976
940 31.9572
787 -9.50385
493 -1.04691
770 -1.85797
133 -30.956
905 2.06329
1036 89.0629
1122 65.4816
523 -3.93481
776 3.09595
878 21.6133
814 -8.22675
710 0.539673
831 -0.795776
1015 7.88745
677 4.59821
621 1.72675
119 -31.7145
282 -7.27115
754 -1.60437
810 27.1676
801 -6.90515
930 22.1928
677 4.81995
261 -8.21855
154 -16.4196
714 8.06067
804 -4.64899
558 0.384033
801 -7.12469
503 -0.834015
877 15.8673
1132 55.4679
650 3.05737
746 -1.38318
108 -34.4852
682 5.42145
802 -4.34784
145 -17.182
673 2.90082
757 -3.10034
100 -25.0061
860 -0.312439
959 76.772
752 1.33984
329 -140.05
1037 88.9678
634 2.08752
639 1.73474
289 -58.6628
603 1.36731
696 3.67969
629 1.39172
808 7.98541
195 -14.5149
794 -5.39435
768 -0.760559
878 22.025
557 0.53186
539 -0.518555
1014 20.7588
255 -8.59033
939 36.5023
816 -6.32727
857 31.7607
235 -11.9521
159 -16.0962
616 1.64191
347 -5.49124
934 2.85468
274 -48.8764
672 4.48456
285 -97.8424
587 0.81842
877 15.8681
152 -14.5458
892 20.0364
947 25.3782
1057 85.0446
922 25.9254
67 -37.4822
878 21.6258
785 7.51703
109 -34.4915
413 -2.47049
610 1.49146
528 -2.2782
811 -4.3371
761 -1.23193
111 -34.6606
644 4.83917
375 -69.7035
848 2.19586
759 -1.67017
993 70.7975
332 -84.6769
347 -81.0278
939 35.0092
621 1.72595
808 -5.40564
100 -35.2656
515 -0.439636
982 -11.8385
743 -2.53308
27 -20.8168
598 1.02966
668 -1.11652
716 11.5544
674 2.96179
847 4.3219
736 6.04669
358 -5.28525
351 -126.215
814 -6.93127
761 4.67401
639 3.00812
818 -2.74823
333 -5.73785
357 -5.17511
176 -15.6554
342 -165.52
1004 63.7537
1083 68.0193
753 -1.21478
1027 7.56104
775 2.56659
1160 -5.07336
903 2.34503
957 47.6743
590 0.894226
291 -7.02896
365 -71.7421
716 -0.104553
409 -56.3188
1049 7.78552
820 -2.72009
746 1.5484
100 -22.2678
111 -33.6604
502 -5.51932
917 2.68549
1057 102.058
991 -7.61737
790 0.83075
989 70.9784
995 26.9531
100 -34.7281
1029 75.262
802 -4.34772
1042 -22.1098
416 -2.51291
892 12.4885
502 -5.51956
135 -17.7403
725 8.91943
650 3.05701
765 -0.520996
870 15.0167
803 -5.48047
770 20.2261
310 -6.4873
1083 169.568
275 -6.89133
993 -8.05133
747 5.63977
854 28.0344
591 1.23779
797 -1.30157
975 25.808
258 -8.85936
825 7.16718
844 4.01849
164 -15.2209
198 -13.9886
102 -33.6073
810 -4.43506
1122 18.608
760 -1.01154
875 14.6072
137 -29.7406
1154 -21.9218
432 -40.3808
516 -0.195068
101 -34.148
606 1.26813
107 -34.4371
801 -7.00854
900 17.2209
81 -37.2996
200 -14.1859
694 -0.561646
881 16.5759
858 18.6676
110 -34.3166
817 5.66187
913 8.58514
743 0.309814
357 -145.814
175 -15.7584
858 18.5081
302 -6.68823
1006 3.97992
664 2.48511
107 -34.4373
652 3.24298
1087 103.598
808 0.71283
83 -36.3863
886 18.7414
795 0.263367
372 -4.1546
598 1.21326
108 -34.8421
190 -14.8385
105 -34.9751
645 4.98016
38 12.2616
808 7.98541
310 -6.48691
1187 -92.5579
746 -1.40076
124 -32.4985
863 8.94238
598 1.24133
1219 -24.2386
234 -11.9719
327 -6.19901
850 5.42694
281 -7.32236
1076 154.881
318 -6.30487
692 6.17914
367 -71.3009
1045 93.0175
834 2.93591
930 19.4526
67 -38.9453
757 -1.40363
203 -14.1284
971 27.7886
712 8.07837
814 -4.14087
420 -39.4288
903 2.34442
1005 4.0047
261 -7.99884
845 5.10828
844 4.36377
808 7.98932
801 -5.35706
809 -2.03015
713 6.79987
708 7.30957
811 -4.36328
970 67.9511
592 0.963806
697 -0.730469
1221 51.1199
838 -0.427856
540 0.988098
703 1.89178
1057 85.2936
845 13.2351
27 -20.7828
111 -33.6594
687 5.12421
245 -117.378
844 3.70996
297 -33.6489
182 -15.33
802 -4.3515
1236 -2.68274
634 1.31519
1093 2.69165
971 20.6454
729 14.7447
192 -15.1033
62 -38.1284
798 0.433655
94 -35.7514
1142 -0.312256
970 20.4339
930 22.1931
969 57.2966
185 151.685
296 -99.6574
1051 123.568
883 21.1706
797 -1.30518
9 -33.0365
797 -1.30505
1115 58.3529
203 -13.9438
919 4.5603
785 3.88354
1154 18.0802
598 1.24115
913 8.43567
800 2.82001
776 2.97919
981 -13.7891
253 -10.3285
103 -35.1826
561 1.24463
947 23.6658
716 7.56744
773 4.51465
1173 3.31287
811 -4.33783
988 -29.7968
234 -12.0965
830 25.5342
883 21.1891
424 74.9953
883 21.1924
335 -5.78534
608 1.36169
406 -2.60565
775 0.250488
772 -1.10742
1020 79.7865
194 -13.8092
785 7.51666
898 3.08453
1132 55.4972
985 61.5201
165 -14.9443
190 -14.8384
855 13.3741
1091 56.7373
115 -32.1747
1082 8.07007
984 -8.99432
740 3.36212
33 -29.736
903 1.72968
859 3.09558
811 -4.33551
252 -17.8311
900 20.0856
841 0.330627
957 47.6676
798 0.432068
111 -33.6495
274 -48.8531
981 -13.8143
1030 17.7095
1006 4.02777
650 2.36499
891 16.246
539 -0.517761
152 -21.154
972 57.5288
142 -18.5593
907 18.3237
797 -1.30518
1122 6.43542
863 14.4211
17 -21.3376
717 11.6701
33 -29.7352
175 -15.0644
934 -34.475
765 19.6047
744 2.79901
1142 23.4707
771 1.75635
721 6.86938
191 -14.562
699 -0.533325
900 19.0492
121 -31.9462
111 -33.6603
687 5.12427
1052 90.4064
716 -0.736694
241 -9.47278
920 21.5878
963 71.0269
107 -34.4382
879 17.0807
793 1.64722
121 -31.9456
861 4.32477
708 7.31024
767 -1.80688
868 -1.3161
769 -1.35736
978 71.3467
110 -33.684
356 -5.2771
677 4.82068
753 -1.30072
478 -3.80505
950 34.5269
995 -9.35828
956 24.3423
880 5.59131
1005 -2.65204
900 20.2216
887 18.9919
193 -14.4773
847 1.93579
651 3.73859
802 -4.35028
80 -40.6451
747 5.63428
911 21.8465
387 -7.40823
355 -149.973
747 5.63708
121 -31.9258
900 17.2197
232 -12.4005
893 5.20819
698 2.23877
774 9.82184
889 18.6016
800 -6.32263
844 3.97327
952 18.4509
890 16.1689
907 23.8952
877 15.8732
108 -34.4837
957 20.9825
785 7.51477
768 5.87451
118 -31.8837
831 3.49921
193 -14.4996
99 -34.1433
658 3.5592
987 28.8911
565 0.964172
835 -3.13397
922 2.10852
169 -15.7617
835 9.03003
976 22.2184
864 12.7899
897 17.5139
966 27.617
588 1.21893
993 -8.16016
711 -1.29108
811 0.950684
1057 85.3043
880 13.1693
92 -37.383
802 3.79742
735 3.70856
563 0.614502
338 -5.63205
173 -15.7484
893 0.220154
882 13.3977
1009 26.3209
823 -4.17944
1131 24.9199
913 -6.17224
547 1.32306
632 3.31555
1074 170.81
695 -0.648743
367 -74.1524
1037 88.9612
712 8.07501
101 -34.2591
24 -47.7359
887 18.9903
940 31.9346
907 18.3619
717 -2.00262
299 -128.428
1023 17.5232
1122 65.4799
882 13.3549
878 22.0247
1173 3.31287
1185 -24.6606
1155 -6.23499
727 6.15033
999 -8.54102
1087 103.571
33 -29.737
875 12.7529
863 2.18011
644 4.83917
38 12.388
983 28.5252
1070 34.5842
62 -38.2033
738 1.69629
1024 103.496
895 18.058
893 -0.512573
878 21.6229
1174 -16.9307
737 3.20056
917 25.0715
903 2.34503
831 1.68304
428 -2.13593
939 34.4373
940 32.2228
750 5.80927
1083 57.2209
824 -1.21814
1057 101.947
631 2.09155
1220 -76.8605
356 -5.22775
863 4.21844
972 19.9343
174 -15.6279
812 -0.750732
106 -34.9475
773 9.19293
155 -25.9719
133 -30.954
1042 -22.0284
1142 -0.298584
924 4.797
957 47.2006
357 -5.15271
843 4.60468
357 -76.0719
872 5.49438
688 -0.537842
692 7.02881
1076 153.971
729 0.484619
795 4.77295
971 27.7883
151 -16.4271
863 2.44171
166 -15.3812
674 2.95996
622 1.87665
816 4.69098
783 -1.2804
160 -16.4896
1056 84.6403
766 -3.00702
296 -33.4704
876 20.1299
917 20.1192
987 29.6529
952 21.3196
833 8.75604
72 -37.5682
952 56.291
855 13.3432
844 -3.70062
889 18.7702
746 2.66553
903 1.60547
969 57.4715
729 -1.50366
941 26.6893
791 8.80579
975 27.7655
744 2.74652
690 5.63641
1049 7.78564
1005 -2.76837
377 -4.14771
1009 -5.09161
778 -1.39404
1028 102.541
963 20.1587
922 25.9114
827 10.7935
702 0.145447
106 -34.9414
354 -157.765
1140 12.2618
167 -15.1859
193 -14.4009
598 1.24054
833 1.43109
1007 3.81372
635 2.04913
817 8.48535
903 22.1125
912 7.70251
692 1.03815
744 2.66229
790 2.82233
963 69.3641
609 1.33813
347 -76.0183
747 3.77332
1074 41.9509
938 30.8906
858 18.546
858 18.6234
797 -1.30676
393 -2.92984
716 -0.108521
264 -17.3493
725 9.18427
638 2.17365
818 6.21436
22 -21.0206
1220 -76.8622
274 -48.8664
883 21.2448
886 18.8599
822 -2.70807
1203 11.4468
33 -29.7319
785 7.51831
515 -0.434814
802 -4.36395
898 1.43079
789 -6.40784
834 2.57819
820 -2.70435
769 -0.99353
1057 84.9683
941 22.0715
556 1.21173
993 -8.85199
1091 56.8177
193 -14.4301
37 -28.5854
810 -4.43164
877 24.8578
1130 23.9551
951 34.8239
230 -56.9096
107 -34.4381
845 7.42059
955 17.6536
925 22.8636
748 5.06207
699 7.56573
259 -99.4186
847 -0.0944824
802 -4.35175
992 30.8556
515 -0.437439
754 13.9099
206 -12.3107
859 16.5723
776 0.510681
677 4.81952
1017 93.1033
756 -1.42065
492 -12.2808
357 -143.847
1192 -21.5084
955 80.3257
112 -33.9296
947 23.7175
671 4.62646
1037 88.9885
1076 153.346
955 32.1789
190 -14.8386
953 80.3854
821 -2.07458
972 19.8665
235 -11.9528
772 0.458984
846 -0.0678101
741 4.24762
883 21.2
647 2.23444
481 -1.53104
523 -3.93427
815 5.29254
1132 55.4869
927 21.7179
146 -28.3836
52 1.70948
1084 55.8932
361 -78.5923
30 -78.3373
893 0.244324
717 -2.03717
1088 114.016
844 -3.70526
1192 -21.4073
1115 58.4155
502 -0.938202
598 1.24121
1094 -8.27698
1155 -6.25171
925 -3.62036
182 178.369
927 21.7179
228 -2.11778
863 2.10266
671 2.81165
265 -102.331
956 21.2749
1117 55.2512
897 -2.03662
1019 96.5303
690 5.06946
912 7.64795
1030 17.7242
823 11.9758
971 27.7907
743 4.47467
802 -4.36261
914 8.60907
826 0.781372
1042 -18.3238
766 -3.10431
900 5.09937
997 -8.8382
772 5.28455
173 -15.7485
721 4.36603
836 11.3468
1117 38.3506
754 -1.41785
778 1.08142
1004 63.6492
635 2.12347
969 25.0897
1017 93.0109
951 33.1124
620 1.6944
990 -7.65472
100 -40.4901
1222 -24.3029
712 2.04163
981 68.2491
122 -31.6535
831 2.13123
168 -15.6015
41 -5.00697
515 -0.435059
627 1.0899
747 3.74786
232 -56.804
797 -1.302
694 0.33551
907 18.3432
831 -0.795288
952 21.3131
848 1.9834
698 -1.83984
1042 -22.0917
1036 81.8773
623 1.84613
903 2.82739
744 0.354797
797 -5.78662
654 0.649841
956 19.7161
754 -1.97711
983 71.5088
1204 -26.4551
986 -6.88226
889 15.6783
208 -13.6579
882 13.3948
668 2.77924
727 5.91254
717 2.13806
750 5.43994
680 4.86469
1032 111.325
107 -34.5165
736 4.70428
515 -0.434998
749 -0.765686
166 -25.5984
519 -0.308777
19 -21.3464
192 -14.5864
708 7.53223
655 0.7948
772 -1.33893
690 4.66394
1080 1.20593
753 -1.78656
76 -40.4591
139 243.34
604 1.24158
772 21.1342
778 1.07788
162 -15.9227
772 0.460388
203 -19.5661
952 21.2842
673 2.90137
857 12.8773
758 -2.38928
698 2.2085
994 74.7402
827 10.8008
693 5.04865
695 6.29443
858 18.6001
1073 176.363
890 23.2429
174 -15.307
201 -11.2185
600 1.0379
1028 6.74268
395 -62.9955
895 16.0736
924 17.8793
1139 11.5295
957 20.9859
719 1.28223
184 -14.8209
606 1.27399
862 14.5543
493 -1.18307
689 5.61298
939 59.5245
819 -5.42841
951 33.5428
826 0.789917
296 -99.6526
102 -33.6079
57 -36.7731
888 13.4508
566 1.15533
725 -1.0022
609 1.32904
349 -5.48087
621 1.72656
654 3.49847
788 -6.90527
911 19.3926
844 4.62488
970 57.363
827 -3.58197
876 11.8084
689 -1.61456
1195 -59.8794
847 -0.0975952
994 -8.24506
717 -2.00299
963 42.976
689 -2.58246
641 3.00525
699 -1.82709
135 -30.3201
787 -2.37311
777 2.97784
257 -7.96683
919 21.2753
936 24.3335
188 -14.8857
882 13.4132
359 -14.6501
1203 3.52539
809 -0.169006
669 -1.21954
858 18.583
108 -34.484
691 4.44934
383 -4.25238
832 8.6134
90 -34.8358
703 -0.92981
939 34.8657
766 -0.403503
725 9.185
995 26.9701
927 21.7181
95 -35.9354
820 -2.70007
706 -2.88605
688 5.41998
337 -82.1385
803 9.04572
1057 101.958
9 -21.0292
774 0.0883179
1019 96.58
776 -14.392
842 7.95398
112 -33.9751
1142 -0.325317
126 -31.0627
700 -0.422302
820 -1.89252
556 1.21167
1004 63.5218
680 4.86456
644 4.84009
956 22.2591
913 21.7297
900 5.09021
947 18.8416
967 58.427
961 62.3425
708 7.31049
464 -3.92487
774 -1.08667
1001 2.51184
831 25.4814
727 3.61987
690 -1.13824
349 -75.724
33 -29.7379
776 -0.843567
850 5.61969
343 -5.61002
886 18.8663
1009 -26.1835
289 -58.6587
608 1.04578
620 1.6944
697 7.26001
952 56.8124
871 14.0131
864 5.9726
537 0.8479
691 -0.605408
222 -13.4808
782 24.0652
879 4.44916
281 -97.484
1074 41.9813
913 8.57953
956 72.6396
754 13.914
786 -4.65247
698 5.01813
875 12.3304
123 -32.3057
730 -3.06891
834 -1.03882
1004 63.3583
721 4.50562
139 243.393
846 4.92181
778 1.09076
876 12.3126
163 -15.0183
1161 -3.38989
122 -33.8031
878 21.6161
295 -6.88358
608 1.36554
519 -0.309631
876 12.2925
249 -125.385
41 -28.3273
1145 3.17676
378 -55.8674
828 -3.19183
893 -3.66412
166 -25.607
84 -35.918
988 29.0035
1043 83.4702
349 -97.7852
876 13.7751
20 -21.1814
951 11.705
683 4.78888
72 -26.1744
1052 90.3798
344 -83.0016
338 -5.62793
894 0.25354
721 8.60217
230 -9.89351
689 -2.58392
736 3.27936
744 2.79218
126 -32.4321
924 3.38501
900 5.25531
1012 -0.595154
928 24.9442
410 -2.54691
199 -13.1303
747 4.10815
102 -33.6085
1038 89.3815
956 21.2789
811 -4.35272
934 15.1735
849 2.88904
675 1.8078
811 1.70544
1084 36.814
745 2.63849
676 -1.01245
193 -14.4958
110 -34.3163
106 -33.9194
844 4.37183
416 -2.46402
192 -14.8527
796 3.21075
533 0.724121
877 15.8725
373 -25.8504
523 -3.9342
771 1.75421
147 -17.244
671 -2.17053
436 89.277
903 2.39362
920 21.1617
846 -0.163513
771 1.7547
289 -59.3289
845 4.86523
903 2.3454
847 1.92474
956 21.2893
262 -15.7884
1073 176.42
736 2.83112
1027 82.9628
966 70.9009
929 15.7748
834 0.899658
1080 1.17871
733 3.76764
879 7.58063
430 -39.5691
1056 84.7087
179 -15.1453
974 67.5234
843 9.95209
733 2.21295
860 2.53149
303 -37.893
1145 3.18884
154 -26.2097
1031 102.731
793 1.63782
1053 125.538
237 -11.621
673 2.90192
947 23.6667
917 2.78558
715 0.400085
515 -0.435913
41 -30.3815
161 -16.1049
152 -16.3707
809 0.487488
241 -9.47281
275 -105.711
778 -0.426208
814 4.6048
947 23.6168
744 2.74219
141 -14.2725
238 -52.8428
811 1.02948
386 -8.41074
115 -32.1443
793 1.6474
100 -25.0103
747 5.63544
1050 114.513
926 15.316
927 21.7189
692 3.78589
871 16.1912
338 -84.2415
140 -30.2626
1005 -2.19147
791 -7.73645
403 -2.67224
726 8.72101
160 -18.2189
345 -5.48383
935 0.505676
1014 68.4031
715 -2.6366
1231 -8.41211
755 7.08197
367 -74.1498
24 -47.7402
995 72.043
192 -14.586
28 -21.2733
886 18.7335
924 4.95172
747 5.63794
672 -0.00537109
139 -9.82877
1028 83.6053
1009 -26.2272
230 -12.308
872 10.4085
72 -37.6232
773 7.82996
850 6.74487
717 -2.00073
707 -0.21637
24 -47.7332
811 -4.34277
338 -84.4367
1044 11.9612
1016 -5.04321
197 -14.3863
952 21.2657
442 -39.446
744 3.51141
202 -14.2349
689 -2.59015
401 -55.3535
971 17.7396
200 -13.7261
224 -12.5256
680 4.86627
621 1.70422
285 -100.019
174 -1.41368
1016 -6.02197
827 10.8267
393 -2.93307
1061 50.3766
105 -34.9828
747 5.63831
234 -11.9512
882 13.4875
920 21.6935
1005 -2.46411
636 3.21979
539 -0.517944
675 1.74799
903 2.34247
971 27.7905
281 -7.3071
707 -5.06677
910 19.9257
313 -6.32291
858 18.6743
139 243.413
747 4.62561
351 -79.8802
1038 92.9817
862 23.6709
667 2.7746
728 -1.49365
909 8.7572
697 -3.53552
519 -0.314209
827 10.7904
303 -6.89874
766 -3.12207
912 7.59723
903 2.34747
973 68.3655
748 3.04791
810 2.16571
717 -2.0083
110 -34.317
936 20.1669
789 2.12164
903 2.367
844 8.1416
522 0.40863
219 -13.0426
315 -6.37421
33 -29.7394
1031 102.226
779 0.271423
906 21.754
1083 56.616
766 -3.07806
285 -7.20181
995 71.9037
828 8.87708
188 -14.4951
196 -14.292
900 17.2216
688 7.64807
847 1.93451
689 -2.58734
944 18.1019
952 21.3213
783 -1.52808
862 4.23297
820 -2.71735
317 -94.1767
1204 -24.6514
105 -34.9803
598 1.21332
996 -7.24951
965 27.8165
1042 -21.7459
1026 82.1987
1080 1.18274
205 -13.7588
1122 65.3513
908 3.59296
950 40.6954
367 -74.1494
995 72.0065
820 -2.70172
1204 -26.4344
1216 -80.2473
783 4.08734
700 -2.30365
947 23.6144
166 -15.3805
265 -17.5051
913 8.38049
796 1.9931
866 0.25415
1130 36.9666
106 -33.8807
526 0.137817
701 -0.921814
887 16.9381
1115 58.3711
911 7.46259
164 -14.969
1091 21.6373
839 11.2733
1006 71.652
154 310.487
1012 16.0543
1193 -1.32581
920 4.46082
107 -33.8325
912 7.41193
970 69.4227
875 4.79803
930 22.1928
978 70.3948
912 7.57513
832 10.2528
858 18.5308
100 -25.0064
677 4.81958
1166 -41.7937
609 1.31628
341 -79.7635
122 -32.5625
1155 -8.23364
345 -5.4689
744 0.350769
1080 1.24683
1044 99.9696
808 -0.0554199
837 2.02979
498 -0.963531
1161 -10.5383
760 0.924011
239 -11.486
982 -11.8395
1171 -24.8046
736 5.52112
764 16.1996
874 1.97583
955 35.7332
1174 -16.8809
674 2.96088
784 -1.29218
674 2.96033
668 -1.59229
728 4.79871
841 0.593933
443 -2.25064
887 18.9508
1087 129.861
736 2.86292
910 1.97412
902 1.69226
673 -1.7428
739 0.0840454
102 -33.6081
811 -2.22797
1159 -0.374268
1030 17.7305
889 18.7175
732 2.37109
956 21.2837
175 -15.7206
1027 18.5067
345 -5.48572
705 -1.22272
708 7.31116
891 2.49615
886 18.8689
41 -28.3271
166 -15.3809
947 23.6378
412 -2.53561
1100 -4.98877
1161 -3.40442
912 7.44879
33 -29.7388
1079 58.5217
739 0.203247
1049 7.78503
1232 39.7971
952 7.6767
417 -2.48492
927 20.3799
527 0.561829
862 23.3788
598 1.24109
24 -47.7278
852 10.5094
947 25.4067
20 -32.3207
692 -0.778931
1185 -24.6698
993 14.3568
250 -8.39731
947 23.6168
689 -2.58191
963 45.9463
934 15.1994
180 -15.034
1044 11.9718
159 -16.0965
995 72.0106
755 -0.395325
136 -30.2274
259 -17.3116
743 4.44293
630 2.15497
807 -5.56671
1112 13.2653
811 0.851257
229 -13.5226
793 1.65717
897 3.57886
1045 101.486
850 11.5743
834 1.91455
1042 -22.1733
921 25.9508
903 1.32977
586 1.16449
934 -1.3316
775 -0.7453
164 -15.2208
1115 58.3567
771 1.73645
1131 55.1223
956 72.5554
193 -14.4998
1232 46.4617
350 -5.48068
203 -13.7712
877 15.8677
1077 55.4425
703 -0.910278
802 -4.34949
1187 -92.9633
724 1.45703
1187 12.5964
613 1.15582
1142 -0.300781
662 -2.13672
745 -0.0917969
370 -4.43918
298 -6.83185
802 9.23785
947 24.8193
708 7.31073
1233 -2.22363
737 -0.750977
600 1.30902
888 19.1432
697 -0.0267334
1024 -1.17456
214 -13.7053
1004 0.766785
711 -4.91553
1142 -0.312622
708 7.30969
612 1.54156
1008 22.9986
955 33.9882
292 -7.00269
563 0.614502
310 -6.48801
774 9.35547
980 17.3604
668 -0.942871
124 -31.3891
303 -6.58563
378 -4.54767
824 -1.17688
247 -10.8618
916 0.323486
702 2.91473
956 21.2625
793 1.64069
950 21.255
875 8.28033
897 0.119568
808 7.97266
796 18.5575
515 -0.434875
966 55.6826
688 4.66132
736 3.79901
903 2.34473
1036 81.8789
820 -2.70087
254 -18.92
817 9.10956
728 3.93048
720 -0.0864868
50 -22.0617
913 2.81854
785 7.5191
708 7.31006
947 23.6139
635 2.25421
700 -0.569519
997 -18.1711
609 1.39124
1229 4.11841
127 -31.6578
637 3.36072
159 -16.0962
1230 -8.25684
1023 -2.06494
1063 158.961
72 -37.5721
136 -20.4166
503 -0.554291
436 73.4586
347 -5.48892
811 0.959839
1067 31.1357
1115 58.3679
329 -140.278
154 -12.8697
1216 -70.519
1237 -18.7153
503 -0.154694
107 -34.4371
370 -74.6702
978 29.0906
1004 63.6851
178 -15.2046
963 42.9873
974 -12.3982
281 -7.34579
674 2.96118
886 18.8771
416 -2.50885
702 2.88623
839 -2.77319
858 18.5386
282 -7.27631
864 20.3818
556 1.21252
754 -1.42419
913 19.5641
1009 26.33
176 -15.7115
891 17.798
932 32.8129
97 -35.6757
100 -25.0109
1076 155.975
929 21.9303
203 -14.5453
1003 27.8105
67 -39.0381
519 -0.306946
928 18.7987
1107 43.7799
106 12.038
662 2.43036
62 -38.137
971 27.7886
898 17.8249
349 -5.4823
734 7.76312
1116 57.4487
882 13.3101
100 -25.0061
1098 59.5815
1204 -24.6587
899 31.4252
515 -0.433472
133 -30.9545
940 20.2874
237 -12.6973
598 1.2132
1119 62.2107
897 -0.135925
1052 90.3776
715 2.47711
478 -3.80539
906 2.79254
502 -0.977386
737 3.33942
1044 11.9651
203 -19.5659
679 4.69189
536 0.786621
631 2.1601
824 -1.14154
1155 -6.23303
382 -3.52817
989 70.0244
1024 -0.927917
637 3.10443
42 -35.1344
646 3.08984
1009 -26.205
952 21.3099
241 -9.47322
348 -5.53415
1203 -16.1598
324 -6.03229
916 21.201
24 -47.7185
708 7.30981
630 2.18085
717 8.1908
565 0.965515
535 0.824585
771 -0.888672
896 16.0723
674 2.95984
382 -3.52881
840 8.06049
1092 -7.1626
875 17.1414
731 9.55786
759 -3.87073
515 -0.434998
1195 2.1665
419 -40.0782
138 -29.5792
715 2.65228
1042 -24.5406
935 2.18719
1148 16.4486
137 -29.7899
1192 -21.4977
930 22.1935
811 0.808105
1019 20.3595
952 21.2816
1155 -6.25464
644 4.83948
313 -134.266
1074 42.0122
901 20.3304
780 -0.886108
606 1.31531
108 -34.0973
1145 3.19788
620 1.82056
807 29.7462
177 128.926
795 4.77307
760 1.36292
827 10.801
1101 56.2299
854 16.1099
534 0.772827
845 9.81366
882 13.2897
209 -13.5538
949 35.262
681 6.03296
1132 55.4659
1142 -0.293701
771 1.73737
828 -2.34613
1004 0.797302
931 31.4952
791 -8.21014
890 14.5333
166 -15.3813
146 -28.3831
313 -78.7933
419 -2.36337
689 -2.58093
946 56.8536
907 18.3425
853 8.55371
177 -15.5755
201 -13.8968
1094 75.495
186 145.359
824 10.7623
133 -30.9562
190 -14.8384
766 -3.07581
294 -6.94904
53 5.02204
166 -15.3816
675 -2.29437
925 -1.25952
100 -25.0064
820 -2.72589
854 16.0954
236 -11.966
1004 63.6958
654 5.48431
816 -2.45654
653 2.73871
338 -5.63202
367 -75.3976
825 0.36908
999 13.519
948 16.0779
102 -33.6081
183 -15.1782
139 243.3
890 13.1595
515 -0.434448
747 2.48663
515 -0.433289
701 -1.67029
503 -0.154663
876 20.8806
896 6.54657
757 0.151489
824 10.7623
780 -0.888855
361 -88.7093
831 -0.804138
342 -82.8405
655 3.27081
778 1.08868
1036 82.4962
56 0.141232
880 5.58569
730 3.53833
42 -0.519588
1009 -26.1835
922 1.56421
882 13.4019
598 1.21393
858 18.5562
217 -13.1448
951 16.9453
854 16.0273
677 -1.67651
947 23.6125
995 20.405
289 -58.6574
971 57.4945
652 -1.35461
875 14.4156
448 -5.82257
126 -31.8587
350 -5.44406
1097 9.3374
751 -1.51099
914 8.41211
1184 -4.24561
41 -28.3277
376 -21.9448
113 -32.5682
863 4.77301
927 21.7179
498 -0.938599
156 -16.2769
947 23.7062
818 1.47803
858 18.5515
912 7.46454
941 56.439
59 7.91525
845 12.7266
1209 49.5431
1131 25.1005
1015 -6.15216
802 -1.65826
901 20.2947
933 2.18951
51 -22.0866
177 -15.4086
798 0.534241
947 23.6254
1037 82.1998
100 -22.2637
156 -26.7532
449 -38.3601
1205 34.8911
877 10.2122
820 -2.72314
788 1.31134
1008 23.0008
1094 77.6664
981 -13.7954
352 -5.4136
28 -29.6442
844 4.21857
680 4.86542
844 5.08691
927 21.719
1005 3.22687
499 -1.00735
462 -2.30768
894 16.4535
234 -11.9727
849 2.96826
1235 -2.62915
666 2.72705
166 -25.608
44 11.5004
833 3.29205
797 -1.30548
733 -1.64557
857 19.9493
478 -3.80563
747 4.16553
1107 64.3611
369 -4.41324
1159 11.7686
943 53.6619
1059 108.199
347 -5.51422
127 -31.6221
200 -13.7249
363 -110.974
579 1.05457
1046 110.847
947 23.6171
797 7.22137
827 10.8002
372 -4.41943
823 -0.670776
824 10.762
1036 89.13
924 16.3663
1005 3.52753
879 13.8398
93 -35.5184
1159 11.7153
123 -16.3009
1155 -6.24817
542 1.21448
668 -0.819885
723 6.92169
974 -12.4086
581 1.05884
565 0.965881
797 -7.81732
769 4.63397
348 -151.673
44 -4.98904
272 -7.74274
832 7.245
14 -21.1077
794 18.0654
969 57.4166
757 3.47821
300 -32.5726
1005 -2.23254
254 -100.575
775 9.17572
1036 89.1858
889 18.7233
897 -2.13043
777 2.98267
162 -13.73
1009 16.3754
700 3.48444
821 -2.15112
206 118.127
207 -12.6654
894 4.2818
107 -34.4374
461 -2.31992
771 1.73718
788 7.16077
111 -33.6497
780 -0.890503
783 -1.52582
971 6.42664
946 22.9824
907 17.9443
234 -11.9852
930 25.4458
747 4.15289
497 -1.15945
1119 38.088
580 1.0495
1145 3.16943
923 2.20245
809 2.57599
723 4.27295
329 -140.224
990 -15.6832
1154 5.23267
342 -5.57291
824 10.762
377 -4.23315
1145 3.18457
289 -58.6599
1021 20.3699
747 2.49493
971 68.011
785 7.51648
1063 48.1906
927 21.7136
627 1.90808
885 16.6273
858 18.5445
936 24.0939
865 8.81354
1115 58.3698
1096 -5.78906
682 -2.19525
689 -2.59015
725 9.01874
141 -14.1266
41 -28.3272
1021 -3.32379
820 -2.73346
982 -11.8395
887 18.9796
105 -34.9747
940 56.9495
886 18.8724
1077 55.5341
856 10.9718
666 -3.01093
889 18.5355
535 0.806763
610 1.38196
884 2.05511
976 29.165
853 5.80896
478 -3.80521
139 243.422
192 -14.5863
816 9.85382
799 -4.26611
102 -33.6238
1057 85.208
947 23.6155
576 1.03668
822 0.920532
1079 62.8927
715 -0.544556
1115 63.0231
832 8.55298
982 58.8022
947 23.6216
378 -75.0923
877 15.8676
898 1.05658
794 18.0012
456 -5.85986
938 -7.65875
877 15.871
100 -25.0044
695 -0.883667
24 -0.612553
1042 99.4551
690 -2.28912
861 4.65411
1016 -6.00586
726 4.38184
14 -21.7143
901 20.7362
1202 -55.0063
442 -29.9055
1052 90.3755
956 24.3445
667 6.07727
9 -33.0405
437 89.0418
771 -1.09082
741 9.01611
200 -13.7264
624 1.28503
824 10.7623
137 -29.9519
1031 101.853
802 -4.99432
200 -13.726
1153 4.59827
916 18.8108
354 -5.41388
789 -2.08905
708 7.31049
930 22.1927
360 -5.1673
367 -74.1501
741 9.008
258 -17.8768
771 21.5557
974 67.7711
733 3.22601
831 -0.806335
923 1.69971
1136 11.5251
1216 46.3132
346 -154.067
1014 -6.36133
741 8.99817
778 0.142273
656 3.69012
982 68.4453
1220 -22.0417
758 18.2396
2 -20.8827
1037 88.9929
826 0.795471
711 1.17303
502 -0.376068
1074 41.881
739 4.8252
520 0.09729
691 0.412903
825 7.50385
518 -0.281189
1118 62.6718
890 12.9513
317 -80.2165
741 9.0083
501 -1.07285
134 -30.6542
1057 85.1062
791 -8.22852
183 181.442
798 18.1489
971 68.0947
404 -62.6761
675 -2.86371
714 3.72528
992 -18.1083
1048 99.3131
844 6.32001
1057 102.07
962 70.1499
173 -15.8073
927 22.582
241 -11.3998
892 12.7391
792 -0.497498
824 -1.18378
329 -140.224
968 20.799
865 -0.615662
681 -1.36823
640 2.26111
1019 80.4524
995 72.0615
67 -39.2858
621 1.52423
365 -4.79422
1074 141.999
261 -8.07407
996 30.1107
1057 101.985
897 -2.31128
200 -13.7271
826 0.796448
898 5.12006
976 22.4281
824 -1.17163
375 -4.68579
1082 2.81531
925 1.71478
828 1.79919
724 8.45923
956 18.6254
808 0.627808
777 -0.820068
982 62.8411
1161 -9.9165
733 -0.296936
788 2.89508
42 -35.2256
794 -1.26105
930 0.874695
108 -34.4794
1074 41.9976
666 2.72217
1057 84.764
971 27.7888
102 -33.61
1154 -22.1779
1159 11.7499
438 -39.5112
130 -30.8014
621 1.70355
785 7.51721
393 -2.92792
59 8.01933
212 -13.8018
824 10.762
1037 82.3256
523 -3.93414
960 76.9087
889 13.2389
189 -15.014
641 0.79425
665 2.92535
123 -16.3002
2 -20.8854
157 -14.1269
953 62.3635
748 2.61737
1016 -6.23132
732 7.88458
1173 -2.15076
945 15.918
512 -0.569946
964 72.0743
868 13.006
897 16.6985
134 -9.50012
537 0.828613
782 -0.0403442
744 -0.661804
855 11.8528
639 2.92273
1052 91.2064
185 -15.1824
621 1.72339
1005 3.16846
864 11.1204
1073 40.6305
1100 3.41064
335 -82.1751
886 18.8751
1059 108.06
882 13.4507
656 3.50342
485 -18.9076
831 -0.789429
816 4.68463
258 -10.7912
853 16.324
515 -0.434631
83 25.1154
368 -4.57593
260 -8.1974
808 7.97467
793 1.49615
913 19.5795
826 0.668091
380 -4.4527
952 21.2883
771 1.75537
956 24.3358
942 20.4613
1057 85.0594
99 -34.5257
133 -30.9559
102 -33.6079
193 -14.4998
827 10.8009
190 -14.8013
785 16.5219
846 -0.162354
339 -5.6376
672 4.48419
844 -3.70502
1057 85.286
759 -1.36993
762 1.36853
822 7.52045
878 21.6158
802 9.20361
973 72.1687
721 7.86383
771 1.75397
830 -4.16614
846 -0.156921
726 7.76569
1174 -17.1958
187 -15.1212
672 4.4845
1033 102.546
340 -169.274
1087 103.646
26 -33.2599
488 -1.37012
454 -7.04166
915 20.0939
982 28.5401
833 7.94824
978 22.6823
824 -1.58777
1044 11.9689
134 -13.1505
760 6.9621
356 -5.27765
1091 56.7441
306 -44.8622
640 1.32898
562 0.619629
745 8.2312
995 72.447
13 -37.439
837 11.3203
685 5.21637
538 0.89325
656 -2.35742
1046 96.5541
855 16.355
866 13.564
903 1.73615
680 4.86438
827 0.285828
636 2.4231
516 -0.481079
1016 -5.99445
841 0.546875
1056 84.67
826 0.78656
827 10.8007
674 2.95978
731 -0.578491
651 2.68781
674 0.252441
102 -33.6084
105 -34.9808
851 29.7686
941 17.5533
124 -32.6174
999 73.5758
1159 -0.37207
747 5.63397
128 -31.1359
49 -28.6643
703 -2.56909
656 3.50348
794 -2.78912
778 0.161316
841 0.565186
296 -99.6527
791 17.5573
791 2.35571
842 8.07281
1015 2.58649
944 25.5683
801 4.42181
357 -5.20526
631 1.72455
598 1.21332
1036 89.0874
955 22.5762
869 13.3879
1234 47.2448
341 -5.65814
1076 154.984
78 -39.8169
838 5.03693
965 67.0593
712 8.07849
917 17.6251
23 -34.2958
21 -33.052
934 15.2168
227 -11.5178
478 -3.80634
853 8.32135
866 19.7065
244 -8.39461
859 32.6201
785 7.5177
767 -0.243164
191 -14.8077
849 2.84137
831 -0.808777
1149 1.20789
1205 33.3712
934 4.8548
1147 0.325317
1074 37.297
1042 -19.852
99 -34.3146
1159 -0.369385
835 11.4341
744 0.378052
355 -5.25201
773 7.63708
968 70.2107
1052 90.3844
96 -35.4772
1056 26.9347
795 -3.40479
795 8.24982
353 -5.35907
858 18.6706
1087 103.576
428 -2.09363
1107 43.8177
903 2.34564
900 19.8655
793 -3.89368
67 -37.4822
701 -3.34515
699 2.0816
892 2.37402
829 -2.49622
1182 -5.14209
517 0.235046
596 1.31055
144 -20.5547
117 -34.1596
140 -30.2151
1008 22.7819
854 15.9323
921 21.9285
987 29.6805
931 15.5409
1005 3.49548
822 -0.724182
337 -5.66977
697 5.97906
889 13.246
912 7.54297
923 19.6162
358 -5.27884
148 -14.2317
800 -5.77155
755 -1.99609
466 -4.02277
969 70.5986
361 -74.5166
673 2.90143
1216 -25.7125
1109 -2.09595
808 7.98236
21 -21.9826
598 1.21344
165 -15.0575
915 21.5906
674 2.33032
639 2.51373
165 -15.3705
443 -37.0968
1120 2.81238
644 4.83978
1074 42.1355
266 -17.9487
805 2.26678
886 18.8752
1155 -6.42175
955 33.7654
795 3.21985
443 -2.25055
703 -0.105042
40 -63.801
223 -12.9001
892 8.95898
952 56.3921
1096 55.9773
901 20.3008
844 4.255
1063 48.286
1035 90.3037
971 27.7906
98 -35.4827
938 21.3628
965 63.4069
771 -1.29279
133 -30.4084
1231 -8.40955
400 -2.71808
969 79.0151
1091 56.7234
1036 81.8732
136 -30.3429
123 -32.3609
51 -22.0861
126 -32.4259
110 -34.3164
1036 81.8784
889 19.2
628 1.93195
913 19.5408
379 -3.77072
936 -1.46423
529 0.455261
716 11.5818
413 -40.0745
466 -4.06738
1187 12.9541
295 -6.89084
1185 -24.7626
978 22.9064
897 0.121216
945 2.77881
1198 -26.0082
176 -15.2347
614 1.31219
515 -0.433472
846 -0.162048
1159 11.817
257 -30.6906
968 57.687
753 5.80518
236 -60.2743
235 -11.9525
702 7.63843
936 24.3144
814 -4.25653
914 20.8449
677 2.20544
975 72.4932
1008 23.0031
1237 -6.18103
772 0.469177
883 21.1751
701 6.97693
850 4.83459
503 -0.154968
579 1.04449
1030 17.717
395 -2.82529
688 -0.191467
876 3.51459
829 26.1367
598 1.21356
852 10.7582
1026 7.35889
708 7.31024
700 0.706848
758 8.01349
55 -12.9839
765 10.563
855 11.5539
111 -33.6496
205 -12.8011
673 -3.02899
754 13.8908
808 0.479614
1212 -137.237
724 2.74054
999 -6.98334
1042 -20.2708
366 -4.48016
1087 103.64
993 -8.9837
356 -5.23853
67 -39.2893
844 -3.70361
146 -28.3832
934 4.85437
828 4.41376
817 8.48248
108 -34.5151
393 -2.95807
837 9.06506
381 -66.3327
234 -12.1783
999 29.847
793 1.64417
1090 68.7742
854 14.3351
1108 43.7986
150 -15.561
205 -10.7799
913 20.819
1036 89.1395
853 26.3874
890 20.4446
916 19.8766
355 -5.14566
1018 16.2229
889 18.7252
901 20.5685
1005 33.4843
377 -4.13412
1087 179.912
825 -3.47522
33 -29.7383
515 -0.433655
684 4.49072
924 24.8334
913 19.5761
22 -27.9251
275 -105.709
362 -5.07492
1009 -26.2749
130 -32.9298
836 -3.4812
938 30.8385
944 21.8258
1143 5.72986
988 32.7304
1145 3.14648
678 2.56049
1041 47.1975
796 -0.239807
794 1.15515
974 67.3374
200 -13.7262
886 18.8749
785 16.1716
1116 56.3622
964 22.7632
751 11.9915
947 23.6408
231 -12.1656
451 -2.65863
821 -4.58472
785 7.51715
714 2.09979
1024 2.09253
766 -3.10577
566 1.15576
1122 65.4766
988 29.0015
111 -11.4839
428 -3.26843
488 -1.38519
846 4.90796
44 -28.5005
759 -1.16547
1030 78.5359
942 20.5746
326 -5.82922
1055 2.49402
204 -12.8201
323 -6.2421
997 72.9552
505 -0.784546
734 5.96918
777 8.47449
888 19.1413
719 -1.96814
934 15.1719
967 79.3596
976 -11.3588
1185 -24.6779
443 -2.26175
99 -34.308
391 -53.168
242 -9.71614
99 -34.3105
910 2.00519
1005 0.771851
811 1.66071
1204 -25.4221
971 28.1022
273 -7.66263
858 18.5592
808 30.2173
180 -23.4439
898 16.5236
216 -13.1741
556 1.2121
877 15.8676
159 -26.6957
1189 -29.8851
502 -5.51904
298 -6.84128
1007 71.2318
744 6.88861
163 -19.0854
841 0.482483
608 1.36444
771 1.74475
798 8.47662
720 7.12891
673 0.366089
219 -13.0423
677 4.81964
888 19.1393
1049 122.222
1115 58.4113
766 -3.11438
1182 -3.1488
760 -0.237244
376 -69.2412
827 10.8016
876 20.174
753 13.6335
96 -25.5277
633 3.08893
911 19.3885
151 224.578
656 3.5025
490 -1.36331
938 23.3202
660 -1.30951
954 19.6344
729 4.47638
337 -5.68692
1044 11.9688
735 -0.0537109
928 -9.66217
678 -2.53607
992 -7.95551
40 -28.6642
857 18.7197
464 -4.00909
377 -73.5973
924 2.1637
975 72.2222
1146 5.58008
1234 -39.7134
848 0.160828
515 -0.433167
803 3.29675
963 23.4077
914 8.14673
1113 5.46228
798 0.483887
405 -62.1967
186 -15.1297
1081 90.6227
922 26.0902
200 -13.7257
1049 45.4625
252 -10.3484
753 5.69196
686 8.92877
1007 -5.1676
598 1.24127
775 -0.58429
451 -2.63293
1033 102.339
189 -14.2836
443 -2.25092
815 0.0324707
1116 -13.7974
1232 46.7815
747 5.63446
801 1.65247
51 -22.086
973 68.4019
944 17.0732
381 -3.25674
111 -33.4646
1142 6.74255
950 22.8505
747 3.72491
816 5.45148
778 1.08289
672 4.4826
825 10.9912
744 -0.644836
1056 85.0436
865 8.8067
827 10.8286
749 7.66803
356 -5.24014
1232 46.7432
858 18.5589
59 7.89516
207 -13.5087
938 -15.6036
1013 9.81201
792 3.78076
744 -1.38055
650 3.05664
762 4.68854
903 2.34302
837 11.3674
1217 -21.6016
738 4.52472
85 -37.2484
888 19.136
178 -15.2207
707 -0.849609
358 -5.21454
1080 1.23877
478 -3.80566
42 -86.2619
1030 17.7158
1120 16.4684
1027 7.55896
1059 107.626
329 -140.137
915 5.09589
817 8.34863
1009 26.334
1006 71.9641
747 5.63794
793 1.64691
767 -0.229797
1 -34.4813
24 6.95454
978 65.2708
586 1.15631
827 10.8267
381 -4.29614
118 -13.8415
148 -12.8858
963 43.0131
680 0.546021
969 57.4186
692 -0.434692
951 16.9169
105 -34.9825
637 2.10321
645 4.88257
846 -0.150024
855 6.67688
990 -9.04413
899 5.18878
854 5.33936
189 -15.2759
1185 -24.6697
362 -15.4307
775 -0.585083
762 -0.83136
875 12.699
747 -1.40723
795 4.66107
1187 12.9639
971 27.7899
899 3.77948
499 -0.990997
216 -13.3187
379 -74.8812
855 16.5287
77 -19.1235
556 1.21204
1066 2.45557
1060 87.0265
1011 7.38708
160 -16.4894
337 -5.75519
942 18.3033
1082 8.11719
1121 -30.4413
858 18.5887
280 -7.42349
766 -0.708984
188 -15.1295
185 -15.2868
769 -0.472046
329 -140.192
445 -22.0791
938 37.6367
1027 18.4724
654 5.49048
808 7.98853
1088 103.237
839 -1.22955
878 21.6161
99 -34.3129
848 2.53351
366 -4.349
350 -78.1428
200 -13.7262
851 8.48663
883 21.2225
982 29.343
356 -5.27594
1153 4.59949
1116 56.856
778 23.9747
935 19.3317
74 -27.8099
384 -4.47971
795 8.24988
212 -13.6492
789 -6.18994
340 -82.7302
582 1.13043
337 -5.71255
355 -5.18378
764 19.5022
687 4.4646
10 -21.0566
844 -3.73352
1142 -0.313721
553 1.19122
1091 52.8364
319 -6.38898
844 -3.70532
678 4.78583
1055 145.511
631 1.89563
733 5.61841
503 -0.154327
892 18.1495
770 9.99451
210 -13.9271
1048 99.3748
1059 148.639
130 -30.7095
92 -37.6252
371 -3.98407
836 3.40167
574 1.29651
678 2.57318
841 13.635
517 -0.27002
289 -7.13803
831 -0.80426
108 -34.7859
515 -0.433105
1097 -6.85779
757 5.07214
667 1.93237
840 11.5051
816 10.3069
924 21.9968
737 5.55359
515 -0.436279
725 9.18542
718 8.75726
296 -99.6531
827 10.8004
1192 -21.4625
