662 0.0701294
647 -0.450134
499 -2.61176
422 -38.0551
394 -44.3368
768 12.2767
233 -15.6404
671 1.95734
232 -14.5535
576 -1.13416
451 -27.429
240 -13.4332
209 -16.1451
481 -2.97714
238 -11.5715
334 -87.9229
662 0.0697021
321 -12.714
687 3.19867
385 -14.6963
768 12.2768
233 -14.8723
441 -4.33408
378 -14.1466
312 -10.9973
233 -14.8714
284 -6.79306
532 -2.34271
438 -33.2357
357 -10.4153
662 0.0730591
662 0.0698853
459 -3.77115
647 -0.448059
440 -4.14578
358 -28.3287
662 0.0698242
605 -0.955566
254 -16.8676
542 -1.8598
334 -88.0399
622 -0.625549
336 -15.6241
132 -14.4618
422 -38.054
754 2.74268
652 -0.45166
483 -2.90753
257 -19.8763
312 -10.9973
240 -13.4274
149 -17.156
642 -0.394592
345 -16.4793
165 -14.1424
647 -0.447144
240 -13.4279
280 -15.4118
315 -8.48984
446 -4.00452
593 -1.03015
1120 -27.2081
754 2.74298
712 6.77863
234 -14.1918
687 3.20074
471 -3.01154
590 -1.02362
590 -1.02222
483 -2.90741
380 -45.4734
700 4.53351
687 3.20056
529 -1.89203
754 2.7522
481 -2.9776
285 0.418884
360 -45.0121
483 -2.90741
358 -28.3262
662 1.56897
716 7.65863
331 -16.6089
273 18.0463
483 -2.90747
378 -14.1468
209 -16.0923
700 4.53406
23 -68.6177
301 -56.6896
642 -0.394409
590 -1.021
526 -1.97534
7 -54.0924
413 -7.42242
358 -28.3289
586 -0.933594
109 -26.0253
448 -4.03586
444 -4.1246
471 -2.99738
425 -9.47552
538 -2.37299
748 10.0543
768 12.2814
642 -0.39447
440 -4.13669
490 -3.65234
687 3.20056
394 -44.326
574 -1.21863
483 -2.90732
234 -14.2103
758 11.8472
550 -2.00256
88 -64.0758
7 -54.084
312 -10.9971
567 -7.62067
372 -15.707
238 -12.3413
268 -13.5373
299 -53.4188
337 -21.0655
764 12.2811
542 -1.85992
181 -28.5966
481 -2.97726
483 -2.90729
671 0.52832
259 -15.3645
398 -8.24255
754 2.75201
413 -38.7712
447 -3.935
355 -20.8806
451 -27.4293
700 4.53473
378 -15.0766
647 -0.439453
605 -0.956726
574 -1.20258
764 12.281
483 -2.90726
337 -21.3947
109 -26.0245
552 -1.86456
248 -12.5109
459 -3.77176
119 -34.4139
109 -26.0238
239 -11.392
647 -0.340759
301 -56.9963
336 -15.7107
234 -14.2088
394 -8.67755
455 -3.74387
282 1.53275
727 20.8221
744 9.88373
593 -1.03094
239 -11.3969
539 -2.37665
255 -16.1897
222 -9.49513
507 -18.0533
209 -16.0916
642 -0.394531
297 -26.5189
531 -1.79382
598 -0.906372
768 12.2834
500 -2.42203
378 -14.1461
598 -0.906189
503 -3.20877
635 -0.639587
513 -2.0993
497 -2.41025
568 -1.40631
502 -3.20584
331 -16.6081
505 -3.34769
680 18.3292
593 -1.03192
351 -26.9781
7 -57.1139
609 -36.0805
440 -4.13574
109 -26.0242
495 -2.52856
609 -0.848022
240 -13.4279
490 -3.56067
285 0.596069
587 -1.02417
331 -16.6093
238 -12.3414
722 20.3422
370 -49.6828
524 -2.22681
526 -1.97534
109 -26.024
441 -4.3342
240 -13.4262
121 -34.7127
265 -15.1027
259 -15.3577
315 -8.44904
312 -10.9961
336 -15.6095
490 -3.65225
253 -17.8382
240 -13.4275
109 -26.028
132 -14.4616
671 1.95679
673 1.79022
481 -2.97675
239 -11.4503
148 -17.158
440 -4.13641
615 -0.742432
126 -17.4901
735 21.8793
458 -2.67606
220 -11.526
365 -25.0886
402 -41.5191
754 2.75201
401 -5.73215
646 -0.331482
378 -14.9057
285 0.590454
710 6.20514
441 -4.33414
686 3.5127
238 -12.3417
648 -0.312134
440 -4.13577
109 -26.0236
394 -8.6777
728 12.6322
229 -12.0569
260 -8.65329
481 -2.97745
284 -6.79767
577 -1.10022
131 -26.5663
490 -3.56049
148 -17.1566
564 -1.4101
568 -1.39972
239 -11.3973
119 -34.3964
379 -46.4847
257 -15.5694
331 -38.9973
336 -15.6165
598 -0.906128
246 -21.0467
589 -0.923828
498 -2.66895
361 -50.2293
240 -13.4272
716 7.65912
440 -4.146
417 -8.05197
768 12.2832
542 -1.85992
344 -8.95029
352 -9.99493
132 -30.5624
490 -3.65256
598 -0.906189
454 -3.66528
586 -0.933533
768 12.2823
552 -1.86414
640 -0.464355
526 -1.97534
593 -1.03027
483 -2.90729
271 -13.4854
376 -13.0825
458 -3.62943
446 -22.3839
547 -1.77185
524 -2.84534
363 -50.1268
705 10.087
280 3.62256
671 1.95728
285 0.634399
648 -0.318542
568 -1.40637
459 -3.77084
710 6.20502
367 -13.3117
539 -2.36371
655 -0.13092
109 -26.0242
526 -1.97534
680 9.04486
591 -0.892761
425 -9.4772
441 -4.33414
768 12.2769
341 -8.94574
441 -4.33405
312 -10.9973
337 -8.79529
760 11.8926
148 -17.157
716 10.9076
454 -26.5872
513 -2.09933
133 -14.5871
505 -3.34735
364 -49.638
331 -16.6088
674 1.92816
684 1.05109
513 -2.09924
109 -26.0249
524 -2.84558
710 6.20514
344 -39.2661
394 -8.67725
7 -56.8832
250 -14.2327
148 -17.1572
388 -5.43521
544 -1.78589
483 -2.90744
331 -16.6091
285 0.623047
420 -7.78558
606 -0.866638
552 -1.86169
226 -12.6456
716 7.66364
772 4.51746
315 -8.48981
662 0.072998
459 -3.77103
719 11.151
423 -9.30893
264 29.5947
662 1.56848
1100 -22.265
590 -1.02264
710 6.20514
106 -35.7199
529 -1.82452
272 -14.2115
618 -0.826965
363 -14.837
684 1.05103
160 -18.5617
365 -49.8865
361 -50.1333
440 -4.13623
459 -3.77155
383 -9.59766
388 -5.43512
127 -19.8251
253 -17.6996
315 -8.44891
305 -9.2876
618 -0.828857
640 39.0897
160 -18.5654
310 -69.8146
401 -5.72891
209 -16.1378
254 -16.9108
684 1.05096
586 -0.933472
744 9.88171
472 -3.09009
539 -2.36621
687 3.20081
642 -0.394592
574 -1.2323
492 -19.24
344 -39.2663
440 -4.13651
730 2.14642
703 4.69708
691 0.403076
424 -5.36081
378 -14.1443
364 -49.8087
513 -2.34225
239 -11.4657
280 -15.4219
662 0.0731812
204 -14.9561
415 -8.05173
768 4.21204
440 -4.13589
440 -4.1358
345 -14.8843
459 -3.77167
276 62.6792
460 -4.16513
417 -8.05219
661 -13.3139
109 -26.0233
568 -1.40259
347 -11.4908
586 -0.933594
329 -74.617
483 -2.45166
300 -29.8493
338 -75.5502
564 -1.41132
229 -9.9884
673 1.8139
590 -0.963684
593 -1.03333
401 -5.73132
225 -9.13152
269 30.4946
754 2.75214
710 6.20514
618 -0.826904
394 -44.3295
361 -10.2249
526 -1.97534
394 -44.3358
149 -17.1562
460 -4.18118
490 -2.6756
530 -13.3817
391 -8.901
312 -10.9958
130 -20.0719
578 -1.09406
682 0.947083
511 -2.48727
412 -39.475
131 -21.3133
438 -2.9791
355 -15.8842
254 -11.1554
120 23.7039
415 -8.05338
567 -1.40027
233 -14.872
317 -64.2773
710 6.20508
631 -0.57428
388 -9.23474
388 -5.43494
321 -12.5992
149 -17.1566
289 -39.1571
505 -3.34689
696 4.13037
648 -0.318604
85 -38.6125
315 -8.48981
160 -18.565
246 -11.7043
529 -1.82831
312 -77.4633
326 -74.7004
595 -1.25751
271 -13.4855
401 -8.77649
642 -0.405945
60 -28.7777
209 -66.8458
649 -0.317139
454 -26.5872
586 -0.934265
350 -16.4293
377 -6.85727
358 -28.3253
535 -2.02374
642 -0.394592
376 -13.0826
398 -5.54446
378 -14.1463
502 -3.21124
67 -1.79183
305 -9.19809
481 -2.97668
131 -21.4486
662 0.0735474
526 -1.97534
85 -38.5621
358 -22.4656
478 -3.87137
388 -5.44028
605 -0.95636
460 -4.16339
618 -0.827454
399 -8.28708
796 24.7953
388 -5.43408
376 -13.0833
635 -0.47113
284 -6.79904
545 -1.69238
490 -3.56097
395 -8.97202
768 12.2834
776 3.9408
149 -17.1562
61 -43.5788
494 -2.62344
478 -3.9176
338 -75.5017
285 0.474915
251 -66.2472
258 -18.16
746 2.50311
354 -26.0618
687 3.20148
240 -13.4278
491 -2.65302
312 -10.9973
671 0.527954
296 -10.1343
648 -0.318665
503 -2.79614
314 -38.6301
268 -6.32095
285 -65.7295
691 3.82117
578 -1.09692
343 -11.6954
646 -0.372803
128 -25.4416
132 -14.4622
648 -0.318665
660 0.0371704
746 2.47797
285 -63.7202
862 41.3362
394 -44.3356
378 -6.53345
454 -26.5872
338 -75.532
373 -7.01624
577 -1.10022
792 20.277
417 -7.80557
344 -39.2662
265 11.7045
204 -14.9558
255 -18.3892
578 -1.0957
240 -13.4255
161 -16.7254
441 -4.33398
400 -8.80988
578 -1.09705
388 -5.43964
310 -73.377
545 -1.69141
716 7.66345
299 -9.22116
255 -17.5895
564 -1.41156
394 -44.3251
297 -51.3781
460 -4.18228
273 18.0444
671 1.95361
695 1.43378
454 -2.70273
604 -0.947693
684 1.0509
279 10.5565
315 -8.48978
273 18.0128
406 -40.4534
686 3.05048
483 -2.45233
253 -17.6369
126 -29.895
505 -3.3475
417 -8.04907
98 -39.5389
253 -18.3831
642 -0.39447
47 -6.72429
109 -26.0241
418 -7.4631
88 -64.1266
526 -1.97534
353 -39.3612
546 -10.772
722 8.14581
503 -3.23825
412 -39.5004
640 39.9781
339 -96.298
284 -6.79764
378 -14.1446
481 -2.97748
622 -0.715454
343 -9.06055
423 -9.30917
476 -4.09512
552 -1.86377
731 1.81525
407 -40.2827
414 -39.284
912 53.4274
490 -3.65244
728 11.6826
438 -2.97919
845 37.8605
315 -8.48981
74 2.90493
266 5.94598
280 -15.4214
357 -10.3965
262 12.3765
267 28.8253
618 -0.829956
239 -11.3959
321 -12.5941
143 -77.644
238 -11.572
573 -1.34161
276 62.8579
483 -2.45251
584 -0.994202
240 -13.4283
399 -8.28787
353 -50.2928
493 -2.58701
299 -35.173
598 -0.906189
577 -1.10016
686 3.05066
198 -68.1999
240 -13.4261
505 -3.34732
285 -57.1007
524 -2.84546
394 -8.67618
245 -11.1562
401 -5.7287
358 -28.3282
367 -49.8195
438 -2.97931
483 -2.45258
357 -10.396
546 -10.7711
722 1.96393
388 -5.4393
249 -13.7664
513 -2.09933
586 -0.933655
760 11.981
408 -29.7677
370 -49.6392
766 12.2582
378 -14.1458
481 -2.97748
276 61.0833
314 -38.631
682 0.947205
156 -13.7083
416 -8.11377
148 -17.1577
261 1.82376
438 -2.97894
684 1.05096
671 5.73236
414 -7.89633
404 -6.19547
227 -4.01746
412 -8.26523
643 -0.564331
444 -2.88324
691 3.8623
425 -9.47763
501 -11.8522
304 -9.22775
185 -15.0357
772 4.52063
338 -75.5125
688 0.643616
376 -9.67474
388 -5.43878
357 -10.4178
246 -21.0468
700 4.53485
89 -40.7834
276 62.7929
684 1.05096
559 -1.47705
363 -10.0598
238 -12.3414
768 12.2767
441 -4.33398
271 -11.4154
59 -43.8376
606 -0.9245
248 -13.8706
483 -2.90735
164 -47.695
17 -69.4018
285 -57.718
298 -40.634
568 -1.40741
408 -40.8457
367 -13.32
505 -2.36227
284 -6.7984
530 -2.1864
376 -6.40677
274 -15.0984
133 -14.5821
417 -7.90421
86 -40.8948
625 -0.519958
350 -14.2737
661 0.918152
371 -13.6968
612 -0.614197
358 -28.3277
1113 -44.7562
75 -4.2239
672 0.73999
1110 -27.705
684 1.05109
481 -2.97675
382 -9.63037
546 -10.7703
673 0.758911
399 -8.28778
417 -8.04684
483 -2.45163
394 -8.67749
529 -2.67474
643 -0.476746
417 -8.04681
394 -8.67749
662 1.56891
395 -8.97116
87 -40.9094
280 -15.4212
688 3.72888
431 -25.2331
501 -11.8701
509 -2.36533
367 -13.3017
289 2.85507
84 -28.6244
1085 54.668
539 -2.36115
47 -6.72364
410 -9.61047
716 7.6629
285 0.624664
722 1.96411
23 -68.6177
544 -1.81842
346 -14.7914
526 -1.9754
326 -74.0699
204 -14.9637
513 -2.09924
265 -16.1628
413 -7.42245
428 -36.2758
285 -57.5428
285 0.626709
285 0.488495
373 -28.1994
772 4.51691
618 -0.843994
640 -0.656494
768 4.21338
692 1.13611
640 40.0977
362 -13.9568
541 -1.91669
98 -39.5392
280 -11.7547
687 3.19794
746 2.48071
417 -8.13589
312 -10.9971
261 2.45563
417 -8.04666
149 -17.1566
204 -14.9566
682 0.945984
299 -53.4195
93 -44.0783
554 -1.76343
312 -69.7345
397 -5.81958
93 -44.08
772 4.52173
417 -7.9025
490 -3.5607
505 -3.34714
320 -65.5417
329 -38.9463
160 -18.5659
772 4.52094
93 -44.0808
410 -39.7369
481 -2.97665
285 0.428314
360 -10.222
423 -9.36734
331 -16.6093
618 -0.828491
378 -14.1458
359 -50.0952
1107 -16.0035
334 -88.0657
1107 -4.62012
671 1.95612
412 -9.57932
414 -8.24258
334 -88.0673
416 -7.87411
383 -45.6422
1106 -22.1664
354 -26.8065
394 -8.67593
684 1.05103
286 -58.2498
91 -27.3291
503 -2.4201
395 -8.97189
1120 -27.2262
326 -74.7036
405 -8.41315
481 -2.97745
528 -2.21082
271 -11.4338
185 -15.0411
716 7.66254
253 -13.0615
149 -17.1566
145 17.1225
185 -15.0427
712 6.74249
454 -26.5871
527 -2.28259
680 0.921448
280 -15.4228
265 21.2521
440 -4.14468
285 0.478638
505 -3.34744
703 4.69702
383 -12.6903
394 -8.67792
796 24.7963
744 9.61017
544 -1.81635
691 3.75806
104 -7.45545
418 -7.46298
29 -73.3339
124 -34.5549
23 -72.7111
298 -40.3528
74 2.85542
23 -68.6177
753 2.32617
383 -9.49567
298 -40.3817
662 1.56879
181 -28.5956
415 -8.05368
544 -1.77295
361 -10.0602
440 -4.13565
408 -29.7729
372 -9.63065
357 -10.375
347 -14.4962
359 -14.2213
312 -69.9915
124 -34.5805
722 1.96393
101 -46.9712
109 -26.0233
624 -0.505432
740 10.1648
469 -18.8071
618 -0.843567
490 -3.6524
395 -8.9718
1109 -95.6443
701 1.40381
181 -28.5977
369 -26.9855
361 -14.1323
730 2.16827
694 1.18103
144 -47.969
345 -8.98431
376 -13.0812
290 -13.5264
357 -10.3844
339 -96.4125
60 -28.7632
1118 -27.5305
298 -40.6136
269 30.4353
415 -8.05261
399 -8.28741
425 -9.4762
61 -43.8539
404 -10.3689
655 -0.240234
286 0.953522
544 -1.78638
568 -1.40302
526 -1.97528
713 1.69373
417 -8.047
665 0.181458
441 -4.33414
669 0.188232
409 -7.78864
768 12.2768
406 -10.5293
758 -7.76526
97 -39.5373
386 -5.84888
318 -25.9872
500 -2.41422
730 2.17029
686 3.05029
399 -8.28763
505 -2.40082
339 -96.2988
410 -8.33768
314 -38.6307
301 -5.00491
700 4.53381
447 -2.7912
327 -9.1268
400 -8.80643
299 -53.4196
670 13.0986
670 1.98602
703 4.69293
286 -19.2538
711 2.00757
671 0.717896
265 -15.1016
425 -9.47586
768 12.2843
438 -2.97891
361 -49.6635
393 -31.1389
280 -16.8771
538 -2.37323
314 -64.1077
105 -23.9469
762 2.67645
444 -28.7508
413 -7.42255
179 18.1621
394 -8.67612
350 -22.4111
60 -43.8711
213 13.6607
46 -8.95963
538 -2.37152
611 -0.850342
441 -4.33408
438 -2.97916
314 -38.6311
714 1.77753
775 18.7049
444 -23.8204
314 -72.1322
380 -12.7782
338 -92.0329
730 2.17047
394 -8.67758
291 -13.786
490 -3.56082
378 -12.8845
291 -13.5145
459 -19.0031
61 -43.8536
364 -10.319
772 4.51801
338 -92.037
401 -8.77933
662 0.0279541
501 -11.8603
398 -8.24298
338 -92.034
388 -5.43439
684 1.05103
693 3.57727
662 0.101257
606 -0.939209
662 0.0703735
378 -14.1443
388 -5.43869
344 -39.2661
232 46.4371
30 -8.86377
686 3.05066
269 30.4668
501 -11.8694
860 41.1271
119 -40.0476
299 -56.5359
408 -29.7677
747 10.6099
338 -92.0323
826 25.421
377 -10.0224
346 -14.8999
415 -8.05368
119 -40.0236
424 -6.44247
226 -3.74832
1106 -22.1641
586 -0.932739
607 -0.878235
730 14.3977
90 -66.0466
245 -10.9593
447 -2.80362
345 -14.8609
378 -14.1466
691 1.1391
411 -7.55792
311 -75.5851
695 4.19568
329 -74.6224
1085 54.6515
662 1.56891
166 -33.024
388 -5.43387
399 -8.28839
394 -8.6774
364 -13.5985
501 -11.8707
1107 -4.3678
662 0.141235
67 -44.869
714 7.73541
280 -16.939
11 -58.1283
259 -15.3641
86 -40.8934
526 -1.97534
710 6.20508
482 -3.11026
291 -73.0759
1086 -41.7693
676 1.83295
75 -4.21049
526 -1.97534
607 -0.884216
298 -40.3692
62 -28.755
912 53.4341
593 -1.03491
357 -9.86292
505 -10.0981
788 19.9088
98 -39.5389
30 -76.5656
445 -2.83066
154 -17.117
3 -18.9262
317 -64.3923
339 -96.2865
72 -42.8638
423 -9.31534
280 -15.4194
729 9.04865
415 -8.05353
214 -4.03801
276 61.0821
367 -13.3143
680 0.920593
843 34.001
764 12.2811
270 32.8507
433 -25.133
271 -13.4853
714 1.7088
371 -13.6968
699 4.31909
444 -6.08008
345 -14.8331
400 -9.11789
364 -13.5985
298 -40.2897
526 -1.97534
390 -10.9469
416 -7.88361
326 -74.7001
30 -8.8635
684 1.17175
411 -39.5187
17 -69.4639
390 -10.47
337 -16.588
338 -75.535
690 1.38306
350 -11.8881
402 -6.26468
558 -3.71228
535 -6.30927
470 -4.26074
768 12.2769
415 -8.05322
364 -14.2133
201 -0.387115
684 1.05103
714 1.70929
768 4.21362
383 -9.59561
417 -8.04697
662 1.56891
58 -11.8399
423 -9.3103
775 18.7066
152 -17.1183
376 -13.0828
586 -1.03156
98 -40.4096
671 0.527954
700 4.53412
250 -13.983
719 7.6059
280 -16.9953
293 -12.6811
558 -3.71259
603 -0.856201
418 -7.46805
411 -7.68329
314 -95.4798
472 -4.23111
109 -26.0241
390 -12.6065
423 -9.31589
757 3.01385
23 -72.8087
558 -3.7088
394 -8.6777
329 -74.6255
111 -24.3282
493 -13.6243
23 -72.8148
209 -16.093
61 -38.5024
730 1.9212
329 -74.6171
388 -8.61426
730 2.16791
707 4.94629
697 1.24158
16 -64.6129
490 -3.65253
241 -3.282
468 -18.9873
357 -10.4173
442 -7.55002
337 -23.3684
662 1.56891
545 -1.69208
408 -9.9147
386 -6.33566
338 -92.0326
1112 -28.8735
23 -72.8195
60 -28.7774
886 16.7375
75 -4.21163
364 -13.5969
107 -39.437
197 -19.8612
558 -3.71289
255 -18.2076
412 -39.3969
384 -12.4377
437 -32.3531
505 -3.34744
260 -9.69402
207 23.3785
315 -94.1088
686 3.62811
345 -14.8229
88 -40.8858
304 -23.7636
671 1.95306
415 -8.05353
362 -14.0042
301 -56.8635
1107 -4.57642
384 -12.6089
451 -3.86948
364 -13.5988
338 -92.0338
401 -5.73074
545 -1.69519
423 -9.31613
451 -2.74411
680 3.19061
576 -1.96771
412 -8.21454
748 23.3295
1107 -22.9384
396 -8.92618
324 -12.3153
765 12.0576
682 0.947021
722 1.96417
686 3.05054
408 -29.7733
686 3.05029
61 -43.8531
292 -16.1374
271 -11.4343
423 -9.37036
372 -13.6192
1100 -23.1807
41 -44.7646
423 -9.37036
90 -67.5468
703 4.69299
259 11.1106
373 -29.1017
57 -8.31195
299 -53.4222
494 -13.5925
542 -1.86017
400 -42.4749
388 -5.43918
589 -1.02649
513 -2.09933
359 -14.1281
512 -2.34421
385 -12.7382
418 -10.0243
344 -14.8198
742 2.2876
298 -40.6529
90 -64.8316
87 -40.9251
93 -44.0905
276 61.0736
98 -39.539
338 -75.5107
319 -34.0412
444 -28.7675
98 -39.5386
490 -3.65216
696 4.09723
133 -14.5833
671 5.80444
670 2.54419
388 -31.9131
372 -12.6666
662 0.0699463
308 -68.0986
650 -0.118652
361 -10.0567
314 -38.6298
672 0.785889
505 -2.35901
462 -18.7381
61 -43.853
29 -29.9257
418 -8.15546
371 -28.845
74 2.93906
764 2.87335
308 -69.8007
490 -3.56067
87 -40.8973
75 7.80087
331 -16.6084
1113 -44.9188
273 18.0391
535 -6.14691
437 -24.8495
469 -18.8073
415 -8.05264
878 48.9822
460 -4.16245
34 -17.0372
315 -72.4716
303 -20.7231
491 -2.77649
74 2.93349
181 -28.5969
303 -70.1918
329 -74.6249
502 -3.2128
388 -5.44016
61 -43.8548
345 -14.8852
713 1.6944
347 -11.4469
503 -11.4828
469 -18.807
388 -11.2527
402 -8.10922
326 -74.0583
690 1.20569
543 -1.88605
576 -1.96765
502 -2.53702
268 7.70889
72 -42.8638
391 -11.4857
325 -9.21979
877 19.4585
647 -0.447815
338 -76.0964
401 -10.8329
334 -88.0727
531 -1.79449
772 4.52161
373 -9.88364
730 10.8612
476 -5.23062
376 -13.0827
632 -0.63147
1107 -4.46606
395 -8.56137
469 -18.8071
687 3.20056
388 -5.43878
423 -9.30969
450 -3.15744
569 -1.40753
1107 -22.6711
535 -6.15887
270 -4.52557
348 -14.3578
344 -39.2659
695 3.63983
376 -13.0812
331 -16.609
76 8.99702
783 14.7518
406 -10.5145
133 -19.1712
378 -14.1444
338 -92.0338
321 -8.60928
399 -8.45981
729 9.04883
684 1.05103
378 -6.15103
394 -8.67725
286 -77.4351
357 -10.3963
376 -13.0811
346 -14.8893
476 -3.68588
326 -12.58
912 53.4335
545 -1.69104
329 -74.622
1100 -21.2258
359 -14.1237
428 -36.2852
377 -10.6813
360 -14.0473
867 45.6408
133 -14.5831
148 -17.1575
1113 -44.9663
313 -47.2584
423 -27.3134
415 -8.05627
400 -8.80646
378 -14.1438
761 2.56415
407 -8.47287
691 3.63226
684 1.05109
83 -40.8204
748 23.3298
697 1.5423
664 0.410217
191 -16.5074
680 0.919373
81 -25.0809
663 0.145508
286 -19.2453
710 1.69171
452 -2.72275
882 13.8057
384 -9.2204
409 -8.26816
66 -45.4898
417 -8.04688
314 -38.6313
621 -0.499207
271 -11.4341
888 52.0505
195 -24.9277
208 -14.2068
36 -58.649
297 -51.3197
369 -7.15668
577 -1.91089
357 -10.3963
29 -108.044
393 -9.0087
280 -16.9939
1107 -4.36877
772 4.51642
61 -43.8623
348 -14.4308
716 7.66351
545 -1.69141
552 -1.86438
634 -0.682251
526 -1.97534
375 -13.3586
172 -17.926
411 -7.55829
1086 -17.4916
181 -28.5965
316 -14.0143
349 -11.4384
80 -19.8381
334 -88.0563
424 -9.30798
698 4.37421
341 -8.86844
483 -2.9071
710 6.20526
204 -16.0911
477 -6.7674
469 -18.8071
684 1.17346
351 -14.3577
391 -12.0861
297 -9.944
516 -9.53485
415 -8.0535
106 -31.132
501 -11.8702
461 -7.56812
440 -4.13583
1118 -25.8173
243 85.9125
501 -11.8156
334 -87.9437
148 41.1571
348 -14.42
883 17.6682
163 -16.4257
696 4.22296
314 -38.6309
851 40.5516
238 -12.3412
209 -16.139
86 -40.8955
750 17.1016
77 -32.4362
338 -91.7472
373 -9.62314
349 -14.364
184 -10.0548
664 0.409729
326 -69.2774
1109 -28.4393
490 -3.65225
298 -40.3832
299 -35.0222
505 -2.34445
519 -2.46851
357 -9.86295
312 -10.9961
397 -11.8405
301 -56.8605
384 -10.5283
698 7.64264
698 1.49622
326 -74.7153
670 2.33423
761 2.565
243 85.7437
768 12.2769
730 2.15472
411 -7.55804
60 -44.1024
348 -14.3607
91 -40.2159
36 -15.4237
405 -8.78619
607 -0.877258
44 -93.6535
535 -6.3078
344 -39.2661
727 14.9867
772 4.51709
268 33.0471
730 1.92157
825 25.4148
358 -14.2979
544 -1.78766
768 4.21301
181 -28.5959
703 4.69696
492 -2.78967
412 -10.1244
98 -39.5391
805 23.1664
722 11.1472
627 -0.562439
286 -78.4278
378 -8.34232
671 0.527954
694 4.17426
400 -10.8646
490 -2.8642
563 -1.70557
703 9.80286
702 5.00476
416 -10.0865
317 -20.1147
301 -56.5862
127 -37.309
285 -77.1649
61 -43.854
696 4.14014
418 -7.46307
165 -14.1535
684 1.17145
350 -14.2902
127 -37.3083
2 -19.5509
60 -44.1628
852 41.8836
95 -30.8225
357 -14.1422
187 -13.4643
327 -83.1438
692 1.13672
268 -81.9278
505 -10.1277
755 2.97229
722 1.96405
754 3.02673
88 -43.227
887 51.4869
423 -9.30945
148 -17.1576
324 -70.7602
17 -69.3356
750 17.1008
319 -58.2419
271 -11.4343
660 1.8761
772 4.51715
388 -12.4265
701 1.37158
280 -16.9458
52 -65.1773
363 -10.0012
662 0.0734253
287 17.8268
469 -18.8069
444 -28.7506
329 -85.3639
286 -19.2506
712 1.74915
441 -4.33411
326 -74.0603
714 1.90613
687 3.71442
59 -43.8175
407 -10.551
66 -45.5086
132 -14.4615
324 -74.9863
94 -44.0459
451 -4.23331
268 36.1072
326 -69.8376
427 -5.3187
415 -10.0326
94 -44.054
346 -14.8891
550 -1.74402
311 -62.4558
704 1.61615
318 -13.2934
762 2.6756
357 -10.4167
372 -13.5427
74 2.88177
491 -2.89288
484 -2.40317
178 -28.6671
520 -8.84665
405 -8.59976
406 -10.5143
607 -0.878113
416 -7.88284
274 18.0109
66 -45.5014
321 -68.1153
401 -10.7562
415 -8.0528
402 -8.42032
355 -15.8865
402 -6.26465
390 -11.3566
334 -88.0609
413 -9.72357
536 -4.8136
429 -25.1796
334 -88.0521
692 1.30328
3 -18.9235
86 -40.8948
30 -23.1708
768 4.21356
88 -43.8751
759 2.99963
700 4.53375
297 -51.3716
106 -31.121
586 -0.931702
598 -0.90625
708 1.83258
1093 -2.80334
401 -5.72922
401 -8.78873
62 -28.4994
379 -46.4466
33 -7.12373
270 32.8041
348 -14.4198
371 -13.7012
305 -71.8078
390 -12.3987
338 -70.1541
383 -10.533
388 -5.43967
343 -14.6775
420 -27.9681
866 39.0082
700 1.30389
892 52.2139
297 -51.376
825 25.4232
377 -10.3095
367 -13.3029
395 -8.97202
371 -13.6851
406 -10.5169
577 -1.90295
1107 -22.9452
395 -8.78055
339 -96.298
248 -13.6615
684 1.1745
727 2.32269
707 1.67358
29 -29.933
388 -9.35138
662 1.59485
413 -10.2076
90 -65.4131
66 -45.5002
610 -0.845093
364 -13.5998
56 -44.2735
749 2.74567
384 -10.5327
698 1.50317
32 -79.0752
345 -14.8316
673 1.62024
372 -7.33463
684 1.05115
407 -10.5497
869 39.9456
482 -17.9509
80 -38.9536
1162 24.1732
348 -14.3758
415 -8.05307
145 -16.7509
1090 -1.89709
334 -87.9236
985 -17.4506
392 -12.0676
752 3.03857
40 -53.1251
62 -28.8208
924 25.9515
705 10.0878
424 -9.30722
378 -14.1444
746 2.50159
568 -1.40381
300 -9.7515
298 -35.262
842 8.07672
671 0.528198
297 -51.3953
658 3.10846
354 -14.408
1115 -39.7469
671 -0.14386
315 -46.2192
396 -8.60062
54 -45.4543
746 2.47644
371 -7.15692
288 19.3956
711 2.00659
391 -12.0473
314 -0.343323
90 -77.8845
391 -12.2156
323 -9.11746
60 -28.7773
59 -43.8287
457 -21.4204
375 -6.57715
440 -4.14679
364 -13.4889
371 -13.6967
371 -7.46707
185 -15.0377
333 -11.2283
690 1.38324
315 -74.003
712 1.84155
130 -37.4774
564 -1.41156
316 -62.2087
61 -43.8666
209 -16.1461
409 -7.86749
411 -9.75671
394 -8.67642
170 -20.4013
376 -13.0824
423 -15.485
379 -9.50848
73 -42.3466
558 -3.71289
417 -8.04681
287 -13.9783
842 8.0799
174 -17.5647
18 -67.1793
181 -28.5955
395 -8.97183
326 -71.5133
87 -40.8909
385 -12.5313
398 -9.0383
336 -15.7337
35 -6.90033
291 -4.7518
400 -8.80698
501 -11.8682
730 2.1568
362 -13.9849
34 -17.1239
7 -54.0186
558 -3.71307
297 -51.3513
690 3.58289
680 2.04901
330 -76.4953
538 -2.37207
280 -16.9928
115 -8.40013
364 -13.5984
316 -44.5427
315 -62.426
757 2.9845
401 -8.77631
194 -22.107
425 -36.7518
685 3.53278
405 -8.44363
714 2.00122
671 0.527893
718 1.83466
684 1.17389
166 -33.0353
249 -12.5806
534 -6.30377
535 -6.14685
403 -8.66345
1113 -44.9331
537 -2.05371
407 -8.01309
369 -9.8717
280 -17.0424
376 -47.037
391 -11.6335
60 -28.7632
395 -8.97202
451 -27.43
538 -2.37024
90 -73.2301
315 -94.1748
315 -94.3936
1118 -32.5804
668 0.157227
334 -87.9288
460 -4.16626
389 -12.5017
60 -43.738
411 -10.2793
271 -11.4343
928 58.6223
405 -41.9013
479 -3.17419
373 -6.86414
348 -11.414
62 -28.4674
393 -10.7487
266 13.3291
420 -27.8925
395 -8.97028
293 -12.4908
502 -11.8713
209 -16.145
315 -14.5728
67 -43.1132
63 -55.206
61 -43.8665
348 -14.4234
367 -7.28494
326 -74.0681
238 -12.3415
411 -8.66513
668 0.650146
1100 -21.1603
573 -1.36487
377 -9.57855
620 -0.703918
123 -38.2553
690 3.56665
695 1.19452
357 -9.86292
405 -6.00497
61 -43.854
772 4.51752
480 -18.294
377 -9.65271
289 -58.0723
441 -4.33386
455 -26.6638
180 8.58774
1120 -27.2166
362 -10.0641
86 -37.3889
690 1.38342
547 -4.38702
83 -41.5619
72 -42.8645
78 -41.8196
468 -18.9876
438 -4.42142
54 -44.4747
334 -88.057
626 -0.70697
126 -37.3976
371 -13.6862
783 14.7518
558 -3.71277
174 -17.5741
98 -39.5389
72 -42.8641
642 -0.39447
188 -13.0425
927 58.528
692 1.13629
384 -12.7384
151 -22.3077
276 -17.539
440 -24.2971
481 -2.97754
544 -1.78772
682 0.560791
703 4.69702
88 -64.1199
61 -43.8649
354 -15.1749
499 -2.47513
45 -34.9796
88 -43.8869
479 -3.10446
136 -37.2833
826 25.4158
384 -10.5268
403 -8.745
525 -7.16492
705 1.62585
382 -9.39053
695 3.98059
86 -40.9115
327 -12.0968
544 -1.78784
259 -15.3625
418 -7.46292
395 -8.97144
393 -28.9839
272 26.3091
145 17.4111
280 -16.9133
280 -16.9929
171 -20.3819
440 -4.13583
334 -88.0502
855 24.2154
367 -14.3453
465 -29.0721
266 22.597
82 -41.362
398 -8.26306
558 -3.71246
246 -21.0467
388 -11.6874
329 -74.6215
63 -4.48296
501 -11.8745
768 4.21356
695 4.31738
526 -1.97528
1094 50.1757
88 -42.951
714 2.00116
338 -91.748
751 2.13385
345 -14.8309
580 -1.30139
768 4.21405
398 -8.24252
80 -24.3519
699 1.65613
180 8.58955
378 -33.9268
315 -93.4816
324 -44.4636
378 -14.1441
912 53.4332
436 -32.5157
313 -14.8842
761 2.56403
371 -13.6865
441 -4.33414
545 -4.6203
730 2.15759
422 -38.0568
393 -11.6173
399 -8.28751
371 -13.687
339 -96.3969
64 13.7624
373 -6.74985
481 -2.97668
805 20.79
712 1.92639
23 -72.7126
386 -32.3541
994 11.6945
729 9.04865
204 -14.9642
390 -11.691
504 -2.59094
684 1.17053
329 -75.7427
670 0.191772
401 -8.77643
334 -87.9714
461 -7.56818
490 -3.56143
134 -37.5153
748 2.62042
417 -8.04694
88 -40.9155
428 -5.36725
182 41.8927
336 -15.6326
422 -9.35739
705 1.638
483 -2.45224
304 -0.72641
378 -14.1444
278 20.135
396 -30.8029
346 -14.8252
750 2.68951
468 -18.9917
364 -13.563
61 -43.858
318 -49.2625
367 -11.4944
59 -8.21274
700 4.58893
329 -9.09723
379 -12.9088
676 1.43103
349 -11.6608
1107 -22.6564
530 -13.3824
589 -1.02679
319 -13.6038
698 1.49811
413 -7.4223
652 -0.326172
323 -8.96042
734 9.66486
149 -17.1566
846 37.4127
730 2.16632
329 4.79694
260 -11.2144
328 -75.5958
768 4.21423
265 8.72092
54 -57.4636
714 1.89996
595 -1.25293
395 -8.97198
339 -96.4663
74 2.85488
373 -35.6658
664 1.83368
738 15.4149
21 -13.457
160 -18.5642
788 21.1402
433 -25.7376
18 -42.4524
730 2.15045
388 -5.43985
544 -1.78699
62 -29.2829
293 -0.0122375
480 -17.8659
368 -16.2241
148 26.6952
151 -22.5664
707 1.74158
722 1.96411
684 0.94458
654 -0.483276
912 53.4338
402 -10.71
352 -14.7682
85 -38.5626
682 0.56012
364 -11.7059
405 -10.544
98 -40.5541
322 -44.4401
387 -15.6516
901 51.7477
37 -15.3115
52 -45.484
277 32.294
1118 44.0272
730 2.13696
358 -10.4002
268 2.8075
398 -8.27399
78 -41.9366
181 -28.5967
297 -51.393
376 -13.0832
722 1.96411
143 -35.716
391 -7.64423
376 -13.0812
274 8.42416
355 -10.6498
552 -1.86414
404 -10.5529
233 -15.6415
761 2.56317
406 -8.28519
684 1.0509
701 1.45374
642 -0.394348
428 -36.6813
401 -8.78888
345 -14.8853
699 4.23792
382 -32.9675
582 -1.55884
252 -12.8382
464 -20.0394
204 -14.9646
695 1.43384
985 -17.4316
423 -9.37207
313 -62.7105
30 -8.88287
160 -18.566
46 7.21432
137 -17.344
357 -9.8627
468 -18.9932
674 1.41974
34 -18.6317
415 -8.05359
98 -31.5203
424 -9.3035
302 -9.43701
731 2.51086
691 1.16412
414 -8.24506
1107 -16.0403
1100 -21.2549
82 -29.4445
113 -36.9993
346 -14.9003
162 -33.9059
93 -44.0844
568 -1.40662
28 -29.9367
310 -62.6107
139 -16.7282
374 -8.42725
385 -10.7438
667 0.167297
75 -147.719
87 -40.3041
636 -0.653687
1105 -21.9691
516 -9.40244
58 -8.15492
316 -14.2286
544 -1.78583
697 4.14819
490 -3.56088
217 6.03593
180 8.57231
75 -4.21519
397 -10.6215
379 -14.5578
299 -36.3186
690 1.38336
299 -53.4217
768 4.21405
400 -11.0731
334 -87.9536
314 -95.3977
328 -38.8238
81 -65.2719
1107 -15.9991
65 -45.9978
23 -72.656
812 24.0913
34 -80.3243
730 2.15692
44 -29.7283
378 -14.1468
367 -7.21777
398 -8.27603
451 -27.429
268 -81.9279
109 -26.0246
358 -14.135
746 2.50348
377 -13.2167
449 -2.79996
437 -4.04105
18 -42.4666
299 -53.4207
441 -4.33408
426 -6.19394
428 -36.4761
371 -36.6102
323 -42.8192
440 -4.13571
297 -51.3826
368 -10.4431
43 -54.332
93 -44.085
409 -8.97787
344 -39.2663
401 -32.2661
160 -18.5622
418 -7.46295
703 1.41754
415 -8.05292
698 1.50745
485 -15.1416
468 -4.41342
356 -14.0688
526 -1.97534
369 -10.0021
761 4.52484
746 2.47876
407 -10.5509
297 -11.2705
367 -10.0698
174 -17.569
383 -9.38229
383 -12.7534
171 -20.166
713 1.69397
308 -37.9502
598 -0.906311
57 -8.31268
376 -13.4138
193 -35.0986
325 -57.0776
123 -37.9191
399 -8.28857
406 -8.27515
256 -12.9541
401 -10.8062
85 -40.8507
202 487.682
752 2.4184
700 4.57385
406 -10.5479
292 -13.8926
285 0.481506
392 -12.2439
87 -40.8973
761 2.56525
1099 -16.7008
414 -5.41922
402 -10.7621
339 -93.2953
427 -5.3179
682 0.560364
346 -14.7915
106 -30.57
655 -0.237183
758 4.23853
327 -8.55319
607 -0.879211
730 2.15332
1021 42.5974
490 -3.56113
684 1.17377
481 -13.5954
87 -40.8866
760 4.0946
558 -3.71277
748 2.10046
148 41.846
767 4.4129
364 -13.5995
18 -42.4948
300 -30.9877
371 -13.6943
910 32.9895
714 2.00098
249 -1.4532
494 -2.89304
50 -45.3458
371 -13.6861
393 -9.21515
18 -42.4753
191 -16.5221
684 1.17316
468 -18.9908
703 0.637207
496 -2.41782
882 47.0862
569 -2.75232
626 -0.671448
698 1.18201
406 -7.37402
415 -8.0538
869 39.942
296 -11.3952
87 -37.4215
468 -18.992
394 -11.4528
715 7.06696
279 -4.37268
775 18.7087
524 -7.63318
371 -6.96768
746 2.50354
434 -24.8459
126 -38.3771
534 -6.30475
343 -11.0552
704 1.46924
16 -30.2941
315 -77.559
383 -9.5155
376 -13.081
536 -4.81348
330 -76.1486
347 -11.1708
394 -11.7021
1043 -62.8485
348 -11.4861
690 1.38361
372 -13.5931
441 -24.1733
485 -15.2213
90 -74.9126
148 41.8385
274 9.73956
662 1.56873
191 -16.5101
408 -29.5141
327 -38.8159
665 0.144531
380 -13.0408
494 -2.68106
783 14.7522
853 36.0102
221 -7.8197
713 1.69373
358 -10.4069
362 -8.72156
76 -7.29666
130 -37.6711
696 1.56232
761 3.0083
328 -75.6585
954 -20.2601
428 -36.687
711 2.00409
238 -53.6237
581 -1.32361
53 -12.8618
680 0.79303
485 -15.1452
711 1.91376
704 1.70068
874 34.8234
94 -29.1147
339 -93.2896
408 -10.2997
928 58.622
165 -14.1533
286 -52.4328
205 335.339
371 -13.6897
181 -28.596
162 4.36235
428 -36.6826
838 26.0188
345 -11.4293
161 14.0379
285 0.601807
470 -3.58987
145 -35.3121
395 -8.97205
711 1.99237
171 -20.1615
399 -11.1105
246 -21.0468
371 -13.688
684 1.17059
247 -1.78592
408 -10.3009
748 1.99811
209 -4.31714
485 -6.57443
465 -5.38223
701 0.547852
1049 -73.0174
376 -13.083
845 9.44104
730 2.15717
297 -51.3863
684 1.05109
398 -8.28189
44 -5.7001
284 -14.4556
542 -1.67645
858 15.3003
700 4.64441
1093 -8.84155
535 -6.14673
295 -54.7679
709 1.6319
28 -131.439
416 -7.88409
352 -27.7231
315 -69.3435
709 1.06744
704 1.34717
395 -8.97177
401 -8.7767
768 16.0712
369 -13.7977
52 -53.1806
1097 -15.2732
148 41.8816
716 2.08032
413 -7.42258
457 -19.346
287 -66.3674
390 -12.3785
1117 -29.0103
389 -12.3226
104 -7.45594
695 1.4342
323 -8.75565
710 6.20514
384 -12.6623
369 -9.99857
180 8.60266
356 -14.3211
74 -159.655
193 -9.30742
483 -17.5238
315 -8.44077
558 -3.71234
92 -42.5224
654 -0.289185
355 -21.7906
538 -2.37323
672 0.787598
712 1.6806
66 -45.5073
371 -13.6979
1107 -15.8799
332 -39.5362
86 -40.8944
672 0.771118
747 2.71716
357 -9.86282
416 -7.86639
684 1.1731
808 23.8342
1107 -4.43909
388 -5.43918
535 -6.30981
346 -11.2157
714 1.85065
132 -14.4622
149 -34.2781
441 -4.20013
332 -43.146
671 0.527954
569 -2.75244
76 -10.3308
684 1.17072
363 -8.03925
88 -31.8864
468 -18.9868
924 25.9514
297 -51.3582
699 1.36566
120 -8.00335
461 -7.56876
284 -6.61539
312 -10.9961
662 0.0698242
544 -1.78754
694 3.80902
376 -30.5225
339 -96.3334
43 26.0612
532 -2.22668
485 -15.147
683 3.45264
584 -1.44928
717 1.85193
355 -14.0957
701 1.36395
747 2.71881
280 -14.3453
201 198.299
422 -38.0528
427 -5.31686
438 -24.4797
198 -5.02266
481 -13.6393
83 -40.776
198 -8.60202
699 1.39917
724 1.98132
337 -55.4165
712 1.9328
634 -0.599243
324 -12.3361
332 -39.88
336 -15.6066
689 0.0960083
75 -4.2189
711 1.98962
725 1.9649
134 -20.8445
90 -41.0978
587 -1.26611
413 -7.42249
762 2.67493
438 -4.42328
398 -8.2428
339 -96.444
677 1.22443
855 41.1505
912 53.4352
418 -27.2277
55 -7.18691
37 -15.3084
698 1.50201
713 2.00488
336 -69.9153
1097 -19.5879
724 1.99774
326 -69.2985
473 -2.92828
853 40.9503
124 -34.8429
127 -37.3091
730 2.15887
236 -16.4202
267 16.7953
265 -15.0943
846 30.1639
180 55.6162
76 20.8538
24 -71.6712
385 -32.2184
459 -3.31509
299 -53.4207
535 -6.14703
127 -37.3091
491 -2.68564
196 -9.81882
177 17.4829
729 9.04871
402 -5.50406
335 -70.3929
682 3.6496
841 29.9754
148 41.8223
291 -13.7773
144 -36.2713
459 -3.7713
332 -69.5582
762 2.57086
184 28.5826
593 -1.03259
686 3.0506
298 -23.9904
253 17.0932
924 25.9523
345 -14.8354
490 -3.65228
47 -6.72671
371 -13.6858
706 1.63977
97 -39.5378
367 -14.3704
539 -2.36609
714 1.70862
708 1.88361
730 1.92255
316 -66.3747
535 -6.16205
750 3.23291
283 -16.7946
415 -8.05286
379 -32.691
456 -21.3614
365 -10.3551
494 -13.5219
440 -40.9405
346 -14.9063
709 1.77551
825 25.39
378 -5.85196
468 -18.9987
701 1.37213
108 -36.577
929 57.2593
59 -4.34413
686 3.05011
282 -13.983
136 -17.0527
105 -32.3382
164 -14.4673
771 12.3956
461 -7.5686
297 25.6493
82 -40.1459
75 -4.22483
703 1.78326
415 -8.05359
72 -42.8639
718 7.39258
39 -63.3933
378 -13.1035
754 10.8831
418 -7.46332
327 -39.7651
722 1.96399
730 2.22125
658 -0.0280151
215 -5.28496
47 -89.658
268 -81.9279
143 -16.0996
314 -72.1181
1107 -16.0049
220 -17.9005
518 -9.14883
381 -12.8389
657 -0.355713
398 -8.64047
87 -40.8976
764 2.86914
761 2.565
1185 -114.097
362 -14.0127
298 -40.6159
265 -15.1111
193 -35.1117
268 -81.9279
364 -13.9403
313 -69.8631
1009 16.373
529 -2.67499
184 30.1708
315 -94.298
280 -17.039
48 -67.7211
428 -36.6793
730 1.92279
53 -61.5211
499 -9.15558
476 -14.2529
740 2.19275
183 30.0971
801 21.1865
23 -72.7119
866 35.726
1064 57.4547
439 -24.3873
682 0.560852
722 1.96405
534 -6.30359
372 -13.5919
395 -31.0928
424 -36.1313
8 -57.4162
721 8.17871
699 1.49622
88 -162.802
118 -21.4871
855 24.2151
53 -44.3163
320 -13.1065
246 -2.85342
697 0.258545
754 2.75275
518 -2.22986
323 -13.2623
373 -12.8557
214 6.04674
87 -40.9117
127 -37.3191
169 -28.6691
85 -38.5572
363 -10.3183
91 -25.9901
558 -3.71295
139 -37.5467
694 0.532104
1102 -13.6661
41 -65.8882
389 -13.0634
62 -29.285
72 -42.865
451 -27.4359
912 53.4334
45 -31.3087
399 -8.28836
1107 -4.3136
54 -44.2405
544 -1.78699
297 -10.8704
102 -50.0073
297 -51.3231
23 -72.7072
348 -14.4246
413 -7.42242
371 -49.7798
231 51.6519
376 -13.0812
235 -20.7414
492 -19.2434
559 -1.55347
64 -3.97477
218 -4.0038
451 -27.4282
376 -13.0819
439 -4.02081
536 -4.8136
127 -37.3282
754 2.96106
23 -72.6523
607 -0.883179
710 6.20526
300 -30.9874
485 -15.3675
339 -92.2696
331 -16.609
62 -43.5373
536 -4.8139
726 2.02814
238 -11.5734
705 1.48096
371 -13.6921
896 32.7809
538 -2.34064
662 0.385437
498 -9.24194
387 -8.72751
728 2.1496
714 1.73138
372 -9.55981
869 39.9448
217 -6.67801
526 -1.97528
29 -29.9533
711 1.99756
29 -75.875
36 -4.10897
366 -10.4321
826 25.4158
758 3.29242
404 -10.4638
826 25.4089
86 -40.8949
682 0.881409
642 -0.394653
1107 -4.35925
210 28.4179
568 -1.4068
294 -16.0208
78 -34.2147
766 3.8064
270 10.2499
722 1.96393
378 -48.2812
74 -7.71511
380 -13.0985
97 -39.5376
683 0.936707
264 23.2929
379 -33.2797
400 -31.309
750 17.1002
72 -42.8641
761 3.32367
485 -6.59094
523 -5.44312
689 1.21643
702 1.30579
713 2.0011
327 -70.6315
679 1.00867
696 1.56061
60 -44.1618
840 27.3311
706 1.53137
90 -156.539
695 1.435
98 -39.5383
97 -40.3413
723 1.93652
51 -67.9731
138 -56.5676
382 -7.46924
209 -16.1458
397 -7.97903
298 -12.4266
60 -139.824
297 -51.3326
826 25.4102
165 -33.3065
336 -15.7265
217 11.9222
215 -9.40253
279 3.49002
866 39.0084
388 -5.43909
250 16.1954
758 2.48553
388 -10.2235
371 -13.6978
525 -7.42078
87 -40.8862
439 -4.21155
816 24.3077
285 0.637604
339 -96.4273
72 -42.8644
157 -34.0258
652 -0.454346
332 -38.8023
806 14.8867
172 -24.3385
695 1.43439
686 0.0870361
72 -42.8646
736 2.46667
181 1.94615
816 35.1674
383 -8.62622
246 -21.0468
762 2.7052
772 4.51691
375 -35.3375
560 -2.91333
62 -29.3444
701 1.35846
152 -20.386
406 -10.5907
684 1.17285
1107 -15.9904
524 -2.8457
684 1.17175
697 0.475464
709 1.82629
1149 -55.2244
698 1.4837
451 -22.69
828 37.0863
193 -35.1261
747 3.39178
428 -36.6834
28 -118.382
295 -28.5071
167 54.2758
278 3.38544
37 -15.3222
744 9.61041
713 2.00104
144 -47.9669
41 -16.3694
311 -15.3974
1141 -4.13916
825 9.38196
370 -13.6628
283 -16.5843
124 -55.7355
23 -72.6759
138 -34.533
299 -35.2414
711 2.00684
707 1.47754
1094 -12.3396
535 -6.15942
315 -8.48978
208 385.076
246 -21.0467
1139 0.396362
1037 -68.5976
419 -39.248
422 -38.0532
712 1.98352
408 -29.768
698 1.3974
90 -179.113
104 -24.1257
719 2.17688
270 15.6587
994 12.3209
708 1.59119
234 -14.1981
267 18.0532
872 48.922
1009 21.2522
166 -33.0273
367 -37.3689
397 -30.9482
300 -30.9358
212 -14.3666
294 -12.9102
441 -27.3189
584 -1.38837
254 41.6492
118 -8.69029
145 -35.3255
716 7.75696
371 -13.6863
671 0.528015
267 21.0415
539 -2.36627
713 11.3074
265 20.9747
895 22.1678
806 32.0515
393 -11.9429
763 3.16315
391 -9.20114
46 -44.9321
309 -39.6239
228 28.5522
398 -5.63211
376 -13.0811
720 2.18768
628 -0.567078
425 -9.47662
116 -39.0531
394 -8.98633
191 -16.5105
328 -75.8495
697 1.53864
145 -35.3096
424 -7.01175
712 1.97107
746 2.47913
378 -14.1459
940 59.1757
31 -79.4696
67 -44.869
697 0.47467
422 -38.0533
753 3.77679
696 1.56171
1097 76.2549
1107 -16.0444
243 73.7171
118 -8.28242
783 14.7531
516 -2.138
447 -2.80707
465 -16.8956
690 1.38348
725 2.04547
407 -10.5515
361 -10.4957
358 -10.4062
491 -13.7776
1107 -16.2371
713 1.73486
108 -36.5792
392 -9.0748
702 1.39093
706 1.66547
384 -8.63657
228 -12.1467
479 -13.6536
647 -0.446716
358 -10.8965
691 1.16479
684 1.05103
711 2.00171
14 -12.0453
522 -9.01941
762 3.57532
836 35.6127
181 -28.596
367 -14.37
238 -12.3413
51 -44.5115
1036 43.0162
666 2.72479
121 -38.1649
73 -42.3221
364 -37.4965
327 -70.1937
676 0.733337
465 -3.23776
395 -11.9582
746 2.50354
387 -8.60373
758 3.1286
391 -10.4727
505 -2.0657
144 -35.4974
145 17.4026
455 -4.03439
88 -40.8918
768 4.21222
1107 -22.6658
791 23.7698
391 -12.0084
804 24.2667
402 -10.8473
398 -5.63217
297 -51.334
1142 3.96777
440 -28.1096
145 -35.3046
983 -20.2244
454 -3.37619
179 -23.5246
324 -23.4722
693 1.20251
783 14.7531
417 -27.8739
583 -1.28656
448 -2.93951
411 -5.892
672 0.781494
322 -12.61
722 2.1405
225 -12.8982
110 -37.6368
179 18.1954
724 2.1814
662 1.56897
86 -41.0756
364 -10.5197
275 28.3829
276 62.865
60 -139.815
106 -35.7201
314 -95.451
539 -2.36322
890 72.0825
642 -0.39447
336 -11.7229
626 -0.598389
730 2.15356
265 22.4751
259 0.799805
518 -1.78668
62 -29.1701
399 -10.9069
800 17.7812
667 1.87842
481 -2.97754
45 -66.5864
226 27.1834
222 -12.68
245 -13.5664
292 -16.0954
458 -3.09683
730 2.16925
61 -43.8652
754 2.74402
696 1.55499
894 20.9407
175 -31.2336
310 -39.412
970 -108.456
72 -42.8643
761 4.20947
510 -8.10757
961 -15.8674
72 -42.8638
747 2.72247
182 -0.497116
469 -18.8068
760 3.16437
367 -13.321
1008 50.0706
727 2.11444
90 -29.1414
551 -1.73572
327 -43.912
672 2.98938
714 1.70844
443 -27.6222
61 -44.2553
131 -36.7327
44 -29.7309
545 -1.6958
569 -1.36145
715 7.47931
253 -19.889
662 0.0272827
307 -33.9012
36 -15.4334
730 2.24011
87 -8.35176
912 53.4341
219 40.1793
684 1.0509
113 70.551
37 -15.3211
171 -46.935
297 -51.3328
768 4.21405
986 34.4703
154 -33.953
198 28.6124
690 1.38318
427 -5.31863
144 -47.9633
144 -35.4995
44 -93.6633
322 -12.174
376 -13.0823
348 -14.4229
678 0.949097
928 58.6064
698 1.51239
647 0.34436
699 0.532166
438 -24.6016
463 -3.65054
60 -44.1812
317 -8.54324
696 0.570557
711 2.00482
701 3.46313
653 -0.295105
238 -12.3416
681 0.848572
722 1.96387
735 2.63501
372 -7.34146
309 -40.3667
383 -9.46982
684 1.05096
683 0.82782
93 -171.541
577 -1.10022
272 63.5965
682 0.560425
392 -9.87628
44 -29.7436
170 -20.4736
384 -12.6708
629 -0.736938
425 -9.47549
23 -72.7118
86 -40.8919
724 2.21631
18 -42.4974
428 -36.6818
453 -3.70242
609 -0.859802
171 17.0652
287 -13.9158
101 -57.4442
182 -0.47789
729 2.24774
219 -12.484
701 1.45184
337 -21.2262
364 -13.5989
545 -4.82294
730 1.92139
87 -40.8922
191 -13.0669
193 -35.0383
271 -13.4846
754 2.7525
207 23.4586
230 16.7911
768 4.21216
769 15.1978
543 -4.66113
943 -18.4434
291 -16.1949
761 2.565
265 -15.1086
202 487.691
702 1.74146
454 -26.5873
72 -42.864
143 -35.7137
215 -3.71921
72 -42.8645
219 7.27179
116 -8.35595
144 -47.9682
398 -8.24283
164 -14.1722
66 -5.99086
16 -106.554
76 20.8544
713 1.88721
826 25.4084
1149 -55.1616
705 1.68842
205 -15.9517
331 -16.6082
74 2.93066
299 -53.4211
568 -1.40698
460 -4.18063
88 -137.08
690 1.38367
309 -13.7569
300 -1.92783
106 -35.7204
190 -13.0567
701 1.4317
1235 -17.9373
320 -8.99725
701 1.42523
238 -12.3417
722 1.96399
412 -29.1494
424 -38.5649
191 -16.5003
701 1.36469
481 -2.97717
984 20.0847
379 -28.1739
505 -2.06577
730 2.15967
505 -2.06552
665 0.0355225
709 1.60205
672 0.756531
298 5.43018
1020 2.69415
901 53.8037
329 4.79599
839 9.65973
577 -1.10016
703 1.73663
104 -7.45653
1021 42.597
286 -55.7919
393 -11.8782
690 1.38348
306 -39.28
723 2.01166
365 -10.5258
378 -14.1464
376 -13.0812
127 -37.3084
757 3.04926
61 30.0061
937 58.5067
679 0.753296
135 -56.2024
776 3.9433
366 -10.2269
47 -9.0212
106 -38.5257
719 2.21655
368 -13.6779
660 -0.0459595
55 -44.1657
664 0.409851
205 -3.57695
595 -1.27264
358 -28.3294
88 -40.92
485 -15.1453
72 -42.8639
357 -9.86301
746 2.53949
348 -11.4815
499 -9.20914
106 -38.3016
264 22.0257
386 -10.634
23 -68.6177
47 -6.72655
752 2.41852
696 0.605103
177 -22.9805
724 1.99158
327 -21.417
667 0.177795
368 -13.7234
997 47.969
688 0.983154
451 -27.4332
1007 20.2571
842 40.2982
7 -54.0348
267 -13.7777
691 3.87659
359 -10.4876
997 47.9689
245 -2.3459
550 -1.73212
850 33.1802
388 -8.44708
376 -30.5212
882 47.8105
211 36.625
309 -63.2609
69 -43.1431
391 -43.9066
604 -0.952148
364 -37.5652
230 16.7811
545 -1.69122
337 -55.4193
855 40.9345
357 -11.4527
385 -29.2258
483 -3.19104
708 1.83264
662 1.56866
280 -16.9569
460 -3.25864
48 -1.80907
216 -9.7697
1016 53.4193
427 -5.31818
746 2.50201
777 5.44769
465 -3.55124
193 -35.0396
480 -13.3034
526 -1.9079
107 -43.2911
896 13.2311
280 -15.4178
403 -31.1895
357 -9.86313
698 1.61267
490 -3.65219
444 -28.7544
696 1.56061
705 1.60773
451 -27.4294
288 -6.22327
687 3.19843
642 -0.394531
729 8.82623
712 2.00024
518 -1.78687
74 -43.1412
43 -9.22529
1022 -11.0129
855 31.2908
408 -29.7739
106 -31.1412
297 -51.3597
314 -38.6301
39 -61.3749
484 -6.56891
912 70.5711
903 53.8884
672 0.786987
44 -30.9512
492 -12.5604
276 62.8966
708 1.83215
308 -23.1587
666 0.0800171
48 -68.1262
418 -7.46243
455 -3.082
21 -13.4526
671 0.527954
376 -13.0824
730 2.16364
730 2.15442
47 -17.7762
746 2.5036
209 -16.1366
23 -68.6113
763 2.8197
428 -36.6841
406 -10.5189
684 1.17114
341 -16.6934
333 -11.2267
184 28.6363
853 14.7198
722 1.96405
141 -36.2793
448 -34.5667
260 7.995
154 -22.5183
198 -12.5277
398 -30.6781
697 0.554871
757 4.14252
557 -1.63013
198 -23.3054
299 -53.4207
712 1.93604
293 -15.3992
87 -40.8875
714 1.73102
1103 -17.5709
1099 -18.512
84 -42.8933
72 -42.8639
118 -37.3742
928 58.607
664 0.0371094
165 32.7094
267 24.6312
269 -14.213
642 -0.39447
249 -2.0739
698 1.38892
238 -12.3414
511 -8.01578
548 -1.78949
200 79.1748
44 -93.6941
416 -27.9533
60 -139.92
516 -2.15894
711 1.99896
367 -13.3088
23 -68.6179
18 -42.5002
285 0.675201
826 25.4127
542 -1.86029
180 -17.4828
783 14.7518
541 -4.74127
35 -52.0699
32 -129.241
88 -43.8734
835 19.5668
722 1.96405
558 -3.71265
44 -93.6974
108 -23.5149
192 -20.5688
529 -1.84491
34 -57.4322
730 2.32507
849 9.42047
676 0.785095
270 32.8138
365 -8.25067
746 2.47687
761 2.56494
370 -10.1056
51 -67.2021
890 79.5374
307 -19.5137
1086 -41.7375
858 15.3001
697 1.38483
285 -76.2774
222 -3.21432
928 58.4919
722 1.96381
106 -35.7203
317 -23.9956
98 -40.522
75 -2.24165
251 4.36687
348 -9.8147
168 -47.0604
954 -23.0976
558 -3.71277
133 -14.5827
8 -22.8089
898 40.0206
569 -2.75165
106 -35.7203
57 -8.31283
90 -15.6482
689 0.255615
645 -0.538635
764 2.84326
11 -59.2038
54 -69.4097
55 -44.5065
495 -2.71396
213 13.852
461 -3.12756
222 -12.72
124 -37.854
74 2.8629
531 -1.86121
82 -40.2111
89 -42.6965
191 -16.5034
135 -41.2277
388 -8.36691
127 -37.3084
286 -19.253
477 -6.76627
628 -0.291321
1235 -18.0018
536 -4.81366
453 -3.35269
441 -4.33398
321 6.66913
444 -28.7159
361 -38.4554
792 24.5107
55 -7.28378
529 -1.82581
124 -57.5937
92 -42.6066
730 2.22443
962 -80.4021
21 -71.0391
743 2.48981
127 -37.3087
437 -34.1766
111 -38.6652
87 -40.8922
85 -38.5628
723 2.27643
712 5.94794
409 -27.5719
246 -21.0466
754 2.86115
83 -42.3585
730 1.9212
362 -38.1408
446 -23.1825
60 -139.781
376 -30.4937
37 -15.3047
138 -54.1496
722 1.96405
483 -2.95129
83 -41.0201
136 -38.1546
708 1.87451
234 -14.2161
334 -8.35559
384 -45.1437
108 -36.5791
377 -6.52844
686 1.16803
524 -1.90796
538 -5.31219
81 -8.23911
171 -20.0828
87 -40.8967
1105 -21.903
234 -14.1954
530 -1.86536
467 -3.11398
369 -36.562
393 -31.5956
126 -8.24456
510 -8.20578
698 1.49957
642 -0.394653
79 -123.111
46 -8.9547
23 -72.7995
730 1.92285
314 -38.6303
712 1.79572
1096 81.4965
454 -3.17514
332 -75.5038
732 2.35889
74 2.84724
107 -40.3427
516 -1.74658
266 -18.1442
202 -7.16617
161 4.31155
489 -12.7371
280 -37.5022
411 -11.7022
446 -22.391
711 1.67603
595 -1.25201
451 -27.429
1086 -41.7704
499 -2.26074
64 -43.8718
497 -9.45587
398 -8.24969
672 0.789001
889 21.5235
1119 48.9318
117 -37.9059
161 -47.9274
208 93.4176
104 -7.45568
1185 -114.123
1090 -1.86865
119 -38.1395
721 1.97894
301 -9.63342
141 -57.5962
228 25.1732
103 -40.0892
137 -37.2795
730 2.25586
86 -40.9127
713 1.698
389 -10.523
319 -48.625
342 -8.57977
460 -4.18137
535 -1.85303
297 -12.5429
164 -33.2998
577 -1.30566
483 -2.4519
542 -1.86011
700 1.68896
712 1.78156
691 1.16406
650 -0.453308
826 25.4155
1061 47.5653
28 -118.187
127 -37.3088
48 -30.7356
165 -14.1535
209 7.04106
229 -5.28596
503 -11.3982
240 -21.1255
360 -38.6224
359 -9.18628
376 -30.5221
682 0.539612
87 -40.9039
55 -7.96269
894 20.9437
17 -9.49818
39 -33.8132
701 1.37506
202 487.685
523 -1.71997
165 5.51457
1001 -5.17413
542 -1.86023
518 -1.7868
1105 -21.9238
890 79.1694
165 -14.1423
97 -39.5448
160 -31.5701
355 -14.9057
88 -43.8919
558 -3.71265
741 2.40393
344 -39.2662
472 -15.9275
193 -16.9677
191 -20.4398
243 85.6922
208 3.05478
490 -2.72668
792 24.5062
145 -35.2718
776 3.27515
682 0.560791
414 -5.35391
323 -12.3002
108 -36.5925
652 1.40662
376 -48.1091
314 -0.383606
1100 -21.1625
123 -33.2014
366 -24.6888
166 28.4957
686 1.23407
333 -8.46436
404 -30.1387
683 -0.109619
738 8.96008
448 -34.613
446 -35.3519
255 -16.1261
51 -63.7214
521 -1.72131
395 -11.486
682 0.560425
604 -0.707214
1094 87.6216
729 2.0412
1009 50.2334
412 -28.8534
984 -14.3615
536 -4.81354
320 -13.0989
746 2.47473
746 2.47943
82 -40.9379
291 -19.3717
245 72.0566
112 -24.1628
62 -29.0971
722 1.96417
395 -11.821
74 2.87302
944 73.0822
62 -29.2083
666 0.107666
181 -28.5967
167 5.53105
842 8.07794
711 1.97687
161 -20.6888
924 25.9523
839 30.3817
245 52.2321
1097 -10.0316
659 -0.112244
315 42.1597
119 -40.0191
92 -40.2484
336 -15.7289
655 -0.175415
292 21.7328
428 -36.6826
401 -5.73187
795 18.6801
154 19.9502
765 15.1494
234 -14.1975
300 -31.0357
117 -38.2026
451 -27.4339
722 1.96405
817 35.9602
249 18.7689
14 -58.8947
76 5.51794
518 -1.78699
34 -78.8286
78 -41.6973
293 -16.5551
659 -0.439819
815 30.3995
728 2.15045
1094 50.1309
202 487.684
103 -39.7464
314 -17.6955
422 -38.0568
285 -12.4568
167 -13.9547
730 1.9212
564 -1.44061
395 -11.5322
558 -3.70551
754 10.9333
453 -22.3167
728 2.18243
704 1.25616
213 13.7296
1000 -4.14465
466 -25.8229
159 -48.3682
418 -39.1182
272 -25.5053
826 25.4202
28 -118.314
387 -12.5012
202 487.719
82 -40.8668
755 3.61884
902 363.526
607 -0.676086
768 29.5886
193 -35.0867
191 -16.5045
23 -68.61
23 -71.4049
328 -13.0133
296 -5.29947
48 -16.0812
747 -9.72546
109 -38.014
465 -3.08902
564 -1.4472
706 1.12921
740 13.6222
298 -12.2585
98 -39.539
223 -3.41658
517 -2.22052
533 -5.40698
193 -35.1053
756 2.9765
392 -31.0242
444 -28.7513
1012 21.2365
88 -41.0648
379 -9.56366
222 6.16798
395 -31.3632
445 -23.642
61 -43.9073
119 -39.0749
224 -3.27711
785 5.64191
734 2.09247
406 -27.58
223 -6.61472
759 3.14899
327 -11.9537
291 -13.71
449 -23.0066
1063 -115.55
719 7.83929
162 -33.1069
455 -21.7969
86 -40.8915
981 -23.3466
296 -15.6654
684 1.02496
39 -20.1232
685 0.194946
144 -47.9704
86 -35.755
1036 43.0164
297 -8.97076
144 -47.9675
692 1.13672
760 3.16431
453 -21.6114
746 2.49774
736 9.59442
1022 19.5565
51 -44.3871
699 1.39868
730 2.15674
947 7.41064
944 76.8491
696 1.51276
524 -2.84509
1094 50.1128
450 -31.0204
483 -2.45248
853 14.7202
238 -12.3417
1100 -21.2347
297 65.7542
367 -14.3592
774 10.0052
756 3.2442
344 -39.2662
697 0.47467
524 -6.60718
700 1.52405
80 -8.93661
165 -14.1536
728 2.1322
163 -48.4051
89 -2.77496
116 -22.6962
842 8.07886
544 -1.78577
30 -8.85874
301 -2.22174
1034 -27.7879
792 24.5104
199 -11.7293
549 -3.70325
979 -23.5038
315 -8.48981
134 -36.1926
100 -57.0816
651 -0.419861
1140 5.12305
201 -11.3924
188 -22.0277
574 -1.23718
741 15.8226
692 1.3042
191 -16.5037
654 -0.23407
506 -2.3988
72 -7.45775
681 0.0523682
153 -33.7559
317 -46.3646
32 -11.9119
499 -2.61194
197 -28.3202
92 -28.8097
890 72.9699
367 -38.8744
402 -11.7204
2 -80.3035
260 5.19373
203 -10.876
557 -3.59387
191 -16.5034
189 -8.80974
311 -51.0309
878 42.5378
700 0.818787
560 -1.39362
577 -1.34216
459 -26.1926
209 -16.1375
903 76.4887
814 16.4832
280 -54.2827
444 -26.1596
725 2.2608
682 0.560486
815 30.3875
534 -6.30341
428 -36.2877
133 -24.1896
165 -14.1566
77 -42.1139
648 -0.442566
545 -1.68463
525 -6.41437
735 15.4128
764 12.2811
355 -23.3026
633 -0.476685
998 -1.01343
708 1.87653
712 1.81818
334 -11.5797
265 -15.1087
1107 -22.6631
671 0.528137
555 -1.75848
168 -30.6389
227 25.8821
499 -2.61185
104 -7.45554
202 487.71
911 71.2386
711 1.98633
972 4.29395
121 66.1485
367 -14.368
542 -1.86017
982 -3.30719
187 -24.4568
459 -3.77167
164 -33.2996
122 -38.5928
673 2.83765
102 -22.9275
113 -37.369
413 -5.32544
72 -42.863
534 -6.30353
714 1.73102
171 -20.0858
857 41.0486
752 2.95007
180 8.39572
816 34.9208
184 28.4862
145 -35.3094
451 -27.4338
337 -23.3698
344 -39.2666
359 -38.7501
479 -13.6541
270 -13.7715
390 -11.6146
517 -2.26086
408 -29.7679
748 2.66156
763 15.7711
241 -106.825
428 -36.2878
504 -2.3916
829 9.56952
682 0.560364
63 -27.9822
143 -35.7126
64 -8.69582
581 -1.5343
319 -8.80588
737 2.38495
690 1.38348
209 12.8402
826 25.4157
335 -8.44016
896 11.2211
1100 -21.2249
895 12.4643
744 8.40729
937 47.2747
461 -18.0808
981 -18.7698
996 -0.646851
43 -37.389
890 78.7426
568 -1.40405
815 30.4045
873 51.5884
730 2.15674
599 -1.16449
842 8.08112
534 -6.30328
331 -16.6091
468 -18.9912
662 0.140076
88 -64.0968
776 3.51678
57 -8.31566
88 -43.8737
25 -69.5556
472 -16.2214
171 -20.0544
784 5.21265
758 3.09003
480 -13.3032
753 2.32703
347 -11.1562
219 -7.93111
483 -2.452
200 -6.07454
80 -36.7674
220 -12.2287
44 -29.7309
735 2.03149
205 6.50381
783 14.752
279 -42.8177
349 -25.7579
924 25.9075
131 -36.9302
152 -35.8597
931 66.8508
21 -13.458
737 2.10699
106 -30.7159
211 -27.9831
428 -36.2872
207 23.4549
928 69.4338
944 76.8987
110 -37.7616
977 -25.7892
189 -19.2881
277 -13.7048
696 0.634888
990 9.19714
809 17.0034
499 -2.61188
703 1.73682
438 -4.00027
334 -87.9515
188 -25.544
853 41.6117
117 -37.8472
1187 -15.1132
106 -30.5717
177 17.4591
736 1.90588
842 8.08081
890 79.4124
233 -14.8716
759 2.48273
265 -15.1086
66 -43.4954
371 -13.6786
713 2.00122
294 -15.9424
735 14.5725
280 -15.4252
84 -21.5684
980 -5.63916
734 15.2735
519 -1.89929
242 -15.9635
672 0.772339
472 -3.02194
666 0.147705
705 10.0875
337 -55.4455
260 24.9865
815 30.4
900 43.4801
106 -23.1505
200 -11.3569
671 0.528137
521 -1.72565
316 -23.8104
204 -1.57375
271 -13.4844
230 16.5869
312 -14.1225
696 1.56061
440 -4.1463
518 -6.81573
179 18.1912
960 -73.0405
376 -33.1087
118 -22.7539
127 -38.0864
956 -16.6292
138 -34.6393
823 43.0073
258 -53.6286
441 -24.3282
447 -10.6387
494 -2.56528
647 -0.450256
202 -3.47287
944 77.0198
213 -3.66409
708 1.87402
452 -19.6035
191 -16.5044
400 -11.124
848 9.50427
110 -38.0807
21 -13.4586
828 9.86023
880 47.1949
876 49.1517
443 -35.9544
817 17.2473
428 -36.286
88 -43.8909
381 -33.1105
1037 -22.6207
164 -33.2999
792 24.5099
285 -18.2339
88 -40.9241
524 -1.901
80 -37.0425
944 76.9517
514 -7.64526
416 -2.40482
944 76.872
912 53.4348
1105 -180.219
808 37.3495
301 -22.4773
540 -1.71545
338 -11.5053
557 -1.66034
270 32.8033
1198 -16.8433
945 -27.3975
334 -87.972
166 -18.1749
1100 -21.2419
986 34.4705
957 41.2662
289 -18.1348
458 -3.59592
353 -12.398
106 -31.1221
498 -2.22711
542 -1.86029
730 2.15887
422 -38.0582
196 34.1823
859 8.97229
290 -15.0466
472 -16.681
72 -34.0486
767 4.15503
548 -1.68158
44 -10.248
332 -11.4814
412 -28.9089
186 -28.4186
569 -2.32812
28 -29.9375
987 34.9046
480 -13.2682
420 -27.9739
714 1.73138
16 -3.57155
1106 -73.9597
566 -1.38513
105 -32.1371
328 -55.2022
747 2.71808
461 -17.5647
601 -1.15564
1062 -18.8226
498 -2.37549
387 -12.5134
776 3.94165
98 -12.3409
459 -3.77106
194 54.6913
829 9.72253
184 -26.2464
160 -33.6885
660 -0.0217896
34 -16.3431
1061 47.5634
700 1.37079
297 -51.3488
331 -16.6081
885 17.2186
229 -5.11125
1104 -6.11194
542 -1.86017
386 -30.2521
168 5.06261
8 -57.4161
924 56.21
455 -21.9064
5 -20.3536
828 9.86395
116 -38.6165
647 -0.445068
476 -14.7909
536 -1.72882
470 -15.4905
88 -64.0753
871 44.0592
404 -29.9857
858 15.3002
842 8.0802
816 34.9668
710 1.78436
259 -38.7247
401 -30.7858
88 -43.8733
792 24.6112
688 1.27887
16 -30.2913
747 2.71808
360 -38.4351
28 -29.9355
234 -14.2202
244 37.819
400 -8.63397
1011 40.1121
394 -8.67743
98 -39.539
148 -35.6771
820 42.08
712 6.78693
185 -22.4427
159 -33.5384
485 -15.3421
351 -8.96463
696 1.55908
842 8.08093
659 -0.0638428
387 -36.0536
982 -14.4972
298 -9.60272
764 3.25751
21 -13.4525
546 -4.46869
577 -1.90649
747 2.71942
579 -1.64771
814 24.0793
479 -14.1566
761 2.56555
158 -18.6859
816 34.3552
216 5.62119
1085 62.4958
468 -2.89102
175 -40.6371
414 -33.0119
195 -23.6159
206 -29.6312
5 2.23252
749 2.85284
232 -14.5536
390 -11.2961
7 -54.1379
81 -7.82484
51 -64.4686
331 -62.7688
416 -28.0387
525 -6.24103
666 0.103455
445 -22.5431
526 -1.87805
831 33.0546
7 -51.8131
319 -13.819
105 -36.9384
554 -1.82404
1100 83.8751
366 -36.4466
772 4.51672
550 -4.08496
744 2.48346
377 -9.66068
446 -22.4092
80 -7.97604
191 54.3635
144 -36.2544
699 1.28961
344 -14.8483
1011 20.1218
144 -38.1092
484 -13.3395
156 13.8092
210 -17.9981
911 130.005
83 -40.1662
396 -10.5654
270 32.8156
856 8.71246
522 -1.94934
85 -38.606
764 2.86969
445 -22.6667
144 -35.4996
792 24.6108
512 -7.74023
742 12.1436
127 -37.3089
310 -51.5759
88 -43.8731
465 -20.0498
351 -9.02344
40 -51.2114
524 -5.93701
505 -10.0982
671 0.528076
746 2.4787
267 19.9193
467 -21.4111
468 -18.992
973 -106.929
67 -44.8821
111 -38.2863
537 -4.79822
496 -2.3598
433 -36.3856
309 53.2725
126 -33.8891
705 0.520935
329 -74.6263
672 0.783508
661 -0.0164185
60 -139.836
568 -1.4068
430 -29.2522
496 -9.68857
449 -22.7573
43 -16.0458
970 -28.9448
776 3.94391
501 -2.60034
801 17.1224
853 44.442
259 -15.3645
31 -53.0277
542 -1.86023
371 -36.5411
323 -49.1377
1111 -41.0801
290 -23.4629
736 13.8786
430 -25.9313
1011 72.2621
116 -38.2308
787 7.04309
447 -34.4877
7 -51.8293
41 -48.005
1086 -34.9216
1061 47.5625
751 2.81976
165 -33.307
445 -22.8264
170 -20.4731
246 -21.0467
599 -1.08698
1009 10.1097
1101 -74.5015
107 -36.5711
47 -9.06105
354 -10.3471
10 -78.3397
891 23.7822
660 -0.117981
538 -4.96082
479 -13.2884
162 4.70857
41 -45.0966
237 -13.0663
542 -1.86011
47 -6.72586
92 -21.7475
88 -43.8731
577 -1.10022
423 -27.7821
331 -16.6091
730 1.92114
112 -19.9785
536 -4.81415
960 -14.8939
557 -1.6864
912 53.4343
739 1.99695
576 -1.96759
72 -42.8646
746 2.47858
114 -37.8969
422 -38.0562
801 21.3629
18 -43.0256
257 4.11139
426 -37.6139
180 8.69063
88 -43.8737
1113 -44.9712
504 -10.1508
1103 -13.99
701 1.62213
451 -27.4313
756 3.08154
346 -14.9029
53 -12.6947
953 0.769653
737 2.42157
585 -1.46356
401 -5.72906
835 32.2996
203 -0.821854
700 4.53345
85 -38.6037
732 2.23181
84 -8.28963
641 0.922852
693 1.34698
185 -15.0371
265 -15.6176
952 -7.66943
209 -18.8662
949 4.17206
26 -51.8898
203 245.471
202 487.69
130 -55.6686
815 30.4017
1003 -3.7453
912 72.3898
662 1.56873
731 2.09045
949 -0.908813
492 -2.68771
453 -3.15121
57 -8.31284
357 -9.86301
50 -44.846
11 -56.2334
213 13.6682
839 37.1427
326 -12.6794
451 -27.4344
809 23.9111
524 -1.94489
674 3.59802
862 11.3625
451 -27.4353
747 2.72363
111 -22.3805
113 -38.084
736 2.77594
199 88.5025
1106 -22.1621
682 0.560669
359 -38.887
746 2.47943
664 0.410828
401 -30.4369
358 -10.6166
890 79.8881
105 -39.5686
531 -5.87799
376 -33.6045
737 14.8124
329 -9.25803
428 -36.2787
1106 -22.177
994 22.2044
1111 -64.4991
425 -9.47739
483 -2.45251
119 -39.068
60 -139.827
1121 -83.3906
354 -10.2828
184 -27.6939
449 -27.1097
1100 -21.2288
986 17.4259
153 -39.4912
179 18.1928
88 -43.8895
62 -28.3831
133 -14.5865
648 -0.318604
802 21.5817
349 -8.68805
826 25.4167
329 -33.1071
207 6.81551
340 -46.4046
567 -1.37323
144 -38.2834
750 17.099
1004 -1.95221
236 -23.514
446 -22.4126
709 5.23615
336 -74.0338
47 -6.72325
155 -33.5567
409 -5.99359
357 -10.4161
974 -28.4814
979 -18.6285
1202 -139.632
642 -0.394592
496 -12.889
801 21.584
739 2.45184
746 2.47681
202 -4.19519
47 -25.3269
932 83.7365
545 -1.71985
136 -37.1472
900 53.3229
41 -8.81533
978 -4.98926
51 -25.5189
499 -2.61176
266 10.2154
191 -16.5058
496 -9.68954
824 42.4314
213 13.6744
912 71.6719
899 53.0112
518 -1.78955
870 46.6082
50 -72.536
396 -12.1932
907 55.8699
888 31.7867
708 1.87982
1140 5.1051
222 -12.6879
133 -14.585
15 -59.9224
116 -21.3977
502 -9.50528
1136 5.00842
929 70.1988
894 20.9437
197 -12.5213
722 1.96411
686 1.26813
16 -50.4161
499 -2.61179
1057 61.0325
855 37.7531
1107 -22.9506
471 -3.03107
499 -10.0165
426 -37.6852
704 1.75305
813 24.9455
567 -2.35211
430 -4.30511
860 35.191
380 -32.9974
7 -78.0613
727 2.19745
849 0.721313
866 39.0079
815 30.3873
917 57.6867
494 -2.40067
638 -1.17694
976 -17.8253
281 -13.1274
357 -10.4145
891 31.3225
934 93.54
890 35.0678
166 -33.0318
1172 108.106
18 -42.3479
383 -9.25412
193 -28.5453
508 -2.57251
574 -1.20239
797 17.1948
292 3.54938
125 -37.9087
1106 -22.1873
418 -28.0093
892 46.6553
433 -35.6434
965 -1.2182
350 -11.1692
927 79.3221
502 -11.8152
754 2.22559
256 -2.10513
1185 -114.103
21 -13.4527
815 30.4134
544 -1.78601
556 -1.65863
314 -38.631
699 1.45343
944 77.0112
245 -13.2393
357 -9.86359
734 2.3186
815 30.3855
344 -39.2662
847 13.9007
271 -11.4156
496 -9.68948
219 -6.62482
136 -25.0445
717 1.9364
747 2.71991
181 -34.4229
830 42.64
194 54.6947
499 -9.21295
205 276.874
699 1.61823
562 -1.40546
803 20.7516
500 -2.38336
221 12.6144
119 -34.4236
72 -42.864
958 -6.42438
191 -16.5101
676 3.74084
67 -45.5075
1170 -11.9456
905 83.9154
201 233.128
977 -27.2333
259 -15.367
928 58.6303
412 -5.80212
558 -3.71289
761 3.14508
422 -38.0545
978 -1.21692
989 16.0381
151 -33.7713
190 64.0275
230 16.7748
700 4.53351
423 -15.5028
1111 -41.8821
775 18.7072
30 -8.86222
280 -15.4261
280 -16.999
21 -68.6895
117 -39.138
443 -25.305
857 9.18671
1042 -85.7984
747 2.82104
166 28.4944
446 -27.534
328 -55.2368
5 -81.5249
1102 -13.8772
506 -2.50577
357 -9.86334
646 -0.119568
861 8.72772
429 -25.9948
870 45.8411
480 -13.3034
244 -4.00336
662 -0.0761719
714 1.70825
840 41.6075
839 20.3735
542 -1.85992
534 -2.28119
193 -35.0371
370 -10.5356
234 37.6655
418 -4.8808
482 -13.7931
518 -7.3494
341 -11.0618
184 28.63
862 -3.02423
746 2.05103
86 -138.069
750 17.5733
144 -41.0001
868 45.1923
1093 132.471
201 -14.2006
859 34.4625
884 44.3668
184 -16.3519
959 40.609
373 -9.52286
118 -30.8395
144 -47.9745
944 76.9402
518 -1.78815
312 -18.4988
355 -38.8883
398 -42.6587
179 18.1487
28 -118.381
344 30.747
382 -9.17328
44 -9.67156
247 28.5197
924 54.881
367 -14.3448
242 -3.74693
423 -28.0188
739 1.81366
877 49.1613
320 0.788605
16 -33.3624
700 4.53436
1021 42.5978
397 -44.3368
119 -34.4118
798 20.8852
180 8.63435
870 10.5342
976 -1.37231
470 -16.3108
349 -10.7953
106 -37.0839
270 32.8443
216 7.16721
447 -34.2754
724 2.24402
16 -33.3103
935 45.8663
796 24.7972
698 1.49902
442 -23.4151
815 30.4011
127 -37.3076
203 -1.15393
705 10.0878
730 1.92261
297 -51.2564
473 -18.2688
842 22.3379
775 3.39905
749 2.59302
420 -31.1651
528 -1.82373
553 -1.72528
207 23.446
199 82.2007
177 17.4932
28 -22.7936
296 -21.9265
531 -1.79431
84 -39.9692
107 -39.5958
47 -65.0687
93 -44.0843
387 -12.5137
234 -14.2049
213 13.7133
986 16.5285
479 -13.2697
545 -1.69019
701 1.42078
1086 -41.8148
976 -1.97308
682 0.560242
1103 -76.6248
206 -30.6917
507 -9.82962
1076 -46.2377
986 34.4705
428 -4.32089
708 1.7666
1140 2.50134
60 -28.7776
489 -12.6643
8 -57.364
1021 9.74438
735 2.36694
989 25.239
44 -29.736
85 -38.6013
1005 29.28
779 3.85602
527 -1.88263
1086 59.85
1044 -67.6579
936 73.2432
460 -4.18088
165 -16.1213
385 -30.8263
681 0.371033
299 -53.0005
1187 -15.3297
568 -1.36121
191 -16.5049
300 -30.9972
373 -47.5341
545 -1.69525
44 -93.7838
261 3.34729
228 35.857
894 20.9436
127 -37.3089
911 78.209
268 18.3536
287 19.5714
371 -38.561
472 -20.9517
88 -64.079
496 -9.68933
895 55.0812
468 -4.18527
422 -38.0579
829 9.72357
451 -27.4342
152 -33.6747
457 -3.1716
266 -8.10919
964 67.6436
326 -12.1263
760 3.13043
166 28.4897
344 -39.2659
1064 12.097
927 82.9354
512 -1.98239
235 -11.7247
526 -1.9754
154 19.5472
846 43.334
204 2.93555
222 -12.7018
927 94.7375
458 -26.4243
143 7.78358
314 -0.360291
78 -42.0091
994 22.1841
259 -15.0821
929 54.1915
886 38.4227
869 21.6905
1021 42.5977
662 0.30304
941 68.317
790 19.8705
414 -28.5325
938 70.5125
468 -18.9864
579 -1.63983
731 2.0813
826 12.598
238 25.6239
246 -21.0464
350 -12.7921
753 2.09467
444 -28.7524
356 -38.9162
202 487.686
16 -30.2924
890 46.8682
299 -30.7298
69 -37.0405
37 -11.3885
474 -14.6367
659 -0.176941
214 12.5706
357 -9.8627
759 2.54932
501 -11.8158
848 39.6545
12 -109.907
274 17.966
496 -2.42236
1101 -19.2902
244 -21.0075
181 -18.1467
57 -8.31335
521 -1.70306
988 21.2966
829 9.71942
342 -8.08228
390 -32.1497
209 12.3656
1107 -18.386
170 -20.4749
1049 -73.0037
968 5.24048
502 -2.30942
461 -3.34662
672 3.63641
944 76.8456
162 -14.5788
449 -25.1857
553 -1.76251
332 -71.9059
1140 5.09277
545 -1.68951
205 22.878
35 -11.1338
560 -1.50745
118 -25.3851
2 -19.5486
828 9.86072
63 -8.76273
1094 50.0944
108 -36.5797
942 -81.2568
446 -28.4558
964 22.9498
421 -5.15402
1136 2.96423
799 7.96124
735 2.18207
204 -14.9695
219 -83.2531
747 2.23071
653 -0.353027
228 -11.3086
365 -15.6174
138 -36.6084
472 -2.40799
828 37.0053
357 -9.86316
8 -20.6873
804 17.6116
564 -1.41156
181 -27.695
783 14.7527
763 3.40515
29 -29.9352
821 17.5351
998 17.4261
880 9.59204
816 35.1964
263 -8.53761
300 -9.4444
708 5.52191
69 -44.7208
209 90.1862
267 -12.7683
337 -37.1715
93 -44.0805
408 -29.7686
911 71.2367
1000 47.6622
368 -35.0651
1087 -34.2681
879 6.63165
338 -75.5094
790 4.17072
989 11.0291
792 24.5114
490 -3.6525
899 160.619
333 -11.2273
12 -60.0077
206 -7.81897
348 -13.6786
1107 -22.6686
851 40.1429
109 -40.9109
164 -13.8363
538 -1.69452
532 -2.01538
340 36.8857
140 -36.4973
206 -17.4513
883 20.1826
281 -39.4979
911 71.0219
723 2.19836
811 26.7742
847 0.63031
405 -14.0844
376 -30.5212
851 44.8453
487 -13.1386
165 -21.0295
62 -6.29826
21 -13.4521
998 18.7863
563 -1.40234
480 -13.3032
29 -6.19704
796 24.7947
28 -118.132
732 16.7755
927 57.3819
951 -51.0531
506 -9.63623
826 42.5363
974 -24.7286
185 -18.2387
394 -28.3019
685 3.44513
861 44.6625
86 -38.5168
265 -15.1098
972 -20.1078
125 -37.2504
269 30.4698
828 26.2912
813 11.028
360 -38.6257
753 3.05756
141 -11.2229
270 32.8048
690 1.3833
561 -1.39856
194 -28.3353
179 18.1918
151 -34.8099
911 60.0026
696 1.56097
222 -12.6822
775 18.7065
454 -26.3522
129 -38.5748
130 -37.1649
94 -39.8559
727 2.38727
66 -45.5012
193 29.3598
332 -49.3181
900 55.5695
857 12.6426
278 -13.0253
489 -23.9687
942 -87.3701
694 0.716614
967 4.70575
638 -0.487305
540 -1.70288
220 -11.2746
377 -48.4807
1138 -24.23
271 3.53818
271 -11.416
1140 2.50854
14 -58.7105
199 -2.69099
207 23.4638
464 -3.14664
28 -29.9384
357 -10.4153
1106 -22.1798
894 20.9401
1011 39.6852
971 -0.0534058
535 -6.14691
75 -3.33109
497 -2.31195
893 50.6034
192 -40.8033
648 -0.318604
754 2.75208
742 7.83105
1185 -114.103
522 -6.38135
736 2.94312
815 17.141
760 3.13239
169 -32.3694
480 -13.2704
227 -11.2703
1107 -22.6711
796 24.7938
568 -1.40399
843 40.7925
687 3.19879
152 17.9553
815 30.4006
383 -32.8004
7 -51.8209
186 -6.27361
818 20.3626
853 44.7725
965 -25.4242
1162 24.1597
106 -31.1209
512 -6.63477
852 45.8239
198 -113.561
267 -11.5608
894 45.2863
838 45.6028
281 -12.5992
576 -1.7182
902 57.4597
315 -46.8606
907 76.7119
727 2.36572
425 -27.478
178 -31.951
2 -19.5513
479 -13.6555
144 -53.1348
422 -27.8325
232 -11.7437
1015 52.0818
213 13.6745
1086 -41.7728
326 -13.8193
850 44.6092
871 39.3934
855 45.8023
266 -13.2045
336 -15.6297
576 -1.13708
283 -33.049
812 0.928589
85 -40.1696
109 7.23206
304 -15.7116
555 -1.77026
192 -28.2599
567 -7.62085
682 0.560669
41 -9.89175
48 -34.7148
1099 0.306763
114 -39.1071
202 487.688
889 16.9758
874 40.4048
797 23.5922
766 6.5155
684 3.36554
230 16.5465
75 -77.9864
86 -36.9907
933 17.8856
730 2.16602
177 17.4827
559 -3.21185
337 -55.3745
783 14.7518
478 -14.0484
104 -7.45523
997 -2.05945
734 2.5462
404 -5.78409
815 30.3931
290 -14.3884
417 -7.90451
139 -36.0114
203 -26.498
955 38.9196
148 41.8649
695 1.43933
203 -14.2821
221 -77.3996
717 12.1113
886 48.1497
131 -37.0771
280 -16.9312
851 44.6162
522 -6.79395
708 1.75458
2 -97.3813
98 -39.5389
905 83.9208
531 -1.79456
923 56.1674
595 -1.24945
1059 61.8759
357 -10.4151
829 9.57184
207 23.4529
158 -33.9588
944 73.0875
736 9.5661
901 54.7992
526 -1.90405
736 1.80878
725 8.0119
792 24.5101
16 -33.2397
88 -43.8917
203 -12.8578
897 69.0426
839 39.0553
165 -46.7074
319 -76.3528
515 -1.9281
1085 60.0413
163 -18.5418
855 45.8513
743 2.0788
2 -46.7337
209 3.72942
890 55.3995
127 -10.1253
8 -22.3433
998 7.27277
828 26.7822
925 56.9023
511 -7.21606
422 -38.0566
212 30.6539
357 -10.4179
703 1.77936
93 -44.0848
899 80.79
725 12.0833
144 -47.9722
1014 26.1599
384 -32.225
683 -0.00109863
246 -20.2543
152 -7.05267
897 59.9965
410 -5.88773
7 -55.5498
532 -1.77527
461 -3.16461
157 11.0436
409 -39.5716
2 -19.5535
969 -14.3351
972 -5.88043
224 -11.7357
715 1.18475
364 -13.5983
272 -60.4388
266 -15.6994
44 6.28818
1090 -1.89355
492 -19.2411
554 -1.73438
449 -27.1086
47 -6.72788
695 0.85675
345 -17.7325
848 8.41437
763 3.4624
686 3.44348
859 41.276
998 47.6685
148 -37.3924
94 -44.0407
909 56.6344
957 2.08282
528 -35.7469
869 36.3899
235 -20.9317
312 -8.99228
119 -34.4184
917 51.3483
317 -46.9309
184 18.3605
35 -50.2781
883 67.3027
72 -42.8642
189 -29.2808
227 -10.5784
642 -0.39447
85 -38.5665
242 -2.8746
587 -54.9867
742 2.61438
727 2.06689
131 -36.7663
202 487.684
485 -6.62671
884 55.8188
198 -22.3205
200 -13.399
536 -4.96155
853 14.6327
796 24.7955
841 45.8995
878 23.0234
271 11.5571
847 42.8651
596 -44.4302
451 -26.9775
977 -17.2941
711 2.00043
52 -44.346
1094 50.09
788 28.9799
647 1.1333
682 0.560242
285 -75.9686
185 -21.9801
823 19.1513
796 24.7969
830 43.7819
430 -29.2542
944 -80.8425
201 -15.6003
221 -3.36252
8 -57.4433
221 -77.2715
764 2.87097
337 -21.0682
1025 -10.5374
890 71.599
853 45.0375
857 8.65143
357 -10.417
551 -1.84595
298 -27.0193
67 -44.8653
797 17.1177
76 -44.3375
280 -16.9266
325 -14.622
1107 -22.6703
668 -0.376465
169 15.5028
358 -39.2783
892 50.4438
783 14.753
874 45.9421
74 2.91148
271 -11.4341
262 12.4124
799 7.96234
799 21.3988
864 9.45563
349 -7.89154
44 -93.7796
973 3.97595
742 2.48474
569 -2.74738
1012 18.9966
697 0.542175
786 6.86389
412 -27.6525
1136 -16.4508
480 -13.2689
993 26.6721
886 47.1902
107 -23.7262
816 20.7016
238 25.5397
180 8.41525
1096 122.585
730 1.92267
835 18.7842
416 -5.16052
479 -13.2693
948 -2.37811
119 -40.0211
37 0.259743
376 -35.4107
274 -35.0354
21 -13.4544
846 33.7941
71 -13.3294
805 9.14917
119 -40.0199
111 -26.8468
260 48.7731
123 -37.876
671 1.95721
764 15.7838
872 40.3543
181 -28.5967
965 -10.0112
553 -1.75568
203 2.24118
544 -1.82709
187 -22.3049
880 18.0475
518 -1.78674
399 -44.5216
66 -16.6089
955 39.4932
313 -50.3217
1107 -15.8922
197 22.0757
44 -93.6973
67 -44.8644
777 6.96802
108 -36.5833
659 0.0389404
833 34.4839
1107 -15.9054
740 13.6562
801 22.4146
832 33.1765
84 -0.0981522
850 40.894
1184 -130.191
831 34.8183
480 -13.3039
526 -1.93005
499 -2.61182
822 25.7411
202 487.507
905 54.6956
974 -35.8135
544 -1.78748
746 2.50348
752 8.54492
174 -28.2867
761 3.15259
235 -23.3423
741 2.54425
724 14.269
992 26.4081
1097 -15.2617
135 -36.4282
1107 -22.6711
889 16.9053
44 -10.1052
288 -15.7924
213 13.7112
998 19.7949
511 -9.526
821 30.5135
1107 -22.9722
1102 -66.0649
1016 19.4343
896 52.6027
826 25.4216
833 35.7618
383 -9.59305
145 2.8625
42 -44.3562
374 -10.2915
832 30.6657
911 130.504
578 -7.4859
148 41.8104
1022 19.6964
311 -46.3925
8 -57.4108
652 0.0456543
343 -45.6133
979 -54.1961
964 -19.061
752 8.20728
8 -35.4025
521 -1.88812
424 -37.0809
929 118.169
220 -16.4348
538 -69.6894
1106 -22.1654
42 -3.32428
541 -1.69305
104 -40.2878
690 1.38354
871 45.8755
263 -15.221
727 2.38159
903 78.7548
286 -44.8607
815 30.3949
1006 -2.19531
698 1.52502
192 33.6493
669 2.23132
513 -2.09927
346 -18.5534
376 -35.6778
727 2.36469
815 30.399
776 3.94208
102 -22.0565
35 -10.4602
490 -11.8517
462 -4.59338
843 26.5388
900 76.9125
57 -8.31379
461 -7.23697
862 23.4957
266 -1.02368
457 -18.8128
508 -9.42935
1091 -34.5132
998 47.6689
928 58.6085
542 -1.74341
158 -24.9357
855 24.2154
107 -37.4939
1032 5.63025
529 -5.93085
369 -35.8625
911 130.426
119 -34.4177
76 -30.801
334 -11.7624
864 -3.54156
405 -42.3571
508 -6.44644
841 9.28082
7 -52.0819
519 -1.88831
903 77.9102
702 2.75879
499 -2.61194
120 -38.5079
697 0.555908
167 -28.745
8 -35.0741
268 35.0031
350 23.7691
558 -1.59991
499 -9.20889
150 -66.3515
671 2.245
890 49.523
178 -14.3115
999 -5.77234
1124 -67.0759
871 11.8979
925 87.1964
178 18.4016
388 -31.7793
888 47.7393
218 -14.9587
730 2.26813
308 51.4072
7 -52.062
131 -37.4923
959 41.9678
499 -9.20862
1034 -26.1445
357 -9.86288
916 56.4461
686 1.24109
148 41.7872
150 -34.4639
516 -7.00024
913 51.222
1022 19.3954
1113 -174.278
730 2.1554
542 -1.73175
944 73.0934
137 -35.9545
792 24.5106
16 -30.2942
900 53.7352
974 -1.39435
819 24.7455
99 -44.9119
36 -60.4247
247 10.9927
671 1.95709
244 -12.8539
697 0.427795
959 35.2998
122 -37.7156
211 -18.5572
213 13.6595
848 43.85
110 -38.6751
681 0.873901
842 8.08069
467 -5.92627
28 -118.25
1140 2.50854
177 -75.1405
883 38.0548
855 41.4992
1107 -34.3097
823 34.2177
339 -38.4366
911 78.3782
729 9.94244
1001 37.9432
929 31.2288
450 -22.8199
911 128.955
215 -10.5828
520 -6.68945
1094 50.0895
842 48.6538
851 46.4277
20 -9.36208
333 -11.2286
349 -17.2657
29 -29.9382
145 17.1209
1046 14.7976
577 -1.90289
969 0.236084
290 -15.9402
1089 54.5873
759 3.08081
849 44.8138
746 2.50275
135 -36.7449
469 -18.8072
282 -45.0425
106 -40.743
689 3.68262
123 -37.6638
750 2.27118
728 2.02374
944 76.8519
811 17.2147
40 26.6731
806 19.9711
867 10.2336
841 26.3109
270 -12.8909
34 -16.5414
392 -28.764
425 -27.1975
968 -24.6866
71 -43.0605
783 14.7523
113 -40.9899
987 34.904
808 37.3168
944 73.5219
799 7.98346
25 -49.1353
826 30.8027
224 -4.07153
1101 -79.4589
36 -0.854393
109 -42.7043
19 -63.2393
516 -1.83521
1049 -10.5803
3 -25.5401
806 9.79584
391 -32.0568
27 -51.4295
17 -53.0348
1121 -103.551
786 19.6766
423 -15.4864
962 -22.3874
566 -2.57764
67 -44.8681
90 -77.9028
928 58.4819
221 -9.4632
810 10.5247
424 -4.29956
747 2.7179
128 -38.1289
687 3.20166
209 -18.6284
9 -107.925
552 -1.64673
502 -11.8537
228 -12.5299
498 -10.9782
279 -13.1764
1003 -5.41772
183 -35.2223
792 24.5122
966 28.2305
573 -1.50745
513 -6.96768
29 -107.994
295 -2.2793
921 56.2568
871 45.9325
1107 -15.8679
688 1.28046
182 8.47096
803 29.5272
1107 -80.7998
912 53.4332
729 11.9692
7 -56.9683
796 24.7953
976 -1.84113
1094 50.1755
966 -25.1639
748 9.349
387 -32.1727
768 4.21234
727 8.77179
812 10.6263
168 -16.265
513 -8.75388
205 22.8746
866 39.0083
955 2.59253
912 70.9042
748 23.3299
471 -3.71457
911 73.5484
2 -78.7353
105 -36.9388
44 -29.7311
696 1.56134
926 154.045
1185 -114.087
102 -40.7412
869 39.9436
154 18.6334
202 487.688
998 47.6677
890 78.6457
1052 39.2875
25 -11.1805
426 -26.7914
106 -30.6987
409 -40.8483
357 -9.86304
246 -21.0467
883 38.0168
825 29.3986
133 -37.653
219 40.0252
42 -138.917
559 -1.45129
922 53.8459
511 -2.31772
912 57.8651
670 0.744446
202 487.682
1115 -144.507
855 24.2152
119 -40.0453
675 1.89441
142 -34.8637
754 2.75238
309 -23.2951
862 8.8396
872 40.9094
334 -88.069
114 -38.1191
903 54.7225
6 -31.5413
998 47.6687
999 -18.1344
18 -40.9608
699 0.512085
812 19.4241
764 19.2195
732 12.6988
1073 -43.2572
905 55.5588
528 -38.9072
300 -31.0402
853 14.8474
671 1.95734
226 -10.5649
131 -37.0919
1085 54.637
912 53.4346
16 -30.2947
224 -12.6485
219 -0.365677
10 -100.896
727 12.0953
204 -14.9714
1102 -19.2415
831 44.4448
194 -19.6758
176 38.9633
897 51.6708
395 -44.4176
717 2.14349
748 8.33521
649 1.04065
449 -21.8468
1044 -61.654
29 -108.113
131 -37.5362
75 -19.8016
180 5.96721
122 -28.712
1027 -25.2355
88 -43.8904
808 15.9467
108 -42.9094
711 1.98724
269 -14.1274
740 13.6555
1087 -35.4137
151 -33.8009
898 53.6869
538 -69.8213
208 207.267
996 47.5568
449 -20.5861
1162 24.5608
738 2.21631
