699 3.72339
994 -16.1627
414 -9.49814
382 -8.86691
826 5.01166
414 -9.49634
699 3.60925
444 -2.76227
440 -3.33377
825 4.82404
381 -9.00977
604 -0.201538
389 -18.992
604 -0.197083
604 -0.19696
300 -14.8922
835 4.6662
781 12.1363
698 3.5976
347 -11.3419
633 1.94476
248 -20.2704
391 -19.2876
465 -2.89075
453 -3.45114
604 -0.191467
635 4.1275
614 -0.0809326
440 -3.33371
679 2.74402
604 -0.198364
465 -2.89047
411 -5.17181
698 3.59784
619 0.882446
479 -2.68875
357 -10.2175
1024 -9.74359
465 -2.88965
514 -1.36517
440 -3.33362
619 0.88269
440 -3.33359
543 -0.668579
432 -3.1731
369 -9.57904
849 4.76141
381 -8.92874
357 -10.015
303 -14.4449
391 -19.2878
678 2.80518
173 -29.5184
623 1.68976
270 -17.7411
303 -14.4449
385 -8.67007
665 5.38824
391 -19.2869
937 19.127
699 3.60913
604 -0.197083
699 3.60919
363 -9.55463
310 -14.2175
825 4.82385
390 -8.31818
616 0.435974
492 -1.7374
465 -2.89566
358 -10.1272
381 -8.94183
994 -16.1628
781 12.1301
852 4.83685
442 -2.97623
434 -3.61697
616 0.436829
307 -14.4434
362 -9.82089
458 -3.29361
757 9.89362
646 5.9975
630 2.99878
698 3.59735
380 -8.76767
405 -6.06351
825 4.82422
411 -5.17343
643 2.71179
279 -16.9516
1024 -8.33997
475 -2.73792
415 -4.62402
313 -24.3369
679 2.74542
415 -4.62415
397 -7.97601
327 -12.369
1024 -9.75311
577 -0.627136
381 -8.94177
678 2.80402
1040 -17.4728
357 -10.0149
331 -11.9949
334 -11.9509
273 -17.4849
344 -11.4137
325 -12.8228
353 -10.3539
532 -0.891479
446 -2.61407
533 -1.1358
591 -0.305115
665 5.38806
514 -1.41571
514 -1.41553
375 -9.0498
937 19.0798
526 -0.933228
613 -0.067627
248 -20.2645
234 -25.4404
1040 -17.4796
465 -2.89023
465 -2.89087
362 -9.82089
994 -16.161
592 -0.266602
447 -2.62491
781 12.1299
374 -8.80045
556 -0.556091
358 -10.1272
446 -2.64111
381 -9.01166
454 -3.0144
826 5.0033
345 -10.8282
577 -0.625488
841 4.68805
616 0.123413
212 -24.3662
493 -1.73282
323 -12.879
825 4.8515
1024 -8.42194
465 -2.89545
403 -6.39343
937 19.1304
248 -20.0837
440 -3.33353
411 -5.17413
514 -1.41547
381 -8.94193
652 4.54718
414 -9.49725
616 0.435913
303 -14.4449
414 -9.97681
273 -16.9303
514 -1.41394
202 -25.5425
395 -7.2085
533 -1.13586
390 -8.41168
322 -12.6337
937 18.6661
616 0.123901
637 1.19373
440 -3.33359
380 -9.0159
446 -2.64117
613 -0.0684204
699 3.74109
495 -1.65845
514 -1.41565
446 -2.6413
698 3.59937
37 -57.4652
604 -0.197083
781 12.0969
341 -11.1607
364 -9.29996
446 -2.64108
279 -16.9525
440 -3.33359
300 -14.8921
327 -12.3446
658 1.03906
374 -8.68121
947 110.935
279 -17.0188
239 -21.5755
937 18.6667
332 -11.968
514 -1.41492
537 -0.880371
344 -10.8012
248 -20.2941
382 -8.85965
345 -10.8281
291 -16.3502
440 -3.3335
616 0.436829
655 0.955627
347 -11.3412
314 25.0127
318 -12.8169
303 -14.4446
411 -5.17432
311 -12.9385
495 -1.66162
640 2.35535
757 9.89355
521 -1.25476
936 52.1883
604 -0.191528
757 9.89362
409 -3.83755
952 54.7291
263 -18.7236
649 3.87048
646 0.568604
465 -2.89532
244 -20.6311
344 -10.8011
514 -1.36517
982 -70.3544
781 12.1358
451 -2.44351
411 -5.17432
348 -10.9749
414 -9.49704
244 -20.6282
243 -20.8504
963 11.0764
397 -7.07199
411 -5.17361
243 -20.8504
311 -12.9379
431 -3.81561
648 8.71484
381 -8.94128
248 -20.0835
514 -1.36517
589 -0.499451
176 -29.3015
440 -2.97931
937 19.1246
240 -21.4359
678 2.80328
332 -68.9366
317 42.7552
452 -3.05838
655 0.908875
177 -29.2924
263 -18.6764
388 -8.55905
1040 -17.47
350 -10.6774
953 63.6968
627 1.94739
577 -0.626465
643 0.738037
262 -18.6719
171 -29.7987
516 -1.49738
621 0.0187378
646 6.18958
532 -0.891235
389 -18.9923
318 44.2006
345 -10.828
613 -0.0683594
619 0.882446
195 -26.746
537 -0.777588
619 0.881897
327 -12.3447
679 2.74561
646 4.29285
358 -10.2063
352 -10.3637
556 -0.551636
376 -8.4151
416 -4.65375
354 -10.4134
465 -2.89481
532 -0.891357
280 -16.8089
331 -11.9952
184 -28.122
203 -26.1126
347 -11.3418
465 -2.89536
446 -2.62607
248 -20.0835
564 -0.406372
616 0.123169
1031 64.3201
324 -12.8159
329 -12.1465
558 -0.421326
514 -1.34119
347 -10.8535
556 -0.556641
259 -19.226
589 -0.499451
315 -12.918
279 -16.9584
195 -26.6093
231 -21.9083
331 -11.9948
614 -0.0809326
279 -16.8161
964 4.69922
351 -18.2662
637 1.1936
353 -10.3543
68 -55.008
1015 -16.4083
167 -29.524
325 -12.7855
67 -54.751
358 -10.2084
411 -3.69971
451 -2.45282
968 -16.0922
650 0.601318
441 -2.99557
514 -1.41504
447 -2.62469
451 -2.45258
390 -8.44992
279 -16.9426
451 -2.45239
360 -10.2176
234 -25.4389
577 -0.628662
326 -12.6971
537 -0.883545
414 -9.97668
793 7.71887
411 -5.17413
68 -55.008
244 -20.6306
556 -0.552124
317 -12.8698
237 -20.7518
532 -0.891418
382 -8.86679
623 0.0223999
381 -8.92871
937 19.0835
279 -16.8159
723 4.63483
559 -0.413757
327 -24.5335
288 -15.8303
648 8.71545
1052 33.4778
445 -3.59891
350 -11.1102
910 33.6388
514 -1.36517
262 -18.6776
655 0.908752
194 -26.6967
852 4.83691
626 2.51904
971 -7.09241
532 -0.891541
519 -1.23877
354 -10.4146
313 -24.5607
675 5.61115
852 4.83691
360 -10.0598
1040 -17.4651
417 -3.51965
421 -3.44806
837 4.6947
451 -2.45163
577 -0.619629
428 -8.36966
621 0.0187988
334 -15.9572
1024 -9.74512
428 -4.06375
1030 63.5726
628 0.315552
519 -1.35681
556 -0.559021
843 15.9001
360 -10.2174
648 8.71527
971 -7.09015
341 -11.1615
605 -0.294067
286 -15.7315
385 -8.73312
184 -28.1217
357 -10.0886
171 -29.7977
261 -18.9499
362 -9.82086
1074 64.8243
411 -5.17371
451 -2.44257
723 4.63483
470 -2.52704
1218 191.034
360 -10.2171
363 -9.56238
532 -0.894165
662 1.05206
1074 64.823
377 -8.90942
651 4.32538
54 -52.16
331 -11.9947
864 36.0837
243 -20.8508
679 6.52911
936 50
303 -14.4506
849 4.75995
334 -15.9543
336 -50.4354
655 0.909119
360 -10.2177
698 3.59985
243 -20.8109
650 0.601318
994 -16.1614
311 -12.9372
1024 -9.72516
346 -11.0514
622 0.0307007
307 -14.44
317 42.8037
234 -21.9596
614 -0.0809326
532 -0.891296
655 0.948669
852 4.83685
556 -0.557678
51 -56.938
577 -0.628052
171 -29.7968
556 -0.456909
194 -26.6959
331 -11.997
325 -12.8253
656 0.634705
400 -6.75562
356 -10.2744
577 -0.626343
408 -22.7264
426 -3.23602
303 -14.45
255 -19.7486
514 -1.33966
360 -10.2173
616 0.436218
327 -12.4488
639 2.43719
342 -11.1211
824 13.3923
493 -1.73215
246 -20.7967
279 -17.0191
751 9.49615
432 -3.17426
390 -8.31873
351 -18.2637
383 -8.24832
279 -16.9935
723 4.78748
853 4.8222
417 -3.51956
415 -4.62531
32 -52.0871
359 -10.1651
314 24.9958
924 50.3964
373 -9.18518
514 -1.41565
825 4.97791
658 0.714233
344 -10.8011
793 7.71997
280 -16.8108
426 -4.2168
329 -12.1461
514 -1.34119
614 -0.0809326
655 0.947449
363 -9.62265
658 0.714111
838 4.68762
262 -18.6779
361 -10.1484
380 -8.82202
354 -10.4122
723 4.78802
311 -12.9378
824 13.3926
577 -0.623779
509 -1.70386
411 -5.17429
514 -1.41571
964 4.63947
678 2.80304
324 -12.816
646 0.577515
100 -34.0206
613 -0.0684204
532 -0.891418
537 -0.880249
341 -11.1609
346 -11.2304
655 0.947144
723 4.63489
293 -15.4998
279 -17.0188
279 -17.0188
37 -57.45
357 -10.0151
1198 216.346
689 7.30646
994 -16.1619
69 -47.9638
311 -12.9379
208 -24.2981
556 -0.552429
465 -2.89508
324 -13.5632
295 -15.2729
307 -14.4436
211 -24.3108
658 0.71405
363 -9.66074
305 -14.2053
314 24.8248
304 -14.2949
869 4.62915
167 -29.5254
313 -14.0361
349 -11.1274
234 -21.2211
720 4.34888
479 -2.6879
655 0.95697
514 -1.41534
67 -54.7581
176 -29.3022
313 -24.3268
390 -8.31265
362 -9.82086
51 -56.7026
346 -11.0648
426 -4.42834
514 -1.41339
985 -175.42
440 -3.33359
1032 64.9275
381 -8.94147
327 -12.3447
428 -8.37024
350 -10.8546
451 -2.45102
344 -10.8011
450 -2.43381
493 -1.73419
37 -57.4503
774 13.3328
616 0.123291
390 -8.31863
393 -8.4819
232 -21.6963
244 -20.7519
1040 -17.4688
414 -4.70316
862 16.3028
476 -2.71603
311 -12.9386
650 0.601379
360 -10.2184
243 -20.8505
297 -14.9543
937 19.1252
184 -28.05
417 -3.5195
279 -17.0192
325 -12.8238
317 38.8037
414 -4.69867
234 -25.4391
248 -20.2654
232 -21.7466
362 -9.82077
69 -47.9635
325 -12.8254
32 -52.3591
694 10.467
51 -56.7026
678 2.80292
514 -1.41382
411 -5.17346
411 -5.17416
947 110.939
937 18.6646
585 -0.437622
689 7.30676
51 -56.7021
662 1.0929
353 -10.3546
544 -0.712463
99 -44.5939
184 -28.0499
331 -11.9953
329 -11.8906
51 -56.7027
514 -1.33954
360 -10.2182
327 -12.3448
658 1.03912
327 -12.3441
971 -26.5704
327 -12.369
325 -12.8254
757 9.89355
240 -21.4357
577 -0.626892
26 -42.6172
390 -8.31354
884 25.6404
54 -52.1602
317 39.9671
690 8.45801
1040 -17.4716
327 -12.3424
317 38.8174
282 -16.3935
479 -2.68863
266 -18.6092
68 -55.0066
360 -10.2173
243 -20.8127
650 0.601196
212 -24.367
521 -1.19354
322 -12.7271
375 -9.33862
358 -10.2082
328 -26.0596
327 -12.3446
51 -56.7021
700 8.85864
290 -16.663
713 4.52917
196 -26.2698
331 -11.9956
345 -11.2934
329 -12.1461
937 19.1148
451 -2.43649
32 -52.0883
393 -8.34427
274 -17.4254
392 -8.41513
51 -56.7029
585 -0.437866
100 -34.1575
781 12.1294
678 2.80518
826 4.80591
510 -1.55978
235 -21.3611
56 -55.381
719 7.79022
378 -9.09729
349 -56.5602
1040 -17.4649
669 4.14996
381 -8.92877
441 -3.67761
477 -2.69171
680 6.76569
751 9.49609
360 -10.218
390 -8.31268
710 9.05542
612 -0.188171
829 4.84351
606 0.0223999
781 12.1354
1074 59.2297
414 -4.68988
297 -14.4492
844 15.9942
843 15.8991
315 36.1547
248 -20.2674
329 -12.1461
424 -3.37943
344 -10.8012
414 -4.71606
266 -18.0052
971 -7.09454
479 -2.6882
1196 222.855
427 -8.39255
633 0.386597
629 0.26593
527 -1.00964
357 -10.0151
451 -2.4523
414 -9.4964
994 -16.1622
347 -11.3421
181 -29.2107
424 -3.37936
239 -24.7676
347 -11.3419
411 -5.17419
381 -8.92877
244 -20.6314
754 6.1485
425 -3.26926
68 -55.0068
1074 59.2279
481 -1.94333
423 -3.32242
684 1.6684
414 -9.49634
397 -8.12259
975 -185.939
283 -16.7938
348 -10.9875
577 -0.623108
521 -1.25159
514 -1.33942
245 -20.6429
681 1.56842
635 4.12463
613 -0.067688
99 -44.5889
587 -0.445129
335 -11.6367
684 1.6684
208 -24.2977
234 -25.439
689 5.2702
51 -56.7021
721 4.49939
351 -18.2578
1075 60.2832
67 -55.0769
342 -11.1205
185 -27.9404
208 -24.2978
279 -16.9404
986 -211.69
23 -34.5617
589 -0.499451
360 -10.2172
248 -20.2707
408 -22.722
208 -24.2981
1219 193.433
378 -7.48465
888 4.06555
577 -0.625
414 -9.49841
337 -11.8097
611 -0.0794678
284 -16.7558
347 -11.3366
773 17.8198
397 -7.78653
332 -68.9396
363 -9.57242
984 -111.255
616 0.123962
233 -17.499
339 -11.5355
874 53.2192
723 4.63513
843 15.8994
381 -8.94128
279 -16.8163
399 -7.89526
662 1.11737
837 14.6936
302 -9.18301
814 8.9549
1074 64.8241
637 1.19373
173 -29.519
37 -57.4516
353 -55.5321
1013 -10.339
726 4.80212
501 -9.84668
614 -0.0809326
762 6.64911
309 -13.9908
51 -56.7017
971 -7.0929
514 -1.33978
655 0.90918
37 -57.4543
363 -9.56323
248 -20.2673
417 -3.51965
184 -28.0498
51 -56.7025
248 -20.2706
633 0.387268
1074 64.8226
54 -55.5688
781 12.1357
814 5.54431
537 -0.883545
24 -37.8058
1006 -61.1889
378 -8.94855
656 0.623352
577 -0.621216
655 0.946594
343 -11.9803
682 2.95758
302 -9.52039
353 -10.3649
577 -0.621216
287 -16.5207
397 -7.29706
1145 145.566
803 8.44739
612 -0.187439
725 17.1827
382 -8.86685
910 33.6389
678 2.80511
284 -16.4691
280 -16.8094
658 1.02716
190 -27.8381
184 -28.0037
585 -0.437561
601 -0.154785
186 -28.0552
247 -20.6521
1218 199.19
385 -8.66962
476 -2.71616
41 -56.8902
4 -48.2494
556 -0.556763
100 -34.0119
509 -1.70215
937 18.6624
698 2.34283
244 -20.7513
248 -20.2706
541 -0.781982
274 -17.4255
244 -20.6303
840 43.9531
604 -0.191895
1229 183.029
662 1.04871
824 13.3913
613 -0.067688
640 0.626221
273 -17.4848
846 16.5266
843 15.9208
362 -9.8208
659 1.03644
859 16.0231
68 -55.0079
37 -57.4502
468 -2.16827
327 -12.1505
360 -10.2172
793 7.71753
172 -30.2864
657 0.682068
781 12.1302
738 23.412
585 -0.437866
262 -18.2168
1074 64.8258
684 2.97321
889 5.11993
556 -0.551514
354 -10.4122
390 -8.31891
844 14.3605
380 -55.2368
556 -0.556641
360 -10.1293
678 2.80353
365 -60.8274
259 -19.2261
781 12.1292
100 -34.156
538 -0.795288
50 -51.2134
395 -8.00534
71 -55.0752
327 -12.3447
82 -35.6002
1156 254.665
657 0.890503
304 -14.2374
327 -12.3446
259 -19.226
272 -17.2742
176 -29.2528
593 -0.157471
853 4.82251
672 1.57587
585 -0.437866
626 0.151611
355 -55.3361
428 -3.3418
375 -9.1073
234 -21.9573
994 -16.1617
514 -1.33978
100 -31.4899
798 11.9761
827 21.1834
73 -55.0387
304 41.8444
100 -34.0215
613 -0.0678711
658 0.714233
633 0.386597
358 -10.2161
888 4.06506
21 -51.6502
324 -12.5076
354 -10.4419
390 -8.39352
265 -18.3691
757 9.8949
570 -0.544495
185 -28.7403
527 -1.0097
432 -3.12863
600 -0.106201
962 71.1573
342 -11.4616
985 -175.361
862 24.3297
326 -12.1997
227 -22.5582
26 -42.5949
1031 64.4828
1040 -17.4727
414 -9.97681
244 -20.6302
532 -0.891907
37 -57.4628
660 1.05066
205 -24.7749
661 1.09186
99 -44.5886
585 -0.437439
843 14.3744
668 1.91595
728 12.3549
748 5.88074
324 -12.5612
51 -56.7029
824 13.3922
99 -44.5932
20 -50.6368
235 -25.4583
304 29.6139
405 -10.4551
805 25.0769
390 -8.31885
514 -1.3653
852 15.282
681 1.88098
721 12.683
1040 -17.47
824 13.3917
537 -0.883118
239 -21.2835
427 -8.39749
659 1.0271
161 -30.6692
49 -62.5035
847 16.5558
426 -3.42606
331 -70.2931
1219 193.45
244 -20.6295
560 -0.382324
532 -0.891541
167 -29.5253
678 1.43652
54 -52.1637
207 -24.7657
32 -52.3631
786 12.1321
433 -3.02612
26 -42.6181
633 0.387085
465 -2.89075
811 9.00903
1024 -16.0021
279 -16.9469
677 2.27667
403 -6.06818
861 56.7775
793 7.72058
769 7.18573
866 16.8969
566 -0.543823
665 5.38806
284 -16.828
488 -2.10263
672 6.36389
648 8.71533
451 -3.31073
825 4.82446
234 -21.9596
397 -6.59058
477 -2.69174
362 -9.82092
577 -0.626892
824 13.3928
211 -24.3108
302 -9.52505
768 15.1443
1051 66.7288
733 4.60663
762 6.65002
326 -68.7087
329 -12.1465
100 -31.4928
304 46.0244
604 -0.197998
514 -1.26141
1074 64.8259
801 12.5609
304 -14.1845
1022 -16.3495
100 -31.4909
854 15.3798
852 4.83679
723 4.56769
1074 59.0898
938 44.3631
325 -13.4509
347 -66.7354
579 -0.603943
428 -8.37006
853 4.8222
16 -44.6372
51 -57.1561
574 -0.546143
861 56.7771
658 1.02722
21 -52.3897
100 -34.0159
311 -12.9383
994 -16.1624
440 -3.33359
327 -12.3436
440 -3.33423
778 7.44806
532 -0.891418
740 5.51263
614 -0.0809326
642 0.81311
893 58.3113
1222 186.641
677 2.43414
1219 193.433
311 -12.9383
866 16.8981
767 6.56219
793 7.71954
695 0.498352
360 -10.2173
256 -9.33304
26 -42.6171
493 -1.7326
14 -46.5728
827 21.1932
620 -0.117615
753 8.67609
99 -44.5886
537 -0.88031
537 -0.88031
395 -7.7952
255 -19.7609
897 25.1106
345 -10.8297
239 -21.5749
671 1.58679
1031 64.3201
210 -23.9888
469 -13.1043
414 -9.97736
577 -0.627014
745 5.46594
720 4.34888
735 4.7771
1216 201.639
32 -52.0893
265 -18.3114
366 -9.42203
721 4.01129
297 -14.9553
922 20.9288
724 9.86768
431 -3.81631
354 -10.4133
381 -8.94186
793 7.71967
733 13.6667
970 -9.51642
411 -5.17422
782 7.72192
723 4.78827
208 -24.2977
353 -10.3553
691 1.76019
726 4.81104
208 -24.2978
773 13.0889
314 -13.4864
849 16.2812
244 -20.6284
1205 213.488
659 1.05103
435 -7.60464
574 -0.279114
266 -18.6908
658 1.02905
807 8.79065
754 14.8474
430 -3.25485
577 -0.626465
285 -16.8542
889 5.11823
952 54.7182
212 -24.1102
637 1.19379
336 -68.7856
807 8.88513
970 -13.9673
1152 14.7251
444 -24.6165
195 -26.6092
673 1.39459
479 -2.68863
814 9.04596
659 1.05176
99 -44.5878
1042 -96.801
641 0.864746
287 -16.7352
311 -12.9386
363 -61.9199
675 6.341
863 24.4556
985 -175.418
334 -11.7819
240 -21.4358
293 -16.4694
451 -2.43683
752 8.45282
759 6.54401
583 -0.523438
573 -0.364746
514 -1.33929
208 -24.2975
1191 226.181
914 26.7108
662 1.05164
824 13.3928
345 -57.4343
759 6.54346
543 -0.720825
303 30.0001
947 110.961
167 -29.5249
355 6.33749
389 -18.9929
338 12.1465
655 0.955444
446 -2.64108
303 -14.3675
543 -0.763245
840 14.1739
1155 254.287
341 -11.1613
648 8.7149
508 -1.59491
234 -21.9569
852 15.2811
1024 -8.38214
723 4.78827
656 0.617249
362 -61.9211
135 -31.5514
527 -1.0097
381 -8.43182
161 -30.6698
480 -2.87628
1198 216.342
367 -10.4135
190 -28.2454
728 12.6461
362 -9.8208
782 7.68341
839 14.3656
357 -10.015
857 17.6663
994 -16.1611
754 14.8472
585 -0.437256
691 1.74054
279 -16.8157
782 7.70544
952 54.7229
770 7.28284
674 1.74512
985 -175.379
614 -0.153992
859 16.0231
326 -12.3989
779 11.4481
385 -7.94284
338 12.0184
741 13.879
171 -29.797
428 -8.36847
725 4.44934
363 -61.9201
691 1.72711
352 -10.364
557 -0.383606
866 16.8978
315 -13.1786
786 12.1605
985 -76.8772
601 -0.155029
910 33.6387
211 -24.3108
455 -3.14551
37 -57.4514
1151 14.7351
481 -2.4682
683 6.71948
871 54.1782
927 24.1319
819 25.1482
658 0.714478
836 14.4335
852 16.9798
690 1.73511
21 -52.4381
313 3.79944
616 0.123413
1198 216.358
486 -2.5528
814 9.06683
57 -79.3845
180 -29.623
888 4.06567
444 -2.76065
845 4.60925
652 3.99408
642 0.812439
1159 235.213
672 1.28766
260 -18.7062
436 -7.6701
767 6.58191
208 -24.2977
767 7.15173
327 -12.369
767 6.55396
1024 -9.72882
723 17.2872
880 36.8396
805 8.75421
297 -14.9553
866 16.8969
614 -0.0809326
302 -9.52356
790 12.0861
1178 231.064
952 54.7341
657 1.16553
616 0.123962
614 -0.123413
782 7.69891
767 6.59576
550 -0.759949
814 9.0401
862 16.3027
891 30.3955
622 0.0305786
864 17.3495
1151 14.7346
264 -18.489
263 -18.7153
708 2.54309
723 4.56769
324 -12.816
787 7.63605
444 -24.6143
54 -50.5879
852 15.2824
799 8.41193
382 -8.8671
310 -14.1898
802 24.9097
403 -6.42453
995 -80.8242
1031 64.3199
682 1.85406
862 16.3027
1179 236.607
705 7.37152
762 6.66089
478 -2.41174
439 -2.57901
1109 50.5116
279 -6.87225
680 2.92377
964 14.9847
585 -0.437866
861 56.7769
1201 217.364
532 -0.891724
243 -20.8128
791 4.32965
249 -20.3239
1031 64.4828
960 62.7667
1229 185.696
65 -55.0308
804 8.71021
690 1.73053
833 30.85
745 5.75201
675 1.3949
982 -70.3553
720 4.61694
326 -12.5479
658 0.715149
713 11.1982
865 43.556
844 15.9957
773 7.08618
866 16.8969
786 7.68927
302 -0.429138
782 7.70361
684 1.66833
370 -20.9255
268 -18.5421
386 99.5666
789 7.93231
843 14.3742
791 6.63916
302 -0.445221
37 -54.1928
342 -11.1245
386 -7.95847
374 -14.1819
659 1.05109
640 0.62854
861 56.7735
713 4.43604
318 44.1968
235 -25.4587
1115 6.18884
878 60.5765
314 -1.32608
650 0.601318
635 4.12628
723 4.78815
244 -20.6318
21 -51.6528
304 -61.0791
484 -2.55753
633 0.386108
771 16.1816
623 0.00805664
938 44.3629
54 -50.5878
785 33.3203
936 49.8588
744 5.68256
908 11.9203
741 5.37561
937 18.6446
677 2.91656
862 16.3027
408 -12.3741
663 1.09937
472 -2.49249
720 4.33905
532 -0.891541
193 -27.0254
349 -66.7274
656 0.684753
947 110.925
360 -9.81055
759 6.54205
56 -55.7628
384 4.56845
390 -8.39468
318 44.1979
194 -27.431
673 1.30536
288 -1.04962
345 -10.8298
1042 -96.7673
87 -24.6677
1042 -96.7783
824 13.3915
307 31.3369
296 -15.0529
486 -2.34357
390 -8.3931
652 0.991455
613 -0.067749
671 1.53033
927 18.1266
618 -0.340698
986 -202.531
673 6.05865
853 4.82239
646 0.566833
937 18.6651
332 -68.9388
897 25.1103
735 3.04871
652 1.68982
782 7.67712
1078 76.2184
762 6.41986
919 61.7996
365 -10.8663
566 -0.38623
381 -8.9288
504 -7.38165
782 7.67609
176 -17.2878
986 56.7885
646 0.567566
782 7.70563
510 -1.55765
678 2.87335
68 -55.008
585 -0.437866
727 4.4668
357 4.60455
986 -202.589
210 -23.9868
1219 193.441
691 1.75604
752 5.72931
759 6.54407
395 -10.431
850 14.7634
782 7.70306
1057 5.55237
211 -24.3109
379 -8.92822
837 30.955
639 0.749512
514 -1.33997
952 54.7348
54 -50.5703
910 33.6388
107 -22.0833
67 -54.7511
263 -18.6008
724 4.81787
1129 13.1697
839 14.3656
751 5.78668
641 0.823059
1074 64.8235
394 -7.8692
852 40.7188
787 7.48822
1053 67.4127
835 9.8988
1215 22.246
176 -29.3031
658 1.02838
619 -0.191956
563 -0.461121
937 19.1061
927 18.1292
514 -1.3396
773 7.10699
720 4.34882
927 24.1198
326 -12.474
656 1.13239
658 1.16382
744 5.67017
656 11.0085
795 12.5029
428 -8.3689
639 0.74884
161 -30.6699
788 7.86072
660 0.89386
966 11.3273
943 54.5893
869 27.0008
478 -2.23538
691 1.75525
723 4.56775
814 18.7869
672 1.20721
68 -55.008
317 42.7365
390 -8.31879
848 40.3271
476 -2.52145
209 -24.617
993 -4.00745
363 -61.9203
715 11.8203
782 7.70404
637 1.19366
327 -12.3691
691 1.77991
11 -28.2115
927 24.1311
469 -13.1099
747 5.56604
743 5.64789
388 104.383
759 6.54303
334 -61.9477
790 7.9151
362 -61.9201
721 4.49939
727 4.83752
807 8.81281
256 -9.33409
332 -68.935
384 -51.8291
21 -52.4217
297 -14.9558
256 -9.33336
797 12.4641
1074 64.8256
719 17.2966
927 24.1204
844 15.9941
1195 220.988
373 -11.9234
298 -14.3897
966 11.319
709 3.66229
1156 254.706
259 -19.226
261 -18.6764
438 -2.564
1040 -23.8403
440 -3.33487
839 14.3657
785 7.60101
793 7.72394
994 -16.1624
328 -12.5026
1057 40.045
986 56.7882
658 0.715088
721 3.96588
386 -8.06009
776 6.91229
844 21.1014
298 -14.4647
732 4.40253
679 2.13757
349 -10.4669
708 7.23969
657 1.16187
655 0.90918
628 0.315063
481 -2.34106
264 -18.566
810 8.56116
787 7.7381
476 -15.6937
844 14.3603
658 0.713928
995 13.4118
627 0.108154
782 12.3573
478 -12.1522
696 1.36639
613 -0.0684204
759 6.552
707 3.4762
986 -202.597
759 6.54364
435 -8.64877
924 50.0452
639 0.638428
768 6.9231
1057 5.55212
258 -19.107
787 7.7384
868 24.5287
613 -0.0686035
860 35.4437
622 0.0305786
577 -0.624023
804 8.71527
799 8.45166
938 44.3654
783 7.36804
755 6.15363
315 6.15536
816 19.4749
210 -24.1276
1051 66.7284
4 -48.2537
382 -8.86707
559 -0.374817
554 -1.52826
577 -0.560486
850 5.47028
537 -0.899841
696 2.65076
986 56.788
653 2.34332
849 14.9191
620 0.164673
210 -23.9888
674 14.8936
616 0.124146
838 14.6236
167 -29.5231
691 1.75537
772 7.36053
215 -24.4715
659 0.997375
871 54.1481
744 14.3553
723 4.56769
482 -2.50922
845 14.4116
970 -10.9808
679 1.43213
792 11.7983
730 19.1833
244 -20.6314
706 2.22345
1198 216.341
309 -13.9395
761 6.41882
414 -9.49631
897 25.1115
469 -6.74039
99 -44.5879
21 -48.8361
736 4.85632
464 -18.2922
910 33.6389
790 10.3866
848 44.2101
208 -24.2977
525 -5.74036
757 9.8938
734 4.68378
782 7.70367
984 -111.162
767 6.81061
637 1.19379
690 2.08087
816 31.1076
655 0.908997
656 1.17468
787 7.67181
614 -0.0809326
837 14.114
1077 54.4622
1196 214.575
1176 235.836
628 0.315491
698 2.34271
839 15.0508
876 47.4118
687 2.02924
202 -25.5425
501 -9.8472
820 30.7741
499 -1.7067
355 -1.10773
37 -57.4651
618 -0.340515
734 4.66187
208 -24.2978
1232 179.96
790 7.9071
1231 182.48
82 -36.685
585 -0.437256
612 -0.187561
736 6.31787
202 -25.5425
816 31.0652
662 3.47803
435 -2.94669
662 2.78925
327 -12.369
527 -1.00977
966 -23.329
707 3.53296
768 6.92249
839 14.3657
862 16.3027
167 -29.5247
827 21.1819
741 5.37604
665 -1.44781
315 6.24524
665 5.388
496 -2.51578
669 1.21423
927 57.7682
816 31.109
323 -40.0852
555 -0.42041
757 6.24341
815 8.94043
244 -20.6286
820 5.07947
381 -49.1856
552 -0.711365
618 0.215698
171 -29.7988
418 -36.5332
348 -11.1841
807 8.4577
720 4.34888
211 -24.3108
444 -24.6024
434 -3.60092
656 0.615112
215 -24.1298
782 12.0854
618 0.24292
638 0.280762
790 10.3868
723 4.56769
807 8.78998
984 -27.6571
259 -4.31853
986 -202.598
743 5.9931
846 4.31891
754 14.8478
808 8.8996
844 15.9932
392 -8.26486
839 24.0415
622 0.0307007
476 -2.49826
866 16.8979
279 -6.66641
866 16.898
698 2.30817
919 61.7989
464 -18.2979
703 2.65454
658 1.21271
637 0.590088
302 -9.15903
927 18.073
358 -10.2649
190 -27.5789
844 14.3602
728 4.48688
1180 238.469
720 4.33917
119 -28.6137
807 8.79535
845 4.61871
303 -14.3799
964 14.9849
908 54.9019
783 7.64471
753 9.56647
685 1.94141
54 -50.5767
766 6.75098
1150 137.346
32 -52.3592
1140 87.1638
648 8.71484
781 12.1356
368 -0.366425
274 -17.3656
737 5.01013
1051 66.1093
248 -20.0835
633 0.472168
707 13.4832
705 3.41742
555 -0.406555
888 4.42206
1042 -96.7917
235 -25.4583
384 4.57114
691 1.75549
235 -25.4591
642 0.812378
839 14.3655
390 -8.31232
88 -45.3046
658 1.16168
311 -12.9375
263 -18.575
767 6.81067
329 -12.1463
793 12.4255
721 4.49963
501 -9.84665
795 11.5309
324 -12.3366
1005 -58.3944
234 -21.9575
677 2.2735
766 17.0837
879 36.8102
927 24.1371
852 30.2889
721 4.49933
817 20.0408
908 54.9134
667 1.14423
986 -202.552
703 2.22479
1006 -72.0421
840 23.4769
735 4.66296
698 2.30713
705 2.17688
699 3.60895
1003 -110.196
785 7.59875
368 -0.358063
658 1.15253
888 4.06561
862 16.3027
625 0.168396
770 7.24396
441 -2.95795
612 -0.188232
1042 -87.0048
762 6.42017
368 -20.3734
879 36.811
208 -24.2978
242 -24.3743
786 7.68286
424 -11.4412
562 -0.509949
785 7.59979
926 50.1791
690 1.73059
1178 229.92
205 -24.7577
897 25.1122
1145 145.593
464 -4.85059
746 5.48462
347 -11.3365
275 -15.0493
404 -11.2294
444 -2.76068
657 1.16077
51 -56.7024
1237 186.882
32 -52.3626
619 -0.348816
474 -2.52597
700 2.03381
305 0.357971
765 6.42175
743 5.55438
601 -0.15448
1051 66.728
739 5.03754
381 -49.1963
501 -9.84625
384 4.56946
389 -18.9934
475 -2.40225
689 7.3089
501 -9.84756
661 1.04187
984 -111.495
501 -1.71832
1235 174.649
824 13.3915
21 -52.4095
647 0.819214
592 -0.33551
188 -27.5832
927 23.9203
640 0.841003
1211 213.794
533 -1.1358
815 8.9729
844 15.9943
684 1.66833
302 -9.52316
790 11.6296
691 1.75421
1057 5.55432
641 0.823181
376 -10.1941
338 12.0385
1232 178.336
262 -19.0871
486 -11.0927
614 -0.0809326
1178 229.913
389 -18.9953
785 7.58942
789 7.83582
176 -29.302
741 5.36255
645 0.692322
839 14.3651
338 12.1314
655 0.908997
161 -30.6696
627 0.316162
613 -0.0683594
694 2.63605
235 -25.4582
708 2.07581
1142 69.4751
967 10.4417
577 -0.623596
612 -0.187439
444 -8.45486
786 7.73584
897 25.1112
814 9.04022
709 3.91272
742 3.42908
622 0.0307617
524 -5.74268
1233 186.482
723 4.56769
646 0.565491
761 6.43964
177 -29.2939
839 14.3646
1180 236.402
171 -29.2488
64 -50.6426
380 -55.4901
339 12.3645
862 16.3027
986 56.7888
616 -0.115417
807 24.9862
793 12.2861
789 7.89319
795 11.5289
677 2.29016
865 4.64526
482 -2.81412
45 -56.612
176 -29.3019
389 -8.23929
805 8.75391
633 0.384277
858 31.6937
471 -12.7091
785 7.5976
390 -8.39249
637 1.19379
676 1.34491
658 1.1604
967 10.303
648 8.71478
176 -29.3021
852 15.2824
690 1.72687
534 -1.05084
314 -13.4151
250 -19.6464
303 -14.2611
177 -29.1873
807 8.80646
731 4.59021
866 16.898
927 24.3645
709 3.57385
984 -111.462
1050 67.6929
621 0.0186768
315 6.198
766 6.75464
708 3.64307
782 10.5038
212 -24.3662
382 -8.86676
685 1.87708
737 5.04993
1141 187.429
868 32.837
327 -12.369
705 7.50568
341 -68.1837
324 -12.8183
844 14.3605
708 6.30133
349 -65.4391
723 4.56775
1140 87.1433
254 -19.5421
816 31.0699
691 1.72198
752 5.8114
626 0.274414
177 -29.3398
414 -9.97687
814 5.30994
382 -8.86682
414 -9.97675
501 -9.84827
501 -9.84616
279 -6.65042
600 -0.958618
639 0.749023
177 -29.291
1118 213.086
477 -12.065
704 3.40991
1211 213.76
762 6.64801
35 -57.7328
767 6.81067
642 0.840698
343 -66.7908
672 1.69666
852 40.2382
464 -2.05313
306 -60.7411
967 10.3032
243 -20.8072
782 7.70319
417 -3.51965
759 6.54199
703 2.1814
509 -1.70087
936 50.0012
839 14.2313
176 -29.2527
1012 62.4115
629 0.266174
867 16.582
385 -7.94296
735 4.6618
235 -25.4589
861 56.7781
439 -3.08344
212 -24.1381
782 7.7038
661 1.40936
852 15.282
551 -0.453369
159 -30.6542
871 54.9527
812 18.3442
20 -50.4014
414 -9.97693
822 5.0578
698 3.59814
717 4.57373
265 -17.8609
826 9.48486
746 3.90997
622 0.0911255
69 -47.9572
836 14.3159
82 -35.3644
380 -55.1651
675 1.29828
187 -27.5153
1027 22.9218
384 4.56485
493 -1.73288
984 -111.159
637 0.606384
966 -35.4919
814 9.04022
738 5.42206
417 -3.51947
1022 1.35352
21 -52.3907
353 -9.43158
720 4.57501
786 7.73602
814 9.04028
501 -9.84674
211 19.7797
1159 235.442
839 14.8322
390 -8.31854
1122 207.18
851 16.9544
795 11.5333
1198 216.341
938 44.3637
408 -5.07553
392 -11.4625
295 -14.9277
843 44.4845
629 0.361084
355 6.39902
1177 239.899
791 7.3689
316 6.26465
790 7.91992
854 40.0932
254 -19.542
675 2.80792
1239 169.313
661 1.04028
736 6.3147
481 -2.96994
701 7.34253
767 6.56274
401 -9.21048
795 11.4865
816 8.99573
919 61.7874
616 -0.223572
595 -0.162476
984 -27.8882
648 1.24933
815 8.96326
888 4.21643
1078 76.2051
208 -24.2981
869 4.82745
425 -26.3217
435 -8.63046
828 9.80823
314 24.8401
1179 236.452
785 7.59723
672 1.69659
346 -4.40948
790 10.3865
658 1.22205
720 4.34888
316 6.33261
879 6.28326
747 5.56732
51 -56.7031
1016 42.9201
701 7.1684
535 -4.07281
478 -2.68222
514 -1.34082
1159 235.171
785 7.58667
384 4.57001
37 -57.462
845 4.61865
866 16.8981
210 -23.989
680 1.45538
1223 185.904
501 -9.84689
612 -0.183533
401 -6.62378
621 0.0187378
357 -10.015
1016 14.6509
466 -2.04453
785 7.58099
898 7.64252
785 14.8828
879 6.27264
972 -31.8654
718 15.2986
1057 40.0453
738 4.0351
688 2.15112
437 -22.1758
548 -0.545776
869 26.0792
444 -24.599
338 12.1113
815 15.4305
254 -19.5416
171 -29.9617
557 -0.397583
779 7.03552
1155 254.191
390 -8.31281
663 1.09387
381 -8.92874
879 6.23407
910 33.6389
222 19.2006
754 14.848
846 7.28693
318 45.5551
843 14.3738
210 -23.9877
818 9.38318
938 44.363
814 9.04022
463 -18.3237
816 31.1113
1077 54.4663
1121 74.3621
621 0.0187378
723 4.56769
927 23.9116
612 -0.187622
839 14.3653
888 3.93048
713 8.72632
390 -8.39249
1040 -17.48
814 9.0401
767 6.56445
759 8.3728
716 15.2813
908 11.9244
469 -7.81866
780 7.5014
726 4.59949
286 -16.6753
432 -2.99689
785 7.59711
527 -3.01904
819 10.3992
785 7.58514
759 6.54352
874 52.5771
244 -20.6302
364 -9.54779
898 37.2516
390 -9.52399
790 10.3874
726 4.54028
709 3.6958
29 -33.8351
945 23.4095
845 4.61847
888 4.87677
747 5.7912
331 -64.1492
834 5.07068
858 19.2509
628 -0.171814
762 6.54059
1159 235.577
633 0.387207
773 13.0928
875 47.8402
869 26.0845
625 0.211975
252 -8.62619
672 1.62579
816 8.99603
444 -24.6147
968 -16.0824
279 -16.9539
1021 -28.2382
835 9.98816
381 -49.1877
670 1.37854
746 5.47644
726 4.61115
235 -25.4592
719 4.52844
791 4.33649
871 54.2048
224 -25.8865
444 -24.6119
993 2.82739
440 -3.33414
864 17.3268
872 33.8215
671 1.51611
1019 -45.6353
1053 50.645
444 -24.5994
341 -11.1611
435 -8.62985
879 6.27832
981 -61.4207
845 4.60925
940 44.5806
790 10.3867
659 1.01971
288 -1.02444
936 49.9985
848 29.3395
705 8.02112
814 15.2556
678 1.47943
656 1.13177
341 -11.1612
501 -9.84647
703 13.0897
830 20.2552
785 7.58936
715 4.50824
1216 22.4918
869 4.57892
447 -20.3008
1014 4.82202
746 5.48401
661 1.41028
294 -14.4085
616 -0.290222
962 48.7667
338 12.0308
1057 40.0469
731 4.63049
888 4.06567
722 4.85529
684 2.18542
662 9.82367
721 3.96942
292 5.827
745 5.46429
332 -11.9688
986 -202.542
20 -50.6303
648 0.852112
658 1.21271
381 -54.5279
1027 45.7615
786 7.73596
435 -3.07294
695 2.62598
778 14.0535
659 1.02869
762 13.6744
846 28.4238
1059 48.3611
646 0.753906
464 -18.2917
1223 188.386
938 44.3625
318 44.1852
782 7.32922
197 -24.9153
813 25.2761
754 19.7932
931 22.5095
754 14.8482
874 35.941
177 -29.3556
249 -8.50615
616 0.123962
403 -7.58798
1109 50.5032
469 -13.1084
927 57.7614
754 6.13513
1140 87.171
1031 64.3199
934 55.2167
762 6.65009
967 10.3051
730 4.51001
401 -9.28079
759 6.54272
867 17.3035
628 0.315002
1159 235.172
642 0.789734
721 3.96979
1229 187.214
823 11.3925
710 4.05096
355 6.37027
472 -2.60196
242 -5.41277
713 4.40393
711 8.51398
938 53.6668
789 7.8642
787 15.4126
784 7.35547
894 58.1807
1060 51.3433
629 0.266174
911 54.0379
562 -0.473694
850 30.019
985 -77.0082
793 7.72345
820 11.3147
698 2.30731
613 0.0603638
844 23.4725
640 0.839844
44 -50.1457
755 6.19421
936 56.756
1118 212.156
388 104.379
727 4.46265
553 -1.86554
1155 254.245
708 2.64172
829 46.4713
384 4.57281
254 -19.5418
884 27.7166
652 1.00397
642 0.685852
829 16.0145
656 1.07501
688 9.53082
362 -9.8208
1104 -42.4309
548 -2.9881
782 7.66449
1179 236.329
934 52.3975
932 50.4988
1014 4.83813
434 -3.61453
191 -28.7274
927 23.9344
859 6.3316
353 -26.7872
811 9.01385
679 1.43542
785 14.8704
986 -202.608
869 24.5343
720 4.34882
831 13.7419
302 -0.468719
788 7.98926
723 4.63507
941 55.5741
823 13.2503
1159 235.542
855 27.1277
966 11.3055
1235 189.211
859 16.0237
229 -25.1326
360 73.4803
675 1.31384
498 -2.83856
661 1.40851
257 -6.67593
368 -0.379242
693 2.15295
389 -18.995
435 -22.7372
667 2.81946
317 42.8645
694 2.28558
839 14.7671
267 8.32108
720 4.34888
685 9.97583
302 49.2
424 -28.3068
703 3.99988
762 6.4173
709 8.28064
826 4.99567
1111 49.6721
790 7.93091
761 5.74829
1055 55.3458
475 -12.2576
401 -9.14233
1112 23.2341
326 -41.9759
766 1.1012
263 -18.6502
888 4.71954
356 5.57364
1191 226.163
395 -39.3867
287 18.6672
353 -10.5866
720 4.34882
1040 -15.8606
437 -8.59903
600 -0.958679
684 2.14264
347 -11.3371
790 10.39
637 0.55188
774 13.3297
1044 48.7666
635 0.491028
839 14.3655
796 8.17706
668 1.20758
723 4.63513
695 2.6842
768 6.92523
878 28.505
1115 6.39563
403 -7.03619
760 6.38977
729 2.93878
514 -7.3663
639 0.640137
845 4.60962
814 9.04022
348 -29.7538
704 2.28003
1196 215.899
350 -18.9309
316 6.27939
442 -2.81992
564 -0.483582
961 18.7444
869 24.5453
1035 60.3669
386 99.5616
332 -11.9686
401 -9.35574
723 4.56775
767 6.81049
879 36.8104
695 2.68579
809 8.8291
418 -37.1353
849 4.75958
889 5.12048
254 -7.98752
171 -29.7988
329 2.78647
881 59.7584
775 6.94727
1209 201.78
429 -28.8788
845 4.60901
177 -29.1872
360 67.5643
639 0.528564
235 -25.4586
1038 -15.2751
866 23.7473
763 6.4729
661 1.72156
1134 4.75867
753 8.67664
1007 -59.6665
816 8.99591
735 4.92157
658 1.02722
235 -25.4587
431 -3.36984
809 25.3219
877 34.6654
355 -2.1929
1098 26.3252
295 -15.4013
457 -6.17801
308 -0.0322266
446 -5.3129
716 2.63983
790 10.3862
360 -10.2176
178 -29.6013
864 17.3467
383 71.6129
736 13.6066
266 -17.8258
665 2.06317
368 -0.378021
380 -8.73245
909 12.5677
555 -1.95605
986 56.6329
825 4.8241
1010 -59.7731
1159 235.566
782 7.72101
1194 214.062
390 -8.39569
661 1.05194
721 4.49945
1042 -96.7346
467 -7.12396
723 4.56769
728 4.47729
879 36.8102
691 1.75513
279 -17.0189
753 8.67664
967 10.303
711 4.3772
940 54.2679
821 12.6947
550 -0.739014
313 3.79599
782 11.218
641 0.864502
798 8.49243
705 9.08356
656 1.14471
751 5.82928
639 0.747131
763 6.95483
235 -25.4592
789 7.83887
909 12.6316
913 54.9911
723 4.56763
711 14.358
879 5.63696
866 4.72913
514 -1.34137
1225 194.97
262 112.86
867 35.8126
891 30.6738
926 57.8229
501 -9.84695
820 29.4769
706 2.47961
389 -18.9901
558 -0.3974
727 9.84912
725 4.43811
384 4.56937
754 14.8303
833 9.78473
419 -35.4757
816 31.0679
639 0.700684
316 -1.17261
733 3.367
887 6.08014
919 61.789
744 5.59949
1160 232.619
1194 214.104
1159 235.587
366 -9.42258
639 0.746826
463 -18.3294
759 8.37238
467 -13.0581
1179 236.575
600 -0.114624
742 5.5741
911 54.0284
846 4.30847
997 36.9363
718 4.43298
925 70.4186
753 5.8504
939 56.5872
1000 13.1938
1196 214.672
1176 235.886
1113 17.8433
259 122.61
789 7.84076
468 -13.0601
1021 0.941711
934 49.619
768 6.85339
689 7.30627
552 -0.499146
869 23.8564
934 55.2159
1210 216.605
704 3.33521
822 13.2812
788 15.0378
743 9.0097
260 122.439
720 4.34888
1180 238.466
1129 13.1686
415 -37.5536
205 -24.0784
708 3.60162
698 2.30591
1180 238.481
435 -3.02676
680 1.43262
666 2.45508
345 -62.6729
709 3.68988
402 -9.18365
803 8.22131
825 4.82343
1028 -0.253662
837 14.2042
718 4.8465
548 -2.98724
698 2.3089
680 1.56104
658 1.2226
661 1.39459
428 -27.9769
684 1.66858
867 4.57916
406 -4.36758
1014 4.85052
877 27.8397
534 -4.08417
852 4.83527
845 14.8606
721 4.00745
382 -8.86682
612 -0.188171
738 5.46777
767 6.52441
222 -25.6571
743 8.89825
44 -55.2678
785 7.59979
935 55.651
712 4.33618
845 4.62488
1216 198.285
289 -0.99472
762 6.41931
658 1.22229
1217 196.775
689 7.30542
655 0.908997
665 -1.44794
794 8.15857
531 -1.5498
464 -6.93896
1012 -21.5628
813 15.341
723 4.56775
782 7.70282
732 4.48474
348 65.5917
658 1.19904
739 3.23828
250 -20.2225
828 13.6404
368 -0.366394
464 -18.2958
873 34.7983
704 7.77081
861 56.7776
315 6.16177
828 9.83929
368 -0.36615
1178 230.987
481 -12.0122
877 33.009
641 0.723877
805 8.71576
1050 40.0685
723 4.56769
752 5.81433
861 56.777
550 -0.628662
789 7.86469
640 0.841187
277 7.83768
787 14.9803
657 1.23883
297 -36.0485
548 -2.98694
373 -19.1101
720 4.33905
772 6.50482
793 7.71686
997 36.6957
304 -61.4008
867 4.64954
674 1.60907
291 -16.5518
848 28.8661
747 5.55939
1098 92.7683
773 13.0867
1031 -76.8596
970 -21.5593
698 3.6001
957 25.4361
355 -61.9679
751 5.79468
444 -20.7869
816 8.99585
69 -47.9641
674 2.40851
811 9.17139
401 -9.27155
759 8.37256
860 19.2875
330 -68.1211
369 -60.3221
262 -18.6776
1122 207.215
336 -50.4265
254 -19.5419
1164 228.531
794 7.98621
1159 235.543
431 -27.5731
927 57.7596
762 6.66431
828 30.4024
912 50.3231
176 -29.302
1118 212.123
815 6.38464
843 15.8992
1031 64.4827
907 -0.955811
768 6.91656
1209 205.549
751 5.78387
234 -25.4388
342 92.4471
632 0.419861
850 4.75977
46 -57.2078
253 -19.9893
874 41.5959
1074 64.8231
923 49.8777
996 -18.9164
351 -22.9942
689 7.31476
368 -0.378265
695 2.73792
532 -0.891541
639 0.747681
641 0.66333
1228 187.653
251 -14.6761
370 -9.45798
1200 -96.592
710 4.19647
362 22.072
321 4.26389
1140 87.5526
879 6.27087
689 7.30328
43 -49.552
709 3.12909
791 8.05707
729 9.40759
475 -12.4569
299 -6.56857
562 -0.445801
1198 216.341
317 42.8859
815 8.93018
852 15.2789
746 5.49121
773 13.0887
798 12.5774
661 1.435
865 5.40387
691 1.75549
338 11.6146
1046 47.4268
130 -40.6435
726 8.51361
437 -8.65421
368 -0.364655
338 12.115
752 5.80432
839 4.84998
315 35.0459
306 -14.2271
889 32.1606
980 56.4703
839 14.365
807 8.79102
908 54.9031
721 3.96863
424 -26.7314
307 -1.24274
1001 -26.636
927 57.7579
243 -32.4568
318 10.3123
1128 -2.91443
744 5.63647
1211 213.952
1014 4.72174
318 44.1909
695 2.7049
444 -24.6154
118 -27.132
234 -21.9566
677 2.24426
207 -24.6568
773 13.0918
524 -5.74286
1157 262.138
1174 236.656
1159 235.549
953 63.7023
754 14.8477
720 4.33893
839 14.3648
729 4.48187
250 -20.2022
345 -10.8301
742 5.41516
763 6.4574
388 104.363
1116 6.44849
349 -4.99969
751 5.78198
344 91.7473
254 -7.86487
814 8.82019
927 24.1614
371 -17.1134
736 5.25891
754 14.8478
1037 -21.8076
911 54.0312
785 7.58398
846 27.3055
628 0.315369
702 2.06329
616 0.123047
768 6.92218
807 8.78992
452 -5.86188
798 8.17651
477 -2.69189
550 -0.516724
795 8.35339
315 6.16248
282 2.45193
401 -9.36642
259 123.626
135 -31.5515
741 5.37585
420 -29.3049
891 37.4332
605 -0.106995
805 8.32166
739 5.46741
286 34.9297
642 0.838867
958 4.67889
894 58.1802
1024 30.6731
390 -8.31268
1215 22.246
1215 22.2466
908 54.9033
1239 170.408
427 -28.1002
669 1.18884
684 1.66833
781 12.1299
312 24.6941
842 23.4789
291 3.28339
733 9.80109
890 4.29413
384 33.9565
1141 269.629
866 4.58081
757 8.75476
1090 47.769
690 1.73065
1148 186.981
670 1.72815
952 54.732
169 -25.1688
486 -12.0327
390 -19.0967
384 4.57709
793 7.72217
757 6.24323
741 5.37512
1114 64.1517
435 -8.63022
803 8.35327
839 14.3657
853 38.0143
1179 236.324
51 -56.7032
910 44.6926
997 36.9626
205 -24.5469
753 8.67633
1150 137.349
636 0.610657
864 17.3273
621 0.0187378
1225 199.165
385 44.4879
658 1.22662
911 54.0377
326 -48.2734
644 0.724304
1178 230.963
809 17.8833
785 7.58435
758 5.74054
724 4.42859
923 52.8574
1053 67.4103
900 35.8538
1179 236.525
1196 223.023
869 24.443
336 -50.2922
710 3.76892
384 4.56772
336 -12.2554
633 0.272644
879 36.8102
821 9.08606
308 -0.921021
1198 216.375
334 -10.6344
302 -9.11435
359 -16.5462
1211 213.797
656 1.13171
747 5.15393
465 -6.94336
1227 195.102
1118 20.9154
475 -12.3791
429 -27.6831
781 7.13226
282 -16.3933
1159 235.578
886 15.633
429 -3.14969
962 46.5573
99 -44.5876
344 7.22495
787 33.9248
970 -2.00275
1194 214.078
514 -1.41376
352 -3.54657
687 2.354
1042 -96.7833
435 -3.50961
1118 212.218
846 15.1306
985 -76.8738
851 4.5274
401 -9.14191
430 -22.7756
319 -61.5972
883 27.7464
825 5.78503
374 27.7519
720 4.33911
750 4.93964
10 -36.7093
879 36.8102
679 2.74542
751 5.95734
434 -7.55481
980 56.454
111 -44.4624
869 4.55591
621 0.0187378
1146 187.494
317 42.8253
1122 207.897
223 19.6534
400 -55.2313
288 -1.04523
801 8.28918
396 -8.15811
543 -0.862671
884 25.8784
548 -2.98853
390 -8.3129
1122 207.885
1074 64.8228
659 1.05139
373 -17.5455
1120 208.891
1204 211.598
1216 198.3
958 4.27991
908 11.9199
368 -0.355835
315 -13.6303
443 -2.87891
847 25.2845
778 7.11963
765 6.42383
789 7.84113
210 -23.9889
869 25.4097
896 57.0201
458 -14.5466
1162 246.024
349 -30.1859
1053 67.4124
812 18.4246
531 -3.0744
967 10.3011
678 2.80511
931 29.8974
432 -27.9427
1196 222.861
658 0.816101
902 15.8242
580 -0.447937
826 9.08246
1179 236.326
720 4.34888
813 8.84534
684 1.66852
198 -24.5324
777 7.28729
308 -14.2759
1054 50.6418
254 -19.542
1022 1.21631
172 -30.2863
353 -10.6485
808 8.76135
1051 66.7284
694 1.7666
279 -17.0187
845 4.61871
831 48.2619
734 4.72736
781 12.1299
615 -0.026062
464 -18.2943
254 -19.5421
223 19.6507
688 1.92041
1100 208.654
611 0.0527344
259 -19.226
339 12.2834
678 2.52319
495 -1.65878
678 2.51697
527 -3.29266
919 61.7999
908 11.9221
922 50.3432
689 7.30713
747 5.58594
311 -13.8663
462 -2.0174
695 2.49353
756 5.54279
1141 269.605
362 -1.31833
475 -12.4473
261 -18.9329
936 56.7571
875 56.6312
418 -29.2781
411 -5.17346
1014 5.11346
524 -5.74268
708 3.7149
84 -44.2381
708 2.03619
859 5.18347
698 2.30847
879 36.8107
706 3.53021
740 3.2934
881 63.4076
729 4.61908
306 -14.2141
321 -12.4922
596 -0.148621
268 -17.7406
1194 213.978
849 15.1252
276 -5.78174
843 14.3739
983 -38.1211
828 8.90106
866 16.8976
828 20.001
696 1.36475
525 -5.59979
861 4.68896
501 -9.84644
894 19.0234
264 -18.5743
204 -24.7678
256 -9.24254
735 4.79559
1044 67.1746
477 -11.2362
733 3.27228
944 10.0018
1153 201.239
884 25.6507
746 5.48663
932 36.0069
839 14.3645
510 -1.55728
1000 64.571
1103 -30.9727
889 5.12048
758 5.48743
303 -27.3719
331 -12.0931
487 -11.1926
863 40.9344
1179 236.572
983 -0.490601
1053 67.4126
893 58.3235
354 -10.4133
1159 235.575
821 6.40558
244 -20.632
905 57.1238
867 26.9219
710 4.2334
385 8.33389
815 25.5163
501 -9.84848
464 -18.2932
773 13.0935
795 11.4339
723 2.81409
795 8.16351
1018 -48.6221
954 132.695
703 -6.23743
391 1.44669
645 0.704895
230 -12.8548
784 16.7929
444 -24.6113
780 7.25287
313 28.374
929 54.49
289 36.4141
341 -0.47171
988 -96.0952
1194 214.489
751 5.88684
908 54.8831
547 -2.30945
764 6.07513
151 -29.1542
746 5.64557
486 -12.5832
938 59.0142
463 -18.3271
888 4.06549
699 2.7757
795 11.4867
313 6.16162
598 -0.118042
754 5.52863
609 -0.00274658
878 37.9523
974 -99.251
484 -12.5634
1191 235.996
234 -25.4395
691 2.57306
867 10.4712
918 51.7519
712 4.42523
1168 84.9729
765 6.41034
1171 244.215
871 36.3532
532 -0.891907
746 5.48456
1075 64.2211
925 5.5293
721 4.49945
828 11.4235
753 8.67419
538 -2.59747
752 5.80505
721 4.01215
910 51.8197
317 42.786
708 8.43726
968 -16.0433
656 1.13281
886 5.40277
715 4.43884
858 4.12384
895 28.5897
477 -12.0799
894 58.1793
928 3.53546
879 36.8102
190 -28.6321
230 -25.0865
1038 -23.8596
1031 64.4828
788 12.0938
636 0.620972
302 -9.50064
888 3.92957
814 9.06689
868 17.8951
261 -7.72807
850 30.1039
716 4.42181
740 5.50714
735 8.7312
964 27.8937
666 2.61591
727 2.80914
939 50.4515
271 -18.4082
905 29.6016
1059 268.948
845 4.60968
795 11.4709
1051 66.7289
259 -19.2262
994 -27.5622
780 7.07294
208 -24.2977
866 16.8968
890 5.66492
186 -29.3301
888 3.93134
966 11.3201
810 8.80994
336 -11.3012
740 5.15216
929 50.881
816 8.99579
449 -19.794
773 6.86395
774 13.3367
849 4.75964
682 1.51306
721 4.49969
816 28.232
698 2.3089
6 -37.3232
655 0.90918
721 4.49945
228 -11.3383
908 11.919
721 4.49945
587 -0.330383
756 5.57843
177 -29.1874
708 2.67938
341 73.2127
669 2.9024
848 29.3587
85 -44.3134
401 -9.34415
812 31.3235
177 -13.1803
161 -30.6692
900 35.8563
684 2.11127
723 4.78827
269 -18.6787
464 -18.2906
1103 -30.8497
422 -3.45462
1179 241.51
489 -10.7829
1042 -96.7839
938 50.1682
614 -0.0809326
931 57.4836
1078 63.5826
622 0.0307007
1113 7.80859
431 -3.86655
714 4.47449
642 0.663208
970 -12.3541
389 -19.0003
1000 65.2784
1007 -25.2855
764 6.45892
1019 -16.3451
658 1.28162
233 -13.4756
700 2.0025
939 10.5526
684 1.66833
798 29.3082
908 11.9217
338 12.1314
1216 197.86
905 27.556
784 10.4832
629 0.347961
678 2.52283
293 -16.4584
1112 23.274
1141 273.983
752 5.43225
671 2.26703
428 -8.96252
475 -12.3323
763 6.56628
262 -19.3781
1228 191.783
548 -2.98712
773 11.8595
795 8.12384
721 3.9649
587 -0.316589
697 1.60443
612 -0.187561
888 4.06451
793 7.71869
982 -37.8518
852 15.0009
1140 87.1702
1044 67.1829
790 7.90961
406 -60.4693
533 -3.18311
332 -11.9687
1165 249.109
966 11.2543
945 16.0427
283 25.3583
966 11.311
480 -28.7913
352 -26.6749
914 26.7108
469 -6.78696
1037 -23.8531
365 -32.3297
656 1.13141
329 -73.1428
1074 64.8256
867 17.3617
313 3.82965
536 -2.59698
254 -8.02831
916 49.9863
937 49.9373
197 -24.8023
814 9.04034
366 -9.45526
129 -34.1264
932 -2.05585
1129 13.1694
1223 186.282
171 -29.7972
968 15.9935
961 21.6547
696 1.3645
1046 50.3939
531 -3.08423
302 -0.420044
1022 -16.8054
261 -18.6498
744 5.52466
1030 21.2629
798 11.4153
1057 5.55298
188 -28.4446
693 2.67212
330 -0.636444
1130 16.0492
868 39.6293
718 4.41949
977 -2.96912
893 58.3071
860 23.1124
827 16.8529
910 46.0292
399 -23.2872
953 63.6965
845 4.61005
1180 238.433
1180 238.47
464 -18.2975
814 9.04034
640 0.841309
258 115.912
416 -12.9587
1164 228.458
698 3.59766
834 46.5021
807 8.72119
401 -9.27545
214 -5.84438
658 1.16003
816 8.99628
398 -51.7544
1216 198.31
916 64.1707
437 -8.59854
254 -8.03369
873 51.3679
787 7.73859
254 -19.542
941 48.0682
501 -9.84674
307 14.6752
834 33.5757
737 5.25879
210 -23.9713
729 8.40826
926 50.1156
852 4.83685
854 16.64
788 15.0375
752 5.43213
706 1.22626
742 4.63623
999 -185.622
883 27.7463
464 -18.2904
814 9.10522
249 -8.48004
677 2.49127
584 -0.311096
384 4.56146
790 10.3862
1046 55.0027
852 15.2817
1011 63.1324
487 -10.7932
425 -3.40131
627 0.327942
661 1.39032
838 4.73987
736 3.3562
254 -8.03024
897 25.0876
1040 -49.691
311 -12.939
721 4.49945
1203 211.036
336 -50.2662
259 -7.34662
412 -29.5652
1109 50.4993
336 -13.8642
453 -8.27609
1139 14.093
381 -8.9288
741 5.37457
1053 67.4127
306 -14.346
801 8.03577
997 -192.026
908 54.9043
635 6.83179
381 -9.01431
1074 64.8237
968 45.296
336 -50.4179
487 -10.8226
939 56.5956
213 -5.72476
449 -5.71075
751 5.54932
361 -10.0922
734 4.6449
464 -18.2935
1008 -22.9006
422 -19.9581
169 -25.1761
1192 231.864
381 0.098999
399 -3.46609
888 3.93073
463 -6.81528
721 4.49963
646 0.57428
669 2.72668
783 7.6391
370 35.8048
925 55.2649
982 -38.2314
938 50.2565
320 -1.07742
953 63.7045
721 2.95648
1056 -41.72
451 -7.77158
306 44.2787
723 4.78833
747 5.57465
463 -18.3232
793 11.9212
937 151.67
876 48.2849
675 1.35394
706 2.25543
890 7.74011
524 -5.74359
966 11.3249
936 49.9994
631 0.473816
698 1.15533
1178 229.918
560 -0.421631
352 -26.6649
718 4.39862
1169 222.898
935 55.6523
1008 -60.11
939 31.897
789 12.104
811 18.2569
767 6.25104
438 -9.82266
176 -29.2527
1179 236.591
488 -2.70792
698 2.3089
444 -24.6022
658 1.31909
764 5.92877
726 4.6131
289 -1.36313
1211 213.807
248 -55.7337
1231 185.708
159 -30.6931
627 0.349426
852 15.278
548 -2.98718
1090 47.7712
721 4.49664
281 -0.981506
822 12.1187
998 18.7371
631 -0.0288086
807 8.81415
746 5.34827
931 22.3373
710 3.7572
254 -8.2442
981 -44.8644
553 -0.490601
416 -29.1237
1163 256.507
791 12.1749
961 21.8837
889 43.7158
315 6.06686
843 15.8993
645 6.1991
814 9.04034
336 -50.2888
1211 213.925
995 -96.7239
984 -28.069
690 1.72412
130 -40.4829
858 25.2013
769 11.8942
420 -10.7768
1054 67.4706
577 -0.605286
869 10.3875
968 -15.9732
435 -8.62744
357 -22.9704
655 0.90918
730 4.56201
275 -5.96161
417 -3.51938
1141 274.003
881 63.5798
813 12.1968
1156 254.842
865 27.08
447 -20.6462
848 23.2312
325 -60.2485
1129 13.1688
889 5.12079
323 -14.8715
997 -37.4318
309 -14.2876
1008 -60.6617
288 -16.5784
700 3.46783
348 -56.2771
1056 -10.3372
794 34.2441
838 4.68109
601 -0.107239
868 17.895
176 -17.2844
371 -18.8927
985 -33.3702
1055 39.0361
901 6.10303
107 -22.0827
362 -21.3955
655 0.946777
936 49.9992
767 6.5155
1153 195.554
892 36.6269
966 12.8367
1070 117.028
1129 9.50049
910 52.2299
884 25.6417
516 -2.58746
723 4.78741
410 -28.0311
355 6.38007
360 27.4317
1107 106.545
905 57.2269
704 3.16077
464 -6.80042
1051 15.3647
979 -57.0448
807 8.79053
1047 48.9651
81 -34.9638
993 3.9057
458 -3.50879
1012 60.3569
289 -1.38544
414 -9.97635
915 51.0405
869 35.0598
983 -115.81
690 2.22638
487 -10.9366
1020 0.778931
1028 9.26624
1141 274.007
744 3.64398
1163 246.415
874 58.1196
135 -31.5492
1155 198.904
738 13.7479
756 15.521
766 6.23254
660 1.36157
1037 -0.71814
861 41.5263
1196 222.86
861 56.7778
908 54.9036
1174 238.045
308 -13.8102
1057 40.0465
837 4.82312
1178 230.979
814 9.04028
816 8.99548
37 -57.4646
822 12.8807
635 4.12494
981 56.4798
524 -5.74341
985 -2.65356
906 2.42377
761 6.00079
674 1.63306
135 -31.5496
1221 201.183
280 -16.8092
985 -76.9342
401 -9.35962
768 6.92059
432 -5.07159
665 5.38812
604 -0.197937
998 -54.3916
865 22.5531
738 23.4102
749 5.9353
738 4.88385
931 -15.8631
1037 -21.832
514 -1.34015
774 6.67987
786 12.1741
938 49.9661
828 19.5984
741 3.32056
927 57.7639
1228 194.803
692 2.18268
654 0.840393
829 21.5191
825 4.8241
353 -9.00049
413 -29.5856
1037 -22.0077
526 -5.54645
797 8.24213
655 0.955505
812 15.7772
658 1.2254
804 8.64832
811 8.99719
1059 50.2003
279 -8.93915
631 0.346802
830 5.79114
310 -13.9665
753 5.69427
825 4.82318
1178 233.544
256 -9.24908
994 22.9091
995 13.5329
986 56.7884
678 2.87329
893 31.3038
721 4.49951
639 0.746033
338 12.1197
1216 200.099
690 1.73041
482 -12.6937
1191 222.284
1042 -96.772
993 4.20428
444 -24.5996
678 2.51501
756 5.58551
487 -10.8239
864 22.6201
428 -3.18768
698 2.34253
198 5.67827
262 114.316
942 19.3979
333 -15.4481
1175 240.408
828 9.63477
749 5.84637
794 34.2329
742 4.7641
366 -21.6227
655 0.946655
370 -10.6946
1009 -51.157
733 3.06067
993 4.10229
336 -50.2682
805 34.395
908 54.9042
1163 249.85
1024 -8.41052
186 -28.1564
344 -4.39676
895 19.0495
262 -18.6726
389 -0.153656
389 -18.9985
877 18.1593
736 4.2597
382 -8.86691
535 -3.00409
934 0.531738
985 -175.381
743 5.24249
563 -1.12219
297 7.94659
997 36.9216
246 -22.1653
356 73.4637
605 -0.105286
554 -0.399353
267 -19.2046
879 6.16675
1194 214.325
882 55.3831
1204 211.169
285 10.0258
269 1.55765
437 -8.59955
751 10.6154
881 35.998
6 -37.2782
975 -25.835
268 -19.4043
1168 47.0861
451 -8.21555
811 9.40967
793 8.22119
911 54.0377
308 -14.3464
910 33.6389
379 -55.4721
922 55.4679
253 -8.31505
863 23.5389
353 65.8073
1113 7.32227
1176 235.879
487 -6.26697
842 14.4545
795 8.30835
1031 96.6221
274 2.86655
464 -18.2894
936 56.756
814 9.04004
893 58.3055
27 -37.7285
863 22.5953
252 -8.62584
755 6.06525
839 4.79517
254 -8.24025
1216 197.807
648 1.99176
868 35.5431
298 2.45087
644 5.69171
670 2.03339
1038 -16.2766
768 6.92194
524 -5.74268
807 8.78998
1223 186.402
393 0.428314
1173 235.877
954 73.1538
147 -30.1014
966 11.2461
1042 -96.7865
440 -8.23138
758 6.06384
435 -8.62701
666 2.55316
766 6.68341
998 -8.85699
797 8.06183
805 8.48132
1031 96.7745
379 -52.7481
536 -3.26685
223 19.6523
653 0.704224
897 25.1104
251 -15.4763
910 52.5464
1044 67.1718
1039 51.922
692 5.12598
672 1.49097
1165 39.0278
321 0.709869
1194 214.078
655 0.908936
275 -5.97253
146 -30.3308
852 4.83698
1126 263.56
458 -14.5479
444 -24.6128
366 2.14102
386 -54.5468
311 -12.9359
1209 201.563
1039 51.9252
818 11.2474
1006 -71.8998
932 57.5787
169 -25.1746
1118 212.413
786 7.7359
661 1.40942
738 23.4109
789 7.99213
721 4.49957
567 -0.329895
444 -24.61
940 48.7349
86 -44.3647
806 8.46515
401 -9.34534
548 -2.98822
1042 -96.7736
910 45.3792
82 -35.4403
991 -88.4479
724 9.79199
825 9.69623
444 -24.6088
910 45.3693
1055 67.5833
458 -9.85791
81 -54.3503
666 2.57892
223 19.6685
1040 -17.6976
410 -28.6093
983 -38.2677
822 13.7552
631 4.12567
827 21.1621
759 6.54462
260 122.428
1138 58.2314
985 -175.406
672 2.04657
867 60.105
162 -27.6211
248 -20.2701
172 -30.2863
464 -18.2964
382 65.374
723 4.56775
896 53.0504
684 1.6684
417 -34.2549
895 18.9844
429 -24.2975
918 55.2799
735 2.99939
831 6.33264
426 -25.7268
803 8.4101
677 1.6358
818 11.8192
1130 60.8635
900 35.8562
1097 212.719
839 14.3642
672 1.64264
1008 -45.8
696 1.36548
422 -28.4645
714 12.1986
164 -26.683
736 6.31458
1118 212.121
198 7.73837
936 56.7561
1028 22.5393
721 4.49945
984 -28.0579
353 -10.4539
581 -0.502319
630 0.417114
1159 236.107
706 1.69061
674 1.61133
724 2.89142
452 -10.7384
958 -0.258118
254 -8.03117
738 3.4447
966 33.8312
795 11.4872
997 37.183
678 2.87439
888 3.93085
1215 22.245
981 56.4801
383 84.7727
313 3.79404
659 1.2431
321 -12.5778
315 6.21915
1194 213.927
1164 239.298
270 -17.7322
314 6.4187
394 -21.5969
1076 63.2509
412 -29.6385
703 3.44592
808 11.7847
723 4.56775
965 7.3266
828 16.7537
861 27.1911
776 7.04333
176 -17.3717
1099 22.5607
814 9.04034
464 -18.2921
210 -23.9886
1046 67.7006
254 -8.24576
444 -24.6099
353 -9.31714
357 -23.2383
698 2.95111
1014 4.85883
288 -1.08789
276 7.74304
1211 213.78
464 -18.2925
872 60.0946
426 -19.1212
1019 -48.4617
816 31.1036
1053 67.4126
303 -14.277
779 24.6497
736 5.24896
946 9.96478
807 8.77966
1031 -76.9353
993 3.90143
913 51.1563
296 9.43497
982 56.6312
935 55.6469
870 42.8091
700 3.21094
368 -16.4714
669 2.87384
684 1.66827
577 -0.628296
814 9.04041
825 15.6414
760 6.38849
279 -6.66425
934 7.32977
830 4.95404
678 5.44543
214 -5.84309
936 50.0004
911 54.0316
818 26.1441
1118 212.63
555 -0.807495
931 22.7263
861 56.7785
176 -17.2672
901 24.1618
381 99.7821
1007 -62.752
435 -8.63123
799 11.5228
469 -7.83008
655 0.947449
820 45.0924
768 6.17407
953 63.6946
910 45.3979
414 -9.49673
678 2.87378
861 24.2469
746 4.72186
849 15.199
914 26.7108
317 -57.0826
1235 189.851
457 -6.17764
515 -1.21741
373 8.05304
924 55.3623
797 8.12415
1057 36.7953
183 -29.7219
682 2.14783
721 3.96863
839 25.2424
890 36.7899
1159 235.576
336 -50.3002
966 -11.3749
846 4.31995
1126 56.9962
211 -24.3108
1234 185.903
390 -8.31268
986 -211.676
927 24.145
354 -22.6912
1196 222.86
401 1.48111
997 36.9434
677 2.21106
1031 64.3199
1006 -60.9308
785 12.6096
1216 197.865
748 4.48071
971 -28.7026
875 42.2792
939 50.1555
1093 52.61
941 56.6235
789 12.1755
1059 268.559
365 -25.0657
1179 236.299
1196 222.856
1090 65.4623
1141 267.553
766 6.68359
961 21.8773
633 0.065918
26 -42.6164
426 -26.0482
1014 -33.1668
787 33.9254
827 16.8483
1090 64.7476
1179 236.248
680 1.95667
458 -2.5733
203 19.4397
1141 269.679
417 -29.7681
709 3.68555
1211 213.816
659 1.18671
352 -26.6866
765 7.10754
845 4.60974
315 -1.28387
869 27.3271
448 -3.58057
1209 201.664
429 -27.3935
124 -41.823
871 27.6907
770 49.8679
3 -47.7857
368 -0.36145
345 -32.9901
721 3.96613
1059 269.068
248 -23.3579
937 50.1065
1122 55.7188
911 54.2237
1024 -8.42316
440 -26.4041
328 6.54337
264 -18.4911
1051 66.7289
846 20.4747
160 -27.3301
964 -1.13159
1239 189.381
816 9.02991
336 -50.303
404 -7.3887
844 28.1973
211 19.7804
417 -28.1013
1037 57.0631
289 -1.17795
742 5.46985
656 11.0018
634 0.0178223
829 13.9675
1040 -43.3223
829 21.5165
1164 228.508
1166 245.961
856 30.3984
786 7.76471
946 55.2816
985 -175.379
801 16.1861
766 6.68262
434 -8.89844
317 42.7293
701 3.23932
260 122.459
941 113.442
625 0.244019
173 -29.2041
1155 189.115
848 16.1642
1089 66.9073
343 -0.651764
986 -211.702
1145 145.542
352 -22.9263
437 -8.603
672 1.69202
888 3.9295
661 1.39288
869 24.4221
767 6.526
635 4.12427
729 4.56024
698 2.56152
910 45.9484
921 55.0582
947 -19.2957
372 -10.2882
1030 18.9069
994 -38.5447
719 12.0278
322 -45.2831
417 -3.51965
964 4.60706
783 14.8439
317 40.0139
768 100.645
995 -8.12134
412 -29.6429
32 -43.4752
342 -40.6893
871 41.6113
647 4.49884
1230 192.343
279 8.38269
961 21.863
223 19.6445
985 -76.8797
685 15.1749
812 18.3476
966 11.2568
695 2.68359
642 0.841125
1022 0.938904
1238 177.783
119 -31.117
674 1.55835
910 33.6388
691 1.75714
700 3.69971
463 -4.16113
934 55.2177
672 1.69556
1130 16.0518
820 25.397
340 -20.5862
1109 50.5032
700 1.98419
972 -2.64081
1211 214.005
432 -10.5727
876 27.8052
978 -22.0118
911 54.0301
199 -25.9166
718 4.39667
411 -28.3492
889 55.3632
655 0.908875
1220 208.147
155 -28.1732
902 50.0582
967 10.4299
202 -24.6312
526 -5.52051
1041 51.7861
884 25.7065
151 -30.789
1180 238.488
378 -55.4742
279 -6.65732
871 54.1731
897 25.1114
244 -49.7904
1040 -17.4689
333 -7.21503
338 12.041
1141 269.703
1024 -8.4505
951 48.1232
313 3.80185
1038 -22.2298
85 -44.202
1103 -30.7897
193 -7.72935
911 54.0305
1173 238.674
273 -6.35959
393 -8.45551
874 31.9656
821 6.82928
237 -32.3987
2 -48.6022
799 10.6924
871 26.3388
1058 56.6503
1100 231.104
231 15.6257
750 8.54938
1051 66.729
1053 67.322
1209 201.378
655 0.946899
331 105.794
1096 22.37
1221 200.181
997 36.8942
993 -7.75757
832 41.2865
1072 47.9573
788 15.0357
728 4.55286
823 9.66425
486 -11.094
961 21.6413
352 -26.6967
480 -28.8434
806 8.37244
1079 70.4471
1014 5.11505
681 2.0473
135 -31.5277
501 -9.84735
977 27.3026
984 -86.6884
723 4.78772
780 7.30371
685 2.388
937 61.1733
351 -18.2606
421 -32.2011
383 -8.55927
254 -8.02881
795 11.4888
553 -0.646179
864 17.3259
1044 48.6675
698 2.3092
793 12.4816
1012 -23.6967
1050 67.4111
936 56.7556
880 36.8512
427 -24.5128
957 6.00647
853 4.82227
723 9.38629
411 -28.2536
603 -0.11377
1040 -49.4363
605 -0.140259
865 19.7329
1090 47.77
1056 -10.327
129 -34.1715
629 0.390808
223 19.6484
210 -23.983
871 36.4726
738 23.4105
1107 44.4994
757 6.24237
452 -2.84152
731 4.6344
953 63.7065
829 21.5154
997 -97.6789
142 -31.2434
1010 -15.3671
803 16.7001
345 -65.8081
176 -17.3777
427 -8.39221
733 4.66937
363 -1.6619
997 57.8303
1121 74.3828
1027 26.4976
747 4.81293
845 4.60974
678 2.80511
927 57.768
765 6.41058
237 -22.0148
526 -5.54669
331 -71.8555
365 -15.1891
981 56.4759
1112 23.2578
1020 -31.0137
329 102.754
807 8.789
985 -175.379
444 -24.5989
332 -5.76093
994 -81.0616
259 -19.2259
985 -175.364
754 6.14777
893 27.8001
67 -54.7526
710 4.12939
1086 160.89
787 9.59106
515 -659.638
814 9.04028
894 58.1802
317 42.7837
1135 56.743
267 -18.3958
811 5.8421
721 3.96533
681 1.99445
666 1.02826
703 3.46918
349 -11.4509
355 -2.21033
1038 -11.8868
726 4.59961
395 -24.8311
866 4.91675
458 -19.5785
836 44.8436
642 0.886597
1129 13.1693
283 -65.7091
923 53.5229
201 -24.1982
1141 269.698
280 -16.812
751 5.30505
1200 -104.686
7 -38.7991
635 4.12646
1181 225.192
444 -24.6106
223 19.6512
158 -26.1124
1031 64.4828
386 99.5419
1122 207.124
936 50.0002
1092 54.7515
911 54.0378
276 -5.51923
888 3.99573
370 -13.1992
406 -60.9398
1039 -17.038
659 2.31799
1231 178.58
678 2.51697
438 -22.0822
1002 -131.626
1125 5.36414
767 6.21021
763 6.62262
437 -8.65182
213 -5.71516
1194 214.016
871 54.1726
949 39.6561
368 -0.358734
431 -27.4111
964 53.5583
845 20.5364
633 0.386902
794 34.5564
1042 -96.7941
814 9.04034
365 -22.2209
1118 212.476
408 -27.9963
1164 229.75
373 34.8386
1032 86.3105
842 20.8159
866 36.0578
585 -0.437744
888 3.99194
807 8.78778
999 -129.011
943 22.6388
1136 65.8569
861 18.2084
1159 235.554
1136 65.8674
285 33.0677
1142 59.2218
544 -8.48035
850 20.1597
723 4.56769
523 -3.19556
829 13.7648
256 -9.25377
789 7.92444
838 42.8643
941 51.9282
956 26.309
740 5.41486
244 5.06804
934 55.2166
739 8.87299
1222 192.719
785 7.58087
724 4.61102
135 -31.549
850 23.451
468 -6.91461
432 -9.03351
762 6.54993
260 -17.7915
308 7.0238
893 27.4458
922 49.2772
1018 -48.901
1091 54.1541
707 12.5112
985 -175.391
738 5.46777
289 -0.955719
690 1.83258
782 7.70862
896 33.4147
1018 -56.4583
1008 -45.8311
695 2.68536
325 6.89636
548 -2.98676
159 -29.7131
1037 19.3425
5 -37.8335
1140 58.1595
763 11.616
827 21.1766
214 -5.84946
479 -12.3081
1056 -35.4919
991 -94.2391
685 2.12476
1031 64.3199
923 55.2814
968 -15.966
673 1.69952
1090 47.771
838 4.68213
868 17.8026
281 29.3004
888 4.06561
877 54.2598
383 2.27359
718 4.4118
728 4.60828
431 -3.8165
707 2.28302
936 50.0005
829 16.0079
337 -31.5617
864 17.3234
107 -22.0702
548 -2.9856
742 5.4198
746 4.18542
986 -202.638
526 -5.54608
1034 -24.149
928 -0.86731
1114 56.4769
705 3.93884
1109 50.5753
1042 -96.7796
471 -8.90646
1014 -32.6939
448 -7.85464
1011 63.1284
481 -12.182
388 104.42
372 -9.5889
869 27.0049
324 -55.3752
999 -191.053
313 -1.96796
787 7.73865
210 -23.9888
910 45.9906
734 4.66394
900 53.5342
818 13.1985
276 -41.2712
223 -4.94116
889 5.11859
1059 268.925
861 26.7763
1064 89.4749
413 -35.3272
280 -1.30045
700 3.6983
1164 239.298
836 20.9734
984 -113.071
1211 210.311
907 53.0132
806 5.24768
388 8.55106
357 -1.98581
888 36.1111
310 -13.7058
967 10.3027
1092 65.87
526 -2.0379
997 -105.488
486 -11.0918
978 24.1529
891 37.4517
815 8.94067
936 49.9998
810 7.64044
917 51.8284
983 -10.9417
1024 -8.40875
845 4.61896
914 34.4487
911 54.0305
68 -55.0069
918 50.8922
934 55.2202
924 49.7217
604 -0.197083
363 -9.61447
209 -4.63942
194 6.06941
888 3.93115
1146 265.362
1089 53.5388
902 2.29065
211 -24.3108
829 16.0239
309 -14.042
368 72.2346
1164 239.336
936 55.8698
362 17.6231
357 -10.0148
1179 225.637
424 -28.4896
699 3.60895
877 55.6141
189 -28.4486
309 -58.4282
1056 277.093
864 17.3486
953 63.6981
867 17.3369
1191 226.133
244 -21.2836
794 34.4598
735 4.75385
864 17.3267
1194 214.327
968 13.032
99 -44.5938
341 -57.5006
1140 273.115
1023 -28.2869
850 23.9109
721 4.49939
288 5.72644
36 5.10518
1151 14.7351
881 28.4286
869 26.1321
1031 64.3199
1010 -24.5335
1011 63.1288
1062 75.0614
793 7.71741
758 6.10559
543 -1.27228
293 9.4892
720 4.34894
393 0.617889
962 49.2238
864 17.3428
254 -8.05222
232 13.3373
1228 194.323
456 -7.25354
844 20.4247
772 6.47174
805 8.63312
951 70.5106
1037 -21.8227
678 2.51459
764 5.97107
395 -37.859
859 24.449
884 25.6408
487 -10.5706
364 -9.17218
687 2.09314
1191 222.325
194 -6.9016
845 4.61884
975 31.7435
697 1.41309
345 50.9284
1165 243.601
893 31.2783
740 6.80078
1053 50.6326
851 21.0258
953 63.7058
660 1.39917
986 -15.1151
193 -27.6325
791 12.0057
858 23.397
318 -12.6375
893 31.311
825 13.2095
266 -17.8428
675 1.78143
1077 54.4753
466 -7.05258
720 11.3305
355 -45.223
7 -37.1375
328 6.88318
488 -10.8192
310 -49.5431
1051 48.0085
812 9.4447
975 1.44354
455 -7.11337
387 -55.0111
1040 -4.26111
883 31.0428
735 3.07019
297 -14.9552
393 -38.61
864 17.3236
585 -0.437683
1050 97.274
863 35.5759
898 55.392
240 -21.4358
622 0.0307007
906 58.3433
820 13.1963
807 8.79041
1164 250.484
891 28.6176
348 -45.7169
687 2.35126
1159 226.724
1051 66.729
747 5.48755
346 -39.2021
881 5.66449
422 -27.9267
1176 235.84
910 47.6465
863 34.3595
690 1.73444
381 -49.1803
786 7.67987
161 -25.232
588 -0.482239
1111 280.459
809 40.0919
354 -22.4463
635 4.12585
821 13.436
872 40.1536
1210 216.642
969 -0.0192871
1211 213.962
32 -41.9568
198 -24.8126
314 4.42606
338 12.1047
279 -6.87085
1151 137.304
745 4.83484
1031 64.3201
286 4.28983
951 21.7628
1140 87.7284
926 52.0596
734 22.8694
491 -2.29529
661 1.39124
189 -29.4463
864 19.6523
454 -8.21912
607 -0.0288086
953 63.6948
338 6.27368
1046 54.0853
997 36.7294
514 -1.36511
548 -2.98578
752 10.2303
1011 -52.5317
897 25.111
1030 -76.8948
1051 66.7289
939 45.566
1159 235.251
359 -20.5129
370 -11.5728
946 43.66
804 3.96057
875 40.2414
726 23.1709
114 -20.7368
984 -27.6464
985 -31.2669
1095 8.36438
961 21.8821
927 17.914
774 36.6179
975 13.1035
51 -62.3364
894 58.184
211 -24.3109
347 -32.1643
908 54.8439
1078 76.2036
911 53.9542
993 3.86401
169 -25.1697
710 2.75543
801 9.26416
342 -46.9213
942 54.2039
1094 74.3438
390 -8.31265
21 -52.4104
387 -17.5157
910 45.9415
927 57.7658
1088 -21.8899
1118 20.9191
721 4.01038
300 1.33105
1022 1.33807
911 54.0239
723 4.56775
223 19.6457
828 9.71057
794 34.5759
403 -21.2452
997 37.2966
314 25.0378
868 17.8027
383 -8.69086
1107 109.382
1172 227.067
1074 231.416
1009 -66.528
814 9.04028
486 -11.0932
434 -3.60742
295 6.78137
198 -0.673691
501 -9.84665
919 48.1785
320 -2.06488
1121 74.3627
971 12.9343
358 -45.2422
904 53.2126
1155 205.164
275 -5.9639
864 17.3479
735 5.00684
916 50.5565
961 21.8753
879 36.8101
684 1.66833
872 42.455
1211 215.126
930 49.4656
901 16.2073
993 3.89868
565 -1.22217
836 14.4151
341 -46.0683
512 -2.21326
927 57.77
998 -177.468
1003 -117.471
911 53.9553
788 15.0375
368 -0.376282
897 25.1117
775 7.62256
260 122.453
735 3.03467
738 5.1051
845 29.5427
1121 74.3109
826 5.6972
1037 -21.8065
981 -44.3068
1156 255.106
356 110.574
533 -3.30597
934 55.215
814 12.5648
368 -0.358337
1074 59.0896
993 3.07397
116 -23.8587
816 31.0839
981 56.4799
1140 57.6194
557 -1.59686
240 -21.4358
892 37.4795
642 0.811096
367 -12.9114
288 -0.994934
401 -9.36966
836 14.2465
678 1.94037
691 1.73468
423 -4.43228
1196 222.86
925 71.8414
257 -20.6042
871 26.5169
831 45.1099
269 8.64096
1070 55.0632
466 -7.16702
532 -0.891418
938 56.4531
473 -12.9385
317 -57.0822
835 30.2594
695 2.69226
1077 54.4725
552 -0.576172
986 56.5784
854 58.436
919 61.7853
435 -8.62122
336 -50.2669
480 -28.7452
894 58.1813
690 1.73053
794 10.3774
548 -0.650269
985 -76.8585
701 2.70129
659 1.37372
424 -27.9926
279 -17.019
678 2.87341
1195 220.343
1055 67.6814
1194 214.494
237 -7.51381
786 7.68695
1057 40.0436
697 1.41315
673 2.77808
756 6.00684
993 -4.17334
805 8.75482
313 3.80054
747 4.68988
337 -11.1164
135 -31.5539
911 54.0561
567 -0.421875
1130 16.0345
916 51.3338
925 57.3284
891 28.6871
336 -50.3772
1070 53.8962
1237 171.085
1116 271.801
738 23.4138
318 -55.9882
274 43.1867
954 56.6763
577 -0.575256
994 -43.4987
830 14.2025
176 -17.2761
1057 -14.1572
508 -2.59186
879 6.27173
890 27.6594
372 -11.6472
396 -28.8295
278 10.9373
807 8.79108
831 13.942
363 -2.0163
1179 236.352
932 8.01898
860 18.1475
874 56.9187
864 4.58289
864 8.24127
639 0.716614
807 37.1989
1167 52.3098
788 7.79071
169 -25.1666
712 4.354
961 21.6561
928 50.9262
829 14.2458
676 1.72418
69 -47.9558
1032 17.8688
879 6.271
289 -1.0051
176 -29.2527
211 19.7803
1044 65.1218
786 15.0468
1220 191.022
4 -34.6516
211 19.7713
716 8.83221
786 7.67468
107 -22.0848
846 23.6279
909 58.7369
659 1.23273
768 6.85339
256 -19.5624
1136 65.8715
936 49.9994
862 58.1339
813 52.5877
603 0.194275
691 1.73389
1092 54.7482
983 56.6895
884 25.6547
1022 -128.021
1164 239.336
211 -24.3108
421 -29.1533
1074 59.2291
321 -12.5065
1102 227.012
548 -2.98553
397 -2.73227
897 24.4525
229 13.6759
731 8.79242
961 21.6542
825 4.96869
1091 47.6292
980 56.459
678 3.76758
501 -9.84784
381 -49.1939
864 17.323
1032 23.4872
1179 241.477
1017 -36.4218
1100 208.562
502 -1.71619
908 11.9224
895 18.999
859 33.1835
981 56.4802
925 50.0926
536 -2.92334
377 31.3875
794 34.5051
1154 180.452
1111 280.019
257 -6.82448
1147 56.2302
824 13.7385
709 3.76801
867 19.6184
1015 10.8483
873 28.2307
255 -8.91978
714 -37.7409
1152 14.725
888 4.18439
738 9.91095
997 -116.429
130 -40.4817
223 -6.4642
346 46.0211
796 8.35236
1134 -5.6521
910 51.7538
280 -16.8089
926 49.9747
854 22.6099
1129 13.1687
953 63.7017
940 55.0267
690 1.72717
196 -26.352
748 5.85657
980 56.4974
930 49.5922
1155 254.255
1016 14.6674
1216 201.527
291 -16.1038
1098 267.349
914 53.9845
893 58.325
854 32.928
1064 96.6738
908 11.9245
802 27.9427
822 13.2825
336 91.3681
1198 216.341
211 19.7805
537 -1.1676
1141 269.602
1112 23.2643
891 28.4512
764 6.40491
306 4.37506
1059 200.641
464 -18.2975
1155 254.24
279 -6.6662
834 13.7935
1040 -30.7651
905 53.7035
897 25.0912
446 -7.49966
244 -20.6298
864 35.9711
680 1.48773
340 7.04523
894 37.9568
801 -57.0221
1022 1.33124
864 17.3233
678 2.52466
870 27.8356
915 57.0013
899 21.7626
1018 -48.4663
200 -24.7747
903 40.8187
169 -25.1699
898 36.3122
1038 -26.8427
1054 50.6427
690 1.73126
805 15.8939
756 130.005
129 -32.3703
868 40.004
890 36.8488
710 12.4065
803 8.27448
759 6.54413
648 0.575562
814 9.04016
375 43.9763
925 58.2935
476 -16.2501
849 4.28326
414 -13.2078
167 -26.7086
1003 -105.346
997 -49.6706
425 -29.0981
699 3.05627
135 -31.549
723 4.78741
832 13.6685
927 24.1254
961 21.6447
468 -12.9679
135 -31.5498
908 11.9201
911 30.3918
437 -8.65283
176 -17.2726
1010 -53.0081
404 -56.7528
832 14.4261
1051 66.7283
1199 -102.842
874 48.6837
1108 48.6494
375 -9.10727
695 4.83832
1006 -70.1104
975 9.20258
934 55.2184
629 2.35968
825 4.82269
352 -15.112
566 -0.447205
188 -28.4257
548 -2.9873
1194 222.026
895 32.413
276 -16.5063
176 -17.2764
849 4.75842
967 10.3011
710 4.24774
1005 -63.5069
1064 67.2731
327 8.11606
926 14.1705
1111 279.288
994 -16.1618
352 -9.46964
997 36.6191
1103 -30.7869
961 21.8968
801 21.0824
271 7.77057
1216 197.863
848 16.2039
556 -1.9295
622 0.0308838
901 20.0101
867 35.7631
778 8.71924
1185 38.514
910 51.7673
698 2.34485
205 19.8647
868 4.96326
690 5.00122
695 2.69904
842 30.3694
1186 205.61
856 33.8647
119 -31.7195
248 -8.24345
314 6.89966
767 7.20453
816 31.1051
1077 54.475
588 -0.422852
953 63.7108
821 15.7896
448 -8.62457
240 -21.4359
435 -8.60736
860 4.5813
776 7.41162
723 4.56775
1017 -52.3943
353 -8.37982
559 -0.49469
1037 -21.8232
1018 -33.8832
856 23.2715
1173 238.664
789 16.3521
942 140.354
657 1.17676
1212 202.427
172 -30.2864
422 -28.7041
1076 62.8157
1066 85.6996
1186 226.904
861 35.5466
776 7.24817
241 -15.1323
830 26.1679
349 -45.91
821 15.41
864 17.3246
398 30.4676
302 -50.1142
221 -25.3449
829 16.0231
910 45.3986
1122 207.196
991 -2.59906
747 6.84326
936 49.7369
527 -2.97778
235 -25.4575
479 -14.9137
997 36.6143
934 55.2165
1010 -27.423
1030 -76.846
404 -21.7102
816 8.99615
757 8.34198
362 -45.3312
255 -10.0791
1109 6.50354
892 37.2198
1198 213.163
397 -52.5419
247 -9.76654
720 4.3479
857 27.1222
531 -3.30939
526 -5.54651
1001 58.3469
913 51.7217
278 11.4721
414 -9.97687
382 -55.0095
847 23.1259
833 20.1564
752 5.80493
708 1.65033
679 2.74457
1018 -48.5385
966 6.40076
910 52.5487
774 13.3444
21 -52.4215
640 0.592407
720 4.3479
926 49.7348
766 97.119
878 4.66302
936 49.9994
363 -20.1345
92 2.87815
792 9.8349
57 -4.47811
207 -24.6568
260 122.436
428 -8.36847
735 4.54041
1016 30.0652
382 -8.86685
141 -29.8474
259 -6.57709
1129 12.2372
720 4.34888
38 -52.3958
846 50.7559
1078 63.5642
1030 -76.9692
864 17.3493
1018 -48.4841
294 -16.2114
357 -21.0846
1008 -51.6747
1145 145.38
487 -10.9773
935 49.7945
280 -1.52078
721 7.22083
314 8.41861
792 12.0906
868 35.8862
875 47.4918
1093 66.3304
892 36.2723
311 -12.9371
826 18.7577
997 -190.302
780 15.9808
483 -10.7226
719 11.9539
1092 257.472
997 37.1342
1031 64.4827
1018 -48.4882
1063 83.5624
628 1.82239
332 1.69128
851 15.0103
345 -10.8298
300 7.71591
1076 255.837
869 25.0323
95 -11.6894
864 4.55902
533 -1.1358
928 51.1881
834 53.5655
765 6.61945
1051 66.7289
622 0.0308228
910 45.3927
272 8.13522
964 4.59937
735 4.4201
1012 60.3607
90 10.4678
1146 183.402
339 -45.6902
486 -2.50186
781 31.9875
965 7.31079
622 0.0307007
1174 235.785
1023 1.34308
753 6.16705
1030 -17.7721
861 56.7767
302 -0.419495
1002 57.7583
900 35.2872
848 44.2889
1031 -40.8665
1037 -21.8325
910 53.7186
430 -3.44067
1012 60.3582
221 -25.2027
1007 -60.2913
892 56.9451
879 6.28314
350 5.06894
305 0.402374
648 1.98889
1118 20.917
895 57.6709
911 38.2594
558 -1.89948
1148 266.632
1034 -28.0848
752 5.80438
993 4.19635
556 -1.97345
984 -111.172
188 -28.8456
987 -61.5387
1076 63.0942
252 7.82104
976 2.55493
849 4.75879
1042 -96.7829
942 30.376
807 15.3254
1141 269.583
383 -55.1197
1041 51.7854
775 6.81531
260 122.467
422 -35.1984
843 36.1151
311 -12.9364
993 4.15308
141 -29.8503
840 30.5939
565 -0.32782
1074 64.826
936 61.1089
157 -24.2603
1108 -18.5792
1031 64.3201
953 63.6895
1018 -48.4865
993 3.90234
669 2.51959
863 27.3566
871 30.5405
753 8.67438
1053 59.3735
1118 212.12
398 -39.6014
1196 218.06
838 32.4692
212 -24.3661
986 -211.218
849 4.76239
986 -133.992
1007 -53.8687
745 4.95319
888 4.18378
453 -2.73004
345 -10.8297
736 5.16766
1006 -103.057
806 22.8175
1152 14.725
877 36.1204
980 56.5084
1201 -97.2769
1022 1.37549
983 -30.716
249 6.37187
317 42.8773
645 0.825439
829 21.5185
1087 66.5957
665 5.38812
1031 64.4827
830 4.6438
373 85.7436
1032 96.9279
1062 45.4764
1178 230.963
1007 -60.2161
1036 59.7062
275 8.84174
298 3.92831
276 -5.51697
1035 23.2651
390 -8.3938
469 -6.78632
548 -2.98022
822 15.5583
345 -10.83
831 31.9502
1074 64.824
938 102.835
1011 2.96136
275 55.2177
250 -20.2026
936 13.1155
974 1.7345
838 24.5464
1118 20.921
245 -16.5213
1169 22.3898
745 7.64038
307 -60.7467
878 26.9243
1046 66.6992
702 2.37616
421 -24.6369
529 -3.4035
1151 137.304
910 52.5481
506 -2.43677
726 4.802
223 -25.1872
1097 54.1687
396 -45.3401
908 11.9212
911 50.6617
1072 47.7017
674 1.74792
882 29.4677
1159 235.223
527 -5.5733
1029 29.1881
1011 -39.3843
951 54.7932
750 -5.47076
356 -45.9304
238 -6.02661
1112 23.2648
672 1.69702
95 -16.2086
709 2.75177
570 -0.572693
1020 42.8436
895 5.24048
621 0.0187378
832 15.2283
994 -64.7636
917 50.4529
947 11.3802
182 -13.2136
1166 246.945
199 20.3081
1225 184.888
556 -0.4953
452 -3.5032
710 18.1345
438 -27.2577
319 8.30264
1122 66.8422
909 1.784
313 3.80914
1090 66.4082
968 -106.823
1184 25.8837
959 55.8588
354 6.19696
829 9.90112
881 5.46893
1071 48.1464
698 3.59869
902 40.5289
542 -2.40674
905 -0.0576782
794 34.2914
967 10.3035
751 8.21191
370 -17.733
799 20.5311
1144 266.524
96 -19.9084
920 49.3886
912 50.9924
358 -61.9429
682 2.0744
1018 -48.4476
838 27.5432
861 56.7802
1081 77.5742
231 -4.84827
1018 -48.4909
895 37.0152
1009 -65.4763
891 37.4581
922 48.0779
494 -2.23453
419 -24.7888
654 4.07776
643 0.672058
1119 14.8486
860 26.7857
1090 47.7687
107 -22.054
1054 50.6383
940 43.6886
332 -11.9683
927 72.7157
1191 222.184
466 -4.40616
809 8.58478
698 3.59717
855 4.97821
1094 74.5063
525 -5.59967
807 6.71863
936 11.529
903 53.9398
927 53.803
966 11.3245
1228 182.129
752 5.80505
237 -9.55972
967 10.3029
1091 89.8384
444 -24.5984
915 51.7181
304 0.128845
388 104.388
926 57.8221
1111 280.594
723 4.56775
869 27.7246
1005 -31.0513
899 37.1672
287 -17.047
548 -2.9859
306 4.30011
1130 16.0316
1150 182.886
291 3.39594
1121 74.3969
1205 211.543
635 0.156799
771 11.0179
984 -111.315
359 -21.2796
457 -7.98242
480 -14.7909
696 1.36572
900 35.8531
897 33.6765
313 3.80161
208 -24.2983
1008 -57.6316
828 19.1716
343 -11.9804
1127 30.1664
849 4.76221
1145 269.179
268 -18.2115
824 52.8993
257 -7.53563
1057 67.7267
189 4.32594
198 7.49272
1090 87.2678
656 1.13293
107 -22.0533
965 7.36554
1180 238.451
258 116.258
420 -24.6445
927 4.62976
1071 51.6624
874 41.7139
1090 47.774
267 0.485748
698 6.58679
630 0.431458
1074 59.2286
1130 16.046
188 11.8703
1070 116.679
585 -0.437561
465 -3.12119
936 59.3883
808 12.1941
898 34.2803
901 34.8879
753 8.67456
918 51.9426
966 11.2555
984 -111.179
897 25.0865
1042 -17.1705
68 -55.0067
1030 -76.6888
1194 221.983
882 27.4496
1022 1.08893
1006 -72.0306
818 45.3842
726 4.80206
1023 -26.5179
273 -17.4851
864 17.3474
844 17.4084
1180 238.508
1091 45.7822
1223 193.273
635 4.1264
387 -27.514
984 -27.6548
1103 -30.9594
1146 267.028
432 -28.0129
833 14.5043
882 50.3151
1188 220.045
1052 63.9961
172 -30.2862
776 58.42
1040 -17.4674
851 4.35577
876 26.371
936 50.0003
877 47.4658
783 16.6804
736 6.31622
619 0.882874
654 2.09595
1112 23.3981
916 50.2836
1105 6.5575
953 63.7043
1074 59.0929
1022 1.37775
67 22.1397
1006 -72.4935
972 -18.2862
1016 11.4136
850 21.7902
352 -61.8328
1012 60.3672
1050 98.3138
1198 216.376
1127 5.48181
1051 49.7992
1001 -135.005
997 -87.8996
1056 52.2885
1100 208.648
964 -15.8632
457 -6.17807
890 27.6372
900 35.8511
151 -29.565
979 -5.48523
977 -22.1547
1032 64.4928
348 -39.9937
1159 235.16
201 -26.3183
1169 212.34
1051 66.728
1178 233.591
1151 14.7346
1223 186.897
1018 0.90979
861 56.7782
998 -93.9501
635 2.08667
1051 66.7286
933 84.4719
357 -10.0147
169 -25.1685
984 -111.365
130 -40.6478
1002 -133.183
172 -30.2861
363 -1.26016
879 36.4547
289 -1.05246
89 -45.9575
315 -48.492
206 -3.5437
919 61.7858
721 20.1995
382 -8.8667
723 -0.0291138
796 8.66077
1010 -61.1189
864 17.325
907 7.51758
915 51.1332
210 -23.9714
1090 47.771
501 -9.84717
557 -1.88104
1028 46.9548
712 4.44086
1008 -33.8474
1118 21.2798
1076 63.538
1049 76.4104
1022 1.37085
286 -0.0997925
955 2.03632
922 46.0902
752 5.80499
753 6.09546
989 -135.666
986 56.7883
1057 40.045
986 56.7889
1210 216.596
1081 269.638
1066 85.9269
866 18.1099
854 21.3181
49 4.31348
897 53.6978
662 1.05212
336 -50.2858
1093 55.536
348 -56.1671
688 2.40326
934 56.5375
888 35.7763
873 48.4417
698 2.34332
1003 -49.0629
208 -24.2979
1085 58.8904
914 26.7118
1027 -37.4296
473 -3.22131
947 137.262
868 17.6545
1140 87.1652
1033 64.2576
1003 -158.678
188 -28.8157
325 105.141
980 -2.56488
1040 -17.4645
858 4.50751
403 -22.3643
822 15.3563
926 49.2418
881 5.6131
1074 64.5944
840 19.8696
1018 -48.8031
826 45.2823
416 -12.679
1078 76.2006
1066 85.6803
377 -8.40436
991 -95.7659
275 39.7
815 5.61395
974 -129.56
1102 59.0687
1147 51.9498
783 29.9199
819 6.5412
97 -14.4772
849 25.4385
173 -12.7444
270 -18.5079
986 56.7891
71 0.17099
223 19.6518
1086 245.123
649 1.00604
135 -31.5364
878 6.72388
984 -16.3302
997 72.0056
813 8.49225
498 -8.89127
1176 235.905
890 27.7346
239 -21.2836
1215 22.2469
788 12.7246
1013 -30.4822
268 -20.1518
458 -5.04013
437 -8.60233
1136 65.8677
307 -14.1751
1136 65.8715
1094 52.906
982 56.5974
939 46.549
854 34.199
955 3.06232
1145 260.573
1039 51.9276
1079 47.0223
949 47.5496
177 -29.1873
1010 -31.0083
1018 -48.5162
36 5.15968
284 29.9852
957 7.22894
1022 42.429
1197 221.42
400 -59.4165
1067 52.8281
1051 109.304
313 -49.3414
194 -27.2315
858 27.2839
846 44.6535
1200 214.962
1035 -38.4289
986 56.7889
725 4.78229
262 112.937
947 110.939
1045 51.4867
1044 67.1989
243 -10.1129
211 19.7752
315 6.15509
888 3.99579
861 35.1398
428 -3.92554
532 -0.891418
850 24.9175
991 -54.8472
1039 51.9222
289 6.60507
348 -46.0312
824 13.0735
420 -26.7316
862 35.8694
1031 64.3199
910 52.5433
970 9.61493
1171 236.244
910 52.5472
908 11.9243
938 63.9614
1077 54.4664
742 3.73755
1223 205.287
1049 99.5366
977 8.09808
811 31.0085
959 15.6927
225 15.1522
51 -12.7418
1061 98.7727
891 37.467
1076 63.205
714 7.52917
953 53.434
1090 54.3062
940 44.7419
678 2.8728
933 49.6936
961 5.00055
851 24.697
1164 228.071
866 16.8967
205 9.70351
1140 87.1693
