586 -0.341248
662 0.695312
674 0.908142
520 -1.67114
674 0.90802
673 0.840332
766 13.9868
662 0.695374
674 0.90802
504 -1.47403
196 -4.78474
662 0.694458
667 0.817322
509 -1.78125
662 0.695801
662 0.695312
509 -1.78116
756 11.6838
294 -5.12158
321 -9.98718
660 0.559082
667 0.820007
664 0.649841
377 -6.66623
572 -0.449219
572 -0.448975
586 -0.341797
686 0.961914
674 0.90802
555 -0.610413
572 -0.449097
447 -5.30966
674 0.908203
639 0.0421753
453 -1.02393
183 -8.13367
284 -5.54416
673 0.840332
673 0.83905
674 0.908081
294 -5.53082
572 -0.449219
572 -0.449097
184 -7.4968
196 -4.80432
365 -7.6955
161 -7.91762
396 -5.74399
171 -7.66663
281 -11.4813
509 -1.81927
553 -0.610168
674 0.908142
270 -3.97556
364 -7.58347
294 -5.12195
708 1.573
365 -7.69556
355 -17.4339
464 -0.844482
238 -13.7481
674 0.908142
163 -9.28651
240 -4.26379
686 0.961792
281 -11.4813
678 0.986816
572 -0.449097
196 -4.80441
327 -9.98669
328 -9.77942
572 -0.449158
238 -5.50603
572 -0.449158
785 18.632
660 0.192932
809 22.7202
204 -4.55234
509 -1.81967
667 0.817322
307 -3.94186
667 0.8172
639 0.0406494
802 19.3739
325 -9.88165
660 0.188965
361 -7.64203
355 -17.3075
210 -4.49974
662 0.694458
572 -0.449219
294 -5.5271
370 -18.4028
706 1.53888
802 19.3745
311 -3.50427
220 -4.42143
809 22.7203
143 -8.50523
304 -9.73965
311 -3.50433
663 0.626526
509 -1.81927
270 -3.97559
676 0.997253
351 -8.67255
557 -0.590759
352 -9.44125
554 -0.628723
757 12.1705
327 -9.98645
537 -1.04163
289 -5.50256
54 -12.1765
509 -1.81915
509 -1.819
572 -0.449158
371 -7.28741
294 -5.12158
708 1.57404
464 -0.844543
779 15.2318
572 -0.449036
183 -8.13434
480 -0.657074
270 -3.97549
509 -1.81918
780 15.5876
210 -4.49916
667 0.818726
572 -0.449097
321 -10.0138
674 0.90802
504 -1.47433
572 -0.449158
176 -7.52283
344 -9.46255
461 -2.81534
196 -4.80441
572 -0.448975
149 -8.925
499 -0.530914
447 -5.30823
667 0.817383
233 -4.10529
572 -0.44928
572 -0.448914
447 -5.30942
841 19.2045
367 -7.50446
673 0.839233
117 -25.864
608 -0.159241
667 0.819641
341 -8.16946
360 -19.5181
116 -10.1804
233 -4.19904
497 -0.62204
369 -7.46597
572 -0.449036
660 0.188843
80 -8.46377
673 0.838989
284 -5.45325
286 -4.02765
347 -8.83481
284 -5.55124
289 -5.52347
661 0.588135
141 -6.87375
352 -9.50958
537 -1.04175
311 -3.5043
537 -1.04144
582 -0.265137
778 14.8842
703 1.40167
268 -4.59244
268 -4.59265
704 1.51068
311 -3.50433
143 -8.50526
346 -8.79987
88 -10.5982
639 0.0405273
227 -4.43512
447 -5.30927
555 -0.623596
281 -11.4813
54 -12.1769
243 -13.3956
315 -9.10461
673 0.840332
480 -0.661285
662 0.695374
468 -1.55118
210 -4.49915
317 -3.47818
344 -9.05899
674 0.908142
294 -5.53497
54 -12.1769
608 -0.159241
125 -26.1119
708 1.57306
270 -3.97559
343 -9.3689
390 -5.91443
346 -8.80011
509 -1.8197
54 -12.1766
290 -5.52283
757 12.1705
108 -9.91429
238 -5.50563
195 -4.78413
234 -4.30276
333 -9.70834
660 0.188904
703 1.40106
403 -1.62631
355 -7.95001
559 -0.528564
686 0.961792
537 -1.04169
367 -18.9156
537 -1.04156
608 -0.159302
182 -7.44215
583 -0.29126
200 -6.84282
703 1.39954
365 -2.15878
196 -4.78464
294 -5.12155
251 -4.07378
432 -1.36688
264 -4.03705
608 -0.159363
305 -9.69672
678 0.98291
233 -4.10303
608 -0.0645752
703 1.39978
447 -5.30731
648 1.81598
37 -63.1305
572 -0.449097
548 -0.744202
413 -3.77966
355 -17.3045
344 -9.05865
537 -1.04156
768 14.2484
331 -9.24097
101 -8.50732
210 -4.50607
86 -10.7013
608 -0.0645752
149 -8.92531
325 -2.50323
264 -4.0433
255 -12.3125
202 -4.52948
46 -10.2531
572 -0.449097
149 -8.37253
197 -4.75444
518 -3.90411
548 -0.745422
284 -5.55112
345 -8.91818
13 -61.4587
304 -5.16467
59 -29.5109
537 -1.04144
480 -0.659485
195 -7.22546
648 1.81598
240 -4.86201
351 -8.67313
265 -4.02896
853 5.77289
789 17.3266
325 -9.66721
96 -30.0824
264 -4.04358
283 -4.14069
71 -11.917
479 -0.637299
922 37.2552
480 -0.65802
321 -10.0136
674 0.908142
465 -0.871826
200 -6.84482
537 -1.04169
490 -0.635315
352 -8.22537
779 14.7511
365 -7.69522
586 -0.314453
166 -21.2958
6 -15.7088
236 -13.1281
928 28.0082
453 -1.02338
432 -1.367
336 -7.72815
338 -7.73923
370 -7.53528
355 -17.3051
69 -11.9282
388 -6.01447
678 0.986877
520 -1.14966
421 -1.40393
432 -1.36682
72 -32.4954
218 -4.5206
328 -9.96161
482 -0.827087
809 22.726
200 -6.84306
196 -4.78476
678 0.982971
370 -18.4029
54 -12.1767
355 -17.3089
352 -19.957
372 -17.9486
255 -12.3122
163 -8.98831
200 -6.84254
785 18.1224
355 -17.3075
187 -7.49121
22 -13.6761
36 -59.09
238 -5.50468
461 -2.81531
143 -8.50522
87 -11.2495
216 -4.47821
277 -4.13019
141 -6.87321
294 -5.12149
53 -30.5189
186 -6.79274
243 -4.19724
447 -5.30814
421 -1.40372
131 -9.72633
96 -30.0823
687 0.990723
125 -26.1129
351 -8.67285
141 -6.87334
773 12.9572
263 -4.33063
303 -9.68021
141 -6.87431
291 -9.9035
200 -7.32693
686 0.961731
218 -4.49379
117 -25.8638
480 -0.656464
876 31.7908
274 -11.8074
233 -4.10301
757 12.1812
703 1.4007
210 -6.2623
760 12.4628
785 18.629
262 -11.5011
306 -9.42279
200 -6.84378
502 -5.40784
294 -5.12158
781 16.3046
678 0.98291
177 -19.1178
685 0.97113
795 14.7857
708 1.57385
141 -6.8743
639 0.0425415
265 -4.02859
296 -9.7634
482 -0.825592
221 -4.44116
779 14.825
22 -13.6782
421 -1.40393
281 -11.4814
674 0.908142
367 -18.915
380 -11.0702
238 -5.50484
176 -7.52457
321 -10.0137
262 -4.26117
351 -8.67285
365 -2.15723
123 -8.28506
45 -10.2556
321 -9.33438
22 -13.6782
248 -11.8639
447 -5.30923
121 -8.47399
447 -5.30811
46 -10.2531
572 -0.449158
101 -10.8774
360 -19.6252
325 -2.50311
186 -6.89774
54 -33.1225
223 -4.48329
380 -2.03601
241 -4.27864
304 -5.26361
209 -4.60204
586 -0.341919
354 -8.11246
365 -2.15765
357 -19.7637
865 30.5988
149 -8.92502
287 -10.2007
365 -7.69635
767 14.1306
121 -8.47375
199 -7.07825
367 -18.9161
217 -4.56944
149 -8.92503
258 -11.5142
930 28.266
430 -3.37292
294 -9.97803
915 27.9321
275 -10.7092
757 12.1813
13 -61.4759
265 -5.90775
273 -4.48776
172 -6.67625
365 -7.69623
53 -30.5155
505 -1.59851
882 28.8749
41 -12.6499
367 -18.9152
447 -5.30753
264 -4.04343
292 -4.00266
66 -9.00359
763 13.0419
365 -7.6965
191 -4.85928
143 -8.50525
143 -8.50528
304 -5.81161
323 -8.86517
223 -4.36429
163 -5.3479
307 -3.94165
87 -11.2479
594 -0.346252
365 -7.69644
461 -2.81546
72 -32.5047
196 -4.78482
392 -5.81146
435 -4.40985
131 -9.48765
53 -30.5188
196 -7.07274
264 -4.04367
101 -8.50691
232 -4.13269
325 -2.5032
365 -2.15756
214 -4.65108
88 -10.5988
225 -4.4557
426 -3.29422
255 -12.3187
355 -17.3036
238 -5.50459
377 -2.08884
588 -0.331299
74 -11.4378
429 -3.51569
453 -1.02942
263 -4.97931
6 -15.7086
326 -9.51416
409 -1.37787
272 -10.9254
238 -5.50432
188 -6.98593
268 -4.5907
121 -8.47286
141 -6.87326
838 27.2721
241 -4.29942
380 -2.03613
325 -2.5029
179 -5.4529
367 -18.9151
87 -11.2496
321 -10.0137
348 -9.43375
127 -8.27731
365 -2.15762
321 -10.0137
344 -2.31213
311 -3.50433
865 30.5992
355 -17.3074
200 -6.845
188 -7.61307
70 -12.3419
86 -10.6982
36 -49.992
341 -2.31964
265 -4.86072
873 31.4742
281 -11.4813
704 1.51044
129 -9.63152
232 -4.33038
250 -11.6103
195 -7.98639
251 -4.07382
141 -6.87396
163 -5.34947
773 12.9648
175 -19.1594
416 -3.06894
558 -0.596924
461 -2.81857
176 -7.52283
268 -4.5907
130 -25.9613
101 -8.50693
367 -48.4251
236 -14.5137
355 -2.32227
588 -0.32251
264 -4.04364
253 -11.953
400 -3.65817
426 -3.29391
480 -0.657104
243 -4.26471
210 -4.50606
325 -2.50314
209 -6.87422
233 -4.26741
157 -8.02582
217 -4.47523
96 -30.0793
46 -10.2528
650 0.194763
163 -5.35196
238 -5.00775
163 -5.30186
218 -4.51822
146 -8.38474
65 -12.0681
773 12.9572
117 -25.865
233 -4.27972
218 -4.49397
281 -11.4813
725 2.28851
46 -10.2532
6 -15.7051
355 -17.3061
58 -48.1152
86 -10.6877
224 -14.541
125 -26.1125
172 -6.67682
365 -7.69662
53 -30.5189
865 30.5992
406 -3.75882
708 1.57288
158 -5.18282
294 -5.12119
224 -14.54
558 -0.578796
802 19.3741
141 -6.87421
256 -4.33012
117 -25.8637
253 -4.29674
509 -1.7818
678 0.98291
283 -4.14069
241 -4.35852
247 -4.24605
281 -5.20264
122 -9.50797
865 30.599
756 11.9691
598 -0.193787
341 -9.10843
251 -4.08762
163 -5.33189
786 16.7465
199 -7.07838
180 -5.34
283 -4.14059
380 -17.4617
292 -9.94263
216 -6.26971
596 -0.289185
278 -4.05502
121 -8.4733
865 30.5989
234 -14.3777
696 0.822876
382 -5.85379
509 -1.81961
827 19.5833
820 24.5809
196 -7.07275
142 -6.8727
142 -8.47813
785 18.6295
452 -1.01654
403 -1.67154
163 -5.30777
325 -2.50317
411 -3.258
786 18.8814
785 16.2258
101 -8.50737
277 -10.7706
907 35.739
87 -11.2487
220 -4.4727
244 -12.8148
46 -10.253
243 -13.3956
249 -4.37779
318 -4.03207
352 -8.37088
626 0.387817
757 12.1816
372 -16.2597
608 -0.15918
121 -8.47373
209 -4.636
251 -4.07716
219 -15.7031
345 -2.28503
876 31.7921
876 31.7925
766 13.564
431 -1.34268
895 33.845
596 -0.278015
754 3.07538
509 -1.78137
74 -11.438
86 -10.7005
313 -9.6748
279 -4.99786
559 -0.598389
228 -4.42068
41 -12.6591
129 -9.34903
243 -4.19733
330 -2.86282
322 -3.91861
163 -5.34549
327 -9.98657
259 -11.7277
940 30.0914
183 -8.13753
382 -6.52359
238 -5.50443
65 -12.0681
324 -9.34805
330 -2.86359
74 -11.438
426 -3.29306
235 -4.31381
186 -6.34604
467 -11.5367
255 -12.3192
623 -0.0231323
825 5.90619
281 -11.4814
327 -8.71109
243 -4.19736
330 -2.86447
65 -12.0821
795 19.4537
805 22.8264
188 -6.47643
149 -8.92525
305 -9.88489
196 -7.07272
189 -6.74728
813 20.9321
235 -5.37189
161 -8.00298
227 -14.3272
270 -3.97583
278 -11.6347
200 -6.79352
849 28.8793
80 -8.46371
102 -8.58986
554 -1.45789
179 -5.10066
233 -4.25996
121 -8.47424
274 -11.8069
245 -4.26408
103 -8.96976
283 -10.4341
87 -11.2483
196 -4.8044
325 -2.50323
366 -9.16766
304 -9.41019
626 0.387878
621 -0.0563354
459 -4.55118
49 -61.8122
274 -11.8069
386 -5.11578
149 -8.92416
507 -1.35294
447 -5.30817
561 -0.591064
545 -1.88879
502 -0.696991
259 -12.512
154 -6.77684
365 -2.15866
679 0.976624
447 -5.31012
87 -11.2491
236 -13.128
379 -7.07309
56 -60.6341
117 -25.8641
254 -4.36258
865 30.5992
325 -2.5029
279 -10.7441
239 -4.36758
648 1.81622
173 -5.42259
281 -11.4812
608 -0.158569
572 -0.449097
213 -6.38861
608 -0.159302
102 -10.258
158 -6.99387
537 -1.04126
431 -1.34293
22 -13.6782
121 -8.47307
110 -9.91487
468 -1.55115
325 -2.50293
192 -8.34641
126 -9.32658
251 -4.07301
165 -5.34702
321 -10.0137
210 -4.50603
121 -8.47373
802 19.3748
108 -9.91433
331 -2.89865
334 -7.71426
685 0.963318
25 -50.4646
237 -4.31265
238 -5.50459
224 -14.5414
322 -8.88074
854 29.2395
270 -3.97568
375 -2.12033
765 13.5758
648 1.81598
121 -9.50277
42 -64.3136
768 14.2054
308 -4.1705
149 -8.92537
128 -9.18857
71 -32.2053
421 -1.40381
173 -6.6879
219 -5.47087
380 -2.03571
13 -61.5096
435 -15.4799
708 1.57397
660 0.192627
46 -10.253
247 -12.8891
243 -13.0781
95 -8.90611
191 -4.85965
739 3.80518
175 -6.77612
703 1.40088
132 -7.93204
131 -7.81773
128 -23.3126
509 -1.81964
206 -6.70364
329 -9.79419
122 -9.50829
225 -4.31625
608 -0.0650635
623 -0.0733032
785 18.6272
244 -13.4917
125 -26.1125
290 -9.83023
331 -2.89914
236 -14.5889
738 3.20941
282 -4.10211
331 -2.90201
146 -7.14478
621 -0.00177002
175 -19.0491
895 33.8451
424 -4.05542
46 -10.2529
222 -5.99319
233 -4.26891
231 -14.6284
704 1.35284
44 -21.1988
225 -5.4212
87 -11.2483
243 -4.19748
66 -30.8316
681 0.825012
253 -4.11122
33 -55.7818
176 -5.32393
165 -8.12732
6 -15.7068
556 -0.4198
171 -5.22659
238 -5.50575
96 -9.16962
156 -5.18448
720 1.85352
80 -8.46358
95 -8.90591
233 -4.27971
765 13.3149
231 -4.50667
480 -0.656982
447 -5.3082
101 -8.50703
482 -0.82666
330 -2.86984
586 -0.268982
587 -0.309753
253 -12.5396
344 -2.31235
247 -4.29897
838 7.11652
231 -4.32509
365 -2.15921
254 -4.2523
345 -2.6261
121 -8.4735
626 -0.154602
149 -8.37247
251 -4.08229
233 -4.30247
234 -4.26744
150 -8.88759
353 -9.72922
21 -14.904
707 1.48517
253 -4.17381
384 -5.99863
285 -5.02359
80 -8.46362
795 14.7815
104 -10.7194
325 -9.66727
280 -10.7896
88 -30.8381
121 -8.47375
394 -4.45422
171 -5.3927
480 -7.28796
268 -4.58948
586 -0.262451
320 -3.34448
207 -4.57242
38 -12.8279
345 -2.28528
648 1.81586
804 22.6984
53 -30.5158
263 -4.2175
315 -4.20599
854 29.4621
800 -0.908264
54 -12.1765
565 -0.686035
321 -10.0135
258 -4.26195
182 -6.51772
283 -4.09048
688 0.924011
210 -4.49959
244 -5.43738
584 -0.313477
109 -8.54653
243 -4.25327
272 -4.97549
822 18.4688
76 -9.69912
178 -5.26695
124 -8.16599
175 -5.22401
331 -2.90134
259 -4.32001
210 -4.50528
667 0.81958
325 -2.50317
853 5.77283
46 -10.253
223 -4.33534
157 -8.70328
164 -5.31177
196 -7.07266
8 -14.7804
124 -8.33574
768 14.2388
103 -8.67451
225 -5.8445
572 -0.448914
196 -7.07256
195 -7.22548
270 -3.97549
235 -5.13258
271 -4.54251
380 -6.54984
865 30.5992
127 -8.15275
489 -2.35721
931 38.4168
233 -4.10417
74 -32.294
619 -0.143005
149 -8.91988
411 -3.64499
245 -4.19046
447 -5.3093
517 -1.01965
283 68.506
330 -2.86417
375 -2.12012
608 -0.158752
825 19.4966
230 -5.77321
219 -4.73401
65 -12.0682
257 -4.8679
708 1.57324
221 -4.51807
100 -10.3798
323 -8.94119
831 18.6754
235 -4.69678
584 -0.29834
215 -6.40332
338 -7.78436
234 -4.26221
234 -4.26521
233 -4.10408
141 -7.62611
157 -5.53824
141 -6.87457
447 -5.30945
865 30.5991
754 3.11823
811 21.0464
149 -8.92499
251 -4.07397
225 -4.38689
754 3.11829
785 18.6293
264 -4.04239
260 -4.0956
90 -8.90147
367 -32.7571
200 -6.79379
215 -6.3293
233 -4.28271
117 -8.31731
108 -9.91457
229 -13.1467
168 -6.72273
468 -1.55115
518 -3.90424
518 -3.90399
504 -1.36212
143 -7.26959
143 -8.50522
680 0.781128
585 -0.28125
89 -8.99451
453 -1.02655
171 -6.68163
320 -3.3447
930 28.2492
238 -4.29834
46 -10.253
426 -3.29398
129 -8.08229
428 -3.26346
224 -14.5401
307 -3.94122
931 38.4038
401 -4.04309
244 -4.34906
865 30.5988
121 -8.47342
267 -4.8493
261 -4.20065
207 -4.58099
325 -2.5032
141 -7.63689
331 -2.89917
608 -0.06427
249 -4.17976
96 -30.0813
101 -10.804
324 -8.85876
683 0.977112
53 -30.5175
253 -4.3306
206 -17.4279
174 -6.73221
508 -0.666229
495 -0.771759
300 -9.62213
345 -2.28467
306 -3.83621
210 -4.49883
331 -2.89651
865 30.599
344 -9.05887
122 -9.50861
678 0.982971
390 -1.63565
787 18.9421
180 -5.71071
46 -10.253
191 -4.85966
230 -4.31721
75 -9.7314
849 28.8637
110 -8.46664
196 -7.07262
243 -13.3961
143 -7.31682
117 -25.8641
21 -14.8844
68 -11.8013
89 -9.07511
243 -13.3958
65 -12.0684
304 -5.0563
343 -9.05777
167 -7.63969
143 -8.50508
251 -4.07317
307 -3.94122
259 -12.4402
304 -9.94156
101 -8.81087
34 -57.9378
209 -4.58202
80 -8.46377
186 -5.25113
62 -32.3022
260 -12.5345
53 -30.5187
319 -3.47217
283 -5.55075
24 -14.2643
59 -9.62094
128 -9.15001
190 -7.32314
179 -5.07285
357 -7.72214
727 2.70526
184 -5.32802
220 -4.5006
561 -0.565857
801 22.7895
161 -7.99414
107 -8.52158
171 -7.73642
251 -4.09537
129 -7.94362
68 -11.8045
200 -6.79309
348 -9.44351
727 2.70483
159 -6.63702
169 -5.08189
209 -4.62154
337 -2.49405
537 -1.04156
121 -8.4753
233 -4.27577
235 -4.68724
128 -9.15199
264 -4.047
225 -4.90404
235 -4.68466
679 0.944641
789 17.6367
141 -7.651
684 7.11487
388 -1.77286
216 -6.27303
390 -1.78848
327 -48.0017
336 -7.66815
648 1.81598
509 -1.78174
537 -1.04144
143 -7.1989
141 -7.63617
835 18.6332
294 -10.9292
59 -29.511
25 -14.2267
428 -3.26538
757 12.1815
238 -5.50562
177 -6.30626
251 -4.08754
328 -9.96259
401 -4.03336
232 -4.14705
275 -11.6992
22 -13.676
756 3.2655
231 -4.3672
357 -10.148
359 -9.77753
121 -9.4065
528 -1.15729
397 -4.50092
331 -2.89981
196 -4.80444
8 -15.5499
112 -8.56063
622 -0.154175
792 19.0545
325 -9.66782
89 -16.7677
86 -31.13
235 -4.68517
114 -26.4479
168 -6.71938
730 2.73041
298 -9.6188
248 -4.15195
283 -4.14066
386 -6.21088
13 -61.4784
80 -31.6175
136 -9.01157
141 -7.63869
251 -4.07474
233 -4.10303
174 -6.75572
80 -8.46362
736 2.66357
380 -2.0361
169 -6.69798
168 -5.50314
791 18.2021
149 -8.48621
311 -3.94492
455 -2.93494
104 -10.8238
838 27.2719
785 18.6292
216 -6.27307
853 5.77307
133 -9.13154
345 -9.04346
178 -6.9913
178 -6.97447
367 -26.9604
196 -4.80478
179 -6.83537
218 -4.91452
214 -6.71368
873 31.4747
108 -9.91473
780 15.7265
30 -63.1311
58 -9.94549
230 -14.6923
345 -2.28506
54 -12.1771
520 -1.07129
224 -6.64342
514 -1.02539
585 0.465942
216 -6.27296
224 -14.7531
400 -1.36105
216 -4.72995
243 -4.19748
219 -4.49527
738 3.20691
758 3.44324
170 -6.65349
108 -9.91466
30 -64.0067
169 -6.68311
39 -12.9741
985 23.3171
202 -7.00635
8 -14.782
175 -5.46649
182 -5.30898
373 -2.2587
24 -14.263
98 -8.6399
512 -0.817139
95 -8.70944
141 -7.63689
173 -6.70299
22 -13.7513
464 -0.844543
507 -0.533783
661 0.296387
772 13.6113
235 -5.79279
149 -8.37314
224 -14.5401
365 -7.69562
311 -3.50424
428 -3.2659
196 -4.80527
72 -11.5491
58 -10.2342
294 -5.1217
220 -4.88142
820 17.1138
225 -4.28569
745 -0.594727
171 -6.69009
110 -9.91493
239 -4.18895
155 -21.9751
251 -4.07977
59 -29.5106
46 -61.9048
243 -4.19691
376 -2.13434
176 -7.52295
873 31.4745
464 -0.844513
302 -4.00955
847 20.6121
838 27.2709
141 -6.87399
407 -1.39117
742 4.21039
190 -8.48598
178 -7.0249
141 -7.63763
176 -7.00731
251 -4.31448
297 -4.19751
493 -0.800262
86 -10.8408
120 -8.02189
344 -9.05884
235 -4.68279
331 -2.89917
334 -7.9986
161 -7.99384
754 3.20715
154 -7.23317
160 -9.21237
754 3.07507
650 4.57074
376 -2.13409
70 -11.7692
365 -2.15915
233 -4.19629
127 -8.17062
168 -7.71611
238 -4.26543
168 -6.72122
288 -4.03146
375 -2.12042
22 -13.7531
45 -11.2522
124 -8.33555
135 -7.96226
128 -9.17645
802 19.3746
196 -4.78473
270 -3.97549
825 5.87793
184 -5.28285
390 -4.99179
858 7.64099
121 -8.30453
33 -56.1963
264 -4.62125
307 -3.94171
612 -0.0909424
474 -2.97394
915 27.9316
153 -6.75159
331 -2.90131
10 -20.6886
96 -9.21217
586 -0.341858
498 -2.09174
30 -12.6441
54 -11.0367
453 -1.02872
151 -8.30576
282 -4.0762
177 -19.024
21 -14.4641
23 -13.8224
264 -4.03778
501 -0.604584
134 -7.95879
386 -5.53055
386 -5.06125
360 -2.4758
57 -12.2064
270 -3.9761
159 -5.65466
200 -6.84297
394 -5.77277
49 -10.9116
392 -1.60226
307 -3.9408
304 -5.15015
815 16.9401
152 -7.22685
500 -2.22702
209 -5.19281
261 146.757
102 -8.60072
428 -3.26068
157 -5.16661
70 -9.49848
816 18.3702
138 -22.7023
353 -38.1788
87 -11.249
769 13.3416
216 -6.27299
165 -6.40599
139 -22.3525
760 13.0219
74 -11.4381
67 -33.9295
592 -0.407593
271 -4.50989
200 -6.84479
186 -5.16394
37 -12.4835
17 -15.6169
128 -9.149
411 -1.37643
48 -10.9341
184 -5.45517
294 -10.9338
235 -4.68268
380 -2.03589
307 -10.601
141 -6.87274
304 -5.31396
13 -61.4935
254 -4.22639
191 -4.85974
141 -7.63762
8 -14.7823
431 -1.34293
290 -9.58719
111 -8.44381
193 -7.41722
235 -5.13081
37 -13.2912
440 -3.22357
238 -5.50568
403 -1.62619
87 -11.2481
270 -3.97546
65 -12.0518
391 -1.65213
13 -61.4662
249 -12.6182
476 -2.97208
303 -4.27341
178 -7.02332
440 -1.14359
336 -8.89081
196 -4.78481
76 -9.69063
362 -7.89285
99 -10.3971
58 -10.1158
21 -14.8878
113 -27.2384
460 -0.866333
216 -6.26648
90 -8.94189
502 -0.464661
413 -3.77927
121 -8.47388
278 -11.6415
582 -0.269348
128 -9.14928
213 -11.7048
806 22.9387
98 -8.59883
65 -12.0682
345 -2.28455
183 -5.38112
313 -9.18439
250 -4.24254
78 -11.2982
188 -5.11046
233 -4.27821
206 -6.74132
427 -1.41492
51 -10.7816
708 1.57159
739 3.21112
45 -10.2557
169 -6.68159
442 -3.33881
162 -7.91199
597 -0.319214
406 -3.78571
544 -0.712708
608 -0.06427
124 -8.33671
403 -1.62631
938 30.3115
66 -9.03752
221 -4.41121
183 -8.14992
931 38.417
661 2.49542
39 -12.9531
183 -6.84366
111 -8.4809
394 -5.04282
307 -3.94113
329 -9.43842
136 -7.31207
185 -5.19124
683 6.65808
699 1.36395
331 -2.90057
210 -6.49806
143 -8.50529
22 -13.7525
80 -8.4636
338 -8.53302
931 38.417
727 2.70483
216 -6.26352
58 -10.6557
648 1.81592
101 -8.50723
8 -14.7817
185 -8.34491
175 -7.07799
416 -1.6188
195 -7.22551
609 -0.192139
22 -13.7531
178 -6.55492
114 -8.63471
210 -7.25499
37 -12.49
108 -9.91473
143 -6.8429
141 -7.63838
403 -1.62616
189 -5.478
118 -26.2106
269 -4.57831
141 -6.87328
307 -3.94144
919 28.2106
768 13.3773
739 3.211
216 -6.1922
20 -12.5655
253 -4.2901
301 -4.06689
124 -8.3368
107 -27.1711
43 -11.1892
191 -7.30177
58 -9.94038
800 -0.908203
736 2.6673
934 38.7322
754 3.11938
46 -10.2529
342 -2.66632
865 30.5988
235 -5.13283
187 -5.06404
229 -4.33765
216 -6.26421
295 -4.71643
222 -6.07213
208 -6.80458
25 -14.2663
703 1.40137
301 -4.0567
150 -7.44348
305 -9.78317
329 -2.92056
546 -4.01862
47 -11.1026
186 -5.0134
21 -14.8666
301 -4.09192
853 5.77295
225 -4.30899
174 -6.73958
217 -5.99458
397 -1.4884
126 -8.2253
191 -4.85959
283 -4.14075
758 12.0361
493 -1.4263
267 -4.62598
401 -1.42609
806 22.9365
314 -3.52936
86 -10.8967
96 -30.0793
754 3.07513
476 -0.610657
236 -13.1279
380 -2.03604
200 -6.79242
413 -1.33322
307 -3.94086
154 -7.18993
215 -6.22192
307 -3.94122
169 -6.68242
313 -4.19073
737 2.60046
390 -1.85715
677 1.01093
435 -15.4852
353 -38.1787
704 1.4259
480 -0.63501
224 -14.5407
87 -11.2496
116 -8.63269
159 -8.16777
204 -6.91107
433 -4.72061
200 -6.79344
101 -8.81107
173 -6.62151
585 0.465576
472 -2.83249
302 -4.05246
313 -10.353
649 4.5708
849 28.8633
447 -5.30933
124 -8.33431
294 -4.90982
221 -4.89256
283 -4.14072
426 -3.29434
162 -6.92487
70 -11.741
739 3.2099
115 -8.34283
767 1.17743
509 -1.78177
476 -2.97986
344 -9.05869
260 -12.4364
331 -2.90012
757 12.1804
393 -1.88782
392 -1.89771
159 -8.16776
236 -13.1279
283 -4.14066
882 28.8752
836 9.66217
263 -6.00439
69 -11.7528
210 -4.4982
809 22.7256
128 -9.11529
294 -10.1062
111 -8.50033
232 -4.33284
128 -9.15282
127 -8.14452
45 -10.2545
739 3.21326
648 1.8161
36 -59.9373
108 -9.91405
348 -2.55206
109 -8.63962
518 -3.9046
936 29.6508
283 -4.14029
220 -6.23166
181 -7.15999
274 -11.6936
151 -7.38654
153 -8.2542
390 -1.88171
228 -5.86003
20 -63.4245
369 -7.48557
300 -4.05048
65 -30.5022
128 -9.15249
22 -13.7509
738 3.20972
217 -6.33113
435 -15.4862
141 -7.4821
321 -10.0137
22 -13.7509
58 -12.139
99 -10.4177
426 -3.29428
267 -4.60455
106 -8.69676
116 -8.33542
572 -0.44928
58 -10.4761
141 -7.63647
341 -8.23718
65 -11.9087
30 -12.2409
141 -6.87442
149 -7.60429
922 37.2592
103 -8.9626
940 30.0916
572 -0.449158
174 -6.24988
739 3.21051
169 -6.69797
96 -9.21217
131 -9.1037
283 -4.14066
818 23.8021
27 -14.1145
283 -4.14059
178 -6.16229
350 -8.56705
156 -7.16223
123 -7.90258
361 -2.29294
22 -13.7505
175 -6.89183
672 0.475098
739 3.21033
83 -10.9965
474 -0.637695
299 -9.80325
404 -1.42981
200 -6.79016
353 -38.1784
375 -2.23721
128 -9.15245
873 31.4597
294 -5.1221
108 -9.91415
333 -8.93784
191 -4.85945
380 -2.0365
310 -10.5609
608 -0.0645142
74 -11.4381
307 -3.94107
825 5.90735
724 2.07697
100 -10.3715
87 -11.2489
836 9.66211
659 2.22369
110 -9.91505
173 -6.6884
152 -8.22955
151 -8.29805
143 -8.50534
414 -1.6907
480 -0.657135
359 -2.4957
191 -4.85963
75 -9.74647
825 24.5868
382 -6.44226
15 -15.4786
101 -8.50721
251 -4.07454
42 -64.2925
325 -9.66736
39 -12.9505
105 -8.4799
369 -7.52423
180 -6.3998
32 -77.1144
227 -5.86813
140 -7.88263
283 -4.14062
821 26.3152
365 -2.15759
357 -9.57953
46 -35.9733
435 -15.4935
10 -20.6435
608 -0.15863
253 -5.16728
754 3.07562
295 -4.37222
114 -8.66653
650 4.57062
159 -8.16788
7 -14.5281
855 29.3412
169 -6.69812
397 -1.65524
291 -4.05533
423 -1.3374
189 -7.80034
786 18.8815
348 -2.47592
324 -3.24774
262 -4.78625
754 3.0741
453 -1.02359
365 -2.15894
889 33.1234
278 -11.6358
65 -10.6739
235 -4.49704
684 7.11725
166 -5.54617
32 -77.114
789 18.835
290 -9.02829
512 -1.81454
736 2.66742
69 -8.47424
872 27.6439
738 3.21063
107 -8.61162
875 32.1125
248 -4.88739
152 -8.24625
742 1.67377
310 -10.5526
735 2.89532
306 -3.80487
294 -5.53638
525 -1.68103
129 -9.13175
226 -5.9303
423 -1.39365
366 -2.26984
359 -2.46716
660 0.192017
537 -1.0412
171 -5.71811
843 6.74292
137 -7.80023
118 -8.29382
183 -8.13503
430 -1.37552
143 -8.71381
128 -9.14915
235 -5.13367
842 21.5207
307 -3.94159
418 -1.52756
252 -5.1743
727 2.70508
546 -0.807983
66 -9.80194
888 32.9849
824 24.6011
86 -9.13767
281 -4.08014
54 -11.0351
238 -5.50562
4 -15.4506
78 -11.1053
165 -6.2003
283 -4.05783
406 -1.38031
191 -4.8596
827 18.7234
208 -6.27657
235 -5.13298
424 -4.05408
146 -8.61313
37 -12.928
74 -11.4381
152 -7.39952
152 -6.76913
667 0.817444
330 -2.9328
742 1.67249
222 -16.0654
95 -8.75213
124 -7.8185
183 -8.15517
388 -5.06259
790 19.0035
139 -7.74942
559 -2.85382
172 -6.60698
74 -11.4382
453 -1.02576
423 -1.3884
224 -6.26022
351 -2.50079
141 -7.61961
376 -2.13425
152 -8.24614
58 -11.1157
621 -1.14764
88 -10.5982
221 -6.14072
217 -6.55528
772 13.4563
249 -4.74866
212 -4.65947
376 -6.44678
263 -6.00418
155 -6.80026
890 35.2712
327 -48.1103
301 -4.09412
607 -0.252197
868 9.95703
248 -4.87744
183 -8.14339
304 -3.89371
25 -50.864
168 -6.72169
51 -12.2563
129 -9.26055
111 -8.4434
10 -20.6445
376 -2.13425
58 -9.71757
435 -15.4966
229 -14.7327
518 -1.71326
152 -8.29515
608 -0.15863
325 -2.50305
857 26.0098
15 -14.9422
72 -32.5047
81 -10.978
564 -1.69727
151 -7.38754
789 18.8831
708 1.57397
403 -1.62622
739 3.21082
75 -9.71959
316 -9.52533
210 -17.136
683 6.65997
183 -8.1346
353 -38.1786
447 -5.30957
231 -5.74783
838 7.11841
802 19.3746
347 -8.91663
421 -1.41574
149 -8.92407
472 -1.10135
404 -2.82422
430 -1.47415
486 -0.657227
130 -8.02046
363 -2.29379
397 -1.91187
180 -6.83676
928 27.8693
224 -5.95287
853 5.77325
229 -4.40565
235 -4.68427
162 -6.93855
639 0.0421753
143 -8.50536
151 -8.29681
131 -8.00013
664 5.72327
37 -12.4841
251 -5.26541
138 -7.88928
216 -6.27242
380 -2.03607
359 -2.49789
168 -6.72101
380 -2.03607
6 -15.7063
311 -10.2048
155 -7.04659
80 -31.7551
131 -9.20293
386 -5.06027
179 -5.07385
21 -14.6419
348 -20.4527
607 -0.190002
311 -3.50433
761 13.2645
546 -4.01904
589 -0.287659
279 -4.11414
101 -8.50677
815 5.58173
753 12.0009
111 -8.44337
172 -6.60719
147 -6.9595
143 -6.84529
158 -6.96785
376 -2.13376
269 -4.57013
151 -7.41521
127 -8.14735
416 -1.44543
345 -2.28516
343 -9.05688
276 -4.21997
369 -30.882
392 -5.14536
24 -14.0723
151 -6.91644
126 -7.72123
235 -4.68491
754 3.11816
274 -4.44473
355 -17.3106
19 -15.0961
758 3.43628
111 -8.44305
359 -2.50894
152 -8.30917
527 -1.11475
421 -1.40387
128 -9.15067
430 -1.30328
184 -7.26947
143 -8.50516
54 -11.0353
325 -3.07224
238 -5.50589
24 -14.2764
87 -9.03046
252 -6.40613
770 3.97589
786 18.8814
86 -10.8986
586 -0.272827
22 -13.7536
87 -11.2495
216 -6.26765
71 -9.64534
405 -1.38068
254 -12.3471
332 -9.22482
403 -1.62622
151 -7.39223
376 -2.13391
386 -5.12302
112 -8.72523
374 -2.25458
142 -7.34065
837 18.7161
113 -27.2258
477 -0.558502
127 -8.13243
389 -1.73071
498 -2.07697
10 -20.6459
210 -6.50899
121 -8.47371
200 -6.79224
199 -7.07823
706 1.91058
773 13.5374
182 -6.71979
432 -1.36731
142 -7.38947
365 -2.15768
293 -11.2994
46 -11.1806
197 -7.03506
25 -12.6066
330 -2.87936
202 -7.52942
302 -4.05011
121 -8.21376
180 -6.1978
161 -7.99374
707 1.49689
30 -13.6108
72 -32.5056
76 -56.4897
915 27.8157
66 -10.694
659 0.642517
737 2.60211
211 -5.95576
523 -1.61914
159 -8.16794
32 -11.89
62 -10.8474
124 -8.33621
432 -1.36682
49 -12.7804
141 -7.62204
178 -5.07161
211 -6.03996
350 -2.48123
472 -1.10138
307 -3.94116
99 -10.4194
141 -7.63719
31 -55.3532
197 -7.04335
428 -1.41733
95 -8.71841
373 -2.2847
99 -10.4196
129 -9.17366
207 -8.87952
44 -11.1832
344 -2.54367
211 -6.71416
22 -13.7532
403 -1.62634
967 25.2082
310 -4.17355
608 -0.0651245
740 3.29761
323 -9.45206
181 -6.84036
299 -4.08731
39 -12.9743
353 -38.1777
232 -4.15195
110 -9.91514
809 22.7207
190 -7.3708
44 -11.1845
88 -10.8552
319 -3.43347
25 -14.2694
36 -11.8634
361 -2.44086
315 -10.2101
595 -0.256958
729 2.99902
217 -6.629
128 -9.15283
122 -23.1432
417 -1.42929
116 -26.6534
152 -8.24261
22 -13.7524
342 -2.6026
232 -5.60365
46 -10.2529
238 -5.50589
74 -11.4382
87 -11.2499
768 3.71417
107 -10.064
195 -7.22551
184 -5.92995
54 -12.177
355 -17.3068
116 -8.55275
73 -11.5197
166 -6.77252
786 18.8815
143 -8.50529
114 -27.2112
141 -7.63701
275 -11.7
387 -1.84811
756 12.0607
216 -6.26306
213 -6.27568
758 3.44238
380 -2.03378
133 -9.08239
75 -9.71709
431 -1.34314
111 -8.60374
117 -25.8643
431 -1.34283
424 -4.05408
248 -4.90886
802 19.3747
719 1.69598
233 -4.10301
380 -2.03604
184 -7.326
661 0.4599
109 -8.78683
808 5.33032
382 -6.16534
58 -9.93775
347 -2.47308
802 19.3744
173 -6.70088
135 -8.00246
378 -6.10144
263 -4.78778
162 -6.84628
271 -12.0327
282 -11.644
179 -5.07993
99 -10.3774
127 -8.15623
151 -8.30656
179 -6.66811
373 -6.95898
414 -1.47974
235 -4.68553
459 -0.854706
168 -6.72244
148 -8.66718
447 -1.03729
322 -3.34048
221 -6.09731
294 -10.9328
180 -6.64177
176 -6.0518
379 -18.4395
256 -12.2815
922 37.2594
738 2.55035
323 -3.19208
267 -5.61664
160 -8.10834
37 -13.3308
184 -7.21277
92 -8.61264
96 -10.7548
365 -2.15881
95 -10.7571
931 38.4168
648 1.8158
363 -2.50482
235 -5.13293
806 8.68213
55 -11.0549
416 -1.39066
45 -10.2546
152 -8.24294
229 -14.08
242 -5.42935
122 -8.36632
378 -8.33102
423 -1.33182
76 -10.0006
15 -14.795
8 -14.7815
786 18.8815
173 -6.70143
239 -5.57529
260 -12.5372
482 -0.825348
235 -4.68463
263 -4.6507
108 -9.86563
907 35.7357
128 -9.1527
224 -14.5399
153 -6.7516
969 27.4108
8 -14.7804
22 -13.6789
235 -4.7133
216 -6.2641
57 -10.1707
128 -9.1526
53 -10.5578
229 -5.8226
915 27.832
67 -11.8265
55 -11.0551
98 -10.6753
177 -6.58144
742 1.67242
347 -2.6579
99 -10.4188
970 27.5048
337 -8.06021
143 -7.79732
152 -8.2433
159 -8.16786
825 5.90668
345 -2.50815
18 -13.7812
15 -14.0328
287 -4.41214
161 -7.9939
219 -6.3134
386 -5.05984
101 -8.50723
767 1.21149
828 26.6067
263 -6.00449
208 -6.88254
59 -10.7123
58 -9.99826
67 -11.8263
128 -7.63382
435 -1.24072
246 -5.12044
140 -8.93182
767 1.17688
376 -2.1344
95 -8.9059
283 -4.14062
826 26.641
228 -5.81332
15 -14.8106
408 -1.40802
181 -7.51501
922 37.2592
9 -14.6299
152 -8.27277
253 -5.3065
453 -1.02869
608 -0.158508
38 -13.1049
57 -10.2002
75 -9.71827
110 -8.64729
180 -5.22304
343 -7.3508
246 -5.502
876 31.791
128 -9.14949
739 3.21075
719 1.7337
820 20.8069
261 -5.74973
353 -38.1814
376 -2.23288
71 -9.64582
345 -6.78049
419 -1.42206
247 -4.78606
237 -4.81828
80 -9.33467
136 -7.86658
365 -2.15881
137 -7.23782
16 -14.7802
136 -7.89096
152 -7.54358
421 -1.40393
262 -4.80096
99 -10.4166
148 -6.90901
235 -4.68422
269 -4.41327
404 -1.49835
200 -6.84315
585 0.468872
350 -2.51083
270 -3.97559
92 -8.58684
128 -7.63284
226 -4.45746
103 -8.69129
124 -8.1871
249 -5.26135
358 -2.40158
308 -3.75479
324 -8.87439
159 -8.16789
362 -2.42563
390 -1.69894
468 -1.55142
32 -11.8917
722 -3.41016
152 -7.48822
127 -7.62125
686 0.820557
8 -17.5857
24 -14.3313
200 -7.60635
103 -8.96788
48 -34.4111
382 -5.59094
444 -5.22513
732 2.91382
304 -4.08072
706 1.77258
81 -9.26723
890 35.3617
746 3.65247
778 4.71252
327 -2.71286
726 2.41425
161 -8.0078
151 -7.38667
141 -6.87372
92 -10.7782
494 -5.60406
431 -1.34357
100 -8.62493
387 -1.78577
226 -14.4728
449 -1.14197
31 -12.583
62 -11.9991
259 -4.94435
51 -10.8295
9 -14.8343
22 -13.7508
851 8.42078
326 -2.67114
240 -5.53889
61 -9.54369
43 -12.9581
58 -9.93832
111 -27.7605
212 -6.33099
62 -10.7093
108 -9.96231
146 -7.80777
39 -12.9791
22 -13.7505
257 -5.1684
159 -8.16765
76 -10.3964
404 -4.13031
8 -14.7817
196 -7.07254
103 -8.96814
786 18.8815
585 0.466919
22 -13.7529
65 -10.7431
96 -9.16985
64 -30.4976
21 -14.871
536 -0.985596
117 -8.59875
652 0.453735
1022 31.4026
87 -8.99885
89 -10.8629
450 -3.57861
41 -13.0619
235 -4.71461
887 32.993
343 -9.05719
446 -3.04105
121 -9.13963
99 -10.4213
225 -5.94194
659 0.716309
268 -4.59064
196 -7.07257
108 -9.91472
431 -1.34311
749 2.89514
216 -6.27312
698 8.83789
114 -22.0406
110 -9.91481
918 36.1002
60 -10.0665
315 -334.398
213 -5.31599
58 -9.93818
21 -14.8706
141 -6.87318
103 -8.96457
182 -7.05833
235 -4.71204
179 -6.10298
726 2.55255
461 -2.8154
648 1.8161
662 0.530701
136 -7.96432
121 -8.47411
166 -6.61996
747 2.75647
52 -10.9149
184 -7.22122
420 -1.42419
178 -7.02293
128 -9.15263
727 2.70538
302 -10.6759
131 -9.09386
235 -5.13318
737 2.60132
754 3.07526
531 -1.13965
499 -6.12985
259 -12.5145
627 -1.14423
525 -1.03461
127 -8.13608
145 -7.32025
163 -25.5306
145 -6.97621
378 -2.23056
9 -16.4954
68 -9.84591
178 -7.02354
431 -1.34296
124 -8.33794
31 -12.58
123 -7.93666
183 -8.13496
366 -2.29691
424 -4.05432
659 0.652344
209 -6.65746
250 -5.45354
152 -8.24304
207 -6.88736
412 -1.46893
292 -9.22852
183 -8.15625
460 -0.845947
10 -20.641
133 -9.04843
25 -69.7765
22 -12.1602
260 -4.99185
161 -6.9131
735 -5.34985
369 -2.33408
471 -2.93042
81 -11.0479
365 -2.15866
217 -6.40285
424 -1.39993
173 -6.6219
658 0.452209
585 0.466736
686 0.961853
238 -5.50574
380 -2.03613
143 -8.86057
152 -7.48831
426 -1.41202
467 -1.19205
431 -1.34338
433 -1.2244
65 -10.2657
127 -8.144
923 36.2728
353 -2.4939
43 -11.7888
101 -8.50717
60 -12.0311
474 -2.95938
736 2.66754
37 -12.5021
64 -12.2082
135 -25.2004
71 -9.64503
141 -6.87321
332 -2.74081
74 -10.1487
159 -8.16786
242 -5.46428
341 -9.78763
62 -12.0001
99 -10.4188
344 -20.7352
143 -7.86797
135 -7.47571
44 -11.1835
481 -0.656433
435 -15.4868
92 -8.82177
32 -77.1227
32 -11.89
292 -4.09412
431 -1.34329
258 -5.06415
233 -13.9314
702 1.22437
183 -6.84065
225 -5.87996
91 -8.80579
55 -11.0552
249 -5.24785
190 -7.44279
698 8.83929
1022 31.4028
752 11.9985
383 -18.0945
296 -4.07837
234 -5.56055
240 -5.03171
46 -12.5679
408 -1.66483
375 -2.12042
235 -4.68427
10 -20.6832
742 1.67249
262 -12.4554
352 -2.43137
43 -11.9456
263 -6.00412
52 -10.5295
151 -7.39056
518 -3.89917
10 -20.6916
460 -3.22186
759 3.37988
58 -9.93813
573 -0.248535
91 -8.81786
468 -4.09842
466 -0.792511
45 -10.2542
824 24.9947
109 -9.93155
45 -10.6004
21 -14.3671
99 -10.4196
227 -5.81763
380 -2.03622
127 -8.14347
121 -8.47332
10 -13.8815
345 -2.65298
839 6.33087
159 -8.16786
447 -5.30969
143 -8.50528
660 0.574402
323 -3.09338
14 -77.5824
463 -1.27356
250 -5.20729
249 -5.45224
380 -2.03644
363 -2.2933
875 31.6998
2 -13.1866
809 22.7252
56 -11.0793
128 -9.14989
111 -8.87162
626 0.38739
11 -14.3066
95 -10.7441
297 -101.416
82 -9.45206
71 -9.86094
238 -5.58003
184 -6.54707
15 -12.792
178 -7.02313
67 -9.65241
178 -7.0228
121 -7.99133
16 -14.7827
465 -0.867767
464 -0.844757
25 -14.267
152 -8.24666
85 -8.8767
96 -30.0809
431 -1.31357
291 -4.05331
352 -8.09628
37 -12.483
20 -69.178
375 -6.72415
46 -12.1309
853 5.77338
196 -7.07256
708 1.57373
706 1.77252
78 -10.5787
235 -4.68497
235 -5.13258
103 -26.884
458 -5.30069
157 -40.8771
141 -7.62288
13 -61.4806
257 -5.22305
122 -8.36893
208 -6.76205
235 -5.13269
300 -11.5401
365 -2.15891
355 -2.36884
176 -7.52448
419 -1.48904
22 -14.4899
181 -5.70975
326 -3.14127
13 -61.4963
57 -12.1747
722 1.91046
289 -4.03403
246 -4.1519
347 -2.39392
336 -2.66629
41 -11.8385
825 25.2565
2 -16.7335
403 -1.62625
350 -8.67529
129 -8.02014
380 -2.03619
289 -4.99899
477 -0.648895
81 -11.1417
231 -5.73137
284 -4.10718
87 -9.01292
123 -9.41957
638 1.27087
21 -14.8827
802 19.374
50 -12.4695
11 -22.6464
525 -1.40997
920 36.1027
235 -5.13313
112 -8.60923
148 -5.86716
63 -12.1355
722 -3.40985
18 -71.8962
96 -9.17009
32 -64.0541
73 -11.469
224 -14.5401
730 2.617
353 -2.47324
9 -14.4879
353 -2.48782
22 -13.6769
151 -7.65918
754 3.1189
1132 25.2164
88 -10.8445
21 -14.8823
90 -8.9088
161 -8.02876
438 -1.20654
210 -4.86664
157 -8.15277
684 7.11713
745 -6.06934
328 -2.84732
928 28.5324
235 -4.68532
491 -2.3251
216 -6.27309
151 -7.3873
572 0.0308838
96 -9.16959
127 -8.23537
485 -6.6275
143 -8.5052
83 -11.0015
447 -5.30814
80 -9.79865
101 -8.50672
53 -11.1326
929 28.7845
95 -8.91256
248 -5.06323
822 21.35
230 -13.9088
497 -2.02478
172 -7.67044
435 -15.4897
413 -3.77921
251 -5.33173
468 -1.55103
128 -9.15439
809 22.7211
248 -5.30989
772 13.8281
283 -4.14069
54 -12.1765
815 5.60803
100 -10.3272
461 -2.81537
44 -12.6778
115 -8.34015
43 -11.1905
100 -10.5855
228 -5.79738
119 -8.48885
365 -2.15768
495 -5.67868
80 -8.4636
39 -12.9749
833 18.0884
754 3.10663
88 -10.5983
235 -5.1333
231 -13.2519
77 -9.95139
69 -10.4465
375 -6.90521
395 -5.70618
317 -3.38339
86 -9.39848
185 -7.26918
182 -7.49207
468 -0.847687
110 -9.91464
37 -12.491
472 -1.10147
294 -10.9337
68 -33.8039
63 -10.7398
151 -7.38739
381 -1.97501
127 -8.08594
188 -5.7868
815 5.5163
262 -4.75159
98 -10.2897
253 -5.81302
74 -11.4381
418 -1.56332
351 -8.67285
747 2.901
364 -2.39273
78 -10.3357
722 -3.4126
250 -12.5012
91 -8.82841
172 -6.60503
346 -8.7999
96 -8.88448
722 -3.41193
106 -28.7749
99 -10.4178
586 -0.341919
84 -9.36221
100 -10.5933
524 -3.51703
21 -14.8802
969 27.5001
410 -1.67661
125 -9.36166
74 -11.4381
124 -8.337
745 -6.06464
354 -8.1041
158 -7.0472
386 -1.89651
161 -8.00578
247 -5.05347
745 -6.06635
88 -8.93463
58 -9.93819
254 -5.26811
333 -8.23532
21 -14.869
621 -0.109985
841 19.2044
767 1.2085
841 19.2042
281 -4.04181
88 -10.5983
609 -0.871521
265 -4.70862
62 -12.0001
54 -11.0384
75 -9.49557
371 -8.70557
88 -10.5983
460 -3.30914
44 -11.6541
738 2.78381
32 -11.8915
211 -6.69398
27 -12.239
96 -10.7315
179 -6.52072
13 -61.5045
46 -11.1828
38 -13.0308
458 -0.84848
328 -2.86203
788 1.00488
442 -1.11206
80 -8.46375
841 19.2043
151 -7.3873
128 -7.61267
123 -9.40471
53 -35.945
20 -14.2116
267 -11.9178
124 -8.33674
2 -64.4964
634 2.73749
8 -9.34824
472 -1.10144
830 19.016
740 3.29718
10 -20.6472
452 -5.30142
38 -13.2914
168 -6.72266
89 -8.91382
255 -5.2365
52 -12.4326
402 -1.62628
381 -14.1841
25 -14.2667
426 -1.35809
447 -5.30801
330 -2.88193
943 30.3301
6 -15.7086
242 -5.46393
95 -8.90506
724 2.24316
428 -1.36423
96 -9.16961
186 -7.07051
736 2.66748
22 -12.6684
267 -4.67566
73 -11.4429
294 -10.9335
191 -4.85973
121 -9.50996
44 -11.1841
143 -8.5052
79 -9.408
25 -14.2269
5 -16.9643
147 -7.78629
89 -10.7578
54 -11.0365
386 -1.81003
868 9.95013
340 -2.64807
767 14.0507
77 -9.44627
491 -0.495117
211 -6.30841
227 -6.37848
168 -7.24577
235 -5.13271
415 -1.44202
876 29.8528
62 -11.9993
862 21.5224
62 -11.9992
841 19.2044
708 2.05658
140 -24.5625
126 -7.69714
110 -8.53825
32 -77.1514
353 -38.178
43 -12.7568
252 -5.93779
235 -5.13347
128 -9.15282
805 22.8262
74 -11.4381
147 -8.70036
152 -7.48782
109 -9.93162
810 23.1503
203 -7.18282
431 -1.31729
206 -17.2714
75 -9.57265
249 -5.50545
75 -9.66414
142 -8.90448
67 -9.22217
353 -38.1779
25 -14.246
794 18.9979
113 -8.39816
392 -22.3129
23 -12.1046
108 -9.91414
98 -8.6723
80 -8.46349
80 -8.4636
143 -7.5596
25 -50.6232
970 27.544
564 -1.04755
141 -24.7768
585 0.468384
809 22.7262
353 -2.30026
67 -10.706
195 -7.22559
821 24.8054
43 -11.1899
80 -8.46387
32 -11.8899
58 -9.93854
11 -22.6355
565 0.950989
509 -2.50436
6 -15.7068
249 -4.8522
805 22.8261
863 11.663
736 2.6665
115 -8.33106
6 -15.7095
141 -7.89792
150 -7.35394
46 -10.2531
15 -12.937
947 30.8033
507 -4.73508
777 15.2677
235 -5.13266
44 -66.3941
384 -1.88669
156 -7.25179
832 5.71936
16 -14.7831
297 -12.4024
339 -2.64423
141 -7.63719
392 -1.59134
789 18.9302
249 -4.89661
444 -1.13617
49 -12.6073
96 -9.16972
421 -1.45956
354 -2.51645
37 -12.4852
836 9.66193
201 -7.02646
817 5.80566
121 -9.50246
785 18.6321
345 -2.58102
472 -2.90356
141 -6.87402
80 -8.46377
76 -9.67283
435 -1.21893
178 -5.07161
21 -14.8833
151 -7.38724
319 -3.51346
103 -26.9188
824 5.88641
369 -27.2247
11 -14.5304
608 -0.15863
117 -25.8638
253 -5.98297
80 -9.34935
87 -11.2481
461 -2.81555
394 -1.63348
272 -11.6597
375 -2.12006
294 -5.53696
16 -15.9312
46 -69.4261
352 -8.31653
101 -10.3088
758 3.35577
80 -8.46372
263 -6.00424
495 -0.469147
128 -7.63367
4 -15.5329
450 -5.33945
435 -15.4949
635 -0.0612793
491 -5.95572
374 -6.87778
56 -12.3133
99 -8.68552
18 -14.2985
178 -6.3887
295 -12.6675
45 -10.254
151 -7.66046
446 -0.995911
111 -8.44321
60 -34.4012
742 1.67273
74 -11.438
477 -2.92957
128 -9.1496
299 -10.4677
44 -11.2894
128 -8.05097
54 -12.4028
199 -7.07831
240 -5.47102
971 27.5908
363 -2.39099
134 -8.74226
295 -12.6663
183 -8.16057
922 37.259
37 -12.4835
80 -8.46375
151 -7.38742
640 0.0122681
219 -6.60147
403 -1.62625
71 -9.56749
106 -8.74589
295 -10.8262
325 -3.44232
128 -25.4333
758 3.38684
124 -8.33573
286 -5.21243
447 -5.30966
86 -9.1461
54 -11.039
299 -4.63742
178 -7.02338
837 5.99097
143 -8.84914
75 -9.72694
159 -6.99133
284 -4.71439
349 -2.40094
876 29.8533
737 2.60229
431 -1.34286
39 -12.9745
55 -10.1772
210 -6.48711
89 -10.6957
21 -14.884
28 -13.7042
908 24.2261
433 -1.3092
62 -11.9997
431 -1.34344
5 -16.9084
239 -5.49028
82 -9.61411
464 -1.12289
98 -10.677
390 -5.66739
246 -4.79977
555 -0.670166
414 -1.55768
742 1.67194
79 -11.302
152 -7.48679
87 -9.05074
11 -22.643
639 0.0423584
17 -14.3009
9 -20.0829
101 -8.50754
378 -2.22253
827 20.1461
463 -0.818787
585 0.465454
183 -8.13437
101 -28.0829
411 -1.61017
876 29.8527
51 -12.5269
64 -12.1059
96 -9.16994
296 -10.1497
825 5.9079
204 -7.72762
347 -2.56863
766 2.87628
922 37.2593
200 -7.01155
406 -21.6031
462 -1.41617
347 -9.33005
464 -0.88739
32 -11.8902
651 0.154846
173 -6.61349
841 19.2042
373 -2.24066
971 27.5366
171 -6.2332
349 -9.36893
126 -8.21398
556 -0.638184
135 -7.59727
100 -28.2603
248 -4.87947
244 -5.13531
243 -13.0779
335 -2.57022
145 -18.3212
414 -1.55762
59 -29.511
376 40.3777
8 -14.8713
11 -22.4944
118 -8.4957
48 -12.3897
608 -0.159485
44 -40.3864
298 -4.58386
1008 32.2326
21 -14.9021
51 -12.4111
371 -2.20517
64 -9.55746
256 -5.23999
274 -4.20517
295 -5.40289
65 -10.598
270 -11.7209
414 -2.53946
565 -0.561584
30 -13.5787
795 21.2318
778 2.5697
332 -2.74728
85 -9.14223
273 -5.64667
221 -5.41994
32 -11.8902
797 21.478
178 -7.02449
183 -5.39673
468 -4.09949
152 -8.24783
22 -13.753
11 -22.6716
620 -0.115784
650 4.57074
559 -2.49573
637 0.766113
931 38.3417
22 -13.7527
672 6.95465
152 -8.1219
335 -2.72849
860 21.2888
110 -9.91452
51 -12.6413
447 -5.3078
273 -4.42709
93 -8.74895
55 -11.054
698 8.83832
155 -7.24399
91 -8.89195
95 -10.5877
37 -63.2699
437 -5.41962
178 -7.02303
79 -9.8428
101 -8.50741
608 -0.0651855
96 -9.1693
99 -10.4275
20 -12.7225
971 27.6151
733 -4.4693
764 3.72607
766 2.87646
111 -8.58536
104 -10.1523
335 -2.8331
221 -5.22491
219 -6.17551
108 -8.66743
865 30.5992
29 -12.8865
338 -10.0183
154 -7.05832
72 -32.5044
95 -8.91261
468 -4.09961
21 -14.8924
441 -1.06158
403 -1.62634
405 -1.51974
70 -10.4232
331 -2.69415
435 -2.09604
507 -5.12747
440 -3.1402
385 -1.88239
479 -11.094
32 -11.6819
54 -11.0389
294 -5.53662
38 -12.9216
156 -6.78542
117 -8.29908
829 18.8918
62 -11.9295
408 -1.61166
47 -11.2859
353 -2.30252
413 -3.77924
54 -12.177
772 17.3722
323 -8.86285
221 -6.58955
465 -0.867615
355 -2.47702
25 -14.2662
47 -12.7164
333 -2.75043
137 -32.3558
99 -8.72018
50 -11.1304
77 -10.3526
44 -11.2732
713 -0.435486
375 -2.12039
403 -1.62619
601 -0.24176
480 -0.658051
87 -11.2493
320 -3.31424
52 -79.6321
402 -4.39444
370 -2.26077
118 -8.33585
677 0.91864
453 -1.02432
755 0.511841
380 -2.03366
838 7.11932
161 -8.00494
319 -3.3707
939 29.1492
424 -1.41284
465 -0.867706
713 -0.55957
118 -8.6777
41 -13.0025
111 -8.4421
722 -3.41144
435 -15.4936
38 -12.9862
200 -17.7525
22 -14.1326
14 -60.5264
319 -3.52579
74 -9.64761
460 -1.14783
125 -26.1119
250 -11.7438
221 -6.09172
30 -13.3766
232 -5.98645
762 2.87103
378 -6.6792
75 -10.8162
249 -4.85265
279 -4.29404
151 -7.38719
328 -2.8797
77 -11.0172
736 2.66681
87 -11.2491
58 -9.9985
109 -8.57082
159 -7.05052
149 -7.58157
465 -1.11154
43 -11.189
8 -14.874
283 -4.05609
25 -14.2258
22 -13.7531
786 18.938
366 -37.2212
118 -9.34866
17 -12.7954
967 25.2087
54 -12.1766
133 -7.79587
851 8.42352
414 -18.1983
365 -2.15872
164 -7.39699
223 -5.91959
737 2.6004
128 -9.15007
128 -9.15215
124 -8.33585
212 -21.8063
241 -5.57001
16 -16.1867
69 -11.8828
124 -9.41901
210 -6.47958
87 -11.2492
329 -2.81659
112 -22.4063
141 -7.81039
381 -17.3161
402 -5.70953
403 -1.62622
130 -8.69331
403 -1.62616
41 -11.2495
104 -8.56449
70 -11.6903
81 -11.2036
78 -11.0825
154 -6.23686
966 27.1245
377 -6.66498
815 5.58374
183 -7.46898
57 -11.1353
491 -0.459198
108 -9.91469
112 -74.4735
33 -13.2359
114 -22.116
103 -8.96507
468 -4.0983
103 -8.96807
294 -4.12521
353 -38.1755
32 -11.8903
760 1.17877
121 -8.47379
95 -8.90555
346 -8.7999
124 -8.3363
21 -14.888
154 -7.44504
668 -2.24786
170 -6.5051
354 -2.48468
376 -2.13437
397 -5.70691
345 -2.47049
55 -11.0553
421 -1.40613
659 0.704773
40 -13.1714
238 -5.5206
73 -9.49661
626 0.387085
108 -9.04521
123 -8.26231
70 -10.5453
847 10.0093
773 12.9655
236 -5.56177
401 -4.03421
8 -14.8746
278 -4.15817
296 -4.07935
888 11.5386
767 1.21222
753 12.0453
21 -13.1551
327 -2.88452
382 -18.3169
265 -4.4953
101 -8.81075
171 -7.60744
320 -9.45389
236 -13.1279
742 1.67188
137 -32.2869
182 -7.55428
129 -8.06859
109 -28.5934
135 -7.7298
355 -17.3078
103 -8.95113
128 -25.5293
55 -11.0551
194 -7.03435
15 -70.096
78 -9.52982
339 -2.49857
958 25.5457
41 -12.9216
103 -8.95162
80 -10.8561
109 -9.93198
12 -13.0757
413 -3.77921
59 -29.5102
33 -13.0326
527 -8.35858
54 -12.1765
403 -1.62619
464 -0.846771
93 -10.8362
130 -7.83617
227 -5.75529
253 -5.22974
365 -2.15747
347 -2.56601
121 -8.47244
380 -9.75742
442 -3.08136
295 -4.89093
227 -6.55432
532 -7.38885
408 -4.06485
553 -0.676025
35 -13.2786
536 -2.42163
30 -13.4126
777 2.17676
150 -7.39526
119 -9.62511
102 -10.4302
76 -56.5307
183 -8.13521
288 -3.99622
124 -8.33539
236 -13.1278
32 -11.8904
55 -11.0203
32 -11.8918
32 -11.892
908 24.2316
86 -9.06931
116 -9.53577
391 -4.91165
111 -8.44312
232 -13.9876
38 -13.001
219 -6.19215
487 -10.4405
421 -1.45245
493 -5.94955
32 -11.89
252 -4.84906
124 -8.33396
52 -10.6878
31 -12.5911
398 -5.7319
101 -8.50755
845 21.1575
87 -10.6113
603 -0.253418
53 -10.4781
356 -2.49084
738 3.21039
75 -9.7287
71 -10.3631
44 -11.1824
614 -1.98914
737 2.60065
101 -8.81091
4 -15.3328
54 -11.2469
340 -2.68542
22 -12.8359
30 -11.3022
742 1.67267
495 -0.618561
330 -2.50827
31 -12.6028
832 18.7668
370 -18.4031
503 -0.522949
338 -2.62717
839 6.16583
96 -30.083
549 -0.757446
25 -14.2663
449 -14.5782
77 -10.1982
820 5.44128
816 20.9784
757 0.638977
278 -4.22171
183 -7.49493
55 -11.0552
108 -9.91389
317 -37.6592
372 -31.1387
850 28.8826
722 -3.41327
972 27.6262
355 -2.31998
390 -5.10568
95 -8.90556
124 -8.33618
808 22.6763
764 12.2543
113 -9.77731
947 30.8032
263 -6.00439
270 -4.58884
660 0.188782
113 -9.72668
318 -3.48807
149 -7.79523
909 28.6174
164 -7.24821
111 -8.4428
631 1.04462
658 0.780212
172 -6.70647
638 0.0741577
81 -10.0047
263 -6.00427
826 18.9846
714 1.53571
72 -98.3914
43 -62.5382
966 27.1244
940 30.0914
141 -22.4856
455 -11.6775
30 -10.7875
55 -11.0558
724 2.25635
76 -11.2583
16 -15.1665
133 -23.6998
874 11.8004
421 -17.5977
534 -3.21741
836 5.7356
172 -43.8248
82 -10.9935
832 5.71259
751 0.345947
86 -10.7325
87 -11.2496
766 2.87628
55 -11.055
720 1.95422
32 -10.8919
595 0.854614
5 -16.963
46 -12.9412
205 37.9739
373 -32.5982
21 -12.5013
544 -2.62012
425 -1.3277
341 -2.44431
639 -0.00494385
43 -12.9756
236 -13.1278
623 -0.127625
53 -30.5176
766 2.8772
427 -1.30112
338 -9.16034
199 -7.07826
78 -9.46468
446 -15.4775
346 -2.46875
238 -5.50427
1 -71.1043
123 -8.2463
211 33.3626
786 18.8814
235 -5.13199
155 -7.32597
421 -1.40417
337 -38.0418
61 -12.0748
412 -9.05945
202 -8.03741
103 -8.72018
14 -60.479
88 -10.6003
766 2.87665
480 -0.661621
784 15.6302
72 -10.4373
66 -11.2653
103 -8.95049
150 -7.12086
111 -8.44421
390 -5.66336
902 13.6003
767 5.04669
110 -9.62075
789 0.944031
811 5.44836
83 -10.414
159 -8.16785
754 3.11981
80 -8.46388
84 -9.53751
70 -9.68778
371 -81.7294
565 0.366882
19 -13.6415
171 -6.69002
441 -4.01224
1008 32.2332
866 5.26892
109 -8.60585
794 18.3417
17 -15.3946
32 -11.8916
202 -17.3098
209 35.5231
908 24.2278
236 -4.25868
78 -50.9497
656 0.350403
93 -10.5342
248 -4.92947
785 2.31305
867 5.69025
453 -1.02304
101 -8.69968
922 37.4913
344 -2.52121
111 -8.44277
824 18.8536
352 -8.06592
836 9.66284
722 -3.41077
551 1.96106
759 0.705078
19 -13.8122
468 -1.55136
358 -2.25101
782 15.9841
795 14.7811
37 -13.1832
61 -9.80318
876 29.8533
52 -10.7495
544 -1.63544
117 -22.3401
493 -11.8364
406 -1.60928
339 -38.527
727 2.70532
518 -3.90442
111 -8.51143
61 -11.6124
935 29.4872
172 -43.8183
62 -10.5935
54 -12.1765
375 -20.8941
338 -8.94489
518 -3.9043
120 -8.48321
338 -2.73141
796 18.2958
47 -12.1827
671 7.02545
380 -9.46396
796 5.11761
108 -9.97068
184 -7.44308
137 -7.58821
568 -0.547913
541 -0.711487
96 -30.0819
15 -14.2185
77 -56.1282
95 -8.90515
4 -15.3193
518 -3.90411
175 -6.53841
800 -0.908508
264 -4.65875
197 -7.66733
401 -5.68207
126 -8.0782
45 -12.9609
143 -8.83473
235 -5.13327
494 -5.67697
186 -6.87296
729 2.50952
71 -9.6453
403 -1.62625
719 1.93121
330 -2.76309
82 -9.29596
412 -25.1953
868 9.95026
908 24.2266
261 -4.72919
34 -13.5175
72 -9.69164
64 -10.7811
307 -3.94162
726 2.36438
471 -0.723419
671 0.6604
62 -11.9993
327 -48.0129
431 -1.2944
863 11.6638
780 16.286
842 5.77173
5 -16.9604
82 -9.73232
172 49.92
413 -3.77936
796 21.0146
390 -5.66754
7 -13.1213
34 -10.5384
49 -62.7117
366 -2.27078
928 36.6288
667 -5.02545
308 -219.655
516 -1.78613
151 -7.74057
786 18.8815
929 28.5273
814 23.3567
22 -13.7535
378 -19.6682
890 32.1733
35 -13.3268
785 18.6305
77 -56.1366
14 -14.3423
661 0.616089
341 -2.58197
59 -10.2237
